NBP2113_155081_ctd/data/nbp2113_053.ros
* Sea-Bird SBE 9 Data File:
* FileName = D:\Data\raw\NBP2113_053.hex
* Software Version Seasave V 7.26.7.121
* Temperature SN = 2438
* Conductivity SN = 2067
* Number of Bytes Per Scan = 40
* Number of Voltage Words = 5
* Number of Scans Averaged by the Deck Unit = 1
* NMEA Latitude = 64 53.78 S
* NMEA Longitude = 064 39.15 W
* NMEA UTC (Time) = Dec 11 2021  18:56:20
* NMEA baud rate = 9600
** Ship: RVIB N.B. Palmer
** Cruise: NBP2113 LTER
** Station: 595.052
** Operator: S. Blackman
# nquan = 20
# nvalues = 490                                   
# units = specified
# name 0 = prDM: Pressure, Digiquartz [db]
# name 1 = depSM: Depth [salt water, m]
# name 2 = t090C: Temperature [ITS-90, deg C]
# name 3 = c0mS/cm: Conductivity [mS/cm]
# name 4 = t190C: Temperature, 2 [ITS-90, deg C]
# name 5 = c1mS/cm: Conductivity, 2 [mS/cm]
# name 6 = sbeox0ML/L: Oxygen, SBE 43 [ml/l]
# name 7 = sbeox1ML/L: Oxygen, SBE 43, 2 [ml/l]
# name 8 = flECO-AFL: Fluorescence, WET Labs ECO-AFL/FL [mg/m^3]
# name 9 = CStarTr0: Beam Transmission, WET Labs C-Star [%]
# name 10 = par: PAR/Irradiance, Biospherical/Licor
# name 11 = latitude: Latitude [deg]
# name 12 = longitude: Longitude [deg]
# name 13 = timeJ: Julian Days
# name 14 = altM: Altimeter [m]
# name 15 = spar: SPAR, Biospherical/Licor
# name 16 = timeS: Time, Elapsed [seconds]
# name 17 = scan: Scan Count
# name 18 = nbf: Bottles Fired
# name 19 = flag:  0.000e+00
# interval = seconds: 0.0416667
# start_time = Dec 11 2021 18:56:20 [NMEA time, header]
# bad_flag = -9.990e-29
*END*
[from data line 362]
     75.391     74.639    -0.0158  28.499691    -0.0226  28.494431     6.3408     6.3886     0.0875    91.1377 1.4007e+00  -64.89646  -64.65294 345.809557      99.98 7.5451e+02   1765.708      42378          8  0.000e+00
     75.391     74.639    -0.0144  28.501025    -0.0213  28.493127     6.3442     6.3962     0.0875    91.1377 1.4065e+00  -64.89646  -64.65294 345.809557      99.98 7.5451e+02   1765.750      42379          8  0.000e+00
     75.336     74.585    -0.0146  28.502359    -0.0160  28.494147     6.3432     6.3983     0.0875    91.1377 1.4065e+00  -64.89646  -64.65294 345.809558      99.98 7.5451e+02   1765.792      42380          8  0.000e+00
     75.391     74.639    -0.0177  28.501838    -0.0116  28.497659     6.3517     6.3997     0.0875    91.1377 1.4065e+00  -64.89646  -64.65294 345.809558      99.98 7.5451e+02   1765.833      42381          8  0.000e+00
     75.336     74.585    -0.0190  28.499111    -0.0090  28.501909     6.3554     6.4011     0.0875    91.1377 1.4123e+00  -64.89646  -64.65294 345.809559      99.95 7.5451e+02   1765.875      42382          8  0.000e+00
     75.288     74.537    -0.0201  28.498009    -0.0085  28.506726     6.3517     6.4028     0.0875    91.1377 1.4123e+00  -64.89646  -64.65294 345.809559      99.95 7.5451e+02   1765.917      42383          8  0.000e+00
     75.336     74.585    -0.0241  28.497255    -0.0090  28.508596     6.3556     6.4103     0.0875    91.1377 1.4123e+00  -64.89646  -64.65294 345.809560      99.98 7.5451e+02   1765.958      42384          8  0.000e+00
     75.336     74.585    -0.0252  28.495109    -0.0088  28.509389     6.3635     6.4131     0.0875    91.1377 1.4123e+00  -64.89646  -64.65294 345.809560      99.98 7.5451e+02   1766.000      42385          8  0.000e+00
     75.288     74.537    -0.0214  28.493252    -0.0077  28.506952     6.3719     6.4158     0.0802    91.1377 1.4123e+00  -64.89646  -64.65294 345.809561      99.98 7.5451e+02   1766.042      42386          8  0.000e+00
     75.288     74.537    -0.0154  28.494006    -0.0068  28.507235     6.3765     6.4184     0.0655    91.1377 1.4182e+00  -64.89646  -64.65294 345.809561      99.93 7.5451e+02   1766.083      42387          8  0.000e+00
     75.288     74.537    -0.0112  28.500502    -0.0068  28.510182     6.3854     6.4199     0.0582    91.1119 1.4182e+00  -64.89646  -64.65294 345.809562      99.95 7.5451e+02   1766.125      42388          8  0.000e+00
     75.350     74.598    -0.0088  28.508567    -0.0076  28.510466     6.3898     6.4217     0.0582    91.1377 1.4182e+00  -64.89646  -64.65294 345.809562      99.98 7.5451e+02   1766.167      42389          8  0.000e+00
     75.240     74.490    -0.0073  28.511757    -0.0097  28.509389     6.3929     6.4236     0.0582    91.1377 1.4182e+00  -64.89646  -64.65294 345.809563      99.98 7.5451e+02   1766.208      42390          8  0.000e+00
     75.288     74.537    -0.0064  28.512570    -0.0111  28.508029     6.3975     6.4253     0.0582    91.1377 1.4182e+00  -64.89646  -64.65294 345.809563      99.98 7.5451e+02   1766.250      42391          8  0.000e+00
     75.288     74.537    -0.0064  28.513382    -0.0106  28.507236     6.4077     6.4320     0.0582    91.1377 1.4182e+00  -64.89646  -64.65294 345.809564      99.98 7.5451e+02   1766.292      42392          8  0.000e+00
     75.288     74.537    -0.0065  28.513904    -0.0092  28.508029     6.4118     6.4338     0.0582    91.1377 1.4241e+00  -64.89646  -64.65294 345.809564      99.98 7.5451e+02   1766.333      42393          8  0.000e+00
     75.240     74.490    -0.0068  28.513672    -0.0082  28.508822     6.4214     6.4355     0.0655    91.1119 1.4241e+00  -64.89646  -64.65294 345.809565      99.98 7.5451e+02   1766.375      42394          8  0.000e+00
     75.240     74.490    -0.0070  28.514310    -0.0071  28.510976     6.4218     6.4369     0.0582    91.1377 1.4241e+00  -64.89646  -64.65294 345.809565      99.95 7.5451e+02   1766.417      42395          8  0.000e+00
     75.288     74.537    -0.0067  28.513904    -0.0063  28.512563     6.4321     6.4384     0.0582    91.1634 1.4241e+00  -64.89646  -64.65294 345.809565      99.98 7.5451e+02   1766.458      42396          8  0.000e+00
     75.288     74.537    -0.0058  28.514485    -0.0057  28.512619     6.4418     6.4398     0.0582    91.1377 1.4241e+00  -64.89646  -64.65294 345.809566      99.98 7.5628e+02   1766.500      42397          8  0.000e+00
     75.240     74.490    -0.0053  28.515007    -0.0062  28.512279     6.4410     6.4466     0.0582    91.1377 1.4241e+00  -64.89646  -64.65294 345.809566      99.98 7.5451e+02   1766.542      42398          8  0.000e+00
     75.288     74.537    -0.0045  28.515819    -0.0077  28.512563     6.4513     6.4479     0.0655    91.1377 1.4300e+00  -64.89646  -64.65294 345.809567      99.93 7.5451e+02   1766.583      42399          8  0.000e+00
     75.240     74.490    -0.0041  28.516051    -0.0074  28.511769     6.4568     6.4488     0.0582    91.1377 1.4241e+00  -64.89646  -64.65294 345.809567      99.95 7.5451e+02   1766.625      42400          8  0.000e+00
     75.288     74.537    -0.0038  28.516631    -0.0074  28.512053     6.4607     6.4495     0.0582    91.1377 1.4300e+00  -64.89646  -64.65294 345.809568      99.98 7.5451e+02   1766.667      42401          8  0.000e+00
     75.247     74.496    -0.0028  28.516631    -0.0085  28.512336     6.4582     6.4510     0.0582    91.1377 1.4241e+00  -64.89646  -64.65294 345.809568      99.98 7.5451e+02   1766.708      42402          8  0.000e+00
     75.288     74.537    -0.0031  28.517386    -0.0086  28.511203     6.4671     6.4523     0.0582    91.1377 1.4300e+00  -64.89646  -64.65294 345.809569      99.98 7.5451e+02   1766.750      42403          8  0.000e+00
     75.288     74.537    -0.0034  28.517560    -0.0082  28.510182     6.4756     6.4525     0.0582    91.1377 1.4300e+00  -64.89644  -64.65294 345.809569      99.98 7.5451e+02   1766.792      42404          8  0.000e+00
     75.288     74.537    -0.0033  28.517386    -0.0086  28.509389     6.4791     6.4588     0.0582    91.1377 1.4300e+00  -64.89644  -64.65294 345.809570      99.98 7.5451e+02   1766.833      42405          8  0.000e+00
     75.288     74.537    -0.0031  28.516631    -0.0106  28.508596     6.4807     6.4543     0.0582    91.1377 1.4300e+00  -64.89644  -64.65294 345.809570      99.98 7.5451e+02   1766.875      42406          8  0.000e+00
     75.288     74.537    -0.0044  28.516341    -0.0120  28.507236     6.4834     6.4541     0.0582    91.1377 1.4300e+00  -64.89644  -64.65294 345.809571      99.95 7.5628e+02   1766.917      42407          8  0.000e+00
      6.530      6.466    -0.1736  27.950140    -0.1727  27.935549     8.0067     8.0210     0.5198    85.0865 1.7916e+02  -64.89644  -64.65294 345.810852      99.93 7.9859e+02   1877.583      45063          9  0.000e+00
      6.530      6.466    -0.1585  27.950888    -0.1476  27.938134     8.0015     8.0156     0.5198    85.0865 1.7967e+02  -64.89644  -64.65294 345.810852      99.95 7.9859e+02   1877.625      45064          9  0.000e+00
      6.523      6.459    -0.1577  27.960449    -0.1291  27.963897     7.9982     8.0096     0.5198    85.0865 1.8018e+02  -64.89644  -64.65294 345.810853      99.98 7.9859e+02   1877.667      45065          9  0.000e+00
      6.530      6.466    -0.1748  27.960739    -0.1220  27.989389     7.9942     8.0058     0.5198    85.0865 1.8120e+02  -64.89644  -64.65294 345.810853      99.98 7.9859e+02   1877.708      45066          9  0.000e+00
      6.578      6.513    -0.1841  27.950602    -0.1074  27.991527     7.9940     8.0025     0.5198    85.0865 1.8171e+02  -64.89644  -64.65294 345.810854      99.98 7.9859e+02   1877.750      45067          9  0.000e+00
      6.523      6.459    -0.1846  27.939890    -0.0942  27.992314     7.9849     7.9941     0.5198    85.0865 1.8222e+02  -64.89644  -64.65292 345.810854      99.98 7.9859e+02   1877.792      45068          9  0.000e+00
      6.530      6.466    -0.1851  27.944267    -0.0856  28.000700     7.9803     7.9960     0.5124    85.0865 1.8274e+02  -64.89644  -64.65292 345.810855      99.98 7.9859e+02   1877.833      45069          9  0.000e+00
      6.578      6.513    -0.1844  27.940120    -0.0801  28.011508     7.9705     7.9939     0.5051    85.0865 1.8326e+02  -64.89644  -64.65292 345.810855      99.95 7.9859e+02   1877.875      45070          9  0.000e+00
      6.530      6.466    -0.1818  27.941848    -0.0808  28.018884     7.9756     7.9939     0.4978    85.0865 1.8377e+02  -64.89644  -64.65292 345.810856      99.95 7.9859e+02   1877.917      45071          9  0.000e+00
      6.571      6.507    -0.1877  27.944901    -0.0737  28.022544     7.9690     7.9921     0.4978    85.0865 1.8481e+02  -64.89644  -64.65292 345.810856      99.95 7.9859e+02   1877.958      45072          9  0.000e+00
      6.530      6.466    -0.1913  27.940812    -0.0654  28.021867     7.9654     7.9850     0.5051    85.0865 1.8534e+02  -64.89644  -64.65292 345.810856      99.98 7.9859e+02   1878.000      45073          9  0.000e+00
      6.530      6.466    -0.1766  27.940407    -0.0652  28.026259     7.9609     7.9836     0.5051    85.0865 1.8586e+02  -64.89644  -64.65292 345.810857      99.98 7.9859e+02   1878.042      45074          9  0.000e+00
      6.571      6.507    -0.1756  27.945821    -0.0761  28.032061     7.9630     7.9843     0.4978    85.0865 1.8638e+02  -64.89644  -64.65292 345.810857      99.95 7.9859e+02   1878.083      45075          9  0.000e+00
      6.530      6.466    -0.1599  27.951464    -0.0821  28.028626     7.9521     7.9847     0.5051    85.0865 1.8744e+02  -64.89644  -64.65292 345.810858      99.95 7.9859e+02   1878.125      45076          9  0.000e+00
      6.530      6.466    -0.1515  27.950081    -0.0862  28.019391     7.9418     7.9854     0.4978    85.0865 1.8797e+02  -64.89644  -64.65292 345.810858      99.98 7.9859e+02   1878.167      45077          9  0.000e+00
      6.530      6.466    -0.1454  27.959411    -0.0838  28.010720     7.9427     7.9849     0.5051    85.0865 1.8850e+02  -64.89644  -64.65292 345.810859      99.98 7.9859e+02   1878.208      45078          9  0.000e+00
      6.468      6.405    -0.1378  27.964134    -0.0797  28.007567     7.9321     7.9782     0.4978    85.0865 1.8957e+02  -64.89644  -64.65292 345.810859      99.98 7.9859e+02   1878.250      45079          9  0.000e+00
      6.482      6.419    -0.1301  27.972602    -0.0797  28.014380     7.9201     7.9764     0.4978    85.0865 1.9010e+02  -64.89644  -64.65292 345.810860      99.98 7.9859e+02   1878.292      45080          9  0.000e+00
      6.530      6.466    -0.1237  27.979804    -0.0777  28.016857     7.9143     7.9746     0.5051    85.0865 1.9118e+02  -64.89644  -64.65292 345.810860      99.98 7.9859e+02   1878.333      45081          9  0.000e+00
      6.468      6.405    -0.1088  27.986890    -0.0695  28.015955     7.9128     7.9719     0.5051    85.0865 1.9226e+02  -64.89644  -64.65292 345.810861      99.95 7.9859e+02   1878.375      45082          9  0.000e+00
      6.482      6.419    -0.0929  27.991153    -0.0729  28.019165     7.9071     7.9712     0.5051    85.0607 1.9335e+02  -64.89644  -64.65292 345.810861      99.93 7.9859e+02   1878.417      45083          9  0.000e+00
      6.482      6.419    -0.0845  28.000834    -0.0799  28.022319     7.8953     7.9713     0.5051    85.0865 1.9444e+02  -64.89644  -64.65292 345.810862      99.95 7.9859e+02   1878.458      45084          9  0.000e+00
      6.421      6.358    -0.0883  28.010749    -0.0823  28.018096     7.8916     7.9711     0.5051    85.0865 1.9499e+02  -64.89644  -64.65292 345.810862      99.98 8.0035e+02   1878.500      45085          9  0.000e+00
      6.427      6.364    -0.0964  28.012882    -0.0819  28.013591     7.8951     7.9706     0.5051    85.0865 1.9609e+02  -64.89644  -64.65292 345.810863      99.98 7.9859e+02   1878.542      45086          9  0.000e+00
      6.380      6.317    -0.0958  28.003198    -0.0807  28.013873     7.8866     7.9697     0.5051    85.0865 1.9720e+02  -64.89644  -64.65292 345.810863      99.95 7.9859e+02   1878.583      45087          9  0.000e+00
      6.380      6.317    -0.0902  28.000143    -0.0785  28.016519     7.8812     7.9685     0.5051    85.0865 1.9832e+02  -64.89644  -64.65292 345.810864      99.93 8.0035e+02   1878.625      45088          9  0.000e+00
      6.318      6.256    -0.0854  28.007808    -0.0758  28.018095     7.8709     7.9674     0.5051    85.0865 1.9944e+02  -64.89644  -64.65292 345.810864      99.95 8.0035e+02   1878.667      45089          9  0.000e+00
      6.380      6.317    -0.0833  28.014149    -0.0654  28.021078     7.8716     7.9650     0.5051    85.0865 2.0057e+02  -64.89644  -64.65292 345.810865      99.98 8.0035e+02   1878.708      45090          9  0.000e+00
      6.277      6.215    -0.0851  28.016801    -0.0625  28.027835     7.8689     7.9636     0.5051    85.0865 2.0170e+02  -64.89644  -64.65292 345.810865      99.98 8.0035e+02   1878.750      45091          9  0.000e+00
      6.229      6.168    -0.0871  28.014725    -0.0698  28.036001     7.8597     7.9642     0.4978    85.0865 2.0227e+02  -64.89644  -64.65294 345.810866      99.98 8.0035e+02   1878.792      45092          9  0.000e+00
      6.318      6.256    -0.0860  28.013111    -0.0787  28.030990     7.8559     7.9662     0.4978    85.0865 2.0342e+02  -64.89644  -64.65294 345.810866      99.98 8.0035e+02   1878.833      45093          9  0.000e+00
      6.229      6.168    -0.0806  28.014955    -0.0887  28.023107     7.8512     7.9686     0.4978    85.0607 2.0457e+02  -64.89644  -64.65294 345.810867      99.95 8.0035e+02   1878.875      45094          9  0.000e+00
      6.229      6.168    -0.0729  28.017895    -0.0964  28.014943     7.8464     7.9708     0.4978    85.0865 2.0515e+02  -64.89644  -64.65294 345.810867      99.95 8.0035e+02   1878.917      45095          9  0.000e+00
      6.113      6.053    -0.0622  28.026656    -0.0935  28.006498     7.8349     7.9702     0.5124    85.0865 2.0631e+02  -64.89644  -64.65294 345.810868      99.98 8.0035e+02   1878.958      45096          9  0.000e+00
      6.174      6.114    -0.0544  28.036516    -0.0841  28.005878     7.8315     7.9681     0.5198    85.0865 2.0689e+02  -64.89644  -64.65294 345.810868      99.98 8.0035e+02   1879.000      45097          9  0.000e+00
      6.072      6.012    -0.0533  28.045972    -0.0802  28.015167     7.8338     7.9670     0.5198    85.0865 2.0747e+02  -64.89644  -64.65294 345.810869      99.98 8.0035e+02   1879.042      45098          9  0.000e+00
      6.072      6.012    -0.0561  28.045973    -0.0777  28.020966     7.8335     7.9657     0.5198    85.0607 2.0865e+02  -64.89644  -64.65294 345.810869      99.93 8.0035e+02   1879.083      45099          9  0.000e+00
      6.017      5.958    -0.0575  28.042801    -0.0771  28.023331     7.8277     7.9651     0.5198    85.0865 2.0924e+02  -64.89644  -64.65294 345.810870      99.95 8.0035e+02   1879.125      45100          9  0.000e+00
      6.024      5.965    -0.0544  28.038822    -0.0723  28.024119     7.8330     7.9648     0.5198    85.0865 2.0983e+02  -64.89644  -64.65294 345.810870      99.98 8.0035e+02   1879.167      45101          9  0.000e+00
      5.976      5.917    -0.0488  28.040205    -0.0680  28.024118     7.8333     7.9648     0.5198    85.0607 2.1102e+02  -64.89644  -64.65294 345.810870      99.98 8.0035e+02   1879.208      45102          9  0.000e+00
      5.914      5.856    -0.0440  28.044414    -0.0711  28.028905     7.8325     7.9649     0.5198    85.0350 2.1161e+02  -64.89644  -64.65294 345.810871      99.98 8.0035e+02   1879.250      45103          9  0.000e+00
      5.921      5.863    -0.0392  28.049431    -0.0841  28.030483     7.8334     7.9681     0.5198    85.0350 2.1221e+02  -64.89644  -64.65294 345.810871      99.98 8.0035e+02   1879.292      45104          9  0.000e+00
