NBP2113_155081_ctd/data/nbp2113_039.ros
* Sea-Bird SBE 9 Data File:
* FileName = D:\Data\raw\NBP2113_039.hex
* Software Version Seasave V 7.26.7.121
* Temperature SN = 2438
* Conductivity SN = 2067
* Number of Bytes Per Scan = 40
* Number of Voltage Words = 5
* Number of Scans Averaged by the Deck Unit = 1
* NMEA Latitude = 64 52.75 S
* NMEA Longitude = 063 56.20 W
* NMEA UTC (Time) = Dec 10 2021  11:48:20
* NMEA baud rate = 9600
** Ship: RVIB N.B. Palmer
** Cruise: NBP2113 LTER
** Station: 619.027
** Operator: B. Urmston
# nquan = 20
# nvalues = 1126                                  
# units = specified
# name 0 = prDM: Pressure, Digiquartz [db]
# name 1 = depSM: Depth [salt water, m]
# name 2 = t090C: Temperature [ITS-90, deg C]
# name 3 = c0mS/cm: Conductivity [mS/cm]
# name 4 = t190C: Temperature, 2 [ITS-90, deg C]
# name 5 = c1mS/cm: Conductivity, 2 [mS/cm]
# name 6 = sbeox0ML/L: Oxygen, SBE 43 [ml/l]
# name 7 = sbeox1ML/L: Oxygen, SBE 43, 2 [ml/l]
# name 8 = flECO-AFL: Fluorescence, WET Labs ECO-AFL/FL [mg/m^3]
# name 9 = CStarTr0: Beam Transmission, WET Labs C-Star [%]
# name 10 = par: PAR/Irradiance, Biospherical/Licor
# name 11 = latitude: Latitude [deg]
# name 12 = longitude: Longitude [deg]
# name 13 = timeJ: Julian Days
# name 14 = altM: Altimeter [m]
# name 15 = spar: SPAR, Biospherical/Licor
# name 16 = timeS: Time, Elapsed [seconds]
# name 17 = scan: Scan Count
# name 18 = nbf: Bottles Fired
# name 19 = flag:  0.000e+00
# interval = seconds: 0.0416667
# start_time = Dec 10 2021 11:48:20 [NMEA time, header]
# bad_flag = -9.990e-29
*END*
[from data line 435]
    100.844     99.831     0.1416  28.638232     0.1407  28.646544     6.2811     6.3607     0.1608    94.3049 6.8495e-02  -64.87874  -63.93682 344.506529      99.98 3.2084e+02   1264.125      30340          9  0.000e+00
    100.796     99.784     0.1413  28.642533     0.1403  28.646033     6.2917     6.3570     0.1608    94.3049 6.8495e-02  -64.87874  -63.93682 344.506530      99.98 3.2084e+02   1264.167      30341          9  0.000e+00
    100.823     99.811     0.1410  28.643986     0.1399  28.645750     6.2937     6.3581     0.1608    94.3049 6.8495e-02  -64.87874  -63.93682 344.506530      99.98 3.2084e+02   1264.208      30342          9  0.000e+00
    100.796     99.784     0.1406  28.644683     0.1399  28.644955     6.2898     6.3590     0.1608    94.3049 6.8495e-02  -64.87874  -63.93682 344.506531      99.95 3.2084e+02   1264.250      30343          9  0.000e+00
    100.775     99.764     0.1394  28.644799     0.1399  28.644501     6.2847     6.3599     0.1608    94.3049 6.8495e-02  -64.87874  -63.93682 344.506531      99.98 3.2084e+02   1264.292      30344          9  0.000e+00
    100.844     99.832     0.1384  28.644684     0.1396  28.644671     6.2855     6.3609     0.1608    94.3049 6.8495e-02  -64.87874  -63.93682 344.506532      99.98 3.2084e+02   1264.333      30345          9  0.000e+00
    101.080    100.065     0.1031  28.608776     0.1103  28.615556     6.3156     6.3707     0.1754    94.3564 6.8495e-02  -64.87874  -63.93682 344.506656      99.98 3.2084e+02   1275.042      30602         10  0.000e+00
    101.052    100.038     0.1023  28.607963     0.1083  28.615783     6.3107     6.3712     0.1754    94.3564 6.8495e-02  -64.87874  -63.93682 344.506656      99.95 3.2084e+02   1275.083      30603         10  0.000e+00
    101.052    100.038     0.1020  28.607672     0.1068  28.613910     6.3101     6.3717     0.1754    94.3564 6.8495e-02  -64.87874  -63.93682 344.506657      99.98 3.2084e+02   1275.125      30604         10  0.000e+00
    101.134    100.119     0.1006  28.607440     0.1066  28.612094     6.3110     6.3722     0.1754    94.3564 6.8495e-02  -64.87874  -63.93682 344.506657      99.98 3.2084e+02   1275.167      30605         10  0.000e+00
    101.052    100.038     0.0988  28.606336     0.1066  28.611243     6.3062     6.3723     0.1754    94.3564 6.8495e-02  -64.87874  -63.93682 344.506658      99.98 3.2084e+02   1275.208      30606         10  0.000e+00
    101.107    100.092     0.0970  28.603955     0.1066  28.610959     6.3161     6.3726     0.1754    94.3564 6.8495e-02  -64.87874  -63.93682 344.506658      99.95 3.2084e+02   1275.250      30607         10  0.000e+00
    101.134    100.119     0.0958  28.602038     0.1054  28.610733     6.3113     6.3730     0.1754    94.3564 6.8495e-02  -64.87874  -63.93682 344.506658      99.95 3.2084e+02   1275.292      30608         10  0.000e+00
    101.107    100.092     0.0953  28.600179     0.1037  28.609938     6.3106     6.3735     0.1754    94.3564 6.8495e-02  -64.87874  -63.93682 344.506659      99.98 3.2084e+02   1275.333      30609         10  0.000e+00
    101.080    100.065     0.0947  28.599598     0.1018  28.608349     6.3098     6.3741     0.1681    94.3564 6.8495e-02  -64.87874  -63.93682 344.506659      99.98 3.2084e+02   1275.375      30610         10  0.000e+00
    101.107    100.092     0.0942  28.600179     0.1015  28.606477     6.3089     6.3745     0.1681    94.3564 6.8495e-02  -64.87874  -63.93682 344.506660      99.98 3.2084e+02   1275.417      30611         10  0.000e+00
    101.155    100.140     0.0939  28.599889     0.1028  28.606193     6.3138     6.3745     0.1608    94.3564 6.8495e-02  -64.87874  -63.93682 344.506660      99.98 3.2084e+02   1275.458      30612         10  0.000e+00
    101.134    100.119     0.0939  28.599889     0.1041  28.606136     6.3140     6.3737     0.1608    94.3564 6.6424e-02  -64.87874  -63.93682 344.506661      99.98 3.2084e+02   1275.500      30613         10  0.000e+00
    101.107    100.092     0.0944  28.599366     0.1049  28.607555     6.3140     6.3674     0.1608    94.3564 6.8495e-02  -64.87874  -63.93682 344.506661      99.98 3.2084e+02   1275.542      30614         10  0.000e+00
    101.080    100.065     0.0944  28.599366     0.1051  28.607782     6.3154     6.3666     0.1608    94.3306 6.8495e-02  -64.87874  -63.93682 344.506662      99.95 3.2084e+02   1275.583      30615         10  0.000e+00
    101.155    100.140     0.0925  28.599076     0.1046  28.608066     6.3113     6.3715     0.1608    94.3306 6.6424e-02  -64.87874  -63.93682 344.506662      99.98 3.2084e+02   1275.625      30616         10  0.000e+00
    101.155    100.140     0.0917  28.598263     0.1046  28.608066     6.3172     6.3717     0.1608    94.3564 6.8495e-02  -64.87874  -63.93682 344.506663      99.98 3.2084e+02   1275.667      30617         10  0.000e+00
    101.135    100.119     0.0925  28.597508     0.1043  28.607441     6.3170     6.3720     0.1681    94.3306 6.6424e-02  -64.87874  -63.93682 344.506663      99.98 3.2084e+02   1275.708      30618         10  0.000e+00
    101.107    100.092     0.0952  28.596636     0.1038  28.607782     6.3121     6.3722     0.1608    94.3564 6.8495e-02  -64.87874  -63.93682 344.506664      99.95 3.2084e+02   1275.750      30619         10  0.000e+00
    101.155    100.140     0.0947  28.597449     0.1033  28.607555     6.3120     6.3726     0.1608    94.3564 6.8495e-02  -64.87874  -63.93682 344.506664      99.98 3.2084e+02   1275.792      30620         10  0.000e+00
    101.135    100.120     0.0999  28.599888     0.1032  28.607271     6.3052     6.3728     0.1608    94.3564 6.8495e-02  -64.87874  -63.93682 344.506665      99.98 3.2084e+02   1275.833      30621         10  0.000e+00
    101.107    100.092     0.1028  28.602851     0.1032  28.607555     6.3132     6.3730     0.1608    94.3564 6.6424e-02  -64.87874  -63.93682 344.506665      99.98 3.2084e+02   1275.875      30622         10  0.000e+00
    101.135    100.120     0.1054  28.605581     0.1031  28.607782     6.3067     6.3732     0.1608    94.3306 6.8495e-02  -64.87874  -63.93682 344.506666      99.98 3.2084e+02   1275.917      30623         10  0.000e+00
    101.155    100.140     0.1080  28.607672     0.1025  28.608009     6.3103     6.3735     0.1608    94.3564 6.6424e-02  -64.87874  -63.93682 344.506666      99.98 3.2084e+02   1275.958      30624         10  0.000e+00
    101.107    100.092     0.1073  28.608543     0.1027  28.607782     6.3113     6.3737     0.1608    94.3306 6.6424e-02  -64.87874  -63.93682 344.506667      99.98 3.2084e+02   1276.000      30625         10  0.000e+00
    101.080    100.065     0.1069  28.609066     0.1032  28.608066     6.3121     6.3683     0.1608    94.3306 6.8495e-02  -64.87874  -63.93682 344.506667      99.95 3.2084e+02   1276.042      30626         10  0.000e+00
    101.155    100.140     0.1072  28.609589     0.1032  28.608066     6.3116     6.3678     0.1608    94.3564 6.8495e-02  -64.87874  -63.93682 344.506668      99.95 3.2084e+02   1276.083      30627         10  0.000e+00
    101.107    100.092     0.1073  28.609880     0.1046  28.607271     6.3109     6.3725     0.1608    94.3564 6.6424e-02  -64.87874  -63.93682 344.506668      99.98 3.2084e+02   1276.125      30628         10  0.000e+00
    101.135    100.120     0.1069  28.609299     0.1083  28.608519     6.3031     6.3722     0.1608    94.3306 6.6424e-02  -64.87874  -63.93682 344.506669      99.98 3.2084e+02   1276.167      30629         10  0.000e+00
    101.107    100.093     0.1067  28.609880     0.1108  28.610221     6.3022     6.3711     0.1608    94.3564 6.6424e-02  -64.87874  -63.93682 344.506669      99.98 3.2084e+02   1276.208      30630         10  0.000e+00
    101.135    100.120     0.1070  28.610693     0.1117  28.612094     6.3000     6.3711     0.1608    94.3564 6.6424e-02  -64.87874  -63.93682 344.506670      99.95 3.2084e+02   1276.250      30631         10  0.000e+00
    101.107    100.093     0.1067  28.611448     0.1118  28.613683     6.3048     6.3712     0.1608    94.3306 6.6424e-02  -64.87874  -63.93682 344.506670      99.95 3.2084e+02   1276.292      30632         10  0.000e+00
    101.107    100.093     0.1056  28.611506     0.1117  28.614477     6.3054     6.3714     0.1608    94.3306 6.6424e-02  -64.87874  -63.93682 344.506671      99.98 3.2084e+02   1276.333      30633         10  0.000e+00
    101.080    100.065     0.1057  28.611739     0.1114  28.615272     6.2999     6.3662     0.1608    94.3306 6.6424e-02  -64.87874  -63.93682 344.506671      99.98 3.2084e+02   1276.375      30634         10  0.000e+00
    101.053    100.038     0.1062  28.612029     0.1117  28.615272     6.3002     6.3701     0.1608    94.3306 6.6424e-02  -64.87874  -63.93682 344.506671      99.98 3.2084e+02   1276.417      30635         10  0.000e+00
    101.080    100.065     0.1069  28.612552     0.1128  28.615782     6.3005     6.3639     0.1608    94.3306 6.6424e-02  -64.87874  -63.93682 344.506672      99.98 3.2084e+02   1276.458      30636         10  0.000e+00
    101.053    100.038     0.1072  28.611448     0.1128  28.616066     6.3054     6.3633     0.1754    94.3306 6.6424e-02  -64.87874  -63.93682 344.506672      99.98 3.2084e+02   1276.500      30637         10  0.000e+00
    101.107    100.093     0.1073  28.612029     0.1131  28.616350     6.3057     6.3627     0.1754    94.3306 6.6424e-02  -64.87874  -63.93682 344.506673      99.98 3.2084e+02   1276.542      30638         10  0.000e+00
    101.032    100.018     0.1072  28.611739     0.1131  28.616350     6.3060     6.3621     0.1754    94.3306 6.6424e-02  -64.87874  -63.93682 344.506673      99.95 3.2084e+02   1276.583      30639         10  0.000e+00
    101.053    100.038     0.1072  28.612029     0.1135  28.616350     6.3006     6.3670     0.1754    94.3306 6.6424e-02  -64.87874  -63.93682 344.506674      99.98 3.2084e+02   1276.625      30640         10  0.000e+00
    101.053    100.038     0.1069  28.612842     0.1140  28.617144     6.2995     6.3618     0.1754    94.3306 6.6424e-02  -64.87874  -63.93682 344.506674      99.98 3.2084e+02   1276.667      30641         10  0.000e+00
    101.032    100.018     0.1064  28.612784     0.1145  28.617371     6.3043     6.3613     0.1754    94.3306 6.6424e-02  -64.87874  -63.93682 344.506675      99.98 3.2084e+02   1276.708      30642         10  0.000e+00
    101.005     99.991     0.1064  28.613656     0.1148  28.617939     6.3044     6.3608     0.1754    94.3306 6.6424e-02  -64.87874  -63.93682 344.506675      99.93 3.2084e+02   1276.750      30643         10  0.000e+00
    101.032    100.018     0.1059  28.613365     0.1155  28.618222     6.3033     6.3603     0.1754    94.3306 6.6424e-02  -64.87874  -63.93682 344.506676      99.95 3.2084e+02   1276.792      30644         10  0.000e+00
    101.005     99.991     0.1043  28.612552     0.1160  28.619301     6.3050     6.3652     0.1754    94.3049 6.6424e-02  -64.87874  -63.93682 344.506676      99.98 3.2084e+02   1276.833      30645         10  0.000e+00
    101.005     99.991     0.1037  28.610984     0.1155  28.619301     6.3009     6.3657     0.1754    94.3306 6.6424e-02  -64.87874  -63.93682 344.506677      99.98 3.2084e+02   1276.875      30646         10  0.000e+00
    100.984     99.971     0.1038  28.609589     0.1154  28.619528     6.3011     6.3608     0.1754    94.3306 6.8495e-02  -64.87874  -63.93682 344.506677      99.98 3.2084e+02   1276.917      30647         10  0.000e+00
    100.950     99.937     0.1036  28.609066     0.1154  28.619300     6.3057     6.3659     0.1754    94.3306 6.6424e-02  -64.87874  -63.93682 344.506678      99.98 3.2084e+02   1276.958      30648         10  0.000e+00
    100.984     99.971     0.1037  28.608776     0.1152  28.619301     6.3058     6.3602     0.1754    94.3306 6.6424e-02  -64.87874  -63.93682 344.506678      99.98 3.2084e+02   1277.000      30649         10  0.000e+00
    100.950     99.937     0.1037  28.608253     0.1152  28.618733     6.3002     6.3599     0.1754    94.3306 6.8495e-02  -64.87874  -63.93682 344.506679      99.98 3.2084e+02   1277.042      30650         10  0.000e+00
     50.821     50.317    -0.0505  28.304430    -0.0502  28.303037     7.5725     7.6153     0.5930    92.9401 1.8367e+00  -64.87866  -63.93680 344.507990      99.98 3.2261e+02   1390.375      33370         11  0.000e+00
     50.726     50.223    -0.0507  28.304198    -0.0499  28.303545     7.5721     7.6148     0.5857    92.9401 1.8367e+00  -64.87866  -63.93680 344.507991      99.98 3.2261e+02   1390.417      33371         11  0.000e+00
     50.719     50.216    -0.0507  28.304140    -0.0497  28.303545     7.5657     7.6197     0.5710    92.9401 1.8367e+00  -64.87866  -63.93680 344.507991      99.98 3.2261e+02   1390.458      33372         11  0.000e+00
     50.726     50.223    -0.0503  28.304198    -0.0499  28.304054     7.5636     7.6146     0.5564    92.9401 1.8367e+00  -64.87866  -63.93680 344.507992      99.98 3.2261e+02   1390.500      33373         11  0.000e+00
     50.719     50.216    -0.0505  28.304429    -0.0499  28.304054     7.5627     7.6140     0.5491    92.9401 1.8367e+00  -64.87866  -63.93680 344.507992      99.98 3.2261e+02   1390.542      33374         11  0.000e+00
     50.719     50.216    -0.0502  28.304198    -0.0496  28.304054     7.5675     7.6131     0.5564    92.9401 1.8367e+00  -64.87866  -63.93680 344.507993      99.95 3.2261e+02   1390.583      33375         11  0.000e+00
     50.726     50.223    -0.0505  28.303851    -0.0499  28.303997     7.5677     7.6177     0.5564    92.9401 1.8367e+00  -64.87866  -63.93680 344.507993      99.98 3.2261e+02   1390.625      33376         11  0.000e+00
     50.719     50.216    -0.0503  28.304198    -0.0496  28.303828     7.5605     7.6184     0.5564    92.9401 1.8367e+00  -64.87866  -63.93680 344.507994      99.98 3.2261e+02   1390.667      33377         11  0.000e+00
     50.678     50.175    -0.0503  28.304140    -0.0499  28.304054     7.5634     7.6190     0.5564    92.9401 1.8367e+00  -64.87866  -63.93680 344.507994      99.98 3.2261e+02   1390.708      33378         11  0.000e+00
     50.774     50.270    -0.0503  28.304430    -0.0497  28.303828     7.5574     7.6195     0.5491    92.9401 1.8367e+00  -64.87866  -63.93680 344.507995      99.93 3.2261e+02   1390.750      33379         11  0.000e+00
     50.678     50.175    -0.0503  28.304140    -0.0497  28.303828     7.5669     7.6198     0.5564    92.9144 1.8367e+00  -64.87866  -63.93682 344.507995      99.95 3.2261e+02   1390.792      33380         11  0.000e+00
     50.719     50.216    -0.0507  28.304429    -0.0499  28.303828     7.5619     7.6202     0.5564    92.9659 1.8367e+00  -64.87866  -63.93682 344.507996      99.98 3.2261e+02   1390.833      33381         11  0.000e+00
     50.671     50.168    -0.0503  28.304429    -0.0499  28.303828     7.5609     7.6203     0.5564    92.9916 1.8367e+00  -64.87866  -63.93682 344.507996      99.98 3.2261e+02   1390.875      33382         11  0.000e+00
     50.678     50.175    -0.0503  28.304429    -0.0501  28.303545     7.5612     7.6258     0.5491    92.9916 1.8367e+00  -64.87866  -63.93682 344.507997      99.98 3.2261e+02   1390.917      33383         11  0.000e+00
     50.719     50.216    -0.0503  28.304719    -0.0499  28.304054     7.5571     7.6257     0.5564    92.9916 1.8367e+00  -64.87866  -63.93682 344.507997      99.98 3.2261e+02   1390.958      33384         11  0.000e+00
     50.623     50.121    -0.0505  28.304429    -0.0502  28.303262     7.5617     7.6209     0.5564    92.9916 1.8367e+00  -64.87866  -63.93682 344.507998      99.98 3.2261e+02   1391.000      33385         11  0.000e+00
