NBP2113_155081_ctd/data/nbp2113_030.ros
* Sea-Bird SBE 9 Data File:
* FileName = D:\Data\raw\NBP2113_030.hex
* Software Version Seasave V 7.26.7.121
* Temperature SN = 2438
* Conductivity SN = 2067
* Number of Bytes Per Scan = 40
* Number of Voltage Words = 5
* Number of Scans Averaged by the Deck Unit = 1
* NMEA Latitude = 66 50.58 S
* NMEA Longitude = 068 39.78 W
* NMEA UTC (Time) = Dec 05 2021  03:50:51
* NMEA baud rate = 9600
** Ship: RVIB N.B. Palmer
** Cruise: NBP2113 LTER
** Station: AS02
** Operator: B. Urmston
# nquan = 20
# nvalues = 343                                   
# units = specified
# name 0 = prDM: Pressure, Digiquartz [db]
# name 1 = depSM: Depth [salt water, m]
# name 2 = t090C: Temperature [ITS-90, deg C]
# name 3 = c0mS/cm: Conductivity [mS/cm]
# name 4 = t190C: Temperature, 2 [ITS-90, deg C]
# name 5 = c1mS/cm: Conductivity, 2 [mS/cm]
# name 6 = sbeox0ML/L: Oxygen, SBE 43 [ml/l]
# name 7 = sbeox1ML/L: Oxygen, SBE 43, 2 [ml/l]
# name 8 = flECO-AFL: Fluorescence, WET Labs ECO-AFL/FL [mg/m^3]
# name 9 = CStarTr0: Beam Transmission, WET Labs C-Star [%]
# name 10 = par: PAR/Irradiance, Biospherical/Licor
# name 11 = latitude: Latitude [deg]
# name 12 = longitude: Longitude [deg]
# name 13 = timeJ: Julian Days
# name 14 = altM: Altimeter [m]
# name 15 = spar: SPAR, Biospherical/Licor
# name 16 = timeS: Time, Elapsed [seconds]
# name 17 = scan: Scan Count
# name 18 = nbf: Bottles Fired
# name 19 = flag:  0.000e+00
# interval = seconds: 0.0416667
# start_time = Dec 05 2021 03:50:51 [NMEA time, header]
# bad_flag = -9.990e-29
*END*
[from data line 290]
     48.738     48.248    -0.8933  27.426964    -0.8915  27.428775     7.9367     8.0086     0.9007    90.9059 1.0000e-12  -66.84286  -68.66264 339.175769      99.98 0.0000e+00   1335.417      32051          6  0.000e+00
     48.902     48.411    -0.8928  27.426908    -0.8910  27.428608     7.9332     8.0093     0.9007    90.9317 1.0000e-12  -66.84286  -68.66264 339.175769      99.95 0.0000e+00   1335.458      32052          6  0.000e+00
     48.841     48.350    -0.8936  27.426164    -0.8918  27.427658     7.9328     8.0100     0.9007    90.9317 1.0000e-12  -66.84286  -68.66264 339.175770      99.93 0.0000e+00   1335.500      32053          6  0.000e+00
     48.944     48.452    -0.8937  27.426736    -0.8922  27.427379     7.9280     8.0108     0.9007    90.9317 1.0000e-12  -66.84286  -68.66264 339.175770      99.95 0.0000e+00   1335.542      32054          6  0.000e+00
      5.686      5.630    -0.7399  27.489439    -0.7416  27.487105     7.9036     8.0866     0.9959    89.9789 8.9781e-01  -66.84284  -68.66250 339.176855      99.95 0.0000e+00   1429.292      34304          7  0.000e+00
      5.584      5.528    -0.7399  27.489438    -0.7415  27.487664     7.8974     8.0917     0.9959    89.9789 8.9341e-01  -66.84284  -68.66250 339.176856      99.95 0.0000e+00   1429.333      34305          7  0.000e+00
      5.625      5.569    -0.7401  27.489496    -0.7412  27.487776     7.8931     8.0922     0.9959    89.9789 8.8902e-01  -66.84284  -68.66250 339.176856      99.98 0.0000e+00   1429.375      34306          7  0.000e+00
      5.638      5.582    -0.7399  27.489439    -0.7410  27.487943     7.8980     8.0927     0.9959    89.9789 8.8465e-01  -66.84284  -68.66250 339.176857      99.98 0.0000e+00   1429.417      34307          7  0.000e+00
      5.686      5.630    -0.7393  27.489954    -0.7406  27.488335     7.9001     8.0876     0.9959    89.9789 8.8029e-01  -66.84284  -68.66250 339.176857      99.98 0.0000e+00   1429.458      34308          7  0.000e+00
      5.686      5.630    -0.7392  27.490355    -0.7398  27.489118     7.9084     8.0925     0.9959    89.9789 8.7594e-01  -66.84284  -68.66250 339.176858      99.93 0.0000e+00   1429.500      34309          7  0.000e+00
      5.727      5.670    -0.7389  27.490297    -0.7395  27.489229     7.9344     8.0874     0.9959    89.9789 8.7594e-01  -66.84284  -68.66250 339.176858      99.95 0.0000e+00   1429.542      34310          7  0.000e+00
      5.686      5.630    -0.7387  27.490412    -0.7393  27.489397     7.9323     8.0869     0.9959    89.9789 8.7594e-01  -66.84284  -68.66250 339.176859      99.98 0.0000e+00   1429.583      34311          7  0.000e+00
      5.734      5.677    -0.7386  27.490641    -0.7390  27.489341     7.9475     8.0864     0.9959    89.9789 8.7594e-01  -66.84284  -68.66250 339.176859      99.98 0.0000e+00   1429.625      34312          7  0.000e+00
      5.727      5.670    -0.7387  27.490755    -0.7389  27.489453     7.9454     8.0859     0.9959    89.9789 8.7594e-01  -66.84284  -68.66250 339.176860      99.98 0.0000e+00   1429.667      34313          7  0.000e+00
      5.734      5.677    -0.7387  27.490526    -0.7391  27.489173     7.9529     8.0911     0.9959    90.0047 8.7594e-01  -66.84284  -68.66250 339.176860      99.98 0.0000e+00   1429.708      34314          7  0.000e+00
      5.789      5.731    -0.7384  27.490527    -0.7390  27.489006     7.9517     8.0860     0.9959    90.0047 8.7594e-01  -66.84284  -68.66250 339.176861      99.98 0.0000e+00   1429.750      34315          7  0.000e+00
      5.789      5.731    -0.7386  27.490698    -0.7390  27.489453     7.9524     8.0855     0.9959    90.0047 8.7160e-01  -66.84284  -68.66250 339.176861      99.95 0.0000e+00   1429.792      34316          7  0.000e+00
      5.775      5.718    -0.7382  27.490755    -0.7387  27.489285     7.9633     8.0905     0.9959    90.0047 8.7160e-01  -66.84284  -68.66250 339.176861      99.95 0.0000e+00   1429.833      34317          7  0.000e+00
      5.789      5.731    -0.7387  27.490756    -0.7387  27.489397     7.9687     8.0863     0.9959    90.0047 8.6727e-01  -66.84284  -68.66250 339.176862      99.98 0.0000e+00   1429.875      34318          7  0.000e+00
      5.789      5.732    -0.7389  27.490298    -0.7385  27.489789     7.9744     8.0857     0.9959    90.0047 8.7160e-01  -66.84284  -68.66250 339.176862      99.98 0.0000e+00   1429.917      34319          7  0.000e+00
      5.837      5.779    -0.7390  27.490240    -0.7387  27.489397     7.9744     8.0909     0.9959    90.0047 8.7160e-01  -66.84284  -68.66250 339.176863      99.98 0.0000e+00   1429.958      34320          7  0.000e+00
      5.775      5.718    -0.7395  27.490183    -0.7389  27.489118     7.9923     8.0857     1.0326    90.0047 8.7160e-01  -66.84284  -68.66250 339.176863      99.93 0.0000e+00   1430.000      34321          7  0.000e+00
      5.837      5.779    -0.7392  27.490355    -0.7395  27.489174     7.9955     8.0854     1.0472    90.0047 8.7160e-01  -66.84284  -68.66250 339.176864      99.95 0.0000e+00   1430.042      34322          7  0.000e+00
      5.837      5.779    -0.7393  27.490470    -0.7396  27.488615     8.0021     8.0859     1.0472    90.0047 8.6727e-01  -66.84284  -68.66250 339.176864      99.98 0.0000e+00   1430.083      34323          7  0.000e+00
      5.775      5.718    -0.7393  27.490126    -0.7396  27.488950     8.0148     8.0853     1.0472    90.0047 8.6727e-01  -66.84284  -68.66250 339.176865      99.98 0.0000e+00   1430.125      34324          7  0.000e+00
      5.837      5.779    -0.7393  27.490126    -0.7395  27.488782     8.0291     8.0849     1.0472    90.0047 8.6727e-01  -66.84284  -68.66250 339.176865      99.98 0.0000e+00   1430.167      34325          7  0.000e+00
      5.837      5.779    -0.7390  27.490183    -0.7393  27.489006     8.0243     8.0899     1.0472    90.0047 8.6727e-01  -66.84284  -68.66250 339.176866      99.98 0.0000e+00   1430.208      34326          7  0.000e+00
      5.789      5.732    -0.7392  27.490011    -0.7391  27.489174     8.0331     8.0846     1.0472    90.0047 8.6296e-01  -66.84284  -68.66250 339.176866      99.98 0.0000e+00   1430.250      34327          7  0.000e+00
      5.776      5.718    -0.7393  27.490298    -0.7389  27.489229     8.0505     8.0896     1.0472    90.0047 8.6727e-01  -66.84284  -68.66250 339.176867      99.95 0.0000e+00   1430.292      34328          7  0.000e+00
      5.837      5.779    -0.7393  27.490298    -0.7395  27.488894     8.0532     8.0901     1.0472    90.0047 8.6727e-01  -66.84284  -68.66250 339.176867      99.95 0.0000e+00   1430.333      34329          7  0.000e+00
      5.789      5.732    -0.7393  27.490011    -0.7395  27.488950     8.0602     8.0903     1.0472    90.0047 8.6727e-01  -66.84284  -68.66250 339.176868      99.98 0.0000e+00   1430.375      34330          7  0.000e+00
      5.776      5.718    -0.7395  27.489954    -0.7396  27.489062     8.0746     8.0906     1.0472    90.0047 8.7160e-01  -66.84284  -68.66250 339.176868      99.98 0.0000e+00   1430.417      34331          7  0.000e+00
      5.789      5.732    -0.7393  27.490126    -0.7393  27.488782     8.0860     8.0908     1.0472    90.0047 8.8029e-01  -66.84284  -68.66250 339.176869      99.98 0.0000e+00   1430.458      34332          7  0.000e+00
      5.735      5.678    -0.7392  27.490011    -0.7396  27.489006     8.0867     8.0910     1.0472    90.0047 8.8902e-01  -66.84284  -68.66250 339.176869      99.95 0.0000e+00   1430.500      34333          7  0.000e+00
      5.789      5.732    -0.7393  27.490011    -0.7399  27.489006     8.0906     8.0912     1.0472    90.0047 8.9781e-01  -66.84284  -68.66250 339.176870      99.95 0.0000e+00   1430.542      34334          7  0.000e+00
      5.680      5.623    -0.7395  27.490126    -0.7399  27.488558     8.0999     8.0912     1.0472    90.0047 9.0222e-01  -66.84284  -68.66250 339.176870      99.98 0.0000e+00   1430.583      34335          7  0.000e+00
      5.735      5.678    -0.7393  27.490011    -0.7402  27.488335     8.0914     8.0915     1.0472    90.0047 9.1108e-01  -66.84284  -68.66250 339.176871      99.98 0.0000e+00   1430.625      34336          7  0.000e+00
      5.687      5.630    -0.7395  27.490126    -0.7400  27.488391     8.0901     8.0868     1.0472    90.0047 9.1999e-01  -66.84284  -68.66250 339.176871      99.98 0.0000e+00   1430.667      34337          7  0.000e+00
      5.639      5.583    -0.7395  27.490068    -0.7400  27.488335     8.0900     8.0859     1.0472    90.0047 9.2447e-01  -66.84284  -68.66250 339.176872      99.98 0.0000e+00   1430.708      34338          7  0.000e+00
      5.680      5.623    -0.7398  27.489725    -0.7399  27.488614     8.0899     8.0851     1.0472    90.0047 9.2895e-01  -66.84284  -68.66250 339.176872      99.98 0.0000e+00   1430.750      34339          7  0.000e+00
      5.639      5.583    -0.7399  27.489668    -0.7402  27.488502     8.0894     8.0908     1.0472    90.0047 9.3796e-01  -66.84284  -68.66252 339.176873      99.95 0.0000e+00   1430.792      34340          7  0.000e+00
      5.584      5.529    -0.7399  27.489496    -0.7400  27.488502     8.0886     8.0917     1.0472    90.0047 9.5158e-01  -66.84284  -68.66252 339.176873      99.93 0.0000e+00   1430.833      34341          7  0.000e+00
      5.577      5.522    -0.7399  27.489782    -0.7401  27.488055     8.0993     8.0918     1.0472    90.0047 9.6071e-01  -66.84284  -68.66252 339.176874      99.95 0.0000e+00   1430.875      34342          7  0.000e+00
      5.536      5.481    -0.7396  27.489782    -0.7399  27.488390     8.1006     8.0871     1.0472    90.0047 9.6990e-01  -66.84284  -68.66252 339.176874      99.98 0.0000e+00   1430.917      34343          7  0.000e+00
      5.536      5.481    -0.7390  27.489896    -0.7398  27.488278     8.0884     8.0927     1.0472    90.0047 9.7915e-01  -66.84284  -68.66252 339.176875      99.98 0.0000e+00   1430.958      34344          7  0.000e+00
      5.481      5.427    -0.7393  27.489553    -0.7401  27.488390     8.0792     8.0937     1.0399    90.0047 9.8379e-01  -66.84284  -68.66252 339.176875      99.95 0.0000e+00   1431.000      34345          7  0.000e+00
      5.475      5.420    -0.7398  27.489610    -0.7400  27.488334     8.0802     8.0882     1.0472    90.0047 9.8379e-01  -66.84284  -68.66252 339.176875      99.95 0.0000e+00   1431.042      34346          7  0.000e+00
      5.434      5.380    -0.7399  27.489324    -0.7399  27.488390     8.0953     8.0874     1.0912    90.0047 9.8379e-01  -66.84284  -68.66252 339.176876      99.98 0.0000e+00   1431.083      34347          7  0.000e+00
      5.331      5.278    -0.7401  27.489381    -0.7399  27.488334     8.0965     8.0865     1.1205    90.0047 9.8379e-01  -66.84284  -68.66252 339.176876      99.98 0.0000e+00   1431.125      34348          7  0.000e+00
      5.331      5.278    -0.7401  27.489209    -0.7398  27.488613     8.0974     8.0911     1.1278    90.0047 9.8844e-01  -66.84284  -68.66252 339.176877      99.98 0.0000e+00   1431.167      34349          7  0.000e+00
      5.372      5.319    -0.7401  27.489152    -0.7399  27.488558     8.0935     8.0857     1.1278    90.0047 9.9311e-01  -66.84284  -68.66252 339.176877      99.98 0.0000e+00   1431.208      34350          7  0.000e+00
      5.283      5.231    -0.7401  27.489495    -0.7395  27.488669     8.0877     8.0847     1.1278    90.0047 9.9311e-01  -66.84284  -68.66252 339.176878      99.98 0.0000e+00   1431.250      34351          7  0.000e+00
      5.228      5.176    -0.7399  27.489724    -0.7396  27.488334     8.0759     8.0838     1.1278    90.0047 9.9311e-01  -66.84284  -68.66252 339.176878      99.95 0.0000e+00   1431.292      34352          7  0.000e+00
