NBP2113_155081_ctd/data/nbp2113_061.ros
* Sea-Bird SBE 9 Data File:
* FileName = D:\Data\raw\NBP2113_061.hex
* Software Version Seasave V 7.26.7.121
* Temperature SN = 2438
* Conductivity SN = 2067
* Number of Bytes Per Scan = 40
* Number of Voltage Words = 5
* Number of Scans Averaged by the Deck Unit = 1
* NMEA Latitude = 64 46.21 S
* NMEA Longitude = 063 05.90 W
* NMEA UTC (Time) = Dec 13 2021  23:26:08
* NMEA baud rate = 9600
** Ship: RVIB N.B. Palmer
** Cruise: NBP2113 LTER
** Station: 654.005
** Operator: S. Blackman
# nquan = 20
# nvalues = 1173                                  
# units = specified
# name 0 = prDM: Pressure, Digiquartz [db]
# name 1 = depSM: Depth [salt water, m]
# name 2 = t090C: Temperature [ITS-90, deg C]
# name 3 = c0mS/cm: Conductivity [mS/cm]
# name 4 = t190C: Temperature, 2 [ITS-90, deg C]
# name 5 = c1mS/cm: Conductivity, 2 [mS/cm]
# name 6 = sbeox0ML/L: Oxygen, SBE 43 [ml/l]
# name 7 = sbeox1ML/L: Oxygen, SBE 43, 2 [ml/l]
# name 8 = flECO-AFL: Fluorescence, WET Labs ECO-AFL/FL [mg/m^3]
# name 9 = CStarTr0: Beam Transmission, WET Labs C-Star [%]
# name 10 = par: PAR/Irradiance, Biospherical/Licor
# name 11 = latitude: Latitude [deg]
# name 12 = longitude: Longitude [deg]
# name 13 = timeJ: Julian Days
# name 14 = altM: Altimeter [m]
# name 15 = spar: SPAR, Biospherical/Licor
# name 16 = timeS: Time, Elapsed [seconds]
# name 17 = scan: Scan Count
# name 18 = nbf: Bottles Fired
# name 19 = flag:  0.000e+00
# interval = seconds: 0.0416667
# start_time = Dec 13 2021 23:26:08 [NMEA time, header]
# bad_flag = -9.990e-29
*END*
[from data line 724]
     20.085     19.887    -0.2194  27.967404    -0.2210  27.965011     7.2676     7.3572     1.3696    83.8763 1.5675e+01  -64.77024  -63.09850 347.994706      99.95 1.2287e+03   1574.625      37792         15  0.000e+00
     20.064     19.867    -0.2195  27.967116    -0.2199  27.965011     7.2703     7.3579     1.3696    83.8763 1.5675e+01  -64.77024  -63.09850 347.994707      99.95 1.2287e+03   1574.667      37793         15  0.000e+00
     20.037     19.840    -0.2197  27.967404    -0.2191  27.965011     7.2660     7.3588     1.3696    83.8763 1.5675e+01  -64.77024  -63.09850 347.994707      99.98 1.2287e+03   1574.708      37794         15  0.000e+00
     20.119     19.921    -0.2195  27.967116    -0.2185  27.965517     7.2708     7.3591     1.3696    83.8763 1.5675e+01  -64.77024  -63.09850 347.994708      99.98 1.2287e+03   1574.750      37795         15  0.000e+00
     20.016     19.819    -0.2195  27.967404    -0.2186  27.965517     7.2725     7.3594     1.3769    83.8763 1.5675e+01  -64.77024  -63.09850 347.994708      99.98 1.2287e+03   1574.792      37796         15  0.000e+00
     20.037     19.840    -0.2194  27.966828    -0.2191  27.965517     7.2573     7.3546     1.3696    83.8763 1.5675e+01  -64.77024  -63.09850 347.994709      99.93 1.2287e+03   1574.833      37797         15  0.000e+00
     20.119     19.921    -0.2191  27.967404    -0.2187  27.965799     7.2600     7.3545     1.3769    83.8763 1.5675e+01  -64.77024  -63.09850 347.994709      99.95 1.2287e+03   1574.875      37798         15  0.000e+00
     20.037     19.840    -0.2195  27.967116    -0.2186  27.965236     7.2714     7.3544     1.3696    83.8763 1.5675e+01  -64.77024  -63.09850 347.994710      99.95 1.2287e+03   1574.917      37799         15  0.000e+00
     20.064     19.867    -0.2194  27.966828    -0.2183  27.966024     7.2684     7.3598     1.3696    83.8763 1.5675e+01  -64.77024  -63.09850 347.994710      99.98 1.2287e+03   1574.958      37800         15  0.000e+00
     20.064     19.867    -0.2192  27.967404    -0.2183  27.966024     7.2570     7.3554     1.3696    83.8763 1.5675e+01  -64.77024  -63.09850 347.994711      99.98 1.2287e+03   1575.000      37801         15  0.000e+00
     20.085     19.887    -0.2189  27.966828    -0.2180  27.966024     7.2721     7.3558     1.3696    83.8763 1.5675e+01  -64.77024  -63.09850 347.994711      99.98 1.2287e+03   1575.042      37802         15  0.000e+00
     20.085     19.888    -0.2283  27.963372    -0.2283  27.962874     7.2714     7.3588     1.4355    83.7990 1.5538e+01  -64.77024  -63.09850 347.994751      99.98 1.2323e+03   1578.500      37885         16  0.000e+00
     20.017     19.820    -0.2309  27.964237    -0.2291  27.961861     7.2678     7.3599     1.4355    83.7990 1.5538e+01  -64.77024  -63.09850 347.994752      99.98 1.2323e+03   1578.542      37886         16  0.000e+00
     20.065     19.867    -0.2338  27.963142    -0.2295  27.962086     7.2633     7.3548     1.4428    83.7990 1.5538e+01  -64.77024  -63.09850 347.994752      99.98 1.2323e+03   1578.583      37887         16  0.000e+00
     20.085     19.888    -0.2346  27.962336    -0.2289  27.961861     7.2732     7.3595     1.4355    83.8248 1.5538e+01  -64.77024  -63.09850 347.994753      99.95 1.2323e+03   1578.625      37888         16  0.000e+00
     20.065     19.867    -0.2341  27.962106    -0.2289  27.961298     7.2695     7.3598     1.4355    83.8505 1.5538e+01  -64.77024  -63.09850 347.994753      99.95 1.2323e+03   1578.667      37889         16  0.000e+00
     20.085     19.888    -0.2325  27.962624    -0.2273  27.961861     7.2701     7.3553     1.4355    83.8505 1.5538e+01  -64.77024  -63.09850 347.994754      99.98 1.2323e+03   1578.708      37890         16  0.000e+00
     20.017     19.820    -0.2302  27.962912    -0.2262  27.961861     7.2751     7.3600     1.4355    83.8505 1.5538e+01  -64.77024  -63.09850 347.994754      99.98 1.2323e+03   1578.750      37891         16  0.000e+00
     20.065     19.867    -0.2285  27.962854    -0.2274  27.962367     7.2715     7.3607     1.4208    83.8505 1.5538e+01  -64.77024  -63.09850 347.994755      99.98 1.2323e+03   1578.792      37892         16  0.000e+00
     20.037     19.840    -0.2278  27.963948    -0.2294  27.962874     7.2724     7.3615     1.3622    83.8505 1.5538e+01  -64.77024  -63.09850 347.994755      99.93 1.2323e+03   1578.833      37893         16  0.000e+00
     20.065     19.867    -0.2283  27.963660    -0.2308  27.962086     7.2667     7.3623     1.3403    83.8505 1.5538e+01  -64.77024  -63.09850 347.994755      99.95 1.2323e+03   1578.875      37894         16  0.000e+00
     20.085     19.888    -0.2288  27.963949    -0.2293  27.961861     7.2769     7.3627     1.3403    83.8505 1.5538e+01  -64.77024  -63.09850 347.994756      99.98 1.2323e+03   1578.917      37895         16  0.000e+00
     20.017     19.820    -0.2272  27.963142    -0.2276  27.961861     7.2736     7.3629     1.3403    83.8505 1.5538e+01  -64.77024  -63.09850 347.994756      99.98 1.2323e+03   1578.958      37896         16  0.000e+00
     20.065     19.867    -0.2253  27.964236    -0.2266  27.962367     7.2734     7.3634     1.3403    83.8505 1.5538e+01  -64.77024  -63.09850 347.994757      99.98 1.2323e+03   1579.000      37897         16  0.000e+00
     20.085     19.888    -0.2233  27.964985    -0.2277  27.962649     7.2732     7.3642     1.3476    83.8505 1.5538e+01  -64.77024  -63.09850 347.994757      99.98 1.2323e+03   1579.042      37898         16  0.000e+00
     20.017     19.820    -0.2217  27.965503    -0.2283  27.962648     7.2744     7.3596     1.3476    83.8505 1.5538e+01  -64.77024  -63.09850 347.994758      99.98 1.2323e+03   1579.083      37899         16  0.000e+00
     20.085     19.888    -0.2209  27.966310    -0.2297  27.961861     7.2689     7.3590     1.3403    83.8505 1.5538e+01  -64.77024  -63.09850 347.994758      99.95 1.2323e+03   1579.125      37900         16  0.000e+00
     20.017     19.820    -0.2206  27.966079    -0.2320  27.962086     7.2679     7.3584     1.3403    83.8505 1.5538e+01  -64.77024  -63.09850 347.994759      99.95 1.2323e+03   1579.167      37901         16  0.000e+00
     20.065     19.867    -0.2211  27.966598    -0.2325  27.961580     7.2658     7.3577     1.3403    83.8505 1.5538e+01  -64.77024  -63.09850 347.994759      99.95 1.2323e+03   1579.208      37902         16  0.000e+00
     20.085     19.888    -0.2209  27.966310    -0.2305  27.960792     7.2651     7.3620     1.3403    83.8505 1.5538e+01  -64.77024  -63.09850 347.994760      99.98 1.2323e+03   1579.250      37903         16  0.000e+00
     20.017     19.820    -0.2205  27.966598    -0.2299  27.960961     7.2644     7.3564     1.3403    83.8505 1.5538e+01  -64.77024  -63.09850 347.994760      99.98 1.2323e+03   1579.292      37904         16  0.000e+00
     20.085     19.888    -0.2211  27.966310    -0.2322  27.961580     7.2641     7.3568     1.3403    83.8505 1.5538e+01  -64.77024  -63.09850 347.994761      99.95 1.2323e+03   1579.333      37905         16  0.000e+00
     20.065     19.867    -0.2241  27.966310    -0.2342  27.961580     7.2699     7.3573     1.3403    83.8505 1.5538e+01  -64.77024  -63.09850 347.994761      99.95 1.2323e+03   1579.375      37906         16  0.000e+00
     20.065     19.867    -0.2233  27.966310    -0.2351  27.960511     7.2650     7.3632     1.3403    83.8505 1.5538e+01  -64.77024  -63.09850 347.994762      99.98 1.2323e+03   1579.417      37907         16  0.000e+00
     20.085     19.888    -0.2221  27.965791    -0.2334  27.960286     7.2646     7.3586     1.3476    83.8763 1.5538e+01  -64.77024  -63.09850 347.994762      99.98 1.2323e+03   1579.458      37908         16  0.000e+00
     20.017     19.820    -0.2219  27.966310    -0.2300  27.960792     7.2701     7.3582     1.3403    83.9535 1.5538e+01  -64.77024  -63.09850 347.994763      99.98 1.2323e+03   1579.500      37909         16  0.000e+00
     20.085     19.888    -0.2224  27.966310    -0.2277  27.961580     7.2729     7.3573     1.3403    83.9793 1.5538e+01  -64.77024  -63.09850 347.994763      99.98 1.2323e+03   1579.542      37910         16  0.000e+00
     20.017     19.820    -0.2238  27.966310    -0.2259  27.961861     7.2687     7.3565     1.3403    83.9535 1.5538e+01  -64.77024  -63.09850 347.994764      99.98 1.2323e+03   1579.583      37911         16  0.000e+00
     20.065     19.867    -0.2239  27.965503    -0.2240  27.963155     7.2734     7.3611     1.3403    83.9535 1.5583e+01  -64.77024  -63.09850 347.994764      99.95 1.2323e+03   1579.625      37912         16  0.000e+00
     20.085     19.888    -0.2239  27.965792    -0.2232  27.963436     7.2749     7.3560     1.3476    83.9535 1.5538e+01  -64.77024  -63.09850 347.994765      99.93 1.2323e+03   1579.667      37913         16  0.000e+00
     20.017     19.820    -0.2240  27.965273    -0.2223  27.963661     7.2693     7.3617     1.3403    83.9535 1.5583e+01  -64.77024  -63.09850 347.994765      99.95 1.2323e+03   1579.708      37914         16  0.000e+00
     20.085     19.888    -0.2239  27.964985    -0.2234  27.963942     7.2682     7.3624     1.3403    83.9535 1.5538e+01  -64.77024  -63.09850 347.994766      99.98 1.2323e+03   1579.750      37915         16  0.000e+00
     20.065     19.867    -0.2236  27.964985    -0.2251  27.964449     7.2742     7.3631     1.3403    83.9535 1.5538e+01  -64.77024  -63.09850 347.994766      99.98 1.2323e+03   1579.792      37916         16  0.000e+00
     20.017     19.820    -0.2224  27.964985    -0.2252  27.963661     7.2699     7.3582     1.3403    83.9535 1.5538e+01  -64.77024  -63.09850 347.994767      99.95 1.2323e+03   1579.833      37917         16  0.000e+00
     20.085     19.888    -0.2219  27.965791    -0.2252  27.963661     7.2690     7.3580     1.3403    83.9535 1.5538e+01  -64.77024  -63.09850 347.994767      99.95 1.2323e+03   1579.875      37918         16  0.000e+00
     20.065     19.867    -0.2217  27.965503    -0.2252  27.962873     7.2682     7.3632     1.3769    83.9535 1.5538e+01  -64.77024  -63.09850 347.994768      99.95 1.2323e+03   1579.917      37919         16  0.000e+00
     20.037     19.840    -0.2219  27.966079    -0.2257  27.963436     7.2745     7.3583     1.4062    83.9535 1.5538e+01  -64.77024  -63.09850 347.994768      99.98 1.2323e+03   1579.958      37920         16  0.000e+00
     20.065     19.867    -0.2221  27.965791    -0.2257  27.963436     7.2694     7.3581     1.4062    83.9535 1.5538e+01  -64.77024  -63.09850 347.994769      99.98 1.2323e+03   1580.000      37921         16  0.000e+00
     20.065     19.867    -0.2225  27.965503    -0.2257  27.963436     7.2803     7.3579     1.3989    83.9793 1.5538e+01  -64.77024  -63.09850 347.994769      99.98 1.2323e+03   1580.042      37922         16  0.000e+00
     20.037     19.840    -0.2228  27.966079    -0.2260  27.962873     7.2778     7.3578     1.3989    83.9535 1.5538e+01  -64.77024  -63.09850 347.994769      99.98 1.2323e+03   1580.083      37923         16  0.000e+00
     20.065     19.867    -0.2230  27.965791    -0.2271  27.963155     7.2786     7.3632     1.3989    83.9535 1.5538e+01  -64.77024  -63.09850 347.994770      99.95 1.2323e+03   1580.125      37924         16  0.000e+00
     20.085     19.888    -0.2227  27.965791    -0.2269  27.962649     7.2735     7.3585     1.4062    83.9535 1.5538e+01  -64.77024  -63.09850 347.994770      99.95 1.2323e+03   1580.167      37925         16  0.000e+00
     20.017     19.820    -0.2217  27.965503    -0.2259  27.963436     7.2828     7.3581     1.3989    83.9535 1.5538e+01  -64.77024  -63.09850 347.994771      99.98 1.2323e+03   1580.208      37926         16  0.000e+00
     20.065     19.867    -0.2214  27.966079    -0.2245  27.963436     7.2789     7.3579     1.4062    83.9535 1.5538e+01  -64.77024  -63.09850 347.994771      99.98 1.2323e+03   1580.250      37927         16  0.000e+00
     20.085     19.888    -0.2213  27.965791    -0.2237  27.963436     7.2795     7.3577     1.4062    83.9793 1.5538e+01  -64.77024  -63.09850 347.994772      99.98 1.2323e+03   1580.292      37928         16  0.000e+00
     20.065     19.867    -0.2213  27.966079    -0.2236  27.963942     7.2801     7.3577     1.3989    83.9793 1.5538e+01  -64.77024  -63.09850 347.994772      99.93 1.2323e+03   1580.333      37929         16  0.000e+00
     19.989     19.793    -0.2209  27.966310    -0.2240  27.963661     7.2805     7.3631     1.3989    83.9793 1.5492e+01  -64.77024  -63.09850 347.994773      99.95 1.2323e+03   1580.375      37930         16  0.000e+00
     20.119     19.922    -0.2208  27.966310    -0.2244  27.963324     7.2755     7.3588     1.3989    83.9793 1.5492e+01  -64.77024  -63.09850 347.994773      99.98 1.2323e+03   1580.417      37931         16  0.000e+00
     20.065     19.867    -0.2208  27.966598    -0.2251  27.963942     7.2761     7.3643     1.3989    83.9793 1.5492e+01  -64.77024  -63.09850 347.994774      99.98 1.2323e+03   1580.458      37932         16  0.000e+00
     20.037     19.840    -0.2208  27.966310    -0.2265  27.963942     7.2813     7.3600     1.3989    83.9793 1.5492e+01  -64.77024  -63.09850 347.994774      99.98 1.2323e+03   1580.500      37933         16  0.000e+00
     20.037     19.840    -0.2236  27.965273    -0.2236  27.963661     7.2981     7.3642     1.3622    84.0308 1.5492e+01  -64.77024  -63.09850 347.994806      99.98 1.2340e+03   1583.250      37999         17  0.000e+00
     20.065     19.867    -0.2235  27.965561    -0.2236  27.963661     7.2948     7.3637     1.3696    84.0308 1.5447e+01  -64.77024  -63.09850 347.994807      99.98 1.2340e+03   1583.292      38000         17  0.000e+00
     20.085     19.888    -0.2236  27.965273    -0.2234  27.963436     7.2888     7.3687     1.3622    84.0308 1.5447e+01  -64.77024  -63.09850 347.994807      99.95 1.2340e+03   1583.333      38001         17  0.000e+00
     20.065     19.867    -0.2236  27.965273    -0.2233  27.964224     7.3001     7.3690     1.3622    84.0565 1.5447e+01  -64.77024  -63.09850 347.994808      99.93 1.2340e+03   1583.375      38002         17  0.000e+00
     20.065     19.867    -0.2236  27.965561    -0.2237  27.963661     7.2966     7.3641     1.3622    84.0565 1.5447e+01  -64.77024  -63.09850 347.994808      99.95 1.2340e+03   1583.417      38003         17  0.000e+00
     20.085     19.888    -0.2234  27.965504    -0.2225  27.963436     7.2906     7.3635     1.3622    84.0308 1.5447e+01  -64.77024  -63.09850 347.994809      99.98 1.2340e+03   1583.458      38004         17  0.000e+00
     20.065     19.867    -0.2236  27.965561    -0.2217  27.963661     7.2947     7.3683     1.3622    84.0308 1.5447e+01  -64.77024  -63.09850 347.994809      99.98 1.2340e+03   1583.500      38005         17  0.000e+00
     20.037     19.840    -0.2233  27.965503    -0.2216  27.964223     7.2956     7.3687     1.3622    84.0308 1.5447e+01  -64.77024  -63.09850 347.994810      99.98 1.2340e+03   1583.542      38006         17  0.000e+00
     20.065     19.867    -0.2236  27.965561    -0.2212  27.964448     7.2953     7.3682     1.3696    84.0308 1.5447e+01  -64.77024  -63.09850 347.994810      99.98 1.2340e+03   1583.583      38007         17  0.000e+00
     20.065     19.867    -0.2228  27.965273    -0.2208  27.964730     7.3005     7.3686     1.3622    84.0308 1.5447e+01  -64.77024  -63.09850 347.994810      99.95 1.2340e+03   1583.625      38008         17  0.000e+00
     20.085     19.888    -0.2224  27.965561    -0.2210  27.964448     7.3012     7.3690     1.3622    84.0565 1.5447e+01  -64.77024  -63.09850 347.994811      99.95 1.2340e+03   1583.667      38009         17  0.000e+00
     20.065     19.867    -0.2219  27.965561    -0.2208  27.964730     7.2973     7.3694     1.3622    84.0823 1.5447e+01  -64.77024  -63.09850 347.994811      99.95 1.2340e+03   1583.708      38010         17  0.000e+00
