NBP2113_155081_ctd/data/nbp2113_051.ros
* Sea-Bird SBE 9 Data File:
* FileName = D:\Data\raw\NBP2113_051.hex
* Software Version Seasave V 7.26.7.121
* Temperature SN = 2438
* Conductivity SN = 2067
* Number of Bytes Per Scan = 40
* Number of Voltage Words = 5
* Number of Scans Averaged by the Deck Unit = 1
* NMEA Latitude = 64 55.61 S
* NMEA Longitude = 064 41.14 W
* NMEA UTC (Time) = Dec 11 2021  14:40:45
* NMEA baud rate = 9600
** Ship: RVIB N.B. Palmer
** Cruise: NBP2113 LTER
** Station: 592.051
** Operator: B. Urmston
# nquan = 20
# nvalues = 1098                                  
# units = specified
# name 0 = prDM: Pressure, Digiquartz [db]
# name 1 = depSM: Depth [salt water, m]
# name 2 = t090C: Temperature [ITS-90, deg C]
# name 3 = c0mS/cm: Conductivity [mS/cm]
# name 4 = t190C: Temperature, 2 [ITS-90, deg C]
# name 5 = c1mS/cm: Conductivity, 2 [mS/cm]
# name 6 = sbeox0ML/L: Oxygen, SBE 43 [ml/l]
# name 7 = sbeox1ML/L: Oxygen, SBE 43, 2 [ml/l]
# name 8 = flECO-AFL: Fluorescence, WET Labs ECO-AFL/FL [mg/m^3]
# name 9 = CStarTr0: Beam Transmission, WET Labs C-Star [%]
# name 10 = par: PAR/Irradiance, Biospherical/Licor
# name 11 = latitude: Latitude [deg]
# name 12 = longitude: Longitude [deg]
# name 13 = timeJ: Julian Days
# name 14 = altM: Altimeter [m]
# name 15 = spar: SPAR, Biospherical/Licor
# name 16 = timeS: Time, Elapsed [seconds]
# name 17 = scan: Scan Count
# name 18 = nbf: Bottles Fired
# name 19 = flag:  0.000e+00
# interval = seconds: 0.0416667
# start_time = Dec 11 2021 14:40:45 [NMEA time, header]
# bad_flag = -9.990e-29
*END*
[from data line 942]
     10.991     10.883    -0.7130  27.434514    -0.7173  27.425085     7.9581     8.0584     1.0033    82.7948 1.6094e+02  -64.92670  -64.68488 345.651374      99.98 1.0806e+03   3433.750      82411         21  0.000e+00
     11.039     10.931    -0.7130  27.433713    -0.7174  27.425421     7.9592     8.0581     0.9959    82.7948 1.6049e+02  -64.92670  -64.68488 345.651375      99.98 1.0806e+03   3433.792      82412         21  0.000e+00
     11.026     10.917    -0.7125  27.433427    -0.7168  27.425644     7.9648     8.0576     0.9959    82.7948 1.6004e+02  -64.92670  -64.68488 345.651375      99.98 1.0806e+03   3433.833      82413         21  0.000e+00
     11.039     10.931    -0.7080  27.433713    -0.7165  27.426482     7.9593     8.0572     0.9959    82.7948 1.5959e+02  -64.92670  -64.68488 345.651376      99.98 1.0806e+03   3433.875      82414         21  0.000e+00
     10.978     10.870    -0.7060  27.435028    -0.7170  27.426203     7.9574     8.0570     0.9959    82.7948 1.5914e+02  -64.92670  -64.68488 345.651376      99.93 1.0806e+03   3433.917      82415         21  0.000e+00
     11.039     10.931    -0.7080  27.436974    -0.7164  27.426147     7.9520     8.0567     0.9959    82.7948 1.5869e+02  -64.92670  -64.68488 345.651377      99.95 1.0806e+03   3433.958      82416         21  0.000e+00
     11.039     10.931    -0.7104  27.438690    -0.7185  27.427488     7.9572     8.0568     0.9959    82.7948 1.5779e+02  -64.92670  -64.68488 345.651377      99.98 1.0806e+03   3434.000      82417         21  0.000e+00
     11.026     10.917    -0.7062  27.439205    -0.7207  27.427711     7.9555     8.0571     0.9959    82.7948 1.5735e+02  -64.92670  -64.68488 345.651378      99.98 1.0806e+03   3434.042      82418         21  0.000e+00
     10.992     10.884    -0.7003  27.439204    -0.7205  27.427767     7.9478     8.0569     0.9959    82.7948 1.5735e+02  -64.92670  -64.68488 345.651378      99.95 1.0806e+03   3434.083      82419         21  0.000e+00
     11.081     10.972    -0.6953  27.439490    -0.7185  27.427711     7.9523     8.0510     0.9959    82.7948 1.5646e+02  -64.92670  -64.68488 345.651379      99.93 1.0806e+03   3434.125      82420         22  0.000e+00
     11.040     10.931    -0.6961  27.440519    -0.7179  27.427767     7.9533     8.0555     0.9959    82.7948 1.5646e+02  -64.92670  -64.68488 345.651379      99.95 1.0806e+03   3434.167      82421         22  0.000e+00
     11.040     10.931    -0.6998  27.441035    -0.7161  27.428270     7.9479     8.0496     0.9959    82.7948 1.5602e+02  -64.92670  -64.68488 345.651380      99.98 1.0806e+03   3434.208      82422         22  0.000e+00
     11.081     10.972    -0.7034  27.440234    -0.7150  27.428717     7.9487     8.0542     0.9959    82.8205 1.5558e+02  -64.92670  -64.68488 345.651380      99.98 1.0806e+03   3434.250      82423         22  0.000e+00
     11.040     10.931    -0.7055  27.437660    -0.7136  27.429051     7.9553     8.0540     0.9959    82.8205 1.5558e+02  -64.92670  -64.68488 345.651381      99.98 1.0806e+03   3434.292      82424         22  0.000e+00
     11.081     10.972    -0.7068  27.436058    -0.7130  27.429498     7.9575     8.0541     0.9959    82.8205 1.5514e+02  -64.92670  -64.68488 345.651381      99.98 1.0806e+03   3434.333      82425         22  0.000e+00
     10.992     10.884    -0.7076  27.434514    -0.7138  27.430113     7.9523     8.0543     0.9959    82.8205 1.5514e+02  -64.92670  -64.68488 345.651382      99.98 1.0806e+03   3434.375      82426         22  0.000e+00
     11.094     10.985    -0.7065  27.433999    -0.7136  27.429834     7.9471     8.0491     0.9959    82.8205 1.5471e+02  -64.92670  -64.68488 345.651382      99.95 1.0806e+03   3434.417      82427         22  0.000e+00
     11.081     10.972    -0.7030  27.435028    -0.7133  27.428996     7.9505     8.0486     0.9959    82.8205 1.5471e+02  -64.92670  -64.68488 345.651383      99.95 1.0806e+03   3434.458      82428         22  0.000e+00
     11.094     10.985    -0.7020  27.435829    -0.7109  27.428549     7.9500     8.0477     0.9959    82.8205 1.5471e+02  -64.92670  -64.68488 345.651383      99.98 1.0806e+03   3434.500      82429         22  0.000e+00
     11.026     10.918    -0.7023  27.436573    -0.7110  27.429498     7.9485     8.0472     0.9959    82.8205 1.5427e+02  -64.92670  -64.68488 345.651384      99.98 1.0806e+03   3434.542      82430         22  0.000e+00
     11.142     11.033    -0.7018  27.437202    -0.7126  27.430392     7.9485     8.0472     0.9959    82.8205 1.5427e+02  -64.92670  -64.68488 345.651384      99.93 1.0806e+03   3434.583      82431         22  0.000e+00
     11.040     10.931    -0.6999  27.437659    -0.7125  27.430783     7.9482     8.0523     0.9959    82.8205 1.5427e+02  -64.92670  -64.68488 345.651385      99.93 1.0806e+03   3434.625      82432         22  0.000e+00
     11.081     10.972    -0.6992  27.438174    -0.7091  27.430392     7.9485     8.0524     0.9959    82.8205 1.5427e+02  -64.92670  -64.68488 345.651385      99.95 1.0806e+03   3434.667      82433         22  0.000e+00
     11.094     10.985    -0.6987  27.438174    -0.7068  27.430895     7.9476     8.0526     0.9959    82.8205 1.5427e+02  -64.92670  -64.68488 345.651386      99.98 1.0806e+03   3434.708      82434         22  0.000e+00
     11.081     10.972    -0.6987  27.438174    -0.7068  27.431062     7.9482     8.0478     0.9959    82.8205 1.5427e+02  -64.92670  -64.68488 345.651386      99.98 1.0806e+03   3434.750      82435         22  0.000e+00
     11.142     11.033    -0.6999  27.437374    -0.7070  27.431900     7.9480     8.0478     0.9959    82.8205 1.5383e+02  -64.92670  -64.68488 345.651386      99.98 1.0806e+03   3434.792      82436         22  0.000e+00
     11.095     10.986    -0.7017  27.436344    -0.7085  27.431062     7.9479     8.0481     0.9959    82.8205 1.5383e+02  -64.92670  -64.68488 345.651387      99.98 1.0806e+03   3434.833      82437         22  0.000e+00
     11.081     10.972    -0.7023  27.433713    -0.7095  27.430113     7.9420     8.0484     0.9959    82.8205 1.5383e+02  -64.92670  -64.68488 345.651387      99.95 1.0806e+03   3434.875      82438         22  0.000e+00
     11.095     10.986    -0.7039  27.432168    -0.7095  27.430113     7.9423     8.0486     0.9886    82.8205 1.5340e+02  -64.92670  -64.68488 345.651388      99.95 1.0806e+03   3434.917      82439         22  0.000e+00
     11.129     11.019    -0.7082  27.430853    -0.7094  27.429778     7.9478     8.0488     0.9886    82.8205 1.5340e+02  -64.92670  -64.68488 345.651388      99.95 1.0806e+03   3434.958      82440         22  0.000e+00
     11.142     11.033    -0.7119  27.430567    -0.7095  27.430392     7.9428     8.0482     0.9886    82.8205 1.5340e+02  -64.92670  -64.68488 345.651389      99.98 1.0806e+03   3435.000      82441         22  0.000e+00
     11.142     11.033    -0.7135  27.431654    -0.7086  27.429778     7.9420     8.0475     0.9886    82.8463 1.5297e+02  -64.92670  -64.68488 345.651389      99.98 1.0806e+03   3435.042      82442         22  0.000e+00
     11.129     11.019    -0.7144  27.432398    -0.7083  27.429833     7.9427     8.0478     0.9886    82.8463 1.5297e+02  -64.92670  -64.68488 345.651390      99.95 1.0806e+03   3435.083      82443         22  0.000e+00
     11.143     11.033    -0.7145  27.432169    -0.7081  27.429498     7.9435     8.0482     0.9886    82.8463 1.5254e+02  -64.92670  -64.68488 345.651390      99.93 1.0789e+03   3435.125      82444         22  0.000e+00
     11.129     11.020    -0.7145  27.433428    -0.7076  27.429833     7.9430     8.0477     0.9886    82.8463 1.5211e+02  -64.92670  -64.68488 345.651391      99.95 1.0789e+03   3435.167      82445         22  0.000e+00
     11.143     11.033    -0.7152  27.432684    -0.7062  27.430615     7.9386     8.0470     0.9886    82.8463 1.5211e+02  -64.92670  -64.68488 345.651391      99.98 1.0789e+03   3435.208      82446         22  0.000e+00
     11.143     11.033    -0.7152  27.431883    -0.7042  27.430503     7.9490     8.0463     0.9886    82.8463 1.5168e+02  -64.92670  -64.68488 345.651392      99.98 1.0789e+03   3435.250      82447         22  0.000e+00
     11.184     11.074    -0.7150  27.432398    -0.7029  27.431677     7.9447     8.0466     0.9886    82.8463 1.5168e+02  -64.92670  -64.68488 345.651392      99.98 1.0789e+03   3435.292      82448         22  0.000e+00
     11.143     11.033    -0.7160  27.434114    -0.7026  27.433129     7.9450     8.0471     0.9886    82.8463 1.5125e+02  -64.92670  -64.68488 345.651393      99.98 1.0789e+03   3435.333      82449         22  0.000e+00
     11.184     11.074    -0.7158  27.435831    -0.7031  27.433464     7.9396     8.0480     0.9886    82.8463 1.5082e+02  -64.92670  -64.68488 345.651393      99.98 1.0789e+03   3435.375      82450         22  0.000e+00
     11.197     11.087    -0.7153  27.438920    -0.7028  27.433241     7.9445     8.0433     0.9886    82.8463 1.5040e+02  -64.92670  -64.68488 345.651394      99.95 1.0789e+03   3435.417      82451         22  0.000e+00
     11.143     11.033    -0.7158  27.442867    -0.7023  27.433129     7.9393     8.0423     0.9886    82.8463 1.5040e+02  -64.92670  -64.68488 345.651394      99.95 1.0789e+03   3435.458      82452         22  0.000e+00
     11.184     11.074    -0.7153  27.445728    -0.7026  27.432961     7.9374     8.0416     0.9886    82.8463 1.4997e+02  -64.92670  -64.68488 345.651395      99.98 1.0789e+03   3435.500      82453         22  0.000e+00
     11.245     11.135    -0.7148  27.446243    -0.7028  27.432068     7.9372     8.0466     0.9886    82.8463 1.4997e+02  -64.92670  -64.68488 345.651395      99.98 1.0789e+03   3435.542      82454         22  0.000e+00
     11.184     11.074    -0.7152  27.446529    -0.7037  27.431677     7.9374     8.0470     0.9886    82.8463 1.4955e+02  -64.92670  -64.68488 345.651396      99.95 1.0789e+03   3435.583      82455         22  0.000e+00
     11.197     11.087    -0.7156  27.445728    -0.7053  27.431062     7.9424     8.0476     0.9886    82.8463 1.4913e+02  -64.92670  -64.68488 345.651396      99.93 1.0789e+03   3435.625      82456         22  0.000e+00
     11.245     11.135    -0.7166  27.445728    -0.7068  27.429833     7.9372     8.0483     0.9886    82.8463 1.4871e+02  -64.92670  -64.68488 345.651397      99.95 1.0789e+03   3435.667      82457         22  0.000e+00
     11.184     11.074    -0.7170  27.442066    -0.7083  27.429051     7.9323     8.0489     0.9886    82.8463 1.4871e+02  -64.92670  -64.68488 345.651397      99.98 1.0789e+03   3435.708      82458         22  0.000e+00
     11.245     11.135    -0.7170  27.437375    -0.7087  27.428214     7.9382     8.0495     0.9886    82.8463 1.4829e+02  -64.92670  -64.68488 345.651398      99.98 1.0789e+03   3435.750      82459         22  0.000e+00
     11.232     11.121    -0.7163  27.434515    -0.7085  27.427767     7.9380     8.0499     0.9886    82.8463 1.4787e+02  -64.92670  -64.68486 345.651398      99.98 1.0789e+03   3435.792      82460         22  0.000e+00
     11.245     11.135    -0.7156  27.433428    -0.7087  27.427432     7.9380     8.0449     0.9886    82.8463 1.4745e+02  -64.92670  -64.68486 345.651399      99.98 1.0789e+03   3435.833      82461         22  0.000e+00
     11.198     11.088    -0.7155  27.435659    -0.7085  27.427767     7.9334     8.0499     0.9886    82.8205 1.4704e+02  -64.92670  -64.68486 345.651399      99.98 1.0789e+03   3435.875      82462         22  0.000e+00
     11.232     11.121    -0.7152  27.437661    -0.7097  27.427767     7.9381     8.0452     0.9886    82.7948 1.4704e+02  -64.92670  -64.68486 345.651399      99.93 1.0789e+03   3435.917      82463         22  0.000e+00
     11.245     11.135    -0.7152  27.439206    -0.7108  27.427432     7.9386     8.0452     0.9886    82.7948 1.4662e+02  -64.92670  -64.68486 345.651400      99.95 1.0789e+03   3435.958      82464         22  0.000e+00
     11.280     11.169    -0.7142  27.439721    -0.7136  27.427488     7.9318     8.0456     0.9886    82.7948 1.4621e+02  -64.92670  -64.68486 345.651400      99.98 1.0789e+03   3436.000      82465         22  0.000e+00
     11.245     11.135    -0.7132  27.442352    -0.7144  27.427153     7.9368     8.0456     0.9886    82.7948 1.4580e+02  -64.92670  -64.68486 345.651401      99.98 1.0789e+03   3436.042      82466         22  0.000e+00
     11.246     11.135    -0.7127  27.445728    -0.7150  27.427488     7.9376     8.0457     0.9886    82.7948 1.4580e+02  -64.92670  -64.68486 345.651401      99.95 1.0771e+03   3436.083      82467         22  0.000e+00
     11.280     11.169    -0.7132  27.448875    -0.7158  27.427432     7.9373     8.0459     0.9886    82.7948 1.4539e+02  -64.92670  -64.68486 345.651402      99.95 1.0771e+03   3436.125      82468         22  0.000e+00
     11.246     11.135    -0.7133  27.450705    -0.7126  27.427432     7.9475     8.0447     0.9886    82.7948 1.4457e+02  -64.92670  -64.68486 345.651403      99.98 1.0771e+03   3436.250      82471         23  0.000e+00
     11.280     11.169    -0.7127  27.452250    -0.7106  27.428270     7.9431     8.0445     0.9886    82.7948 1.4457e+02  -64.92670  -64.68486 345.651404      99.98 1.0771e+03   3436.292      82472         23  0.000e+00
     11.294     11.183    -0.7132  27.454139    -0.7100  27.428996     7.9449     8.0446     0.9886    82.7948 1.4416e+02  -64.92670  -64.68486 345.651404      99.98 1.0771e+03   3436.333      82473         23  0.000e+00
     11.294     11.183    -0.7127  27.455683    -0.7104  27.429610     7.9525     8.0451     0.9959    82.7948 1.4375e+02  -64.92670  -64.68486 345.651405      99.98 1.0771e+03   3436.375      82474         23  0.000e+00
     11.280     11.169    -0.7138  27.455684    -0.7108  27.429610     7.9489     8.0455     0.9886    82.7948 1.4375e+02  -64.92670  -64.68486 345.651405      99.93 1.0771e+03   3436.417      82475         23  0.000e+00
     11.294     11.183    -0.7142  27.454654    -0.7102  27.429778     7.9484     8.0450     0.9886    82.7948 1.4375e+02  -64.92670  -64.68486 345.651406      99.95 1.0771e+03   3436.458      82476         23  0.000e+00
     11.280     11.169    -0.7138  27.453566    -0.7103  27.429834     7.9493     8.0447     0.9886    82.7948 1.4375e+02  -64.92670  -64.68486 345.651406      99.98 1.0771e+03   3436.500      82477         23  0.000e+00
     11.348     11.237    -0.7138  27.451221    -0.7109  27.430281     7.9505     8.0445     0.9886    82.7948 1.4335e+02  -64.92670  -64.68486 345.651407      99.98 1.0771e+03   3436.542      82478         23  0.000e+00
     11.246     11.135    -0.7139  27.450419    -0.7114  27.431901     7.9515     8.0441     0.9886    82.7948 1.4335e+02  -64.92670  -64.68486 345.651407      99.95 1.0771e+03   3436.583      82479         23  0.000e+00
     11.335     11.223    -0.7141  27.452022    -0.7117  27.431678     7.9527     8.0440     0.9886    82.7948 1.4335e+02  -64.92670  -64.68486 345.651408      99.93 1.0754e+03   3436.625      82480         23  0.000e+00
     11.294     11.183    -0.7139  27.452823    -0.7121  27.431287     7.9539     8.0447     0.9886    82.7948 1.4335e+02  -64.92670  -64.68486 345.651408      99.95 1.0754e+03   3436.667      82481         23  0.000e+00
     11.280     11.169    -0.7136  27.453109    -0.7124  27.431678     7.9611     8.0455     0.9886    82.7948 1.4335e+02  -64.92670  -64.68486 345.651409      99.98 1.0754e+03   3436.708      82482         23  0.000e+00
     11.348     11.237    -0.7138  27.453567    -0.7129  27.431566     7.9582     8.0465     0.9886    82.8205 1.4335e+02  -64.92670  -64.68486 345.651409      99.98 1.0754e+03   3436.750      82483         23  0.000e+00
