NBP2113_155081_ctd/data/nbp2113_011.ros
* Sea-Bird SBE 9 Data File:
* FileName = D:\Data\raw\NBP2113_011.hex
* Software Version Seasave V 7.26.7.121
* Temperature SN = 2438
* Conductivity SN = 2067
* Number of Bytes Per Scan = 40
* Number of Voltage Words = 5
* Number of Scans Averaged by the Deck Unit = 1
* NMEA Latitude = 63 57.92 S
* NMEA Longitude = 066 51.27 W
* NMEA UTC (Time) = Nov 26 2021  05:08:42
* NMEA baud rate = 9600
** Ship: RVIB N.B. Palmer
** Cruise: NBP2113 LTER
** Station: 600.200
** Operator: B. Urmston
# nquan = 20
# nvalues = 1155                                  
# units = specified
# name 0 = prDM: Pressure, Digiquartz [db]
# name 1 = depSM: Depth [salt water, m]
# name 2 = t090C: Temperature [ITS-90, deg C]
# name 3 = c0mS/cm: Conductivity [mS/cm]
# name 4 = t190C: Temperature, 2 [ITS-90, deg C]
# name 5 = c1mS/cm: Conductivity, 2 [mS/cm]
# name 6 = sbeox0ML/L: Oxygen, SBE 43 [ml/l]
# name 7 = sbeox1ML/L: Oxygen, SBE 43, 2 [ml/l]
# name 8 = flECO-AFL: Fluorescence, WET Labs ECO-AFL/FL [mg/m^3]
# name 9 = CStarTr0: Beam Transmission, WET Labs C-Star [%]
# name 10 = par: PAR/Irradiance, Biospherical/Licor
# name 11 = latitude: Latitude [deg]
# name 12 = longitude: Longitude [deg]
# name 13 = timeJ: Julian Days
# name 14 = altM: Altimeter [m]
# name 15 = spar: SPAR, Biospherical/Licor
# name 16 = timeS: Time, Elapsed [seconds]
# name 17 = scan: Scan Count
# name 18 = nbf: Bottles Fired
# name 19 = flag:  0.000e+00
# interval = seconds: 0.0416667
# start_time = Nov 26 2021 05:08:42 [NMEA time, header]
# bad_flag = -9.990e-29
*END*
[from data line 362]
    243.407    240.897     2.0220  30.612290     2.0216  30.610922     4.0023     3.9835    -0.0077    97.8068 1.0000e-12  -63.96570  -66.85572 330.306625      99.98 5.2886e+01   7970.417     191291          8  0.000e+00
    243.462    240.952     2.0219  30.612290     2.0212  30.611097     4.0036     3.9836    -0.0077    97.8068 1.0000e-12  -63.96570  -66.85572 330.306626      99.98 5.2886e+01   7970.458     191292          8  0.000e+00
    243.442    240.931     2.0220  30.612290     2.0212  30.610806     3.9981     3.9836    -0.0077    97.8068 1.0000e-12  -63.96570  -66.85572 330.306626      99.98 5.2886e+01   7970.500     191293          8  0.000e+00
    243.462    240.952     2.0219  30.612290     2.0216  30.610806     4.0036     3.9835    -0.0077    97.8068 1.0000e-12  -63.96570  -66.85572 330.306627      99.95 5.2886e+01   7970.542     191294          8  0.000e+00
    243.462    240.952     2.0220  30.612290     2.0212  30.610922     4.0048     3.9836    -0.0077    97.8326 1.0000e-12  -63.96570  -66.85572 330.306627      99.95 5.2886e+01   7970.583     191295          8  0.000e+00
    243.462    240.952     2.0220  30.612290     2.0212  30.610864     3.9994     3.9836    -0.0077    97.8326 1.0000e-12  -63.96570  -66.85572 330.306628      99.98 5.2886e+01   7970.625     191296          8  0.000e+00
    243.407    240.897     2.0219  30.612290     2.0214  30.610922     3.9982     3.9835    -0.0077    97.8326 1.0000e-12  -63.96570  -66.85572 330.306628      99.98 5.2886e+01   7970.667     191297          8  0.000e+00
    243.511    240.999     2.0218  30.612469     2.0214  30.611097     4.0025     3.9836    -0.0077    97.8326 1.0000e-12  -63.96570  -66.85572 330.306629     100.00 5.2886e+01   7970.708     191298          8  0.000e+00
    243.462    240.952     2.0221  30.612350     2.0214  30.610981     4.0024     3.9836    -0.0004    97.8068 1.0000e-12  -63.96570  -66.85572 330.306629     100.00 5.2886e+01   7970.750     191299          8  0.000e+00
    243.511    240.999     2.0219  30.612290     2.0216  30.610864     3.9969     3.9836    -0.0077    97.8326 1.0000e-12  -63.96570  -66.85572 330.306630      99.98 5.2886e+01   7970.792     191300          8  0.000e+00
    243.463    240.952     2.0220  30.612469     2.0214  30.611155     4.0023     3.9835    -0.0077    97.8326 1.0000e-12  -63.96570  -66.85572 330.306630      99.98 5.2886e+01   7970.833     191301          8  0.000e+00
    243.511    240.999     2.0220  30.612111     2.0216  30.611388     4.0034     3.9887    -0.0004    97.8068 1.0000e-12  -63.96570  -66.85572 330.306630      99.95 5.2886e+01   7970.875     191302          8  0.000e+00
    243.463    240.952     2.0221  30.612350     2.0216  30.611505     4.0045     3.9842    -0.0004    97.8068 1.0000e-12  -63.96570  -66.85572 330.306631      99.95 5.2886e+01   7970.917     191303          8  0.000e+00
    243.511    240.999     2.0220  30.612529     2.0219  30.611039     4.0045     3.9842    -0.0077    97.8068 1.0000e-12  -63.96570  -66.85572 330.306631      99.98 5.2886e+01   7970.958     191304          8  0.000e+00
    243.511    240.999     2.0221  30.612350     2.0219  30.611388     4.0055     3.9842    -0.0077    97.8326 1.0000e-12  -63.96570  -66.85572 330.306632     100.00 5.2886e+01   7971.000     191305          8  0.000e+00
    243.511    240.999     2.0219  30.612290     2.0216  30.611446     4.0054     3.9842    -0.0077    97.8326 1.0000e-12  -63.96570  -66.85572 330.306632      99.98 5.2886e+01   7971.042     191306          8  0.000e+00
    243.511    240.999     2.0221  30.612469     2.0216  30.611272     4.0052     3.9841    -0.0077    97.8326 1.0000e-12  -63.96570  -66.85572 330.306633      99.95 5.2886e+01   7971.083     191307          8  0.000e+00
    243.566    241.054     2.0219  30.612350     2.0216  30.611156     3.9996     3.9841    -0.0077    97.8068 1.0000e-12  -63.96570  -66.85572 330.306633      99.98 5.2886e+01   7971.125     191308          8  0.000e+00
    243.490    240.979     2.0220  30.612290     2.0214  30.611214     4.0047     3.9841    -0.0077    97.8326 1.0000e-12  -63.96570  -66.85572 330.306634     100.00 5.2886e+01   7971.167     191309          8  0.000e+00
    243.566    241.054     2.0221  30.612469     2.0216  30.610923     4.0045     3.9841    -0.0077    97.8068 1.0000e-12  -63.96570  -66.85572 330.306634      99.98 5.2886e+01   7971.208     191310          8  0.000e+00
    243.511    240.999     2.0223  30.612350     2.0214  30.610923     4.0042     3.9840    -0.0004    97.8326 1.0000e-12  -63.96570  -66.85572 330.306635      99.98 5.2886e+01   7971.250     191311          8  0.000e+00
    243.566    241.054     2.0220  30.612290     2.0214  30.611097     3.9985     3.9840    -0.0077    97.8068 1.0000e-12  -63.96570  -66.85572 330.306635      99.98 5.2886e+01   7971.292     191312          8  0.000e+00
    243.566    241.054     2.0218  30.612290     2.0216  30.611447     4.0036     3.9891    -0.0077    97.5236 1.0000e-12  -63.96570  -66.85572 330.306636      99.98 5.2886e+01   7971.333     191313          8  0.000e+00
    243.566    241.054     2.0219  30.612290     2.0212  30.611039     3.9991     3.9847    -0.0077    97.2918 1.0000e-12  -63.96570  -66.85572 330.306636      99.95 5.4649e+01   7971.375     191314          8  0.000e+00
    243.566    241.054     2.0220  30.612052     2.0217  30.611388     3.9988     3.9897    -0.0077    97.2661 1.0000e-12  -63.96570  -66.85572 330.306637      99.98 5.4649e+01   7971.417     191315          8  0.000e+00
    243.566    241.054     2.0220  30.611992     2.0212  30.611039     4.0041     3.9853    -0.0004    97.2661 1.0000e-12  -63.96570  -66.85572 330.306637      99.98 5.4649e+01   7971.458     191316          8  0.000e+00
    243.566    241.054     2.0218  30.612350     2.0216  30.611156     4.0050     3.9852    -0.0004    97.2661 1.0000e-12  -63.96570  -66.85572 330.306638      99.98 5.4649e+01   7971.500     191317          8  0.000e+00
    243.566    241.054     2.0220  30.612350     2.0216  30.611621     3.9993     3.9851    -0.0077    97.2661 1.0000e-12  -63.96570  -66.85572 330.306638      99.98 5.4649e+01   7971.542     191318          8  0.000e+00
    243.614    241.102     2.0220  30.612291     2.0214  30.611156     3.9979     3.9850    -0.0077    97.2661 1.0000e-12  -63.96570  -66.85572 330.306639      99.93 5.4649e+01   7971.583     191319          8  0.000e+00
    243.566    241.054     2.0219  30.612290     2.0216  30.611097     4.0032     3.9849    -0.0077    97.2918 1.0000e-12  -63.96570  -66.85572 330.306639      99.98 5.4649e+01   7971.625     191320          8  0.000e+00
    101.408    100.396     1.2695  29.731162     1.2812  29.738787     4.7005     4.6901     0.0069    97.6266 1.0000e-12  -63.96580  -66.85584 330.309299      99.98 4.5835e+01   8201.458     196836          9  0.000e+00
    101.332    100.322     1.2682  29.729158     1.2792  29.739363     4.6958     4.6902     0.0069    97.6008 1.0000e-12  -63.96580  -66.85584 330.309300      99.98 4.5835e+01   8201.500     196837          9  0.000e+00
    101.360    100.349     1.2643  29.725976     1.2843  29.744602     4.6905     4.6896     0.0069    97.6266 1.0000e-12  -63.96580  -66.85584 330.309300      99.98 4.5835e+01   8201.542     196838          9  0.000e+00
    101.332    100.322     1.2601  29.723148     1.2925  29.748632     4.6965     4.6879     0.0069    97.6008 1.0000e-12  -63.96580  -66.85584 330.309301      99.95 4.5835e+01   8201.583     196839          9  0.000e+00
    101.305    100.295     1.2578  29.721793     1.2926  29.747826     4.6983     4.6880     0.0069    97.6266 1.0000e-12  -63.96580  -66.85584 330.309301      99.98 4.5835e+01   8201.625     196840          9  0.000e+00
    101.408    100.397     1.2582  29.722029     1.2894  29.744602     4.7013     4.6888     0.0069    97.6266 1.0000e-12  -63.96580  -66.85584 330.309302     100.00 4.5835e+01   8201.667     196841          9  0.000e+00
    101.332    100.322     1.2577  29.721322     1.2853  29.741838     4.7035     4.6896     0.0069    97.6008 1.0000e-12  -63.96580  -66.85584 330.309302      99.98 4.5835e+01   8201.708     196842          9  0.000e+00
    101.360    100.349     1.2568  29.720674     1.2829  29.740226     4.7061     4.6903     0.0069    97.6266 1.0000e-12  -63.96580  -66.85584 330.309303      99.98 4.5835e+01   8201.750     196843          9  0.000e+00
    101.387    100.376     1.2590  29.721086     1.2804  29.738845     4.7019     4.6910     0.0069    97.6008 1.0000e-12  -63.96580  -66.85584 330.309303      99.98 4.5835e+01   8201.792     196844          9  0.000e+00
    101.360    100.349     1.2593  29.722971     1.2788  29.738096     4.7024     4.6917     0.0069    97.6266 1.0000e-12  -63.96580  -66.85584 330.309304     100.00 4.5835e+01   8201.833     196845          9  0.000e+00
    101.332    100.322     1.2646  29.728275     1.2785  29.738557     4.7013     4.6922     0.0069    97.6266 1.0000e-12  -63.96580  -66.85584 330.309304      99.95 4.5835e+01   8201.875     196846          9  0.000e+00
    101.360    100.349     1.2709  29.733637     1.2789  29.739593     4.7083     4.6927     0.0069    97.6008 1.0000e-12  -63.96580  -66.85584 330.309305      99.95 4.5835e+01   8201.917     196847          9  0.000e+00
    101.333    100.322     1.2735  29.734875     1.2804  29.740284     4.7094     4.6932     0.0069    97.6266 1.0000e-12  -63.96580  -66.85584 330.309305      99.98 4.5835e+01   8201.958     196848          9  0.000e+00
    101.360    100.349     1.2727  29.733637     1.2790  29.738557     4.7044     4.6942     0.0069    97.6008 1.0000e-12  -63.96580  -66.85584 330.309306      99.98 4.5835e+01   8202.000     196849          9  0.000e+00
    101.360    100.349     1.2702  29.730042     1.2772  29.736254     4.7029     4.6953     0.0069    97.6523 1.0000e-12  -63.96580  -66.85584 330.309306      99.98 4.5835e+01   8202.042     196850          9  0.000e+00
    101.333    100.322     1.2639  29.724503     1.2756  29.735218     4.7087     4.6963     0.0069    97.6523 1.0000e-12  -63.96580  -66.85584 330.309307      99.95 4.5835e+01   8202.083     196851          9  0.000e+00
    101.360    100.349     1.2569  29.718729     1.2756  29.735966     4.7093     4.6921     0.0069    97.6523 1.0000e-12  -63.96580  -66.85584 330.309307      99.98 4.5835e+01   8202.125     196852          9  0.000e+00
    101.333    100.322     1.2519  29.714487     1.2762  29.736657     4.7042     4.6974     0.0069    97.6523 1.0000e-12  -63.96580  -66.85584 330.309307      99.98 4.5835e+01   8202.167     196853          9  0.000e+00
    101.360    100.349     1.2486  29.712484     1.2767  29.736657     4.7100     4.6925     0.0069    97.6523 1.0000e-12  -63.96580  -66.85584 330.309308      99.98 4.5835e+01   8202.208     196854          9  0.000e+00
    101.388    100.376     1.2467  29.711482     1.2769  29.734700     4.7060     4.6973     0.0069    97.6523 1.0000e-12  -63.96580  -66.85584 330.309308      99.98 4.5835e+01   8202.250     196855          9  0.000e+00
    101.305    100.295     1.2492  29.717374     1.2728  29.728712     4.6990     4.6983     0.0069    97.6523 1.0000e-12  -63.96580  -66.85584 330.309309      99.98 4.5835e+01   8202.292     196856          9  0.000e+00
    101.360    100.349     1.2637  29.730161     1.2671  29.724222     4.6950     4.6995     0.0069    97.6523 1.0000e-12  -63.96580  -66.85584 330.309309     100.00 4.5835e+01   8202.333     196857          9  0.000e+00
    101.333    100.322     1.2757  29.740415     1.2651  29.723532     4.6983     4.7002     0.0069    97.6523 1.0000e-12  -63.96580  -66.85584 330.309310      99.95 4.5835e+01   8202.375     196858          9  0.000e+00
    101.360    100.349     1.2804  29.741770     1.2645  29.724856     4.7029     4.6955     0.0069    97.6523 1.0000e-12  -63.96580  -66.85584 330.309310      99.98 4.5835e+01   8202.417     196859          9  0.000e+00
    101.388    100.377     1.2802  29.741534     1.2650  29.725316     4.7051     4.6952     0.0069    97.6523 1.0000e-12  -63.96580  -66.85584 330.309311      99.98 4.5835e+01   8202.458     196860          9  0.000e+00
    101.305    100.295     1.2809  29.741121     1.2653  29.725892     4.7073     4.6950     0.0069    97.6781 1.0000e-12  -63.96580  -66.85584 330.309311      99.98 4.5835e+01   8202.500     196861          9  0.000e+00
    101.388    100.377     1.2735  29.735169     1.2669  29.730440     4.7175     4.6997     0.0069    97.6523 1.0000e-12  -63.96580  -66.85584 330.309312      99.98 4.5835e+01   8202.542     196862          9  0.000e+00
    101.305    100.295     1.2708  29.736997     1.2745  29.738672     4.7227     4.6941     0.0069    97.6523 1.0000e-12  -63.96580  -66.85584 330.309312      99.95 4.5835e+01   8202.583     196863          9  0.000e+00
    101.360    100.349     1.2826  29.744245     1.2850  29.750073     4.7184     4.6926     0.0069    97.6523 1.0000e-12  -63.96580  -66.85584 330.309313      99.98 4.5835e+01   8202.625     196864          9  0.000e+00
    101.388    100.377     1.2846  29.747310     1.2977  29.760323     4.7185     4.6909     0.0069    97.6523 1.0000e-12  -63.96580  -66.85584 330.309313      99.98 4.5835e+01   8202.667     196865          9  0.000e+00
    101.305    100.295     1.2912  29.750375     1.3068  29.767464     4.7193     4.6898     0.0069    97.6523 1.0000e-12  -63.96580  -66.85584 330.309314      99.98 4.5835e+01   8202.708     196866          9  0.000e+00
    101.388    100.377     1.2885  29.745247     1.3124  29.771150     4.7203     4.6944     0.0069    97.6523 1.0000e-12  -63.96580  -66.85584 330.309314     100.00 4.5835e+01   8202.750     196867          9  0.000e+00
    101.360    100.350     1.2779  29.737762     1.3161  29.773684     4.7168     4.6949     0.0069    97.6523 1.0000e-12  -63.96580  -66.85584 330.309315      99.98 4.5835e+01   8202.792     196868          9  0.000e+00
    101.333    100.322     1.2670  29.729925     1.3191  29.775354     4.7244     4.6956     0.0069    97.6523 1.0000e-12  -63.96580  -66.85584 330.309315      99.98 4.5835e+01   8202.833     196869          9  0.000e+00
    101.305    100.295     1.2596  29.726920     1.3206  29.774202     4.7285     4.6913     0.0069    97.6523 1.0000e-12  -63.96580  -66.85584 330.309316      99.95 4.5835e+01   8202.875     196870          9  0.000e+00
    101.360    100.350     1.2656  29.732636     1.3143  29.767521     4.7323     4.6970     0.0069    97.6266 1.0000e-12  -63.96580  -66.85584 330.309316      99.98 4.5835e+01   8202.917     196871          9  0.000e+00
    101.333    100.322     1.2780  29.742124     1.3037  29.753872     4.7355     4.6938     0.0069    97.6266 1.0000e-12  -63.96580  -66.85584 330.309317      99.98 4.5835e+01   8202.958     196872          9  0.000e+00
    101.360    100.350     1.2860  29.746898     1.2900  29.743623     4.7437     4.6952     0.0069    97.6266 1.0000e-12  -63.96580  -66.85584 330.309317      99.98 4.5835e+01   8203.000     196873          9  0.000e+00
    101.333    100.322     1.2845  29.744952     1.2878  29.745235     4.7424     4.6950     0.0069    97.6266 1.0000e-12  -63.96580  -66.85584 330.309318      99.98 4.5835e+01   8203.042     196874          9  0.000e+00
    101.360    100.350     1.2799  29.740296     1.2942  29.751454     4.7458     4.6937     0.0069    97.6266 1.0000e-12  -63.96580  -66.85584 330.309318      99.95 4.5835e+01   8203.083     196875          9  0.000e+00
    101.333    100.322     1.2773  29.736701     1.2977  29.752893     4.7423     4.6930     0.0069    97.6266 1.0000e-12  -63.96580  -66.85584 330.309319      99.98 4.5835e+01   8203.125     196876          9  0.000e+00
    101.360    100.350     1.2755  29.735582     1.2951  29.752375     4.7498     4.6930     0.0069    97.6266 1.0000e-12  -63.96580  -66.85584 330.309319      99.98 4.5835e+01   8203.167     196877          9  0.000e+00
