NBP2113_155081_ctd/data/nbp2113_017.cnv
* Sea-Bird SBE 9 Data File:
* FileName = D:\Data\raw\NBP2113_017.hex
* Software Version Seasave V 7.26.7.121
* Temperature SN = 2438
* Conductivity SN = 2067
* Number of Bytes Per Scan = 40
* Number of Voltage Words = 5
* Number of Scans Averaged by the Deck Unit = 1
* NMEA Latitude = 65 14.32 S
* NMEA Longitude = 069 47.72 W
* NMEA UTC (Time) = Nov 28 2021  09:59:52
* NMEA baud rate = 9600
** Ship: RVIB N.B. Palmer
** Cruise: NBP2113 LTER
** Station: 400.200
** Operator: B. Urmston
# nquan = 25
# nvalues = 5507                        
# units = specified
# name 0 = prDM: Pressure, Digiquartz [db]
# name 1 = depSM: Depth [salt water, m]
# name 2 = t090C: Temperature [ITS-90, deg C]
# name 3 = c0mS/cm: Conductivity [mS/cm]
# name 4 = t190C: Temperature, 2 [ITS-90, deg C]
# name 5 = c1mS/cm: Conductivity, 2 [mS/cm]
# name 6 = sbeox0ML/L: Oxygen, SBE 43 [ml/l]
# name 7 = sbeox1ML/L: Oxygen, SBE 43, 2 [ml/l]
# name 8 = flECO-AFL: Fluorescence, WET Labs ECO-AFL/FL [mg/m^3]
# name 9 = CStarTr0: Beam Transmission, WET Labs C-Star [%]
# name 10 = par: PAR/Irradiance, Biospherical/Licor
# name 11 = latitude: Latitude [deg]
# name 12 = longitude: Longitude [deg]
# name 13 = timeJ: Julian Days
# name 14 = altM: Altimeter [m]
# name 15 = spar: SPAR, Biospherical/Licor
# name 16 = timeS: Time, Elapsed [seconds]
# name 17 = scan: Scan Count
# name 18 = density00: Density [density, kg/m^3]
# name 19 = density11: Density, 2 [density, kg/m^3]
# name 20 = sal00: Salinity, Practical [PSU]
# name 21 = sal11: Salinity, Practical, 2 [PSU]
# name 22 = oxsolML/L: Oxygen Saturation, Garcia & Gordon [ml/l]
# name 23 = nbin: number of scans per bin
# name 24 = flag: flag
# span 0 =      1.000,   2756.000       
# span 1 =      0.992,   2711.176       
# span 2 =    -0.9020,     2.0064       
# span 3 =  27.572589,  30.675109       
# span 4 =    -0.9006,     2.0062       
# span 5 =  27.573360,  30.674174       
# span 6 =     3.8706,     9.4211       
# span 7 =     3.9241,    10.0093       
# span 8 =    -0.0226,     9.2023       
# span 9 =    87.1214,    97.9881       
# span 10 = 1.0000e-12, 1.0000e-12      
# span 11 =  -65.23835,  -65.23662      
# span 12 =  -69.79936,  -69.79608      
# span 13 = 332.420197, 332.506389      
# span 14 =       1.07,     104.15      
# span 15 = 2.6267e+02, 1.2819e+03      
# span 16 =    313.043,   7760.045      
# span 17 =       7514,     186242      
# span 18 =  1027.3210,  1040.5508      
# span 19 =  1027.3201,  1040.5502      
# span 20 =    33.9856,    34.7283      
# span 21 =    33.9839,    34.7276      
# span 22 =    7.62748,    8.25910      
# span 23 =         11,         57      
# span 24 = 0.0000e+00, 0.0000e+00      
# interval = decibars: 1                
# start_time = Nov 28 2021 09:59:52 [NMEA time, header]
# bad_flag = -9.990e-29
*END*
[from data line 5450]
     57.000     56.433    -0.8803  27.600158    -0.8797  27.600125     7.6161     7.6549     3.3116    92.8719 1.0000e-12  -65.23724  -69.79853 332.503325      99.97 3.6312e+02   7495.276     179888  1027.6404  1027.6398    34.0354    34.0347    8.25370         41 0.0000e+00
     56.000     55.444    -0.8789  27.601508    -0.8790  27.600297     7.6006     7.6719     2.6146    92.6707 1.0000e-12  -65.23723  -69.79854 332.503345      99.97 3.6326e+02   7496.992     179929  1027.6362  1027.6350    34.0362    34.0347    8.25333         33 0.0000e+00
     55.000     54.452    -0.8796  27.599174    -0.8786  27.597203     7.6209     7.6803     2.4665    92.7408 1.0000e-12  -65.23722  -69.79854 332.503361      99.97 3.6475e+02   7498.394     179962  1027.6300  1027.6269    34.0345    34.0307    8.25359         37 0.0000e+00
     54.000     53.463    -0.8779  27.599559    -0.8776  27.598729     7.7280     7.7081     3.0871    92.1352 1.0000e-12  -65.23723  -69.79853 332.503383      99.97 3.6493e+02   7500.286     180008  1027.6245  1027.6233    34.0337    34.0322    8.25326         39 0.0000e+00
     53.000     52.473    -0.8328  27.624740    -0.8510  27.612222     7.9376     7.8713     2.8988    92.6172 1.0000e-12  -65.23722  -69.79854 332.503425      99.97 3.6492e+02   7503.939     180096  1027.6037  1027.6078    34.0176    34.0211    8.24433         35 0.0000e+00
     52.000     51.483    -0.8390  27.621826    -0.8393  27.621354     8.0445     7.9663     3.5353    92.0223 1.0000e-12  -65.23722  -69.79856 332.503443      99.97 3.6492e+02   7505.509     180133  1027.6025  1027.6022    34.0212    34.0210    8.24547         29 0.0000e+00
     51.000     50.493    -0.7487  27.684496    -0.7391  27.689000     8.0630     7.9666     4.0362    90.7848 1.0000e-12  -65.23722  -69.79856 332.503458      99.97 3.6492e+02   7506.803     180164  1027.5786  1027.5741    34.0049    34.0003    8.22668         33 0.0000e+00
     50.000     49.504    -0.6744  27.736196    -0.6778  27.733197     8.1640     8.1397     5.8440    89.6093 1.0000e-12  -65.23722  -69.79856 332.503516      99.97 3.6657e+02   7511.756     180283  1027.5597  1027.5596    33.9918    33.9916    8.21128         36 0.0000e+00
     49.000     48.513    -0.7072  27.713166    -0.7008  27.716922     8.1802     8.1512     5.0176    88.9117 1.0000e-12  -65.23720  -69.79856 332.503532      99.97 3.6787e+02   7513.182     180317  1027.5630  1027.5605    33.9983    33.9961    8.21805         28 0.0000e+00
     48.000     47.523    -0.6667  27.741182    -0.6787  27.731286     8.1603     8.1603     6.2095    88.3089 1.0000e-12  -65.23720  -69.79859 332.503548      99.97 3.6842e+02   7514.586     180351  1027.5500  1027.5508    33.9911    33.9912    8.20965         42 0.0000e+00
     47.000     46.534    -0.6803  27.731561    -0.6809  27.730618     8.1878     8.1860     5.4564    88.6700 1.0000e-12  -65.23720  -69.79860 332.503572      99.97 3.7003e+02   7516.650     180401  1027.5492  1027.5484    33.9940    33.9934    8.21243         43 0.0000e+00
     46.000     45.543    -0.6481  27.754302    -0.6525  27.750252     8.1907     8.1995     5.4793    88.6912 1.0000e-12  -65.23720  -69.79860 332.503595      99.97 3.7170e+02   7518.644     180448  1027.5385  1027.5383    33.9891    33.9887    8.20572         42 0.0000e+00
     45.000     44.554    -0.6408  27.758346    -0.6407  27.757512     8.1844     8.2309     6.5184    88.1392 1.0000e-12  -65.23714  -69.79871 332.503933      99.96 3.6789e+02   7547.818     181149  1027.5335  1027.5324    33.9870    33.9857    8.20426         32 0.0000e+00
     44.000     43.563    -0.6378  27.760465    -0.6387  27.758938     8.1877     8.2339     6.2706    88.2703 1.0000e-12  -65.23712  -69.79874 332.504015      99.97 3.7005e+02   7554.926     181319  1027.5288  1027.5280    33.9871    33.9861    8.20360         39 0.0000e+00
     43.000     42.574    -0.6377  27.760187    -0.6382  27.758731     8.2012     8.2477     5.5913    88.3622 1.0000e-12  -65.23712  -69.79874 332.504067      99.96 3.7543e+02   7559.407     181427  1027.5241  1027.5230    33.9873    33.9858    8.20358         30 0.0000e+00
     42.000     41.583    -0.6344  27.762245    -0.6336  27.761991     8.1920     8.2525     6.6812    88.1472 1.0000e-12  -65.23710  -69.79876 332.504081      99.97 3.7638e+02   7560.562     181454  1027.5188  1027.5178    33.9869    33.9857    8.20287         34 0.0000e+00
     41.000     40.593    -0.6300  27.765216    -0.6320  27.762705     8.2092     8.2564     7.2904    88.1043 1.0000e-12  -65.23710  -69.79877 332.504123      99.97 3.7659e+02   7564.218     181542  1027.5136  1027.5127    33.9866    33.9855    8.20194         35 0.0000e+00
     40.000     39.602    -0.6313  27.763685    -0.6302  27.763538     8.2083     8.2498     5.9843    88.1708 1.0000e-12  -65.23710  -69.79879 332.504166      99.97 3.7354e+02   7567.957     181632  1027.5090  1027.5077    33.9866    33.9852    8.20222         38 0.0000e+00
     39.000     38.611    -0.6301  27.764073    -0.6311  27.762403     8.2054     8.2438     6.2868    87.7756 1.0000e-12  -65.23710  -69.79878 332.504200      99.97 3.7136e+02   7570.855     181702  1027.5039  1027.5031    33.9864    33.9853    8.20197         37 0.0000e+00
     38.000     37.624    -0.6288  27.764816    -0.6299  27.762933     8.2197     8.2530     6.3378    88.1287 1.0000e-12  -65.23708  -69.79880 332.504221      99.96 3.6960e+02   7572.691     181746  1027.4992  1027.4982    33.9865    33.9852    8.20168         40 0.0000e+00
     37.000     36.634    -0.6274  27.765291    -0.6295  27.762795     8.2241     8.2562     7.4342    87.3419 1.0000e-12  -65.23708  -69.79882 332.504247      99.97 3.6842e+02   7574.928     181799  1027.4941  1027.4934    33.9863    33.9852    8.20140         42 0.0000e+00
     36.000     35.643    -0.6324  27.761060    -0.6341  27.758757     8.2010     8.2432     6.1279    88.0218 1.0000e-12  -65.23706  -69.79886 332.504351      99.97 3.6715e+02   7583.930     182015  1027.4900  1027.4892    33.9867    33.9855    8.20244         30 0.0000e+00
     35.000     34.653    -0.6362  27.757561    -0.6365  27.756447     8.1899     8.2482     7.3014    88.4449 1.0000e-12  -65.23695  -69.79907 332.504851      99.97 3.4470e+02   7627.103     183051  1027.4856  1027.4846    33.9869    33.9857    8.20326         44 0.0000e+00
     34.000     33.662    -0.6341  27.758615    -0.6346  27.757503     8.2097     8.2551     5.9993    88.5790 1.0000e-12  -65.23694  -69.79908 332.504904      99.97 3.3983e+02   7631.691     183162  1027.4804  1027.4797    33.9867    33.9857    8.20283         27 0.0000e+00
     33.000     32.675    -0.6354  27.757169    -0.6349  27.756628     8.1972     8.2524     6.7756    87.8499 1.0000e-12  -65.23694  -69.79908 332.504947      99.97 3.3498e+02   7635.410     183251  1027.4758  1027.4748    33.9868    33.9855    8.20310         35 0.0000e+00
     32.000     31.683    -0.6336  27.758101    -0.6337  27.757105     8.2158     8.2548     6.3609    88.0701 1.0000e-12  -65.23693  -69.79909 332.504963      99.97 3.3337e+02   7636.816     183285  1027.4708  1027.4698    33.9866    33.9853    8.20272         31 0.0000e+00
     31.000     30.695    -0.6337  27.757467    -0.6339  27.756504     8.1978     8.2563     6.3922    88.3181 1.0000e-12  -65.23692  -69.79910 332.504981      99.97 3.3252e+02   7638.383     183322  1027.4659  1027.4651    33.9865    33.9854    8.20275         33 0.0000e+00
     30.000     29.701    -0.6275  27.762018    -0.6281  27.760620     8.2153     8.2747     6.2739    88.0282 1.0000e-12  -65.23690  -69.79912 332.505034      99.97 3.2975e+02   7642.962     183432  1027.4606  1027.4596    33.9863    33.9850    8.20142         23 0.0000e+00
     29.000     28.713    -0.6272  27.761678    -0.6273  27.760781     8.1873     8.2627     6.9688    88.1073 1.0000e-12  -65.23690  -69.79913 332.505073      99.97 3.2798e+02   7646.308     183512  1027.4557  1027.4547    33.9861    33.9849    8.20137         33 0.0000e+00
     28.000     27.723    -0.6297  27.759378    -0.6293  27.758827     8.2275     8.2622     5.8217    87.4694 1.0000e-12  -65.23690  -69.79914 332.505090      99.96 3.2790e+02   7647.745     183547  1027.4513  1027.4503    33.9864    33.9852    8.20188         25 0.0000e+00
     27.000     26.733    -0.6271  27.760991    -0.6274  27.759866     8.2149     8.2692     6.0602    87.7179 1.0000e-12  -65.23690  -69.79914 332.505101      99.96 3.2790e+02   7648.762     183571  1027.4463  1027.4453    33.9863    33.9851    8.20133         27 0.0000e+00
     26.000     25.741    -0.6268  27.760718    -0.6278  27.758973     8.2069     8.2688     6.3222    88.4396 1.0000e-12  -65.23689  -69.79915 332.505146      99.97 3.2878e+02   7652.652     183665  1027.4414  1027.4405    33.9861    33.9849    8.20126         24 0.0000e+00
     25.000     24.754    -0.6263  27.760707    -0.6267  27.759509     8.2106     8.2746     5.0033    87.6088 1.0000e-12  -65.23688  -69.79916 332.505185      99.96 3.2966e+02   7656.006     183745  1027.4366  1027.4357    33.9862    33.9850    8.20116         18 0.0000e+00
     24.000     23.762    -0.6264  27.760151    -0.6266  27.759120     8.2137     8.2750     5.5834    87.8891 1.0000e-12  -65.23687  -69.79917 332.505194      99.97 3.2966e+02   7656.739     183763  1027.4318  1027.4309    33.9862    33.9850    8.20118         17 0.0000e+00
     23.000     22.773    -0.6264  27.759676    -0.6267  27.758625     8.2136     8.2658     6.2900    88.3239 1.0000e-12  -65.23686  -69.79918 332.505207      99.96 3.2999e+02   7657.849     183789  1027.4271  1027.4262    33.9862    33.9851    8.20119         27 0.0000e+00
     22.000     21.782    -0.6263  27.759305    -0.6266  27.758211     8.2101     8.2726     6.3006    87.8906 1.0000e-12  -65.23686  -69.79920 332.505288      99.96 3.3328e+02   7664.881     183958  1027.4223  1027.4214    33.9862    33.9850    8.20117         40 0.0000e+00
     21.000     20.792    -0.6263  27.758832    -0.6265  27.757773     8.2303     8.2716     6.2748    88.2676 1.0000e-12  -65.23686  -69.79920 332.505311      99.96 3.3403e+02   7666.906     184007  1027.4175  1027.4166    33.9862    33.9850    8.20116         38 0.0000e+00
     20.000     19.804    -0.6253  27.759315    -0.6256  27.758086     8.2268     8.2724     5.8991    88.4365 1.0000e-12  -65.23680  -69.79927 332.505538      99.96 3.3523e+02   7686.486     184477  1027.4127  1027.4117    33.9863    33.9850    8.20093         34 0.0000e+00
     19.000     18.812    -0.6248  27.759247    -0.6250  27.758163     8.2097     8.2690     5.7446    87.7635 1.0000e-12  -65.23674  -69.79932 332.505865      99.96 3.3761e+02   7714.768     185155  1027.4079  1027.4069    33.9863    33.9851    8.20083         37 0.0000e+00
     18.000     17.823    -0.6247  27.758835    -0.6252  27.757512     8.2231     8.2785     6.1931    87.7962 1.0000e-12  -65.23674  -69.79933 332.505920      99.97 3.4187e+02   7719.533     185270  1027.4031  1027.4021    33.9862    33.9850    8.20081         38 0.0000e+00
     17.000     16.831    -0.6246  27.758516    -0.6249  27.757298     8.2121     8.2792     6.1148    88.2016 1.0000e-12  -65.23674  -69.79934 332.505938      99.97 3.4333e+02   7721.078     185307  1027.3983  1027.3974    33.9863    33.9850    8.20078         39 0.0000e+00
     16.000     15.842    -0.6252  27.757615    -0.6253  27.756612     8.2261     8.2741     5.2405    88.1571 1.0000e-12  -65.23673  -69.79934 332.505960      99.97 3.4465e+02   7722.988     185353  1027.3936  1027.3927    33.9863    33.9851    8.20090         46 0.0000e+00
     15.000     14.852    -0.6249  27.757326    -0.6253  27.756067     8.2121     8.2785     6.7079    88.1558 1.0000e-12  -65.23672  -69.79934 332.505989      99.97 3.4555e+02   7725.489     185413  1027.3888  1027.3878    33.9863    33.9850    8.20085         35 0.0000e+00
     14.000     13.862    -0.6175  27.763300    -0.6121  27.766825     8.2116     8.2789     6.2393    88.2232 1.0000e-12  -65.23672  -69.79934 332.506025      99.97 3.4552e+02   7728.592     185487  1027.3837  1027.3823    33.9866    33.9853    8.19922         40 0.0000e+00
     13.000     12.872    -0.6180  27.762103    -0.6175  27.761594     8.2305     8.2711     5.6103    87.6085 1.0000e-12  -65.23672  -69.79934 332.506049      99.96 3.4687e+02   7730.620     185536  1027.3787  1027.3777    33.9862    33.9849    8.19936         43 0.0000e+00
     12.000     11.883    -0.6185  27.761244    -0.6188  27.760069     8.2230     8.2807     5.5564    87.6260 1.0000e-12  -65.23672  -69.79935 332.506071      11.79 3.4784e+02   7732.503     185581  1027.3740  1027.3731    33.9862    33.9850    8.19947         42 0.0000e+00
     11.000     10.892    -0.6180  27.761127    -0.6183  27.759939     8.2292     8.2767     4.8192    87.5787 1.0000e-12  -65.23672  -69.79936 332.506099       1.18 3.4984e+02   7734.980     185641  1027.3691  1027.3682    33.9861    33.9849    8.19936         34 0.0000e+00
     10.000      9.902    -0.6177  27.760977    -0.6180  27.759726     8.2095     8.2730     4.9457    88.2420 1.0000e-12  -65.23671  -69.79936 332.506135       1.07 3.5222e+02   7738.095     185715  1027.3644  1027.3633    33.9862    33.9848    8.19929         34 0.0000e+00
      9.000      8.911    -0.6162  27.761480    -0.6163  27.760668     8.2171     8.2708     5.1063    87.7471 1.0000e-12  -65.23670  -69.79936 332.506149       1.18 3.5258e+02   7739.303     185744  1027.3592  1027.3585    33.9858    33.9849    8.19900         28 0.0000e+00
      8.000      7.924    -0.6162  27.761197    -0.6163  27.760241     8.2200     8.2732     5.1908    88.1308 1.0000e-12  -65.23670  -69.79935 332.506176       1.16 3.5258e+02   7741.624     185800  1027.3546  1027.3536    33.9860    33.9848    8.19898         37 0.0000e+00
      7.000      6.933    -0.6157  27.760946    -0.6159  27.759973     8.2179     8.2592     5.9631    87.7458 1.0000e-12  -65.23670  -69.79935 332.506215       3.61 3.5258e+02   7744.936     185879  1027.3496  1027.3488    33.9858    33.9847    8.19889         26 0.0000e+00
      6.000      5.941    -0.6153  27.760765    -0.6157  27.759588     8.2331     8.2508     5.0966    87.8429 1.0000e-12  -65.23670  -69.79936 332.506224       5.70 3.5258e+02   7745.728     185898  1027.3448  1027.3439    33.9857    33.9846    8.19881         22 0.0000e+00
      5.000      4.950    -0.6161  27.759784    -0.6165  27.758448     8.2434     8.2769     4.8297    87.5728 1.0000e-12  -65.23670  -69.79935 332.506267       5.29 3.5081e+02   7749.433     185987  1027.3402  1027.3391    33.9859    33.9845    8.19897         28 0.0000e+00
      4.000      3.961    -0.6183  27.757415    -0.6183  27.756489     8.4259    10.0093     4.8057    87.5964 1.0000e-12  -65.23670  -69.79936 332.506347       3.68 3.4746e+02   7756.397     186155  1027.3354  1027.3344    33.9857    33.9845    8.19944         22 0.0000e+00
      3.000      2.970    -0.6188  27.756576    -0.6190  27.755547     9.4211     9.7071     4.7510    87.5188 1.0000e-12  -65.23670  -69.79936 332.506362       3.65 3.4730e+02   7757.653     186185  1027.3307  1027.3298    33.9859    33.9846    8.19956         26 0.0000e+00
      2.000      1.980    -0.6192  27.755738    -0.6189  27.755150     8.8715     9.6104     4.5453    87.6721 1.0000e-12  -65.23669  -69.79936 332.506376       2.55 3.4718e+02   7758.923     186215  1027.3259  1027.3249    33.9858    33.9846    8.19964         32 0.0000e+00
      1.000      0.992    -0.6190  27.755330    -0.6193  27.754327     7.2635     9.2669     4.1703    87.6676 1.0000e-12  -65.23668  -69.79936 332.506389       9.26 3.4642e+02   7760.045     186242  1027.3210  1027.3201    33.9856    33.9846    8.19962         21 0.0000e+00
