NBP2113_155081_ctd/data/nbp2113_017.ros
* Sea-Bird SBE 9 Data File:
* FileName = D:\Data\raw\NBP2113_017.hex
* Software Version Seasave V 7.26.7.121
* Temperature SN = 2438
* Conductivity SN = 2067
* Number of Bytes Per Scan = 40
* Number of Voltage Words = 5
* Number of Scans Averaged by the Deck Unit = 1
* NMEA Latitude = 65 14.32 S
* NMEA Longitude = 069 47.72 W
* NMEA UTC (Time) = Nov 28 2021  09:59:52
* NMEA baud rate = 9600
** Ship: RVIB N.B. Palmer
** Cruise: NBP2113 LTER
** Station: 400.200
** Operator: B. Urmston
# nquan = 20
# nvalues = 1156                                  
# units = specified
# name 0 = prDM: Pressure, Digiquartz [db]
# name 1 = depSM: Depth [salt water, m]
# name 2 = t090C: Temperature [ITS-90, deg C]
# name 3 = c0mS/cm: Conductivity [mS/cm]
# name 4 = t190C: Temperature, 2 [ITS-90, deg C]
# name 5 = c1mS/cm: Conductivity, 2 [mS/cm]
# name 6 = sbeox0ML/L: Oxygen, SBE 43 [ml/l]
# name 7 = sbeox1ML/L: Oxygen, SBE 43, 2 [ml/l]
# name 8 = flECO-AFL: Fluorescence, WET Labs ECO-AFL/FL [mg/m^3]
# name 9 = CStarTr0: Beam Transmission, WET Labs C-Star [%]
# name 10 = par: PAR/Irradiance, Biospherical/Licor
# name 11 = latitude: Latitude [deg]
# name 12 = longitude: Longitude [deg]
# name 13 = timeJ: Julian Days
# name 14 = altM: Altimeter [m]
# name 15 = spar: SPAR, Biospherical/Licor
# name 16 = timeS: Time, Elapsed [seconds]
# name 17 = scan: Scan Count
# name 18 = nbf: Bottles Fired
# name 19 = flag:  0.000e+00
# interval = seconds: 0.0416667
# start_time = Nov 28 2021 09:59:52 [NMEA time, header]
# bad_flag = -9.990e-29
*END*
[from data line 362]
    201.555    199.479     1.9638  30.530700     1.9628  30.529348     3.9512     3.9843     0.0289    97.8326 1.0000e-12  -65.23718  -69.79856 332.499553      99.98 2.8735e+02   7169.375     172066          8  0.000e+00
    201.507    199.431     1.9635  30.530640     1.9631  30.529639     3.9505     3.9793     0.0289    97.8326 1.0000e-12  -65.23718  -69.79856 332.499553      99.98 2.8735e+02   7169.417     172067          8  0.000e+00
    201.507    199.431     1.9635  30.530640     1.9628  30.529813     3.9496     3.9840     0.0289    97.8068 1.0000e-12  -65.23718  -69.79856 332.499554      99.98 2.8735e+02   7169.458     172068          8  0.000e+00
    201.507    199.431     1.9638  30.530879     1.9631  30.529755     3.9444     3.9842     0.0216    97.8326 1.0000e-12  -65.23718  -69.79856 332.499554      99.98 2.8735e+02   7169.500     172069          8  0.000e+00
    201.500    199.425     1.9637  30.530700     1.9629  30.529580     3.9489     3.9845     0.0289    97.8068 1.0000e-12  -65.23718  -69.79856 332.499555      99.95 2.8735e+02   7169.542     172070          8  0.000e+00
    201.452    199.377     1.9635  30.530462     1.9629  30.529697     3.9491     3.9847     0.0216    97.8326 1.0000e-12  -65.23718  -69.79856 332.499555      99.98 2.8735e+02   7169.583     172071          8  0.000e+00
    201.404    199.329     1.9634  30.530581     1.9628  30.529580     3.9438     3.9849     0.0289    97.8326 1.0000e-12  -65.23718  -69.79856 332.499556      99.98 2.8735e+02   7169.625     172072          8  0.000e+00
    201.452    199.377     1.9637  30.530700     1.9629  30.529697     3.9440     3.9852     0.0289    97.8326 1.0000e-12  -65.23718  -69.79856 332.499556     100.00 2.8735e+02   7169.667     172073          8  0.000e+00
    201.404    199.329     1.9637  30.530640     1.9628  30.529580     3.9496     3.9854     0.0289    97.8326 1.0000e-12  -65.23718  -69.79856 332.499557      99.95 2.8735e+02   7169.708     172074          8  0.000e+00
    201.404    199.329     1.9635  30.530640     1.9631  30.529289     3.9444     3.9805     0.0289    97.8068 1.0000e-12  -65.23718  -69.79856 332.499557      99.95 2.8735e+02   7169.750     172075          8  0.000e+00
    201.349    199.275     1.9634  30.530461     1.9628  30.529406     3.9434     3.9801     0.0289    97.8326 1.0000e-12  -65.23718  -69.79854 332.499558      99.98 2.8735e+02   7169.792     172076          8  0.000e+00
    201.404    199.329     1.9632  30.530581     1.9629  30.529697     3.9437     3.9848     0.0289    97.8068 1.0000e-12  -65.23718  -69.79854 332.499558     100.00 2.8735e+02   7169.833     172077          8  0.000e+00
    201.349    199.275     1.9637  30.530461     1.9630  30.529347     3.9493     3.9850     0.0289    97.7811 1.0000e-12  -65.23718  -69.79854 332.499559      99.98 2.8559e+02   7169.875     172078          8  0.000e+00
    201.349    199.275     1.9635  30.530819     1.9629  30.529638     3.9442     3.9854     0.0289    97.7296 1.0000e-12  -65.23718  -69.79854 332.499559      99.98 2.8559e+02   7169.917     172079          8  0.000e+00
    201.349    199.275     1.9635  30.530461     1.9629  30.529580     3.9432     3.9857     0.0289    97.7296 1.0000e-12  -65.23718  -69.79854 332.499560      99.98 2.8559e+02   7169.958     172080          8  0.000e+00
    201.349    199.275     1.9634  30.530342     1.9630  30.529696     3.9490     3.9860     0.0216    97.7296 1.0000e-12  -65.23718  -69.79854 332.499560      99.98 2.8559e+02   7170.000     172081          8  0.000e+00
    201.246    199.173     1.9635  30.530402     1.9628  30.529580     3.9491     3.9862     0.0216    97.7296 1.0000e-12  -65.23718  -69.79854 332.499561      99.98 2.8559e+02   7170.042     172082          8  0.000e+00
    201.349    199.275     1.9637  30.530342     1.9631  30.529522     3.9440     3.9858     0.0216    97.7296 1.0000e-12  -65.23718  -69.79854 332.499561      99.98 2.8559e+02   7170.083     172083          8  0.000e+00
    201.246    199.173     1.9633  30.530163     1.9630  30.529696     3.9430     3.9853     0.0143    97.7296 1.0000e-12  -65.23718  -69.79854 332.499562      99.98 2.8559e+02   7170.125     172084          8  0.000e+00
    201.301    199.228     1.9634  30.530521     1.9629  30.529754     3.9420     3.9855     0.0143    97.7296 1.0000e-12  -65.23718  -69.79854 332.499562      99.98 2.8559e+02   7170.167     172085          8  0.000e+00
    201.246    199.173     1.9635  30.530283     1.9629  30.529580     3.9410     3.9858     0.0216    97.7296 1.0000e-12  -65.23718  -69.79854 332.499563      99.95 2.8559e+02   7170.208     172086          8  0.000e+00
    201.246    199.173     1.9630  30.530044     1.9628  30.529522     3.9400     3.9860     0.0216    97.7296 1.0000e-12  -65.23718  -69.79854 332.499563      99.95 2.8559e+02   7170.250     172087          8  0.000e+00
    201.301    199.228     1.9632  30.530283     1.9629  30.529289     3.9403     3.9855     0.0216    97.7296 1.0000e-12  -65.23718  -69.79854 332.499564      99.98 2.8559e+02   7170.292     172088          8  0.000e+00
    201.198    199.126     1.9629  30.529985     1.9629  30.529405     3.9448     3.9798     0.0216    97.7296 1.0000e-12  -65.23718  -69.79854 332.499564      99.98 2.8559e+02   7170.333     172089          8  0.000e+00
    201.246    199.173     1.9632  30.529747     1.9630  30.529696     3.9450     3.9792     0.0143    97.7296 1.0000e-12  -65.23718  -69.79854 332.499565     100.00 2.8559e+02   7170.375     172090          8  0.000e+00
    201.246    199.173     1.9629  30.530044     1.9631  30.529580     3.9439     3.9839     0.0216    97.7296 1.0000e-12  -65.23718  -69.79854 332.499565      99.98 2.8559e+02   7170.417     172091          8  0.000e+00
    201.198    199.126     1.9629  30.529687     1.9629  30.529696     3.9397     3.9841     0.0143    97.7296 1.0000e-12  -65.23718  -69.79854 332.499565      99.98 2.8559e+02   7170.458     172092          8  0.000e+00
    201.198    199.126     1.9627  30.529925     1.9628  30.529347     3.9441     3.9844     0.0216    97.7296 1.0000e-12  -65.23718  -69.79854 332.499566      99.98 2.8559e+02   7170.500     172093          8  0.000e+00
    201.198    199.126     1.9630  30.529687     1.9628  30.529405     3.9441     3.9838     0.0216    97.7296 1.0000e-12  -65.23718  -69.79854 332.499566      99.95 2.8559e+02   7170.542     172094          8  0.000e+00
    201.198    199.126     1.9627  30.529747     1.9629  30.529929     3.9387     3.9840     0.0143    97.7296 1.0000e-12  -65.23718  -69.79854 332.499567      99.98 2.8559e+02   7170.583     172095          8  0.000e+00
    101.645    100.622    -0.0120  28.531328    -0.0142  28.529696     5.7963     5.7671     0.8641    96.2361 1.0000e-12  -65.23752  -69.79808 332.501616      99.98 3.2613e+02   7347.625     176344          9  0.000e+00
    101.728    100.704    -0.0117  28.530342    -0.0150  28.529526     5.7940     5.7658     0.8641    96.2104 1.0000e-12  -65.23752  -69.79808 332.501617     100.00 3.2613e+02   7347.667     176345          9  0.000e+00
    101.700    100.677    -0.0117  28.530516    -0.0157  28.528846     5.7882     5.7643     0.8641    96.2104 1.0000e-12  -65.23752  -69.79808 332.501617      99.95 3.2613e+02   7347.708     176346          9  0.000e+00
    101.673    100.650    -0.0122  28.530690    -0.0163  28.528279     5.7909     5.7627     0.8641    96.2104 1.0000e-12  -65.23752  -69.79808 332.501617      99.95 3.2613e+02   7347.750     176347          9  0.000e+00
    101.645    100.622    -0.0123  28.530690    -0.0161  28.528279     5.7874     5.7607     0.8641    96.2104 1.0000e-12  -65.23752  -69.79808 332.501618      99.98 3.2613e+02   7347.792     176348          9  0.000e+00
    101.728    100.704    -0.0118  28.530458    -0.0167  28.527486     5.7835     5.7598     0.8641    96.2104 1.0000e-12  -65.23752  -69.79808 332.501618      99.98 3.2613e+02   7347.833     176349          9  0.000e+00
    101.700    100.677    -0.0121  28.530400    -0.0161  28.526522     5.7748     5.7576     0.8641    96.2104 1.0000e-12  -65.23752  -69.79808 332.501619      99.98 3.2613e+02   7347.875     176350          9  0.000e+00
    101.673    100.650    -0.0128  28.529761    -0.0161  28.526012     5.7716     5.7562     0.8641    96.2104 1.0000e-12  -65.23752  -69.79808 332.501619      99.98 3.2613e+02   7347.917     176351          9  0.000e+00
    101.700    100.677    -0.0135  28.529935    -0.0155  28.524595     5.7682     5.7548     0.8641    96.2104 1.0000e-12  -65.23752  -69.79808 332.501620      99.98 3.2613e+02   7347.958     176352          9  0.000e+00
    101.728    100.704    -0.0125  28.530574    -0.0155  28.524085     5.7642     5.7532     0.8641    96.2104 1.0000e-12  -65.23752  -69.79808 332.501620      99.98 3.2613e+02   7348.000     176353          9  0.000e+00
    101.700    100.677    -0.0109  28.531270    -0.0158  28.524878     5.7613     5.7524     0.8641    96.2104 1.0000e-12  -65.23752  -69.79808 332.501621      99.95 3.2613e+02   7348.042     176354          9  0.000e+00
    101.728    100.704    -0.0108  28.531850    -0.0166  28.526182     5.7641     5.7507     0.8641    96.2104 1.0000e-12  -65.23752  -69.79808 332.501621      99.98 3.2613e+02   7348.083     176355          9  0.000e+00
    101.700    100.677    -0.0108  28.532779    -0.0171  28.526692     5.7564     5.7497     0.8641    96.2104 1.0000e-12  -65.23752  -69.79808 332.501622      99.98 3.2613e+02   7348.125     176356          9  0.000e+00
    101.700    100.677    -0.0111  28.532663    -0.0171  28.527429     5.7530     5.7486     0.8641    96.2104 1.0000e-12  -65.23752  -69.79808 332.501622      99.98 3.2613e+02   7348.167     176357          9  0.000e+00
    101.728    100.704    -0.0121  28.530922    -0.0175  28.527769     5.7510     5.7475     0.8641    96.2104 1.0000e-12  -65.23752  -69.79808 332.501623      99.95 3.2613e+02   7348.208     176358          9  0.000e+00
    101.700    100.677    -0.0138  28.528368    -0.0175  28.528166     5.7431     5.7463     0.8641    96.2104 1.0000e-12  -65.23752  -69.79808 332.501623      99.98 3.2613e+02   7348.250     176359          9  0.000e+00
    101.673    100.650    -0.0134  28.527150    -0.0172  28.527996     5.7436     5.7449     0.8641    96.2104 1.0000e-12  -65.23752  -69.79808 332.501624      99.98 3.2613e+02   7348.292     176360          9  0.000e+00
    101.700    100.677    -0.0131  28.526918    -0.0172  28.528449     5.7337     5.7445     0.8641    96.2104 1.0000e-12  -65.23752  -69.79808 332.501624     100.00 3.2613e+02   7348.333     176361          9  0.000e+00
    101.728    100.704    -0.0129  28.527266    -0.0175  28.528450     5.7409     5.7440     0.8641    96.0559 1.0000e-12  -65.23752  -69.79808 332.501625      99.98 3.2613e+02   7348.375     176362          9  0.000e+00
    101.700    100.677    -0.0129  28.527208    -0.0172  28.528960     5.7333     5.7434     0.8641    95.9014 1.0000e-12  -65.23752  -69.79808 332.501625      99.98 3.2613e+02   7348.417     176363          9  0.000e+00
    101.673    100.650    -0.0138  28.525757    -0.0172  28.528789     5.7302     5.7428     0.8641    95.8756 1.0000e-12  -65.23752  -69.79808 332.501626      99.98 3.2613e+02   7348.458     176364          9  0.000e+00
    101.700    100.677    -0.0152  28.523842    -0.0171  28.528619     5.7270     5.7423     0.8641    95.8756 1.0000e-12  -65.23752  -69.79808 332.501626      99.98 3.2613e+02   7348.500     176365          9  0.000e+00
    101.673    100.650    -0.0162  28.522333    -0.0165  28.528393     5.7307     5.7415     0.8861    95.8756 1.0000e-12  -65.23752  -69.79808 332.501627      99.95 3.2613e+02   7348.542     176366          9  0.000e+00
    101.700    100.677    -0.0163  28.522333    -0.0163  28.528393     5.7238     5.7409     1.0106    95.8756 1.0000e-12  -65.23752  -69.79808 332.501627      99.95 3.2613e+02   7348.583     176367          9  0.000e+00
    101.673    100.650    -0.0158  28.522565    -0.0154  28.528336     5.7154     5.7400     1.0692    95.8756 1.0000e-12  -65.23752  -69.79808 332.501628      99.98 3.2613e+02   7348.625     176368          9  0.000e+00
    101.646    100.623    -0.0152  28.522971    -0.0151  28.528392     5.7128     5.7338     1.0692    95.8756 1.0000e-12  -65.23752  -69.79808 332.501628      99.98 3.2613e+02   7348.667     176369          9  0.000e+00
    101.646    100.623    -0.0154  28.523145    -0.0159  28.527939     5.7218     5.7323     1.0692    95.8756 1.0000e-12  -65.23752  -69.79808 332.501629      99.98 3.2613e+02   7348.708     176370          9  0.000e+00
    101.673    100.650    -0.0154  28.522507    -0.0163  28.527599     5.7147     5.7308     1.0692    95.8756 1.0000e-12  -65.23752  -69.79808 332.501629      99.95 3.2613e+02   7348.750     176371          9  0.000e+00
    101.598    100.575    -0.0157  28.522333    -0.0169  28.527202     5.7061     5.7356     1.0619    95.8756 1.0000e-12  -65.23752  -69.79808 332.501630      99.98 3.2613e+02   7348.792     176372          9  0.000e+00
    101.673    100.650    -0.0155  28.523088    -0.0178  28.527202     5.6975     5.7359     1.0619    95.8756 1.0000e-12  -65.23752  -69.79808 332.501630      99.98 3.2613e+02   7348.833     176373          9  0.000e+00
    101.598    100.575    -0.0163  28.523203    -0.0180  28.526919     5.6992     5.7360     1.0692    95.8756 1.0000e-12  -65.23752  -69.79808 332.501630      99.98 3.2613e+02   7348.875     176374          9  0.000e+00
    101.625    100.602    -0.0171  28.523378    -0.0182  28.526919     5.6979     5.7308     1.0692    95.8756 1.0000e-12  -65.23752  -69.79808 332.501631      99.98 3.2613e+02   7348.917     176375          9  0.000e+00
    101.598    100.575    -0.0171  28.523204    -0.0189  28.526975     5.6894     5.7293     1.0619    95.8756 1.0000e-12  -65.23752  -69.79808 332.501631      99.98 3.2613e+02   7348.958     176376          9  0.000e+00
    101.570    100.548    -0.0169  28.524132    -0.0192  28.527032     5.6824     5.7286     1.0619    95.8756 1.0000e-12  -65.23752  -69.79808 332.501632      99.98 3.2613e+02   7349.000     176377          9  0.000e+00
    101.598    100.575    -0.0163  28.525699    -0.0189  28.527429     5.6857     5.7279     1.0619    95.9014 1.0000e-12  -65.23752  -69.79808 332.501632      99.98 3.2613e+02   7349.042     176378          9  0.000e+00
    101.570    100.548    -0.0157  28.527672    -0.0190  28.527599     5.6761     5.7273     1.0619    95.8756 1.0000e-12  -65.23752  -69.79808 332.501633      99.98 3.2613e+02   7349.083     176379          9  0.000e+00
    101.543    100.521    -0.0152  28.528252    -0.0191  28.527145     5.6712     5.7268     1.0619    95.8756 1.0000e-12  -65.23752  -69.79808 332.501633      99.98 3.2613e+02   7349.125     176380          9  0.000e+00
    101.570    100.548    -0.0144  28.527614    -0.0192  28.526975     5.6736     5.7263     1.0619    95.8756 1.0000e-12  -65.23752  -69.79808 332.501634      99.98 3.2613e+02   7349.167     176381          9  0.000e+00
    101.495    100.474    -0.0141  28.527439    -0.0192  28.526862     5.6716     5.7257     1.0619    95.9014 1.0000e-12  -65.23752  -69.79808 332.501634      99.95 3.2613e+02   7349.208     176382          9  0.000e+00
    101.543    100.521    -0.0138  28.527439    -0.0191  28.527372     5.6698     5.7253     1.0619    95.9529 1.0000e-12  -65.23752  -69.79808 332.501635      99.95 3.2613e+02   7349.250     176383          9  0.000e+00
    101.522    100.501    -0.0137  28.526221    -0.0187  28.527826     5.6668     5.7248     1.0692    95.9786 1.0000e-12  -65.23752  -69.79808 332.501635      99.98 3.2613e+02   7349.292     176384          9  0.000e+00
    101.495    100.474    -0.0139  28.525989    -0.0186  28.527996     5.6710     5.7243     1.0619    95.9786 1.0000e-12  -65.23752  -69.79808 332.501636      99.98 3.2613e+02   7349.333     176385          9  0.000e+00
