NBP2113_155081_ctd/data/nbp2113_019.cnv
* Sea-Bird SBE 9 Data File:
* FileName = D:\Data\raw\NBP2113_019.hex
* Software Version Seasave V 7.26.7.121
* Temperature SN = 2438
* Conductivity SN = 2067
* Number of Bytes Per Scan = 40
* Number of Voltage Words = 5
* Number of Scans Averaged by the Deck Unit = 1
* NMEA Latitude = 66 53.46 S
* NMEA Longitude = 068 55.21 W
* NMEA UTC (Time) = Nov 29 2021  09:39:46
* NMEA baud rate = 9600
** Ship: RVIB N.B. Palmer
** Cruise: NBP2113 LTER
** Station: 300.040
** Operator: B. Urmston
# nquan = 25
# nvalues = 1342                        
# units = specified
# name 0 = prDM: Pressure, Digiquartz [db]
# name 1 = depSM: Depth [salt water, m]
# name 2 = t090C: Temperature [ITS-90, deg C]
# name 3 = c0mS/cm: Conductivity [mS/cm]
# name 4 = t190C: Temperature, 2 [ITS-90, deg C]
# name 5 = c1mS/cm: Conductivity, 2 [mS/cm]
# name 6 = sbeox0ML/L: Oxygen, SBE 43 [ml/l]
# name 7 = sbeox1ML/L: Oxygen, SBE 43, 2 [ml/l]
# name 8 = flECO-AFL: Fluorescence, WET Labs ECO-AFL/FL [mg/m^3]
# name 9 = CStarTr0: Beam Transmission, WET Labs C-Star [%]
# name 10 = par: PAR/Irradiance, Biospherical/Licor
# name 11 = latitude: Latitude [deg]
# name 12 = longitude: Longitude [deg]
# name 13 = timeJ: Julian Days
# name 14 = altM: Altimeter [m]
# name 15 = spar: SPAR, Biospherical/Licor
# name 16 = timeS: Time, Elapsed [seconds]
# name 17 = scan: Scan Count
# name 18 = density00: Density [density, kg/m^3]
# name 19 = density11: Density, 2 [density, kg/m^3]
# name 20 = sal00: Salinity, Practical [PSU]
# name 21 = sal11: Salinity, Practical, 2 [PSU]
# name 22 = oxsolML/L: Oxygen Saturation, Garcia & Gordon [ml/l]
# name 23 = nbin: number of scans per bin
# name 24 = flag: flag
# span 0 =      1.000,    674.000       
# span 1 =      0.990,    666.255       
# span 2 =    -0.9203,     1.4609       
# span 3 =  27.474797,  30.232854       
# span 4 =    -0.9209,     1.4599       
# span 5 =  27.473635,  30.231730       
# span 6 =     3.9628,     9.2420       
# span 7 =     4.0254,     9.7454       
# span 8 =    -0.0224,     1.4154       
# span 9 =    89.8677,    97.4112       
# span 10 = -2.738e-05, 7.8826e+02      
# span 11 =  -66.89134,  -66.89094      
# span 12 =  -68.92486,  -68.92230      
# span 13 = 333.406073, 333.433263      
# span 14 =       7.92,     102.91      
# span 15 = 4.3031e+02, 7.4102e+02      
# span 16 =    298.674,   2647.958      
# span 17 =       7169,      63552      
# span 18 =  1027.2218,  1030.9731      
# span 19 =  1027.2208,  1030.9721      
# span 20 =    33.8544,    34.7217      
# span 21 =    33.8531,    34.7203      
# span 22 =    7.73090,    8.26997      
# span 23 =          1,         47      
# span 24 = 0.0000e+00, 0.0000e+00      
# interval = decibars: 1                
# start_time = Nov 29 2021 09:39:46 [NMEA time, header]
# bad_flag = -9.990e-29
*END*
[from data line 696]
    646.000    638.588     1.2089  30.159515     1.2088  30.158683     4.2698     4.3330    -0.0007    97.1790 1.0000e-12  -66.89110  -68.92450 333.419553      35.33 4.3447e+02   1463.341      35121  1030.8421  1030.8413    34.7207    34.7198    7.77948         27 0.0000e+00
    645.000    637.602     1.2086  30.159071     1.2087  30.158262     4.2666     4.3372    -0.0059    97.1872 1.0000e-12  -66.89110  -68.92452 333.419583      36.15 4.3367e+02   1465.946      35184  1030.8376  1030.8367    34.7210    34.7198    7.77951         16 0.0000e+00
    644.000    636.614     1.2088  30.158747     1.2088  30.157937     4.2703     4.3391    -0.0061    97.1849 1.0000e-12  -66.89110  -68.92452 333.419590      37.00 4.3367e+02   1466.555      35198  1030.8330  1030.8322    34.7209    34.7199    7.77948         14 0.0000e+00
    643.000    635.627     1.2088  30.158305     1.2087  30.157367     4.2746     4.3355    -0.0061    97.1888 1.0000e-12  -66.89110  -68.92452 333.419597      37.99 4.3367e+02   1467.146      35213  1030.8283  1030.8274    34.7209    34.7198    7.77948         14 0.0000e+00
    642.000    634.640     1.2088  30.157849     1.2087  30.156912     4.2763     4.3337    -0.0062    97.1888 1.0000e-12  -66.89110  -68.92452 333.419604      38.97 4.3367e+02   1467.749      35227  1030.8236  1030.8227    34.7210    34.7198    7.77948         15 0.0000e+00
    641.000    633.654     1.2085  30.157235     1.2085  30.156231     4.2692     4.3314    -0.0061    97.1888 1.0000e-12  -66.89110  -68.92452 333.419611      40.16 4.3367e+02   1468.419      35243  1030.8190  1030.8180    34.7210    34.7198    7.77953         18 0.0000e+00
    640.000    632.666     1.2085  30.156749     1.2082  30.155712     4.2696     4.3312    -0.0054    97.1888 1.0000e-12  -66.89110  -68.92450 333.419621      41.23 4.3491e+02   1469.242      35263  1030.8143  1030.8135    34.7209    34.7199    7.77953         22 0.0000e+00
    639.000    631.680     1.2084  30.156249     1.2084  30.155336     4.2694     4.3309    -0.0059    97.1888 1.0000e-12  -66.89111  -68.92450 333.419635      42.46 4.3541e+02   1470.466      35292  1030.8097  1030.8088    34.7210    34.7199    7.77955         38 0.0000e+00
    638.000    630.692     1.2084  30.155716     1.2084  30.154865     4.2663     4.3322    -0.0136    97.1691 1.0000e-12  -66.89112  -68.92450 333.419659      43.60 4.3456e+02   1472.546      35342  1030.8049  1030.8041    34.7209    34.7198    7.77956         45 0.0000e+00
    637.000    629.705     1.2082  30.155122     1.2081  30.154167     4.2671     4.3293    -0.0148    97.1792 1.0000e-12  -66.89112  -68.92450 333.419685      44.54 4.3401e+02   1474.805      35396  1030.8003  1030.7994    34.7209    34.7198    7.77960         39 0.0000e+00
    636.000    628.719     1.2080  30.154601     1.2081  30.153714     4.2728     4.3315    -0.0077    97.1891 1.0000e-12  -66.89110  -68.92450 333.419702      45.50 4.3547e+02   1476.292      35432  1030.7958  1030.7948    34.7210    34.7198    7.77963         31 0.0000e+00
    635.000    627.731     1.2078  30.153915     1.2077  30.152990     4.2721     4.3353    -0.0062    97.1888 1.0000e-12  -66.89110  -68.92450 333.419716      46.40 4.3543e+02   1477.434      35459  1030.7911  1030.7902    34.7210    34.7199    7.77968         25 0.0000e+00
    634.000    626.744     1.2076  30.153235     1.2076  30.152376     4.2690     4.3337    -0.0135    97.1888 1.0000e-12  -66.89110  -68.92450 333.419726      47.29 4.3543e+02   1478.332      35481  1030.7864  1030.7855    34.7209    34.7198    7.77972         19 0.0000e+00
    633.000    625.757     1.2077  30.153013     1.2077  30.151997     4.2684     4.3308    -0.0177    97.1987 1.0000e-12  -66.89110  -68.92450 333.419735      48.24 4.3543e+02   1479.100      35499  1030.7818  1030.7808    34.7210    34.7198    7.77969         17 0.0000e+00
    632.000    624.769     1.2098  30.154326     1.2094  30.153064     4.2716     4.3336    -0.0224    97.2147 1.0000e-12  -66.89110  -68.92450 333.419743      49.21 4.3543e+02   1479.818      35517  1030.7768  1030.7759    34.7210    34.7197    7.77927         18 0.0000e+00
    631.000    623.783     1.2113  30.155221     1.2108  30.153923     4.2739     4.3343    -0.0083    97.2171 1.0000e-12  -66.89110  -68.92450 333.419752      50.24 4.3543e+02   1480.593      35535  1030.7720  1030.7713    34.7210    34.7199    7.77897         20 0.0000e+00
    630.000    622.796     1.2109  30.154242     1.2110  30.153423     4.2711     4.3311    -0.0122    97.2395 1.0000e-12  -66.89111  -68.92450 333.419764      51.56 4.3662e+02   1481.609      35560  1030.7673  1030.7663    34.7208    34.7196    7.77908         30 0.0000e+00
    629.000    621.808     1.2108  30.153844     1.2103  30.152505     4.2713     4.3297    -0.0109    97.2474 1.0000e-12  -66.89112  -68.92448 333.419784      52.68 4.3627e+02   1483.368      35602  1030.7627  1030.7619    34.7209    34.7198    7.77908         41 0.0000e+00
    628.000    620.822     1.2098  30.152525     1.2100  30.151802     4.2650     4.3288    -0.0134    97.2400 1.0000e-12  -66.89112  -68.92448 333.419805      53.66 4.3540e+02   1485.187      35645  1030.7581  1030.7572    34.7209    34.7198    7.77927         35 0.0000e+00
    627.000    619.835     1.2119  30.153928     1.2113  30.152536     4.2660     4.3308    -0.0085    97.2403 1.0000e-12  -66.89112  -68.92448 333.419820      54.52 4.3543e+02   1486.409      35675  1030.7533  1030.7525    34.7209    34.7199    7.77885         26 0.0000e+00
    626.000    618.847     1.2136  30.154904     1.2130  30.153632     4.2622     4.3317    -0.0224    97.2482 1.0000e-12  -66.89112  -68.92450 333.419831      55.52 4.3543e+02   1487.418      35699  1030.7485  1030.7477    34.7209    34.7199    7.77853         23 0.0000e+00
    625.000    617.860     1.2153  30.155991     1.2151  30.154871     4.2597     4.3296    -0.0075    97.2767 1.0000e-12  -66.89112  -68.92450 333.419842      56.51 4.3543e+02   1488.391      35722  1030.7436  1030.7426    34.7210    34.7198    7.77819         24 0.0000e+00
    624.000    616.874     1.2171  30.156966     1.2161  30.155322     4.2649     4.3298    -0.0011    97.2898 1.0000e-12  -66.89110  -68.92450 333.419856      57.62 4.3543e+02   1489.524      35750  1030.7387  1030.7379    34.7209    34.7198    7.77784         32 0.0000e+00
    623.000    615.886     1.2156  30.155190     1.2143  30.153336     4.2692     4.3327    -0.0074    97.3026 1.0000e-12  -66.89110  -68.92450 333.419875      58.83 4.3552e+02   1491.184      35789  1030.7341  1030.7335    34.7207    34.7198    7.77813         39 0.0000e+00
    622.000    614.900     1.2159  30.155052     1.2157  30.154012     4.2657     4.3285    -0.0077    97.2905 1.0000e-12  -66.89110  -68.92450 333.419898      59.75 4.3723e+02   1493.189      35838  1030.7295  1030.7286    34.7208    34.7197    7.77807         37 0.0000e+00
    621.000    613.913     1.2174  30.155991     1.2174  30.155044     4.2546     4.3282    -0.0077    97.2997 1.0000e-12  -66.89110  -68.92450 333.419911      60.55 4.3719e+02   1494.298      35864  1030.7247  1030.7238    34.7209    34.7198    7.77777         20 0.0000e+00
    620.000    612.925     1.2187  30.156710     1.2186  30.155700     4.2500     4.3299    -0.0077    97.3133 1.0000e-12  -66.89110  -68.92450 333.419920      61.45 4.3751e+02   1495.054      35882  1030.7199  1030.7190    34.7210    34.7198    7.77751         17 0.0000e+00
    619.000    611.937     1.2198  30.157213     1.2197  30.156152     4.2560     4.3277    -0.0077    97.3177 1.0000e-12  -66.89110  -68.92450 333.419927      62.35 4.3898e+02   1495.696      35898  1030.7151  1030.7142    34.7209    34.7197    7.77729         14 0.0000e+00
    618.000    610.951     1.2202  30.156947     1.2202  30.156058     4.2641     4.3254    -0.0057    97.3176 1.0000e-12  -66.89110  -68.92450 333.419934      63.30 4.3896e+02   1496.313      35913  1030.7103  1030.7094    34.7208    34.7197    7.77722         15 0.0000e+00
    617.000    609.964     1.2209  30.157166     1.2211  30.156305     4.2653     4.3251    -0.0142    97.3176 1.0000e-12  -66.89112  -68.92448 333.419942      64.55 4.3896e+02   1496.947      35928  1030.7057  1030.7046    34.7208    34.7196    7.77708         16 0.0000e+00
    616.000    608.976     1.2217  30.157340     1.2218  30.156643     4.2640     4.3231    -0.0110    97.3176 1.0000e-12  -66.89112  -68.92448 333.419950      65.63 4.3896e+02   1497.723      35946  1030.7008  1030.7000    34.7207    34.7197    7.77692         23 0.0000e+00
    615.000    607.990     1.2200  30.155459     1.2199  30.154480     4.2636     4.3244    -0.0068    97.3054 1.0000e-12  -66.89111  -68.92449 333.419983      66.92 4.3807e+02   1500.546      36014  1030.6964  1030.6955    34.7208    34.7196    7.77727         35 0.0000e+00
    614.000    607.003     1.2190  30.154102     1.2191  30.153344     4.2575     4.3249    -0.0129    97.3116 1.0000e-12  -66.89110  -68.92450 333.420018      67.79 4.3731e+02   1503.556      36086  1030.6918  1030.6909    34.7207    34.7197    7.77746         25 0.0000e+00
    613.000    606.015     1.2197  30.154349     1.2198  30.153403     4.2506     4.3230    -0.0059    97.3148 1.0000e-12  -66.89112  -68.92450 333.420027      68.64 4.3880e+02   1504.377      36106  1030.6872  1030.6861    34.7208    34.7195    7.77732         18 0.0000e+00
    612.000    605.028     1.2214  30.155393     1.2213  30.154403     4.2498     4.3207     0.0016    97.3177 1.0000e-12  -66.89112  -68.92450 333.420036      69.55 4.3896e+02   1505.079      36123  1030.6824  1030.6814    34.7209    34.7197    7.77699         16 0.0000e+00
    611.000    604.041     1.2235  30.156771     1.2223  30.154827     4.2543     4.3211    -0.0140    97.3176 1.0000e-12  -66.89112  -68.92449 333.420043      70.49 4.3896e+02   1505.724      36138  1030.6774  1030.6767    34.7208    34.7197    7.77656         16 0.0000e+00
    610.000    603.053     1.2256  30.158108     1.2246  30.156349     4.2580     4.3243    -0.0119    97.3191 1.0000e-12  -66.89112  -68.92448 333.420051      71.59 4.3896e+02   1506.371      36154  1030.6725  1030.6717    34.7208    34.7197    7.77615         16 0.0000e+00
    609.000    602.066     1.2266  30.158492     1.2269  30.157778     4.2614     4.3226    -0.0063    97.3356 1.0000e-12  -66.89110  -68.92448 333.420059      72.65 4.3896e+02   1507.080      36171  1030.6677  1030.6667    34.7208    34.7196    7.77596         18 0.0000e+00
    608.000    601.079     1.2251  30.156711     1.2262  30.156791     4.2617     4.3211    -0.0068    97.3441 1.0000e-12  -66.89110  -68.92448 333.420069      73.94 4.3896e+02   1507.951      36192  1030.6632  1030.6622    34.7207    34.7196    7.77625         24 0.0000e+00
    607.000    600.092     1.2252  30.156233     1.2262  30.156365     4.2600     4.3235    -0.0079    97.3433 1.0000e-12  -66.89110  -68.92448 333.420084      75.04 4.3943e+02   1509.262      36223  1030.6584  1030.6575    34.7205    34.7196    7.77624         36 0.0000e+00
    606.000    599.104     1.2249  30.155652     1.2258  30.155481     4.2615     4.3203    -0.0146    97.3433 1.0000e-12  -66.89111  -68.92448 333.420105      76.02 4.4075e+02   1511.063      36267  1030.6539  1030.6529    34.7207    34.7195    7.77629         39 0.0000e+00
    605.000    598.118     1.2254  30.155604     1.2260  30.155240     4.2609     4.3261    -0.0075    97.3528 1.0000e-12  -66.89112  -68.92448 333.420121      76.96 4.4072e+02   1512.498      36301  1030.6492  1030.6482    34.7207    34.7196    7.77619         29 0.0000e+00
    604.000    597.131     1.2273  30.156729     1.2275  30.156069     4.2582     4.3271    -0.0142    97.3595 1.0000e-12  -66.89112  -68.92448 333.420135      77.98 4.4072e+02   1513.670      36329  1030.6443  1030.6434    34.7206    34.7196    7.77584         30 0.0000e+00
    603.000    596.142     1.2274  30.156463     1.2276  30.155675     4.2610     4.3253    -0.0118    97.3436 1.0000e-12  -66.89112  -68.92448 333.420153      79.12 4.3995e+02   1515.184      36365  1030.6396  1030.6387    34.7207    34.7194    7.77580         36 0.0000e+00
    602.000    595.155     1.2262  30.154928     1.2250  30.153137     4.2533     4.3206    -0.0143    97.3599 1.0000e-12  -66.89112  -68.92448 333.420177      80.09 4.3896e+02   1517.269      36415  1030.6351  1030.6345    34.7207    34.7197    7.77605         31 0.0000e+00
    601.000    594.169     1.2297  30.157356     1.2295  30.156477     4.2436     4.3202    -0.0118    97.3694 1.0000e-12  -66.89112  -68.92448 333.420190      80.92 4.3896e+02   1518.451      36444  1030.6299  1030.6292    34.7205    34.7196    7.77536         21 0.0000e+00
    600.000    593.181     1.2306  30.157794     1.2309  30.157234     4.2453     4.3197    -0.0072    97.3783 1.0000e-12  -66.89112  -68.92448 333.420199      81.71 4.3896e+02   1519.221      36462  1030.6253  1030.6244    34.7206    34.7195    7.77518         17 0.0000e+00
    599.000    592.194     1.2318  30.158402     1.2316  30.157405     4.2502     4.3190     0.0001    97.3879 1.0000e-12  -66.89112  -68.92448 333.420207      82.72 4.4048e+02   1519.873      36478  1030.6204  1030.6196    34.7205    34.7195    7.77493         15 0.0000e+00
    598.000    591.208     1.2322  30.158220     1.2321  30.157368     4.2513     4.3182    -0.0013    97.3852 1.0000e-12  -66.89112  -68.92448 333.420214      83.70 4.4072e+02   1520.522      36494  1030.6157  1030.6148    34.7205    34.7195    7.77487         16 0.0000e+00
    597.000    590.219     1.2331  30.158550     1.2330  30.157560     4.2484     4.3171    -0.0146    97.3695 1.0000e-12  -66.89112  -68.92448 333.420223      84.80 4.4243e+02   1521.230      36511  1030.6110  1030.6100    34.7205    34.7194    7.77469         19 0.0000e+00
    596.000    589.234     1.2324  30.157424     1.2322  30.156473     4.2532     4.3151    -0.0150    97.3691 1.0000e-12  -66.89110  -68.92450 333.420238      86.06 4.4248e+02   1522.564      36543  1030.6063  1030.6055    34.7204    34.7194    7.77483         29 0.0000e+00
    595.000    588.247     1.2314  30.156176     1.2311  30.155057     4.2534     4.3172    -0.0147    97.3691 1.0000e-12  -66.89110  -68.92449 333.420268      87.07 4.4248e+02   1525.149      36605  1030.6018  1030.6010    34.7205    34.7194    7.77503         29 0.0000e+00
    594.000    587.258     1.2327  30.156830     1.2323  30.155653     4.2438     4.3175    -0.0150    97.3691 1.0000e-12  -66.89110  -68.92448 333.420279      87.91 4.4248e+02   1526.068      36627  1030.5970  1030.5962    34.7204    34.7194    7.77477         20 0.0000e+00
    593.000    586.271     1.2340  30.157474     1.2337  30.156414     4.2407     4.3123    -0.0146    97.3691 1.0000e-12  -66.89111  -68.92447 333.420287      88.87 4.4248e+02   1526.842      36645  1030.5921  1030.5913    34.7204    34.7194    7.77451         18 0.0000e+00
    592.000    585.283     1.2358  30.158691     1.2359  30.157840     4.2441     4.3059    -0.0071    97.3691 1.0000e-12  -66.89112  -68.92446 333.420296      89.85 4.4248e+02   1527.585      36663  1030.5873  1030.5864    34.7205    34.7193    7.77414         18 0.0000e+00
    591.000    584.297     1.2378  30.159892     1.2375  30.158691     4.2461     4.3076    -0.0068    97.3691 1.0000e-12  -66.89112  -68.92446 333.420306      90.98 4.4248e+02   1528.459      36684  1030.5824  1030.5815    34.7204    34.7192    7.77375         24 0.0000e+00
    590.000    583.310     1.2353  30.157304     1.2349  30.156073     4.2465     4.3086    -0.0097    97.3691 1.0000e-12  -66.89112  -68.92447 333.420336      92.26 4.4248e+02   1531.050      36746  1030.5781  1030.5772    34.7204    34.7193    7.77425         36 0.0000e+00
