NBP2113_155081_ctd/data/nbp2113_045.cnv
* Sea-Bird SBE 9 Data File:
* FileName = D:\Data\raw\NBP2113_045.hex
* Software Version Seasave V 7.26.7.121
* Temperature SN = 2438
* Conductivity SN = 2067
* Number of Bytes Per Scan = 40
* Number of Voltage Words = 5
* Number of Scans Averaged by the Deck Unit = 1
* NMEA Latitude = 64 53.15 S
* NMEA Longitude = 063 45.53 W
* NMEA UTC (Time) = Dec 11 2021  03:56:53
* NMEA baud rate = 9600
** Ship: RVIB N.B. Palmer
** Cruise: NBP2113 LTER
** Station: 624.021
** Operator: B. Urmston
# nquan = 25
# nvalues = 1229                        
# units = specified
# name 0 = prDM: Pressure, Digiquartz [db]
# name 1 = depSM: Depth [salt water, m]
# name 2 = t090C: Temperature [ITS-90, deg C]
# name 3 = c0mS/cm: Conductivity [mS/cm]
# name 4 = t190C: Temperature, 2 [ITS-90, deg C]
# name 5 = c1mS/cm: Conductivity, 2 [mS/cm]
# name 6 = sbeox0ML/L: Oxygen, SBE 43 [ml/l]
# name 7 = sbeox1ML/L: Oxygen, SBE 43, 2 [ml/l]
# name 8 = flECO-AFL: Fluorescence, WET Labs ECO-AFL/FL [mg/m^3]
# name 9 = CStarTr0: Beam Transmission, WET Labs C-Star [%]
# name 10 = par: PAR/Irradiance, Biospherical/Licor
# name 11 = latitude: Latitude [deg]
# name 12 = longitude: Longitude [deg]
# name 13 = timeJ: Julian Days
# name 14 = altM: Altimeter [m]
# name 15 = spar: SPAR, Biospherical/Licor
# name 16 = timeS: Time, Elapsed [seconds]
# name 17 = scan: Scan Count
# name 18 = density00: Density [density, kg/m^3]
# name 19 = density11: Density, 2 [density, kg/m^3]
# name 20 = sal00: Salinity, Practical [PSU]
# name 21 = sal11: Salinity, Practical, 2 [PSU]
# name 22 = oxsolML/L: Oxygen Saturation, Garcia & Gordon [ml/l]
# name 23 = nbin: number of scans per bin
# name 24 = flag: flag
# span 0 =      1.000,    617.000       
# span 1 =      0.991,    610.041       
# span 2 =    -0.3407,     1.2253       
# span 3 =  27.879721,  30.078503       
# span 4 =    -0.3418,     1.2246       
# span 5 =  27.877313,  30.076976       
# span 6 =     4.3668,     9.8020       
# span 7 =     4.4391,     9.8969       
# span 8 =    -0.0151,     2.3245       
# span 9 =    84.5699,    91.7734       
# span 10 = -1.125e-05, 2.4859e+00      
# span 11 =  -64.88606,  -64.88554      
# span 12 =  -63.75908,  -63.75803      
# span 13 = 345.167817, 345.195261      
# span 14 =       1.16,     100.14      
# span 15 = 0.0000e+00, 0.0000e+00      
# span 16 =    286.406,   2657.586      
# span 17 =       6875,      63783      
# span 18 =  1027.1118,  1030.6218      
# span 19 =  1027.1103,  1030.6206      
# span 20 =    33.7502,    34.6169      
# span 21 =    33.7469,    34.6154      
# span 22 =    7.78182,    8.14873      
# span 23 =          8,         52      
# span 24 = 0.0000e+00, 0.0000e+00      
# interval = decibars: 1                
# start_time = Dec 11 2021 03:56:53 [NMEA time, header]
# bad_flag = -9.990e-29
*END*
[from data line 928]
    301.000    297.834     0.9612  29.661653     0.9604  29.659995     4.7185     4.7854    -0.0034    91.6272 1.0000e-12  -64.88578  -63.75842 345.186750      99.97 0.0000e+00   1922.236      46135  1029.1121  1029.1112    34.5547    34.5534    7.83791         30 0.0000e+00
    300.000    296.847     0.9500  29.647696     0.9525  29.649367     4.7235     4.7876     0.0050    91.6269 1.0000e-12  -64.88578  -63.75844 345.186764      99.97 0.0000e+00   1923.370      46162  1029.1045  1029.1038    34.5497    34.5491    7.84043         24 0.0000e+00
    299.000    295.856     0.9600  29.658464     0.9555  29.652770     4.7204     4.7798     0.0022    91.6269 1.0000e-12  -64.88578  -63.75842 345.186776      99.97 0.0000e+00   1924.426      46187  1029.1013  1029.0999    34.5530    34.5507    7.83823         26 0.0000e+00
    298.000    294.870     0.9601  29.658173     0.9539  29.650372     4.7136     4.7742     0.0045    91.6345 1.0000e-12  -64.88577  -63.75842 345.186789      99.97 0.0000e+00   1925.565      46215  1029.0967  1029.0949    34.5531    34.5500    7.83820         27 0.0000e+00
    297.000    293.879     0.9621  29.659730     0.9597  29.656168     4.7086     4.7764     0.0038    91.6147 1.0000e-12  -64.88577  -63.75842 345.186804      99.97 0.0000e+00   1926.894      46246  1029.0921  1029.0908    34.5535    34.5516    7.83778         35 0.0000e+00
    296.000    292.891     0.9671  29.664467     0.9616  29.657700     4.7137     4.7794     0.0026    91.6111 1.0000e-12  -64.88576  -63.75840 345.186823      99.97 0.0000e+00   1928.508      46285  1029.0879  1029.0863    34.5547    34.5520    7.83672         37 0.0000e+00
    295.000    291.902     0.9652  29.662355     0.9628  29.658568     4.7153     4.7829    -0.0016    91.6383 1.0000e-12  -64.88576  -63.75840 345.186844      99.97 0.0000e+00   1930.354      46329  1029.0834  1029.0817    34.5547    34.5524    7.83710         39 0.0000e+00
    294.000    290.914     0.9625  29.658990     0.9600  29.655618     4.7396     4.7991     0.0053    91.6229 1.0000e-12  -64.88576  -63.75840 345.186863      99.97 0.0000e+00   1931.957      46368  1029.0783  1029.0772    34.5539    34.5524    7.83768         34 0.0000e+00
    293.000    289.925     0.9512  29.647596     0.9370  29.631117     4.7568     4.8008     0.0051    91.6251 1.0000e-12  -64.88576  -63.75840 345.186878      99.97 0.0000e+00   1933.248      46399  1029.0735  1029.0705    34.5523    34.5468    7.84005         28 0.0000e+00
    292.000    288.936     0.9407  29.634898     0.9393  29.632684     4.7630     4.8032     0.0074    91.6542 1.0000e-12  -64.88576  -63.75840 345.186891      99.97 0.0000e+00   1934.406      46427  1029.0664  1029.0654    34.5482    34.5468    7.84238         29 0.0000e+00
    291.000    287.947     0.9372  29.630946     0.9368  29.629434     4.7551     4.8099     0.0041    91.6368 1.0000e-12  -64.88576  -63.75839 345.186905      99.97 0.0000e+00   1935.617      46456  1029.0615  1029.0602    34.5476    34.5460    7.84312         30 0.0000e+00
    290.000    286.958     0.9346  29.627719     0.9320  29.624181     4.7524     4.8189     0.0117    91.6533 1.0000e-12  -64.88576  -63.75839 345.186922      99.97 0.0000e+00   1937.035      46490  1029.0564  1029.0552    34.5468    34.5452    7.84368         37 0.0000e+00
    289.000    285.969     0.9286  29.621309     0.9228  29.614265     4.7744     4.8314     0.0004    91.6540 1.0000e-12  -64.88576  -63.75838 345.186940      99.97 0.0000e+00   1938.623      46528  1029.0513  1029.0497    34.5458    34.5432    7.84494         39 0.0000e+00
    288.000    284.981     0.9190  29.610336     0.9133  29.603354     4.7838     4.8366     0.0093    91.6708 1.0000e-12  -64.88576  -63.75837 345.186958      99.97 0.0000e+00   1940.206      46566  1029.0451  1029.0434    34.5429    34.5402    7.84703         37 0.0000e+00
    287.000    283.992     0.9132  29.603779     0.9096  29.598931     4.7856     4.8398     0.0142    91.6530 1.0000e-12  -64.88576  -63.75838 345.186977      99.97 0.0000e+00   1941.770      46603  1029.0396  1029.0381    34.5414    34.5392    7.84827         35 0.0000e+00
    286.000    283.002     0.9071  29.596952     0.9040  29.592728     4.7797     4.8430     0.0104    91.6676 1.0000e-12  -64.88576  -63.75838 345.186994      99.97 0.0000e+00   1943.276      46640  1029.0342  1029.0328    34.5400    34.5380    7.84958         35 0.0000e+00
    285.000    282.015     0.9048  29.594072     0.9020  29.590123     4.7856     4.8426     0.0016    91.6536 1.0000e-12  -64.88575  -63.75838 345.187009      99.97 0.0000e+00   1944.568      46671  1029.0291  1029.0277    34.5394    34.5374    7.85008         28 0.0000e+00
    284.000    281.025     0.9048  29.593613     0.9014  29.588912     4.7792     4.8435     0.0052    91.6626 1.0000e-12  -64.88574  -63.75838 345.187022      99.97 0.0000e+00   1945.694      46698  1029.0244  1029.0228    34.5394    34.5371    7.85008         26 0.0000e+00
    283.000    280.036     0.9021  29.590299     0.9016  29.588844     4.7819     4.8473    -0.0041    91.6646 1.0000e-12  -64.88574  -63.75838 345.187034      99.97 0.0000e+00   1946.771      46724  1029.0193  1029.0181    34.5387    34.5373    7.85066         26 0.0000e+00
    282.000    279.047     0.9022  29.590028     0.9018  29.588588     4.7814     4.8419    -0.0021    91.6689 1.0000e-12  -64.88574  -63.75837 345.187048      99.97 0.0000e+00   1947.926      46751  1029.0146  1029.0134    34.5388    34.5375    7.85064         30 0.0000e+00
    281.000    278.059     0.9060  29.593598     0.9036  29.590013     4.7826     4.8419     0.0081    91.6397 1.0000e-12  -64.88574  -63.75836 345.187064      99.97 0.0000e+00   1949.364      46786  1029.0102  1029.0087    34.5398    34.5378    7.84981         39 0.0000e+00
    280.000    277.070     0.9035  29.590747     0.9036  29.589701     4.7818     4.8450     0.0094    91.6466 1.0000e-12  -64.88574  -63.75835 345.187088      99.97 0.0000e+00   1951.390      46834  1029.0053  1029.0041    34.5394    34.5380    7.85033         47 0.0000e+00
    279.000    276.081     0.9041  29.590619     0.9027  29.588322     4.7826     4.8451     0.0027    91.6754 1.0000e-12  -64.88574  -63.75834 345.187112      99.97 0.0000e+00   1953.486      46885  1029.0004  1028.9993    34.5392    34.5379    7.85023         40 0.0000e+00
    278.000    275.093     0.9006  29.586622     0.8991  29.584103     4.7892     4.8456     0.0118    91.6710 1.0000e-12  -64.88574  -63.75835 345.187129      99.97 0.0000e+00   1954.921      46919  1028.9954  1028.9942    34.5386    34.5370    7.85098         28 0.0000e+00
    277.000    274.103     0.8971  29.582645     0.8969  29.581264     4.7982     4.8494     0.0011    91.6655 1.0000e-12  -64.88574  -63.75836 345.187141      50.11 0.0000e+00   1955.986      46945  1028.9904  1028.9892    34.5379    34.5364    7.85171         24 0.0000e+00
    276.000    273.113     0.8954  29.580344     0.8953  29.579139     4.7920     4.8488     0.0143    91.6784 1.0000e-12  -64.88574  -63.75836 345.187152     100.10 0.0000e+00   1956.940      46968  1028.9855  1028.9843    34.5373    34.5360    7.85208         22 0.0000e+00
    275.000    272.126     0.8960  29.580502     0.8958  29.579235     4.7890     4.8448     0.0006    91.6774 1.0000e-12  -64.88574  -63.75836 345.187163      99.97 0.0000e+00   1957.907      46991  1028.9808  1028.9796    34.5375    34.5361    7.85196         25 0.0000e+00
    274.000    271.137     0.8963  29.580475     0.8967  29.579852     4.7936     4.8418     0.0062    91.6668 1.0000e-12  -64.88574  -63.75835 345.187176      99.28 0.0000e+00   1958.988      47017  1028.9761  1028.9751    34.5377    34.5365    7.85188         28 0.0000e+00
    273.000    270.148     0.8976  29.581136     0.8972  29.580018     4.7832     4.8464     0.0151    91.6609 1.0000e-12  -64.88574  -63.75834 345.187192      98.90 0.0000e+00   1960.393      47050  1028.9713  1028.9705    34.5377    34.5367    7.85162         38 0.0000e+00
    272.000    269.159     0.8968  29.580066     0.8967  29.579012     4.7853     4.8436     0.0047    91.6936 1.0000e-12  -64.88574  -63.75832 345.187214      99.97 0.0000e+00   1962.332      47097  1028.9667  1028.9657    34.5378    34.5366    7.85178         42 0.0000e+00
    271.000    268.169     0.8966  29.579446     0.8963  29.578141     4.7799     4.8402     0.0077    91.6674 1.0000e-12  -64.88574  -63.75832 345.187238      99.97 0.0000e+00   1964.382      47146  1028.9620  1028.9609    34.5379    34.5364    7.85183         42 0.0000e+00
    270.000    267.181     0.8954  29.578171     0.8948  29.576476     4.7844     4.8423     0.0122    91.7042 1.0000e-12  -64.88574  -63.75832 345.187257      99.97 0.0000e+00   1965.992      47185  1028.9576  1028.9564    34.5381    34.5365    7.85205         33 0.0000e+00
    269.000    266.192     0.8952  29.577566     0.8954  29.576650     4.7806     4.8397     0.0069    91.7042 1.0000e-12  -64.88574  -63.75834 345.187271      99.97 0.0000e+00   1967.213      47214  1028.9529  1028.9517    34.5381    34.5367    7.85209         27 0.0000e+00
    268.000    265.203     0.8955  29.577522     0.8953  29.576384     4.7762     4.8445     0.0043    91.7042 1.0000e-12  -64.88574  -63.75832 345.187283      99.97 0.0000e+00   1968.275      47240  1028.9482  1028.9472    34.5383    34.5370    7.85201         25 0.0000e+00
    267.000    264.213     0.8951  29.576643     0.8947  29.575196     4.7779     4.8470     0.0028    91.7042 1.0000e-12  -64.88574  -63.75832 345.187296      99.97 0.0000e+00   1969.394      47266  1028.9435  1028.9424    34.5382    34.5368    7.85209         30 0.0000e+00
    266.000    263.225     0.8953  29.576288     0.8943  29.574264     4.7781     4.8467     0.0107    91.7079 1.0000e-12  -64.88574  -63.75832 345.187314      99.97 0.0000e+00   1970.922      47303  1028.9387  1028.9375    34.5381    34.5366    7.85206         39 0.0000e+00
    265.000    262.236     0.8950  29.575587     0.8946  29.574145     4.7876     4.8484     0.0016    91.6973 1.0000e-12  -64.88572  -63.75832 345.187341      99.97 0.0000e+00   1973.232      47359  1028.9340  1028.9329    34.5381    34.5367    7.85213         38 0.0000e+00
    264.000    261.246     0.8928  29.572972     0.8936  29.572764     4.7876     4.8576     0.0050    91.6924 1.0000e-12  -64.88572  -63.75832 345.187365      99.97 0.0000e+00   1975.314      47409  1028.9292  1028.9281    34.5378    34.5366    7.85259         38 0.0000e+00
    263.000    260.259     0.8901  29.569931     0.8831  29.561832     4.8004     4.8635     0.0108    91.6900 1.0000e-12  -64.88572  -63.75832 345.187384      99.97 0.0000e+00   1976.944      47448  1028.9245  1028.9230    34.5375    34.5348    7.85315         36 0.0000e+00
    262.000    259.270     0.8861  29.565091     0.8731  29.550838     4.7940     4.8667     0.0035    91.6845 1.0000e-12  -64.88572  -63.75830 345.187407      99.97 0.0000e+00   1978.956      47496  1028.9191  1028.9171    34.5362    34.5323    7.85402         39 0.0000e+00
    261.000    258.280     0.8835  29.562089     0.8736  29.550816     4.8076     4.8718     0.0167    91.6518 1.0000e-12  -64.88572  -63.75830 345.187437      99.97 0.0000e+00   1981.558      47558  1028.9142  1028.9121    34.5358    34.5322    7.85456         37 0.0000e+00
    260.000    257.291     0.8682  29.546338     0.8653  29.542129     4.8346     4.8739     0.0018    91.7064 1.0000e-12  -64.88572  -63.75830 345.187464      99.97 0.0000e+00   1983.923      47615  1028.9087  1028.9070    34.5331    34.5308    7.85781         44 0.0000e+00
    259.000    256.303     0.8615  29.537656     0.8648  29.540496     4.8192     4.8807    -0.0014    91.7002 1.0000e-12  -64.88572  -63.75830 345.187490      99.97 0.0000e+00   1986.093      47667  1028.9020  1028.9015    34.5299    34.5298    7.85934         41 0.0000e+00
    258.000    255.309     0.8495  29.524330     0.8534  29.527557     4.8512     4.8918     0.0080    91.7094 1.0000e-12  -64.88572  -63.75829 345.187540      99.98 0.0000e+00   1990.420      47771  1028.8955  1028.8950    34.5264    34.5263    7.86194         21 0.0000e+00
    257.000    254.323     0.8283  29.500317     0.8414  29.514456     4.8298     4.8933     0.0040    91.6977 1.0000e-12  -64.88571  -63.75828 345.187600      99.97 0.0000e+00   1995.651      47897  1028.8868  1028.8886    34.5196    34.5233    7.86661         34 0.0000e+00
    256.000    253.334     0.8444  29.518754     0.8512  29.524976     4.8652     4.9163     0.0092    91.6972 1.0000e-12  -64.88570  -63.75828 345.187640      99.97 0.0000e+00   1999.126      47980  1028.8855  1028.8854    34.5261    34.5266    7.86299         22 0.0000e+00
    255.000    252.347     0.8185  29.491529     0.8166  29.487556     4.8787     4.9354     0.0162    91.7160 1.0000e-12  -64.88570  -63.75828 345.187672      99.97 0.0000e+00   2001.892      48046  1028.8786  1028.8765    34.5202    34.5172    7.86854         39 0.0000e+00
    254.000    251.356     0.8064  29.478466     0.8148  29.485332     4.8978     4.9356     0.0161    91.7013 1.0000e-12  -64.88570  -63.75826 345.187723      99.97 0.0000e+00   2006.243      48151  1028.8723  1028.8713    34.5173    34.5169    7.87115         24 0.0000e+00
    253.000    250.366     0.7956  29.465468     0.8099  29.479202     4.8952     4.9409     0.0143    91.7042 1.0000e-12  -64.88570  -63.75826 345.187767      99.97 0.0000e+00   2010.097      48243  1028.8649  1028.8652    34.5131    34.5150    7.87356         34 0.0000e+00
    252.000    249.378     0.7850  29.454009     0.7857  29.453822     4.9131     4.9759     0.0032    91.7004 1.0000e-12  -64.88568  -63.75823 345.188055      99.97 0.0000e+00   2034.977      48840  1028.8584  1028.8575    34.5107    34.5096    7.87585         34 0.0000e+00
    251.000    248.390     0.7816  29.450031     0.7807  29.448176     4.9130     4.9800     0.0042    91.7034 1.0000e-12  -64.88567  -63.75822 345.188137      99.97 0.0000e+00   2042.078      49011  1028.8533  1028.8522    34.5098    34.5084    7.87658         30 0.0000e+00
    250.000    247.401     0.7803  29.448112     0.7776  29.444320     4.9290     4.9794     0.0009    91.7069 1.0000e-12  -64.88566  -63.75822 345.188151      99.97 0.0000e+00   2043.210      49038  1028.8483  1028.8471    34.5094    34.5075    7.87687         29 0.0000e+00
    249.000    246.413     0.7780  29.445459     0.7757  29.441985     4.9341     4.9852     0.0059    91.6891 1.0000e-12  -64.88566  -63.75822 345.188165      99.97 0.0000e+00   2044.463      49068  1028.8435  1028.8422    34.5091    34.5071    7.87735         32 0.0000e+00
    248.000    245.423     0.7755  29.442254     0.7747  29.440522     4.9352     4.9818     0.0091    91.6860 1.0000e-12  -64.88566  -63.75822 345.188181      99.97 0.0000e+00   2045.874      49102  1028.8385  1028.8374    34.5083    34.5070    7.87790         34 0.0000e+00
    247.000    244.435     0.7744  29.440627     0.7735  29.438819     4.9246     4.9827     0.0101    91.6992 1.0000e-12  -64.88566  -63.75822 345.188199      99.97 0.0000e+00   2047.391      49138  1028.8336  1028.8325    34.5080    34.5066    7.87814         35 0.0000e+00
    246.000    243.445     0.7735  29.439286     0.7722  29.437026     4.9270     4.9865     0.0118    91.7043 1.0000e-12  -64.88566  -63.75821 345.188216      99.97 0.0000e+00   2048.899      49175  1028.8288  1028.8277    34.5079    34.5064    7.87833         35 0.0000e+00
    245.000    242.457     0.7708  29.436002     0.7698  29.433775     4.9306     4.9912     0.0098    91.6814 1.0000e-12  -64.88566  -63.75821 345.188234      99.97 0.0000e+00   2050.420      49211  1028.8237  1028.8224    34.5071    34.5054    7.87891         35 0.0000e+00
