NBP2113_155081_ctd/data/nbp2113_064.cnv
* Sea-Bird SBE 9 Data File:
* FileName = D:\Data\raw\NBP2113_064.hex
* Software Version Seasave V 7.26.7.121
* Temperature SN = 2438
* Conductivity SN = 2067
* Number of Bytes Per Scan = 40
* Number of Voltage Words = 5
* Number of Scans Averaged by the Deck Unit = 1
* NMEA Latitude = 64 10.41 S
* NMEA Longitude = 061 58.85 W
* NMEA UTC (Time) = Dec 14 2021  13:32:28
* NMEA baud rate = 9600
** Ship: RVIB N.B. Palmer
** Cruise: NBP2113 LTER
** Station: 739.006
** Operator: B. Urmston
# nquan = 25
# nvalues = 1595                        
# units = specified
# name 0 = prDM: Pressure, Digiquartz [db]
# name 1 = depSM: Depth [salt water, m]
# name 2 = t090C: Temperature [ITS-90, deg C]
# name 3 = c0mS/cm: Conductivity [mS/cm]
# name 4 = t190C: Temperature, 2 [ITS-90, deg C]
# name 5 = c1mS/cm: Conductivity, 2 [mS/cm]
# name 6 = sbeox0ML/L: Oxygen, SBE 43 [ml/l]
# name 7 = sbeox1ML/L: Oxygen, SBE 43, 2 [ml/l]
# name 8 = flECO-AFL: Fluorescence, WET Labs ECO-AFL/FL [mg/m^3]
# name 9 = CStarTr0: Beam Transmission, WET Labs C-Star [%]
# name 10 = par: PAR/Irradiance, Biospherical/Licor
# name 11 = latitude: Latitude [deg]
# name 12 = longitude: Longitude [deg]
# name 13 = timeJ: Julian Days
# name 14 = altM: Altimeter [m]
# name 15 = spar: SPAR, Biospherical/Licor
# name 16 = timeS: Time, Elapsed [seconds]
# name 17 = scan: Scan Count
# name 18 = density00: Density [density, kg/m^3]
# name 19 = density11: Density, 2 [density, kg/m^3]
# name 20 = sal00: Salinity, Practical [PSU]
# name 21 = sal11: Salinity, Practical, 2 [PSU]
# name 22 = oxsolML/L: Oxygen Saturation, Garcia & Gordon [ml/l]
# name 23 = nbin: number of scans per bin
# name 24 = flag: flag
# span 0 =      1.000,    800.000       
# span 1 =      0.992,    790.676       
# span 2 =    -0.6690,     0.4215       
# span 3 =  28.308071,  28.962639       
# span 4 =    -0.6691,     0.4221       
# span 5 =  28.306287,  28.961151       
# span 6 =     5.3862,    10.2297       
# span 7 =     5.4835,     9.2488       
# span 8 =    -0.0298,     1.5418       
# span 9 =    83.2333,    91.2351       
# span 10 = 1.0000e-12, 4.0452e+02      
# span 11 =  -64.17386,  -64.17328      
# span 12 =  -61.98120,  -61.97968      
# span 13 = 348.567728, 348.596410      
# span 14 =       9.88,      99.98      
# span 15 = 3.6492e+02, 5.0066e+02      
# span 16 =    303.725,   2781.795      
# span 17 =       7290,      66764      
# span 18 =  1027.2022,  1031.5571      
# span 19 =  1027.2113,  1031.5560      
# span 20 =    33.9008,    34.5366      
# span 21 =    33.9117,    34.5351      
# span 22 =    7.98122,    8.17887      
# span 23 =          7,         56      
# span 24 = 0.0000e+00, 0.0000e+00      
# interval = decibars: 1                
# start_time = Dec 14 2021 13:32:28 [NMEA time, header]
# bad_flag = -9.990e-29
*END*
[from data line 348]
    353.000    349.262    -0.1334  28.720416    -0.1336  28.719108     5.6479     5.7079    -0.0150    90.8361 1.0000e-12  -64.17358  -61.98032 348.574413      99.97 4.8127e+02    881.274      21152  1029.4008  1029.3996    34.5162    34.5147    8.06540         28 0.0000e+00
    354.000    350.252    -0.1348  28.719883    -0.1349  28.718684     5.6425     5.7082    -0.0150    90.8287 1.0000e-12  -64.17358  -61.98032 348.574426      99.97 4.8127e+02    882.392      21178  1029.4058  1029.4046    34.5164    34.5150    8.06567         26 0.0000e+00
    355.000    351.238    -0.1355  28.719729    -0.1358  28.718382     5.6441     5.7099    -0.0147    90.8297 1.0000e-12  -64.17357  -61.98031 348.574439      99.97 4.8127e+02    883.508      21205  1029.4105  1029.4094    34.5164    34.5149    8.06582         27 0.0000e+00
    356.000    352.228    -0.1371  28.719098    -0.1376  28.717591     5.6527     5.7119    -0.0134    90.8425 1.0000e-12  -64.17356  -61.98030 348.574452      99.97 4.8127e+02    884.645      21232  1029.4157  1029.4145    34.5168    34.5154    8.06614         28 0.0000e+00
    357.000    353.217    -0.1459  28.712249    -0.1461  28.710983     5.6677     5.7171    -0.0177    90.7951 1.0000e-12  -64.17356  -61.98030 348.574466      99.97 4.8092e+02    885.834      21261  1029.4214  1029.4202    34.5171    34.5156    8.06799         30 0.0000e+00
    358.000    354.205    -0.1501  28.708494    -0.1503  28.707216     5.6620     5.7196    -0.0211    90.8419 1.0000e-12  -64.17356  -61.98030 348.574480      99.97 4.7962e+02    887.082      21291  1029.4257  1029.4245    34.5162    34.5147    8.06892         29 0.0000e+00
    359.000    355.193    -0.1547  28.705361    -0.1541  28.704676     5.6609     5.7223    -0.0157    90.8424 1.0000e-12  -64.17356  -61.98030 348.574494      99.97 4.7950e+02    888.319      21321  1029.4311  1029.4297    34.5166    34.5150    8.06987         30 0.0000e+00
    360.000    356.181    -0.1555  28.705013    -0.1563  28.703452     5.6546     5.7225    -0.0131    90.8611 1.0000e-12  -64.17356  -61.98030 348.574508      99.97 4.7950e+02    889.502      21349  1029.4356  1029.4348    34.5165    34.5153    8.07005         27 0.0000e+00
    361.000    357.171    -0.1562  28.705043    -0.1565  28.703733     5.6561     5.7215    -0.0204    90.8419 1.0000e-12  -64.17356  -61.98030 348.574522      99.97 4.7950e+02    890.671      21377  1029.4406  1029.4394    34.5167    34.5152    8.07019         29 0.0000e+00
    362.000    358.159    -0.1585  28.703783    -0.1592  28.702060     5.6568     5.7254    -0.0191    90.8473 1.0000e-12  -64.17356  -61.98029 348.574536      99.97 4.7821e+02    891.881      21406  1029.4457  1029.4445    34.5170    34.5155    8.07065         29 0.0000e+00
    363.000    359.147    -0.1612  28.702128    -0.1612  28.701013     5.6666     5.7226    -0.0138    90.8046 1.0000e-12  -64.17356  -61.98030 348.574550      99.97 4.7774e+02    893.105      21436  1029.4508  1029.4495    34.5172    34.5157    8.07120         30 0.0000e+00
    364.000    360.136    -0.1636  28.700525    -0.1638  28.699286     5.6716     5.7265    -0.0159    90.7942 1.0000e-12  -64.17356  -61.98028 348.574564      99.97 4.7774e+02    894.307      21464  1029.4557  1029.4545    34.5173    34.5158    8.07172         27 0.0000e+00
    365.000    361.125    -0.1685  28.697277    -0.1686  28.696075     5.6741     5.7287    -0.0195    90.8301 1.0000e-12  -64.17356  -61.98028 348.574577      99.97 4.7774e+02    895.452      21492  1029.4612  1029.4600    34.5178    34.5163    8.07271         28 0.0000e+00
    366.000    362.113    -0.1731  28.693468    -0.1738  28.691681     5.6773     5.7288    -0.0145    90.8305 1.0000e-12  -64.17356  -61.98028 348.574590      99.97 4.7774e+02    896.599      21519  1029.4659  1029.4648    34.5173    34.5158    8.07371         28 0.0000e+00
    367.000    363.102    -0.1761  28.691278    -0.1763  28.690048     5.6752     5.7348    -0.0040    90.8181 1.0000e-12  -64.17356  -61.98028 348.574604      99.97 4.7774e+02    897.786      21548  1029.4707  1029.4695    34.5172    34.5158    8.07435         29 0.0000e+00
    368.000    364.090    -0.1788  28.689581    -0.1789  28.688301     5.6745     5.7379    -0.0140    90.8048 1.0000e-12  -64.17356  -61.98028 348.574618      99.97 4.7774e+02    898.960      21576  1029.4757  1029.4745    34.5174    34.5159    8.07491         27 0.0000e+00
    369.000    365.079    -0.1808  28.688097    -0.1812  28.686679     5.6784     5.7385    -0.0093    90.8071 1.0000e-12  -64.17356  -61.98028 348.574632      99.97 4.7774e+02    900.176      21605  1029.4803  1029.4792    34.5171    34.5156    8.07535         31 0.0000e+00
    370.000    366.067    -0.1820  28.687636    -0.1819  28.686450     5.6794     5.7398    -0.0126    90.7969 1.0000e-12  -64.17356  -61.98028 348.574646      99.96 4.7774e+02    901.437      21635  1029.4852  1029.4838    34.5172    34.5155    8.07560         30 0.0000e+00
    371.000    367.055    -0.1835  28.686818    -0.1834  28.685881     5.6858     5.7403    -0.0271    90.8082 1.0000e-12  -64.17356  -61.98027 348.574660      99.97 4.7774e+02    902.623      21664  1029.4900  1029.4889    34.5173    34.5159    8.07592         28 0.0000e+00
    372.000    368.044    -0.1841  28.686845    -0.1841  28.685604     5.6822     5.7423    -0.0044    90.8181 1.0000e-12  -64.17356  -61.98026 348.574673      99.97 4.7749e+02    903.783      21692  1029.4948  1029.4935    34.5174    34.5158    8.07604         27 0.0000e+00
    373.000    369.032    -0.1859  28.685910    -0.1859  28.684728     5.6714     5.7461    -0.0145    90.8374 1.0000e-12  -64.17356  -61.98026 348.574687      99.97 4.7597e+02    904.922      21719  1029.4998  1029.4986    34.5175    34.5160    8.07641         27 0.0000e+00
    374.000    370.021    -0.1871  28.685356    -0.1875  28.683609     5.6851     5.7476    -0.0175    90.8086 1.0000e-12  -64.17356  -61.98026 348.574700      99.97 4.7598e+02    906.070      21747  1029.5046  1029.5031    34.5176    34.5157    8.07667         29 0.0000e+00
    375.000    371.009    -0.1899  28.683442    -0.1902  28.682117     5.6805     5.7444    -0.0064    90.8046 1.0000e-12  -64.17356  -61.98026 348.574714      99.97 4.7598e+02    907.319      21777  1029.5096  1029.5084    34.5176    34.5162    8.07726         31 0.0000e+00
    376.000    372.000    -0.1894  28.684340    -0.1896  28.683215     5.6780     5.7405    -0.0132    90.7971 1.0000e-12  -64.17356  -61.98026 348.574729      99.97 4.7598e+02    908.592      21807  1029.5142  1029.5131    34.5175    34.5163    8.07714         26 0.0000e+00
    377.000    372.983    -0.1892  28.685161    -0.1893  28.683980     5.6764     5.7439    -0.0128    90.8231 1.0000e-12  -64.17356  -61.98026 348.574743      99.97 4.7598e+02    909.799      21836  1029.5190  1029.5179    34.5178    34.5164    8.07708         27 0.0000e+00
    378.000    373.978    -0.1889  28.685963    -0.1893  28.684560     5.6742     5.7455    -0.0139    90.8143 1.0000e-12  -64.17356  -61.98026 348.574756      99.97 4.7598e+02    910.921      21863  1029.5239  1029.5227    34.5180    34.5165    8.07702         27 0.0000e+00
    379.000    374.963    -0.1895  28.686030    -0.1896  28.684850     5.6835     5.7453    -0.0077    90.8020 1.0000e-12  -64.17356  -61.98024 348.574769      99.96 4.7598e+02    912.065      21891  1029.5288  1029.5276    34.5182    34.5167    8.07714         28 0.0000e+00
    380.000    375.952    -0.1901  28.686086    -0.1912  28.684267     5.6815     5.7418    -0.0092    90.7985 1.0000e-12  -64.17356  -61.98024 348.574783      99.97 4.7598e+02    913.254      21919  1029.5336  1029.5328    34.5183    34.5171    8.07725         29 0.0000e+00
    381.000    376.940    -0.1915  28.685837    -0.1918  28.684469     5.6780     5.7377    -0.0129    90.7883 1.0000e-12  -64.17356  -61.98024 348.574797      99.97 4.7598e+02    914.433      21947  1029.5390  1029.5378    34.5190    34.5175    8.07752         28 0.0000e+00
    382.000    377.929    -0.1925  28.685662    -0.1933  28.683796     5.6787     5.7381    -0.0175    90.8274 1.0000e-12  -64.17356  -61.98024 348.574810      99.97 4.7434e+02    915.610      21976  1029.5440  1029.5428    34.5192    34.5177    8.07770         25 0.0000e+00
    383.000    378.917    -0.1941  28.684639    -0.1940  28.683607     5.6825     5.7452    -0.0287    90.8102 1.0000e-12  -64.17356  -61.98024 348.574824      99.97 4.7422e+02    916.816      22005  1029.5487  1029.5475    34.5191    34.5176    8.07806         28 0.0000e+00
    384.000    379.906    -0.1963  28.683277    -0.1966  28.681875     5.6884     5.7515    -0.0147    90.8288 1.0000e-12  -64.17356  -61.98024 348.574838      99.96 4.7392e+02    918.029      22034  1029.5536  1029.5525    34.5191    34.5177    8.07851         30 0.0000e+00
    385.000    380.893    -0.1972  28.682977    -0.1976  28.681542     5.6850     5.7555    -0.0178    90.8234 1.0000e-12  -64.17356  -61.98024 348.574852      99.97 4.7247e+02    919.235      22063  1029.5585  1029.5573    34.5192    34.5177    8.07871         29 0.0000e+00
    386.000    381.883    -0.1974  28.683110    -0.1980  28.681455     5.6869     5.7459    -0.0151    90.7800 1.0000e-12  -64.17356  -61.98024 348.574866      99.97 4.7194e+02    920.393      22090  1029.5631  1029.5619    34.5190    34.5175    8.07877         27 0.0000e+00
    387.000    382.871    -0.1937  28.687300    -0.1943  28.685636     5.6715     5.7425    -0.0231    90.7904 1.0000e-12  -64.17356  -61.98023 348.574879      99.97 4.7070e+02    921.531      22118  1029.5681  1029.5668    34.5198    34.5182    8.07793         27 0.0000e+00
    388.000    383.857    -0.1928  28.689033    -0.1928  28.687939     5.6733     5.7462    -0.0269    90.8518 1.0000e-12  -64.17356  -61.98022 348.574892      99.97 4.7069e+02    922.707      22146  1029.5732  1029.5721    34.5205    34.5191    8.07770         28 0.0000e+00
    389.000    384.849    -0.1946  28.688008    -0.1951  28.686360     5.6896     5.7512    -0.0182    90.8024 1.0000e-12  -64.17356  -61.98022 348.574907      99.97 4.6952e+02    923.950      22176  1029.5782  1029.5770    34.5206    34.5190    8.07808         32 0.0000e+00
    390.000    385.837    -0.1984  28.685351    -0.1983  28.684293     5.6948     5.7516    -0.0173    90.8451 1.0000e-12  -64.17356  -61.98022 348.574922      99.97 4.6892e+02    925.222      22206  1029.5834  1029.5821    34.5207    34.5192    8.07888         29 0.0000e+00
    391.000    386.825    -0.2035  28.681237    -0.2034  28.680248     5.6876     5.7520    -0.0197    90.8632 1.0000e-12  -64.17356  -61.98022 348.574935      99.97 4.6893e+02    926.386      22234  1029.5883  1029.5871    34.5204    34.5190    8.07998         27 0.0000e+00
    392.000    387.811    -0.2066  28.679264    -0.2067  28.677973     5.6997     5.7540    -0.0187    90.8929 1.0000e-12  -64.17356  -61.98022 348.574948      99.97 4.6893e+02    927.473      22260  1029.5934  1029.5921    34.5206    34.5190    8.08061         26 0.0000e+00
    393.000    388.801    -0.2079  28.678869    -0.2084  28.677455     5.7160     5.7650    -0.0173    90.9039 1.0000e-12  -64.17354  -61.98022 348.574960      99.97 4.6893e+02    928.555      22286  1029.5986  1029.5975    34.5210    34.5196    8.08087         26 0.0000e+00
    394.000    389.790    -0.2246  28.666109    -0.2245  28.664935     5.7148     5.7744    -0.0137    90.8830 1.0000e-12  -64.17354  -61.98022 348.574973      99.97 4.6717e+02    929.683      22313  1029.6057  1029.6044    34.5222    34.5206    8.08433         28 0.0000e+00
    395.000    390.778    -0.2306  28.661071    -0.2307  28.659790     5.7143     5.7715    -0.0192    90.8965 1.0000e-12  -64.17354  -61.98022 348.574987      99.97 4.6716e+02    930.894      22342  1029.6104  1029.6092    34.5217    34.5202    8.08563         31 0.0000e+00
    396.000    391.766    -0.2351  28.657490    -0.2354  28.656057     5.7169     5.7760    -0.0143    90.9660 1.0000e-12  -64.17354  -61.98020 348.575003      99.97 4.6716e+02    932.249      22375  1029.6152  1029.6140    34.5215    34.5199    8.08661         33 0.0000e+00
    397.000    392.753    -0.2349  28.658014    -0.2352  28.656767     5.7207     5.7743    -0.0130    90.9478 1.0000e-12  -64.17354  -61.98020 348.575018      99.97 4.6716e+02    933.577      22407  1029.6197  1029.6186    34.5214    34.5200    8.08657         30 0.0000e+00
    398.000    393.744    -0.2355  28.658303    -0.2359  28.656916     5.7180     5.7716    -0.0128    91.0047 1.0000e-12  -64.17354  -61.98020 348.575032      99.97 4.6716e+02    934.741      22435  1029.6247  1029.6236    34.5218    34.5203    8.08667         27 0.0000e+00
    399.000    394.731    -0.2366  28.658087    -0.2368  28.656837     5.7103     5.7709    -0.0153    91.0007 1.0000e-12  -64.17354  -61.98020 348.575044      99.97 4.6716e+02    935.834      22461  1029.6298  1029.6287    34.5221    34.5207    8.08689         25 0.0000e+00
    400.000    395.719    -0.2374  28.658168    -0.2377  28.656754     5.7058     5.7704    -0.0183    90.9889 1.0000e-12  -64.17354  -61.98020 348.575057      99.97 4.6716e+02    936.914      22487  1029.6349  1029.6336    34.5225    34.5210    8.08703         27 0.0000e+00
    401.000    396.708    -0.2374  28.658709    -0.2376  28.657495     5.7106     5.7699    -0.0169    91.0272 1.0000e-12  -64.17354  -61.98020 348.575070      99.97 4.6541e+02    938.059      22514  1029.6396  1029.6385    34.5227    34.5213    8.08702         28 0.0000e+00
    402.000    397.696    -0.2375  28.659248    -0.2383  28.657634     5.7033     5.7754    -0.0204    90.9988 1.0000e-12  -64.17354  -61.98020 348.575084      99.97 4.6540e+02    939.264      22543  1029.6445  1029.6436    34.5229    34.5216    8.08704         29 0.0000e+00
    403.000    398.684    -0.2398  28.658156    -0.2392  28.657647     5.7067     5.7807    -0.0176    91.0000 1.0000e-12  -64.17354  -61.98020 348.575098      99.97 4.6419e+02    940.458      22572  1029.6498  1029.6486    34.5234    34.5221    8.08748         29 0.0000e+00
    404.000    399.673    -0.2468  28.653148    -0.2471  28.651707     5.7215     5.7857    -0.0097    91.0003 1.0000e-12  -64.17354  -61.98020 348.575112      99.97 4.6365e+02    941.676      22601  1029.6556  1029.6543    34.5241    34.5225    8.08894         30 0.0000e+00
    405.000    400.662    -0.2499  28.650684    -0.2503  28.649208     5.7264     5.7854    -0.0067    91.0276 1.0000e-12  -64.17354  -61.98020 348.575126      99.96 4.6272e+02    942.918      22631  1029.6602  1029.6590    34.5236    34.5221    8.08961         29 0.0000e+00
    406.000    401.649    -0.2528  28.648639    -0.2531  28.647347     5.7228     5.7863    -0.0121    90.9779 1.0000e-12  -64.17354  -61.98018 348.575141      99.97 4.6187e+02    944.148      22661  1029.6651  1029.6640    34.5236    34.5222    8.09023         30 0.0000e+00
    407.000    402.637    -0.2578  28.645178    -0.2578  28.644259     5.7275     5.7903    -0.0140    91.0142 1.0000e-12  -64.17354  -61.98018 348.575155      99.97 4.6102e+02    945.373      22690  1029.6706  1029.6696    34.5241    34.5229    8.09127         29 0.0000e+00
    408.000    403.627    -0.2616  28.642577    -0.2615  28.641439     5.7332     5.8011    -0.0205    91.0127 1.0000e-12  -64.17354  -61.98018 348.575168      99.97 4.6011e+02    946.547      22718  1029.6757  1029.6745    34.5243    34.5227    8.09207         27 0.0000e+00
    409.000    404.614    -0.2651  28.640042    -0.2653  28.638810     5.7378     5.7931    -0.0206    91.0413 1.0000e-12  -64.17354  -61.98018 348.575182      99.97 4.6011e+02    947.696      22746  1029.6806  1029.6796    34.5242    34.5229    8.09280         28 0.0000e+00
