NBP2113_155081_ctd/data/nbp2113_017.ros
* Sea-Bird SBE 9 Data File:
* FileName = D:\Data\raw\NBP2113_017.hex
* Software Version Seasave V 7.26.7.121
* Temperature SN = 2438
* Conductivity SN = 2067
* Number of Bytes Per Scan = 40
* Number of Voltage Words = 5
* Number of Scans Averaged by the Deck Unit = 1
* NMEA Latitude = 65 14.32 S
* NMEA Longitude = 069 47.72 W
* NMEA UTC (Time) = Nov 28 2021  09:59:52
* NMEA baud rate = 9600
** Ship: RVIB N.B. Palmer
** Cruise: NBP2113 LTER
** Station: 400.200
** Operator: B. Urmston
# nquan = 20
# nvalues = 1156                                  
# units = specified
# name 0 = prDM: Pressure, Digiquartz [db]
# name 1 = depSM: Depth [salt water, m]
# name 2 = t090C: Temperature [ITS-90, deg C]
# name 3 = c0mS/cm: Conductivity [mS/cm]
# name 4 = t190C: Temperature, 2 [ITS-90, deg C]
# name 5 = c1mS/cm: Conductivity, 2 [mS/cm]
# name 6 = sbeox0ML/L: Oxygen, SBE 43 [ml/l]
# name 7 = sbeox1ML/L: Oxygen, SBE 43, 2 [ml/l]
# name 8 = flECO-AFL: Fluorescence, WET Labs ECO-AFL/FL [mg/m^3]
# name 9 = CStarTr0: Beam Transmission, WET Labs C-Star [%]
# name 10 = par: PAR/Irradiance, Biospherical/Licor
# name 11 = latitude: Latitude [deg]
# name 12 = longitude: Longitude [deg]
# name 13 = timeJ: Julian Days
# name 14 = altM: Altimeter [m]
# name 15 = spar: SPAR, Biospherical/Licor
# name 16 = timeS: Time, Elapsed [seconds]
# name 17 = scan: Scan Count
# name 18 = nbf: Bottles Fired
# name 19 = flag:  0.000e+00
# interval = seconds: 0.0416667
# start_time = Nov 28 2021 09:59:52 [NMEA time, header]
# bad_flag = -9.990e-29
*END*
   2756.239   2711.409     0.4766  30.382407     0.4768  30.381627     4.5992     4.6659     0.0069    97.7811 1.0000e-12  -65.23736  -69.79792 332.462611       7.28 5.3592e+02   3977.625      95464          1  0.000e+00
   2756.275   2711.445     0.4769  30.382407     0.4771  30.381569     4.5977     4.6653     0.0069    97.7811 1.0000e-12  -65.23736  -69.79792 332.462612       7.28 5.3592e+02   3977.667      95465          1  0.000e+00
   2756.218   2711.388     0.4769  30.381872     0.4770  30.381975     4.6087     4.6646     0.0069    97.7811 1.0000e-12  -65.23736  -69.79792 332.462612       7.28 5.3592e+02   3977.708      95466          1  0.000e+00
   2756.276   2711.445     0.4767  30.382110     0.4770  30.381859     4.6041     4.6639     0.0069    97.8068 1.0000e-12  -65.23736  -69.79792 332.462613       7.23 5.3592e+02   3977.750      95467          1  0.000e+00
   2756.276   2711.445     0.4768  30.382288     0.4770  30.381801     4.6027     4.6633     0.0069    97.7811 1.0000e-12  -65.23736  -69.79792 332.462613       7.16 5.3592e+02   3977.792      95468          1  0.000e+00
   2756.160   2711.332     0.4767  30.382525     0.4771  30.382033     4.5886     4.6625     0.0069    97.7811 1.0000e-12  -65.23736  -69.79792 332.462614       7.13 5.3592e+02   3977.833      95469          1  0.000e+00
   2756.276   2711.445     0.4767  30.382407     0.4774  30.382149     4.6030     4.6704     0.0069    97.7811 1.0000e-12  -65.23736  -69.79792 332.462614       7.13 5.3592e+02   3977.875      95470          1  0.000e+00
   2756.276   2711.445     0.4767  30.382050     0.4773  30.382323     4.6045     4.6632    -0.0004    97.8068 1.0000e-12  -65.23736  -69.79792 332.462615       7.13 5.3768e+02   3977.917      95471          1  0.000e+00
   2756.218   2711.388     0.4767  30.382229     0.4773  30.382439     4.5965     4.6644    -0.0004    97.7811 1.0000e-12  -65.23736  -69.79792 332.462615       7.13 5.3592e+02   3977.958      95472          1  0.000e+00
   2756.218   2711.388     0.4768  30.382347     0.4773  30.381917     4.6042     4.6638    -0.0004    97.7811 1.0000e-12  -65.23736  -69.79792 332.462616       7.13 5.3768e+02   3978.000      95473          1  0.000e+00
   2756.218   2711.388     0.4769  30.382347     0.4774  30.382265     4.6087     4.6631    -0.0004    97.7811 1.0000e-12  -65.23736  -69.79792 332.462616       7.13 5.3768e+02   3978.042      95474          1  0.000e+00
   2756.218   2711.389     0.4769  30.382526     0.4772  30.382207     4.6132     4.6625    -0.0004    97.7811 1.0000e-12  -65.23736  -69.79792 332.462617       7.13 5.3768e+02   3978.083      95475          1  0.000e+00
   2756.161   2711.332     0.4767  30.382407     0.4774  30.382149     4.6051     4.6638    -0.0004    97.7811 1.0000e-12  -65.23736  -69.79792 332.462617       7.13 5.3768e+02   3978.125      95476          1  0.000e+00
   2756.161   2711.332     0.4770  30.382347     0.4774  30.382149     4.6127     4.6632    -0.0004    97.7811 1.0000e-12  -65.23736  -69.79792 332.462618       7.13 5.3768e+02   3978.167      95477          1  0.000e+00
   2756.161   2711.332     0.4770  30.382109     0.4776  30.381917     4.6044     4.6732    -0.0004    97.7811 1.0000e-12  -65.23736  -69.79792 332.462618       7.13 5.3768e+02   3978.208      95478          1  0.000e+00
   2756.161   2711.332     0.4768  30.381991     0.4776  30.382207     4.6025     4.6661    -0.0004    97.7811 1.0000e-12  -65.23736  -69.79792 332.462619       7.13 5.3768e+02   3978.250      95479          1  0.000e+00
   2756.110   2711.283     0.4770  30.382228     0.4773  30.381974     4.6005     4.6741    -0.0004    97.7811 1.0000e-12  -65.23736  -69.79792 332.462619       7.13 5.3768e+02   3978.292      95480          1  0.000e+00
   2756.161   2711.332     0.4770  30.382109     0.4773  30.382265     4.6113     4.6669    -0.0004    97.7811 1.0000e-12  -65.23736  -69.79792 332.462620       7.13 5.3768e+02   3978.333      95481          1  0.000e+00
   2756.053   2711.227     0.4770  30.382406     0.4773  30.381974     4.6062     4.6662    -0.0004    97.7811 1.0000e-12  -65.23736  -69.79792 332.462620       7.13 5.3768e+02   3978.375      95482          1  0.000e+00
   2756.110   2711.283     0.4769  30.382406     0.4776  30.382032     4.6044     4.6655    -0.0004    97.7811 1.0000e-12  -65.23736  -69.79792 332.462621       7.13 5.3768e+02   3978.417      95483          1  0.000e+00
   2756.053   2711.227     0.4770  30.382347     0.4773  30.382148     4.6026     4.6669    -0.0004    97.7811 1.0000e-12  -65.23736  -69.79792 332.462621       7.13 5.3768e+02   3978.458      95484          1  0.000e+00
   2756.053   2711.227     0.4770  30.382109     0.4776  30.382090     4.6134     4.6663    -0.0004    97.7811 1.0000e-12  -65.23736  -69.79792 332.462622       7.13 5.3768e+02   3978.500      95485          1  0.000e+00
   2755.995   2711.171     0.4769  30.382584     0.4774  30.381916     4.6052     4.6657    -0.0004    97.7811 1.0000e-12  -65.23736  -69.79792 332.462622       7.13 5.3768e+02   3978.542      95486          1  0.000e+00
   2755.995   2711.171     0.4769  30.382466     0.4776  30.382264     4.6034     4.6736    -0.0004    97.7811 1.0000e-12  -65.23736  -69.79792 332.462622       7.13 5.3768e+02   3978.583      95487          1  0.000e+00
   2755.995   2711.171     0.4769  30.382347     0.4776  30.382206     4.6111     4.6664    -0.0004    97.7811 1.0000e-12  -65.23736  -69.79792 332.462623       7.13 5.3768e+02   3978.625      95488          1  0.000e+00
   2755.938   2711.114     0.4767  30.382109     0.4776  30.382148     4.6154     4.6657    -0.0004    97.7811 1.0000e-12  -65.23736  -69.79792 332.462623       7.13 5.3768e+02   3978.667      95489          1  0.000e+00
   2755.938   2711.114     0.4768  30.382228     0.4772  30.382148     4.6104     4.6651    -0.0004    97.7811 1.0000e-12  -65.23736  -69.79792 332.462624       7.13 5.3768e+02   3978.708      95490          1  0.000e+00
   2755.887   2711.065     0.4767  30.382109     0.4774  30.382496     4.6086     4.6644    -0.0004    97.7811 1.0000e-12  -65.23736  -69.79792 332.462624       7.20 5.3768e+02   3978.750      95491          1  0.000e+00
   2755.887   2711.065     0.4769  30.382228     0.4773  30.382032     4.6256     4.6638    -0.0004    97.7811 1.0000e-12  -65.23736  -69.79792 332.462625       7.30 5.3768e+02   3978.792      95492          1  0.000e+00
   2755.887   2711.065     0.4770  30.382109     0.4774  30.382264     4.6235     4.6652    -0.0004    97.8068 1.0000e-12  -65.23736  -69.79792 332.462625       7.33 5.3768e+02   3978.833      95493          1  0.000e+00
   2755.772   2710.953     0.4767  30.382406     0.4773  30.382438     4.6150     4.6645    -0.0004    97.7811 1.0000e-12  -65.23736  -69.79792 332.462626       7.30 5.3768e+02   3978.875      95494          1  0.000e+00
   2755.830   2711.009     0.4769  30.382168     0.4774  30.382206     4.6130     4.6660    -0.0004    97.7811 1.0000e-12  -65.23736  -69.79792 332.462626       7.33 5.3768e+02   3978.917      95495          1  0.000e+00
   2755.772   2710.953     0.4770  30.381811     0.4773  30.381683     4.6203     4.6655    -0.0004    97.7811 1.0000e-12  -65.23736  -69.79792 332.462627       7.33 5.3768e+02   3978.958      95496          1  0.000e+00
   2755.715   2710.896     0.4767  30.382168     0.4774  30.381741     4.6212     4.6650    -0.0077    97.7811 1.0000e-12  -65.23736  -69.79792 332.462627       7.30 5.3768e+02   3979.000      95497          1  0.000e+00
   2755.715   2710.896     0.4767  30.382286     0.4773  30.382264     4.6126     4.6645    -0.0077    97.7811 1.0000e-12  -65.23736  -69.79792 332.462628       7.30 5.3768e+02   3979.042      95498          1  0.000e+00
   2755.664   2710.847     0.4769  30.381870     0.4772  30.382205     4.6070     4.6640    -0.0077    97.7811 1.0000e-12  -65.23736  -69.79792 332.462628       7.30 5.3768e+02   3979.083      95499          1  0.000e+00
   2755.664   2710.847     0.4770  30.382167     0.4772  30.382147     4.6139     4.6635    -0.0077    97.7811 1.0000e-12  -65.23736  -69.79792 332.462629       7.30 5.3768e+02   3979.125      95500          1  0.000e+00
   2755.607   2710.791     0.4766  30.382048     0.4774  30.382147     4.6145     4.6629    -0.0077    97.7811 1.0000e-12  -65.23736  -69.79792 332.462629       7.30 5.3768e+02   3979.167      95501          1  0.000e+00
   2755.607   2710.791     0.4768  30.381811     0.4772  30.382147     4.6054     4.6625    -0.0077    97.7811 1.0000e-12  -65.23736  -69.79792 332.462630       7.30 5.3768e+02   3979.208      95502          1  0.000e+00
   2755.607   2710.791     0.4766  30.381751     0.4773  30.382089     4.6122     4.6640    -0.0077    97.7811 1.0000e-12  -65.23736  -69.79792 332.462630       7.42 5.3768e+02   3979.250      95503          1  0.000e+00
   2755.492   2710.678     0.4767  30.381751     0.4774  30.381915     4.6029     4.6656    -0.0077    97.7811 1.0000e-12  -65.23736  -69.79792 332.462631       7.59 5.3768e+02   3979.292      95504          1  0.000e+00
   2755.492   2710.678     0.4766  30.381692     0.4772  30.382031     4.6001     4.6653    -0.0077    97.7811 1.0000e-12  -65.23736  -69.79792 332.462631       7.62 5.3768e+02   3979.333      95505          1  0.000e+00
   2755.492   2710.678     0.4767  30.381692     0.4774  30.381450     4.6067     4.6650    -0.0077    97.7811 1.0000e-12  -65.23736  -69.79792 332.462632       7.62 5.3768e+02   3979.375      95506          1  0.000e+00
   2755.384   2710.573     0.4769  30.382167     0.4770  30.381914     4.6099     4.6646    -0.0077    97.7811 1.0000e-12  -65.23736  -69.79792 332.462632       7.62 5.3768e+02   3979.417      95507          1  0.000e+00
   2755.463   2710.650     0.4768  30.381870     0.4774  30.381915     4.6134     4.6643    -0.0077    97.7811 1.0000e-12  -65.23736  -69.79792 332.462633       7.62 5.3768e+02   3979.458      95508          1  0.000e+00
   2755.326   2710.516     0.4769  30.382345     0.4776  30.382030     4.6040     4.6723    -0.0077    97.7811 1.0000e-12  -65.23736  -69.79792 332.462633       7.62 5.3768e+02   3979.500      95509          1  0.000e+00
   2755.326   2710.516     0.4772  30.382404     0.4776  30.381914     4.6010     4.6654    -0.0077    97.7811 1.0000e-12  -65.23736  -69.79792 332.462634       7.62 5.3768e+02   3979.542      95510          1  0.000e+00
   2755.326   2710.517     0.4770  30.382107     0.4773  30.382030     4.6107     4.6735    -0.0077    97.7811 1.0000e-12  -65.23736  -69.79792 332.462634       7.62 5.3768e+02   3979.583      95511          1  0.000e+00
   2755.268   2710.460     0.4770  30.382226     0.4774  30.381914     4.6140     4.6665    -0.0077    97.7811 1.0000e-12  -65.23736  -69.79792 332.462635       7.62 5.3768e+02   3979.625      95512          1  0.000e+00
   2755.245   2710.437     0.4769  30.381750     0.4773  30.381740     4.6089     4.6693    -0.0004    97.7811 1.0000e-12  -65.23736  -69.79792 332.462726       7.99 5.3063e+02   3987.542      95702          2  0.000e+00
   2755.108   2710.304     0.4767  30.381690     0.4774  30.381623     4.6125     4.6689    -0.0004    97.7811 1.0000e-12  -65.23736  -69.79792 332.462727       7.99 5.2886e+02   3987.583      95703          2  0.000e+00
   2755.224   2710.416     0.4769  30.381750     0.4774  30.381740     4.6069     4.6686    -0.0004    97.7811 1.0000e-12  -65.23736  -69.79792 332.462727       8.01 5.2886e+02   3987.625      95704          2  0.000e+00
   2755.108   2710.304     0.4769  30.381750     0.4773  30.381855     4.5950     4.6682    -0.0004    97.7811 1.0000e-12  -65.23736  -69.79792 332.462728       7.99 5.2886e+02   3987.667      95705          2  0.000e+00
   2755.166   2710.360     0.4765  30.381691     0.4776  30.381856     4.6117     4.6679    -0.0004    97.7811 1.0000e-12  -65.23736  -69.79792 332.462728       8.01 5.2886e+02   3987.708      95706          2  0.000e+00
   2755.108   2710.304     0.4767  30.381928     0.4773  30.381855     4.6062     4.6676    -0.0077    97.7811 1.0000e-12  -65.23736  -69.79792 332.462729       8.03 5.2886e+02   3987.750      95707          2  0.000e+00
   2755.108   2710.304     0.4767  30.381631     0.4776  30.381565     4.6040     4.6672    -0.0150    97.7811 1.0000e-12  -65.23736  -69.79792 332.462729       8.11 5.2886e+02   3987.792      95708          2  0.000e+00
   2755.108   2710.304     0.4767  30.381512     0.4773  30.381739     4.6019     4.6669    -0.0150    97.7811 1.0000e-12  -65.23736  -69.79792 332.462730       8.13 5.2886e+02   3987.833      95709          2  0.000e+00
   2755.051   2710.247     0.4766  30.381869     0.4773  30.382029     4.6090     4.6665    -0.0150    97.7811 1.0000e-12  -65.23736  -69.79792 332.462730       8.13 5.2886e+02   3987.875      95710          2  0.000e+00
   2755.051   2710.247     0.4769  30.381631     0.4774  30.381681     4.6098     4.6662    -0.0150    97.7811 1.0000e-12  -65.23736  -69.79792 332.462731       8.13 5.2886e+02   3987.917      95711          2  0.000e+00
   2755.051   2710.247     0.4768  30.381512     0.4776  30.381971     4.6010     4.6659    -0.0150    97.7811 1.0000e-12  -65.23736  -69.79792 332.462731       8.13 5.2886e+02   3987.958      95712          2  0.000e+00
   2755.051   2710.247     0.4769  30.381690     0.4770  30.381681     4.6080     4.6656    -0.0150    97.7811 1.0000e-12  -65.23736  -69.79792 332.462731       8.13 5.2886e+02   3988.000      95713          2  0.000e+00
   2755.051   2710.248     0.4767  30.381928     0.4773  30.381507     4.6085     4.6652    -0.0150    97.7811 1.0000e-12  -65.23736  -69.79792 332.462732       8.13 5.2886e+02   3988.042      95714          2  0.000e+00
   2755.000   2710.198     0.4767  30.381631     0.4773  30.381739     4.5995     4.6649    -0.0150    97.7811 1.0000e-12  -65.23736  -69.79792 332.462732       8.13 5.2886e+02   3988.083      95715          2  0.000e+00
   2755.001   2710.198     0.4770  30.381512     0.4773  30.381855     4.5968     4.6645    -0.0150    97.7811 1.0000e-12  -65.23736  -69.79792 332.462733       8.13 5.2886e+02   3988.125      95716          2  0.000e+00
   2755.001   2710.198     0.4767  30.381631     0.4774  30.381855     4.6067     4.6642    -0.0150    97.7811 1.0000e-12  -65.23736  -69.79792 332.462733       8.13 5.2886e+02   3988.167      95717          2  0.000e+00
   2755.001   2710.198     0.4770  30.381690     0.4773  30.381623     4.6103     4.6639    -0.0150    97.7811 1.0000e-12  -65.23736  -69.79792 332.462734       8.13 5.2886e+02   3988.208      95718          2  0.000e+00
   2755.001   2710.198     0.4769  30.381750     0.4774  30.381565     4.6139     4.6636    -0.0150    97.7811 1.0000e-12  -65.23736  -69.79792 332.462734       8.18 5.2886e+02   3988.250      95719          2  0.000e+00
   2754.943   2710.142     0.4767  30.381749     0.4773  30.381739     4.6048     4.6632    -0.0150    97.7811 1.0000e-12  -65.23736  -69.79792 332.462735       8.25 5.2886e+02   3988.292      95720          2  0.000e+00
   2754.943   2710.142     0.4766  30.381690     0.4776  30.381623     4.6148     4.6629    -0.0150    97.7811 1.0000e-12  -65.23736  -69.79792 332.462735       8.25 5.2886e+02   3988.333      95721          2  0.000e+00
   2754.943   2710.142     0.4767  30.381928     0.4772  30.381739     4.6057     4.6626    -0.0150    97.7811 1.0000e-12  -65.23736  -69.79792 332.462736       8.25 5.2886e+02   3988.375      95722          2  0.000e+00
   2754.885   2710.086     0.4770  30.381630     0.4773  30.381623     4.6062     4.6622    -0.0150    97.7811 1.0000e-12  -65.23736  -69.79792 332.462736       8.25 5.2886e+02   3988.417      95723          2  0.000e+00
   2754.943   2710.142     0.4767  30.381690     0.4774  30.381565     4.6037     4.6619    -0.0150    97.7811 1.0000e-12  -65.23736  -69.79792 332.462737       8.25 5.2886e+02   3988.458      95724          2  0.000e+00
