NBP2113_155081_ctd/data/nbp2113_037.cnv
* Sea-Bird SBE 9 Data File:
* FileName = D:\Data\raw\NBP2113_037.hex
* Software Version Seasave V 7.26.7.121
* Temperature SN = 2438
* Conductivity SN = 2067
* Number of Bytes Per Scan = 40
* Number of Voltage Words = 5
* Number of Scans Averaged by the Deck Unit = 1
* NMEA Latitude = 64 56.01 S
* NMEA Longitude = 064 23.97 W
* NMEA UTC (Time) = Dec 10 2021  04:27:53
* NMEA baud rate = 9600
** Ship: RVIB N.B. Palmer
** Cruise: NBP2113 LTER
** Station: 600.040
** Operator: B. Urmston
# nquan = 25
# nvalues = 201                         
# units = specified
# name 0 = prDM: Pressure, Digiquartz [db]
# name 1 = depSM: Depth [salt water, m]
# name 2 = t090C: Temperature [ITS-90, deg C]
# name 3 = c0mS/cm: Conductivity [mS/cm]
# name 4 = t190C: Temperature, 2 [ITS-90, deg C]
# name 5 = c1mS/cm: Conductivity, 2 [mS/cm]
# name 6 = sbeox0ML/L: Oxygen, SBE 43 [ml/l]
# name 7 = sbeox1ML/L: Oxygen, SBE 43, 2 [ml/l]
# name 8 = flECO-AFL: Fluorescence, WET Labs ECO-AFL/FL [mg/m^3]
# name 9 = CStarTr0: Beam Transmission, WET Labs C-Star [%]
# name 10 = par: PAR/Irradiance, Biospherical/Licor
# name 11 = latitude: Latitude [deg]
# name 12 = longitude: Longitude [deg]
# name 13 = timeJ: Julian Days
# name 14 = altM: Altimeter [m]
# name 15 = spar: SPAR, Biospherical/Licor
# name 16 = timeS: Time, Elapsed [seconds]
# name 17 = scan: Scan Count
# name 18 = density00: Density [density, kg/m^3]
# name 19 = density11: Density, 2 [density, kg/m^3]
# name 20 = sal00: Salinity, Practical [PSU]
# name 21 = sal11: Salinity, Practical, 2 [PSU]
# name 22 = oxsolML/L: Oxygen Saturation, Garcia & Gordon [ml/l]
# name 23 = nbin: number of scans per bin
# name 24 = flag: flag
# span 0 =      1.000,    103.000       
# span 1 =      0.989,    101.968       
# span 2 =    -0.9911,     0.3730       
# span 3 =  27.119468,  28.927564       
# span 4 =    -0.9924,     0.3777       
# span 5 =  27.117943,  28.933295       
# span 6 =     5.2120,    10.0231       
# span 7 =     5.3713,    10.0042       
# span 8 =     0.0360,     1.8474       
# span 9 =    87.0701,    95.4459       
# span 10 = -1.938e-05, 3.6030e+00      
# span 11 =  -64.93378,  -64.93342      
# span 12 =  -64.39968,  -64.39958      
# span 13 = 344.189617, 344.198393      
# span 14 =      41.80,      99.98      
# span 15 = 0.0000e+00, 0.0000e+00      
# span 16 =    309.891,   1068.118      
# span 17 =       7438,      25636      
# span 18 =  1026.9710,  1028.0685      
# span 19 =  1026.9691,  1028.0675      
# span 20 =    33.5354,    34.3739      
# span 21 =    33.5333,    34.3739      
# span 22 =    7.96775,    8.30721      
# span 23 =         15,         48      
# span 24 = 0.0000e+00, 0.0000e+00      
# interval = decibars: 1                
# start_time = Dec 10 2021 04:27:53 [NMEA time, header]
# bad_flag = -9.990e-29
*END*
[from data line 116]
     85.000     84.150     0.2500  28.788258     0.2128  28.747739     5.7930     5.7838     0.0490    95.3418 1.0000e-12  -64.93364  -64.39965 344.194616      99.97 0.0000e+00    741.836      17805  1027.9618  1027.9555    34.3368    34.3250    7.99522         34 0.0000e+00
     84.000     83.160     0.2211  28.760037     0.2255  28.760101     6.1211     5.9526     0.0431    95.3415 1.0000e-12  -64.93364  -64.39966 344.194628      99.97 0.0000e+00    742.846      17829  1027.9563  1027.9518    34.3326    34.3277    8.00146         24 0.0000e+00
     83.000     82.170     0.1562  28.690667     0.1776  28.714037     6.3446     6.1072     0.0579    95.2906 1.0000e-12  -64.93364  -64.39966 344.194638      99.97 0.0000e+00    743.752      17851  1027.9419  1027.9456    34.3142    34.3212    8.01600         21 0.0000e+00
     82.000     81.181     0.1291  28.658438     0.1322  28.660417     6.3426     6.1457     0.0594    95.2393 1.0000e-12  -64.93364  -64.39966 344.194649      99.97 0.0000e+00    744.689      17874  1027.9297  1027.9286    34.3026    34.3018    8.02231         24 0.0000e+00
     81.000     80.190     0.1275  28.651310     0.1289  28.652130     6.0806     6.0616     0.0748    94.8889 1.0000e-12  -64.93364  -64.39966 344.194662      99.97 0.0000e+00    745.795      17900  1027.9191  1027.9184    34.2956    34.2951    8.02305         30 0.0000e+00
     80.000     79.201     0.1629  28.687464     0.1565  28.680113     6.0126     6.0655     0.0728    95.0287 1.0000e-12  -64.93366  -64.39965 344.194680      99.98 0.0000e+00    747.375      17938  1027.9181  1027.9161    34.3044    34.3018    8.01517         36 0.0000e+00
     79.000     78.209     0.1225  28.643192     0.1222  28.640566     6.2041     6.1644     0.0802    95.0803 1.0000e-12  -64.93366  -64.39963 344.194725      99.98 0.0000e+00    751.270      18031  1027.9058  1027.9029    34.2917    34.2885    8.02432         33 0.0000e+00
     78.000     77.221     0.1301  28.651069     0.1456  28.668641     6.2082     6.1994     0.0726    95.1609 1.0000e-12  -64.93364  -64.39965 344.194754      99.97 0.0000e+00    753.717      18090  1027.9018  1027.9051    34.2942    34.3001    8.02258         35 0.0000e+00
     77.000     76.232     0.1323  28.654998     0.1360  28.656533     6.4181     6.3371     0.0777    95.0988 1.0000e-12  -64.93364  -64.39966 344.194771      99.97 0.0000e+00    755.188      18126  1027.8995  1027.8976    34.2975    34.2954    8.02193         29 0.0000e+00
     76.000     75.241     0.0298  28.539233     0.0369  28.547809     6.4072     6.3910     0.0734    94.9939 1.0000e-12  -64.93364  -64.39966 344.194784      99.97 0.0000e+00    756.316      18153  1027.8725  1027.8745    34.2597    34.2631    8.04553         26 0.0000e+00
     75.000     74.251     0.0089  28.512414     0.0131  28.515778     6.3090     6.3438     0.0780    94.9584 1.0000e-12  -64.93366  -64.39966 344.194797      99.97 0.0000e+00    757.420      18179  1027.8595  1027.8591    34.2482    34.2480    8.05058         28 0.0000e+00
     74.000     73.260     0.0535  28.559201     0.0303  28.533880     6.3319     6.3191     0.1026    95.0034 1.0000e-12  -64.93366  -64.39965 344.194814      99.97 0.0000e+00    758.899      18215  1027.8610  1027.8567    34.2608    34.2532    8.04050         37 0.0000e+00
     73.000     72.273     0.0571  28.564365     0.0673  28.575490     6.2729     6.3382     0.1103    95.0073 1.0000e-12  -64.93366  -64.39963 344.194856      99.97 0.0000e+00    762.585      18303  1027.8579  1027.8596    34.2643    34.2675    8.03955         34 0.0000e+00
     72.000     71.283     0.0544  28.562657     0.0342  28.539623     6.3374     6.3672     0.1105    94.9982 1.0000e-12  -64.93366  -64.39964 344.194887      99.97 0.0000e+00    765.217      18366  1027.8543  1027.8497    34.2656    34.2577    8.04003         43 0.0000e+00
     71.000     70.291     0.0245  28.530717     0.0330  28.535472     6.3917     6.4024     0.0978    95.0010 1.0000e-12  -64.93366  -64.39966 344.194905      99.97 0.0000e+00    766.771      18404  1027.8450  1027.8418    34.2573    34.2542    8.04677         31 0.0000e+00
     70.000     69.304    -0.0361  28.461956    -0.0255  28.475435     6.3516     6.4044     0.0850    95.0090 1.0000e-12  -64.93366  -64.39966 344.194918      99.97 0.0000e+00    767.938      18432  1027.8267  1027.8305    34.2347    34.2407    8.06080         26 0.0000e+00
     69.000     68.311    -0.0462  28.449071    -0.0446  28.449317     6.3401     6.3944     0.0826    95.0236 1.0000e-12  -64.93366  -64.39966 344.194930      99.97 0.0000e+00    768.981      18457  1027.8182  1027.8169    34.2295    34.2281    8.06323         25 0.0000e+00
     68.000     67.322    -0.0371  28.456841    -0.0435  28.448476     6.3685     6.4093     0.1090    95.0122 1.0000e-12  -64.93366  -64.39966 344.194945      99.97 0.0000e+00    770.255      18487  1027.8129  1027.8102    34.2303    34.2263    8.06127         38 0.0000e+00
     67.000     66.332    -0.0248  28.472107    -0.0231  28.472564     6.2867     6.3774     0.1137    95.0458 1.0000e-12  -64.93366  -64.39963 344.194991      99.97 0.0000e+00    774.213      18582  1027.8120  1027.8109    34.2373    34.2360    8.05827         40 0.0000e+00
     66.000     65.344    -0.0404  28.454511    -0.0412  28.451769     6.1456     6.3255     0.1042    95.0079 1.0000e-12  -64.93366  -64.39963 344.195012      99.98 0.0000e+00    776.053      18626  1027.8040  1027.8019    34.2320    34.2293    8.06185         29 0.0000e+00
     65.000     64.352    -0.0706  28.420653    -0.0639  28.426277     6.1072     6.3077     0.0906    95.0505 1.0000e-12  -64.93366  -64.39964 344.195026      99.97 0.0000e+00    777.239      18655  1027.7930  1027.7925    34.2216    34.2215    8.06883         30 0.0000e+00
     64.000     63.363    -0.1065  28.375938    -0.0695  28.415506     6.1423     6.2896     0.1298    95.0509 1.0000e-12  -64.93366  -64.39964 344.195045      99.97 0.0000e+00    778.859      18694  1027.7753  1027.7818    34.2030    34.2140    8.07746         37 0.0000e+00
     63.000     62.373    -0.0988  28.386531    -0.0941  28.389711     6.0221     6.1833     0.1404    95.0490 1.0000e-12  -64.93366  -64.39964 344.195072      99.97 0.0000e+00    781.250      18751  1027.7744  1027.7735    34.2091    34.2079    8.07550         40 0.0000e+00
     62.000     61.383    -0.1517  28.323712    -0.1318  28.344061     6.0110     6.1463     0.1472    94.9733 1.0000e-12  -64.93367  -64.39964 344.195091      99.97 0.0000e+00    782.883      18790  1027.7545  1027.7571    34.1853    34.1901    8.08802         31 0.0000e+00
     61.000     60.393    -0.1705  28.300293    -0.1640  28.304390     6.0279     6.1583     0.1463    95.0145 1.0000e-12  -64.93368  -64.39964 344.195108      99.97 0.0000e+00    784.309      18824  1027.7431  1027.7416    34.1759    34.1740    8.09255         35 0.0000e+00
     60.000     59.404    -0.1764  28.291886    -0.1266  28.347759     6.0414     6.1706     0.1911    94.9845 1.0000e-12  -64.93368  -64.39962 344.195131      99.97 0.0000e+00    786.305      18872  1027.7351  1027.7466    34.1719    34.1904    8.09403         38 0.0000e+00
     59.000     58.411    -0.1802  28.286355    -0.1538  28.316070     6.0747     6.1845     0.2096    94.9715 1.0000e-12  -64.93368  -64.39962 344.195161      99.97 0.0000e+00    788.886      18934  1027.7275  1027.7346    34.1693    34.1793    8.09497         41 0.0000e+00
     58.000     57.424    -0.1782  28.287440    -0.1484  28.324531     6.1344     6.1719     0.2080    94.9634 1.0000e-12  -64.93368  -64.39964 344.195192      99.97 0.0000e+00    791.596      18999  1027.7225  1027.7335    34.1692    34.1852    8.09456         38 0.0000e+00
     57.000     56.434    -0.2289  28.231178    -0.2103  28.250580     6.2269     6.2222     0.1682    94.9765 1.0000e-12  -64.93368  -64.39964 344.195208      99.97 0.0000e+00    792.972      19032  1027.7069  1027.7103    34.1516    34.1567    8.10632         28 0.0000e+00
     56.000     55.444    -0.2641  28.186283    -0.2565  28.194102     6.2119     6.2283     0.1659    94.9355 1.0000e-12  -64.93368  -64.39964 344.195220      99.97 0.0000e+00    794.043      19058  1027.6886  1027.6902    34.1317    34.1336    8.11494         26 0.0000e+00
     55.000     54.453    -0.2720  28.174705    -0.2676  28.179226     6.1646     6.2051     0.2074    94.8540 1.0000e-12  -64.93368  -64.39964 344.195235      99.97 0.0000e+00    795.304      19088  1027.6792  1027.6803    34.1257    34.1269    8.11697         35 0.0000e+00
     54.000     53.463    -0.2344  28.219515    -0.2352  28.219394     6.1819     6.1957     0.2469    94.8272 1.0000e-12  -64.93368  -64.39963 344.195258      99.97 0.0000e+00    797.277      19136  1027.6856  1027.6867    34.1441    34.1448    8.10793         48 0.0000e+00
     53.000     52.474    -0.2644  28.185432    -0.2341  28.217342     6.2219     6.2020     0.2482    94.8002 1.0000e-12  -64.93368  -64.39962 344.195282      99.97 0.0000e+00    799.392      19186  1027.6739  1027.6789    34.1328    34.1414    8.11496         40 0.0000e+00
     52.000     51.484    -0.2541  28.195190    -0.2395  28.211849     6.2724     6.2832     0.2308    94.8638 1.0000e-12  -64.93368  -64.39963 344.195326      99.97 0.0000e+00    803.142      19276  1027.6694  1027.6733    34.1349    34.1407    8.11265         38 0.0000e+00
     51.000     50.494    -0.2801  28.166171    -0.2672  28.180648     6.5124     6.4242     0.1968    94.8627 1.0000e-12  -64.93368  -64.39964 344.195345      99.97 0.0000e+00    804.776      19316  1027.6593  1027.6626    34.1259    34.1307    8.11869         27 0.0000e+00
     50.000     49.505    -0.3358  28.097108    -0.3275  28.105860     6.5866     6.4568     0.2086    94.8153 1.0000e-12  -64.93368  -64.39964 344.195357      99.97 0.0000e+00    805.846      19341  1027.6347  1027.6366    34.0966    34.0990    8.13226         26 0.0000e+00
     49.000     48.514    -0.3606  28.062683    -0.3462  28.075228     6.4388     6.4572     0.2634    94.7011 1.0000e-12  -64.93368  -64.39964 344.195372      99.97 0.0000e+00    807.118      19372  1027.6171  1027.6170    34.0789    34.0796    8.13857         37 0.0000e+00
     48.000     47.522    -0.3228  28.103516    -0.3310  28.097310     6.5113     6.5042     0.3210    94.6310 1.0000e-12  -64.93368  -64.39964 344.195393      99.97 0.0000e+00    809.001      19417  1027.6194  1027.6211    34.0918    34.0927    8.12975         38 0.0000e+00
     47.000     46.533    -0.3737  28.046785    -0.3694  28.050022     6.5344     6.5296     0.3428    94.6243 1.0000e-12  -64.93368  -64.39963 344.195413      99.97 0.0000e+00    810.715      19458  1027.6034  1027.6030    34.0736    34.0732    8.14169         32 0.0000e+00
     46.000     45.545    -0.3974  28.017900    -0.3944  28.019758     6.5045     6.5080     0.3150    94.6350 1.0000e-12  -64.93368  -64.39962 344.195429      99.97 0.0000e+00    812.105      19492  1027.5906  1027.5899    34.0621    34.0612    8.14742         34 0.0000e+00
     45.000     44.557    -0.3500  28.075681    -0.3491  28.074159     6.5238     6.5592     0.3031    94.6273 1.0000e-12  -64.93368  -64.39962 344.195477      99.97 0.0000e+00    816.245      19591  1027.6017  1027.5994    34.0870    34.0839    8.13585         35 0.0000e+00
     44.000     43.564    -0.3831  28.034478    -0.3884  28.026933     6.7952     6.7273     0.2722    94.6359 1.0000e-12  -64.93368  -64.39964 344.195499      99.97 0.0000e+00    818.109      19636  1027.5851  1027.5823    34.0695    34.0653    8.14393         27 0.0000e+00
     43.000     42.574    -0.4136  27.993978    -0.4150  27.990636     7.0028     6.8753     0.2757    94.5811 1.0000e-12  -64.93368  -64.39964 344.195511      99.97 0.0000e+00    819.163      19661  1027.5667  1027.5646    34.0501    34.0472    8.15159         25 0.0000e+00
     42.000     41.585    -0.4151  27.978495    -0.4124  27.978438     7.1436     6.9551     0.3147    94.5196 1.0000e-12  -64.93368  -64.39966 344.195524      99.97 0.0000e+00    820.292      19688  1027.5468  1027.5443    34.0315    34.0285    8.15297         28 0.0000e+00
     41.000     40.593    -0.3936  27.992524    -0.3925  27.991316     7.0753     6.9264     0.3758    94.4413 1.0000e-12  -64.93368  -64.39964 344.195540      99.97 0.0000e+00    821.699      19722  1027.5364  1027.5341    34.0269    34.0240    8.14862         36 0.0000e+00
     40.000     39.606    -0.3849  28.003985    -0.3888  28.002308     7.1170     6.9207     0.3855    94.4468 1.0000e-12  -64.93368  -64.39962 344.195562      99.97 0.0000e+00    823.595      19767  1027.5359  1027.5380    34.0331    34.0353    8.14640         39 0.0000e+00
     39.000     38.614    -0.3744  28.004575    -0.3854  28.000283     6.8868     6.8537     0.4114    94.4510 1.0000e-12  -64.93368  -64.39960 344.195585      99.97 0.0000e+00    825.558      19814  1027.5219  1027.5280    34.0228    34.0293    8.14475         36 0.0000e+00
     38.000     37.623    -0.3977  28.002479    -0.3975  28.001454     7.1227     7.0732     0.3521    94.4809 1.0000e-12  -64.93368  -64.39962 344.195634      99.97 0.0000e+00    829.738      19915  1027.5379  1027.5365    34.0466    34.0450    8.14837         30 0.0000e+00
     37.000     36.635    -0.3929  27.999145    -0.3804  28.003663     7.6551     7.3289     0.3178    94.4996 1.0000e-12  -64.93368  -64.39962 344.195653      99.97 0.0000e+00    831.392      19954  1027.5251  1027.5178    34.0374    34.0295    8.14787         22 0.0000e+00
     36.000     35.644    -0.3190  28.038507    -0.3326  28.028346     7.7124     7.3703     0.3073    94.4376 1.0000e-12  -64.93368  -64.39964 344.195662      99.97 0.0000e+00    832.227      19974  1027.4912  1027.4935    34.0080    34.0095    8.13374         20 0.0000e+00
     35.000     34.654    -0.2814  28.065290    -0.2899  28.059227     7.6677     7.4007     0.3327    94.3364 1.0000e-12  -64.93368  -64.39964 344.195673      99.97 0.0000e+00    833.133      19996  1027.4792  1027.4811    34.0023    34.0038    8.12602         25 0.0000e+00
     34.000     33.665    -0.2953  28.057225    -0.3118  28.045720     7.5351     7.4051     0.3802    94.2073 1.0000e-12  -64.93368  -64.39963 344.195691      99.97 0.0000e+00    834.726      20034  1027.4802  1027.4840    34.0077    34.0108    8.12868         30 0.0000e+00
     33.000     32.672    -0.3097  28.046759    -0.3183  28.040757     7.3229     7.3751     0.3976    94.2018 1.0000e-12  -64.93368  -64.39960 344.195724      99.97 0.0000e+00    837.546      20102  1027.4794  1027.4812    34.0104    34.0120    8.13160         38 0.0000e+00
     32.000     31.684    -0.3158  28.042663    -0.3067  28.048110     7.3197     7.3420     0.4295    94.1420 1.0000e-12  -64.93368  -64.39960 344.195748      99.97 0.0000e+00    839.670      20153  1027.4768  1027.4737    34.0124    34.0095    8.13279         41 0.0000e+00
     31.000     30.696    -0.3036  28.048748    -0.3132  28.042470     7.8257     7.6195     0.4526    94.2077 1.0000e-12  -64.93368  -64.39960 344.195779      99.97 0.0000e+00    842.346      20217  1027.4672  1027.4699    34.0075    34.0098    8.13047         35 0.0000e+00
     30.000     29.704    -0.1783  28.130168    -0.2231  28.097059     8.0005     7.8151     0.4567    94.0097 1.0000e-12  -64.93368  -64.39961 344.195796      99.97 0.0000e+00    843.773      20252  1027.4286  1027.4365    33.9768    33.9827    8.10552         29 0.0000e+00
     29.000     28.713    -0.1241  28.157243    -0.1375  28.148592     7.9339     7.8404     0.5327    93.4904 1.0000e-12  -64.93368  -64.39962 344.195809      99.97 0.0000e+00    844.883      20278  1027.4012  1027.4046    33.9531    33.9565    8.09537         27 0.0000e+00
