NBP2113_155081_ctd/data/nbp2113_012.ros
* Sea-Bird SBE 9 Data File:
* FileName = D:\Data\raw\NBP2113_012.hex
* Software Version Seasave V 7.26.7.121
* Temperature SN = 2438
* Conductivity SN = 2067
* Number of Bytes Per Scan = 40
* Number of Voltage Words = 5
* Number of Scans Averaged by the Deck Unit = 1
* NMEA Latitude = 64 36.38 S
* NMEA Longitude = 068 17.17 W
* NMEA UTC (Time) = Nov 26 2021  18:58:06
* NMEA baud rate = 9600
** Ship: RVIB N.B. Palmer
** Cruise: NBP2113 LTER
** Station: 500.200
** Operator: S. Blackman
# nquan = 20
# nvalues = 1148                                  
# units = specified
# name 0 = prDM: Pressure, Digiquartz [db]
# name 1 = depSM: Depth [salt water, m]
# name 2 = t090C: Temperature [ITS-90, deg C]
# name 3 = c0mS/cm: Conductivity [mS/cm]
# name 4 = t190C: Temperature, 2 [ITS-90, deg C]
# name 5 = c1mS/cm: Conductivity, 2 [mS/cm]
# name 6 = sbeox0ML/L: Oxygen, SBE 43 [ml/l]
# name 7 = sbeox1ML/L: Oxygen, SBE 43, 2 [ml/l]
# name 8 = flECO-AFL: Fluorescence, WET Labs ECO-AFL/FL [mg/m^3]
# name 9 = CStarTr0: Beam Transmission, WET Labs C-Star [%]
# name 10 = par: PAR/Irradiance, Biospherical/Licor
# name 11 = latitude: Latitude [deg]
# name 12 = longitude: Longitude [deg]
# name 13 = timeJ: Julian Days
# name 14 = altM: Altimeter [m]
# name 15 = spar: SPAR, Biospherical/Licor
# name 16 = timeS: Time, Elapsed [seconds]
# name 17 = scan: Scan Count
# name 18 = nbf: Bottles Fired
# name 19 = flag:  0.000e+00
# interval = seconds: 0.0416667
# start_time = Nov 26 2021 18:58:06 [NMEA time, header]
# bad_flag = -9.990e-29
*END*
[from data line 580]
     66.304     65.646    -0.7098  27.718644    -0.7156  27.713529     8.2946     8.0906     0.8787    94.5624 1.0000e-12  -64.60632  -68.28584 330.874336      99.98 1.7981e+03   7256.667     174161         12  0.000e+00
     66.256     65.598    -0.7122  27.716807    -0.7149  27.714033     8.2961     8.0902     0.8787    94.5624 1.0000e-12  -64.60632  -68.28584 330.874337      99.98 1.7999e+03   7256.708     174162         12  0.000e+00
     66.359     65.700    -0.7132  27.716405    -0.7141  27.714763     8.2900     8.0900     0.8714    94.5624 1.0000e-12  -64.60632  -68.28584 330.874337      99.98 1.7999e+03   7256.750     174163         12  0.000e+00
     66.304     65.646    -0.7138  27.716061    -0.7138  27.714987     8.2806     8.0898     0.8714    94.5624 1.0000e-12  -64.60632  -68.28586 330.874338      99.98 1.7999e+03   7256.792     174164         12  0.000e+00
     66.359     65.700    -0.7142  27.715946    -0.7142  27.715099     8.2802     8.0898     0.8714    94.5624 1.0000e-12  -64.60632  -68.28586 330.874338      99.95 1.7999e+03   7256.833     174165         12  0.000e+00
     66.359     65.700    -0.7160  27.715314    -0.7142  27.714987     8.2649     8.0897     0.8714    94.5624 1.0000e-12  -64.60632  -68.28586 330.874339      99.98 1.7999e+03   7256.875     174166         12  0.000e+00
     66.359     65.700    -0.7155  27.715314    -0.7145  27.714594     8.2566     8.0952     0.8714    94.5624 1.0000e-12  -64.60632  -68.28586 330.874339      99.98 1.8017e+03   7256.917     174167         12  0.000e+00
     66.359     65.700    -0.7144  27.715774    -0.7147  27.713865     8.2481     8.0905     0.8714    94.5624 1.0000e-12  -64.60632  -68.28586 330.874340      99.98 1.8017e+03   7256.958     174168         12  0.000e+00
     51.148     50.642    -0.6728  27.739907    -0.6754  27.737041     8.2851     8.1503     0.9080    94.4336 1.0000e-12  -64.60634  -68.28588 330.875005      99.98 1.7911e+03   7314.417     175547         13  0.000e+00
     51.210     50.703    -0.6728  27.739677    -0.6754  27.736929     8.2964     8.1510     0.9666    94.4336 1.0000e-12  -64.60634  -68.28588 330.875005      99.98 1.7911e+03   7314.458     175548         13  0.000e+00
     51.196     50.689    -0.6734  27.739333    -0.6756  27.736929     8.3018     8.1516     1.0252    94.4336 1.0000e-12  -64.60634  -68.28588 330.875006      99.95 1.7911e+03   7314.500     175549         13  0.000e+00
     51.148     50.642    -0.6728  27.739620    -0.6756  27.736761     8.3011     8.1522     1.0399    94.4594 1.0000e-12  -64.60634  -68.28588 330.875006      99.95 1.7911e+03   7314.542     175550         13  0.000e+00
     51.210     50.703    -0.6722  27.740194    -0.6754  27.736873     8.2979     8.1519     1.0326    94.4594 1.0000e-12  -64.60634  -68.28588 330.875007      99.98 1.7911e+03   7314.583     175551         13  0.000e+00
     51.148     50.642    -0.6719  27.740538    -0.6754  27.736929     8.2963     8.1469     1.0326    94.4851 1.0000e-12  -64.60634  -68.28588 330.875007      99.98 1.7929e+03   7314.625     175552         13  0.000e+00
     51.196     50.689    -0.6717  27.740424    -0.6746  27.737322     8.2949     8.1465     1.0326    94.4851 1.0000e-12  -64.60634  -68.28588 330.875008      99.98 1.7929e+03   7314.667     175553         13  0.000e+00
     51.155     50.649    -0.6719  27.740366    -0.6745  27.737658     8.2934     8.1508     1.0326    94.4594 1.0000e-12  -64.60634  -68.28588 330.875008      99.98 1.7929e+03   7314.708     175554         13  0.000e+00
     51.196     50.689    -0.6719  27.740366    -0.6742  27.737883     8.2892     8.1505     1.0326    94.4594 1.0000e-12  -64.60634  -68.28588 330.875009      99.98 1.7929e+03   7314.750     175555         13  0.000e+00
     51.155     50.649    -0.6717  27.740136    -0.6736  27.738163     8.2832     8.1509     1.0326    94.4851 1.0000e-12  -64.60634  -68.28588 330.875009      99.98 1.7929e+03   7314.792     175556         13  0.000e+00
     51.100     50.595    -0.6713  27.740653    -0.6725  27.738612     8.2785     8.1512     1.0326    94.4594 1.0000e-12  -64.60634  -68.28588 330.875010      99.95 1.7929e+03   7314.833     175557         13  0.000e+00
     51.196     50.689    -0.6700  27.741457    -0.6724  27.738949     8.2736     8.1509     1.0326    94.4851 1.0000e-12  -64.60634  -68.28588 330.875010      99.98 1.7929e+03   7314.875     175558         13  0.000e+00
     51.107     50.601    -0.6697  27.741687    -0.6720  27.739004     8.2627     8.1513     1.0326    94.4594 1.0000e-12  -64.60634  -68.28588 330.875011      99.98 1.7929e+03   7314.917     175559         13  0.000e+00
     51.148     50.642    -0.6700  27.741457    -0.6720  27.738836     8.2653     8.1519     1.0326    94.4594 1.0000e-12  -64.60634  -68.28588 330.875011      99.98 1.7929e+03   7314.958     175560         13  0.000e+00
     51.100     50.595    -0.6705  27.740998    -0.6720  27.739173     8.2662     8.1514     1.0326    94.4851 1.0000e-12  -64.60634  -68.28588 330.875012      99.95 1.7929e+03   7315.000     175561         13  0.000e+00
     51.155     50.649    -0.6713  27.740653    -0.6722  27.738892     8.2616     8.1511     1.0326    94.4594 1.0000e-12  -64.60634  -68.28588 330.875012      99.95 1.7929e+03   7315.042     175562         13  0.000e+00
     51.148     50.642    -0.6710  27.741170    -0.6717  27.739173     8.2598     8.1450     1.0326    94.4851 1.0000e-12  -64.60634  -68.28588 330.875013      99.98 1.7929e+03   7315.083     175563         13  0.000e+00
     51.100     50.595    -0.6712  27.740768    -0.6717  27.739509     8.2583     8.1446     1.0326    94.4594 1.0000e-12  -64.60634  -68.28588 330.875013      99.98 1.7929e+03   7315.125     175564         13  0.000e+00
     51.107     50.601    -0.6713  27.740596    -0.6717  27.739565     8.2583     8.1488     1.0326    94.4594 1.0000e-12  -64.60634  -68.28588 330.875014      99.98 1.7929e+03   7315.167     175565         13  0.000e+00
     51.100     50.595    -0.6711  27.740768    -0.6716  27.739397     8.2613     8.1493     1.0326    94.4851 1.0000e-12  -64.60634  -68.28588 330.875014      99.98 1.7929e+03   7315.208     175566         13  0.000e+00
     51.052     50.547    -0.6714  27.740653    -0.6719  27.739060     8.2719     8.1442     1.0326    94.4851 1.0000e-12  -64.60634  -68.28588 330.875014      99.98 1.7911e+03   7315.250     175567         13  0.000e+00
     51.100     50.595    -0.6719  27.740194    -0.6719  27.738836     8.2786     8.1439     1.0326    94.4594 1.0000e-12  -64.60634  -68.28588 330.875015      99.98 1.7929e+03   7315.292     175568         13  0.000e+00
     51.100     50.595    -0.6725  27.739447    -0.6727  27.738612     8.2885     8.1438     1.0326    94.4594 1.0000e-12  -64.60634  -68.28588 330.875015      99.95 1.7911e+03   7315.333     175569         13  0.000e+00
     51.052     50.547    -0.6728  27.739619    -0.6727  27.738892     8.2924     8.1480     1.0252    94.4594 1.0000e-12  -64.60634  -68.28588 330.875016      99.98 1.7911e+03   7315.375     175570         13  0.000e+00
     51.046     50.540    -0.6727  27.739792    -0.6723  27.738612     8.3080     8.1476     1.0326    94.4594 1.0000e-12  -64.60634  -68.28588 330.875016      99.98 1.7911e+03   7315.417     175571         13  0.000e+00
     51.046     50.540    -0.6730  27.739792    -0.6727  27.738724     8.3088     8.1482     1.0326    94.4594 1.0000e-12  -64.60634  -68.28588 330.875017      99.98 1.7911e+03   7315.458     175572         13  0.000e+00
     51.052     50.547    -0.6728  27.739792    -0.6725  27.738556     8.3082     8.1487     1.0326    94.4336 1.0000e-12  -64.60634  -68.28588 330.875017      99.95 1.7911e+03   7315.500     175573         13  0.000e+00
     51.046     50.540    -0.6730  27.739619    -0.6728  27.738275     8.3093     8.1493     0.9886    94.4594 1.0000e-12  -64.60634  -68.28588 330.875018      99.95 1.7911e+03   7315.542     175574         13  0.000e+00
     50.998     50.493    -0.6726  27.739562    -0.6727  27.738387     8.3117     8.1488     0.8861    94.4336 1.0000e-12  -64.60634  -68.28588 330.875018      99.98 1.7911e+03   7315.583     175575         13  0.000e+00
     51.052     50.547    -0.6731  27.739332    -0.6728  27.738331     8.3129     8.1484     0.8567    94.4594 1.0000e-12  -64.60634  -68.28588 330.875019      99.98 1.7911e+03   7315.625     175576         13  0.000e+00
     50.943     50.439    -0.6734  27.739447    -0.6728  27.738443     8.3094     8.1487     0.8567    94.4594 1.0000e-12  -64.60634  -68.28588 330.875019      99.98 1.7911e+03   7315.667     175577         13  0.000e+00
     51.046     50.540    -0.6730  27.739160    -0.6727  27.738668     8.3164     8.1492     0.8567    94.4336 1.0000e-12  -64.60634  -68.28588 330.875020      99.98 1.7911e+03   7315.708     175578         13  0.000e+00
     50.957     50.452    -0.6730  27.739389    -0.6726  27.738780     8.3202     8.1496     0.8567    94.4336 1.0000e-12  -64.60634  -68.28588 330.875020      99.98 1.7911e+03   7315.750     175579         13  0.000e+00
     50.998     50.493    -0.6731  27.739562    -0.6725  27.738555     8.3286     8.1500     0.8567    94.4594 1.0000e-12  -64.60634  -68.28588 330.875021      99.98 1.7893e+03   7315.792     175580         13  0.000e+00
     51.005     50.500    -0.6731  27.739332    -0.6727  27.738499     8.3414     8.1496     0.8641    94.4336 1.0000e-12  -64.60634  -68.28588 330.875021      99.95 1.7893e+03   7315.833     175581         13  0.000e+00
     50.943     50.439    -0.6728  27.739849    -0.6727  27.738331     8.3491     8.1500     0.8641    94.4594 1.0000e-12  -64.60634  -68.28588 330.875022      99.98 1.7893e+03   7315.875     175582         13  0.000e+00
     50.943     50.439    -0.6728  27.739676    -0.6727  27.738780     8.3491     8.1494     0.8567    94.4594 1.0000e-12  -64.60634  -68.28588 330.875022      99.98 1.7893e+03   7315.917     175583         13  0.000e+00
     50.957     50.452    -0.6725  27.740136    -0.6728  27.738836     8.3488     8.1489     0.8567    94.4336 1.0000e-12  -64.60634  -68.28588 330.875023      99.98 1.7893e+03   7315.958     175584         13  0.000e+00
     50.895     50.391    -0.6720  27.740136    -0.6727  27.738611     8.3455     8.1491     0.8567    94.4336 1.0000e-12  -64.60634  -68.28588 330.875023      99.95 1.7893e+03   7316.000     175585         13  0.000e+00
     50.943     50.439    -0.6719  27.740078    -0.6729  27.738499     8.3424     8.1440     0.8567    94.4594 1.0000e-12  -64.60634  -68.28588 330.875024      99.95 1.7893e+03   7316.042     175586         13  0.000e+00
     50.902     50.398    -0.6718  27.740251    -0.6725  27.738667     8.3363     8.1434     0.8641    94.4336 1.0000e-12  -64.60634  -68.28588 330.875024      99.98 1.7893e+03   7316.083     175587         13  0.000e+00
     50.895     50.391    -0.6717  27.740136    -0.6727  27.738611     8.3406     8.1485     0.8567    94.4594 1.0000e-12  -64.60634  -68.28588 330.875025      99.98 1.7893e+03   7316.125     175588         13  0.000e+00
     50.943     50.439    -0.6717  27.740078    -0.6723  27.738892     8.3450     8.1433     0.8567    94.4336 1.0000e-12  -64.60634  -68.28588 330.875025      99.98 1.7893e+03   7316.167     175589         13  0.000e+00
     50.854     50.351    -0.6717  27.740423    -0.6719  27.739172     8.3444     8.1473     0.8567    94.4336 1.0000e-12  -64.60634  -68.28588 330.875026      99.98 1.7876e+03   7316.208     175590         13  0.000e+00
     50.895     50.391    -0.6717  27.740595    -0.6714  27.739509     8.3484     8.1476     0.8567    94.4851 1.0000e-12  -64.60634  -68.28588 330.875026      99.98 1.7876e+03   7316.250     175591         13  0.000e+00
     50.895     50.391    -0.6716  27.740768    -0.6716  27.739340     8.3474     8.1481     0.8567    94.4851 1.0000e-12  -64.60634  -68.28588 330.875027      99.98 1.7876e+03   7316.292     175592         13  0.000e+00
     50.854     50.351    -0.6716  27.740653    -0.6715  27.739284     8.3520     8.1484     0.8641    94.4851 1.0000e-12  -64.60634  -68.28588 330.875027      99.98 1.7876e+03   7316.333     175593         13  0.000e+00
     50.847     50.344    -0.6712  27.740595    -0.6714  27.739452     8.3429     8.1479     0.8567    94.4851 1.0000e-12  -64.60634  -68.28588 330.875027      99.98 1.7876e+03   7316.375     175594         13  0.000e+00
     50.799     50.296    -0.6714  27.740767    -0.6714  27.739396     8.3368     8.1482     0.8641    94.4851 1.0000e-12  -64.60634  -68.28588 330.875028      99.98 1.7876e+03   7316.417     175595         13  0.000e+00
     51.452     50.943    -0.6801  27.734624    -0.6774  27.735640     8.2677     8.1371     0.8641    94.4594 1.0000e-12  -64.60634  -68.28588 330.875148      99.98 1.7964e+03   7326.750     175843         14  0.000e+00
     51.514     51.004    -0.6801  27.734222    -0.6773  27.735865     8.2636     8.1376     0.8641    94.4594 1.0000e-12  -64.60634  -68.28588 330.875148      99.98 1.7964e+03   7326.792     175844         14  0.000e+00
     51.507     50.997    -0.6809  27.733820    -0.6774  27.735472     8.2611     8.1382     0.8714    94.4594 1.0000e-12  -64.60634  -68.28588 330.875149      99.95 1.7964e+03   7326.833     175845         14  0.000e+00
     51.507     50.997    -0.6810  27.733935    -0.6770  27.735528     8.2585     8.1442     0.8641    94.4594 1.0000e-12  -64.60634  -68.28588 330.875149      99.98 1.7964e+03   7326.875     175846         14  0.000e+00
     51.466     50.957    -0.6810  27.734050    -0.6776  27.735808     8.2678     8.1447     0.8641    94.4594 1.0000e-12  -64.60634  -68.28588 330.875149      99.98 1.7981e+03   7326.917     175847         14  0.000e+00
     51.507     50.997    -0.6806  27.734222    -0.6774  27.735528     8.2739     8.1452     0.8641    94.4594 1.0000e-12  -64.60634  -68.28588 330.875150      99.98 1.7981e+03   7326.958     175848         14  0.000e+00
     51.507     50.997    -0.6805  27.734280    -0.6778  27.735135     8.2873     8.1402     0.8641    94.4594 1.0000e-12  -64.60634  -68.28588 330.875150      99.95 1.7981e+03   7327.000     175849         14  0.000e+00
     51.514     51.004    -0.6806  27.734107    -0.6778  27.735079     8.2900     8.1398     0.8641    94.4594 1.0000e-12  -64.60634  -68.28588 330.875151      99.95 1.7999e+03   7327.042     175850         14  0.000e+00
     51.507     50.997    -0.6809  27.734050    -0.6780  27.734911     8.2941     8.1403     0.8714    94.4594 1.0000e-12  -64.60634  -68.28588 330.875151      99.98 1.7999e+03   7327.083     175851         14  0.000e+00
     51.562     51.052    -0.6810  27.733820    -0.6787  27.734855     8.2848     8.1410     0.8641    94.4594 1.0000e-12  -64.60634  -68.28588 330.875152      99.98 1.7999e+03   7327.125     175852         14  0.000e+00
     51.507     50.997    -0.6813  27.733533    -0.6791  27.734631     8.2754     8.1416     0.8641    94.4594 1.0000e-12  -64.60634  -68.28588 330.875152      99.98 1.7999e+03   7327.167     175853         14  0.000e+00
     51.555     51.045    -0.6816  27.733476    -0.6794  27.734575     8.2839     8.1469     0.8641    94.4336 1.0000e-12  -64.60634  -68.28588 330.875153      99.98 1.7999e+03   7327.208     175854         14  0.000e+00
     51.514     51.004    -0.6816  27.733304    -0.6791  27.734350     8.2763     8.1474     0.8641    94.4336 1.0000e-12  -64.60634  -68.28588 330.875153      99.98 1.7999e+03   7327.250     175855         14  0.000e+00
     51.555     51.045    -0.6816  27.733418    -0.6786  27.734462     8.2780     8.1423     0.8641    94.4336 1.0000e-12  -64.60634  -68.28588 330.875154      99.98 1.8017e+03   7327.292     175856         14  0.000e+00
