NBP2113_155081_ctd/data/nbp2113_056.cnv
* Sea-Bird SBE 9 Data File:
* FileName = D:\Data\raw\NBP2113_056.hex
* Software Version Seasave V 7.26.7.121
* Temperature SN = 2438
* Conductivity SN = 2067
* Number of Bytes Per Scan = 40
* Number of Voltage Words = 5
* Number of Scans Averaged by the Deck Unit = 1
* NMEA Latitude = 64 53.69 S
* NMEA Longitude = 064 47.29 W
* NMEA UTC (Time) = Dec 11 2021  22:36:48
* NMEA baud rate = 9600
** Ship: RVIB N.B. Palmer
** Cruise: NBP2113 LTER
** Station: 591.057
** Operator: S. Blackman
# nquan = 25
# nvalues = 1315                        
# units = specified
# name 0 = prDM: Pressure, Digiquartz [db]
# name 1 = depSM: Depth [salt water, m]
# name 2 = t090C: Temperature [ITS-90, deg C]
# name 3 = c0mS/cm: Conductivity [mS/cm]
# name 4 = t190C: Temperature, 2 [ITS-90, deg C]
# name 5 = c1mS/cm: Conductivity, 2 [mS/cm]
# name 6 = sbeox0ML/L: Oxygen, SBE 43 [ml/l]
# name 7 = sbeox1ML/L: Oxygen, SBE 43, 2 [ml/l]
# name 8 = flECO-AFL: Fluorescence, WET Labs ECO-AFL/FL [mg/m^3]
# name 9 = CStarTr0: Beam Transmission, WET Labs C-Star [%]
# name 10 = par: PAR/Irradiance, Biospherical/Licor
# name 11 = latitude: Latitude [deg]
# name 12 = longitude: Longitude [deg]
# name 13 = timeJ: Julian Days
# name 14 = altM: Altimeter [m]
# name 15 = spar: SPAR, Biospherical/Licor
# name 16 = timeS: Time, Elapsed [seconds]
# name 17 = scan: Scan Count
# name 18 = density00: Density [density, kg/m^3]
# name 19 = density11: Density, 2 [density, kg/m^3]
# name 20 = sal00: Salinity, Practical [PSU]
# name 21 = sal11: Salinity, Practical, 2 [PSU]
# name 22 = oxsolML/L: Oxygen Saturation, Garcia & Gordon [ml/l]
# name 23 = nbin: number of scans per bin
# name 24 = flag: flag
# span 0 =      1.000,    660.000       
# span 1 =      0.991,    652.487       
# span 2 =    -0.6101,     1.4679       
# span 3 =  27.472251,  30.361230       
# span 4 =    -0.6100,     1.4677       
# span 5 =  27.471279,  30.360388       
# span 6 =     4.0492,     8.1885       
# span 7 =     4.1114,     8.1803       
# span 8 =    -0.0223,     1.9427       
# span 9 =    82.4612,    91.4528       
# span 10 = -1.912e-06, 1.3970e+02      
# span 11 =  -64.89496,  -64.89482      
# span 12 =  -64.78956,  -64.78857      
# span 13 = 345.945522, 345.968983      
# span 14 =       0.88,     101.20      
# span 15 = 1.0404e+02, 1.6211e+02      
# span 16 =    285.066,   2312.097      
# span 17 =       6843,      55491      
# span 18 =  1027.0165,  1030.8555      
# span 19 =  1027.0123,  1030.8543      
# span 20 =    33.5884,    34.6847      
# span 21 =    33.5863,    34.6833      
# span 22 =    7.73033,    8.22066      
# span 23 =          8,         48      
# span 24 = 0.0000e+00, 0.0000e+00      
# interval = decibars: 1                
# start_time = Dec 11 2021 22:36:48 [NMEA time, header]
# bad_flag = -9.990e-29
*END*
      5.000      4.951    -0.5643  27.517619    -0.5620  27.518956     8.1592     8.1669     1.5563    82.5669 3.2905e+01  -64.89486  -64.78930 345.945522       2.16 1.0577e+02    285.066       6843  1027.0280  1027.0274    33.6016    33.6008    8.20995         45 0.0000e+00
      6.000      5.941    -0.5718  27.512519    -0.5671  27.513953     8.1807     8.1729     1.5178    82.6234 2.8439e+01  -64.89488  -64.78930 345.945546      35.49 1.0577e+02    287.131       6892  1027.0338  1027.0310    33.6025    33.5992    8.21153         44 0.0000e+00
      7.000      6.932    -0.5937  27.485823    -0.5909  27.487475     8.1731     8.1773     1.5685    82.6174 2.6088e+01  -64.89488  -64.78931 345.945567     101.20 1.0577e+02    289.007       6937  1027.0299  1027.0292    33.5903    33.5894    8.21699         35 0.0000e+00
      8.000      7.921    -0.5831  27.496373    -0.5826  27.495719     8.1840     8.1726     1.6377    82.5707 2.1873e+01  -64.89486  -64.78932 345.945610      99.97 1.0563e+02    292.679       7025  1027.0350  1027.0340    33.5921    33.5907    8.21459         37 0.0000e+00
      9.000      8.912    -0.5968  27.486235    -0.6052  27.475867     8.1523     8.1745     1.6070    82.5482 1.9009e+01  -64.89486  -64.78932 345.945634      99.97 1.0453e+02    294.746       7075  1027.0414  1027.0383    33.5930    33.5884    8.21750         32 0.0000e+00
     10.000      9.904    -0.6101  27.472251    -0.6095  27.471298     8.1519     8.1803     1.6541    82.4973 1.7750e+01  -64.89487  -64.78932 345.945675      99.96 1.0404e+02    298.352       7161  1027.0429  1027.0414    33.5884    33.5865    8.22066         32 0.0000e+00
     11.000     10.890    -0.6099  27.473135    -0.6100  27.471279     8.1885     8.1779     1.6324    82.4692 1.6437e+01  -64.89486  -64.78932 345.945707      99.97 1.0433e+02    301.060       7226  1027.0478  1027.0458    33.5887    33.5863    8.22060         36 0.0000e+00
     12.000     11.882    -0.6058  27.479667    -0.6058  27.477654     8.1598     8.1740     1.6469    82.4612 1.4156e+01  -64.89486  -64.78932 345.945743      99.96 1.0576e+02    304.179       7301  1027.0551  1027.0529    33.5924    33.5897    8.21951         46 0.0000e+00
     13.000     12.873    -0.5960  27.491450    -0.5981  27.486909     8.1508     8.1729     1.6738    82.5456 1.2476e+01  -64.89486  -64.78933 345.945771      99.97 1.0577e+02    306.608       7360  1027.0628  1027.0600    33.5967    33.5930    8.21712         37 0.0000e+00
     14.000     13.863    -0.5677  27.527145    -0.5679  27.524905     8.1528     8.1649     1.6432    82.6532 1.0924e+01  -64.89486  -64.78933 345.945811      99.97 1.0577e+02    310.040       7442  1027.0787  1027.0764    33.6127    33.6100    8.21004         41 0.0000e+00
     15.000     14.853    -0.5525  27.546055    -0.5535  27.542428     8.1497     8.1493     1.6292    82.7651 1.0064e+01  -64.89486  -64.78932 345.945831      99.96 1.0577e+02    311.834       7485  1027.0891  1027.0863    33.6206    33.6169    8.20628         38 0.0000e+00
     16.000     15.845    -0.5219  27.581506    -0.5136  27.592436     8.1096     8.1189     1.6518    82.8727 8.8926e+00  -64.89486  -64.78934 345.945888      99.97 1.0577e+02    316.685       7601  1027.1031  1027.1066    33.6337    33.6392    8.19891         38 0.0000e+00
     17.000     16.833    -0.2590  27.884063    -0.2985  27.832783     8.0187     8.0538     1.6095    83.0530 7.8008e+00  -64.89486  -64.78934 345.945909      99.97 1.0577e+02    318.505       7645  1027.1795  1027.1627    33.7460    33.7212    8.13604         26 0.0000e+00
     18.000     17.823     0.0800  28.303546     0.0823  28.301398     7.9987     8.0703     1.6430    83.5648 7.2200e+00  -64.89486  -64.78934 345.945927      99.97 1.0577e+02    320.111       7684  1027.3073  1027.3028    33.9270    33.9216    8.05372         39 0.0000e+00
     19.000     18.812     0.0813  28.305988     0.0743  28.295513     7.9954     8.0403     1.7969    84.4726 6.5028e+00  -64.89486  -64.78934 345.945973      99.96 1.0577e+02    324.094       7779  1027.3191  1027.3144    33.9281    33.9220    8.05341         38 0.0000e+00
     20.000     19.803     0.0819  28.311180     0.0830  28.309785     7.9684     8.0195     1.8511    84.7438 5.5528e+00  -64.89486  -64.78933 345.945994      99.97 1.0577e+02    325.924       7823  1027.3303  1027.3274    33.9337    33.9306    8.05297         38 0.0000e+00
     21.000     20.792     0.0724  28.311272     0.0727  28.309601     7.9736     8.0141     1.9427    85.2143 5.7636e+00  -64.89486  -64.78935 345.946047      99.97 1.0577e+02    330.487       7933  1027.3469  1027.3447    33.9438    33.9412    8.05441         39 0.0000e+00
     22.000     21.784     0.0693  28.310689     0.0694  28.309205     7.9649     8.0048     1.8253    85.5721 5.0257e+00  -64.89486  -64.78936 345.946072      99.97 1.0577e+02    332.665       7985  1027.3543  1027.3525    33.9458    33.9437    8.05493         40 0.0000e+00
     23.000     22.773     0.0675  28.310559     0.0673  28.308843     7.9627     7.9952     1.8753    85.8957 4.1290e+00  -64.89486  -64.78934 345.946101      99.96 1.0668e+02    335.149       8045  1027.3609  1027.3592    33.9470    33.9450    8.05524         39 0.0000e+00
     24.000     23.764     0.0636  28.309833     0.0637  28.308207     7.9576     7.9969     1.6317    86.0974 3.7685e+00  -64.89486  -64.78932 345.946120      99.97 1.0753e+02    336.795       8084  1027.3685  1027.3667    33.9498    33.9476    8.05590         38 0.0000e+00
     25.000     24.752     0.0620  28.309576     0.0617  28.307867     7.9611     7.9864     1.6944    86.3107 3.6855e+00  -64.89486  -64.78935 345.946177      99.97 1.0754e+02    341.707       8202  1027.3746  1027.3731    33.9507    33.9487    8.05620         42 0.0000e+00
     26.000     25.744     0.0545  28.306456     0.0544  28.304863     7.9196     7.9617     1.5793    86.3766 3.2200e+00  -64.89486  -64.78935 345.946210      99.97 1.0754e+02    344.505       8269  1027.3831  1027.3814    33.9542    33.9522    8.05757         38 0.0000e+00
     27.000     26.731     0.0407  28.297912     0.0408  28.296215     7.8940     7.9472     1.7881    86.5337 2.9207e+00  -64.89486  -64.78934 345.946232      99.97 1.0754e+02    346.434       8315  1027.3916  1027.3898    33.9576    33.9553    8.06028         32 0.0000e+00
     28.000     27.725     0.0279  28.291115     0.0279  28.289476     7.8893     7.9385     1.5770    86.9883 2.9428e+00  -64.89486  -64.78934 345.946263      99.97 1.0754e+02    349.139       8380  1027.4011  1027.3993    33.9622    33.9600    8.06272         38 0.0000e+00
     29.000     28.713     0.0241  28.289055     0.0281  28.289827     7.8801     7.9308     1.1413    87.5922 2.6984e+00  -64.89486  -64.78936 345.946311      99.97 1.0754e+02    353.266       8479  1027.4066  1027.4035    33.9631    33.9597    8.06347         35 0.0000e+00
     30.000     29.703     0.0161  28.284995     0.0217  28.287546     7.8747     7.9139     1.0606    87.5655 2.3630e+00  -64.89486  -64.78936 345.946351      99.97 1.0754e+02    356.705       8562  1027.4143  1027.4116    33.9661    33.9632    8.06499         28 0.0000e+00
     31.000     30.695     0.0144  28.284454     0.0143  28.282950     7.8625     7.9182     0.9284    87.7055 2.1736e+00  -64.89486  -64.78935 345.946361      99.97 1.0754e+02    357.559       8582  1027.4195  1027.4181    33.9666    33.9647    8.06531         22 0.0000e+00
     32.000     31.684     0.0098  28.281443     0.0097  28.280032     7.8776     7.9171     0.8902    88.0472 2.0325e+00  -64.89486  -64.78934 345.946372      99.97 1.0754e+02    358.532       8606  1027.4251  1027.4237    33.9672    33.9654    8.06626         28 0.0000e+00
     33.000     32.672     0.0120  28.283289     0.0116  28.281562     7.8830     7.9150     1.0230    87.9631 1.9877e+00  -64.89486  -64.78937 345.946437      99.97 1.0754e+02    364.137       8740  1027.4290  1027.4276    33.9665    33.9647    8.06583         36 0.0000e+00
     34.000     33.665     0.0082  28.281762     0.0078  28.279993     7.8804     7.9142     0.8878    88.1138 1.8341e+00  -64.89486  -64.78938 345.946467      99.97 1.0754e+02    366.731       8803  1027.4352  1027.4337    33.9681    33.9662    8.06653         32 0.0000e+00
     35.000     34.654     0.0112  28.285497     0.0110  28.283803     7.8745     7.9144     0.9057    88.2552 1.7087e+00  -64.89486  -64.78938 345.946486      99.97 1.0754e+02    368.369       8842  1027.4405  1027.4389    33.9691    33.9671    8.06584         36 0.0000e+00
     36.000     35.643     0.0148  28.290127     0.0143  28.287754     7.8758     7.9171     0.9581    88.3197 1.6217e+00  -64.89486  -64.78936 345.946531      99.97 1.0928e+02    372.290       8936  1027.4462  1027.4442    33.9706    33.9681    8.06500         34 0.0000e+00
     37.000     36.635     0.0223  28.299045     0.0218  28.297156     7.8795     7.9250     0.8767    88.3375 1.5474e+00  -64.89486  -64.78936 345.946549      99.97 1.0930e+02    373.820       8973  1027.4527  1027.4512    33.9735    33.9716    8.06325         32 0.0000e+00
     38.000     37.625     0.0265  28.304290     0.0269  28.303289     7.8821     7.9218     1.0012    88.3479 1.4481e+00  -64.89486  -64.78938 345.946584      99.97 1.0986e+02    376.895       9046  1027.4586  1027.4571    33.9752    33.9734    8.06228         41 0.0000e+00
     39.000     38.614     0.0274  28.306300     0.0260  28.302995     7.8994     7.9152     0.9534    88.2253 1.2760e+00  -64.89486  -64.78940 345.946644      99.97 1.1111e+02    382.053       9170  1027.4642  1027.4620    33.9762    33.9734    8.06203         38 0.0000e+00
     40.000     39.605     0.0311  28.311734     0.0308  28.310063     7.8836     7.9180     0.9894    88.2388 1.1984e+00  -64.89486  -64.78940 345.946659      99.97 1.1106e+02    383.307       9200  1027.4707  1027.4692    33.9787    33.9768    8.06111         29 0.0000e+00
     41.000     40.595     0.0284  28.311046     0.0285  28.309548     7.8676     7.9239     1.0167    88.2133 1.1517e+00  -64.89485  -64.78940 345.946674      99.97 1.1106e+02    384.668       9233  1027.4769  1027.4753    33.9802    33.9782    8.06159         33 0.0000e+00
     42.000     41.585     0.0277  28.311099     0.0276  28.309618     7.8722     7.9185     1.0951    88.2677 1.0980e+00  -64.89485  -64.78941 345.946724      99.97 1.1106e+02    388.949       9336  1027.4820  1027.4805    33.9804    33.9786    8.06173         29 0.0000e+00
     43.000     42.575     0.0272  28.312287     0.0270  28.310749     7.8631     7.9122     0.9818    88.3493 9.9638e-01  -64.89486  -64.78942 345.946764      99.97 1.1106e+02    392.410       9419  1027.4880  1027.4866    33.9820    33.9801    8.06175         42 0.0000e+00
     44.000     43.564     0.0270  28.313364     0.0268  28.311858     7.8672     7.9133     1.0239    88.3439 9.2751e-01  -64.89486  -64.78942 345.946785      99.97 1.1106e+02    394.189       9462  1027.4937  1027.4922    33.9831    33.9812    8.06174         38 0.0000e+00
     45.000     44.557     0.0240  28.312496     0.0246  28.311216     7.8619     7.9067     1.0243    88.3332 8.6640e-01  -64.89485  -64.78942 345.946821      99.97 1.1268e+02    397.359       9538  1027.5000  1027.4980    33.9846    33.9822    8.06228         29 0.0000e+00
     46.000     45.544     0.0199  28.311226     0.0199  28.309728     7.8388     7.8943     1.0002    88.4261 8.0682e-01  -64.89485  -64.78941 345.946853      99.97 1.1282e+02    400.103       9603  1027.5068  1027.5052    33.9869    33.9849    8.06301         43 0.0000e+00
     47.000     46.533     0.0161  28.309400     0.0160  28.307874     7.8318     7.8961     0.9177    88.5053 7.7129e-01  -64.89486  -64.78942 345.946878      99.97 1.1282e+02    402.273       9656  1027.5129  1027.5113    33.9881    33.9862    8.06374         33 0.0000e+00
     48.000     47.526     0.0138  28.308165     0.0138  28.306648     7.8400     7.8856     0.9277    88.6207 7.3268e-01  -64.89486  -64.78944 345.946914      99.97 1.1282e+02    405.404       9731  1027.5180  1027.5163    33.9884    33.9864    8.06421         37 0.0000e+00
     49.000     48.515     0.0123  28.307470     0.0123  28.306015     7.8340     7.8880     0.8031    88.6898 6.5023e-01  -64.89484  -64.78942 345.946942      99.96 1.1282e+02    407.791       9788  1027.5230  1027.5214    33.9886    33.9866    8.06453         32 0.0000e+00
     50.000     49.502     0.0100  28.306481     0.0103  28.305127     7.8036     7.8665     0.8468    88.6911 6.1064e-01  -64.89486  -64.78942 345.946986      99.97 1.1282e+02    411.616       9880  1027.5283  1027.5266    33.9892    33.9871    8.06497         33 0.0000e+00
     51.000     50.495    -0.0014  28.299417    -0.0019  28.297736     7.7802     7.8423     0.7293    88.7490 5.8196e-01  -64.89486  -64.78943 345.947009      99.97 1.1282e+02    413.601       9927  1027.5361  1027.5348    33.9919    33.9902    8.06721         37 0.0000e+00
     52.000     51.486    -0.0215  28.285219    -0.0201  28.284678     7.7586     7.8471     0.8003    88.8992 5.5653e-01  -64.89486  -64.78944 345.947032      99.97 1.1282e+02    415.542       9974  1027.5446  1027.5428    33.9948    33.9925    8.07128         26 0.0000e+00
     53.000     52.475    -0.0361  28.277252    -0.0347  28.276874     7.5537     7.6800     0.6065    89.2114 4.9832e-01  -64.89486  -64.78944 345.947085      99.97 1.1282e+02    420.176      10085  1027.5543  1027.5526    33.9999    33.9978    8.07409         38 0.0000e+00
     54.000     53.464    -0.0800  28.260409    -0.0791  28.259423     7.3176     7.5310     0.4622    89.4839 4.6144e-01  -64.89486  -64.78944 345.947106      99.97 1.1340e+02    421.954      10128  1027.5832  1027.5814    34.0258    34.0236    8.08188         34 0.0000e+00
     55.000     54.454    -0.1250  28.253511    -0.1247  28.252030     7.3343     7.5297     0.4432    89.6067 4.3866e-01  -64.89486  -64.78944 345.947125      99.97 1.1447e+02    423.618      10168  1027.6237  1027.6219    34.0663    34.0640    8.08912         43 0.0000e+00
     56.000     55.444    -0.1465  28.255831    -0.1444  28.254293     7.0334     7.2524     0.3963    89.9106 4.1210e-01  -64.89484  -64.78944 345.947194      99.97 1.1460e+02    429.592      10311  1027.6502  1027.6466    34.0928    34.0883    8.09218         32 0.0000e+00
     57.000     56.434    -0.1645  28.261768    -0.1646  28.259883     7.0362     7.2298     0.2833    89.9546 3.8843e-01  -64.89484  -64.78942 345.947201      99.97 1.1459e+02    430.211      10326  1027.6783  1027.6766    34.1202    34.1179    8.09443         20 0.0000e+00
     58.000     57.423    -0.1659  28.267102    -0.1664  28.265653     7.0774     7.2455     0.2264    90.0395 3.6768e-01  -64.89484  -64.78942 345.947212      99.97 1.1459e+02    431.081      10347  1027.6895  1027.6885    34.1283    34.1269    8.09427         23 0.0000e+00
     59.000     58.413    -0.1619  28.268066    -0.1552  28.266829     7.1389     7.2517     0.2797    89.9741 3.4851e-01  -64.89484  -64.78945 345.947260      99.97 1.1459e+02    435.262      10447  1027.6903  1027.6826    34.1245    34.1154    8.09364         40 0.0000e+00
     60.000     59.403    -0.1666  28.269767    -0.1667  28.267953     7.0752     7.1910     0.2781    90.0177 3.1729e-01  -64.89484  -64.78944 345.947304      99.96 1.1459e+02    439.081      10539  1027.7006  1027.6989    34.1314    34.1291    8.09424         45 0.0000e+00
     61.000     60.392    -0.1683  28.275816    -0.1682  28.274228     7.0238     7.1336     0.2611    90.1309 3.1085e-01  -64.89484  -64.78944 345.947332      99.97 1.1459e+02    441.520      10597  1027.7127  1027.7111    34.1407    34.1386    8.09407         39 0.0000e+00
