NBP2113_155081_ctd/data/nbp2113_060.ros
* Sea-Bird SBE 9 Data File:
* FileName = D:\Data\raw\NBP2113_060.hex
* Software Version Seasave V 7.26.7.121
* Temperature SN = 2438
* Conductivity SN = 2067
* Number of Bytes Per Scan = 40
* Number of Voltage Words = 5
* Number of Scans Averaged by the Deck Unit = 1
* NMEA Latitude = 64 45.87 S
* NMEA Longitude = 063 07.32 W
* NMEA UTC (Time) = Dec 13 2021  22:33:21
* NMEA baud rate = 9600
** Ship: RVIB N.B. Palmer
** Cruise: NBP2113 LTER
** Station: 654.006
** Operator: S. Blackman
# nquan = 20
# nvalues = 588                                   
# units = specified
# name 0 = prDM: Pressure, Digiquartz [db]
# name 1 = depSM: Depth [salt water, m]
# name 2 = t090C: Temperature [ITS-90, deg C]
# name 3 = c0mS/cm: Conductivity [mS/cm]
# name 4 = t190C: Temperature, 2 [ITS-90, deg C]
# name 5 = c1mS/cm: Conductivity, 2 [mS/cm]
# name 6 = sbeox0ML/L: Oxygen, SBE 43 [ml/l]
# name 7 = sbeox1ML/L: Oxygen, SBE 43, 2 [ml/l]
# name 8 = flECO-AFL: Fluorescence, WET Labs ECO-AFL/FL [mg/m^3]
# name 9 = CStarTr0: Beam Transmission, WET Labs C-Star [%]
# name 10 = par: PAR/Irradiance, Biospherical/Licor
# name 11 = latitude: Latitude [deg]
# name 12 = longitude: Longitude [deg]
# name 13 = timeJ: Julian Days
# name 14 = altM: Altimeter [m]
# name 15 = spar: SPAR, Biospherical/Licor
# name 16 = timeS: Time, Elapsed [seconds]
# name 17 = scan: Scan Count
# name 18 = nbf: Bottles Fired
# name 19 = flag:  0.000e+00
# interval = seconds: 0.0416667
# start_time = Dec 13 2021 22:33:21 [NMEA time, header]
# bad_flag = -9.990e-29
*END*
[from data line 145]
    192.371    190.400     0.7894  29.426299     0.7852  29.420982     4.9796     5.0593     0.0362    90.5454 1.0000e-12  -64.76416  -63.12216 347.950002      95.02 1.8017e+03    879.167      21101          3  0.000e+00
    192.385    190.414     0.7898  29.425771     0.7846  29.421269     4.9845     5.0595     0.0362    90.5454 1.0000e-12  -64.76416  -63.12216 347.950002      94.99 1.8017e+03    879.208      21102          3  0.000e+00
    192.540    190.567     0.7909  29.428002     0.7896  29.425628     4.9783     5.0606     0.0582    90.6227 1.0000e-12  -64.76414  -63.12216 347.950076      94.65 1.7929e+03    885.542      21254          4  0.000e+00
    192.389    190.417     0.7913  29.427649     0.7894  29.425340     4.9876     5.0655     0.0655    90.6227 1.0000e-12  -64.76414  -63.12216 347.950076      94.63 1.7929e+03    885.583      21255          4  0.000e+00
    192.437    190.465     0.7911  29.427415     0.7896  29.425627     4.9826     5.0607     0.0582    90.6227 1.0000e-12  -64.76414  -63.12216 347.950077      94.63 1.7929e+03    885.625      21256          4  0.000e+00
    192.430    190.458     0.7911  29.427708     0.7896  29.425627     4.9818     5.0604     0.0655    90.6227 1.0000e-12  -64.76414  -63.12216 347.950077      94.60 1.7929e+03    885.667      21257          4  0.000e+00
    192.437    190.465     0.7913  29.427943     0.7893  29.425627     4.9868     5.0601     0.0655    90.6227 1.0000e-12  -64.76414  -63.12216 347.950078      94.63 1.7946e+03    885.708      21258          4  0.000e+00
    192.540    190.567     0.7913  29.427415     0.7893  29.425513     4.9831     5.0600     0.0582    90.5969 1.0000e-12  -64.76414  -63.12216 347.950078      94.65 1.7929e+03    885.750      21259          4  0.000e+00
    192.389    190.417     0.7913  29.427943     0.7893  29.425627     4.9823     5.0597     0.0655    90.5969 1.0000e-12  -64.76414  -63.12216 347.950079      94.68 1.7929e+03    885.792      21260          4  0.000e+00
    192.478    190.506     0.7913  29.427708     0.7894  29.425111     4.9816     5.0596     0.0582    90.5969 1.0000e-12  -64.76414  -63.12216 347.950079      94.65 1.7946e+03    885.833      21261          4  0.000e+00
    192.437    190.465     0.7911  29.428002     0.7893  29.425627     4.9809     5.0594     0.0582    90.5712 1.0000e-12  -64.76414  -63.12216 347.950080      94.65 1.7946e+03    885.875      21262          4  0.000e+00
    192.485    190.513     0.7911  29.427650     0.7889  29.425111     4.9816     5.0594     0.0362    90.5712 1.0000e-12  -64.76414  -63.12216 347.950080      94.65 1.7946e+03    885.917      21263          4  0.000e+00
    192.430    190.458     0.7913  29.427708     0.7893  29.425111     4.9809     5.0584     0.0289    90.5969 1.0000e-12  -64.76414  -63.12216 347.950081      94.65 1.7946e+03    885.958      21264          4  0.000e+00
    192.485    190.513     0.7909  29.427415     0.7891  29.425226     4.9860     5.0575     0.0289    90.5969 1.0000e-12  -64.76414  -63.12216 347.950081      94.63 1.7946e+03    886.000      21265          4  0.000e+00
    192.437    190.465     0.7913  29.427649     0.7889  29.425111     4.9809     5.0574     0.0289    90.5969 1.0000e-12  -64.76414  -63.12216 347.950082      94.65 1.7946e+03    886.042      21266          4  0.000e+00
    192.485    190.513     0.7913  29.427708     0.7888  29.424825     4.9745     5.0575     0.0289    90.5969 1.0000e-12  -64.76414  -63.12216 347.950082      94.65 1.7946e+03    886.083      21267          4  0.000e+00
    192.430    190.458     0.7913  29.427708     0.7889  29.424824     4.9782     5.0574     0.0289    90.5969 1.0000e-12  -64.76414  -63.12216 347.950082      94.65 1.7946e+03    886.125      21268          4  0.000e+00
    192.437    190.465     0.7914  29.427943     0.7891  29.425111     4.9789     5.0574     0.0289    90.5969 1.0000e-12  -64.76414  -63.12216 347.950083      94.63 1.7929e+03    886.167      21269          4  0.000e+00
    192.485    190.513     0.7913  29.427708     0.7888  29.424825     4.9741     5.0567     0.0289    90.5969 1.0000e-12  -64.76414  -63.12216 347.950083      94.58 1.7929e+03    886.208      21270          4  0.000e+00
    192.437    190.465     0.7914  29.427708     0.7891  29.424824     4.9779     5.0612     0.0289    90.5969 1.0000e-12  -64.76414  -63.12216 347.950084      94.46 1.7929e+03    886.250      21271          4  0.000e+00
    192.479    190.506     0.7913  29.427943     0.7892  29.424997     4.9788     5.0559     0.0289    90.5969 1.0000e-12  -64.76414  -63.12216 347.950084      94.38 1.7929e+03    886.292      21272          4  0.000e+00
    192.437    190.465     0.7911  29.427415     0.7891  29.424538     4.9784     5.0550     0.0289    90.5969 1.0000e-12  -64.76414  -63.12216 347.950085      94.41 1.7929e+03    886.333      21273          4  0.000e+00
    192.485    190.513     0.7914  29.428002     0.7886  29.425111     4.9793     5.0551     0.0289    90.5969 1.0000e-12  -64.76414  -63.12216 347.950085      94.41 1.7929e+03    886.375      21274          4  0.000e+00
    192.437    190.465     0.7914  29.427649     0.7888  29.424824     4.9802     5.0543     0.0289    90.5969 1.0000e-12  -64.76414  -63.12216 347.950086      94.41 1.7929e+03    886.417      21275          4  0.000e+00
    192.479    190.506     0.7913  29.428002     0.7891  29.425111     4.9813     5.0544     0.0289    90.5969 1.0000e-12  -64.76414  -63.12216 347.950086      94.38 1.7929e+03    886.458      21276          4  0.000e+00
    192.437    190.465     0.7912  29.427708     0.7893  29.424538     4.9810     5.0544     0.0289    90.5969 1.0000e-12  -64.76414  -63.12216 347.950087      94.38 1.7929e+03    886.500      21277          4  0.000e+00
    192.437    190.465     0.7911  29.427649     0.7889  29.424538     4.9851     5.0546     0.0289    90.5969 1.0000e-12  -64.76414  -63.12216 347.950087      94.41 1.7929e+03    886.542      21278          4  0.000e+00
    192.479    190.506     0.7913  29.427708     0.7891  29.424997     4.9803     5.0548     0.0289    90.5969 1.0000e-12  -64.76414  -63.12216 347.950088      94.41 1.7929e+03    886.583      21279          4  0.000e+00
    192.438    190.466     0.7914  29.428002     0.7889  29.424824     4.9799     5.0550     0.0289    90.5969 1.0000e-12  -64.76414  -63.12216 347.950088      94.41 1.7929e+03    886.625      21280          4  0.000e+00
    192.486    190.513     0.7914  29.427943     0.7888  29.424825     4.9795     5.0553     0.0289    90.5969 1.0000e-12  -64.76414  -63.12216 347.950089      94.38 1.7929e+03    886.667      21281          4  0.000e+00
    192.438    190.466     0.7914  29.428002     0.7888  29.424824     4.9791     5.0555     0.0289    90.6227 1.0000e-12  -64.76414  -63.12216 347.950089      94.46 1.7929e+03    886.708      21282          4  0.000e+00
    192.479    190.506     0.7913  29.428002     0.7889  29.424251     4.9788     5.0559     0.0289    90.5969 1.0000e-12  -64.76414  -63.12216 347.950090      94.53 1.7929e+03    886.750      21283          4  0.000e+00
    192.438    190.466     0.7914  29.427649     0.7886  29.424824     4.9784     5.0562     0.0289    90.5969 1.0000e-12  -64.76414  -63.12216 347.950090      94.55 1.7929e+03    886.792      21284          4  0.000e+00
    192.486    190.513     0.7914  29.428237     0.7891  29.424997     4.9794     5.0557     0.0289    90.5969 1.0000e-12  -64.76414  -63.12216 347.950091      94.55 1.7929e+03    886.833      21285          4  0.000e+00
    192.486    190.513     0.7917  29.427708     0.7891  29.424538     4.9734     5.0561     0.0289    90.5969 1.0000e-12  -64.76414  -63.12216 347.950091      94.55 1.7929e+03    886.875      21286          4  0.000e+00
    192.431    190.459     0.7916  29.428237     0.7891  29.424538     4.9831     5.0556     0.0289    90.5969 1.0000e-12  -64.76414  -63.12216 347.950092      94.55 1.7929e+03    886.917      21287          4  0.000e+00
    192.486    190.513     0.7914  29.428002     0.7889  29.424825     4.9785     5.0560     0.0289    90.5969 1.0000e-12  -64.76414  -63.12216 347.950092      94.53 1.7929e+03    886.958      21288          4  0.000e+00
    192.438    190.466     0.7913  29.427943     0.7891  29.424824     4.9781     5.0564     0.0289    90.5969 1.0000e-12  -64.76414  -63.12216 347.950093      94.51 1.7929e+03    887.000      21289          4  0.000e+00
    192.486    190.513     0.7914  29.428237     0.7893  29.425341     4.9835     5.0569     0.0362    90.5969 1.0000e-12  -64.76414  -63.12216 347.950093      94.55 1.7929e+03    887.042      21290          4  0.000e+00
    192.479    190.507     0.7916  29.428002     0.7893  29.425111     4.9801     5.0566     0.0362    90.5969 1.0000e-12  -64.76414  -63.12216 347.950094      94.55 1.7929e+03    887.083      21291          4  0.000e+00
    192.438    190.466     0.7916  29.427943     0.7891  29.424996     4.9810     5.0571     0.0362    90.5969 1.0000e-12  -64.76414  -63.12216 347.950094      94.55 1.7929e+03    887.125      21292          4  0.000e+00
    192.438    190.466     0.7917  29.428002     0.7886  29.424824     4.9808     5.0577     0.0362    90.5969 1.0000e-12  -64.76414  -63.12216 347.950095      94.53 1.7929e+03    887.167      21293          4  0.000e+00
    192.534    190.561     0.7916  29.428002     0.7889  29.425341     4.9862     5.0583     0.0362    90.5969 1.0000e-12  -64.76414  -63.12216 347.950095      94.53 1.7929e+03    887.208      21294          4  0.000e+00
    192.438    190.466     0.7916  29.427943     0.7888  29.425341     4.9828     5.0580     0.0362    90.5969 1.0000e-12  -64.76414  -63.12216 347.950095      94.58 1.7929e+03    887.250      21295          4  0.000e+00
    192.486    190.513     0.7916  29.428237     0.7889  29.425111     4.9769     5.0533     0.0362    90.5969 1.0000e-12  -64.76414  -63.12216 347.950096      94.58 1.7929e+03    887.292      21296          4  0.000e+00
    192.486    190.514     0.7917  29.428002     0.7886  29.425111     4.9811     5.0585     0.0362    90.5969 1.0000e-12  -64.76414  -63.12216 347.950096      94.60 1.7929e+03    887.333      21297          4  0.000e+00
    192.431    190.459     0.7917  29.427943     0.7886  29.424996     4.9822     5.0592     0.0362    90.6227 1.0000e-12  -64.76414  -63.12216 347.950097      94.58 1.7929e+03    887.375      21298          4  0.000e+00
    192.541    190.568     0.7916  29.428237     0.7886  29.425112     4.9764     5.0600     0.0362    90.6227 1.0000e-12  -64.76414  -63.12216 347.950097      94.58 1.7929e+03    887.417      21299          4  0.000e+00
    192.438    190.466     0.7914  29.428237     0.7888  29.424824     4.9863     5.0554     0.0362    90.6227 1.0000e-12  -64.76414  -63.12216 347.950098      94.58 1.7929e+03    887.458      21300          4  0.000e+00
    192.438    190.466     0.7917  29.428237     0.7892  29.424824     4.9831     5.0599     0.0362    90.6484 1.0000e-12  -64.76414  -63.12216 347.950098      94.58 1.7929e+03    887.500      21301          4  0.000e+00
    192.534    190.561     0.7917  29.428237     0.7889  29.425111     4.9830     5.0600     0.0362    90.6484 1.0000e-12  -64.76414  -63.12216 347.950099      94.58 1.7929e+03    887.542      21302          4  0.000e+00
    151.780    150.240     0.7511  29.359466     0.7506  29.358676     5.1006     5.1235     0.0362    90.6999 1.0000e-12  -64.76406  -63.12224 347.951098      99.98 9.8016e+02    973.875      23374          5  0.000e+00
    151.684    150.145     0.7512  29.359817     0.7504  29.358676     5.1001     5.1235     0.0362    90.6999 1.0000e-12  -64.76406  -63.12224 347.951099      99.98 9.8016e+02    973.917      23375          5  0.000e+00
    151.746    150.206     0.7514  29.359759     0.7506  29.358963     5.1065     5.1235     0.0362    90.6999 1.0000e-12  -64.76406  -63.12224 347.951099      99.95 9.7840e+02    973.958      23376          5  0.000e+00
    151.732    150.192     0.7515  29.360404     0.7506  29.358676     5.1041     5.1235     0.0362    90.6999 1.0000e-12  -64.76406  -63.12224 347.951100      99.95 9.7840e+02    974.000      23377          5  0.000e+00
    151.732    150.192     0.7512  29.360580     0.7507  29.358676     5.1090     5.1289     0.0362    90.6999 1.0000e-12  -64.76406  -63.12224 347.951100      99.98 9.7664e+02    974.042      23378          5  0.000e+00
    151.781    150.240     0.7507  29.360580     0.7508  29.358734     5.1038     5.1244     0.0362    90.6999 1.0000e-12  -64.76406  -63.12224 347.951101      99.98 9.7664e+02    974.083      23379          5  0.000e+00
    151.698    150.158     0.7507  29.359817     0.7508  29.358963     5.1027     5.1296     0.0362    90.6999 1.0000e-12  -64.76406  -63.12224 347.951101      99.95 9.7487e+02    974.125      23380          5  0.000e+00
    151.733    150.192     0.7511  29.359759     0.7506  29.358676     5.1070     5.1252     0.0362    90.6742 1.0000e-12  -64.76406  -63.12224 347.951101      99.95 9.7487e+02    974.167      23381          5  0.000e+00
    151.781    150.240     0.7512  29.360111     0.7508  29.359478     5.1025     5.1304     0.0362    90.6999 1.0000e-12  -64.76406  -63.12224 347.951102      99.98 9.7487e+02    974.208      23382          5  0.000e+00
    151.733    150.192     0.7512  29.360287     0.7506  29.359249     5.1022     5.1258     0.0362    90.6999 1.0000e-12  -64.76406  -63.12224 347.951102      99.98 9.7311e+02    974.250      23383          5  0.000e+00
    151.698    150.159     0.7514  29.360111     0.7506  29.358963     5.1004     5.1311     0.0362    90.6742 1.0000e-12  -64.76406  -63.12224 347.951103      99.98 9.7311e+02    974.292      23384          5  0.000e+00
    151.781    150.240     0.7512  29.360287     0.7506  29.358676     5.1056     5.1319     0.0362    90.6999 1.0000e-12  -64.76406  -63.12224 347.951103      99.98 9.7311e+02    974.333      23385          5  0.000e+00
    151.733    150.193     0.7509  29.360404     0.7508  29.358676     5.1049     5.1272     0.0362    90.6999 1.0000e-12  -64.76406  -63.12224 347.951104      99.98 9.7135e+02    974.375      23386          5  0.000e+00
    151.733    150.193     0.7509  29.359759     0.7506  29.358963     5.0970     5.1324     0.0362    90.6742 1.0000e-12  -64.76406  -63.12224 347.951104      99.98 9.7135e+02    974.417      23387          5  0.000e+00
    151.746    150.206     0.7506  29.359583     0.7509  29.358963     5.1072     5.1330     0.0362    90.6742 1.0000e-12  -64.76406  -63.12224 347.951105      99.95 9.7135e+02    974.458      23388          5  0.000e+00
    151.781    150.240     0.7509  29.359759     0.7510  29.358676     5.1028     5.1336     0.0362    90.6999 1.0000e-12  -64.76406  -63.12224 347.951105      99.95 9.6958e+02    974.500      23389          5  0.000e+00
    151.733    150.193     0.7506  29.359583     0.7509  29.359249     5.1039     5.1341     0.0362    90.6999 1.0000e-12  -64.76406  -63.12224 347.951106      99.98 9.6958e+02    974.542      23390          5  0.000e+00
    151.685    150.145     0.7506  29.359759     0.7508  29.358962     5.1049     5.1347     0.0362    90.6742 1.0000e-12  -64.76406  -63.12224 347.951106      99.98 9.6958e+02    974.583      23391          5  0.000e+00
    151.781    150.240     0.7506  29.359818     0.7508  29.359249     5.1045     5.1352     0.0362    90.6999 1.0000e-12  -64.76406  -63.12224 347.951107      99.98 9.6782e+02    974.625      23392          5  0.000e+00
    151.698    150.159     0.7507  29.359759     0.7508  29.359249     5.1038     5.1357     0.0362    90.6742 1.0000e-12  -64.76406  -63.12224 347.951107      99.95 9.6782e+02    974.667      23393          5  0.000e+00
    151.781    150.240     0.7507  29.359759     0.7508  29.358963     5.1088     5.1362     0.0362    90.6742 1.0000e-12  -64.76406  -63.12224 347.951108      99.95 9.6782e+02    974.708      23394          5  0.000e+00
