NBP2113_155081_ctd/data/nbp2113_066.cnv
* Sea-Bird SBE 9 Data File:
* FileName = D:\Data\raw\NBP2113_066.hex
* Software Version Seasave V 7.26.7.121
* Temperature SN = 2438
* Conductivity SN = 2067
* Number of Bytes Per Scan = 40
* Number of Voltage Words = 5
* Number of Scans Averaged by the Deck Unit = 1
* NMEA Latitude = 64 10.22 S
* NMEA Longitude = 061 54.36 W
* NMEA UTC (Time) = Dec 14 2021  16:02:10
* NMEA baud rate = 9600
** Ship: RVIB N.B. Palmer
** Cruise: NBP2113 LTER
** Station: 742.003
** Operator: S. Blackman
# nquan = 25
# nvalues = 1546                        
# units = specified
# name 0 = prDM: Pressure, Digiquartz [db]
# name 1 = depSM: Depth [salt water, m]
# name 2 = t090C: Temperature [ITS-90, deg C]
# name 3 = c0mS/cm: Conductivity [mS/cm]
# name 4 = t190C: Temperature, 2 [ITS-90, deg C]
# name 5 = c1mS/cm: Conductivity, 2 [mS/cm]
# name 6 = sbeox0ML/L: Oxygen, SBE 43 [ml/l]
# name 7 = sbeox1ML/L: Oxygen, SBE 43, 2 [ml/l]
# name 8 = flECO-AFL: Fluorescence, WET Labs ECO-AFL/FL [mg/m^3]
# name 9 = CStarTr0: Beam Transmission, WET Labs C-Star [%]
# name 10 = par: PAR/Irradiance, Biospherical/Licor
# name 11 = latitude: Latitude [deg]
# name 12 = longitude: Longitude [deg]
# name 13 = timeJ: Julian Days
# name 14 = altM: Altimeter [m]
# name 15 = spar: SPAR, Biospherical/Licor
# name 16 = timeS: Time, Elapsed [seconds]
# name 17 = scan: Scan Count
# name 18 = density00: Density [density, kg/m^3]
# name 19 = density11: Density, 2 [density, kg/m^3]
# name 20 = sal00: Salinity, Practical [PSU]
# name 21 = sal11: Salinity, Practical, 2 [PSU]
# name 22 = oxsolML/L: Oxygen Saturation, Garcia & Gordon [ml/l]
# name 23 = nbin: number of scans per bin
# name 24 = flag: flag
# span 0 =      1.000,    775.000       
# span 1 =      0.991,    766.018       
# span 2 =    -0.7053,     0.5043       
# span 3 =  28.146436,  29.050659       
# span 4 =    -0.7051,     0.5053       
# span 5 =  28.145917,  29.049858       
# span 6 =     5.3905,     7.7348       
# span 7 =     5.4708,     7.6224       
# span 8 =    -0.0297,     1.0918       
# span 9 =    82.2938,    90.0732       
# span 10 = 1.0000e-12, 9.6430e+02      
# span 11 =  -64.17042,  -64.16752      
# span 12 =  -61.90650,  -61.90474      
# span 13 = 348.671590, 348.704916      
# span 14 =       9.42,     100.46      
# span 15 = 7.8250e+02, 2.4575e+03      
# span 16 =    295.381,   3174.784      
# span 17 =       7090,      76196      
# span 18 =  1027.3111,  1031.4359      
# span 19 =  1027.3106,  1031.4348      
# span 20 =    34.0285,    34.5482      
# span 21 =    34.0265,    34.5470      
# span 22 =    7.95974,    8.19137      
# span 23 =         12,         63      
# span 24 = 0.0000e+00, 0.0000e+00      
# interval = decibars: 1                
# start_time = Dec 14 2021 16:02:10 [NMEA time, header]
# bad_flag = -9.990e-29
*END*
[from data line 1508]
     38.000     37.626     0.1204  28.503762     0.1143  28.501747     6.8508     6.8932     0.6600    87.9050 3.5570e+01  -64.16754  -61.90636 348.702049      99.97 1.7210e+03   2927.051      70250  1027.5823  1027.5860    34.1345    34.1387    8.03357         28 0.0000e+00
     37.000     36.636     0.1241  28.503753     0.1218  28.501891     6.8641     6.9226     0.6598    87.9193 4.4455e+01  -64.16754  -61.90638 348.702095      99.97 1.8404e+03   2930.986      70345  1027.5745  1027.5746    34.1310    34.1311    8.03300         34 0.0000e+00
     36.000     35.645     0.1229  28.503309     0.1238  28.501854     6.8299     6.9290     0.6619    87.8950 5.4922e+01  -64.16754  -61.90639 348.702144      99.97 2.2008e+03   2935.229      70446  1027.5709  1027.5684    34.1324    34.1294    8.03318         32 0.0000e+00
     35.000     34.655     0.1234  28.503027     0.1203  28.501095     6.8549     6.9181     0.7003    87.7928 6.3729e+01  -64.16754  -61.90640 348.702191      99.96 2.4575e+03   2939.315      70545  1027.5659  1027.5668    34.1321    34.1330    8.03309         30 0.0000e+00
     34.000     33.666     0.1268  28.503360     0.1235  28.501200     6.8782     6.9512     0.7019    87.7418 5.0352e+01  -64.16754  -61.90641 348.702234      99.96 2.3195e+03   2942.992      70633  1027.5587  1027.5595    34.1294    34.1302    8.03254         32 0.0000e+00
     33.000     32.676     0.1317  28.504720     0.1348  28.505314     6.8942     6.9735     0.7076    87.7143 4.1138e+01  -64.16754  -61.90642 348.702275      99.97 1.9055e+03   2946.535      70718  1027.5511  1027.5487    34.1263    34.1236    8.03168         34 0.0000e+00
     32.000     31.686     0.1479  28.513527     0.1506  28.513565     6.8867     6.9888     0.7012    87.7050 4.3285e+01  -64.16752  -61.90645 348.702539      99.97 1.4819e+03   2969.380      71266  1027.5410  1027.5383    34.1204    34.1175    8.02862         33 0.0000e+00
     31.000     30.698     0.1382  28.508330     0.1403  28.508142     6.8828     6.9719     0.7024    87.7272 4.8739e+01  -64.16752  -61.90647 348.702644      99.97 1.4788e+03   2978.447      71484  1027.5407  1027.5384    34.1250    34.1224    8.03039         31 0.0000e+00
     30.000     29.706     0.1413  28.509264     0.1365  28.505663     6.9035     6.9758     0.6920    87.7147 5.3115e+01  -64.16752  -61.90648 348.702685      99.97 1.4969e+03   2981.987      71569  1027.5344  1027.5351    34.1235    34.1240    8.02984         31 0.0000e+00
     29.000     28.713     0.1449  28.510772     0.1436  28.509045     6.9235     6.9955     0.6969    87.7068 5.7056e+01  -64.16752  -61.90648 348.702721      99.97 1.4926e+03   2985.119      71644  1027.5281  1027.5274    34.1220    34.1211    8.02916         30 0.0000e+00
     28.000     27.730     0.1492  28.512980     0.1472  28.510532     6.9502     7.0055     0.7196    87.6623 6.0567e+01  -64.16752  -61.90648 348.702761      99.97 1.4997e+03   2988.525      71726  1027.5219  1027.5214    34.1207    34.1198    8.02833         27 0.0000e+00
     27.000     26.737     0.1687  28.524115     0.1640  28.519648     6.9971     7.0538     0.7036    87.5829 6.4526e+01  -64.16752  -61.90648 348.702797      99.97 1.4963e+03   2991.647      71801  1027.5105  1027.5104    34.1143    34.1136    8.02462         24 0.0000e+00
     26.000     25.749     0.1917  28.537025     0.1847  28.531762     7.0335     7.0851     0.7191    87.5159 7.1763e+01  -64.16752  -61.90648 348.702836      99.97 1.5771e+03   2995.064      71883  1027.4978  1027.4993    34.1064    34.1072    8.02027         14 0.0000e+00
     25.000     24.754     0.2103  28.548840     0.2038  28.543514     7.0356     7.1012     0.6962    87.3742 7.7519e+01  -64.16752  -61.90648 348.702874      99.97 1.5854e+03   2998.299      71960  1027.4882  1027.4889    34.1018    34.1021    8.01663         23 0.0000e+00
     24.000     23.765     0.2134  28.550245     0.2104  28.547506     7.0534     7.1256     0.6950    87.2427 8.1198e+01  -64.16752  -61.90648 348.702911      99.97 1.4693e+03   3001.511      72037  1027.4827  1027.4826    34.1008    34.1005    8.01603         24 0.0000e+00
     23.000     22.773     0.2322  28.562930     0.2457  28.569511     7.0580     7.1421     0.7163    86.8146 8.3337e+01  -64.16752  -61.90648 348.702948      99.97 1.4569e+03   3004.724      72114  1027.4742  1027.4678    34.0973    34.0910    8.01232         31 0.0000e+00
     22.000     21.784     0.2473  28.570168     0.2087  28.543580     7.2308     7.1655     0.7608    86.2415 8.5921e+01  -64.16752  -61.90649 348.702988      99.96 1.4129e+03   3008.199      72198  1027.4628  1027.4721    34.0906    34.0985    8.00955         27 0.0000e+00
     21.000     20.795     0.3580  28.642158     0.3266  28.621929     7.3721     7.3604     0.7615    86.4835 9.1457e+01  -64.16752  -61.90649 348.703025      99.97 1.3521e+03   3011.343      72273  1027.4275  1027.4361    34.0631    34.0713    7.98809         34 0.0000e+00
     20.000     19.805     0.4374  28.692458     0.4426  28.694359     7.3591     7.4425     1.0918    83.8518 9.0391e+01  -64.16752  -61.90649 348.703400      99.96 1.2485e+03   3043.761      73051  1027.4041  1027.4009    34.0417    34.0384    7.97284         25 0.0000e+00
     19.000     18.813     0.4317  28.688503     0.4179  28.678258     7.3685     7.4392     1.0155    83.8276 1.0237e+02  -64.16752  -61.90649 348.703507      99.96 1.2479e+03   3052.976      73272  1027.4015  1027.4042    34.0434    34.0453    7.97392         33 0.0000e+00
     18.000     17.822     0.4299  28.686825     0.4288  28.684983     7.3717     7.4717     1.0620    83.6606 1.1490e+02  -64.16752  -61.90650 348.703550      99.97 1.3404e+03   3056.686      73361  1027.3972  1027.3960    34.0438    34.0427    7.97427         33 0.0000e+00
     17.000     16.834     0.4323  28.688093     0.4463  28.697224     7.4202     7.5051     1.0836    83.4578 1.2052e+02  -64.16752  -61.90648 348.703589      99.97 1.2648e+03   3060.047      73442  1027.3917  1027.3878    34.0435    34.0399    7.97381         37 0.0000e+00
     16.000     15.843     0.4640  28.708831     0.4662  28.709344     7.4455     7.5154     1.0818    83.4103 1.2977e+02  -64.16752  -61.90648 348.703627      99.96 1.2260e+03   3063.346      73521  1027.3786  1027.3770    34.0361    34.0344    7.96766         44 0.0000e+00
     15.000     14.853     0.4774  28.718600     0.4772  28.716992     7.4330     7.5213     1.0450    83.3382 1.4007e+02  -64.16752  -61.90648 348.703667      99.97 1.2102e+03   3066.828      73605  1027.3717  1027.3704    34.0347    34.0329    7.96497         38 0.0000e+00
     14.000     13.865     0.4794  28.719885     0.4829  28.721339     7.4309     7.5232     1.0512    83.2037 1.5218e+02  -64.16752  -61.90648 348.703705      99.97 1.1973e+03   3070.139      73684  1027.3671  1027.3654    34.0348    34.0329    7.96455         39 0.0000e+00
     13.000     12.865     0.4861  28.724590     0.4840  28.721614     7.4351     7.5260     0.8784    83.0494 1.4330e+02  -64.16753  -61.90646 348.704030      99.97 1.0925e+03   3098.196      74358  1027.3619  1027.3609    34.0342    34.0326    7.96322         40 0.0000e+00
     12.000     11.882     0.4807  28.719793     0.4795  28.717376     7.4368     7.5244     0.8659    83.0182 1.5146e+02  -64.16754  -61.90646 348.704158      99.96 1.0549e+03   3109.243      74623  1027.3580  1027.3566    34.0345    34.0326    7.96432         36 0.0000e+00
     11.000     10.893     0.4862  28.723528     0.4839  28.720484     7.4404     7.5326     0.8182    83.0580 1.6739e+02  -64.16754  -61.90645 348.704194      99.97 1.0479e+03   3112.348      74697  1027.3523  1027.3512    34.0338    34.0324    7.96321         35 0.0000e+00
     10.000      9.902     0.4926  28.728311     0.4919  28.726548     7.4412     7.5287     0.7736    83.0598 1.8501e+02  -64.16754  -61.90645 348.704230      99.96 1.0406e+03   3115.500      74773  1027.3468  1027.3456    34.0337    34.0322    7.96191         28 0.0000e+00
      9.000      8.912     0.4915  28.727254     0.4909  28.725502     7.4460     7.5249     0.6733    83.0638 2.0189e+02  -64.16754  -61.90645 348.704272      99.97 1.0323e+03   3119.140      74860  1027.3425  1027.3412    34.0341    34.0325    7.96210         34 0.0000e+00
      8.000      7.920     0.4839  28.721070     0.4837  28.719631     7.4034     7.5159     0.7014    83.1001 2.2091e+02  -64.16754  -61.90644 348.704319      99.97 1.0228e+03   3123.177      74957  1027.3392  1027.3377    34.0350    34.0333    7.96362         24 0.0000e+00
      7.000      6.935     0.4564  28.701474     0.4601  28.702925     7.4129     7.4996     0.7583    83.1291 2.4705e+02  -64.16754  -61.90644 348.704370      99.97 1.0130e+03   3127.547      75062  1027.3407  1027.3388    34.0403    34.0382    7.96900         25 0.0000e+00
      6.000      5.937     0.4638  28.705976     0.4662  28.706622     7.4331     7.5085     0.7864    83.2682 2.7258e+02  -64.16754  -61.90644 348.704419      99.96 1.0034e+03   3131.806      75164  1027.3338  1027.3320    34.0387    34.0369    7.96757         24 0.0000e+00
      5.000      4.950     0.4691  28.709082     0.4703  28.708779     7.4039     7.4997     0.7905    83.2140 3.0746e+02  -64.16754  -61.90644 348.704469      99.97 9.9440e+02   3136.097      75267  1027.3276  1027.3261    34.0374    34.0357    7.96654         28 0.0000e+00
      4.000      3.963     0.4666  28.707010     0.4650  28.704828     7.6864     7.5001     0.6831    83.3179 3.3538e+02  -64.16754  -61.90642 348.704798      99.97 9.5567e+02   3164.540      75950  1027.3234  1027.3226    34.0381    34.0370    7.96702         35 0.0000e+00
      3.000      2.971     0.4586  28.701421     0.4575  28.699283     7.7348     7.5013     0.7059    83.3937 3.9344e+02  -64.16754  -61.90642 348.704886      99.97 9.4827e+02   3172.165      76133  1027.3210  1027.3198    34.0402    34.0387    7.96855         28 0.0000e+00
      2.000      1.981     0.4582  28.700413     0.4594  28.699889 -9.990e-29 -9.990e-29     0.6920    83.4500 4.4553e+02  -64.16754  -61.90642 348.704899      97.02 9.4866e+02   3173.245      76159  1027.3161  1027.3143    34.0400    34.0379    7.96866         30 0.0000e+00
      1.000      0.991     0.4593  28.700832     0.4569  28.698090 -9.990e-29 -9.990e-29     0.5664    83.5658 9.6430e+02  -64.16754  -61.90642 348.704916      71.60 9.5018e+02   3174.784      76196  1027.3111  1027.3106    34.0399    34.0390    7.96842         29 0.0000e+00
