NBP2113_155081_ctd/data/nbp2113_011.cnv
* Sea-Bird SBE 9 Data File:
* FileName = D:\Data\raw\NBP2113_011.hex
* Software Version Seasave V 7.26.7.121
* Temperature SN = 2438
* Conductivity SN = 2067
* Number of Bytes Per Scan = 40
* Number of Voltage Words = 5
* Number of Scans Averaged by the Deck Unit = 1
* NMEA Latitude = 63 57.92 S
* NMEA Longitude = 066 51.27 W
* NMEA UTC (Time) = Nov 26 2021  05:08:42
* NMEA baud rate = 9600
** Ship: RVIB N.B. Palmer
** Cruise: NBP2113 LTER
** Station: 600.200
** Operator: B. Urmston
# nquan = 25
# nvalues = 6192                        
# units = specified
# name 0 = prDM: Pressure, Digiquartz [db]
# name 1 = depSM: Depth [salt water, m]
# name 2 = t090C: Temperature [ITS-90, deg C]
# name 3 = c0mS/cm: Conductivity [mS/cm]
# name 4 = t190C: Temperature, 2 [ITS-90, deg C]
# name 5 = c1mS/cm: Conductivity, 2 [mS/cm]
# name 6 = sbeox0ML/L: Oxygen, SBE 43 [ml/l]
# name 7 = sbeox1ML/L: Oxygen, SBE 43, 2 [ml/l]
# name 8 = flECO-AFL: Fluorescence, WET Labs ECO-AFL/FL [mg/m^3]
# name 9 = CStarTr0: Beam Transmission, WET Labs C-Star [%]
# name 10 = par: PAR/Irradiance, Biospherical/Licor
# name 11 = latitude: Latitude [deg]
# name 12 = longitude: Longitude [deg]
# name 13 = timeJ: Julian Days
# name 14 = altM: Altimeter [m]
# name 15 = spar: SPAR, Biospherical/Licor
# name 16 = timeS: Time, Elapsed [seconds]
# name 17 = scan: Scan Count
# name 18 = density00: Density [density, kg/m^3]
# name 19 = density11: Density, 2 [density, kg/m^3]
# name 20 = sal00: Salinity, Practical [PSU]
# name 21 = sal11: Salinity, Practical, 2 [PSU]
# name 22 = oxsolML/L: Oxygen Saturation, Garcia & Gordon [ml/l]
# name 23 = nbin: number of scans per bin
# name 24 = flag: flag
# span 0 =      1.000,   3098.000       
# span 1 =      0.994,   3045.486       
# span 2 =    -1.2048,     2.0379       
# span 3 =  27.308759,  30.722632       
# span 4 =    -1.1900,     2.0382       
# span 5 =  27.323530,  30.722628       
# span 6 =     3.9792,     9.8840       
# span 7 =     3.9759,     9.9490       
# span 8 =    -0.0227,     7.5176       
# span 9 =    88.4704,    97.9357       
# span 10 = 1.0000e-12, 1.0000e-12      
# span 11 =  -63.96602,  -63.96546      
# span 12 =  -66.85634,  -66.85472      
# span 13 = 330.217781, 330.313487      
# span 14 =       6.63,     100.85      
# span 15 = 0.0000e+00, 7.2274e+01      
# span 16 =    294.277,   8563.305      
# span 17 =       7064,     205520      
# span 18 =  1027.2359,  1042.0775      
# span 19 =  1027.2298,  1042.0764      
# span 20 =    33.8825,    34.7289      
# span 21 =    33.8790,    34.7276      
# span 22 =    7.62144,    8.32646      
# span 23 =         13,         49      
# span 24 = 0.0000e+00, 0.0000e+00      
# interval = decibars: 1                
# start_time = Nov 26 2021 05:08:42 [NMEA time, header]
# bad_flag = -9.990e-29
*END*
[from data line 696]
    700.000    692.020     1.7770  30.678494     1.7772  30.677352     4.1618     4.1881    -0.0062    97.9210 1.0000e-12  -63.96578  -66.85527 330.229731      99.98 0.0000e+00   1326.801      31844  1031.0436  1031.0423    34.7230    34.7214    7.66806         29 0.0000e+00
    701.000    693.008     1.7767  30.678337     1.7768  30.677403     4.1624     4.1861    -0.0110    97.9179 1.0000e-12  -63.96580  -66.85528 330.229749      99.98 0.0000e+00   1328.304      31880  1031.0480  1031.0469    34.7227    34.7213    7.66816         38 0.0000e+00
    702.000    693.994     1.7760  30.678239     1.7757  30.676999     4.1605     4.1879    -0.0129    97.9250 1.0000e-12  -63.96580  -66.85528 330.229768      99.98 0.0000e+00   1329.988      31921  1031.0528  1031.0518    34.7227    34.7215    7.66828         34 0.0000e+00
    703.000    694.981     1.7742  30.677397     1.7743  30.676355     4.1642     4.1941    -0.0076    97.9198 1.0000e-12  -63.96580  -66.85530 330.229784      99.97 0.0000e+00   1331.300      31952  1031.0579  1031.0567    34.7231    34.7216    7.66862         28 0.0000e+00
    704.000    695.968     1.7734  30.677248     1.7737  30.676203     4.1685     4.1920    -0.0054    97.9137 1.0000e-12  -63.96580  -66.85528 330.229796      99.98 0.0000e+00   1332.408      31979  1031.0627  1031.0614    34.7231    34.7216    7.66875         26 0.0000e+00
    705.000    696.955     1.7737  30.677899     1.7740  30.676941     4.1648     4.1919    -0.0061    97.9254 1.0000e-12  -63.96580  -66.85528 330.229809      99.98 0.0000e+00   1333.512      32005  1031.0673  1031.0660    34.7231    34.7216    7.66870         28 0.0000e+00
    706.000    697.942     1.7738  30.678467     1.7740  30.677392     4.1606     4.1914    -0.0063    97.9232 1.0000e-12  -63.96580  -66.85529 330.229822      99.98 0.0000e+00   1334.662      32033  1031.0719  1031.0707    34.7232    34.7217    7.66869         27 0.0000e+00
    707.000    698.929     1.7736  30.678755     1.7739  30.677620     4.1707     4.1903    -0.0058    97.9279 1.0000e-12  -63.96580  -66.85529 330.229836      99.98 0.0000e+00   1335.789      32060  1031.0766  1031.0752    34.7232    34.7215    7.66872         27 0.0000e+00
    708.000    699.915     1.7738  30.679248     1.7739  30.678141     4.1668     4.1854    -0.0079    97.9311 1.0000e-12  -63.96580  -66.85529 330.229849      99.98 0.0000e+00   1336.945      32088  1031.0811  1031.0799    34.7231    34.7216    7.66870         29 0.0000e+00
    709.000    700.903     1.7734  30.679353     1.7738  30.678500     4.1722     4.1884    -0.0151    97.9161 1.0000e-12  -63.96580  -66.85528 330.229864      99.98 0.0000e+00   1338.262      32119  1031.0858  1031.0845    34.7231    34.7216    7.66876         32 0.0000e+00
    710.000    701.889     1.7735  30.679930     1.7741  30.679277     4.1654     4.1913    -0.0150    97.9116 1.0000e-12  -63.96580  -66.85528 330.229879      99.98 0.0000e+00   1339.588      32151  1031.0905  1031.0892    34.7231    34.7216    7.66875         29 0.0000e+00
    711.000    702.877     1.7718  30.679087     1.7719  30.678007     4.1670     4.1913    -0.0150    97.9188 1.0000e-12  -63.96580  -66.85528 330.229892      99.98 0.0000e+00   1340.667      32177  1031.0955  1031.0943    34.7234    34.7219    7.66906         23 0.0000e+00
    712.000    703.865     1.7676  30.676133     1.7679  30.675171     4.1769     4.1922    -0.0146    97.9147 1.0000e-12  -63.96580  -66.85528 330.229903      99.98 0.0000e+00   1341.590      32199  1031.1008  1031.0996    34.7237    34.7222    7.66985         21 0.0000e+00
    713.000    704.850     1.7656  30.674844     1.7658  30.673861     4.1877     4.1946    -0.0143    97.9000 1.0000e-12  -63.96580  -66.85528 330.229913      99.98 0.0000e+00   1342.459      32220  1031.1058  1031.1047    34.7238    34.7223    7.67024         21 0.0000e+00
    714.000    705.838     1.7640  30.674066     1.7642  30.672961     4.1899     4.1988    -0.0144    97.9260 1.0000e-12  -63.96580  -66.85530 330.229923      99.98 0.0000e+00   1343.355      32242  1031.1108  1031.1094    34.7239    34.7223    7.67054         23 0.0000e+00
    715.000    706.824     1.7572  30.668906     1.7583  30.668582     4.1790     4.2054    -0.0063    97.9122 1.0000e-12  -63.96580  -66.85528 330.229935      99.98 0.0000e+00   1344.364      32266  1031.1165  1031.1151    34.7243    34.7227    7.67183         26 0.0000e+00
    716.000    707.811     1.7547  30.667202     1.7548  30.666151     4.1790     4.2070    -0.0099    97.9214 1.0000e-12  -63.96580  -66.85530 330.229949      99.98 0.0000e+00   1345.608      32296  1031.1214  1031.1203    34.7244    34.7230    7.67232         33 0.0000e+00
    717.000    708.798     1.7545  30.667438     1.7548  30.666643     4.1813     4.2046    -0.0032    97.9101 1.0000e-12  -63.96580  -66.85530 330.229966      99.98 0.0000e+00   1347.084      32331  1031.1259  1031.1249    34.7243    34.7230    7.67235         39 0.0000e+00
    718.000    709.785     1.7541  30.667615     1.7543  30.666535     4.1904     4.2068    -0.0095    97.9166 1.0000e-12  -63.96580  -66.85530 330.229988      99.98 0.0000e+00   1348.929      32375  1031.1307  1031.1294    34.7245    34.7228    7.67243         38 0.0000e+00
    719.000    710.772     1.7522  30.666443     1.7516  30.665022     4.1812     4.2092    -0.0144    97.9167 1.0000e-12  -63.96580  -66.85530 330.230007      99.98 0.0000e+00   1350.621      32416  1031.1355  1031.1347    34.7245    34.7233    7.67279         30 0.0000e+00
    720.000    711.758     1.7496  30.665109     1.7497  30.664019     4.1788     4.2099    -0.0080    97.9258 1.0000e-12  -63.96580  -66.85529 330.230019      99.98 0.0000e+00   1351.626      32440  1031.1410  1031.1398    34.7251    34.7236    7.67327         21 0.0000e+00
    721.000    712.746     1.7494  30.665346     1.7497  30.664353     4.1787     4.2127    -0.0096    97.9341 1.0000e-12  -63.96580  -66.85528 330.230028      99.98 0.0000e+00   1352.445      32460  1031.1456  1031.1442    34.7251    34.7235    7.67331         19 0.0000e+00
    722.000    713.731     1.7482  30.664817     1.7484  30.663774     4.1835     4.2117    -0.0131    97.9204 1.0000e-12  -63.96580  -66.85528 330.230038      99.98 0.0000e+00   1353.254      32479  1031.1504  1031.1492    34.7252    34.7237    7.67353         20 0.0000e+00
    723.000    714.720     1.7465  30.663863     1.7469  30.662932     4.1888     4.2103     0.0014    97.9111 1.0000e-12  -63.96580  -66.85528 330.230048      99.98 0.0000e+00   1354.133      32500  1031.1553  1031.1540    34.7252    34.7236    7.67385         22 0.0000e+00
    724.000    715.706     1.7453  30.663336     1.7456  30.662297     4.1899     4.2090    -0.0192    97.9098 1.0000e-12  -63.96580  -66.85528 330.230059      99.98 0.0000e+00   1355.097      32523  1031.1601  1031.1589    34.7254    34.7238    7.67408         24 0.0000e+00
    725.000    716.693     1.7449  30.663428     1.7452  30.662454     4.1921     4.2114    -0.0166    97.9098 1.0000e-12  -63.96580  -66.85528 330.230071      99.98 0.0000e+00   1356.094      32547  1031.1648  1031.1635    34.7254    34.7238    7.67416         24 0.0000e+00
    726.000    717.679     1.7438  30.662905     1.7441  30.661994     4.1985     4.2113    -0.0077    97.9098 1.0000e-12  -63.96580  -66.85530 330.230082      99.98 0.0000e+00   1357.116      32572  1031.1695  1031.1683    34.7253    34.7239    7.67437         26 0.0000e+00
    727.000    718.669     1.7438  30.663177     1.7439  30.662134     4.1918     4.2133    -0.0084    97.9098 1.0000e-12  -63.96580  -66.85530 330.230101      99.98 0.0000e+00   1358.740      32611  1031.1740  1031.1729    34.7252    34.7238    7.67439         33 0.0000e+00
    728.000    719.652     1.7435  30.663411     1.7439  30.662629     4.1920     4.2155    -0.0090    97.8999 1.0000e-12  -63.96580  -66.85531 330.230131      99.98 0.0000e+00   1361.338      32673  1031.1786  1031.1775    34.7252    34.7238    7.67444         36 0.0000e+00
    729.000    720.640     1.7431  30.663706     1.7435  30.662838     4.1922     4.2159    -0.0093    97.8951 1.0000e-12  -63.96580  -66.85530 330.230144      99.98 0.0000e+00   1362.453      32700  1031.1835  1031.1823    34.7255    34.7240    7.67450         23 0.0000e+00
    730.000    721.627     1.7420  30.663245     1.7424  30.662527     4.1901     4.2096    -0.0084    97.9187 1.0000e-12  -63.96580  -66.85530 330.230154      99.98 0.0000e+00   1363.309      32720  1031.1884  1031.1873    34.7256    34.7242    7.67472         20 0.0000e+00
    731.000    722.614     1.7416  30.663474     1.7420  30.662500     4.1880     4.2140    -0.0149    97.9269 1.0000e-12  -63.96580  -66.85530 330.230163      99.98 0.0000e+00   1364.096      32739  1031.1931  1031.1918    34.7257    34.7241    7.67478         18 0.0000e+00
    732.000    723.600     1.7413  30.663574     1.7416  30.662598     4.1890     4.2177    -0.0207    97.9245 1.0000e-12  -63.96580  -66.85530 330.230173      99.98 0.0000e+00   1364.919      32759  1031.1978  1031.1965    34.7256    34.7241    7.67485         21 0.0000e+00
    733.000    724.588     1.7410  30.663616     1.7413  30.662700     4.1913     4.2182    -0.0165    97.9093 1.0000e-12  -63.96580  -66.85530 330.230184      99.98 0.0000e+00   1365.890      32782  1031.2023  1031.2011    34.7255    34.7240    7.67492         27 0.0000e+00
    734.000    725.573     1.7408  30.663868     1.7411  30.662883     4.1883     4.2151    -0.0048    97.8965 1.0000e-12  -63.96580  -66.85532 330.230204      99.98 0.0000e+00   1367.630      32824  1031.2069  1031.2056    34.7255    34.7239    7.67496         39 0.0000e+00
    735.000    726.560     1.7408  30.664248     1.7408  30.663183     4.1881     4.2146    -0.0147    97.9159 1.0000e-12  -63.96580  -66.85533 330.230231      99.98 0.0000e+00   1369.994      32881  1031.2115  1031.2104    34.7254    34.7240    7.67496         37 0.0000e+00
    736.000    727.546     1.7405  30.664696     1.7408  30.663631     4.1904     4.2082    -0.0089    97.9236 1.0000e-12  -63.96580  -66.85534 330.230247      99.98 0.0000e+00   1371.315      32913  1031.2164  1031.2151    34.7257    34.7241    7.67499         25 0.0000e+00
    737.000    728.535     1.7406  30.665144     1.7408  30.664085     4.1896     4.2116    -0.0060    97.9262 1.0000e-12  -63.96580  -66.85532 330.230257      99.98 0.0000e+00   1372.204      32934  1031.2210  1031.2197    34.7256    34.7240    7.67499         19 0.0000e+00
    738.000    729.523     1.7406  30.665726     1.7410  30.664805     4.1879     4.2130    -0.0048    97.9097 1.0000e-12  -63.96580  -66.85533 330.230266      99.98 0.0000e+00   1372.944      32952  1031.2257  1031.2244    34.7258    34.7242    7.67497         18 0.0000e+00
    739.000    730.508     1.7399  30.665597     1.7402  30.664523     4.1936     4.2150    -0.0049    97.9028 1.0000e-12  -63.96579  -66.85534 330.230274      99.98 0.0000e+00   1373.677      32969  1031.2304  1031.2292    34.7258    34.7242    7.67510         18 0.0000e+00
    740.000    731.493     1.7398  30.665836     1.7400  30.664769     4.1966     4.2175    -0.0097    97.9084 1.0000e-12  -63.96578  -66.85534 330.230283      99.98 0.0000e+00   1374.480      32989  1031.2350  1031.2338    34.7257    34.7241    7.67513         21 0.0000e+00
    741.000    732.482     1.7393  30.665736     1.7398  30.664901     4.1923     4.2159    -0.0142    97.9098 1.0000e-12  -63.96578  -66.85536 330.230297      99.98 0.0000e+00   1375.620      33016  1031.2396  1031.2383    34.7256    34.7240    7.67524         34 0.0000e+00
    742.000    733.468     1.7394  30.666325     1.7398  30.665321     4.1948     4.2175    -0.0067    97.9098 1.0000e-12  -63.96578  -66.85540 330.230322      99.98 0.0000e+00   1377.838      33069  1031.2443  1031.2429    34.7257    34.7239    7.67522         29 0.0000e+00
    743.000    734.453     1.7387  30.666078     1.7390  30.665130     4.1865     4.2167    -0.0091    97.9162 1.0000e-12  -63.96578  -66.85540 330.230353      99.98 0.0000e+00   1380.531      33134  1031.2490  1031.2477    34.7256    34.7240    7.67536         35 0.0000e+00
    744.000    735.441     1.7383  30.666212     1.7382  30.665049     4.1833     4.2149    -0.0113    97.9256 1.0000e-12  -63.96578  -66.85541 330.230371      99.98 0.0000e+00   1382.013      33169  1031.2537  1031.2526    34.7256    34.7242    7.67544         25 0.0000e+00
    745.000    736.428     1.7376  30.666296     1.7379  30.665357     4.1845     4.2125    -0.0046    97.9204 1.0000e-12  -63.96578  -66.85542 330.230380      99.98 0.0000e+00   1382.846      33189  1031.2585  1031.2574    34.7259    34.7244    7.67555         17 0.0000e+00
    746.000    737.415     1.7368  30.666001     1.7370  30.665042     4.1904     4.2168    -0.0213    97.9260 1.0000e-12  -63.96578  -66.85542 330.230388      99.98 0.0000e+00   1383.533      33206  1031.2633  1031.2622    34.7259    34.7245    7.67571         16 0.0000e+00
    747.000    738.402     1.7368  30.666454     1.7371  30.665617     4.1956     4.2166    -0.0164    97.9259 1.0000e-12  -63.96578  -66.85542 330.230396      99.98 0.0000e+00   1384.196      33222  1031.2679  1031.2668    34.7259    34.7245    7.67571         16 0.0000e+00
    748.000    739.389     1.7365  30.666627     1.7368  30.665681     4.1873     4.2194    -0.0072    97.9253 1.0000e-12  -63.96577  -66.85543 330.230405      99.98 0.0000e+00   1384.985      33241  1031.2726  1031.2714    34.7258    34.7244    7.67576         25 0.0000e+00
    749.000    740.375     1.7368  30.667184     1.7368  30.665953     4.1941     4.2175    -0.0076    97.9094 1.0000e-12  -63.96576  -66.85546 330.230439      99.98 0.0000e+00   1387.939      33312  1031.2771  1031.2758    34.7257    34.7241    7.67572         37 0.0000e+00
    750.000    741.362     1.7341  30.665355     1.7340  30.664147     4.1926     4.2203    -0.0060    97.9098 1.0000e-12  -63.96576  -66.85546 330.230455      99.98 0.0000e+00   1389.339      33345  1031.2821  1031.2810    34.7258    34.7244    7.67624         22 0.0000e+00
    751.000    742.349     1.7322  30.664430     1.7326  30.663538     4.1995     4.2224    -0.0207    97.9098 1.0000e-12  -63.96576  -66.85546 330.230465      99.98 0.0000e+00   1390.159      33365  1031.2872  1031.2859    34.7261    34.7246    7.67658         19 0.0000e+00
    752.000    743.335     1.7313  30.663954     1.7316  30.663068     4.2015     4.2246    -0.0163    97.9098 1.0000e-12  -63.96576  -66.85547 330.230474      99.98 0.0000e+00   1390.952      33384  1031.2919  1031.2907    34.7260    34.7246    7.67677         20 0.0000e+00
    753.000    744.323     1.7296  30.662952     1.7297  30.661851     4.2011     4.2286    -0.0103    97.9182 1.0000e-12  -63.96576  -66.85548 330.230485      99.98 0.0000e+00   1391.886      33406  1031.2967  1031.2956    34.7260    34.7246    7.67710         26 0.0000e+00
    754.000    745.308     1.7278  30.661810     1.7280  30.660763     4.1963     4.2268    -0.0026    97.9184 1.0000e-12  -63.96576  -66.85550 330.230504      99.98 0.0000e+00   1393.507      33445  1031.3016  1031.3003    34.7261    34.7245    7.67745         42 0.0000e+00
    755.000    746.295     1.7259  30.660572     1.7260  30.659621     4.1998     4.2262    -0.0103    97.9233 1.0000e-12  -63.96576  -66.85552 330.230523      99.98 0.0000e+00   1395.183      33485  1031.3063  1031.3053    34.7260    34.7247    7.67782         31 0.0000e+00
    756.000    747.282     1.7254  30.660704     1.7255  30.659636     4.2056     4.2267    -0.0088    97.9086 1.0000e-12  -63.96576  -66.85552 330.230536      99.98 0.0000e+00   1396.332      33513  1031.3112  1031.3100    34.7262    34.7247    7.67791         26 0.0000e+00
