NBP2113_155081_ctd/data/nbp2113_053.cnv
* Sea-Bird SBE 9 Data File:
* FileName = D:\Data\raw\NBP2113_053.hex
* Software Version Seasave V 7.26.7.121
* Temperature SN = 2438
* Conductivity SN = 2067
* Number of Bytes Per Scan = 40
* Number of Voltage Words = 5
* Number of Scans Averaged by the Deck Unit = 1
* NMEA Latitude = 64 53.78 S
* NMEA Longitude = 064 39.15 W
* NMEA UTC (Time) = Dec 11 2021  18:56:20
* NMEA baud rate = 9600
** Ship: RVIB N.B. Palmer
** Cruise: NBP2113 LTER
** Station: 595.052
** Operator: S. Blackman
# nquan = 25
# nvalues = 967                         
# units = specified
# name 0 = prDM: Pressure, Digiquartz [db]
# name 1 = depSM: Depth [salt water, m]
# name 2 = t090C: Temperature [ITS-90, deg C]
# name 3 = c0mS/cm: Conductivity [mS/cm]
# name 4 = t190C: Temperature, 2 [ITS-90, deg C]
# name 5 = c1mS/cm: Conductivity, 2 [mS/cm]
# name 6 = sbeox0ML/L: Oxygen, SBE 43 [ml/l]
# name 7 = sbeox1ML/L: Oxygen, SBE 43, 2 [ml/l]
# name 8 = flECO-AFL: Fluorescence, WET Labs ECO-AFL/FL [mg/m^3]
# name 9 = CStarTr0: Beam Transmission, WET Labs C-Star [%]
# name 10 = par: PAR/Irradiance, Biospherical/Licor
# name 11 = latitude: Latitude [deg]
# name 12 = longitude: Longitude [deg]
# name 13 = timeJ: Julian Days
# name 14 = altM: Altimeter [m]
# name 15 = spar: SPAR, Biospherical/Licor
# name 16 = timeS: Time, Elapsed [seconds]
# name 17 = scan: Scan Count
# name 18 = density00: Density [density, kg/m^3]
# name 19 = density11: Density, 2 [density, kg/m^3]
# name 20 = sal00: Salinity, Practical [PSU]
# name 21 = sal11: Salinity, Practical, 2 [PSU]
# name 22 = oxsolML/L: Oxygen Saturation, Garcia & Gordon [ml/l]
# name 23 = nbin: number of scans per bin
# name 24 = flag: flag
# span 0 =      1.000,    486.000       
# span 1 =      0.992,    480.674       
# span 2 =    -0.2936,     1.4451       
# span 3 =  27.837677,  30.257408       
# span 4 =    -0.2974,     1.4445       
# span 5 =  27.832811,  30.255726       
# span 6 =     4.1076,     8.0589       
# span 7 =     4.1722,     8.0572       
# span 8 =    -0.0225,     1.8801       
# span 9 =    85.0365,    92.1333       
# span 10 = -8.602e-05, 1.0695e+03      
# span 11 =  -64.89646,  -64.89638      
# span 12 =  -64.65308,  -64.65220      
# span 13 = 345.792762, 345.811111      
# span 14 =       1.63,     103.90      
# span 15 = 6.3413e+02, 9.2235e+02      
# span 16 =    314.674,   1899.958      
# span 17 =       7553,      45600      
# span 18 =  1027.1035,  1030.0388      
# span 19 =  1027.1017,  1030.0375      
# span 20 =    33.7326,    34.6767      
# span 21 =    33.7302,    34.6751      
# span 22 =    7.73524,    8.14406      
# span 23 =         11,         53      
# span 24 = 0.0000e+00, 0.0000e+00      
# interval = decibars: 1                
# start_time = Dec 11 2021 18:56:20 [NMEA time, header]
# bad_flag = -9.990e-29
*END*
[from data line 928]
     39.000     38.615     0.0063  28.301754     0.0089  28.295606     7.8257     7.8228     0.8316    89.2638 9.7478e+00  -64.89644  -64.65296 345.810173      99.97 7.7847e+02   1818.948      43656  1027.4791  1027.4700    33.9937    33.9826    8.06549         37 0.0000e+00
     38.000     37.624     0.0116  28.291324     0.0109  28.290347     7.8358     7.8391     0.8724    89.2321 1.0547e+01  -64.89644  -64.65294 345.810189      99.97 7.7743e+02   1820.359      43690  1027.4586  1027.4583    33.9745    33.9741    8.06545         32 0.0000e+00
     37.000     36.634     0.0120  28.289038     0.0111  28.288707     7.8464     7.8574     0.8185    89.2664 1.1645e+01  -64.89644  -64.65295 345.810204      99.97 7.7743e+02   1821.610      43720  1027.4516  1027.4521    33.9718    33.9722    8.06554         29 0.0000e+00
     36.000     35.645     0.0126  28.286267     0.0121  28.284762     7.8371     7.8648     0.8025    89.2159 1.2589e+01  -64.89644  -64.65295 345.810218      99.97 7.7873e+02   1822.867      43750  1027.4439  1027.4428    33.9680    33.9666    8.06562         31 0.0000e+00
     35.000     34.654     0.0129  28.285339     0.0124  28.283427     7.8390     7.8681     0.8509    89.0976 1.3349e+01  -64.89644  -64.65296 345.810233      99.97 7.7920e+02   1824.114      43780  1027.4384  1027.4367    33.9671    33.9650    8.06561         27 0.0000e+00
     34.000     33.665     0.0133  28.284140     0.0128  28.282393     7.8476     7.8727     0.8362    89.0187 1.4176e+01  -64.89644  -64.65296 345.810245      99.97 7.7919e+02   1825.124      43804  1027.4324  1027.4310    33.9656    33.9638    8.06560         22 0.0000e+00
     33.000     32.674     0.0138  28.282543     0.0133  28.280827     7.8328     7.8811     0.8271    88.9991 1.5150e+01  -64.89644  -64.65296 345.810254      99.97 7.7919e+02   1825.931      43823  1027.4260  1027.4246    33.9635    33.9618    8.06562         18 0.0000e+00
     32.000     31.684     0.0137  28.280948     0.0132  28.279022     7.8296     7.8840     0.7832    88.9889 1.6219e+01  -64.89644  -64.65297 345.810263      99.97 7.7919e+02   1826.692      43842  1027.4201  1027.4185    33.9621    33.9601    8.06571         18 0.0000e+00
     31.000     30.693     0.0132  28.277990     0.0127  28.275601     7.8339     7.8826     0.8327    88.9414 1.7395e+01  -64.89644  -64.65298 345.810272      99.97 7.7919e+02   1827.509      43861  1027.4132  1027.4111    33.9594    33.9568    8.06598         22 0.0000e+00
     30.000     29.702     0.0131  28.279643     0.0128  28.275867     7.8314     7.8780     0.8803    88.8234 1.8535e+01  -64.89646  -64.65296 345.810287      99.97 7.7959e+02   1828.789      43892  1027.4108  1027.4071    33.9623    33.9576    8.06584         34 0.0000e+00
     29.000     28.715     0.0130  28.281026     0.0125  28.279439     7.8598     7.9098     0.8849    88.8678 2.0028e+01  -64.89644  -64.65294 345.810329      99.97 7.8304e+02   1832.466      43980  1027.4082  1027.4069    33.9649    33.9633    8.06572         31 0.0000e+00
     28.000     27.725     0.0131  28.280145     0.0129  28.276805     7.8985     7.9345     0.8742    88.9151 2.2512e+01  -64.89644  -64.65296 345.810338      99.97 7.8308e+02   1833.188      43998  1027.4028  1027.3994    33.9642    33.9600    8.06573         17 0.0000e+00
     27.000     26.734     0.0164  28.274899     0.0166  28.272404     7.9130     7.9448     0.8948    88.7445 2.4876e+01  -64.89644  -64.65296 345.810345      99.97 7.8451e+02   1833.848      44013  1027.3897  1027.3868    33.9542    33.9506    8.06560         15 0.0000e+00
     26.000     25.746     0.0223  28.272051     0.0216  28.270268     7.8998     7.9419     0.9645    88.5559 2.7302e+01  -64.89644  -64.65296 345.810352      99.97 7.8448e+02   1834.442      44028  1027.3767  1027.3755    33.9445    33.9429    8.06491         14 0.0000e+00
     25.000     24.751     0.0244  28.271581     0.0239  28.269800     7.8969     7.9345     1.0038    88.2552 2.9839e+01  -64.89644  -64.65298 345.810359      99.97 7.8448e+02   1835.042      44042  1027.3699  1027.3685    33.9421    33.9403    8.06459         15 0.0000e+00
     24.000     23.765     0.0240  28.271712     0.0247  28.269822     7.9074     7.9321     1.0564    87.7976 3.2498e+01  -64.89645  -64.65297 345.810367      99.96 7.8448e+02   1835.748      44059  1027.3662  1027.3635    33.9433    33.9400    8.06461         20 0.0000e+00
     23.000     22.772     0.0221  28.271564     0.0208  28.270096     7.8958     7.9321     1.2891    87.6677 3.4832e+01  -64.89646  -64.65297 345.810381      99.97 7.8448e+02   1836.890      44086  1027.3636  1027.3633    33.9458    33.9453    8.06487         29 0.0000e+00
     22.000     21.785     0.0225  28.270442     0.0200  28.269030     7.8967     7.9441     1.3757    87.8809 3.4882e+01  -64.89644  -64.65295 345.810421      99.96 7.8568e+02   1840.400      44171  1027.3578  1027.3588    33.9445    33.9455    8.06485         35 0.0000e+00
     21.000     20.793     0.0226  28.269909     0.0220  28.268009     7.8856     7.9549     1.4058    87.8808 3.9366e+01  -64.89644  -64.65294 345.810443      99.97 7.8640e+02   1842.255      44215  1027.3530  1027.3514    33.9443    33.9424    8.06486         38 0.0000e+00
     20.000     19.803     0.0225  28.269462     0.0223  28.267739     7.9127     7.9646     1.3597    87.8367 4.6896e+01  -64.89644  -64.65294 345.810460      99.97 7.8805e+02   1843.720      44250  1027.3483  1027.3466    33.9444    33.9424    8.06487         32 0.0000e+00
     19.000     18.814     0.0263  28.268852     0.0256  28.268019     7.9373     7.9912     1.3534    87.7436 5.4458e+01  -64.89645  -64.65295 345.810473      99.97 7.8801e+02   1844.878      44278  1027.3396  1027.3394    33.9400    33.9397    8.06431         25 0.0000e+00
     18.000     17.823     0.0207  28.258562     0.0190  28.255576     7.9450     8.0064     1.3787    87.6266 6.0673e+01  -64.89646  -64.65296 345.810484      99.97 7.8919e+02   1845.838      44301  1027.3298  1027.3283    33.9332    33.9311    8.06588         21 0.0000e+00
     17.000     16.832     0.0088  28.243681     0.0005  28.231401     7.9487     8.0092     1.4344    87.0763 6.6013e+01  -64.89646  -64.65298 345.810495      99.96 7.8977e+02   1846.733      44323  1027.3213  1027.3162    33.9273    33.9203    8.06872         22 0.0000e+00
     16.000     15.842    -0.0024  28.227046    -0.0051  28.222265     7.9587     8.0122     1.5819    86.5447 7.0684e+01  -64.89646  -64.65299 345.810505      99.97 7.9065e+02   1847.674      44345  1027.3100  1027.3075    33.9183    33.9149    8.07159         25 0.0000e+00
     15.000     14.852     0.0025  28.233443    -0.0054  28.221549     7.9435     8.0005     1.7712    86.3173 7.3258e+01  -64.89645  -64.65298 345.810522      99.97 7.9155e+02   1849.057      44378  1027.3078  1027.3026    33.9220    33.9149    8.07036         34 0.0000e+00
     14.000     13.863    -0.0017  28.226730     0.0002  28.228304     7.9534     8.0129     1.5223    86.6259 7.8911e+01  -64.89644  -64.65294 345.810565      99.97 7.9327e+02   1852.801      44468  1027.3003  1027.2999    33.9183    33.9182    8.07144         36 0.0000e+00
     13.000     12.873    -0.0118  28.214988    -0.0059  28.220862     7.9657     8.0319     1.6628    86.6127 9.7000e+01  -64.89644  -64.65294 345.810583      99.97 7.9330e+02   1854.396      44506  1027.2930  1027.2937    33.9145    33.9158    8.07378         25 0.0000e+00
     12.000     11.881    -0.0203  28.202382    -0.0190  28.205841     7.9073     8.0318     1.6620    86.3883 1.1220e+02  -64.89644  -64.65296 345.810595      99.97 7.9444e+02   1855.366      44530  1027.2837  1027.2858    33.9079    33.9110    8.07596         23 0.0000e+00
     11.000     10.892    -0.0527  28.161653    -0.0514  28.156056     7.9289     8.0005     1.6394    86.0523 1.2587e+02  -64.89645  -64.65297 345.810607      99.97 7.9504e+02   1856.490      44557  1027.2671  1027.2599    33.8904    33.8816    8.08380         32 0.0000e+00
     10.000      9.902    -0.1981  27.974010    -0.1628  28.011310     7.9584     8.0202     1.5502    85.4945 1.2393e+02  -64.89644  -64.65297 345.810642      99.96 7.9550e+02   1859.481      44629  1027.2006  1027.2087    33.8028    33.8133    8.11966         33 0.0000e+00
      9.000      8.912    -0.1483  28.032913    -0.1354  28.042562     7.9475     8.0299     1.4063    85.5862 1.3434e+02  -64.89646  -64.65296 345.810676      99.97 7.9375e+02   1862.367      44698  1027.2108  1027.2090    33.8267    33.8251    8.10770         41 0.0000e+00
      8.000      7.920    -0.1280  28.056359    -0.0736  28.127912     7.9839     8.0105     1.2742    85.6676 1.6063e+02  -64.89646  -64.65295 345.810698      99.97 7.9330e+02   1864.305      44744  1027.2118  1027.2365    33.8360    33.8707    8.10285         38 0.0000e+00
      7.000      6.932    -0.1077  28.083581    -0.1094  28.083869     7.9230     8.0320     1.0646    85.6568 1.8376e+02  -64.89645  -64.65295 345.810723      99.96 7.9336e+02   1866.447      44796  1027.2169  1027.2189    33.8502    33.8524    8.09773         37 0.0000e+00
      6.000      5.943    -0.1939  27.969684    -0.1418  28.039994     7.9280     7.9965     1.0942    85.6045 2.1237e+02  -64.89644  -64.65296 345.810756      99.96 7.9401e+02   1869.348      44865  1027.1739  1027.1988    33.7949    33.8307    8.11920         34 0.0000e+00
      5.000      4.951    -0.2194  27.915765    -0.2258  27.912727     7.9465     8.0183     0.8064    85.2736 2.4537e+02  -64.89645  -64.65297 345.810776      99.97 7.9505e+02   1871.007      44905  1027.1358  1027.1389    33.7520    33.7550    8.12708         38 0.0000e+00
      4.000      3.963    -0.2067  27.923201    -0.2292  27.901255     7.9372     8.0012     0.6380    85.1683 2.8475e+02  -64.89644  -64.65295 345.810965      99.96 8.0338e+02   1887.403      45299  1027.1264  1027.1247    33.7484    33.7441    8.12459         26 0.0000e+00
      3.000      2.969    -0.2780  27.854082    -0.2912  27.841126     7.9960     8.0142     0.6474    85.0866 3.3406e+02  -64.89644  -64.65295 345.811024      99.97 8.0550e+02   1892.510      45421  1027.1163  1027.1149    33.7359    33.7332    8.14052         25 0.0000e+00
      2.000      1.980    -0.2822  27.852164    -0.2774  27.855605     8.0474     8.0138     0.6110    85.0491 3.7484e+02  -64.89646  -64.65295 345.811087      99.97 8.0455e+02   1897.886      45550  1027.1127  1027.1117    33.7387    33.7379    8.14127         32 0.0000e+00
      1.000      0.992    -0.2936  27.837677    -0.2974  27.832811 -9.990e-29 -9.990e-29     0.5469    85.0365 1.0695e+03  -64.89645  -64.65293 345.811111      99.97 8.0565e+02   1899.958      45600  1027.1035  1027.1017    33.7326    33.7302    8.14406         32 0.0000e+00
