NBP2113_155081_ctd/data/nbp2113_053.cnv
* Sea-Bird SBE 9 Data File:
* FileName = D:\Data\raw\NBP2113_053.hex
* Software Version Seasave V 7.26.7.121
* Temperature SN = 2438
* Conductivity SN = 2067
* Number of Bytes Per Scan = 40
* Number of Voltage Words = 5
* Number of Scans Averaged by the Deck Unit = 1
* NMEA Latitude = 64 53.78 S
* NMEA Longitude = 064 39.15 W
* NMEA UTC (Time) = Dec 11 2021  18:56:20
* NMEA baud rate = 9600
** Ship: RVIB N.B. Palmer
** Cruise: NBP2113 LTER
** Station: 595.052
** Operator: S. Blackman
# nquan = 25
# nvalues = 967                         
# units = specified
# name 0 = prDM: Pressure, Digiquartz [db]
# name 1 = depSM: Depth [salt water, m]
# name 2 = t090C: Temperature [ITS-90, deg C]
# name 3 = c0mS/cm: Conductivity [mS/cm]
# name 4 = t190C: Temperature, 2 [ITS-90, deg C]
# name 5 = c1mS/cm: Conductivity, 2 [mS/cm]
# name 6 = sbeox0ML/L: Oxygen, SBE 43 [ml/l]
# name 7 = sbeox1ML/L: Oxygen, SBE 43, 2 [ml/l]
# name 8 = flECO-AFL: Fluorescence, WET Labs ECO-AFL/FL [mg/m^3]
# name 9 = CStarTr0: Beam Transmission, WET Labs C-Star [%]
# name 10 = par: PAR/Irradiance, Biospherical/Licor
# name 11 = latitude: Latitude [deg]
# name 12 = longitude: Longitude [deg]
# name 13 = timeJ: Julian Days
# name 14 = altM: Altimeter [m]
# name 15 = spar: SPAR, Biospherical/Licor
# name 16 = timeS: Time, Elapsed [seconds]
# name 17 = scan: Scan Count
# name 18 = density00: Density [density, kg/m^3]
# name 19 = density11: Density, 2 [density, kg/m^3]
# name 20 = sal00: Salinity, Practical [PSU]
# name 21 = sal11: Salinity, Practical, 2 [PSU]
# name 22 = oxsolML/L: Oxygen Saturation, Garcia & Gordon [ml/l]
# name 23 = nbin: number of scans per bin
# name 24 = flag: flag
# span 0 =      1.000,    486.000       
# span 1 =      0.992,    480.674       
# span 2 =    -0.2936,     1.4451       
# span 3 =  27.837677,  30.257408       
# span 4 =    -0.2974,     1.4445       
# span 5 =  27.832811,  30.255726       
# span 6 =     4.1076,     8.0589       
# span 7 =     4.1722,     8.0572       
# span 8 =    -0.0225,     1.8801       
# span 9 =    85.0365,    92.1333       
# span 10 = -8.602e-05, 1.0695e+03      
# span 11 =  -64.89646,  -64.89638      
# span 12 =  -64.65308,  -64.65220      
# span 13 = 345.792762, 345.811111      
# span 14 =       1.63,     103.90      
# span 15 = 6.3413e+02, 9.2235e+02      
# span 16 =    314.674,   1899.958      
# span 17 =       7553,      45600      
# span 18 =  1027.1035,  1030.0388      
# span 19 =  1027.1017,  1030.0375      
# span 20 =    33.7326,    34.6767      
# span 21 =    33.7302,    34.6751      
# span 22 =    7.73524,    8.14406      
# span 23 =         11,         53      
# span 24 = 0.0000e+00, 0.0000e+00      
# interval = decibars: 1                
# start_time = Dec 11 2021 18:56:20 [NMEA time, header]
# bad_flag = -9.990e-29
*END*
      5.000      4.951    -0.1284  28.060496    -0.1279  28.059607     8.0130     8.0417     0.5863    85.8221 2.9904e+02  -64.89638  -64.65222 345.792762      68.48 9.2235e+02    314.674       7553  1027.2032  1027.2017    33.8438    33.8420    8.10249         41 0.0000e+00
      6.000      5.941    -0.1297  28.059166    -0.1273  28.060551     8.0276     8.0365     0.6248    85.7903 2.4926e+02  -64.89638  -64.65220 345.792826       1.63 9.1875e+02    320.152       7685  1027.2072  1027.2064    33.8428    33.8420    8.10282         24 0.0000e+00
      7.000      6.931    -0.1364  28.051441    -0.1368  28.049584     8.0301     8.0418     0.6275    85.7526 2.3886e+02  -64.89638  -64.65223 345.792858       1.79 9.1700e+02    322.932       7751  1027.2097  1027.2080    33.8393    33.8373    8.10444         35 0.0000e+00
      8.000      7.919    -0.1250  28.066853    -0.1219  28.065264     8.0589     8.0463     0.6429    85.7510 2.1252e+02  -64.89638  -64.65227 345.792904      81.06 9.1576e+02    326.887       7846  1027.2191  1027.2150    33.8466    33.8410    8.10162         31 0.0000e+00
      9.000      8.909    -0.0390  28.176481    -0.0409  28.171958     8.0514     8.0469     0.7289    85.7534 1.7038e+02  -64.89638  -64.65226 345.792938      98.86 9.1524e+02    329.869       7918  1027.2579  1027.2553    33.8961    33.8922    8.08058         32 0.0000e+00
     10.000      9.902    -0.0304  28.187190    -0.0304  28.185627     8.0253     8.0456     0.8738    85.8569 1.5173e+02  -64.89638  -64.65224 345.792955      99.97 9.1391e+02    331.324       7953  1027.2658  1027.2642    33.9002    33.8981    8.07853         26 0.0000e+00
     11.000     10.891    -0.0401  28.177145    -0.0395  28.175987     8.0055     8.0374     0.9273    86.0007 1.4052e+02  -64.89638  -64.65224 345.792967      99.97 9.1318e+02    332.357       7978  1027.2691  1027.2673    33.8970    33.8948    8.08076         25 0.0000e+00
     12.000     11.880    -0.0380  28.179203    -0.0367  28.179443     8.0122     8.0437     0.9178    86.0225 1.3320e+02  -64.89638  -64.65226 345.793009      99.97 9.1197e+02    336.010       8065  1027.2739  1027.2729    33.8968    33.8956    8.08033         30 0.0000e+00
     13.000     12.873    -0.0383  28.179207    -0.0362  28.180532     8.0372     8.0403     0.9254    86.0271 1.1859e+02  -64.89638  -64.65228 345.793053      99.97 9.0971e+02    339.754       8155  1027.2791  1027.2780    33.8965    33.8959    8.08040         28 0.0000e+00
     14.000     13.864    -0.0757  28.133263    -0.0744  28.132734     8.0304     8.0451     0.9843    86.0662 1.0892e+02  -64.89638  -64.65228 345.793076      99.97 9.1064e+02    341.799       8204  1027.2701  1027.2684    33.8765    33.8744    8.08946         36 0.0000e+00
     15.000     14.852    -0.0284  28.191940    -0.0215  28.197147     8.0257     8.0418     1.1213    86.0623 1.0003e+02  -64.89638  -64.65230 345.793118      99.97 9.1322e+02    345.420       8291  1027.2914  1027.2904    33.9012    33.9005    8.07805         40 0.0000e+00
     16.000     15.850    -0.0143  28.210996    -0.0100  28.213792     8.0395     8.0463     0.9325    86.1673 8.5777e+01  -64.89638  -64.65230 345.793152      99.96 9.1317e+02    348.345       8361  1027.3026  1027.3017    33.9103    33.9091    8.07456         29 0.0000e+00
     17.000     16.834    -0.0317  28.188454    -0.0335  28.183413     8.0207     8.0402     1.0757    86.2354 8.0460e+01  -64.89638  -64.65230 345.793184      99.97 9.1212e+02    351.094       8427  1027.3002  1027.2964    33.8990    33.8943    8.07886         39 0.0000e+00
     18.000     17.822    -0.0484  28.170226    -0.0478  28.168564     8.0537     8.0473     1.3029    86.2012 7.1130e+01  -64.89639  -64.65230 345.793222      99.97 9.1220e+02    354.340       8505  1027.3010  1027.2987    33.8928    33.8899    8.08275         36 0.0000e+00
     19.000     18.812    -0.0448  28.175473    -0.0512  28.166669     8.0283     8.0491     1.5217    86.0335 6.0043e+01  -64.89638  -64.65230 345.793257      99.97 9.1210e+02    357.401       8579  1027.3072  1027.3040    33.8951    33.8905    8.08186         33 0.0000e+00
     20.000     19.803     0.0040  28.235170    -0.0017  28.224949     8.0186     8.0429     1.5348    85.9556 5.4826e+01  -64.89638  -64.65230 345.793272      99.97 9.1009e+02    358.663       8609  1027.3277  1027.3224    33.9195    33.9123    8.07017         33 0.0000e+00
     21.000     20.794     0.0065  28.239142     0.0071  28.238567     8.0457     8.0508     1.7119    86.0437 5.0294e+01  -64.89638  -64.65231 345.793328      99.96 9.1074e+02    363.567       8727  1027.3346  1027.3333    33.9214    33.9199    8.06954         40 0.0000e+00
     22.000     21.783     0.0160  28.249709     0.0156  28.247573     8.0496     8.0504     1.7343    86.0988 4.3686e+01  -64.89638  -64.65230 345.793355      99.97 9.0982e+02    365.868       8782  1027.3411  1027.3392    33.9242    33.9219    8.06737         30 0.0000e+00
     23.000     22.774     0.0210  28.255202     0.0208  28.253229     8.0455     8.0572     1.7790    86.0823 3.9554e+01  -64.89640  -64.65230 345.793371      99.97 9.0735e+02    367.219       8814  1027.3465  1027.3446    33.9254    33.9230    8.06625         34 0.0000e+00
     24.000     23.764     0.0264  28.261623     0.0262  28.259667     8.0262     8.0446     1.8615    86.0939 3.8345e+01  -64.89640  -64.65230 345.793405      99.97 9.0712e+02    370.232       8887  1027.3528  1027.3508    33.9273    33.9249    8.06502         30 0.0000e+00
     25.000     24.758     0.0353  28.272043     0.0353  28.270295     7.9983     8.0286     1.8801    86.1235 3.2941e+01  -64.89638  -64.65231 345.793457      99.97 9.0419e+02    374.670       8993  1027.3598  1027.3579    33.9306    33.9283    8.06295         22 0.0000e+00
     26.000     25.743     0.0378  28.276982     0.0376  28.275264     7.9758     8.0198     1.7318    86.3199 2.8889e+01  -64.89638  -64.65230 345.793487      99.97 9.0062e+02    377.287       9056  1027.3672  1027.3655    33.9338    33.9317    8.06225         28 0.0000e+00
     27.000     26.734     0.0404  28.283709     0.0409  28.282117     7.9859     8.0244     1.6420    86.4818 2.7413e+01  -64.89640  -64.65230 345.793498      99.97 9.0083e+02    378.248       9079  1027.3762  1027.3740    33.9392    33.9366    8.06140         25 0.0000e+00
     28.000     27.724     0.0384  28.282632     0.0386  28.281153     7.9734     8.0170     1.6590    86.5924 2.5715e+01  -64.89639  -64.65230 345.793533      99.97 9.0008e+02    381.275       9152  1027.3814  1027.3796    33.9394    33.9372    8.06181         38 0.0000e+00
     29.000     28.714     0.0359  28.282508     0.0359  28.280691     7.9545     8.0062     1.6400    86.7658 2.2748e+01  -64.89638  -64.65230 345.793575      72.71 8.9907e+02    384.891       9238  1027.3880  1027.3860    33.9414    33.9389    8.06222         27 0.0000e+00
     30.000     29.703     0.0326  28.280597     0.0326  28.278907     7.9544     7.9955     1.5588    86.9834 2.1019e+01  -64.89638  -64.65230 345.793597      86.41 8.9871e+02    386.790       9284  1027.3935  1027.3917    33.9419    33.9397    8.06288         31 0.0000e+00
     31.000     30.694     0.0329  28.281336     0.0327  28.279513     7.9706     8.0017     1.5311    87.2412 2.1223e+01  -64.89638  -64.65230 345.793646      99.97 8.9731e+02    391.030       9386  1027.3983  1027.3965    33.9419    33.9398    8.06281         37 0.0000e+00
     32.000     31.684     0.0317  28.281531     0.0316  28.279763     7.9794     7.9988     1.4214    87.3239 1.9396e+01  -64.89638  -64.65230 345.793663      99.97 8.9895e+02    392.460       9420  1027.4039  1027.4021    33.9429    33.9407    8.06301         34 0.0000e+00
     33.000     32.675     0.0314  28.281971     0.0314  28.280236     7.9654     7.9985     1.4650    87.5334 1.7328e+01  -64.89638  -64.65230 345.793706      99.97 8.9670e+02    396.156       9509  1027.4089  1027.4071    33.9432    33.9410    8.06305         35 0.0000e+00
     34.000     33.665     0.0292  28.280919     0.0291  28.279190     7.9479     7.9948     1.3877    87.5797 1.5871e+01  -64.89638  -64.65230 345.793735      99.97 8.9554e+02    398.745       9571  1027.4142  1027.4124    33.9436    33.9415    8.06349         35 0.0000e+00
     35.000     34.654     0.0269  28.279774     0.0267  28.277920     7.9548     7.9890     1.3855    87.6215 1.4810e+01  -64.89638  -64.65230 345.793759      99.97 8.9540e+02    400.765       9619  1027.4195  1027.4178    33.9441    33.9419    8.06396         40 0.0000e+00
     36.000     35.644     0.0247  28.279786     0.0247  28.278026     7.9325     7.9819     1.4018    87.6768 1.4287e+01  -64.89638  -64.65232 345.793801      99.97 8.9260e+02    404.440       9708  1027.4259  1027.4240    33.9460    33.9436    8.06431         41 0.0000e+00
     37.000     36.631     0.0209  28.280928     0.0190  28.278982     7.8787     7.9302     1.3881    87.7799 1.2388e+01  -64.89638  -64.65232 345.793855      99.97 8.9515e+02    409.052       9818  1027.4351  1027.4349    33.9511    33.9507    8.06483         35 0.0000e+00
     38.000     37.624     0.0148  28.284707     0.0146  28.282937     7.8664     7.9202     1.0763    88.0324 1.1435e+01  -64.89638  -64.65232 345.793875      99.97 8.9375e+02    410.829       9861  1027.4493  1027.4475    33.9623    33.9601    8.06548         25 0.0000e+00
     39.000     38.615     0.0148  28.286870     0.0147  28.285150     7.8791     7.9229     0.8600    88.4208 1.0857e+01  -64.89638  -64.65232 345.793887      99.97 8.9267e+02    411.872       9886  1027.4559  1027.4541    33.9646    33.9624    8.06535         28 0.0000e+00
     40.000     39.605     0.0145  28.287143     0.0140  28.285825     7.8576     7.9207     0.9827    88.6423 1.0394e+01  -64.89638  -64.65232 345.793917      99.97 8.9232e+02    414.472       9948  1027.4606  1027.4597    33.9646    33.9634    8.06541         42 0.0000e+00
     41.000     40.595     0.0143  28.288228     0.0138  28.286890     7.8595     7.9033     1.0363    88.6560 9.3848e+00  -64.89638  -64.65234 345.793980      99.97 8.9020e+02    419.872      10078  1027.4662  1027.4652    33.9657    33.9645    8.06539         34 0.0000e+00
     42.000     41.585     0.0126  28.291316     0.0124  28.289645     7.8496     7.8979     0.8693    88.8149 8.7688e+00  -64.89638  -64.65233 345.793993      99.97 8.9140e+02    421.020      10105  1027.4754  1027.4738    33.9711    33.9690    8.06545         30 0.0000e+00
     43.000     42.575     0.0124  28.293517     0.0126  28.291796     7.8468     7.8968     0.8560    88.9652 8.4042e+00  -64.89638  -64.65234 345.794016      99.96 8.9304e+02    422.949      10152  1027.4822  1027.4802    33.9736    33.9711    8.06534         37 0.0000e+00
     44.000     43.567     0.0120  28.297115     0.0121  28.295463     7.8112     7.8712     0.9132    88.9447 7.9869e+00  -64.89638  -64.65236 345.794064      99.97 8.8954e+02    427.094      10251  1027.4907  1027.4888    33.9782    33.9758    8.06517         35 0.0000e+00
     45.000     44.555     0.0108  28.305171     0.0109  28.303522     7.7965     7.8582     0.7635    89.0628 7.4988e+00  -64.89639  -64.65236 345.794091      99.97 8.8537e+02    429.499      10309  1027.5046  1027.5028    33.9896    33.9873    8.06477         41 0.0000e+00
     46.000     45.542     0.0104  28.306872     0.0104  28.305218     7.7549     7.8166     0.7441    89.0525 6.7644e+00  -64.89638  -64.65236 345.794143      99.97 8.8647e+02    433.937      10415  1027.5112  1027.5094    33.9917    33.9895    8.06475         30 0.0000e+00
     47.000     46.533     0.0076  28.311512     0.0074  28.309811     7.6929     7.7606     0.7395    89.2657 6.2786e+00  -64.89638  -64.65236 345.794168      99.97 8.8487e+02    436.153      10469  1027.5231  1027.5215    34.0003    33.9983    8.06484         18 0.0000e+00
     48.000     47.525     0.0049  28.312492     0.0047  28.310820     7.6628     7.7417     0.5705    89.4623 5.9704e+00  -64.89638  -64.65235 345.794177      99.96 8.8320e+02    436.854      10486  1027.5311  1027.5295    34.0041    34.0020    8.06521         16 0.0000e+00
     49.000     48.514    -0.0016  28.314726    -0.0025  28.313521     7.6698     7.7478     0.5961    89.6027 5.7132e+00  -64.89638  -64.65235 345.794185      99.97 8.8320e+02    437.613      10504  1027.5441  1027.5437    34.0136    34.0131    8.06603         21 0.0000e+00
     50.000     49.507    -0.0036  28.316856    -0.0036  28.315393     7.6012     7.6962     0.6226    89.5857 5.3080e+00  -64.89638  -64.65236 345.794233      99.97 8.8400e+02    441.730      10603  1027.5524  1027.5509    34.0181    34.0161    8.06620         30 0.0000e+00
     51.000     50.493    -0.0023  28.317075    -0.0050  28.317201     7.3241     7.5397     0.6410    89.5236 4.8055e+00  -64.89638  -64.65236 345.794287      99.97 8.8498e+02    446.390      10714  1027.5558  1027.5585    34.0163    34.0195    8.06603         23 0.0000e+00
     52.000     51.485    -0.0280  28.333424    -0.0292  28.333264     7.3159     7.5124     0.6415    89.5466 4.6769e+00  -64.89640  -64.65236 345.794298      99.97 8.8497e+02    447.359      10738  1027.6026  1027.6036    34.0660    34.0672    8.06864         27 0.0000e+00
     53.000     52.474    -0.0346  28.331505    -0.0339  28.329577     7.4503     7.5641     0.6461    89.6372 4.6208e+00  -64.89640  -64.65237 345.794324      99.97 8.8584e+02    449.631      10792  1027.6110  1027.6083    34.0702    34.0669    8.06978         35 0.0000e+00
     54.000     53.463    -0.0082  28.321202    -0.0091  28.319761     7.3276     7.5078     0.6850    89.9198 4.2466e+00  -64.89639  -64.65240 345.794402      99.97 8.8793e+02    456.360      10954  1027.5783  1027.5777    34.0265    34.0256    8.06669         30 0.0000e+00
     55.000     54.455    -0.0422  28.334278    -0.0425  28.332798     7.2817     7.4616     0.5690    89.9936 4.0044e+00  -64.89640  -64.65238 345.794413      99.97 8.8641e+02    457.254      10975  1027.6299  1027.6286    34.0811    34.0795    8.07077         24 0.0000e+00
     56.000     55.445    -0.0451  28.336899    -0.0452  28.335287     7.3102     7.4603     0.4463    90.0184 3.8316e+00  -64.89640  -64.65238 345.794425      99.97 8.8427e+02    458.320      11001  1027.6396  1027.6381    34.0873    34.0853    8.07104         30 0.0000e+00
     57.000     56.434    -0.0392  28.336141    -0.0417  28.335980     7.3645     7.4583     0.4480    90.1174 3.7814e+00  -64.89640  -64.65240 345.794468      99.97 8.8476e+02    462.073      11091  1027.6371  1027.6393    34.0791    34.0817    8.07026         42 0.0000e+00
     58.000     57.423    -0.0419  28.341791    -0.0422  28.339627     7.2305     7.3408     0.3471    90.2706 3.5736e+00  -64.89640  -64.65240 345.794510      99.97 8.8399e+02    465.678      11177  1027.6499  1027.6478    34.0890    34.0864    8.07027         40 0.0000e+00
     59.000     58.415    -0.0387  28.363428    -0.0382  28.364152     6.9691     7.1721     0.2894    90.4968 3.3964e+00  -64.89640  -64.65240 345.794533      99.97 8.8153e+02    467.658      11225  1027.6741  1027.6743    34.1135    34.1139    8.06820         42 0.0000e+00
     60.000     59.403    -0.0182  28.415224    -0.0193  28.411839     6.9453     7.0839     0.3139    90.6013 3.3056e+00  -64.89640  -64.65242 345.794577      99.97 8.8340e+02    471.453      11316  1027.7138  1027.7111    34.1587    34.1554    8.06133         30 0.0000e+00
     61.000     60.394    -0.0177  28.418517    -0.0179  28.416987     6.9081     7.0219     0.2329    90.6861 3.1211e+00  -64.89640  -64.65241 345.794613      99.97 8.8208e+02    474.543      11390  1027.7212  1027.7198    34.1619    34.1602    8.06103         33 0.0000e+00
