NBP2113_155081_ctd/data/nbp2113_013.ros
* Sea-Bird SBE 9 Data File:
* FileName = D:\Data\raw\NBP2113_013.hex
* Software Version Seasave V 7.26.7.121
* Temperature SN = 2438
* Conductivity SN = 2067
* Number of Bytes Per Scan = 40
* Number of Voltage Words = 5
* Number of Scans Averaged by the Deck Unit = 1
* NMEA Latitude = 65 13.99 S
* NMEA Longitude = 066 46.43 W
* NMEA UTC (Time) = Nov 27 2021  04:09:52
* NMEA baud rate = 9600
** Ship: RVIB N.B. Palmer
** Cruise: NBP2113 LTER
** Station: 500.100
** Operator: B. Urmston
# nquan = 20
# nvalues = 1142                                  
# units = specified
# name 0 = prDM: Pressure, Digiquartz [db]
# name 1 = depSM: Depth [salt water, m]
# name 2 = t090C: Temperature [ITS-90, deg C]
# name 3 = c0mS/cm: Conductivity [mS/cm]
# name 4 = t190C: Temperature, 2 [ITS-90, deg C]
# name 5 = c1mS/cm: Conductivity, 2 [mS/cm]
# name 6 = sbeox0ML/L: Oxygen, SBE 43 [ml/l]
# name 7 = sbeox1ML/L: Oxygen, SBE 43, 2 [ml/l]
# name 8 = flECO-AFL: Fluorescence, WET Labs ECO-AFL/FL [mg/m^3]
# name 9 = CStarTr0: Beam Transmission, WET Labs C-Star [%]
# name 10 = par: PAR/Irradiance, Biospherical/Licor
# name 11 = latitude: Latitude [deg]
# name 12 = longitude: Longitude [deg]
# name 13 = timeJ: Julian Days
# name 14 = altM: Altimeter [m]
# name 15 = spar: SPAR, Biospherical/Licor
# name 16 = timeS: Time, Elapsed [seconds]
# name 17 = scan: Scan Count
# name 18 = nbf: Bottles Fired
# name 19 = flag:  0.000e+00
# interval = seconds: 0.0416667
# start_time = Nov 27 2021 04:09:52 [NMEA time, header]
# bad_flag = -9.990e-29
*END*
[from data line 797]
     25.158     24.909    -0.4597  27.886138    -0.4610  27.884460     8.3161     8.1969     2.0069    87.9962 1.0000e-12  -65.23318  -66.77508 331.197145      99.98 0.0000e+00   2041.292      48992         17  0.000e+00
     25.130     24.882    -0.4599  27.886253    -0.4613  27.884067     8.3098     8.1968     2.0143    87.9962 1.0000e-12  -65.23318  -66.77508 331.197145      99.98 0.0000e+00   2041.333      48993         17  0.000e+00
     25.103     24.855    -0.4597  27.886713    -0.4612  27.884123     8.3080     8.1966     2.0069    87.9962 1.0000e-12  -65.23318  -66.77508 331.197146      99.98 0.0000e+00   2041.375      48994         17  0.000e+00
     25.158     24.909    -0.4600  27.886368    -0.4613  27.884011     8.3168     8.2074     2.0143    87.9962 1.0000e-12  -65.23318  -66.77508 331.197146      99.95 0.0000e+00   2041.417      48995         17  0.000e+00
     25.103     24.855    -0.4599  27.886253    -0.4612  27.884179     8.3107     8.2033     2.0069    87.9962 1.0000e-12  -65.23318  -66.77508 331.197147      99.95 0.0000e+00   2041.458      48996         17  0.000e+00
     25.103     24.855    -0.4597  27.886310    -0.4612  27.884011     8.3020     8.1984     2.0069    87.9962 1.0000e-12  -65.23318  -66.77508 331.197147      99.95 0.0000e+00   2041.500      48997         17  0.000e+00
     25.178     24.930    -0.4600  27.886080    -0.4613  27.884123     8.3051     8.1919     2.0069    87.9962 1.0000e-12  -65.23318  -66.77508 331.197147      99.98 0.0000e+00   2041.542      48998         17  0.000e+00
     25.103     24.855    -0.4600  27.886195    -0.4613  27.884236     8.3139     8.1925     2.0069    87.9962 1.0000e-12  -65.23318  -66.77508 331.197148      99.98 0.0000e+00   2041.583      48999         17  0.000e+00
     25.103     24.855    -0.4597  27.886540    -0.4612  27.884235     8.3135     8.1968     2.0143    87.9962 1.0000e-12  -65.23318  -66.77508 331.197148      99.93 0.0000e+00   2041.625      49000         17  0.000e+00
     25.158     24.909    -0.4599  27.886541    -0.4613  27.884404     8.3075     8.1959     2.0069    87.9962 1.0000e-12  -65.23318  -66.77508 331.197149      99.95 0.0000e+00   2041.667      49001         17  0.000e+00
     25.103     24.855    -0.4599  27.886310    -0.4612  27.884292     8.3013     8.2074     2.0143    87.9962 1.0000e-12  -65.23318  -66.77508 331.197149      99.98 0.0000e+00   2041.708      49002         17  0.000e+00
     25.131     24.882    -0.4599  27.886310    -0.4613  27.884067     8.3055     8.1980     2.0143    87.9962 1.0000e-12  -65.23318  -66.77508 331.197150      99.98 0.0000e+00   2041.750      49003         17  0.000e+00
     25.103     24.855    -0.4599  27.886253    -0.4612  27.884179     8.3038     8.1977     2.0143    87.9962 1.0000e-12  -65.23316  -66.77508 331.197150      99.98 0.0000e+00   2041.792      49004         17  0.000e+00
     25.158     24.909    -0.4599  27.886253    -0.4610  27.884011     8.3035     8.2029     2.0143    87.9962 1.0000e-12  -65.23316  -66.77508 331.197151      99.98 0.0000e+00   2041.833      49005         17  0.000e+00
     25.103     24.855    -0.4600  27.886138    -0.4610  27.884123     8.2988     8.2025     2.0143    87.9962 1.0000e-12  -65.23316  -66.77508 331.197151      99.98 0.0000e+00   2041.875      49006         17  0.000e+00
     25.158     24.910    -0.4600  27.886195    -0.4610  27.884236     8.3031     8.1976     2.0143    87.9962 1.0000e-12  -65.23316  -66.77508 331.197152      99.95 0.0000e+00   2041.917      49007         17  0.000e+00
     25.131     24.882    -0.4599  27.885850    -0.4613  27.884236     8.2970     8.1964     2.0436    87.9962 1.0000e-12  -65.23316  -66.77508 331.197152      99.95 0.0000e+00   2041.958      49008         17  0.000e+00
     25.103     24.855    -0.4600  27.886022    -0.4612  27.884235     8.2897     8.2069     2.0655    87.9962 1.0000e-12  -65.23316  -66.77508 331.197153      99.95 0.0000e+00   2042.000      49009         17  0.000e+00
     25.158     24.910    -0.4600  27.885620    -0.4610  27.884404     8.2898     8.2027     2.0729    87.9962 1.0000e-12  -65.23316  -66.77508 331.197153      99.98 0.0000e+00   2042.042      49010         17  0.000e+00
     25.158     24.910    -0.4603  27.885850    -0.4607  27.884517     8.2960     8.1966     2.0655    87.9962 1.0000e-12  -65.23316  -66.77508 331.197154      99.98 0.0000e+00   2042.083      49011         17  0.000e+00
     25.103     24.855    -0.4603  27.885850    -0.4603  27.884685     8.2963     8.1905     2.0655    87.9962 1.0000e-12  -65.23316  -66.77508 331.197154      99.93 0.0000e+00   2042.125      49012         17  0.000e+00
     25.131     24.883    -0.4605  27.885735    -0.4604  27.884741     8.3027     8.1909     2.0655    87.9705 1.0000e-12  -65.23316  -66.77508 331.197155      99.95 0.0000e+00   2042.167      49013         17  0.000e+00
     25.206     24.957    -0.4605  27.885735    -0.4604  27.884517     8.3047     8.1952     2.0655    87.9705 1.0000e-12  -65.23316  -66.77508 331.197155      99.98 0.0000e+00   2042.208      49014         17  0.000e+00
     25.103     24.855    -0.4607  27.885792    -0.4605  27.884910     8.3079     8.2002     2.0655    87.9705 1.0000e-12  -65.23316  -66.77508 331.197156      99.98 0.0000e+00   2042.250      49015         17  0.000e+00
     25.158     24.910    -0.4608  27.885735    -0.4605  27.884798     8.3101     8.2007     2.0729    87.9705 1.0000e-12  -65.23316  -66.77508 331.197156      99.98 0.0000e+00   2042.292      49016         17  0.000e+00
     25.158     24.910    -0.4607  27.885505    -0.4607  27.884741     8.3166     8.1957     2.0655    87.9705 1.0000e-12  -65.23316  -66.77508 331.197157      99.98 0.0000e+00   2042.333      49017         17  0.000e+00
     25.179     24.930    -0.4605  27.885965    -0.4603  27.885079     8.3186     8.1951     2.0655    87.9705 1.0000e-12  -65.23316  -66.77508 331.197157      99.98 0.0000e+00   2042.375      49018         17  0.000e+00
     25.158     24.910    -0.4607  27.886023    -0.4604  27.884741     8.3205     8.1947     2.0655    87.9705 1.0000e-12  -65.23316  -66.77508 331.197158      99.95 0.0000e+00   2042.417      49019         17  0.000e+00
     25.206     24.957    -0.4605  27.886023    -0.4601  27.884910     8.3225     8.1951     2.0655    87.9705 1.0000e-12  -65.23316  -66.77508 331.197158      99.95 0.0000e+00   2042.458      49020         17  0.000e+00
     25.158     24.910    -0.4605  27.885850    -0.4604  27.884798     8.3185     8.2065     2.0655    87.9705 1.0000e-12  -65.23316  -66.77508 331.197159      99.95 0.0000e+00   2042.500      49021         17  0.000e+00
     25.158     24.910    -0.4607  27.885965    -0.4603  27.884798     8.3132     8.1968     2.0655    87.9447 1.0000e-12  -65.23316  -66.77508 331.197159      99.98 0.0000e+00   2042.542      49022         17  0.000e+00
     25.179     24.930    -0.4608  27.886023    -0.4605  27.884966     8.3166     8.1909     2.0655    87.9705 1.0000e-12  -65.23316  -66.77508 331.197160      99.95 0.0000e+00   2042.583      49023         17  0.000e+00
     25.515     25.263    -0.4607  27.885793    -0.4607  27.884742     8.3281     8.1965     2.1608    87.9705 1.0000e-12  -65.23316  -66.77508 331.197189      99.93 0.0000e+00   2045.125      49084         18  0.000e+00
     25.461     25.209    -0.4605  27.885736    -0.4605  27.884742     8.3285     8.1958     2.1608    87.9447 1.0000e-12  -65.23316  -66.77508 331.197189      99.95 0.0000e+00   2045.167      49085         18  0.000e+00
     25.536     25.284    -0.4605  27.885793    -0.4603  27.884518     8.3350     8.2061     2.1608    87.9705 1.0000e-12  -65.23316  -66.77508 331.197190      99.98 0.0000e+00   2045.208      49086         18  0.000e+00
     25.461     25.209    -0.4605  27.885333    -0.4605  27.884742     8.3355     8.1980     2.2414    87.9447 1.0000e-12  -65.23316  -66.77508 331.197190      99.98 0.0000e+00   2045.250      49087         18  0.000e+00
     25.516     25.263    -0.4605  27.885563    -0.4603  27.884742     8.3348     8.1974     2.2853    87.9447 1.0000e-12  -65.23316  -66.77508 331.197191      99.98 0.0000e+00   2045.292      49088         18  0.000e+00
     25.461     25.209    -0.4607  27.885793    -0.4605  27.884742     8.3325     8.1913     2.2926    87.9447 1.0000e-12  -65.23316  -66.77508 331.197191      99.98 0.0000e+00   2045.333      49089         18  0.000e+00
     25.516     25.264    -0.4605  27.885736    -0.4604  27.884518     8.3258     8.1945     2.2853    87.9447 1.0000e-12  -65.23316  -66.77508 331.197192      99.98 0.0000e+00   2045.375      49090         18  0.000e+00
     25.433     25.182    -0.4608  27.885908    -0.4605  27.884742     8.3292     8.1938     2.2853    87.9447 1.0000e-12  -65.23316  -66.77508 331.197192      99.95 0.0000e+00   2045.417      49091         18  0.000e+00
     25.516     25.264    -0.4605  27.885851    -0.4607  27.884742     8.3283     8.1933     2.2853    87.9447 1.0000e-12  -65.23316  -66.77508 331.197193      99.95 0.0000e+00   2045.458      49092         18  0.000e+00
     25.461     25.209    -0.4607  27.885736    -0.4604  27.884742     8.3272     8.1889     2.2853    87.9447 1.0000e-12  -65.23316  -66.77508 331.197193      99.98 0.0000e+00   2045.500      49093         18  0.000e+00
     25.413     25.162    -0.4605  27.885736    -0.4607  27.884742     8.3216     8.1930     2.2853    87.9705 1.0000e-12  -65.23316  -66.77508 331.197194      99.98 0.0000e+00   2045.542      49094         18  0.000e+00
     25.516     25.264    -0.4608  27.885793    -0.4604  27.884574     8.3252     8.1926     2.2853    87.9962 1.0000e-12  -65.23316  -66.77508 331.197194      99.98 0.0000e+00   2045.583      49095         18  0.000e+00
     25.413     25.162    -0.4607  27.885736    -0.4608  27.884686     8.3239     8.1920     2.2853    87.9962 1.0000e-12  -65.23316  -66.77508 331.197195      99.93 0.0000e+00   2045.625      49096         18  0.000e+00
     25.488     25.237    -0.4607  27.885736    -0.4607  27.884518     8.3228     8.1916     2.2853    87.9962 1.0000e-12  -65.23316  -66.77508 331.197195      99.95 0.0000e+00   2045.667      49097         18  0.000e+00
     25.413     25.162    -0.4608  27.885793    -0.4608  27.884630     8.3229     8.1928     2.2853    87.9962 1.0000e-12  -65.23316  -66.77508 331.197196      99.98 0.0000e+00   2045.708      49098         18  0.000e+00
     25.413     25.162    -0.4608  27.885505    -0.4605  27.884967     8.3275     8.1923     2.2853    87.9962 1.0000e-12  -65.23316  -66.77508 331.197196      99.98 0.0000e+00   2045.750      49099         18  0.000e+00
     25.461     25.210    -0.4607  27.885448    -0.4605  27.884574     8.3261     8.1920     2.2853    87.9962 1.0000e-12  -65.23316  -66.77508 331.197197      99.98 0.0000e+00   2045.792      49100         18  0.000e+00
     25.413     25.162    -0.4605  27.885736    -0.4605  27.884630     8.3245     8.1915     2.2853    87.9962 1.0000e-12  -65.23316  -66.77508 331.197197      99.98 0.0000e+00   2045.833      49101         18  0.000e+00
     25.386     25.135    -0.4607  27.885736    -0.4605  27.884967     8.3241     8.1910     2.2853    87.9962 1.0000e-12  -65.23316  -66.77508 331.197198      99.98 0.0000e+00   2045.875      49102         18  0.000e+00
     25.413     25.162    -0.4608  27.885908    -0.4605  27.884405     8.3251     8.1906     2.2853    87.9962 1.0000e-12  -65.23316  -66.77508 331.197198      99.95 0.0000e+00   2045.917      49103         18  0.000e+00
     25.413     25.162    -0.4607  27.885851    -0.4605  27.884798     8.3230     8.1920     2.2853    87.9962 1.0000e-12  -65.23316  -66.77508 331.197199      99.95 0.0000e+00   2045.958      49104         18  0.000e+00
     25.358     25.108    -0.4607  27.885505    -0.4604  27.884798     8.3282     8.1924     2.2853    87.9962 1.0000e-12  -65.23316  -66.77508 331.197199      99.95 0.0000e+00   2046.000      49105         18  0.000e+00
     25.413     25.162    -0.4605  27.885851    -0.4605  27.884573     8.3293     8.1922     2.2853    87.9962 1.0000e-12  -65.23316  -66.77508 331.197200      99.98 0.0000e+00   2046.042      49106         18  0.000e+00
     25.338     25.088    -0.4607  27.885850    -0.4607  27.884686     8.3323     8.1909     2.2853    87.9962 1.0000e-12  -65.23316  -66.77508 331.197200      99.98 0.0000e+00   2046.083      49107         18  0.000e+00
     25.359     25.108    -0.4608  27.885735    -0.4604  27.884517     8.3387     8.1896     2.2853    88.0220 1.0000e-12  -65.23316  -66.77508 331.197201      99.93 0.0000e+00   2046.125      49108         18  0.000e+00
     25.359     25.108    -0.4605  27.885735    -0.4608  27.884461     8.3319     8.1893     2.2853    87.9962 1.0000e-12  -65.23316  -66.77508 331.197201      99.95 0.0000e+00   2046.167      49109         18  0.000e+00
     25.311     25.061    -0.4605  27.885793    -0.4603  27.884517     8.3224     8.1851     2.2853    87.9962 1.0000e-12  -65.23316  -66.77508 331.197201      99.98 0.0000e+00   2046.208      49110         18  0.000e+00
     25.359     25.108    -0.4607  27.885735    -0.4605  27.884686     8.3291     8.1895     2.2853    87.9962 1.0000e-12  -65.23316  -66.77508 331.197202      99.98 0.0000e+00   2046.250      49111         18  0.000e+00
     25.283     25.034    -0.4607  27.885505    -0.4605  27.884517     8.3311     8.1892     2.2853    87.9705 1.0000e-12  -65.23316  -66.77508 331.197202      99.98 0.0000e+00   2046.292      49112         18  0.000e+00
     25.311     25.061    -0.4607  27.885966    -0.4608  27.884629     8.3356     8.1890     2.1535    87.9962 1.0000e-12  -65.23316  -66.77508 331.197203      99.98 0.0000e+00   2046.333      49113         18  0.000e+00
     25.256     25.007    -0.4605  27.885620    -0.4604  27.884798     8.3367     8.1885     1.9776    87.9705 1.0000e-12  -65.23316  -66.77508 331.197203      99.98 0.0000e+00   2046.375      49114         18  0.000e+00
     25.311     25.061    -0.4607  27.885620    -0.4605  27.884742     8.3349     8.1901     1.9410    87.9447 1.0000e-12  -65.23316  -66.77508 331.197204      99.95 0.0000e+00   2046.417      49115         18  0.000e+00
     25.256     25.007    -0.4603  27.885793    -0.4604  27.884517     8.3387     8.1907     1.9483    87.9705 1.0000e-12  -65.23316  -66.77508 331.197204      99.95 0.0000e+00   2046.458      49116         18  0.000e+00
     25.284     25.034    -0.4605  27.885735    -0.4607  27.884461     8.3369     8.1797     1.9483    87.9447 1.0000e-12  -65.23316  -66.77508 331.197205      99.95 0.0000e+00   2046.500      49117         18  0.000e+00
     25.208     24.959    -0.4607  27.885735    -0.4607  27.884517     8.3324     8.1778     1.9556    87.9447 1.0000e-12  -65.23316  -66.77508 331.197205      99.98 0.0000e+00   2046.542      49118         18  0.000e+00
     25.256     25.007    -0.4605  27.885563    -0.4610  27.884686     8.3326     8.1888     1.9556    87.9447 1.0000e-12  -65.23316  -66.77508 331.197206      99.98 0.0000e+00   2046.583      49119         18  0.000e+00
     25.208     24.959    -0.4605  27.885677    -0.4607  27.884348     8.3313     8.1888     1.9483    87.9447 1.0000e-12  -65.23316  -66.77508 331.197206      99.93 0.0000e+00   2046.625      49120         18  0.000e+00
     25.208     24.959    -0.4605  27.885505    -0.4607  27.884685     8.3288     8.1888     1.9556    87.9447 1.0000e-12  -65.23316  -66.77508 331.197207      99.95 0.0000e+00   2046.667      49121         18  0.000e+00
     25.208     24.959    -0.4605  27.885505    -0.4609  27.884348     8.3263     8.1889     1.9483    87.9705 1.0000e-12  -65.23316  -66.77508 331.197207      99.98 0.0000e+00   2046.708      49122         18  0.000e+00
