NBP2113_155081_ctd/data/nbp2113_027.ros
* Sea-Bird SBE 9 Data File:
* FileName = D:\Data\raw\NBP2113_027.hex
* Software Version Seasave V 7.26.7.121
* Temperature SN = 2438
* Conductivity SN = 2067
* Number of Bytes Per Scan = 40
* Number of Voltage Words = 5
* Number of Scans Averaged by the Deck Unit = 1
* NMEA Latitude = 68 01.82 S
* NMEA Longitude = 069 17.07 W
* NMEA UTC (Time) = Dec 04 2021  08:59:20
* NMEA baud rate = 9600
** Ship: RVIB N.B. Palmer
** Cruise: NBP2113 LTER
** Station: 200.-040
** Operator: B. Urmston
# nquan = 20
# nvalues = 1156                                  
# units = specified
# name 0 = prDM: Pressure, Digiquartz [db]
# name 1 = depSM: Depth [salt water, m]
# name 2 = t090C: Temperature [ITS-90, deg C]
# name 3 = c0mS/cm: Conductivity [mS/cm]
# name 4 = t190C: Temperature, 2 [ITS-90, deg C]
# name 5 = c1mS/cm: Conductivity, 2 [mS/cm]
# name 6 = sbeox0ML/L: Oxygen, SBE 43 [ml/l]
# name 7 = sbeox1ML/L: Oxygen, SBE 43, 2 [ml/l]
# name 8 = flECO-AFL: Fluorescence, WET Labs ECO-AFL/FL [mg/m^3]
# name 9 = CStarTr0: Beam Transmission, WET Labs C-Star [%]
# name 10 = par: PAR/Irradiance, Biospherical/Licor
# name 11 = latitude: Latitude [deg]
# name 12 = longitude: Longitude [deg]
# name 13 = timeJ: Julian Days
# name 14 = altM: Altimeter [m]
# name 15 = spar: SPAR, Biospherical/Licor
# name 16 = timeS: Time, Elapsed [seconds]
# name 17 = scan: Scan Count
# name 18 = nbf: Bottles Fired
# name 19 = flag:  0.000e+00
# interval = seconds: 0.0416667
# start_time = Dec 04 2021 08:59:20 [NMEA time, header]
# bad_flag = -9.990e-29
*END*
[from data line 435]
    101.332    100.293    -0.9862  27.482900    -0.9775  27.489558     7.7337     7.7642     0.6003    94.3049 1.0000e-12  -68.03014  -69.28442 338.393921      99.98 1.4456e+02   1674.792      40196         10  0.000e+00
    101.352    100.314    -0.9862  27.482900    -0.9775  27.489726     7.7359     7.7646     0.6003    94.3049 1.0000e-12  -68.03014  -69.28442 338.393922      99.98 1.4456e+02   1674.833      40197         10  0.000e+00
    101.332    100.293    -0.9857  27.482786    -0.9777  27.489782     7.7306     7.7698     0.6003    94.3049 1.0000e-12  -68.03014  -69.28442 338.393922      99.95 1.4456e+02   1674.875      40198         10  0.000e+00
    101.352    100.314    -0.9846  27.483244    -0.9779  27.490061     7.7299     7.7750     0.5930    94.3049 1.0000e-12  -68.03014  -69.28442 338.393923      99.95 1.4456e+02   1674.917      40199         10  0.000e+00
    101.332    100.293    -0.9829  27.483015    -0.9780  27.489279     7.7217     7.7660     0.5930    94.3049 1.0000e-12  -68.03014  -69.28442 338.393923      99.98 1.4456e+02   1674.958      40200         10  0.000e+00
    101.353    100.314    -0.9835  27.483244    -0.9785  27.489279     7.7232     7.7656     0.6003    94.3049 1.0000e-12  -68.03014  -69.28442 338.393924      99.98 1.4456e+02   1675.000      40201         10  0.000e+00
    101.353    100.314    -0.9842  27.483015    -0.9786  27.488720     7.7186     7.7643     0.6003    94.3049 1.0000e-12  -68.03014  -69.28442 338.393924      99.98 1.4456e+02   1675.042      40202         10  0.000e+00
    101.332    100.294    -0.9842  27.483930    -0.9792  27.488496     7.7092     7.7631     0.6003    94.2791 1.0000e-12  -68.03014  -69.28442 338.393925      99.98 1.4456e+02   1675.083      40203         10  0.000e+00
    101.353    100.314    -0.9834  27.485018    -0.9794  27.488328     7.7044     7.7637     0.6003    94.2791 1.0000e-12  -68.03014  -69.28442 338.393925      99.98 1.4456e+02   1675.125      40204         10  0.000e+00
    101.387    100.348    -0.9824  27.485591    -0.9789  27.488608     7.7041     7.7633     0.6003    94.3049 1.0000e-12  -68.03014  -69.28442 338.393926      99.98 1.4456e+02   1675.167      40205         10  0.000e+00
    101.353    100.314    -0.9820  27.486106    -0.9788  27.488776     7.7052     7.7732     0.6003    94.3049 1.0000e-12  -68.03014  -69.28442 338.393926      99.95 1.4456e+02   1675.208      40206         10  0.000e+00
    101.353    100.314    -0.9824  27.485247    -0.9786  27.488720     7.7095     7.7680     0.6003    94.3049 1.0000e-12  -68.03014  -69.28442 338.393927      99.98 1.4456e+02   1675.250      40207         10  0.000e+00
    101.387    100.348    -0.9839  27.483702    -0.9789  27.488328     7.7078     7.7640     0.6003    94.3049 1.0000e-12  -68.03014  -69.28442 338.393927      99.98 1.4456e+02   1675.292      40208         10  0.000e+00
    101.353    100.314    -0.9842  27.482957    -0.9794  27.487713     7.7116     7.7637     0.5930    94.3049 1.0000e-12  -68.03014  -69.28442 338.393927      99.98 1.4456e+02   1675.333      40209         10  0.000e+00
    101.387    100.348    -0.9846  27.482671    -0.9801  27.487266     7.7062     7.7627     0.5784    94.3049 1.0000e-12  -68.03014  -69.28442 338.393928      99.95 1.4456e+02   1675.375      40210         10  0.000e+00
    101.407    100.368    -0.9846  27.483358    -0.9809  27.487043     7.7080     7.7635     0.5417    94.3049 1.0000e-12  -68.03014  -69.28442 338.393928      99.95 1.4456e+02   1675.417      40211         10  0.000e+00
    101.387    100.348    -0.9849  27.482671    -0.9814  27.486372     7.7054     7.7756     0.5198    94.3049 1.0000e-12  -68.03014  -69.28442 338.393929      99.98 1.4456e+02   1675.458      40212         10  0.000e+00
    101.353    100.314    -0.9860  27.481069    -0.9820  27.485813     7.7122     7.7708     0.5198    94.3049 1.0000e-12  -68.03014  -69.28442 338.393929      99.98 1.4456e+02   1675.500      40213         10  0.000e+00
    101.408    100.368    -0.9886  27.479581    -0.9826  27.484863     7.7194     7.7650     0.5271    94.3049 1.0000e-12  -68.03014  -69.28442 338.393930      99.98 1.4456e+02   1675.542      40214         10  0.000e+00
    101.387    100.348    -0.9891  27.479409    -0.9833  27.483577     7.7227     7.7659     0.5271    94.3049 1.0000e-12  -68.03014  -69.28442 338.393930      99.98 1.4456e+02   1675.583      40215         10  0.000e+00
    101.408    100.368    -0.9887  27.479810    -0.9848  27.482962     7.7199     7.7661     0.5271    94.3049 1.0000e-12  -68.03014  -69.28442 338.393931      99.98 1.4456e+02   1675.625      40216         10  0.000e+00
    101.387    100.348    -0.9885  27.480382    -0.9852  27.482571     7.7336     7.7651     0.5271    94.3049 1.0000e-12  -68.03014  -69.28442 338.393931      99.98 1.4456e+02   1675.667      40217         10  0.000e+00
    101.456    100.416    -0.9877  27.481069    -0.9855  27.481397     7.7335     7.7642     0.5271    94.3049 1.0000e-12  -68.03014  -69.28442 338.393932      99.95 1.4456e+02   1675.708      40218         10  0.000e+00
    101.408    100.368    -0.9869  27.482156    -0.9864  27.480558     7.7378     7.7708     0.5271    94.3049 1.0000e-12  -68.03014  -69.28442 338.393932      99.98 1.4456e+02   1675.750      40219         10  0.000e+00
    101.435    100.395    -0.9863  27.483187    -0.9869  27.480670     7.7363     7.7774     0.5198    94.3049 1.0000e-12  -68.03014  -69.28442 338.393933      99.98 1.4456e+02   1675.792      40220         10  0.000e+00
    101.408    100.368    -0.9852  27.483759    -0.9866  27.481285     7.7437     7.7666     0.5271    94.3049 1.0000e-12  -68.03014  -69.28442 338.393933      99.98 1.4456e+02   1675.833      40221         10  0.000e+00
    101.435    100.395    -0.9847  27.484503    -0.9863  27.481676     7.7407     7.7655     0.5271    94.3049 1.0000e-12  -68.03014  -69.28442 338.393934      99.95 1.4456e+02   1675.875      40222         10  0.000e+00
    101.408    100.368    -0.9837  27.484904    -0.9863  27.481788     7.7361     7.7719     0.5198    94.3049 1.0000e-12  -68.03014  -69.28442 338.393934      99.98 1.4456e+02   1675.917      40223         10  0.000e+00
    101.490    100.450    -0.9827  27.484847    -0.9864  27.481565     7.7378     7.7785     0.5271    94.3049 1.0000e-12  -68.03014  -69.28442 338.393935      99.98 1.4456e+02   1675.958      40224         10  0.000e+00
    101.456    100.416    -0.9834  27.484331    -0.9864  27.480558     7.7519     7.7736     0.5271    94.3049 1.0000e-12  -68.03014  -69.28442 338.393935      99.98 1.4456e+02   1676.000      40225         10  0.000e+00
    101.456    100.416    -0.9852  27.483187    -0.9870  27.479217     7.7511     7.7679     0.5271    94.3049 1.0000e-12  -68.03014  -69.28442 338.393936      99.98 1.4456e+02   1676.042      40226         10  0.000e+00
    101.435    100.396    -0.9865  27.482271    -0.9881  27.478714     7.7488     7.7746     0.5271    94.2791 1.0000e-12  -68.03014  -69.28442 338.393936      99.98 1.4456e+02   1676.083      40227         10  0.000e+00
    101.511    100.470    -0.9866  27.482271    -0.9884  27.479049     7.7495     7.7820     0.5271    94.2534 1.0000e-12  -68.03014  -69.28442 338.393937      99.98 1.4456e+02   1676.125      40228         10  0.000e+00
    101.490    100.450    -0.9865  27.483072    -0.9883  27.479385     7.7545     7.7770     0.5271    94.2791 1.0000e-12  -68.03014  -69.28442 338.393937      99.98 1.4456e+02   1676.167      40229         10  0.000e+00
    101.456    100.416    -0.9852  27.484332    -0.9880  27.479440     7.7472     7.7767     0.5271    94.2791 1.0000e-12  -68.03014  -69.28442 338.393938      99.93 1.4456e+02   1676.208      40230         10  0.000e+00
    101.511    100.470    -0.9844  27.484332    -0.9885  27.478043     7.7476     7.7824     0.5271    94.2791 1.0000e-12  -68.03014  -69.28442 338.393938      99.98 1.4456e+02   1676.250      40231         10  0.000e+00
    101.490    100.450    -0.9852  27.483015    -0.9901  27.476422     7.7470     7.7777     0.5271    94.2534 1.0000e-12  -68.03014  -69.28442 338.393939      99.98 1.4456e+02   1676.292      40232         10  0.000e+00
    101.511    100.470    -0.9866  27.481241    -0.9911  27.475472     7.7450     7.7719     0.5271    94.2791 1.0000e-12  -68.03014  -69.28442 338.393939      99.98 1.4456e+02   1676.333      40233         10  0.000e+00
    101.538    100.497    -0.9869  27.481470    -0.9924  27.474913     7.7426     7.7842     0.5198    94.2791 1.0000e-12  -68.03014  -69.28442 338.393940      99.95 1.4456e+02   1676.375      40234         10  0.000e+00
    101.511    100.470    -0.9859  27.483359    -0.9930  27.474578     7.7397     7.7801     0.5271    94.2791 1.0000e-12  -68.03014  -69.28442 338.393940      99.95 1.4456e+02   1676.417      40235         10  0.000e+00
    101.538    100.497    -0.9842  27.484904    -0.9934  27.474131     7.7368     7.7742     0.5198    94.2791 1.0000e-12  -68.03014  -69.28442 338.393940      99.98 1.4456e+02   1676.458      40236         10  0.000e+00
    101.559    100.518    -0.9835  27.485248    -0.9934  27.473963     7.7340     7.7862     0.4831    94.2791 1.0000e-12  -68.03014  -69.28442 338.393941      99.98 1.4456e+02   1676.500      40237         10  0.000e+00
    101.511    100.470    -0.9839  27.485248    -0.9934  27.474186     7.7313     7.7885     0.4685    94.2791 1.0000e-12  -68.03014  -69.28442 338.393941      99.98 1.4456e+02   1676.542      40238         10  0.000e+00
     60.779     60.162    -1.1137  27.293576    -1.1107  27.294930     7.8031     7.8671     0.6956    93.2234 6.4359e-02  -68.03010  -69.28438 338.395258      99.98 1.4279e+02   1790.333      42969         11  0.000e+00
     60.779     60.162    -1.1144  27.293233    -1.1098  27.295265     7.8045     7.8669     0.6956    93.2234 6.4359e-02  -68.03010  -69.28438 338.395259      99.95 1.4279e+02   1790.375      42970         11  0.000e+00
     60.779     60.162    -1.1146  27.293176    -1.1107  27.295544     7.8093     7.8671     0.6956    93.2234 6.4359e-02  -68.03010  -69.28438 338.395259      99.95 1.4279e+02   1790.417      42971         11  0.000e+00
     60.731     60.115    -1.1142  27.293005    -1.1123  27.295209     7.8111     7.8674     0.6956    93.2234 6.4359e-02  -68.03010  -69.28438 338.395260      99.98 1.4279e+02   1790.458      42972         11  0.000e+00
     60.779     60.162    -1.1147  27.292948    -1.1132  27.294317     7.8119     7.8676     0.7322    93.2234 6.2300e-02  -68.03010  -69.28438 338.395260      99.98 1.4279e+02   1790.500      42973         11  0.000e+00
     60.731     60.115    -1.1147  27.292720    -1.1141  27.293481     7.8125     7.8678     0.7469    93.2491 6.4359e-02  -68.03010  -69.28438 338.395261      99.98 1.4279e+02   1790.542      42974         11  0.000e+00
     60.779     60.162    -1.1150  27.292834    -1.1147  27.293090     7.8058     7.8680     0.7542    93.3006 6.2300e-02  -68.03010  -69.28438 338.395261      99.98 1.4279e+02   1790.583      42975         11  0.000e+00
     60.779     60.162    -1.1151  27.292720    -1.1146  27.292867     7.8157     7.8680     0.7469    93.3521 6.4359e-02  -68.03010  -69.28438 338.395262      99.98 1.4279e+02   1790.625      42976         11  0.000e+00
     60.779     60.162    -1.1148  27.293005    -1.1149  27.292198     7.8223     7.8681     0.7469    93.3521 6.4359e-02  -68.03010  -69.28438 338.395262      99.95 1.4279e+02   1790.667      42977         11  0.000e+00
     60.779     60.162    -1.1150  27.293176    -1.1150  27.292031     7.8318     7.8682     0.7469    93.3264 6.4359e-02  -68.03010  -69.28438 338.395263      99.95 1.4279e+02   1790.708      42978         11  0.000e+00
     60.731     60.115    -1.1153  27.293005    -1.1146  27.292198     7.8306     7.8680     0.7469    93.3264 6.4359e-02  -68.03010  -69.28438 338.395263      99.98 1.4279e+02   1790.750      42979         11  0.000e+00
     60.779     60.162    -1.1150  27.293119    -1.1142  27.292477     7.8323     7.8680     0.7469    93.3264 6.4359e-02  -68.03010  -69.28438 338.395264      99.98 1.4279e+02   1790.792      42980         11  0.000e+00
     60.779     60.162    -1.1147  27.293176    -1.1142  27.292533     7.8279     7.8680     0.7469    93.3264 6.2300e-02  -68.03010  -69.28438 338.395264      99.98 1.4279e+02   1790.833      42981         11  0.000e+00
     60.732     60.115    -1.1145  27.293176    -1.1140  27.292533     7.8220     7.8679     0.7469    93.3521 6.2300e-02  -68.03010  -69.28438 338.395265      99.95 1.4279e+02   1790.875      42982         11  0.000e+00
     60.779     60.163    -1.1142  27.293176    -1.1138  27.292365     7.8208     7.8679     0.7469    93.3264 6.2300e-02  -68.03010  -69.28438 338.395265      99.95 1.4279e+02   1790.917      42983         11  0.000e+00
     60.732     60.115    -1.1137  27.293347    -1.1137  27.292644     7.8239     7.8678     0.7469    93.3264 6.2300e-02  -68.03010  -69.28438 338.395266      99.98 1.4279e+02   1790.958      42984         11  0.000e+00
     60.780     60.163    -1.1134  27.293633    -1.1133  27.292421     7.8179     7.8678     0.7469    93.3264 6.2300e-02  -68.03010  -69.28438 338.395266      99.98 1.4279e+02   1791.000      42985         11  0.000e+00
     60.677     60.061    -1.1136  27.293861    -1.1134  27.291863     7.8119     7.8677     0.7469    93.3521 6.2300e-02  -68.03010  -69.28438 338.395267      99.98 1.4279e+02   1791.042      42986         11  0.000e+00
     60.834     60.217    -1.1137  27.293976    -1.1132  27.292143     7.8109     7.8679     0.7469    93.3521 6.2300e-02  -68.03010  -69.28438 338.395267      99.98 1.4279e+02   1791.083      42987         11  0.000e+00
     60.732     60.115    -1.1139  27.294147    -1.1135  27.292087     7.8233     7.8622     0.7469    93.3521 6.2300e-02  -68.03010  -69.28438 338.395268      99.98 1.4279e+02   1791.125      42988         11  0.000e+00
     60.780     60.163    -1.1141  27.294033    -1.1134  27.292198     7.8267     7.8670     0.7469    93.3264 6.2300e-02  -68.03010  -69.28438 338.395268      99.98 1.4279e+02   1791.167      42989         11  0.000e+00
     60.732     60.115    -1.1141  27.294147    -1.1130  27.292477     7.8315     7.8669     0.7469    93.3264 6.2300e-02  -68.03010  -69.28438 338.395269      99.95 1.4279e+02   1791.208      42990         11  0.000e+00
     60.732     60.115    -1.1142  27.294432    -1.1129  27.292533     7.8290     7.8669     0.7469    93.3264 6.2300e-02  -68.03010  -69.28438 338.395269      99.98 1.4279e+02   1791.250      42991         11  0.000e+00
     60.732     60.115    -1.1147  27.293861    -1.1135  27.292700     7.8374     7.8670     0.7469    93.3264 6.2300e-02  -68.03010  -69.28438 338.395270      99.98 1.4279e+02   1791.292      42992         11  0.000e+00
     60.732     60.115    -1.1142  27.293861    -1.1142  27.292198     7.8395     7.8672     0.7469    93.3521 6.2300e-02  -68.03010  -69.28438 338.395270      99.98 1.4279e+02   1791.333      42993         11  0.000e+00
     60.732     60.115    -1.1133  27.294147    -1.1147  27.292031     7.8430     7.8674     0.7469    93.3264 6.2300e-02  -68.03010  -69.28438 338.395271      99.95 1.4279e+02   1791.375      42994         11  0.000e+00
     60.677     60.061    -1.1125  27.294775    -1.1158  27.291641     7.8570     7.8676     0.7469    93.3521 6.2300e-02  -68.03010  -69.28438 338.395271      99.95 1.4279e+02   1791.417      42995         11  0.000e+00
     60.732     60.115    -1.1127  27.294775    -1.1160  27.291529     7.8787     7.8677     0.7469    93.3521 6.2300e-02  -68.03010  -69.28438 338.395272      99.98 1.4279e+02   1791.458      42996         11  0.000e+00
