NBP2113_155081_ctd/data/nbp2113_069.cnv
* Sea-Bird SBE 9 Data File:
* FileName = D:\Data\raw\NBP2113_069.hex
* Software Version Seasave V 7.26.7.121
* Temperature SN = 2438
* Conductivity SN = 2067
* Number of Bytes Per Scan = 40
* Number of Voltage Words = 5
* Number of Scans Averaged by the Deck Unit = 1
* NMEA Latitude = 63 45.12 S
* NMEA Longitude = 061 34.51 W
* NMEA UTC (Time) = Dec 15 2021  06:13:07
* NMEA baud rate = 9600
** Ship: RVIB N.B. Palmer
** Cruise: NBP2113 LTER
** Station: 788.019
** Operator: B. Urmston
# nquan = 25
# nvalues = 1172                        
# units = specified
# name 0 = prDM: Pressure, Digiquartz [db]
# name 1 = depSM: Depth [salt water, m]
# name 2 = t090C: Temperature [ITS-90, deg C]
# name 3 = c0mS/cm: Conductivity [mS/cm]
# name 4 = t190C: Temperature, 2 [ITS-90, deg C]
# name 5 = c1mS/cm: Conductivity, 2 [mS/cm]
# name 6 = sbeox0ML/L: Oxygen, SBE 43 [ml/l]
# name 7 = sbeox1ML/L: Oxygen, SBE 43, 2 [ml/l]
# name 8 = flECO-AFL: Fluorescence, WET Labs ECO-AFL/FL [mg/m^3]
# name 9 = CStarTr0: Beam Transmission, WET Labs C-Star [%]
# name 10 = par: PAR/Irradiance, Biospherical/Licor
# name 11 = latitude: Latitude [deg]
# name 12 = longitude: Longitude [deg]
# name 13 = timeJ: Julian Days
# name 14 = altM: Altimeter [m]
# name 15 = spar: SPAR, Biospherical/Licor
# name 16 = timeS: Time, Elapsed [seconds]
# name 17 = scan: Scan Count
# name 18 = density00: Density [density, kg/m^3]
# name 19 = density11: Density, 2 [density, kg/m^3]
# name 20 = sal00: Salinity, Practical [PSU]
# name 21 = sal11: Salinity, Practical, 2 [PSU]
# name 22 = oxsolML/L: Oxygen Saturation, Garcia & Gordon [ml/l]
# name 23 = nbin: number of scans per bin
# name 24 = flag: flag
# span 0 =      1.000,    588.000       
# span 1 =      0.990,    581.461       
# span 2 =    -0.6608,     0.3781       
# span 3 =  28.235935,  28.639358       
# span 4 =    -0.6609,     0.3724       
# span 5 =  28.234544,  28.633981       
# span 6 =     6.0279,    10.7637       
# span 7 =     6.0917,     7.6649       
# span 8 =    -0.0296,     1.8522       
# span 9 =    81.8410,    90.4641       
# span 10 = 1.0000e-12, 1.2745e+01      
# span 11 =  -63.75190,  -63.75118      
# span 12 =  -61.57550,  -61.57533      
# span 13 = 349.262050, 349.281187      
# span 14 =     -32.06,     101.62      
# span 15 = 1.7554e+00, 7.0578e+00      
# span 16 =    254.081,   1907.535      
# span 17 =       6099,      45782      
# span 18 =  1027.3182,  1030.5459      
# span 19 =  1027.3170,  1030.5445      
# span 20 =    34.0412,    34.5270      
# span 21 =    34.0394,    34.5254      
# span 22 =    7.98483,    8.18018      
# span 23 =          9,         45      
# span 24 = 0.0000e+00, 0.0000e+00      
# interval = decibars: 1                
# start_time = Dec 15 2021 06:13:07 [NMEA time, header]
# bad_flag = -9.990e-29
*END*
[from data line 812]
    360.000    356.193    -0.6296  28.283432    -0.6292  28.282764     6.2022     6.2684    -0.0148    90.3659 1.0000e-12  -63.75144  -61.57542 349.276315      99.97 5.2886e+00   1486.603      35679  1029.4407  1029.4396    34.4892    34.4879    8.17284         35 0.0000e+00
    359.000    355.206    -0.6294  28.283235    -0.6297  28.281891     6.2014     6.2706    -0.0091    90.3576 1.0000e-12  -63.75144  -61.57542 349.276332      99.97 5.2886e+00   1488.064      35715  1029.4360  1029.4349    34.4894    34.4879    8.17279         28 0.0000e+00
    358.000    354.215    -0.6303  28.281752    -0.6308  28.280140     6.2047     6.2712    -0.0218    90.3708 1.0000e-12  -63.75144  -61.57542 349.276344      99.97 5.2886e+00   1489.128      35740  1029.4310  1029.4297    34.4890    34.4873    8.17300         23 0.0000e+00
    357.000    353.227    -0.6331  28.278671    -0.6323  28.278319     6.2098     6.2766    -0.0151    90.3905 1.0000e-12  -63.75144  -61.57542 349.276356      99.97 5.2886e+00   1490.147      35765  1029.4262  1029.4250    34.4886    34.4872    8.17363         25 0.0000e+00
    356.000    352.237    -0.6346  28.276610    -0.6351  28.275039     6.2091     6.2773    -0.0150    90.3809 1.0000e-12  -63.75144  -61.57542 349.276368      99.97 5.2886e+00   1491.164      35789  1029.4212  1029.4200    34.4881    34.4866    8.17398         23 0.0000e+00
    355.000    351.251    -0.6367  28.274257    -0.6369  28.272971     6.2123     6.2789    -0.0150    90.3663 1.0000e-12  -63.75144  -61.57542 349.276379      99.97 5.2886e+00   1492.128      35812  1029.4165  1029.4152    34.4880    34.4865    8.17445         23 0.0000e+00
    354.000    350.260    -0.6373  28.273008    -0.6376  28.271807     6.2154     6.2774    -0.0098    90.3810 1.0000e-12  -63.75144  -61.57542 349.276389      99.97 5.2886e+00   1493.037      35834  1029.4114  1029.4103    34.4876    34.4863    8.17460         21 0.0000e+00
    353.000    349.274    -0.6379  28.271952    -0.6383  28.270363     6.2191     6.2798    -0.0078    90.3809 1.0000e-12  -63.75144  -61.57542 349.276400      99.97 5.2886e+00   1493.933      35855  1029.4066  1029.4052    34.4874    34.4857    8.17473         23 0.0000e+00
    352.000    348.283    -0.6383  28.270911    -0.6387  28.269395     6.2198     6.2773    -0.0150    90.3715 1.0000e-12  -63.75144  -61.57542 349.276412      99.97 5.2886e+00   1495.022      35882  1029.4015  1029.4003    34.4870    34.4855    8.17483         30 0.0000e+00
    351.000    347.295    -0.6373  28.271559    -0.6373  28.270526     6.2074     6.2827    -0.0100    90.3642 1.0000e-12  -63.75144  -61.57542 349.276437      99.97 5.2886e+00   1497.171      35933  1029.3970  1029.3958    34.4874    34.4860    8.17460         38 0.0000e+00
    350.000    346.308    -0.6378  28.270716    -0.6378  28.269548     6.2032     6.2824    -0.0008    90.3382 1.0000e-12  -63.75144  -61.57542 349.276459      99.97 5.2886e+00   1499.069      35979  1029.3922  1029.3910    34.4875    34.4859    8.17471         28 0.0000e+00
    349.000    345.319    -0.6386  28.268947    -0.6384  28.268289     6.2083     6.2886    -0.0078    90.3667 1.0000e-12  -63.75144  -61.57542 349.276470      99.97 5.2886e+00   1499.987      36001  1029.3868  1029.3859    34.4866    34.4855    8.17493         20 0.0000e+00
    348.000    344.329    -0.6397  28.267497    -0.6400  28.266240     6.2138     6.2902    -0.0198    90.3652 1.0000e-12  -63.75144  -61.57542 349.276479      99.97 5.2886e+00   1500.761      36019  1029.3820  1029.3810    34.4865    34.4851    8.17516         18 0.0000e+00
    347.000    343.340    -0.6411  28.265194    -0.6413  28.264145     6.2235     6.2872    -0.0193    90.3665 1.0000e-12  -63.75144  -61.57542 349.276488      99.96 5.2886e+00   1501.526      36038  1029.3768  1029.3757    34.4856    34.4844    8.17553         19 0.0000e+00
    346.000    342.352    -0.6425  28.263271    -0.6417  28.262893     6.2242     6.2882    -0.0152    90.3471 1.0000e-12  -63.75144  -61.57542 349.276498      99.97 5.2886e+00   1502.446      36060  1029.3717  1029.3706    34.4852    34.4839    8.17585         26 0.0000e+00
    345.000    341.364    -0.6407  28.264429    -0.6405  28.263889     6.2145     6.2896    -0.0116    90.3197 1.0000e-12  -63.75144  -61.57542 349.276513      99.97 5.2886e+00   1503.732      36091  1029.3670  1029.3661    34.4854    34.4844    8.17546         34 0.0000e+00
    344.000    340.375    -0.6418  28.263188    -0.6414  28.262468     6.2233     6.2924    -0.0121    90.3285 1.0000e-12  -63.75144  -61.57542 349.276529      99.97 5.2886e+00   1505.092      36123  1029.3623  1029.3612    34.4855    34.4841    8.17568         30 0.0000e+00
    343.000    339.387    -0.6443  28.259505    -0.6437  28.259439     6.2454     6.2993    -0.0150    90.3567 1.0000e-12  -63.75144  -61.57542 349.276542      99.97 5.2886e+00   1506.193      36150  1029.3566  1029.3559    34.4840    34.4832    8.17630         24 0.0000e+00
    342.000    338.398    -0.6489  28.254560    -0.6498  28.252345     6.2566     6.2998    -0.0150    90.3540 1.0000e-12  -63.75144  -61.57542 349.276553      99.97 5.2886e+00   1507.167      36173  1029.3516  1029.3501    34.4832    34.4813    8.17736         23 0.0000e+00
    341.000    337.410    -0.6536  28.248621    -0.6528  28.248163     6.2462     6.2991    -0.0112    90.3613 1.0000e-12  -63.75144  -61.57542 349.276565      99.97 5.2886e+00   1508.205      36198  1029.3455  1029.3441    34.4812    34.4796    8.17849         28 0.0000e+00
    340.000    336.420    -0.6519  28.249687    -0.6477  28.253407     6.2352     6.2962    -0.0083    90.3508 1.0000e-12  -63.75144  -61.57542 349.276581      99.97 5.2886e+00   1509.596      36231  1029.3407  1029.3404    34.4813    34.4814    8.17812         33 0.0000e+00
    339.000    335.432    -0.6497  28.252101    -0.6498  28.250845     6.2387     6.3045    -0.0123    90.3424 1.0000e-12  -63.75144  -61.57542 349.276602      99.97 5.2886e+00   1511.373      36274  1029.3367  1029.3355    34.4826    34.4811    8.17755         39 0.0000e+00
    338.000    334.444    -0.6560  28.244726    -0.6542  28.245349     6.2536     6.3111    -0.0076    90.3305 1.0000e-12  -63.75144  -61.57542 349.276619      99.97 5.2886e+00   1512.855      36310  1029.3308  1029.3296    34.4805    34.4793    8.17905         30 0.0000e+00
    337.000    333.454    -0.6579  28.242162    -0.6570  28.242288     6.2551     6.3173    -0.0191    90.3521 1.0000e-12  -63.75144  -61.57542 349.276631      99.97 5.2886e+00   1513.936      36335  1029.3255  1029.3248    34.4798    34.4789    8.17949         23 0.0000e+00
    336.000    332.466    -0.6599  28.239603    -0.6600  28.238212     6.2538     6.3217    -0.0103    90.3530 1.0000e-12  -63.75144  -61.57543 349.276641      99.97 5.2886e+00   1514.806      36356  1029.3204  1029.3191    34.4792    34.4774    8.17995         19 0.0000e+00
    335.000    331.476    -0.6601  28.238765    -0.6603  28.237538     6.2496     6.3181    -0.0011    90.3465 1.0000e-12  -63.75144  -61.57544 349.276650      99.97 5.2886e+00   1515.572      36375  1029.3154  1029.3143    34.4789    34.4774    8.18001         18 0.0000e+00
    334.000    330.490    -0.6603  28.238105    -0.6606  28.236670     6.2560     6.3119    -0.0077    90.3509 1.0000e-12  -63.75144  -61.57544 349.276659      99.97 5.2886e+00   1516.331      36393  1029.3106  1029.3094    34.4789    34.4773    8.18006         19 0.0000e+00
    333.000    329.498    -0.6608  28.237091    -0.6609  28.235890     6.2611     6.3127    -0.0148    90.3396 1.0000e-12  -63.75144  -61.57544 349.276669      99.97 5.2886e+00   1517.169      36413  1029.3057  1029.3046    34.4786    34.4772    8.18018         22 0.0000e+00
    332.000    328.512    -0.6600  28.237311    -0.6601  28.236197     6.2628     6.3160    -0.0150    90.3394 1.0000e-12  -63.75144  -61.57542 349.276683      99.97 5.2886e+00   1518.405      36443  1029.3009  1029.2997    34.4787    34.4773    8.18001         35 0.0000e+00
    331.000    327.522    -0.6600  28.236938    -0.6603  28.235748     6.2376     6.3170    -0.0160    90.3387 1.0000e-12  -63.75144  -61.57542 349.276716      99.97 5.2886e+00   1521.261      36511  1029.2962  1029.2951    34.4788    34.4775    8.18000         34 0.0000e+00
    330.000    326.535    -0.6599  28.236602    -0.6602  28.235271     6.2399     6.3134    -0.0088    90.3382 1.0000e-12  -63.75144  -61.57542 349.276734      99.97 5.2886e+00   1522.788      36548  1029.2914  1029.2903    34.4789    34.4774    8.17999         22 0.0000e+00
    329.000    325.546    -0.6600  28.235935    -0.6603  28.234544     6.2340     6.3097    -0.0077    90.3394 1.0000e-12  -63.75144  -61.57542 349.276743      99.96 5.2886e+00   1523.576      36567  1029.2865  1029.2852    34.4787    34.4771    8.18001         18 0.0000e+00
    328.000    324.556    -0.6561  28.238168    -0.6578  28.235675     6.2300     6.3086    -0.0077    90.3394 1.0000e-12  -63.75142  -61.57542 349.276751      99.97 5.2886e+00   1524.257      36583  1029.2808  1029.2798    34.4778    34.4765    8.17921         16 0.0000e+00
    327.000    323.566    -0.6510  28.241998    -0.6521  28.240086     6.2351     6.3075    -0.0006    90.3305 1.0000e-12  -63.75142  -61.57542 349.276759      99.97 5.2886e+00   1524.943      36600  1029.2756  1029.2746    34.4778    34.4764    8.17812         17 0.0000e+00
    326.000    322.579    -0.6450  28.246091    -0.6466  28.243933     6.2358     6.3069    -0.0082    90.3260 1.0000e-12  -63.75142  -61.57542 349.276768      99.97 5.2886e+00   1525.733      36619  1029.2698  1029.2691    34.4772    34.4761    8.17686         21 0.0000e+00
    325.000    321.590    -0.6419  28.248104    -0.6500  28.241248     6.2390     6.3066    -0.0148    90.3333 1.0000e-12  -63.75143  -61.57542 349.276780      99.97 5.2886e+00   1526.794      36644  1029.2647  1029.2653    34.4769    34.4769    8.17620         31 0.0000e+00
    324.000    320.603    -0.6497  28.242107    -0.6505  28.239928     6.2360     6.3064    -0.0150    90.3192 1.0000e-12  -63.75144  -61.57542 349.276797      99.97 5.2886e+00   1528.270      36679  1029.2617  1029.2601    34.4783    34.4762    8.17780         35 0.0000e+00
    323.000    319.613    -0.6479  28.242678    -0.6452  28.243165     6.2319     6.2999    -0.0138    90.3195 1.0000e-12  -63.75143  -61.57542 349.276814      99.97 5.2886e+00   1529.690      36714  1029.2563  1029.2541    34.4776    34.4752    8.17745         31 0.0000e+00
    322.000    318.624    -0.6425  28.246668    -0.6348  28.250996     6.2327     6.3083    -0.0050    90.3309 1.0000e-12  -63.75142  -61.57542 349.276829      99.97 5.2886e+00   1531.002      36745  1029.2510  1029.2481    34.4775    34.4746    8.17629         34 0.0000e+00
    321.000    317.635    -0.6361  28.251068    -0.6437  28.245038     6.2160     6.2940    -0.0005    90.3385 1.0000e-12  -63.75142  -61.57542 349.276846      99.97 5.2886e+00   1532.495      36781  1029.2453  1029.2463    34.4768    34.4773    8.17496         33 0.0000e+00
    320.000    316.648    -0.6180  28.262589    -0.6304  28.252107     6.2054     6.2879    -0.0069    90.2980 1.0000e-12  -63.75142  -61.57542 349.276863      99.97 5.2886e+00   1533.932      36815  1029.2356  1029.2365    34.4724    34.4723    8.17131         30 0.0000e+00
    319.000    315.658    -0.6170  28.263403    -0.6196  28.260308     6.1888     6.2785    -0.0006    90.3257 1.0000e-12  -63.75142  -61.57542 349.276875      99.97 5.2886e+00   1534.980      36841  1029.2313  1029.2304    34.4729    34.4716    8.17106         20 0.0000e+00
    318.000    314.669    -0.6118  28.266493    -0.6142  28.263628     6.1925     6.2792    -0.0065    90.3379 1.0000e-12  -63.75142  -61.57542 349.276884      99.97 5.2886e+00   1535.810      36860  1029.2253  1029.2245    34.4718    34.4707    8.17000         18 0.0000e+00
    317.000    313.681    -0.6101  28.267372    -0.6107  28.265785     6.1998     6.2811    -0.0106    90.3279 1.0000e-12  -63.75142  -61.57542 349.276893      99.97 5.2886e+00   1536.567      36879  1029.2204  1029.2192    34.4716    34.4702    8.16965         18 0.0000e+00
    316.000    312.691    -0.6096  28.267377    -0.6100  28.265869     6.2070     6.2767    -0.0153    90.3138 1.0000e-12  -63.75142  -61.57544 349.276902      99.97 5.2886e+00   1537.368      36898  1029.2156  1029.2143    34.4717    34.4701    8.16953         21 0.0000e+00
    315.000    311.702    -0.6094  28.267183    -0.6111  28.264719     6.2033     6.2764    -0.0163    90.3087 1.0000e-12  -63.75142  -61.57543 349.276915      99.97 5.2886e+00   1538.453      36924  1029.2111  1029.2101    34.4718    34.4704    8.16949         34 0.0000e+00
    314.000    310.713    -0.6110  28.265401    -0.6109  28.264281     6.2100     6.2802    -0.0103    90.3018 1.0000e-12  -63.75142  -61.57543 349.276936      99.97 5.2886e+00   1540.288      36968  1029.2066  1029.2052    34.4718    34.4702    8.16982         39 0.0000e+00
    313.000    309.725    -0.6102  28.265340    -0.6111  28.263630     6.1899     6.2762    -0.0143    90.3141 1.0000e-12  -63.75142  -61.57543 349.276953      99.97 5.2886e+00   1541.757      37003  1029.2016  1029.2006    34.4715    34.4701    8.16968         27 0.0000e+00
    312.000    308.736    -0.6068  28.267448    -0.6067  28.266509     6.1791     6.2678    -0.0077    90.2968 1.0000e-12  -63.75142  -61.57542 349.276965      99.97 5.2886e+00   1542.752      37027  1029.1962  1029.1951    34.4710    34.4696    8.16896         23 0.0000e+00
    311.000    307.748    -0.5933  28.277259    -0.5984  28.272190     6.1909     6.2613    -0.0149    90.2962 1.0000e-12  -63.75142  -61.57542 349.276976      99.97 5.2886e+00   1543.736      37051  1029.1892  1029.1888    34.4695    34.4685    8.16614         25 0.0000e+00
    310.000    306.758    -0.5928  28.278182    -0.5922  28.277282     6.1931     6.2657    -0.0082    90.3062 1.0000e-12  -63.75142  -61.57542 349.276991      99.97 5.2886e+00   1544.992      37081  1029.1856  1029.1840    34.4708    34.4689    8.16596         35 0.0000e+00
    309.000    305.770    -0.5992  28.271966    -0.5981  28.271934     6.1823     6.2687    -0.0077    90.2973 1.0000e-12  -63.75142  -61.57543 349.277010      99.97 5.2886e+00   1546.696      37122  1029.1810  1029.1799    34.4703    34.4690    8.16736         38 0.0000e+00
    308.000    304.781    -0.5887  28.279961    -0.5885  28.278868     6.1665     6.2555    -0.0009    90.3077 1.0000e-12  -63.75142  -61.57544 349.277026      99.97 5.2886e+00   1548.021      37154  1029.1751  1029.1737    34.4697    34.4681    8.16513         25 0.0000e+00
    307.000    303.791    -0.5845  28.282623    -0.5855  28.280806     6.1646     6.2511     0.0065    90.2879 1.0000e-12  -63.75142  -61.57544 349.277036      99.97 5.2886e+00   1548.896      37175  1029.1696  1029.1686    34.4691    34.4679    8.16426         18 0.0000e+00
    306.000    302.806    -0.5785  28.287338    -0.5794  28.285430     6.1659     6.2477     0.0023    90.2993 1.0000e-12  -63.75142  -61.57544 349.277044      99.97 5.2886e+00   1549.611      37192  1029.1645  1029.1633    34.4693    34.4678    8.16296         16 0.0000e+00
    305.000    301.813    -0.5748  28.289900    -0.5765  28.287390     6.1679     6.2432    -0.0221    90.2909 1.0000e-12  -63.75142  -61.57544 349.277052      99.97 5.2886e+00   1550.303      37208  1029.1594  1029.1584    34.4691    34.4677    8.16217         18 0.0000e+00
    304.000    300.825    -0.5720  28.291958    -0.5741  28.289250     6.1783     6.2435    -0.0059    90.2529 1.0000e-12  -63.75142  -61.57544 349.277062      99.97 5.2886e+00   1551.123      37228  1029.1547  1029.1538    34.4693    34.4681    8.16155         22 0.0000e+00
