NBP2113_155081_ctd/data/nbp2113_004.cnv
* Sea-Bird SBE 9 Data File:
* FileName = D:\Data\raw\NBP2113_004.hex
* Software Version Seasave V 7.26.7.121
* Temperature SN = 2438
* Conductivity SN = 2067
* Number of Bytes Per Scan = 40
* Number of Voltage Words = 5
* Number of Scans Averaged by the Deck Unit = 1
* NMEA Latitude = 63 46.12 S
* NMEA Longitude = 062 51.59 W
* NMEA UTC (Time) = Nov 23 2021  06:30:17
* NMEA baud rate = 9600
** Ship: RVIB N.B. Palmer
** Cruise: NBP2113 LTER
** Station: 747.068
** Operator: B. Urmston
# nquan = 25
# nvalues = 735                         
# units = specified
# name 0 = prDM: Pressure, Digiquartz [db]
# name 1 = depSM: Depth [salt water, m]
# name 2 = t090C: Temperature [ITS-90, deg C]
# name 3 = c0mS/cm: Conductivity [mS/cm]
# name 4 = t190C: Temperature, 2 [ITS-90, deg C]
# name 5 = c1mS/cm: Conductivity, 2 [mS/cm]
# name 6 = sbeox0ML/L: Oxygen, SBE 43 [ml/l]
# name 7 = sbeox1ML/L: Oxygen, SBE 43, 2 [ml/l]
# name 8 = flECO-AFL: Fluorescence, WET Labs ECO-AFL/FL [mg/m^3]
# name 9 = CStarTr0: Beam Transmission, WET Labs C-Star [%]
# name 10 = par: PAR/Irradiance, Biospherical/Licor
# name 11 = latitude: Latitude [deg]
# name 12 = longitude: Longitude [deg]
# name 13 = timeJ: Julian Days
# name 14 = altM: Altimeter [m]
# name 15 = spar: SPAR, Biospherical/Licor
# name 16 = timeS: Time, Elapsed [seconds]
# name 17 = scan: Scan Count
# name 18 = density00: Density [density, kg/m^3]
# name 19 = density11: Density, 2 [density, kg/m^3]
# name 20 = sal00: Salinity, Practical [PSU]
# name 21 = sal11: Salinity, Practical, 2 [PSU]
# name 22 = oxsolML/L: Oxygen Saturation, Garcia & Gordon [ml/l]
# name 23 = nbin: number of scans per bin
# name 24 = flag: flag
# span 0 =      1.000,    370.000       
# span 1 =      0.991,    366.079       
# span 2 =    -0.7666,     1.5853       
# span 3 =  27.711966,  30.328580       
# span 4 =    -0.7657,     1.5853       
# span 5 =  27.710750,  30.327320       
# span 6 =     4.1580,    10.2392       
# span 7 =     4.1428,    10.0637       
# span 8 =    -0.0226,     1.6032       
# span 9 =    91.2574,    99.5002       
# span 10 = 1.0000e-12, 4.7478e+01      
# span 11 =  -63.76816,  -63.76768      
# span 12 =  -62.86104,  -62.86021      
# span 13 = 327.274866, 327.296999      
# span 14 =       5.50,     100.73      
# span 15 = 8.8144e+00, 3.4837e+01      
# span 16 =    331.414,   2243.714      
# span 17 =       7955,      53850      
# span 18 =  1027.2892,  1029.4992      
# span 19 =  1027.2860,  1029.4979      
# span 20 =    33.9501,    34.6944      
# span 21 =    33.9463,    34.6929      
# span 22 =    7.70742,    8.22704      
# span 23 =         13,         50      
# span 24 = 0.0000e+00, 0.0000e+00      
# interval = decibars: 1                
# start_time = Nov 23 2021 06:30:17 [NMEA time, header]
# bad_flag = -9.990e-29
*END*
[from data line 290]
    295.000    291.926     1.5852  30.299188     1.5850  30.297970     4.1792     4.1543    -0.0098    99.4797 1.0000e-12  -63.76794  -62.86064 327.282471      82.70 2.4680e+01    988.463      23724  1029.1381  1029.1370    34.6837    34.6824    7.70743         28 0.0000e+00
    296.000    292.914     1.5852  30.299832     1.5851  30.298642     4.1826     4.1542    -0.0129    99.4304 1.0000e-12  -63.76794  -62.86062 327.282482      81.58 2.4680e+01    989.456      23748  1029.1431  1029.1419    34.6840    34.6826    7.70742         21 0.0000e+00
    297.000    293.903     1.5851  30.300313     1.5849  30.299077     4.1805     4.1579     0.0004    99.4556 1.0000e-12  -63.76794  -62.86062 327.282493      80.73 2.4680e+01    990.363      23770  1029.1479  1029.1468    34.6840    34.6827    7.70742         23 0.0000e+00
    298.000    294.893     1.5850  30.300792     1.5849  30.299580     4.1830     4.1570    -0.0145    99.4594 1.0000e-12  -63.76796  -62.86060 327.282503      79.63 2.4680e+01    991.301      23792  1029.1527  1029.1516    34.6842    34.6827    7.70743         22 0.0000e+00
    299.000    295.880     1.5851  30.301293     1.5850  30.300073     4.1853     4.1556    -0.0150    99.4559 1.0000e-12  -63.76796  -62.86062 327.282515      78.74 2.4680e+01    992.274      23816  1029.1574  1029.1563    34.6842    34.6828    7.70742         24 0.0000e+00
    300.000    296.870     1.5847  30.301486     1.5848  30.300394     4.1828     4.1562    -0.0094    99.4548 1.0000e-12  -63.76796  -62.86062 327.282527      77.70 2.4680e+01    993.334      23841  1029.1623  1029.1611    34.6843    34.6828    7.70749         28 0.0000e+00
    301.000    297.860     1.5832  30.300702     1.5837  30.299926     4.1920     4.1546    -0.0082    99.4407 1.0000e-12  -63.76796  -62.86062 327.282542      76.57 2.4680e+01    994.617      23872  1029.1673  1029.1660    34.6844    34.6828    7.70778         35 0.0000e+00
    302.000    298.847     1.5796  30.298083     1.5800  30.297323     4.1808     4.1546    -0.0185    99.4346 1.0000e-12  -63.76795  -62.86064 327.282562      75.40 2.4680e+01    996.352      23913  1029.1724  1029.1712    34.6844    34.6830    7.70848         43 0.0000e+00
    303.000    299.836     1.5786  30.297774     1.5785  30.296670     4.1804     4.1553    -0.0080    99.4290 1.0000e-12  -63.76794  -62.86064 327.282584      74.35 2.4680e+01    998.271      23960  1029.1772  1029.1763    34.6845    34.6833    7.70866         39 0.0000e+00
    304.000    300.825     1.5797  30.300582     1.5793  30.299141     4.1797     4.1562    -0.0071    99.4241 1.0000e-12  -63.76794  -62.86063 327.282600      73.45 2.4680e+01    999.630      23992  1029.1833  1029.1822    34.6863    34.6849    7.70836         26 0.0000e+00
    305.000    301.816     1.5812  30.303108     1.5809  30.301741     4.1864     4.1576    -0.0054    99.4037 1.0000e-12  -63.76794  -62.86064 327.282610      72.36 2.4680e+01   1000.525      24014  1029.1886  1029.1876    34.6873    34.6860    7.70801         19 0.0000e+00
    306.000    302.802     1.5816  30.304591     1.5814  30.303475     4.2024     4.1598     0.0001    99.4033 1.0000e-12  -63.76794  -62.86062 327.282620      71.50 2.4680e+01   1001.322      24033  1029.1939  1029.1930    34.6881    34.6870    7.70788         18 0.0000e+00
    307.000    303.793     1.5807  30.305434     1.5806  30.304334     4.1903     4.1616    -0.0115    99.3837 1.0000e-12  -63.76794  -62.86062 327.282629      70.48 2.4680e+01   1002.134      24052  1029.1999  1029.1989    34.6896    34.6884    7.70798         22 0.0000e+00
    308.000    304.781     1.5800  30.305984     1.5800  30.304874     4.1902     4.1630    -0.0088    99.3520 1.0000e-12  -63.76794  -62.86062 327.282642      69.18 2.4680e+01   1003.229      24079  1029.2054  1029.2042    34.6905    34.6891    7.70807         34 0.0000e+00
    309.000    305.770     1.5817  30.308667     1.5819  30.307560     4.1854     4.1593     0.0039    99.2914 1.0000e-12  -63.76794  -62.86063 327.282664      68.05 2.6339e+01   1005.175      24125  1029.2106  1029.2094    34.6915    34.6899    7.70769         38 0.0000e+00
    310.000    306.759     1.5822  30.310115     1.5820  30.308939     4.1939     4.1637    -0.0138    99.2430 1.0000e-12  -63.76794  -62.86064 327.282685      67.22 2.4754e+01   1006.957      24168  1029.2159  1029.2149    34.6922    34.6910    7.70756         33 0.0000e+00
    311.000    307.747     1.5796  30.309265     1.5789  30.307544     4.1924     4.1667    -0.0077    99.1901 1.0000e-12  -63.76794  -62.86064 327.282699      66.11 2.4680e+01   1008.212      24198  1029.2218  1029.2208    34.6934    34.6920    7.70799         29 0.0000e+00
    312.000    308.735     1.5754  30.305826     1.5757  30.304998     4.1997     4.1727    -0.0101    99.1405 1.0000e-12  -63.76794  -62.86062 327.282713      65.30 2.4680e+01   1009.363      24226  1029.2267  1029.2256    34.6931    34.6917    7.70884         25 0.0000e+00
    313.000    309.725     1.5762  30.307088     1.5754  30.305267     4.1994     4.1688    -0.0150    99.0969 1.0000e-12  -63.76794  -62.86062 327.282723      64.33 2.4680e+01   1010.308      24248  1029.2314  1029.2303    34.6932    34.6918    7.70866         22 0.0000e+00
    314.000    310.712     1.5739  30.305215     1.5729  30.303346     4.1938     4.1666    -0.0150    99.0821 1.0000e-12  -63.76794  -62.86062 327.282734      63.31 2.4680e+01   1011.206      24270  1029.2360  1029.2350    34.6929    34.6915    7.70915         21 0.0000e+00
    315.000    311.703     1.5726  30.304735     1.5725  30.303516     4.1873     4.1716    -0.0081    99.0467 1.0000e-12  -63.76794  -62.86062 327.282745      62.20 2.4680e+01   1012.129      24292  1029.2410  1029.2398    34.6931    34.6916    7.70938         24 0.0000e+00
    316.000    312.692     1.5730  30.305637     1.5732  30.304644     4.1847     4.1703    -0.0077    98.9808 1.0000e-12  -63.76794  -62.86062 327.282758      61.05 2.4786e+01   1013.272      24320  1029.2458  1029.2445    34.6933    34.6917    7.70930         32 0.0000e+00
    317.000    313.679     1.5733  30.306658     1.5734  30.305497     4.1931     4.1704    -0.0077    98.9300 1.0000e-12  -63.76794  -62.86063 327.282776      59.96 2.6439e+01   1014.846      24357  1029.2506  1029.2494    34.6936    34.6920    7.70921         39 0.0000e+00
    318.000    314.669     1.5733  30.307065     1.5729  30.305629     4.1891     4.1699    -0.0035    98.8827 1.0000e-12  -63.76794  -62.86064 327.282794      58.93 2.6443e+01   1016.434      24395  1029.2553  1029.2542    34.6935    34.6922    7.70922         36 0.0000e+00
    319.000    315.657     1.5739  30.308002     1.5736  30.306595     4.1917     4.1684    -0.0073    98.8519 1.0000e-12  -63.76794  -62.86064 327.282813      57.88 2.6443e+01   1018.007      24433  1029.2599  1029.2587    34.6935    34.6920    7.70911         41 0.0000e+00
    320.000    316.646     1.5758  30.310363     1.5758  30.309221     4.1892     4.1655    -0.0068    98.8332 1.0000e-12  -63.76794  -62.86064 327.282833      56.87 2.6443e+01   1019.766      24475  1029.2646  1029.2634    34.6939    34.6924    7.70872         40 0.0000e+00
    321.000    317.634     1.5760  30.311107     1.5759  30.309918     4.1968     4.1643    -0.0012    98.7986 1.0000e-12  -63.76794  -62.86062 327.282850      55.91 2.6443e+01   1021.244      24511  1029.2694  1029.2683    34.6940    34.6925    7.70868         30 0.0000e+00
    322.000    318.624     1.5763  30.311900     1.5763  30.310745     4.1914     4.1677    -0.0074    98.8331 1.0000e-12  -63.76794  -62.86062 327.282861      55.06 2.6443e+01   1022.219      24534  1029.2741  1029.2730    34.6941    34.6926    7.70861         19 0.0000e+00
    323.000    319.611     1.5758  30.311908     1.5760  30.310789     4.1867     4.1684     0.0009    98.8153 1.0000e-12  -63.76794  -62.86062 327.282870      54.17 2.6443e+01   1022.983      24553  1029.2788  1029.2776    34.6940    34.6925    7.70870         18 0.0000e+00
    324.000    320.601     1.5758  30.312330     1.5759  30.311370     4.1862     4.1682    -0.0034    98.7710 1.0000e-12  -63.76794  -62.86062 327.282879      53.20 2.6443e+01   1023.740      24571  1029.2835  1029.2824    34.6940    34.6926    7.70870         19 0.0000e+00
    325.000    321.590     1.5756  30.312599     1.5756  30.311482     4.1931     4.1690    -0.0053    98.7531 1.0000e-12  -63.76794  -62.86062 327.282889      52.01 2.6443e+01   1024.577      24591  1029.2882  1029.2871    34.6940    34.6926    7.70874         22 0.0000e+00
    326.000    322.579     1.5756  30.312970     1.5755  30.311770     4.1914     4.1688    -0.0065    98.7201 1.0000e-12  -63.76794  -62.86063 327.282902      50.88 2.6443e+01   1025.775      24620  1029.2928  1029.2917    34.6939    34.6925    7.70875         37 0.0000e+00
    327.000    323.567     1.5760  30.313739     1.5758  30.312384     4.1942     4.1662    -0.0152    98.7230 1.0000e-12  -63.76794  -62.86064 327.282922      49.76 2.6443e+01   1027.481      24661  1029.2975  1029.2963    34.6939    34.6924    7.70868         40 0.0000e+00
    328.000    324.556     1.5761  30.314278     1.5761  30.313131     4.1891     4.1672    -0.0112    98.7369 1.0000e-12  -63.76794  -62.86064 327.282941      48.77 2.6443e+01   1029.119      24700  1029.3021  1029.3010    34.6939    34.6924    7.70866         43 0.0000e+00
    329.000    325.545     1.5759  30.314526     1.5758  30.313313     4.1870     4.1621    -0.0110    98.7337 1.0000e-12  -63.76794  -62.86064 327.282966      47.68 2.6443e+01   1031.232      24751  1029.3068  1029.3057    34.6938    34.6924    7.70870         40 0.0000e+00
    330.000    326.534     1.5756  30.314741     1.5757  30.313762     4.1790     4.1545    -0.0072    98.7338 1.0000e-12  -63.76794  -62.86063 327.282985      46.73 2.6443e+01   1032.890      24790  1029.3116  1029.3105    34.6939    34.6925    7.70876         27 0.0000e+00
    331.000    327.522     1.5751  30.314757     1.5749  30.313459     4.1831     4.1590    -0.0011    98.7498 1.0000e-12  -63.76794  -62.86062 327.282995      46.01 2.6542e+01   1033.740      24811  1029.3163  1029.3152    34.6939    34.6925    7.70885         18 0.0000e+00
    332.000    328.510     1.5755  30.315637     1.5753  30.314375     4.1873     4.1548     0.0001    98.7408 1.0000e-12  -63.76794  -62.86062 327.283002      45.11 2.7842e+01   1034.411      24827  1029.3210  1029.3200    34.6939    34.6926    7.70877         15 0.0000e+00
    333.000    329.499     1.5766  30.317123     1.5765  30.315960     4.1888     4.1552    -0.0066    98.7083 1.0000e-12  -63.76794  -62.86060 327.283009      44.07 2.8204e+01   1035.017      24841  1029.3256  1029.3246    34.6940    34.6926    7.70855         14 0.0000e+00
    334.000    330.488     1.5766  30.317645     1.5767  30.316534     4.1910     4.1567    -0.0067    98.7013 1.0000e-12  -63.76794  -62.86061 327.283016      43.07 2.8206e+01   1035.618      24856  1029.3304  1029.3292    34.6942    34.6927    7.70855         15 0.0000e+00
    335.000    331.477     1.5766  30.318179     1.5766  30.316928     4.1838     4.1579    -0.0069    98.7203 1.0000e-12  -63.76794  -62.86062 327.283024      42.02 2.8206e+01   1036.290      24872  1029.3352  1029.3340    34.6942    34.6927    7.70853         18 0.0000e+00
    336.000    332.466     1.5767  30.318535     1.5769  30.317493     4.1828     4.1602    -0.0070    98.7206 1.0000e-12  -63.76794  -62.86062 327.283037      40.65 2.7702e+01   1037.430      24899  1029.3397  1029.3385    34.6941    34.6924    7.70854         33 0.0000e+00
    337.000    333.454     1.5758  30.318103     1.5761  30.317197     4.1911     4.1690    -0.0106    98.7106 1.0000e-12  -63.76794  -62.86064 327.283087      39.55 2.6460e+01   1041.731      25003  1029.3443  1029.3432    34.6938    34.6924    7.70871         33 0.0000e+00
    338.000    334.442     1.5729  30.315808     1.5722  30.314052     4.1865     4.1676     0.0010    98.7080 1.0000e-12  -63.76794  -62.86062 327.283102      38.74 2.6443e+01   1043.051      25034  1029.3491  1029.3481    34.6936    34.6922    7.70930         23 0.0000e+00
    339.000    335.431     1.5719  30.315348     1.5717  30.314138     4.1879     4.1614     0.0012    98.7081 1.0000e-12  -63.76794  -62.86062 327.283112      37.88 2.8233e+01   1043.867      25054  1029.3539  1029.3528    34.6936    34.6922    7.70950         18 0.0000e+00
    340.000    336.420     1.5716  30.315663     1.5716  30.314535     4.1872     4.1600    -0.0028    98.7081 1.0000e-12  -63.76794  -62.86062 327.283120      36.99 2.8206e+01   1044.532      25070  1029.3588  1029.3576    34.6937    34.6923    7.70955         15 0.0000e+00
    341.000    337.408     1.5725  30.316865     1.5721  30.315500     4.1848     4.1661    -0.0077    98.7081 1.0000e-12  -63.76794  -62.86060 327.283127      36.07 2.8206e+01   1045.145      25084  1029.3633  1029.3623    34.6937    34.6924    7.70938         14 0.0000e+00
    342.000    338.398     1.5741  30.318853     1.5739  30.317610     4.1872     4.1696    -0.0072    98.7081 1.0000e-12  -63.76794  -62.86060 327.283134      35.15 2.8206e+01   1045.779      25100  1029.3679  1029.3669    34.6938    34.6925    7.70905         16 0.0000e+00
    343.000    339.386     1.5748  30.319850     1.5744  30.318499     4.1889     4.1659    -0.0048    98.6877 1.0000e-12  -63.76794  -62.86060 327.283143      33.83 2.8206e+01   1046.536      25118  1029.3725  1029.3715    34.6938    34.6924    7.70892         22 0.0000e+00
    344.000    340.375     1.5750  30.320568     1.5749  30.319173     4.1910     4.1627    -0.0033    98.7006 1.0000e-12  -63.76794  -62.86060 327.283157      32.62 2.7105e+01   1047.743      25147  1029.3772  1029.3760    34.6938    34.6923    7.70887         36 0.0000e+00
    345.000    341.363     1.5751  30.321165     1.5749  30.319717     4.1860     4.1594    -0.0090    98.7071 1.0000e-12  -63.76794  -62.86061 327.283178      31.48 2.6429e+01   1049.575      25191  1029.3820  1029.3807    34.6939    34.6923    7.70885         45 0.0000e+00
    346.000    342.352     1.5750  30.321481     1.5746  30.319860     4.1880     4.1630    -0.0085    98.7067 1.0000e-12  -63.76794  -62.86062 327.283218      30.40 2.6988e+01   1053.030      25274  1029.3866  1029.3854    34.6938    34.6922    7.70887         37 0.0000e+00
    347.000    343.340     1.5731  30.319966     1.5699  30.316132     4.1895     4.1641    -0.0002    98.7110 1.0000e-12  -63.76794  -62.86060 327.283243      29.59 2.8529e+01   1055.190      25326  1029.3912  1029.3905    34.6934    34.6921    7.70926         29 0.0000e+00
    348.000    344.330     1.5701  30.317851     1.5695  30.316230     4.1835     4.1608    -0.0076    98.7093 1.0000e-12  -63.76794  -62.86060 327.283254      28.79 3.0020e+01   1056.160      25349  1029.3962  1029.3952    34.6935    34.6921    7.70985         21 0.0000e+00
    349.000    345.317     1.5710  30.319175     1.5706  30.317688     4.1880     4.1592    -0.0073    98.6855 1.0000e-12  -63.76794  -62.86059 327.283263      27.90 2.9969e+01   1056.912      25367  1029.4009  1029.3998    34.6936    34.6922    7.70966         17 0.0000e+00
    350.000    346.308     1.5711  30.319697     1.5705  30.318125     4.1928     4.1599    -0.0077    98.6840 1.0000e-12  -63.76794  -62.86058 327.283271      26.87 2.9969e+01   1057.585      25383  1029.4055  1029.4045    34.6936    34.6923    7.70965         15 0.0000e+00
    351.000    347.294     1.5720  30.320811     1.5716  30.319450     4.1855     4.1623    -0.0064    98.6699 1.0000e-12  -63.76794  -62.86058 327.283278      25.95 2.9326e+01   1058.265      25399  1029.4100  1029.4090    34.6935    34.6921    7.70948         17 0.0000e+00
