NBP2113_155081_ctd/data/nbp2113_035.ros
* Sea-Bird SBE 9 Data File:
* FileName = D:\Data\raw\NBP2113_035.hex
* Software Version Seasave V 7.26.7.121
* Temperature SN = 2438
* Conductivity SN = 2067
* Number of Bytes Per Scan = 40
* Number of Voltage Words = 5
* Number of Scans Averaged by the Deck Unit = 1
* NMEA Latitude = 64 56.00 S
* NMEA Longitude = 064 23.93 W
* NMEA UTC (Time) = Dec 09 2021  05:14:22
* NMEA baud rate = 9600
** Ship: RVIB N.B. Palmer
** Cruise: NBP2113 LTER
** Station: 600.040
** Operator: B. Urmston
# nquan = 20
# nvalues = 277                                   
# units = specified
# name 0 = prDM: Pressure, Digiquartz [db]
# name 1 = depSM: Depth [salt water, m]
# name 2 = t090C: Temperature [ITS-90, deg C]
# name 3 = c0mS/cm: Conductivity [mS/cm]
# name 4 = t190C: Temperature, 2 [ITS-90, deg C]
# name 5 = c1mS/cm: Conductivity, 2 [mS/cm]
# name 6 = sbeox0ML/L: Oxygen, SBE 43 [ml/l]
# name 7 = sbeox1ML/L: Oxygen, SBE 43, 2 [ml/l]
# name 8 = flECO-AFL: Fluorescence, WET Labs ECO-AFL/FL [mg/m^3]
# name 9 = CStarTr0: Beam Transmission, WET Labs C-Star [%]
# name 10 = par: PAR/Irradiance, Biospherical/Licor
# name 11 = latitude: Latitude [deg]
# name 12 = longitude: Longitude [deg]
# name 13 = timeJ: Julian Days
# name 14 = altM: Altimeter [m]
# name 15 = spar: SPAR, Biospherical/Licor
# name 16 = timeS: Time, Elapsed [seconds]
# name 17 = scan: Scan Count
# name 18 = nbf: Bottles Fired
# name 19 = flag:  0.000e+00
# interval = seconds: 0.0416667
# start_time = Dec 09 2021 05:14:22 [NMEA time, header]
# bad_flag = -9.990e-29
*END*
[from data line 218]
      4.410      4.367    -0.9535  27.181818    -0.9546  27.180099     7.9806     7.9946     1.5088    88.5369 1.0453e+00  -64.93358  -64.40194 343.229257       2.34 0.0000e+00    945.833      22701          5  0.000e+00
      4.362      4.319    -0.9534  27.182046    -0.9546  27.179765     7.9938     7.9994     1.5088    88.5369 1.0405e+00  -64.93358  -64.40194 343.229258       2.34 0.0000e+00    945.875      22702          5  0.000e+00
      4.348      4.306    -0.9536  27.181818    -0.9549  27.179821     7.9918     7.9995     1.5088    88.5369 1.0453e+00  -64.93358  -64.40194 343.229258       2.34 0.0000e+00    945.917      22703          5  0.000e+00
      4.362      4.319    -0.9537  27.182331    -0.9549  27.180099     8.0001     7.9995     1.5088    88.5369 1.0550e+00  -64.93358  -64.40194 343.229259       2.34 0.0000e+00    945.958      22704          5  0.000e+00
      4.307      4.265    -0.9538  27.181533    -0.9549  27.179820     8.0035     7.9994     1.5014    88.5369 1.0598e+00  -64.93358  -64.40194 343.229259       2.69 0.0000e+00    946.000      22705          5  0.000e+00
      4.348      4.306    -0.9538  27.181818    -0.9549  27.179765     8.0022     7.9993     1.5088    88.5369 1.0696e+00  -64.93358  -64.40194 343.229260       4.03 0.0000e+00    946.042      22706          5  0.000e+00
      4.259      4.217    -0.9540  27.181533    -0.9551  27.180099     7.9978     7.9989     1.5088    88.5369 1.0745e+00  -64.93358  -64.40194 343.229260       4.54 0.0000e+00    946.083      22707          5  0.000e+00
      4.259      4.217    -0.9540  27.181533    -0.9549  27.179542     7.9949     7.9987     1.5088    88.5369 1.0745e+00  -64.93358  -64.40194 343.229261       4.54 0.0000e+00    946.125      22708          5  0.000e+00
      4.259      4.217    -0.9540  27.181818    -0.9549  27.179765     7.9858     7.9992     1.5014    88.5369 1.0745e+00  -64.93358  -64.40194 343.229261       4.49 0.0000e+00    946.167      22709          5  0.000e+00
      4.246      4.204    -0.9540  27.181305    -0.9546  27.179820     7.9869     7.9987     1.5088    88.5369 1.0794e+00  -64.93358  -64.40194 343.229262       4.49 0.0000e+00    946.208      22710          5  0.000e+00
      4.205      4.163    -0.9540  27.181532    -0.9548  27.179542     7.9950     7.9982     1.5088    88.5112 1.0794e+00  -64.93358  -64.40194 343.229262       4.49 0.0000e+00    946.250      22711          6  0.000e+00
      4.205      4.163    -0.9543  27.181533    -0.9548  27.180043     7.9922     7.9977     1.5088    88.5112 1.0843e+00  -64.93358  -64.40194 343.229263       4.49 0.0000e+00    946.292      22712          6  0.000e+00
      4.198      4.157    -0.9543  27.181304    -0.9548  27.180099     7.9772     7.9970     1.5527    88.5369 1.0892e+00  -64.93358  -64.40194 343.229263       4.49 0.0000e+00    946.333      22713          6  0.000e+00
      4.157      4.116    -0.9544  27.181532    -0.9546  27.179820     7.9500     8.0027     1.5893    88.5369 1.0843e+00  -64.93358  -64.40194 343.229264       4.49 0.0000e+00    946.375      22714          6  0.000e+00
      4.157      4.116    -0.9539  27.181532    -0.9548  27.180043     7.9290     8.0029     1.6040    88.5369 1.0843e+00  -64.93358  -64.40194 343.229264       4.49 0.0000e+00    946.417      22715          6  0.000e+00
      4.109      4.068    -0.9540  27.181532    -0.9549  27.180098     7.9173     7.9982     1.5967    88.5112 1.0794e+00  -64.93358  -64.40194 343.229265       4.49 0.0000e+00    946.458      22716          6  0.000e+00
      4.150      4.109    -0.9540  27.181532    -0.9551  27.179820     7.9117     7.9983     1.5967    88.5112 1.0794e+00  -64.93358  -64.40194 343.229265       4.37 0.0000e+00    946.500      22717          6  0.000e+00
      4.054      4.014    -0.9539  27.181532    -0.9546  27.179764     7.9013     7.9981     1.5967    88.5112 1.0794e+00  -64.93358  -64.40194 343.229266       4.03 0.0000e+00    946.542      22718          6  0.000e+00
      4.109      4.068    -0.9540  27.181304    -0.9549  27.179820     7.9077     8.0037     1.5967    88.5112 1.0794e+00  -64.93358  -64.40194 343.229266       3.91 0.0000e+00    946.583      22719          6  0.000e+00
      4.054      4.014    -0.9542  27.181532    -0.9548  27.180098     7.9233     8.0043     1.5967    88.5112 1.0843e+00  -64.93358  -64.40194 343.229266       3.91 0.0000e+00    946.625      22720          6  0.000e+00
      4.047      4.007    -0.9542  27.181304    -0.9549  27.180042     7.9319     7.9994     1.5967    88.5112 1.0892e+00  -64.93358  -64.40194 343.229267       3.91 0.0000e+00    946.667      22721          6  0.000e+00
      4.054      4.014    -0.9543  27.181304    -0.9552  27.180098     7.9288     7.9992     1.5967    88.5112 1.0942e+00  -64.93358  -64.40194 343.229267       3.91 0.0000e+00    946.708      22722          6  0.000e+00
      4.006      3.967    -0.9539  27.181019    -0.9549  27.180098     7.9275     7.9988     1.5967    88.5112 1.1041e+00  -64.93358  -64.40194 343.229268       3.93 0.0000e+00    946.750      22723          6  0.000e+00
      3.992      3.953    -0.9540  27.181304    -0.9548  27.179820     7.9249     8.0040     1.5967    88.5112 1.1141e+00  -64.93358  -64.40194 343.229268       3.91 0.0000e+00    946.792      22724          6  0.000e+00
      4.006      3.967    -0.9543  27.181304    -0.9548  27.180543     7.9343     7.9989     1.5967    88.5112 1.1343e+00  -64.93358  -64.40194 343.229269       3.91 0.0000e+00    946.833      22725          6  0.000e+00
      3.951      3.913    -0.9545  27.181304    -0.9544  27.180098     7.9449     7.9984     1.5967    88.5112 1.1598e+00  -64.93358  -64.40194 343.229269       3.93 0.0000e+00    946.875      22726          6  0.000e+00
      3.951      3.913    -0.9543  27.181019    -0.9546  27.180599     7.9448     8.0035     1.5967    88.5112 1.1857e+00  -64.93358  -64.40194 343.229270       3.91 0.0000e+00    946.917      22727          6  0.000e+00
      3.897      3.858    -0.9545  27.181019    -0.9546  27.180543     7.9326     8.0037     1.5967    88.5112 1.2120e+00  -64.93358  -64.40194 343.229270       3.93 0.0000e+00    946.958      22728          6  0.000e+00
      3.903      3.865    -0.9546  27.181532    -0.9548  27.180320     7.9084     7.9985     1.5967    88.5112 1.2386e+00  -64.93358  -64.40194 343.229271       3.81 0.0000e+00    947.000      22729          6  0.000e+00
      3.904      3.865    -0.9545  27.181817    -0.9546  27.180098     7.8981     8.0034     1.5967    88.5112 1.2602e+00  -64.93358  -64.40194 343.229271       3.35 0.0000e+00    947.042      22730          6  0.000e+00
      3.856      3.818    -0.9548  27.181532    -0.9548  27.180320     7.8926     8.0035     1.5967    88.5112 1.2820e+00  -64.93358  -64.40194 343.229272       3.15 0.0000e+00    947.083      22731          6  0.000e+00
      3.842      3.804    -0.9547  27.181304    -0.9551  27.179819     7.8845     7.9981     1.5967    88.5112 1.2930e+00  -64.93358  -64.40194 343.229272       3.15 0.0000e+00    947.125      22732          6  0.000e+00
      3.801      3.764    -0.9545  27.181817    -0.9548  27.180097     7.8897     8.0027     1.5967    88.5112 1.2985e+00  -64.93358  -64.40194 343.229273       3.15 0.0000e+00    947.167      22733          6  0.000e+00
      3.801      3.764    -0.9544  27.181817    -0.9549  27.180042     7.9038     8.0026     1.5967    88.5112 1.3096e+00  -64.93358  -64.40194 343.229273       3.17 0.0000e+00    947.208      22734          6  0.000e+00
      3.739      3.703    -0.9546  27.181531    -0.9548  27.180097     7.9043     8.0034     1.5967    88.5112 1.3152e+00  -64.93358  -64.40194 343.229274       3.17 0.0000e+00    947.250      22735          6  0.000e+00
      3.698      3.662    -0.9546  27.181816    -0.9548  27.179819     7.8974     8.0032     1.5967    88.4855 1.3152e+00  -64.93358  -64.40194 343.229274       3.17 0.0000e+00    947.292      22736          6  0.000e+00
      3.753      3.716    -0.9544  27.181531    -0.9546  27.179763     7.8979     8.0030     1.5967    88.5112 1.3208e+00  -64.93358  -64.40194 343.229275       3.17 0.0000e+00    947.333      22737          6  0.000e+00
      3.650      3.615    -0.9543  27.181303    -0.9543  27.180320     7.9101     8.0025     1.5967    88.5369 1.3208e+00  -64.93358  -64.40194 343.229275       3.17 0.0000e+00    947.375      22738          6  0.000e+00
      3.691      3.655    -0.9544  27.181303    -0.9543  27.179819     7.9165     8.0031     1.5820    88.5112 1.3264e+00  -64.93358  -64.40194 343.229276       3.17 0.0000e+00    947.417      22739          6  0.000e+00
      3.596      3.560    -0.9542  27.181303    -0.9542  27.180097     7.9178     7.9970     1.5600    88.5369 1.3376e+00  -64.93358  -64.40194 343.229276       3.17 0.0000e+00    947.458      22740          6  0.000e+00
      3.596      3.560    -0.9542  27.181303    -0.9540  27.180542     7.9353     8.0021     1.5527    88.5369 1.3661e+00  -64.93358  -64.40194 343.229277       3.39 0.0000e+00    947.500      22741          6  0.000e+00
      3.596      3.560    -0.9541  27.181816    -0.9540  27.180598     7.9567     8.0016     1.5454    88.5369 1.3949e+00  -64.93358  -64.40194 343.229277       4.49 0.0000e+00    947.542      22742          6  0.000e+00
      3.486      3.452    -0.9540  27.181816    -0.9535  27.180319     7.9555     8.0064     1.5527    88.5369 1.4241e+00  -64.93358  -64.40194 343.229278       4.96 0.0000e+00    947.583      22743          6  0.000e+00
      3.500      3.466    -0.9538  27.181816    -0.9533  27.180319     7.9545     8.0020     1.5527    88.5369 1.4478e+00  -64.93358  -64.40194 343.229278       4.98 0.0000e+00    947.625      22744          6  0.000e+00
      3.500      3.466    -0.9539  27.181816    -0.9526  27.180598     7.9652     8.0021     1.5527    88.5369 1.4597e+00  -64.93358  -64.40194 343.229279       4.93 0.0000e+00    947.667      22745          6  0.000e+00
      3.445      3.411    -0.9539  27.181816    -0.9526  27.180319     7.9843     8.0013     1.5527    88.5369 1.4597e+00  -64.93358  -64.40194 343.229279       4.91 0.0000e+00    947.708      22746          6  0.000e+00
      3.390      3.357    -0.9538  27.181530    -0.9522  27.180542     7.9985     8.0012     1.5527    88.5369 1.4537e+00  -64.93358  -64.40194 343.229280       4.91 0.0000e+00    947.750      22747          6  0.000e+00
      3.397      3.364    -0.9538  27.181530    -0.9526  27.180597     8.0124     8.0014     1.5527    88.5369 1.4478e+00  -64.93358  -64.40196 343.229280       4.91 0.0000e+00    947.792      22748          6  0.000e+00
      3.342      3.310    -0.9539  27.182043    -0.9520  27.180597     8.0211     8.0003     1.5527    88.5369 1.4418e+00  -64.93358  -64.40196 343.229280       4.91 0.0000e+00    947.833      22749          6  0.000e+00
      3.295      3.262    -0.9535  27.182043    -0.9523  27.180820     8.0381     7.9994     1.5527    88.5369 1.4478e+00  -64.93358  -64.40196 343.229281       4.91 0.0000e+00    947.875      22750          6  0.000e+00
      3.288      3.256    -0.9534  27.182043    -0.9522  27.180820     8.0412     7.9992     1.5527    88.5369 1.4597e+00  -64.93358  -64.40196 343.229281       4.91 0.0000e+00    947.917      22751          6  0.000e+00
      3.192      3.161    -0.9528  27.181530    -0.9520  27.180597     8.0515     7.9989     1.5527    88.5112 1.4777e+00  -64.93358  -64.40196 343.229282       4.91 0.0000e+00    947.958      22752          6  0.000e+00
      3.192      3.161    -0.9517  27.182043    -0.9518  27.180541     8.0807     7.9987     1.5454    88.5369 1.4777e+00  -64.93358  -64.40196 343.229282       4.91 0.0000e+00    948.000      22753          6  0.000e+00
      3.144      3.113    -0.9513  27.182556    -0.9520  27.180819     8.1196     7.9985     1.5527    88.5369 1.4717e+00  -64.93358  -64.40196 343.229283       4.88 0.0000e+00    948.042      22754          6  0.000e+00
      3.137      3.106    -0.9512  27.182328    -0.9518  27.180597     8.1563     7.9982     1.5454    88.5369 1.4597e+00  -64.93358  -64.40196 343.229283       4.88 0.0000e+00    948.083      22755          6  0.000e+00
      3.041      3.012    -0.9508  27.182840    -0.9520  27.180819     8.1946     7.9978     1.5527    88.5369 1.4478e+00  -64.93358  -64.40196 343.229284       4.88 0.0000e+00    948.125      22756          6  0.000e+00
      2.994      2.964    -0.9509  27.182555    -0.9516  27.180819     8.2243     8.0029     1.5527    88.4855 1.4418e+00  -64.93358  -64.40196 343.229284       4.86 0.0000e+00    948.167      22757          6  0.000e+00
      2.994      2.964    -0.9511  27.182612    -0.9514  27.180318     8.2529     7.9978     1.5527    88.4340 1.4359e+00  -64.93358  -64.40196 343.229285       4.88 0.0000e+00    948.208      22758          6  0.000e+00
      2.932      2.903    -0.9514  27.182042    -0.9514  27.180596     8.2712     8.0029     1.5454    88.4340 1.4300e+00  -64.93358  -64.40196 343.229285       4.88 0.0000e+00    948.250      22759          6  0.000e+00
