NBP2113_155081_ctd/data/nbp2113_003.ros
* Sea-Bird SBE 9 Data File:
* FileName = D:\Data\raw\NBP2113_003.hex
* Software Version Seasave V 7.26.7.121
* Temperature SN = 2438
* Conductivity SN = 2067
* Number of Bytes Per Scan = 40
* Number of Voltage Words = 5
* Number of Scans Averaged by the Deck Unit = 1
* NMEA Latitude = 63 28.26 S
* NMEA Longitude = 061 47.09 W
* NMEA UTC (Time) = Nov 22 2021  19:16:03
* NMEA baud rate = 9600
** Ship: RVIB N.B. Palmer
** Cruise: NBP2113 LTER
** Station: 806.048
** Operator: S. Blackman
# nquan = 20
# nvalues = 1144                                  
# units = specified
# name 0 = prDM: Pressure, Digiquartz [db]
# name 1 = depSM: Depth [salt water, m]
# name 2 = t090C: Temperature [ITS-90, deg C]
# name 3 = c0mS/cm: Conductivity [mS/cm]
# name 4 = t190C: Temperature, 2 [ITS-90, deg C]
# name 5 = c1mS/cm: Conductivity, 2 [mS/cm]
# name 6 = sbeox0ML/L: Oxygen, SBE 43 [ml/l]
# name 7 = sbeox1ML/L: Oxygen, SBE 43, 2 [ml/l]
# name 8 = flECO-AFL: Fluorescence, WET Labs ECO-AFL/FL [mg/m^3]
# name 9 = CStarTr0: Beam Transmission, WET Labs C-Star [%]
# name 10 = par: PAR/Irradiance, Biospherical/Licor
# name 11 = latitude: Latitude [deg]
# name 12 = longitude: Longitude [deg]
# name 13 = timeJ: Julian Days
# name 14 = altM: Altimeter [m]
# name 15 = spar: SPAR, Biospherical/Licor
# name 16 = timeS: Time, Elapsed [seconds]
# name 17 = scan: Scan Count
# name 18 = nbf: Bottles Fired
# name 19 = flag:  0.000e+00
# interval = seconds: 0.0416667
# start_time = Nov 22 2021 19:16:03 [NMEA time, header]
# bad_flag = -9.990e-29
*END*
[from data line 652]
     85.930     85.079    -0.4840  28.003793    -0.4853  28.001062     7.2885     7.1446     0.5710    96.7511 4.3972e-01  -63.47120  -61.78584 326.829853      99.98 1.8369e+03   2336.292      56072         14  0.000e+00
     85.978     85.127    -0.4838  28.003793    -0.4853  28.001005     7.2867     7.1442     0.5710    96.7511 4.4284e-01  -63.47120  -61.78584 326.829853      99.98 1.8369e+03   2336.333      56073         14  0.000e+00
     85.930     85.079    -0.4840  28.004023    -0.4853  28.000949     7.2905     7.1436     0.5710    96.7511 4.3972e-01  -63.47120  -61.78584 326.829854      99.98 1.8369e+03   2336.375      56074         14  0.000e+00
     85.957     85.107    -0.4838  28.004081    -0.4853  28.001343     7.2838     7.1430     0.5710    96.7511 4.3972e-01  -63.47120  -61.78584 326.829854      99.98 1.8352e+03   2336.417      56075         14  0.000e+00
     85.978     85.127    -0.4838  28.004196    -0.4850  28.001681     7.2770     7.1423     0.5710    96.7511 4.3972e-01  -63.47120  -61.78584 326.829855      99.98 1.8352e+03   2336.458      56076         14  0.000e+00
     85.978     85.127    -0.4837  28.004311    -0.4848  28.001568     7.2746     7.1426     0.5710    96.7511 4.3972e-01  -63.47120  -61.78584 326.829855      99.98 1.8352e+03   2336.500      56077         14  0.000e+00
     85.930     85.079    -0.4841  28.004138    -0.4850  28.001287     7.2780     7.1428     0.5710    96.7511 4.3972e-01  -63.47120  -61.78584 326.829856      99.98 1.8352e+03   2336.542      56078         14  0.000e+00
     85.958     85.107    -0.4842  28.004023    -0.4853  28.001005     7.2768     7.1432     0.5710    96.7511 4.3972e-01  -63.47120  -61.78584 326.829856      99.98 1.8352e+03   2336.583      56079         14  0.000e+00
     85.978     85.127    -0.4845  28.003677    -0.4850  28.001062     7.2712     7.1425     0.5710    96.7511 4.3972e-01  -63.47120  -61.78584 326.829857      99.95 1.8334e+03   2336.625      56080         14  0.000e+00
     85.978     85.127    -0.4847  28.003562    -0.4850  28.001399     7.2641     7.1418     0.5710    96.7511 4.3972e-01  -63.47120  -61.78584 326.829857      99.98 1.8334e+03   2336.667      56081         14  0.000e+00
     85.978     85.127    -0.4850  28.003044    -0.4848  28.001512     7.2661     7.1410     0.5710    96.7511 4.3972e-01  -63.47120  -61.78584 326.829858      99.98 1.8334e+03   2336.708      56082         14  0.000e+00
     86.012     85.161    -0.4848  28.003620    -0.4848  28.001287     7.2575     7.1412     0.5710    96.7511 4.3972e-01  -63.47120  -61.78584 326.829858      99.98 1.8334e+03   2336.750      56083         14  0.000e+00
     85.978     85.127    -0.4847  28.003447    -0.4847  28.001794     7.2548     7.1403     0.5710    96.7511 4.3972e-01  -63.47120  -61.78584 326.829859      99.98 1.8316e+03   2336.792      56084         14  0.000e+00
     85.978     85.127    -0.4848  28.003216    -0.4848  28.001794     7.2508     7.1451     0.5710    96.7769 4.3972e-01  -63.47120  -61.78584 326.829859      99.98 1.8316e+03   2336.833      56085         14  0.000e+00
     85.978     85.127    -0.4845  28.003677    -0.4847  28.001906     7.2468     7.1404     0.5710    96.7769 4.3661e-01  -63.47120  -61.78584 326.829860      99.98 1.8316e+03   2336.875      56086         14  0.000e+00
     86.013     85.161    -0.4843  28.003620    -0.4847  28.002019     7.2501     7.1405     0.5710    96.7769 4.3972e-01  -63.47120  -61.78584 326.829860      99.98 1.8316e+03   2336.917      56087         14  0.000e+00
     85.978     85.127    -0.4845  28.003447    -0.4847  28.001625     7.2532     7.1405     0.5710    96.7769 4.3661e-01  -63.47120  -61.78584 326.829861      99.95 1.8299e+03   2336.958      56088         14  0.000e+00
     85.978     85.127    -0.4844  28.003735    -0.4847  28.001681     7.2564     7.1405     0.5637    96.7769 4.3972e-01  -63.47120  -61.78584 326.829861      99.98 1.8299e+03   2337.000      56089         14  0.000e+00
     85.978     85.127    -0.4843  28.003850    -0.4847  28.001737     7.2715     7.1406     0.5491    96.7769 4.3661e-01  -63.47120  -61.78584 326.829862     100.00 1.8299e+03   2337.042      56090         14  0.000e+00
     85.978     85.127    -0.4838  28.003735    -0.4848  28.001568     7.2689     7.1406     0.5417    96.7769 4.3661e-01  -63.47120  -61.78584 326.829862      99.98 1.8299e+03   2337.083      56091         14  0.000e+00
     85.958     85.107    -0.4844  28.003793    -0.4848  28.001681     7.2680     7.1407     0.5417    96.7769 4.3661e-01  -63.47120  -61.78584 326.829863      99.95 1.8281e+03   2337.125      56092         14  0.000e+00
     85.978     85.127    -0.4843  28.003447    -0.4847  28.001231     7.2703     7.1407     0.5417    96.7769 4.3661e-01  -63.47120  -61.78584 326.829863      99.95 1.8281e+03   2337.167      56093         14  0.000e+00
     85.978     85.127    -0.4845  28.003389    -0.4847  28.001399     7.2712     7.1407     0.5417    96.7769 4.3661e-01  -63.47120  -61.78584 326.829864      99.98 1.8281e+03   2337.208      56094         14  0.000e+00
     85.979     85.127    -0.4847  28.003735    -0.4848  28.001287     7.2708     7.1408     0.5417    96.7769 4.3661e-01  -63.47120  -61.78584 326.829864      99.98 1.8281e+03   2337.250      56095         14  0.000e+00
     85.958     85.107    -0.4847  28.003620    -0.4847  28.001231     7.2644     7.1408     0.5417    96.7769 4.3661e-01  -63.47120  -61.78584 326.829864      99.98 1.8281e+03   2337.292      56096         14  0.000e+00
     85.979     85.127    -0.4847  28.003043    -0.4845  28.001568     7.2613     7.1408     0.5417    96.7511 4.3661e-01  -63.47120  -61.78584 326.829865      99.98 1.8263e+03   2337.333      56097         14  0.000e+00
     85.979     85.127    -0.4850  28.003389    -0.4847  28.001737     7.2698     7.1400     0.5417    96.7769 4.3661e-01  -63.47120  -61.78584 326.829865      99.98 1.8263e+03   2337.375      56098         14  0.000e+00
     85.979     85.127    -0.4851  28.003159    -0.4848  28.001568     7.2634     7.1400     0.5417    96.7769 4.3661e-01  -63.47120  -61.78584 326.829866      99.98 1.8263e+03   2337.417      56099         14  0.000e+00
     85.958     85.107    -0.4850  28.002928    -0.4848  28.001512     7.2556     7.1400     0.5417    96.7769 4.3661e-01  -63.47120  -61.78584 326.829866      99.95 1.8263e+03   2337.458      56100         14  0.000e+00
     85.979     85.128    -0.4848  28.002986    -0.4848  28.001681     7.2507     7.1391     0.5417    96.7769 4.3661e-01  -63.47120  -61.78584 326.829867      99.98 1.8246e+03   2337.500      56101         14  0.000e+00
     85.979     85.128    -0.4848  28.003216    -0.4845  28.001568     7.2576     7.1390     0.5417    96.7769 4.3661e-01  -63.47120  -61.78584 326.829867      99.98 1.8246e+03   2337.542      56102         14  0.000e+00
     85.931     85.080    -0.4848  28.002640    -0.4848  28.001681     7.2480     7.1389     0.5417    96.7511 4.3661e-01  -63.47120  -61.78584 326.829868      99.98 1.8246e+03   2337.583      56103         14  0.000e+00
     85.958     85.107    -0.4850  28.003101    -0.4847  28.001343     7.2398     7.1389     0.5417    96.7769 4.3661e-01  -63.47120  -61.78584 326.829868      99.95 1.8246e+03   2337.625      56104         14  0.000e+00
     85.931     85.080    -0.4847  28.003332    -0.4845  28.001399     7.2446     7.1388     0.5417    96.8026 4.3661e-01  -63.47120  -61.78584 326.829869      99.98 1.8228e+03   2337.667      56105         14  0.000e+00
     65.699     65.051    -0.4925  27.924586    -0.4932  27.923420     7.7928     7.6482     0.9080    93.6354 1.7468e+00  -63.47120  -61.78586 326.830607      99.95 1.8193e+03   2401.417      57635         15  0.000e+00
     65.644     64.997    -0.4928  27.924356    -0.4930  27.923364     7.7883     7.6478     0.9080    93.6096 1.7536e+00  -63.47120  -61.78586 326.830607      99.95 1.8193e+03   2401.458      57636         15  0.000e+00
     65.699     65.052    -0.4924  27.924759    -0.4929  27.923195     7.7777     7.6484     0.9080    93.6096 1.7468e+00  -63.47120  -61.78586 326.830608      99.98 1.8193e+03   2401.500      57637         15  0.000e+00
     65.699     65.052    -0.4928  27.924644    -0.4928  27.923139     7.7832     7.6480     0.9080    93.6096 1.7536e+00  -63.47120  -61.78586 326.830608      99.98 1.8193e+03   2401.542      57638         15  0.000e+00
     65.699     65.052    -0.4926  27.924125    -0.4925  27.922745     7.7867     7.6483     0.9080    93.6354 1.7536e+00  -63.47120  -61.78586 326.830609      99.98 1.8193e+03   2401.583      57639         15  0.000e+00
     65.596     64.950    -0.4925  27.924528    -0.4924  27.922801     7.7808     7.6421     0.9080    93.6354 1.7536e+00  -63.47120  -61.78586 326.830609      99.95 1.8193e+03   2401.625      57640         15  0.000e+00
     65.699     65.052    -0.4925  27.924356    -0.4926  27.923026     7.7854     7.6470     0.9007    93.6354 1.7536e+00  -63.47120  -61.78586 326.830610      99.95 1.8193e+03   2401.667      57641         15  0.000e+00
     65.644     64.997    -0.4925  27.924413    -0.4925  27.923139     7.7909     7.6471     0.8861    93.6354 1.7536e+00  -63.47120  -61.78586 326.830610      99.98 1.8193e+03   2401.708      57642         15  0.000e+00
     65.699     65.052    -0.4925  27.924298    -0.4923  27.923139     7.7873     7.6472     0.8787    93.6354 1.7536e+00  -63.47120  -61.78586 326.830611      99.98 1.8193e+03   2401.750      57643         15  0.000e+00
     65.644     64.997    -0.4923  27.924586    -0.4929  27.922914     7.7834     7.6473     0.8787    93.6354 1.7536e+00  -63.47120  -61.78586 326.830611      99.98 1.8193e+03   2401.792      57644         15  0.000e+00
     65.699     65.052    -0.4927  27.924356    -0.4925  27.923026     7.7784     7.6463     0.8787    93.6611 1.7604e+00  -63.47120  -61.78586 326.830611      99.98 1.8193e+03   2401.833      57645         15  0.000e+00
     65.644     64.997    -0.4924  27.924183    -0.4925  27.923139     7.7835     7.6515     0.8787    93.6354 1.7604e+00  -63.47120  -61.78586 326.830612      99.98 1.8193e+03   2401.875      57646         15  0.000e+00
     65.651     65.004    -0.4923  27.924010    -0.4924  27.923476     7.7885     7.6521     0.8787    93.6354 1.7604e+00  -63.47120  -61.78586 326.830612      99.98 1.8193e+03   2401.917      57647         15  0.000e+00
     65.699     65.052    -0.4922  27.923780    -0.4925  27.923026     7.7904     7.6471     0.8787    93.6354 1.7604e+00  -63.47120  -61.78586 326.830613      99.95 1.8193e+03   2401.958      57648         15  0.000e+00
     65.596     64.950    -0.4923  27.923664    -0.4925  27.923026     7.7934     7.6465     0.8787    93.6354 1.7604e+00  -63.47120  -61.78586 326.830613      99.98 1.8193e+03   2402.000      57649         15  0.000e+00
     65.699     65.052    -0.4924  27.923895    -0.4927  27.923139     7.7952     7.6461     0.8787    93.6354 1.7604e+00  -63.47120  -61.78586 326.830614      99.98 1.8211e+03   2402.042      57650         15  0.000e+00
     65.596     64.950    -0.4924  27.924125    -0.4925  27.922913     7.7952     7.6518     0.8787    93.6354 1.7673e+00  -63.47120  -61.78586 326.830614      99.98 1.8211e+03   2402.083      57651         15  0.000e+00
     65.699     65.052    -0.4923  27.924010    -0.4927  27.922689     7.7850     7.6466     0.8787    93.6354 1.7673e+00  -63.47120  -61.78586 326.830615      99.95 1.8211e+03   2402.125      57652         15  0.000e+00
     65.596     64.950    -0.4924  27.924355    -0.4925  27.922801     7.7776     7.6457     0.8787    93.6354 1.7673e+00  -63.47120  -61.78586 326.830615      99.95 1.8211e+03   2402.167      57653         15  0.000e+00
     65.644     64.998    -0.4922  27.924125    -0.4923  27.922857     7.7853     7.6449     0.8787    93.6611 1.7673e+00  -63.47120  -61.78586 326.830616      99.98 1.8211e+03   2402.208      57654         15  0.000e+00
     65.644     64.998    -0.4925  27.924125    -0.4925  27.922857     7.7838     7.6495     0.8787    93.6354 1.7673e+00  -63.47120  -61.78586 326.830616      99.98 1.8211e+03   2402.250      57655         15  0.000e+00
     65.651     65.004    -0.4924  27.923837    -0.4925  27.923026     7.7823     7.6494     0.8787    93.6354 1.7673e+00  -63.47120  -61.78586 326.830617      99.98 1.8211e+03   2402.292      57656         15  0.000e+00
     65.596     64.950    -0.4925  27.923895    -0.4922  27.922520     7.7747     7.6500     0.8787    93.6354 1.7741e+00  -63.47120  -61.78586 326.830617      99.98 1.8211e+03   2402.333      57657         15  0.000e+00
     65.644     64.998    -0.4922  27.924125    -0.4924  27.922914     7.7774     7.6506     0.8787    93.6354 1.7741e+00  -63.47120  -61.78586 326.830618      99.98 1.8211e+03   2402.375      57658         15  0.000e+00
     65.596     64.950    -0.4925  27.924183    -0.4923  27.922913     7.7769     7.6510     0.8787    93.6354 1.7741e+00  -63.47120  -61.78586 326.830618      99.95 1.8211e+03   2402.417      57659         15  0.000e+00
     65.603     64.957    -0.4924  27.924183    -0.4924  27.923195     7.7792     7.6515     0.8787    93.6354 1.7741e+00  -63.47120  -61.78586 326.830619      99.95 1.8211e+03   2402.458      57660         15  0.000e+00
     65.644     64.998    -0.4925  27.924010    -0.4924  27.922970     7.7817     7.6519     0.8787    93.6354 1.7810e+00  -63.47120  -61.78586 326.830619      99.98 1.8211e+03   2402.500      57661         15  0.000e+00
     65.596     64.950    -0.4928  27.924355    -0.4925  27.922857     7.7885     7.6522     0.8787    93.6354 1.7810e+00  -63.47120  -61.78586 326.830620      99.98 1.8228e+03   2402.542      57662         15  0.000e+00
     65.596     64.950    -0.4925  27.924125    -0.4924  27.922632     7.7894     7.6524     0.8787    93.6354 1.7810e+00  -63.47120  -61.78586 326.830620      99.98 1.8228e+03   2402.583      57663         15  0.000e+00
     65.603     64.957    -0.4925  27.923952    -0.4923  27.922970     7.7961     7.6525     0.8787    93.6354 1.7741e+00  -63.47120  -61.78586 326.830621      99.93 1.8228e+03   2402.625      57664         15  0.000e+00
     65.597     64.950    -0.4924  27.923952    -0.4925  27.922689     7.8025     7.6526     0.8787    93.6354 1.7810e+00  -63.47120  -61.78586 326.830621      99.95 1.8228e+03   2402.667      57665         15  0.000e+00
     65.597     64.950    -0.4925  27.924355    -0.4924  27.922576     7.8069     7.6526     0.8787    93.6354 1.7879e+00  -63.47120  -61.78586 326.830622      99.98 1.8228e+03   2402.708      57666         15  0.000e+00
     65.597     64.950    -0.4925  27.924067    -0.4923  27.922970     7.8010     7.6525     0.8787    93.6354 1.7879e+00  -63.47120  -61.78586 326.830622      99.98 1.8228e+03   2402.750      57667         15  0.000e+00
     65.549     64.903    -0.4925  27.923952    -0.4924  27.922688     7.7995     7.6523     0.8787    93.6354 1.7879e+00  -63.47120  -61.78586 326.830623      99.98 1.8228e+03   2402.792      57668         15  0.000e+00
     65.597     64.950    -0.4925  27.924125    -0.4921  27.922576     7.7999     7.6521     0.8861    93.6354 1.7948e+00  -63.47120  -61.78586 326.830623      99.98 1.8246e+03   2402.833      57669         15  0.000e+00
     65.549     64.903    -0.4925  27.924182    -0.4923  27.922745     7.8105     7.6518     0.8861    93.6354 1.7948e+00  -63.47120  -61.78586 326.830624      99.98 1.8246e+03   2402.875      57670         15  0.000e+00
     65.597     64.950    -0.4924  27.924010    -0.4925  27.922857     7.8179     7.6515     0.8861    93.6354 1.7948e+00  -63.47120  -61.78586 326.830624      99.95 1.8246e+03   2402.917      57671         15  0.000e+00
