NBP2113_155081_ctd/data/nbp2113_013.cnv
* Sea-Bird SBE 9 Data File:
* FileName = D:\Data\raw\NBP2113_013.hex
* Software Version Seasave V 7.26.7.121
* Temperature SN = 2438
* Conductivity SN = 2067
* Number of Bytes Per Scan = 40
* Number of Voltage Words = 5
* Number of Scans Averaged by the Deck Unit = 1
* NMEA Latitude = 65 13.99 S
* NMEA Longitude = 066 46.43 W
* NMEA UTC (Time) = Nov 27 2021  04:09:52
* NMEA baud rate = 9600
** Ship: RVIB N.B. Palmer
** Cruise: NBP2113 LTER
** Station: 500.100
** Operator: B. Urmston
# nquan = 25
# nvalues = 862                         
# units = specified
# name 0 = prDM: Pressure, Digiquartz [db]
# name 1 = depSM: Depth [salt water, m]
# name 2 = t090C: Temperature [ITS-90, deg C]
# name 3 = c0mS/cm: Conductivity [mS/cm]
# name 4 = t190C: Temperature, 2 [ITS-90, deg C]
# name 5 = c1mS/cm: Conductivity, 2 [mS/cm]
# name 6 = sbeox0ML/L: Oxygen, SBE 43 [ml/l]
# name 7 = sbeox1ML/L: Oxygen, SBE 43, 2 [ml/l]
# name 8 = flECO-AFL: Fluorescence, WET Labs ECO-AFL/FL [mg/m^3]
# name 9 = CStarTr0: Beam Transmission, WET Labs C-Star [%]
# name 10 = par: PAR/Irradiance, Biospherical/Licor
# name 11 = latitude: Latitude [deg]
# name 12 = longitude: Longitude [deg]
# name 13 = timeJ: Julian Days
# name 14 = altM: Altimeter [m]
# name 15 = spar: SPAR, Biospherical/Licor
# name 16 = timeS: Time, Elapsed [seconds]
# name 17 = scan: Scan Count
# name 18 = density00: Density [density, kg/m^3]
# name 19 = density11: Density, 2 [density, kg/m^3]
# name 20 = sal00: Salinity, Practical [PSU]
# name 21 = sal11: Salinity, Practical, 2 [PSU]
# name 22 = oxsolML/L: Oxygen Saturation, Garcia & Gordon [ml/l]
# name 23 = nbin: number of scans per bin
# name 24 = flag: flag
# span 0 =      1.000,    433.000       
# span 1 =      0.988,    428.300       
# span 2 =    -0.6342,     1.5349       
# span 3 =  27.803952,  30.327393       
# span 4 =    -0.6332,     1.5349       
# span 5 =  27.803014,  30.326560       
# span 6 =     4.1299,     9.9920       
# span 7 =     4.1116,     9.9636       
# span 8 =    -0.0221,     2.3439       
# span 9 =    87.5796,    97.7794       
# span 10 = 1.0000e-12, 2.0690e+00      
# span 11 =  -65.23322,  -65.23308      
# span 12 =  -66.77598,  -66.77434      
# span 13 = 331.176039, 331.198233      
# span 14 =       6.10,     101.52      
# span 15 = 0.0000e+00, 0.0000e+00      
# span 16 =    217.782,   2135.328      
# span 17 =       5228,      51249      
# span 18 =  1027.2988,  1029.8104      
# span 19 =  1027.2955,  1029.8094      
# span 20 =    33.9668,    34.7091      
# span 21 =    33.9626,    34.7079      
# span 22 =    7.71619,    8.19759      
# span 23 =         11,         47      
# span 24 = 0.0000e+00, 0.0000e+00      
# interval = decibars: 1                
# start_time = Nov 27 2021 04:09:52 [NMEA time, header]
# bad_flag = -9.990e-29
*END*
[from data line 696]
    166.000    164.305     0.8993  29.527415     0.8973  29.523701     4.8814     4.8057    -0.0034    97.4695 1.0000e-12  -65.23316  -66.77512 331.191558      99.98 0.0000e+00   1558.578      37407  1028.4605  1028.4588    34.5294    34.5269    7.85174         15 0.0000e+00
    165.000    163.314     0.8811  29.508193     0.8641  29.489257     4.8765     4.8082     0.0142    97.4721 1.0000e-12  -65.23316  -66.77514 331.191565      99.97 0.0000e+00   1559.204      37422  1028.4541  1028.4514    34.5253    34.5197    7.85562         15 0.0000e+00
    164.000    162.325     0.8571  29.482461     0.8543  29.478617     4.8694     4.8025    -0.0006    97.4721 1.0000e-12  -65.23316  -66.77514 331.191573      99.97 0.0000e+00   1559.867      37438  1028.4467  1028.4456    34.5193    34.5174    7.86080         17 0.0000e+00
    163.000    161.335     0.8474  29.472968     0.8403  29.463583     4.8694     4.7980    -0.0055    97.4721 1.0000e-12  -65.23316  -66.77514 331.191582      99.98 0.0000e+00   1560.651      37457  1028.4418  1028.4393    34.5184    34.5141    7.86280         21 0.0000e+00
    162.000    160.346     0.8697  29.493599     0.8549  29.479129     4.8788     4.7925     0.0026    97.4721 1.0000e-12  -65.23316  -66.77513 331.191595      99.98 0.0000e+00   1561.829      37485  1028.4370  1028.4364    34.5209    34.5186    7.85817         38 0.0000e+00
    161.000    159.357     0.8465  29.470933     0.8546  29.478564     4.9082     4.8143     0.0041    97.4128 1.0000e-12  -65.23316  -66.77510 331.191623      99.98 0.0000e+00   1564.254      37543  1028.4315  1028.4314    34.5179    34.5188    7.86301         34 0.0000e+00
    160.000    158.369     0.8217  29.444374     0.8392  29.461719     4.9324     4.8552     0.0133    97.4611 1.0000e-12  -65.23316  -66.77510 331.191653      99.98 0.0000e+00   1566.851      37605  1028.4237  1028.4245    34.5117    34.5147    7.86837         28 0.0000e+00
    159.000    157.378     0.8391  29.461615     0.8496  29.472865     4.9806     4.8826     0.0081    97.4725 1.0000e-12  -65.23316  -66.77510 331.191663      99.97 0.0000e+00   1567.653      37625  1028.4200  1028.4213    34.5153    34.5182    7.86465         17 0.0000e+00
    158.000    156.388     0.8041  29.424088     0.8085  29.427065     4.9929     4.8905     0.0058    97.4721 1.0000e-12  -65.23316  -66.77510 331.191670      99.98 0.0000e+00   1568.285      37640  1028.4112  1028.4101    34.5061    34.5051    7.87222         14 0.0000e+00
    157.000    155.399     0.7807  29.399942     0.7758  29.394606     4.9962     4.8937    -0.0005    97.4721 1.0000e-12  -65.23316  -66.77511 331.191677      99.98 0.0000e+00   1568.865      37654  1028.4048  1028.4041    34.5015    34.5000    7.87723         14 0.0000e+00
    156.000    154.410     0.7732  29.391817     0.7706  29.388426     4.9805     4.8857     0.0015    97.4721 1.0000e-12  -65.23316  -66.77512 331.191684      99.98 0.0000e+00   1569.453      37668  1028.3993  1028.3983    34.4999    34.4983    7.87883         15 0.0000e+00
    155.000    153.421     0.7716  29.390877     0.7662  29.383298     4.9603     4.8762     0.0066    97.4721 1.0000e-12  -65.23316  -66.77510 331.191692      99.98 0.0000e+00   1570.151      37685  1028.3953  1028.3929    34.5009    34.4972    7.87908         20 0.0000e+00
    154.000    152.429     0.7893  29.408555     0.7865  29.404987     4.9582     4.8852    -0.0033    97.4705 1.0000e-12  -65.23318  -66.77510 331.191720      99.98 0.0000e+00   1572.600      37743  1028.3916  1028.3906    34.5048    34.5033    7.87530         32 0.0000e+00
    153.000    151.443     0.7919  29.410756     0.7955  29.413064     4.9896     4.9170    -0.0059    97.4750 1.0000e-12  -65.23318  -66.77510 331.191748      99.98 0.0000e+00   1575.027      37802  1028.3867  1028.3855    34.5054    34.5043    7.87473         19 0.0000e+00
    152.000    150.451     0.7880  29.404963     0.7877  29.404020     5.0055     4.9228    -0.0151    97.4686 1.0000e-12  -65.23318  -66.77510 331.191755      99.98 0.0000e+00   1575.630      37816  1028.3803  1028.3796    34.5028    34.5019    7.87567         15 0.0000e+00
    151.000    149.464     0.7596  29.375406     0.7610  29.376109     5.0058     4.9227    -0.0023    97.4623 1.0000e-12  -65.23318  -66.77510 331.191762      99.97 0.0000e+00   1576.199      37830  1028.3732  1028.3725    34.4967    34.4959    7.88177         13 0.0000e+00
    150.000    148.471     0.7437  29.358227     0.7420  29.355577     5.0025     4.9271     0.0067    97.4608 1.0000e-12  -65.23318  -66.77510 331.191768      99.98 0.0000e+00   1576.797      37844  1028.3666  1028.3654    34.4927    34.4910    7.88521         16 0.0000e+00
    149.000    147.484     0.7433  29.358509     0.7450  29.359188     4.9875     4.9229     0.0069    97.4494 1.0000e-12  -65.23318  -66.77509 331.191778      99.98 0.0000e+00   1577.579      37863  1028.3627  1028.3618    34.4940    34.4931    7.88521         24 0.0000e+00
    148.000    146.494     0.7729  29.387655     0.7708  29.384378     5.0057     4.9265     0.0089    97.4596 1.0000e-12  -65.23318  -66.77508 331.191810      99.98 0.0000e+00   1580.360      37930  1028.3593  1028.3579    34.4995    34.4976    7.87891         34 0.0000e+00
    147.000    145.506     0.7687  29.383383     0.7596  29.372983     5.0417     4.9706     0.0068    97.4486 1.0000e-12  -65.23318  -66.77508 331.191827      99.98 0.0000e+00   1581.897      37967  1028.3546  1028.3528    34.4992    34.4959    7.87977         19 0.0000e+00
    146.000    144.514     0.7469  29.359259     0.7448  29.356265     5.0611     4.9877     0.0050    97.4479 1.0000e-12  -65.23318  -66.77508 331.191835      99.98 0.0000e+00   1582.577      37983  1028.3467  1028.3456    34.4927    34.4912    7.88454         16 0.0000e+00
    145.000    143.526     0.7077  29.318831     0.7074  29.317870     5.0675     4.9867    -0.0009    97.4463 1.0000e-12  -65.23318  -66.77508 331.191843      99.98 0.0000e+00   1583.232      37999  1028.3389  1028.3381    34.4845    34.4835    7.89297         16 0.0000e+00
    144.000    142.536     0.7090  29.320838     0.6856  29.294902     5.0729     4.9862     0.0039    97.4463 1.0000e-12  -65.23318  -66.77508 331.191851      99.98 0.0000e+00   1583.973      38016  1028.3352  1028.3312    34.4862    34.4785    7.89260         21 0.0000e+00
    143.000    141.546     0.7117  29.322872     0.6916  29.301637     5.0691     4.9837     0.0062    97.4560 1.0000e-12  -65.23318  -66.77508 331.191866      99.98 0.0000e+00   1585.210      38046  1028.3301  1028.3276    34.4864    34.4812    7.89204         36 0.0000e+00
    142.000    140.557     0.7048  29.315378     0.7059  29.315519     5.0823     5.0047     0.0121    97.4585 1.0000e-12  -65.23318  -66.77508 331.191892      99.98 0.0000e+00   1587.487      38101  1028.3244  1028.3234    34.4849    34.4840    7.89352         36 0.0000e+00
    141.000    139.568     0.6925  29.300375     0.6939  29.301801     5.1380     5.0397    -0.0010    97.4702 1.0000e-12  -65.23318  -66.77508 331.191907      99.98 0.0000e+00   1588.756      38131  1028.3165  1028.3165    34.4798    34.4801    7.89632         24 0.0000e+00
    140.000    138.579     0.6723  29.279864     0.6679  29.274257     5.1305     5.0384     0.0058    97.4656 1.0000e-12  -65.23318  -66.77508 331.191917      99.98 0.0000e+00   1589.648      38153  1028.3106  1028.3090    34.4762    34.4738    7.90062         20 0.0000e+00
    139.000    137.589     0.6416  29.248258     0.6373  29.242847     5.1515     5.0335     0.0069    97.4530 1.0000e-12  -65.23318  -66.77508 331.191928      99.98 0.0000e+00   1590.543      38174  1028.3033  1028.3018    34.4698    34.4676    7.90723         24 0.0000e+00
    138.000    136.598     0.6503  29.256385     0.6507  29.256953     5.1420     5.0392     0.0120    97.4540 1.0000e-12  -65.23318  -66.77508 331.191942      99.97 0.0000e+00   1591.766      38203  1028.2986  1028.2987    34.4713    34.4716    7.90537         35 0.0000e+00
    137.000    135.610     0.6429  29.248474     0.6493  29.253679     5.1404     5.0565     0.0171    97.4464 1.0000e-12  -65.23318  -66.77508 331.191964      99.98 0.0000e+00   1593.720      38250  1028.2930  1028.2920    34.4698    34.4695    7.90696         35 0.0000e+00
    136.000    134.621     0.6398  29.244549     0.6437  29.248112     5.1930     5.0997     0.0079    97.4463 1.0000e-12  -65.23318  -66.77508 331.191981      99.98 0.0000e+00   1595.128      38284  1028.2874  1028.2873    34.4688    34.4691    7.90765         26 0.0000e+00
    135.000    133.631     0.6241  29.227500     0.6287  29.231255     5.2225     5.1207     0.0069    97.4263 1.0000e-12  -65.23318  -66.77508 331.191992      99.98 0.0000e+00   1596.118      38308  1028.2806  1028.2800    34.4647    34.4644    7.91108         23 0.0000e+00
    134.000    132.641     0.5764  29.178205     0.5697  29.170305     5.2321     5.1256     0.0066    97.4522 1.0000e-12  -65.23318  -66.77508 331.192004      99.98 0.0000e+00   1597.137      38332  1028.2714  1028.2699    34.4541    34.4513    7.92140         27 0.0000e+00
    133.000    131.653     0.5771  29.178948     0.5729  29.174735     5.1786     5.1138     0.0161    97.4707 1.0000e-12  -65.23318  -66.77508 331.192023      99.98 0.0000e+00   1598.786      38372  1028.2668  1028.2664    34.4549    34.4541    7.92122         40 0.0000e+00
    132.000    130.662     0.6225  29.222605     0.6078  29.208012     5.3006     5.1896     0.0142    97.4721 1.0000e-12  -65.23318  -66.77508 331.192055      99.97 0.0000e+00   1601.551      38438  1028.2631  1028.2622    34.4619    34.4592    7.91157         36 0.0000e+00
    131.000    129.673     0.5573  29.155542     0.5521  29.150246     5.4005     5.2639     0.0078    97.4721 1.0000e-12  -65.23318  -66.77508 331.192068      99.97 0.0000e+00   1602.692      38466  1028.2528  1028.2523    34.4477    34.4466    7.92568         21 0.0000e+00
    130.000    128.683     0.4849  29.079951     0.4707  29.063991     5.4099     5.2803     0.0069    97.4721 1.0000e-12  -65.23318  -66.77508 331.192077      99.98 0.0000e+00   1603.483      38485  1028.2402  1028.2373    34.4302    34.4252    7.94149         18 0.0000e+00
    129.000    127.693     0.4205  29.013971     0.4085  29.002064     5.4098     5.2956     0.0065    97.4679 1.0000e-12  -65.23318  -66.77508 331.192086      99.97 0.0000e+00   1604.238      38503  1028.2298  1028.2288    34.4164    34.4141    7.95551         19 0.0000e+00
    128.000    126.703     0.4669  29.060792     0.4262  29.019185     5.4044     5.2881     0.0193    97.4566 1.0000e-12  -65.23318  -66.77508 331.192105      99.97 0.0000e+00   1605.840      38541  1028.2282  1028.2242    34.4265    34.4174    7.94540         33 0.0000e+00
    127.000    125.715     0.4753  29.069962     0.4359  29.028851     5.4352     5.3231     0.0131    97.4726 1.0000e-12  -65.23318  -66.77507 331.192151      99.98 0.0000e+00   1609.878      38638  1028.2239  1028.2192    34.4297    34.4198    7.94349         23 0.0000e+00
    126.000    124.724     0.4217  29.014431     0.4166  29.008232     5.4416     5.3418     0.0032    97.4721 1.0000e-12  -65.23318  -66.77508 331.192159      99.98 0.0000e+00   1610.572      38655  1028.2139  1028.2119    34.4174    34.4149    7.95520         17 0.0000e+00
    125.000    123.736     0.3893  28.980300     0.3915  28.982132     5.4609     5.3399     0.0102    97.4721 1.0000e-12  -65.23316  -66.77508 331.192168      99.97 0.0000e+00   1611.271      38671  1028.2054  1028.2048    34.4095    34.4094    7.96232         17 0.0000e+00
    124.000    122.745     0.3647  28.954573     0.3640  28.953299     5.4766     5.3396     0.0135    97.4703 1.0000e-12  -65.23316  -66.77508 331.192176      99.98 0.0000e+00   1612.052      38690  1028.1979  1028.1969    34.4038    34.4029    7.96772         21 0.0000e+00
    123.000    121.755     0.3853  28.975715     0.3742  28.964691     5.4491     5.3421     0.0153    97.4540 1.0000e-12  -65.23318  -66.77507 331.192204      99.98 0.0000e+00   1614.413      38747  1028.1946  1028.1937    34.4091    34.4070    7.96316         36 0.0000e+00
    122.000    120.767     0.3894  28.980305     0.3818  28.971619     5.4231     5.3503     0.0213    97.4321 1.0000e-12  -65.23318  -66.77506 331.192244      99.98 0.0000e+00   1617.860      38830  1028.1903  1028.1885    34.4111    34.4083    7.96220         37 0.0000e+00
    121.000    119.776     0.3796  28.970082     0.3793  28.968049     5.4721     5.3769     0.0161    97.4502 1.0000e-12  -65.23318  -66.77508 331.192259      99.98 0.0000e+00   1619.166      38861  1028.1846  1028.1827    34.4092    34.4070    7.96432         33 0.0000e+00
    120.000    118.788     0.3466  28.934161     0.3437  28.930510     5.5484     5.4242     0.0140    97.4671 1.0000e-12  -65.23316  -66.77508 331.192274      99.97 0.0000e+00   1620.510      38893  1028.1749  1028.1737    34.3997    34.3981    7.97169         31 0.0000e+00
    119.000    117.797     0.3095  28.895753     0.3034  28.888587     5.5616     5.4420     0.0175    97.4465 1.0000e-12  -65.23316  -66.77508 331.192289      99.98 0.0000e+00   1621.800      38924  1028.1662  1028.1644    34.3913    34.3886    7.97983         32 0.0000e+00
    118.000    116.809     0.2856  28.870589     0.2768  28.860699     5.5596     5.4406     0.0323    97.4463 1.0000e-12  -65.23316  -66.77508 331.192306      99.98 0.0000e+00   1623.262      38959  1028.1584  1028.1565    34.3855    34.3823    7.98511         38 0.0000e+00
    117.000    115.817     0.3153  28.901642     0.3056  28.890508     5.5155     5.4404     0.0256    97.4339 1.0000e-12  -65.23318  -66.77506 331.192356      99.98 0.0000e+00   1627.578      39063  1028.1567  1028.1543    34.3937    34.3899    7.97849         33 0.0000e+00
    116.000    114.829     0.3129  28.897605     0.2892  28.873115     5.5636     5.4589     0.0131    97.4488 1.0000e-12  -65.23317  -66.77508 331.192380      99.98 0.0000e+00   1629.597      39111  1028.1503  1028.1475    34.3917    34.3860    7.97910         25 0.0000e+00
    115.000    113.840     0.2687  28.851697     0.2616  28.843746     5.5840     5.4682     0.0153    97.4456 1.0000e-12  -65.23316  -66.77508 331.192392      99.98 0.0000e+00   1630.670      39137  1028.1409  1028.1392    34.3813    34.3788    7.98884         32 0.0000e+00
    114.000    112.848     0.2748  28.858525     0.2737  28.856207     5.5370     5.4498     0.0269    97.4442 1.0000e-12  -65.23316  -66.77507 331.192436      99.97 0.0000e+00   1634.454      39228  1028.1371  1028.1356    34.3841    34.3823    7.98742         25 0.0000e+00
    113.000    111.860     0.2862  28.870191     0.2858  28.868413     5.5898     5.4726     0.0257    97.4448 1.0000e-12  -65.23318  -66.77508 331.192499      99.98 0.0000e+00   1639.946      39360  1028.1336  1028.1320    34.3872    34.3854    7.98487         33 0.0000e+00
    112.000    110.870     0.2718  28.852774     0.2650  28.844658     5.6740     5.5263     0.0163    97.4423 1.0000e-12  -65.23318  -66.77508 331.192520      99.98 0.0000e+00   1641.692      39402  1028.1251  1028.1231    34.3811    34.3780    7.98822         32 0.0000e+00
    111.000    109.880     0.2077  28.786139     0.2180  28.797062     5.6531     5.5161     0.0276    97.4410 1.0000e-12  -65.23318  -66.77508 331.192564      99.98 0.0000e+00   1645.530      39494  1028.1125  1028.1141    34.3656    34.3686    8.00239         44 0.0000e+00
    110.000    108.891     0.2000  28.778004     0.2060  28.781302     5.6888     5.5590     0.0257    97.4211 1.0000e-12  -65.23318  -66.77508 331.192605      99.98 0.0000e+00   1649.109      39580  1028.1065  1028.1042    34.3641    34.3617    8.00407         39 0.0000e+00
