NBP2113_155081_ctd/data/nbp2113_035.cnv
* Sea-Bird SBE 9 Data File:
* FileName = D:\Data\raw\NBP2113_035.hex
* Software Version Seasave V 7.26.7.121
* Temperature SN = 2438
* Conductivity SN = 2067
* Number of Bytes Per Scan = 40
* Number of Voltage Words = 5
* Number of Scans Averaged by the Deck Unit = 1
* NMEA Latitude = 64 56.00 S
* NMEA Longitude = 064 23.93 W
* NMEA UTC (Time) = Dec 09 2021  05:14:22
* NMEA baud rate = 9600
** Ship: RVIB N.B. Palmer
** Cruise: NBP2113 LTER
** Station: 600.040
** Operator: B. Urmston
# nquan = 25
# nvalues = 241                         
# units = specified
# name 0 = prDM: Pressure, Digiquartz [db]
# name 1 = depSM: Depth [salt water, m]
# name 2 = t090C: Temperature [ITS-90, deg C]
# name 3 = c0mS/cm: Conductivity [mS/cm]
# name 4 = t190C: Temperature, 2 [ITS-90, deg C]
# name 5 = c1mS/cm: Conductivity, 2 [mS/cm]
# name 6 = sbeox0ML/L: Oxygen, SBE 43 [ml/l]
# name 7 = sbeox1ML/L: Oxygen, SBE 43, 2 [ml/l]
# name 8 = flECO-AFL: Fluorescence, WET Labs ECO-AFL/FL [mg/m^3]
# name 9 = CStarTr0: Beam Transmission, WET Labs C-Star [%]
# name 10 = par: PAR/Irradiance, Biospherical/Licor
# name 11 = latitude: Latitude [deg]
# name 12 = longitude: Longitude [deg]
# name 13 = timeJ: Julian Days
# name 14 = altM: Altimeter [m]
# name 15 = spar: SPAR, Biospherical/Licor
# name 16 = timeS: Time, Elapsed [seconds]
# name 17 = scan: Scan Count
# name 18 = density00: Density [density, kg/m^3]
# name 19 = density11: Density, 2 [density, kg/m^3]
# name 20 = sal00: Salinity, Practical [PSU]
# name 21 = sal11: Salinity, Practical, 2 [PSU]
# name 22 = oxsolML/L: Oxygen Saturation, Garcia & Gordon [ml/l]
# name 23 = nbin: number of scans per bin
# name 24 = flag: flag
# span 0 =      1.000,    123.000       
# span 1 =      0.991,    121.758       
# span 2 =    -0.9686,     0.2360       
# span 3 =  27.170866,  28.833658       
# span 4 =    -0.9681,     0.2330       
# span 5 =  27.169479,  28.828895       
# span 6 =     5.6388,     9.2262       
# span 7 =     5.7026,     9.9121       
# span 8 =     0.0159,     1.7635       
# span 9 =    88.4164,    95.5653       
# span 10 = -1.139e-05, 4.2827e+00      
# span 11 =  -64.93360,  -64.93352      
# span 12 =  -64.40202,  -64.40025      
# span 13 = 343.221557, 343.229317      
# span 14 =      -5.30,     107.23      
# span 15 = 0.0000e+00, 0.0000e+00      
# span 16 =    280.553,    951.009      
# span 17 =       6734,      22825      
# span 18 =  1027.0054,  1028.1855      
# span 19 =  1027.0039,  1028.1833      
# span 20 =    33.5790,    34.3894      
# span 21 =    33.5734,    34.3871      
# span 22 =    7.99519,    8.29979      
# span 23 =         12,         47      
# span 24 = 0.0000e+00, 0.0000e+00      
# interval = decibars: 1                
# start_time = Dec 09 2021 05:14:22 [NMEA time, header]
# bad_flag = -9.990e-29
*END*
[from data line 58]
     63.000     62.372    -0.1386  28.361956    -0.1392  28.359218     6.4736     6.4843     0.0761    95.2298 1.0000e-12  -64.93353  -64.40081 343.223988      99.97 0.0000e+00    490.601      11775  1027.7841  1027.7819    34.2210    34.2180    8.08323         25 0.0000e+00
     64.000     63.364    -0.0877  28.412563    -0.0884  28.410506     6.4511     6.4967     0.0869    95.2319 1.0000e-12  -64.93352  -64.40080 343.224000      99.97 0.0000e+00    491.641      11800  1027.7929  1027.7913    34.2306    34.2287    8.07193         26 0.0000e+00
     65.000     64.352    -0.0538  28.455461    -0.0532  28.454572     6.4056     6.4621     0.0979    95.2262 1.0000e-12  -64.93352  -64.40081 343.224036      99.98 0.0000e+00    494.725      11874  1027.8103  1027.8088    34.2489    34.2471    8.06372         37 0.0000e+00
     66.000     65.343    -0.0496  28.462949    -0.0497  28.461446     6.3661     6.4128     0.0991    95.1540 1.0000e-12  -64.93353  -64.40086 343.224129      99.97 0.0000e+00    502.766      12067  1027.8199  1027.8183    34.2535    34.2517    8.06258         35 0.0000e+00
     67.000     66.332    -0.0480  28.465013    -0.0481  28.463575     6.3740     6.4247     0.0889    95.1800 1.0000e-12  -64.93352  -64.40084 343.224140      99.97 0.0000e+00    503.668      12089  1027.8250  1027.8234    34.2540    34.2521    8.06223         21 0.0000e+00
     68.000     67.323    -0.0384  28.475783    -0.0386  28.474511     6.3748     6.4227     0.0786    95.1658 1.0000e-12  -64.93352  -64.40084 343.224149      99.98 0.0000e+00    504.491      12109  1027.8314  1027.8301    34.2569    34.2553    8.06004         21 0.0000e+00
     69.000     68.312    -0.0337  28.481774    -0.0346  28.479544     6.3832     6.4256     0.0762    95.1809 1.0000e-12  -64.93353  -64.40085 343.224180      99.97 0.0000e+00    507.148      12173  1027.8378  1027.8361    34.2590    34.2569    8.05893         38 0.0000e+00
     70.000     69.305    -0.0307  28.485629    -0.0310  28.483896     6.3715     6.4181     0.0932    95.1578 1.0000e-12  -64.93354  -64.40089 343.224251      99.97 0.0000e+00    513.328      12321  1027.8437  1027.8421    34.2600    34.2581    8.05823         35 0.0000e+00
     71.000     70.292    -0.0308  28.486224    -0.0307  28.484906     6.3774     6.4126     0.0839    95.1595 1.0000e-12  -64.93354  -64.40088 343.224280      99.97 0.0000e+00    515.793      12380  1027.8489  1027.8474    34.2604    34.2585    8.05824         32 0.0000e+00
     72.000     71.282    -0.0263  28.491405    -0.0265  28.489778     6.3793     6.4066     0.0761    95.1469 1.0000e-12  -64.93354  -64.40088 343.224293      99.97 0.0000e+00    516.928      12407  1027.8543  1027.8526    34.2616    34.2596    8.05723         27 0.0000e+00
     73.000     72.273    -0.0183  28.500698    -0.0183  28.499065     6.3490     6.4064     0.0709    95.1592 1.0000e-12  -64.93354  -64.40088 343.224307      99.97 0.0000e+00    518.129      12436  1027.8607  1027.8590    34.2644    34.2622    8.05538         31 0.0000e+00
     74.000     73.263    -0.0119  28.508723    -0.0123  28.506881     6.3625     6.3878     0.0765    95.1726 1.0000e-12  -64.93354  -64.40092 343.224374      99.97 0.0000e+00    523.919      12575  1027.8676  1027.8660    34.2672    34.2652    8.05387         29 0.0000e+00
     75.000     74.251    -0.0096  28.511718    -0.0096  28.510366     6.3498     6.3760     0.0712    95.1999 1.0000e-12  -64.93354  -64.40093 343.224425      99.97 0.0000e+00    528.338      12681  1027.8731  1027.8716    34.2680    34.2662    8.05335         26 0.0000e+00
     76.000     75.241    -0.0043  28.517789    -0.0044  28.516434     6.3307     6.3840     0.0679    95.2062 1.0000e-12  -64.93354  -64.40092 343.224433      99.97 0.0000e+00    528.984      12697  1027.8785  1027.8772    34.2694    34.2678    8.05214         18 0.0000e+00
     77.000     76.232    -0.0007  28.522220    -0.0010  28.520830     6.3206     6.3834     0.0692    95.2004 1.0000e-12  -64.93354  -64.40091 343.224441      99.97 0.0000e+00    529.730      12715  1027.8841  1027.8829    34.2707    34.2692    8.05132         18 0.0000e+00
     78.000     77.222     0.0120  28.536407     0.0113  28.534649     6.3499     6.3784     0.0728    95.1904 1.0000e-12  -64.93354  -64.40090 343.224451      99.97 0.0000e+00    530.528      12734  1027.8911  1027.8898    34.2747    34.2732    8.04843         21 0.0000e+00
     79.000     78.212     0.0184  28.544207     0.0183  28.542921     6.3481     6.3809     0.0764    95.1867 1.0000e-12  -64.93354  -64.40094 343.224485      99.97 0.0000e+00    533.492      12805  1027.8975  1027.8962    34.2772    34.2756    8.04694         28 0.0000e+00
     80.000     79.200     0.0254  28.552502     0.0242  28.549874     6.3250     6.3753     0.0694    95.2056 1.0000e-12  -64.93354  -64.40098 343.224553      99.97 0.0000e+00    539.351      12945  1027.9039  1027.9023    34.2798    34.2777    8.04532         16 0.0000e+00
     81.000     80.191     0.0303  28.558195     0.0299  28.556618     6.3227     6.3774     0.0690    95.2061 1.0000e-12  -64.93354  -64.40098 343.224563      99.98 0.0000e+00    540.233      12967  1027.9096  1027.9082    34.2812    34.2796    8.04421         19 0.0000e+00
     82.000     81.183     0.0330  28.562233     0.0308  28.558037     6.3193     6.3698     0.0755    95.1866 1.0000e-12  -64.93354  -64.40098 343.224589      99.97 0.0000e+00    542.455      13020  1027.9157  1027.9134    34.2830    34.2799    8.04355         35 0.0000e+00
     83.000     82.171     0.0381  28.569156     0.0375  28.566930     6.3132     6.3496     0.0743    95.1811 1.0000e-12  -64.93355  -64.40100 343.224653      99.97 0.0000e+00    548.055      13154  1027.9226  1027.9207    34.2858    34.2835    8.04232         38 0.0000e+00
     84.000     83.163     0.0393  28.571278     0.0389  28.569697     6.2804     6.3417     0.0809    95.1764 1.0000e-12  -64.93354  -64.40101 343.224682      99.97 0.0000e+00    550.492      13213  1027.9281  1027.9268    34.2867    34.2850    8.04202         34 0.0000e+00
     85.000     84.150     0.0313  28.565008     0.0344  28.566237     6.2543     6.3246     0.0834    95.1959 1.0000e-12  -64.93354  -64.40102 343.224712      99.97 0.0000e+00    553.126      13276  1027.9336  1027.9319    34.2867    34.2849    8.04369         39 0.0000e+00
     86.000     85.140     0.0298  28.563861     0.0306  28.563255     6.2644     6.3166     0.0756    95.2066 1.0000e-12  -64.93356  -64.40102 343.224734      99.97 0.0000e+00    555.026      13322  1027.9382  1027.9368    34.2863    34.2846    8.04403         37 0.0000e+00
     87.000     86.130     0.0273  28.562445     0.0277  28.561622     6.2621     6.3077     0.0771    95.2173 1.0000e-12  -64.93356  -64.40104 343.224786      99.98 0.0000e+00    559.537      13430  1027.9434  1027.9421    34.2866    34.2850    8.04454         31 0.0000e+00
     88.000     87.118     0.0285  28.564291     0.0287  28.562949     6.2561     6.3050     0.0740    95.2443 1.0000e-12  -64.93356  -64.40104 343.224805      99.98 0.0000e+00    561.165      13469  1027.9485  1027.9469    34.2871    34.2851    8.04426         33 0.0000e+00
     89.000     88.108     0.0408  28.577851     0.0410  28.576740     6.2359     6.3005     0.0727    95.2274 1.0000e-12  -64.93356  -64.40106 343.224824      99.97 0.0000e+00    562.805      13508  1027.9551  1027.9538    34.2906    34.2890    8.04147         28 0.0000e+00
     90.000     89.100     0.0542  28.591958     0.0535  28.590120     6.2660     6.2998     0.0805    95.1467 1.0000e-12  -64.93356  -64.40106 343.224885      99.97 0.0000e+00    568.096      13635  1027.9615  1027.9603    34.2937    34.2921    8.03850         33 0.0000e+00
     91.000     90.089     0.0638  28.602891     0.0642  28.602003     6.2219     6.2752     0.0715    95.1398 1.0000e-12  -64.93356  -64.40106 343.224909      99.97 0.0000e+00    570.093      13683  1027.9681  1027.9668    34.2968    34.2952    8.03631         33 0.0000e+00
     92.000     91.078     0.0718  28.612062     0.0724  28.611076     6.1597     6.2615     0.0649    95.1401 1.0000e-12  -64.93356  -64.40106 343.224924      99.97 0.0000e+00    571.391      13714  1027.9744  1027.9728    34.2994    34.2975    8.03449         32 0.0000e+00
     93.000     92.070     0.0779  28.622080     0.0776  28.620478     6.1136     6.2105     0.0662    95.1732 1.0000e-12  -64.93356  -64.40111 343.224970      99.98 0.0000e+00    575.409      13811  1027.9836  1027.9821    34.3052    34.3034    8.03288         36 0.0000e+00
     94.000     93.058     0.0878  28.637323     0.0877  28.635865     6.0815     6.1542     0.0767    95.1875 1.0000e-12  -64.93356  -64.40111 343.225008      99.97 0.0000e+00    578.655      13889  1027.9946  1027.9931    34.3137    34.3118    8.03033         33 0.0000e+00
     95.000     94.048     0.0878  28.639009     0.0872  28.637125     6.0779     6.1613     0.0638    95.2003 1.0000e-12  -64.93356  -64.40112 343.225027      99.97 0.0000e+00    580.353      13929  1028.0008  1027.9993    34.3153    34.3135    8.03023         33 0.0000e+00
     96.000     95.038     0.0918  28.643822     0.0914  28.642310     6.0532     6.1174     0.0732    95.2477 1.0000e-12  -64.93358  -64.40114 343.225073      99.98 0.0000e+00    584.333      14025  1028.0065  1028.0052    34.3166    34.3150    8.02934         42 0.0000e+00
     97.000     96.027     0.0949  28.649573     0.0945  28.647837     6.0134     6.0927     0.0664    95.2370 1.0000e-12  -64.93357  -64.40115 343.225093      99.97 0.0000e+00    586.048      14066  1028.0138  1028.0124    34.3201    34.3183    8.02848         42 0.0000e+00
     98.000     97.015     0.0997  28.656429     0.0993  28.654915     6.0122     6.0723     0.0623    95.2611 1.0000e-12  -64.93358  -64.40117 343.225138      99.98 0.0000e+00    589.892      14158  1028.0209  1028.0197    34.3232    34.3217    8.02731         35 0.0000e+00
     99.000     98.006     0.1048  28.662856     0.1039  28.660996     6.0319     6.0813     0.0686    95.2987 1.0000e-12  -64.93358  -64.40119 343.225167      99.97 0.0000e+00    592.394      14218  1028.0272  1028.0260    34.3254    34.3239    8.02612         44 0.0000e+00
    100.000     98.996     0.1141  28.674136     0.1133  28.672169     6.0492     6.0691     0.0722    95.2906 1.0000e-12  -64.93358  -64.40118 343.225194      99.97 0.0000e+00    594.800      14276  1028.0343  1028.0330    34.3292    34.3275    8.02395         39 0.0000e+00
    101.000     99.985     0.1154  28.677447     0.1153  28.676075     6.0304     6.0662     0.0676    95.2567 1.0000e-12  -64.93358  -64.40118 343.225215      99.97 0.0000e+00    596.549      14318  1028.0409  1028.0396    34.3315    34.3298    8.02355         36 0.0000e+00
    102.000    100.974     0.1182  28.681000     0.1177  28.679348     6.0070     6.0587     0.0628    95.2569 1.0000e-12  -64.93358  -64.40121 343.225250      99.97 0.0000e+00    599.561      14390  1028.0464  1028.0451    34.3325    34.3309    8.02291         34 0.0000e+00
    103.000    101.966     0.1255  28.690034     0.1250  28.688589     5.9799     6.0319     0.0619    95.2746 1.0000e-12  -64.93358  -64.40124 343.225298      99.97 0.0000e+00    603.759      14491  1028.0533  1028.0522    34.3357    34.3343    8.02122         39 0.0000e+00
    104.000    102.955     0.1264  28.693445     0.1271  28.692948     5.9519     6.0025     0.0680    95.2578 1.0000e-12  -64.93358  -64.40123 343.225331      99.97 0.0000e+00    606.608      14560  1028.0604  1028.0592    34.3386    34.3372    8.02086         35 0.0000e+00
    105.000    103.944     0.1288  28.697273     0.1308  28.699091     5.8950     5.9867     0.0703    95.2871 1.0000e-12  -64.93358  -64.40124 343.225348      99.97 0.0000e+00    608.065      14595  1028.0664  1028.0664    34.3404    34.3406    8.02026         28 0.0000e+00
    106.000    104.934     0.1343  28.706051     0.1344  28.705033     5.8952     5.9910     0.0588    95.2923 1.0000e-12  -64.93358  -64.40124 343.225362      99.97 0.0000e+00    609.251      14623  1028.0747  1028.0735    34.3452    34.3437    8.01884         31 0.0000e+00
    107.000    105.926     0.1407  28.715099     0.1401  28.712575     5.8323     5.9204     0.0476    95.3538 1.0000e-12  -64.93358  -64.40128 343.225426      99.97 0.0000e+00    614.765      14755  1028.0825  1028.0803    34.3494    34.3467    8.01727         33 0.0000e+00
    108.000    106.915     0.1572  28.733499     0.1567  28.731319     5.7764     5.8805     0.0471    95.3532 1.0000e-12  -64.93358  -64.40129 343.225451      99.98 0.0000e+00    616.930      14807  1028.0901  1028.0883    34.3545    34.3523    8.01353         31 0.0000e+00
    109.000    107.904     0.1723  28.750437     0.1702  28.746810     5.7547     5.8542     0.0530    95.3730 1.0000e-12  -64.93358  -64.40129 343.225470      99.97 0.0000e+00    618.574      14847  1028.0976  1028.0959    34.3594    34.3570    8.01011         42 0.0000e+00
    110.000    108.895     0.1966  28.777820     0.1900  28.768529     5.7138     5.8028     0.0629    95.3983 1.0000e-12  -64.93358  -64.40131 343.225507      99.97 0.0000e+00    621.834      14925  1028.1074  1028.1041    34.3677    34.3629    8.00459         25 0.0000e+00
    111.000    109.881     0.2019  28.787012     0.2017  28.785589     5.7061     5.7744     0.0477    95.4724 1.0000e-12  -64.93358  -64.40134 343.225561      99.97 0.0000e+00    626.433      15035  1028.1170  1028.1156    34.3734    34.3717    8.00318         33 0.0000e+00
    112.000    110.873     0.2011  28.787728     0.2009  28.786348     5.7061     5.7687     0.0569    95.4425 1.0000e-12  -64.93358  -64.40134 343.225579      99.97 0.0000e+00    628.001      15073  1028.1229  1028.1216    34.3745    34.3730    8.00327         30 0.0000e+00
    113.000    111.862     0.2023  28.791157     0.2025  28.789749     5.7046     5.7670     0.0575    95.4308 1.0000e-12  -64.93360  -64.40134 343.225593      99.97 0.0000e+00    629.267      15103  1028.1297  1028.1279    34.3771    34.3750    8.00287         34 0.0000e+00
    114.000    112.852     0.2067  28.796181     0.2059  28.794482     5.6964     5.7554     0.0553    95.4831 1.0000e-12  -64.93359  -64.40137 343.225640      99.97 0.0000e+00    633.282      15200  1028.1352  1028.1340    34.3782    34.3768    8.00190         46 0.0000e+00
    115.000    113.841     0.2151  28.805382     0.2143  28.803316     5.6787     5.7318     0.0494    95.4780 1.0000e-12  -64.93358  -64.40138 343.225688      99.97 0.0000e+00    637.456      15300  1028.1411  1028.1396    34.3803    34.3785    8.00003         30 0.0000e+00
    116.000    114.831     0.2186  28.809825     0.2190  28.808761     5.6759     5.7314     0.0534    95.4795 1.0000e-12  -64.93358  -64.40140 343.225699      99.97 0.0000e+00    638.436      15323  1028.1466  1028.1450    34.3816    34.3798    7.99922         26 0.0000e+00
    117.000    115.820     0.2205  28.812359     0.2214  28.811973     5.6738     5.7318     0.0487    95.4999 1.0000e-12  -64.93360  -64.40140 343.225715      99.97 0.0000e+00    639.736      15355  1028.1518  1028.1505    34.3823    34.3807    7.99880         35 0.0000e+00
    118.000    116.810     0.2248  28.816905     0.2246  28.815609     5.6670     5.7159     0.0474    95.5203 1.0000e-12  -64.93358  -64.40144 343.225790      99.97 0.0000e+00    646.285      15512  1028.1569  1028.1556    34.3828    34.3813    7.99787         36 0.0000e+00
    119.000    117.801     0.2291  28.821936     0.2292  28.821257     5.6430     5.7109     0.0506    95.5129 1.0000e-12  -64.93358  -64.40142 343.225804      99.97 0.0000e+00    647.488      15541  1028.1624  1028.1615    34.3841    34.3831    7.99692         24 0.0000e+00
