NBP2113_155081_ctd/data/nbp2113_044.ros
* Sea-Bird SBE 9 Data File:
* FileName = D:\Data\raw\NBP2113_044.hex
* Software Version Seasave V 7.26.7.121
* Temperature SN = 2438
* Conductivity SN = 2067
* Number of Bytes Per Scan = 40
* Number of Voltage Words = 5
* Number of Scans Averaged by the Deck Unit = 1
* NMEA Latitude = 64 55.93 S
* NMEA Longitude = 064 23.72 W
* NMEA UTC (Time) = Dec 11 2021  01:40:08
* NMEA baud rate = 9600
** Ship: RVIB N.B. Palmer
** Cruise: NBP2113 LTER
** Station: 600.040
** Operator: S. Blackman
# nquan = 20
# nvalues = 194                                   
# units = specified
# name 0 = prDM: Pressure, Digiquartz [db]
# name 1 = depSM: Depth [salt water, m]
# name 2 = t090C: Temperature [ITS-90, deg C]
# name 3 = c0mS/cm: Conductivity [mS/cm]
# name 4 = t190C: Temperature, 2 [ITS-90, deg C]
# name 5 = c1mS/cm: Conductivity, 2 [mS/cm]
# name 6 = sbeox0ML/L: Oxygen, SBE 43 [ml/l]
# name 7 = sbeox1ML/L: Oxygen, SBE 43, 2 [ml/l]
# name 8 = flECO-AFL: Fluorescence, WET Labs ECO-AFL/FL [mg/m^3]
# name 9 = CStarTr0: Beam Transmission, WET Labs C-Star [%]
# name 10 = par: PAR/Irradiance, Biospherical/Licor
# name 11 = latitude: Latitude [deg]
# name 12 = longitude: Longitude [deg]
# name 13 = timeJ: Julian Days
# name 14 = altM: Altimeter [m]
# name 15 = spar: SPAR, Biospherical/Licor
# name 16 = timeS: Time, Elapsed [seconds]
# name 17 = scan: Scan Count
# name 18 = nbf: Bottles Fired
# name 19 = flag:  0.000e+00
# interval = seconds: 0.0416667
# start_time = Dec 11 2021 01:40:08 [NMEA time, header]
# bad_flag = -9.990e-29
*END*
     15.380     15.228    -0.8466  27.239840    -0.8452  27.242111     7.8814     7.9092     1.7798    85.6787 1.1650e+00  -64.93250  -64.39580 345.078009      99.98 7.0515e+00    731.958      17568          1  0.000e+00
     15.414     15.262    -0.8463  27.240125    -0.8457  27.241833     7.8829     7.9099     1.7872    85.6787 1.1650e+00  -64.93250  -64.39580 345.078009      99.98 7.0515e+00    732.000      17569          1  0.000e+00
     15.482     15.330    -0.8465  27.239840    -0.8458  27.241610     7.8919     7.9163     1.6846    85.6787 1.1650e+00  -64.93250  -64.39580 345.078010      99.95 7.0515e+00    732.042      17570          1  0.000e+00
     15.366     15.215    -0.8464  27.239840    -0.8462  27.240328     7.8888     7.9179     1.5234    85.6787 1.1598e+00  -64.93250  -64.39580 345.078010      99.95 7.0515e+00    732.083      17571          1  0.000e+00
     15.482     15.330    -0.8462  27.239840    -0.8463  27.239771     7.8964     7.9198     1.4795    85.6787 1.1598e+00  -64.93250  -64.39580 345.078011      99.98 7.0515e+00    732.125      17572          1  0.000e+00
     15.414     15.262    -0.8463  27.239840    -0.8464  27.239548     7.8933     7.9160     1.4795    85.6530 1.1598e+00  -64.93250  -64.39580 345.078011      99.98 7.0515e+00    732.167      17573          1  0.000e+00
     15.414     15.262    -0.8464  27.240353    -0.8468  27.239493     7.9080     7.9171     1.4941    85.6787 1.1598e+00  -64.93250  -64.39580 345.078012      99.98 7.0515e+00    732.208      17574          1  0.000e+00
     15.482     15.330    -0.8467  27.240353    -0.8464  27.238490     7.9124     7.9173     1.4941    85.6787 1.1547e+00  -64.93250  -64.39580 345.078012      99.93 7.0515e+00    732.250      17575          1  0.000e+00
     15.462     15.310    -0.8460  27.239840    -0.8466  27.238991     7.9104     7.9176     1.4941    85.6530 1.1547e+00  -64.93250  -64.39580 345.078013      99.95 7.0515e+00    732.292      17576          1  0.000e+00
     15.482     15.330    -0.8463  27.240353    -0.8465  27.238768     7.9146     7.9188     1.4868    85.6015 1.1547e+00  -64.93250  -64.39580 345.078013      99.98 7.0515e+00    732.333      17577          1  0.000e+00
     15.516     15.364    -0.8463  27.240639    -0.8464  27.238768     7.9231     7.9193     1.4941    85.5757 1.1547e+00  -64.93250  -64.39580 345.078014      99.98 7.0515e+00    732.375      17578          1  0.000e+00
     15.482     15.330    -0.8463  27.240125    -0.8466  27.238267     7.9271     7.9254     1.4941    85.5757 1.1547e+00  -64.93250  -64.39580 345.078014      99.98 7.0515e+00    732.417      17579          1  0.000e+00
     15.462     15.310    -0.8467  27.240639    -0.8472  27.237710     7.9309     7.9270     1.4941    85.6015 1.1547e+00  -64.93250  -64.39580 345.078015      99.98 7.0515e+00    732.458      17580          1  0.000e+00
     15.530     15.377    -0.8467  27.240125    -0.8470  27.237208     7.9347     7.9285     1.4941    85.6015 1.1547e+00  -64.93250  -64.39580 345.078015      99.98 7.0515e+00    732.500      17581          1  0.000e+00
     15.516     15.364    -0.8470  27.239840    -0.8469  27.236930     7.9442     7.9300     1.4868    85.6015 1.1496e+00  -64.93250  -64.39580 345.078016      99.95 7.0515e+00    732.542      17582          1  0.000e+00
     15.516     15.364    -0.8467  27.238813    -0.8465  27.236428     7.9417     7.9315     1.4868    85.6015 1.1547e+00  -64.93250  -64.39580 345.078016      99.95 7.0515e+00    732.583      17583          1  0.000e+00
     15.530     15.377    -0.8467  27.239327    -0.8460  27.236930     7.9494     7.9321     1.4941    85.6015 1.1547e+00  -64.93250  -64.39580 345.078016      99.98 7.0515e+00    732.625      17584          1  0.000e+00
     15.516     15.364    -0.8463  27.238299    -0.8461  27.237487     7.9478     7.9383     1.4941    85.6015 1.1547e+00  -64.93250  -64.39580 345.078017      99.98 7.0515e+00    732.667      17585          1  0.000e+00
     15.530     15.377    -0.8460  27.239041    -0.8468  27.237208     7.9624     7.9399     1.4941    85.6015 1.1547e+00  -64.93250  -64.39580 345.078017      99.98 7.0515e+00    732.708      17586          1  0.000e+00
     15.564     15.411    -0.8458  27.239327    -0.8472  27.236206     7.9664     7.9416     1.4941    85.6015 1.1547e+00  -64.93250  -64.39580 345.078018      99.93 7.0515e+00    732.750      17587          1  0.000e+00
     15.585     15.432    -0.8456  27.240354    -0.8474  27.235370     7.9685     7.9376     1.4941    85.5757 1.1547e+00  -64.93250  -64.39580 345.078018      99.95 7.0515e+00    732.792      17588          1  0.000e+00
     15.564     15.411    -0.8454  27.240867    -0.8474  27.235648     7.9732     7.9437     1.4941    85.5757 1.1547e+00  -64.93250  -64.39580 345.078019      99.98 7.0515e+00    732.833      17589          1  0.000e+00
     15.585     15.432    -0.8457  27.240867    -0.8477  27.236206     7.9823     7.9451     1.4941    85.6015 1.1547e+00  -64.93250  -64.39580 345.078019      99.98 7.0515e+00    732.875      17590          1  0.000e+00
     15.564     15.411    -0.8456  27.240639    -0.8473  27.236428     7.9864     7.9464     1.4941    85.6015 1.1547e+00  -64.93250  -64.39580 345.078020      99.98 7.0515e+00    732.917      17591          1  0.000e+00
     15.585     15.432    -0.8459  27.240639    -0.8474  27.235927     7.9830     7.9478     1.4868    85.6015 1.1547e+00  -64.93250  -64.39580 345.078020      99.98 7.0515e+00    732.958      17592          1  0.000e+00
     15.619     15.465    -0.8467  27.240354    -0.8483  27.236206     7.9971     7.9493     1.4941    85.6015 1.1598e+00  -64.93250  -64.39580 345.078021      99.98 7.0515e+00    733.000      17593          1  0.000e+00
     15.564     15.411    -0.8471  27.239555    -0.8485  27.235649     8.0016     7.9561     1.4868    85.6015 1.1598e+00  -64.93250  -64.39580 345.078021      99.95 7.0515e+00    733.042      17594          1  0.000e+00
     15.633     15.479    -0.8476  27.238528    -0.8481  27.235147     8.0044     7.9582     1.4868    85.6015 1.1650e+00  -64.93250  -64.39580 345.078022      99.95 7.0515e+00    733.083      17595          1  0.000e+00
     15.619     15.465    -0.8480  27.237786    -0.8475  27.234367     8.0096     7.9601     1.4795    85.5757 1.1598e+00  -64.93250  -64.39580 345.078022      99.98 7.0515e+00    733.125      17596          1  0.000e+00
     15.633     15.479    -0.8481  27.237273    -0.8474  27.234869     8.0188     7.9620     1.4062    85.4985 1.1650e+00  -64.93250  -64.39580 345.078023      99.98 7.0515e+00    733.167      17597          1  0.000e+00
     15.619     15.465    -0.8484  27.237216    -0.8475  27.235426     8.0230     7.9638     1.3769    85.4212 1.1650e+00  -64.93250  -64.39580 345.078023      99.95 7.0515e+00    733.208      17598          1  0.000e+00
     15.633     15.479    -0.8480  27.236702    -0.8470  27.235426     8.0252     7.9711     1.3769    85.4212 1.1650e+00  -64.93250  -64.39580 345.078024      99.93 7.0515e+00    733.250      17599          1  0.000e+00
     15.619     15.465    -0.8481  27.236189    -0.8476  27.235927     8.0284     7.9737     1.3842    85.4212 1.1702e+00  -64.93250  -64.39580 345.078024      99.95 7.0515e+00    733.292      17600          1  0.000e+00
     15.633     15.479    -0.8475  27.236189    -0.8480  27.235649     8.0369     7.9753     1.3842    85.4212 1.1702e+00  -64.93250  -64.39580 345.078025      99.98 7.0515e+00    733.333      17601          1  0.000e+00
     15.667     15.513    -0.8472  27.237786    -0.8478  27.235147     8.0404     7.9776     1.3842    85.4212 1.1702e+00  -64.93250  -64.39580 345.078025      99.98 7.0515e+00    733.375      17602          1  0.000e+00
     15.619     15.465    -0.8475  27.237273    -0.8482  27.235649     8.0420     7.9798     1.3842    85.4212 1.1702e+00  -64.93250  -64.39580 345.078026      99.98 7.0515e+00    733.417      17603          1  0.000e+00
     15.688     15.533    -0.8476  27.237501    -0.8486  27.235426     8.0431     7.9820     1.3842    85.4212 1.1702e+00  -64.93250  -64.39580 345.078026      99.98 7.0515e+00    733.458      17604          1  0.000e+00
     15.667     15.513    -0.8475  27.237501    -0.8486  27.234646     8.0568     7.9886     1.3842    85.4212 1.1702e+00  -64.93250  -64.39580 345.078027      99.98 7.0515e+00    733.500      17605          1  0.000e+00
     15.688     15.533    -0.8482  27.237787    -0.8483  27.234367     8.0595     7.9904     1.3842    85.4212 1.1702e+00  -64.93250  -64.39580 345.078027      99.95 7.0515e+00    733.542      17606          1  0.000e+00
     15.667     15.513    -0.8479  27.237273    -0.8483  27.234869     8.0614     7.9918     1.3842    85.4212 1.1702e+00  -64.93250  -64.39580 345.078028      99.95 7.0515e+00    733.583      17607          1  0.000e+00
     15.688     15.533    -0.8480  27.237216    -0.8484  27.235927     8.0655     7.9987     1.3842    85.4212 1.1702e+00  -64.93250  -64.39580 345.078028      99.98 7.0515e+00    733.625      17608          1  0.000e+00
     15.619     15.465    -0.8476  27.238300    -0.8482  27.235927     8.0747     8.0006     1.3842    85.4212 1.1753e+00  -64.93250  -64.39580 345.078029      99.98 7.0515e+00    733.667      17609          1  0.000e+00
     15.688     15.533    -0.8476  27.239042    -0.8486  27.235426     8.0790     8.0035     1.3842    85.4212 1.1753e+00  -64.93250  -64.39580 345.078029      99.98 7.0515e+00    733.708      17610          1  0.000e+00
     15.667     15.513    -0.8476  27.239099    -0.8489  27.234646     8.0826     8.0108     1.3842    85.4212 1.1753e+00  -64.93250  -64.39580 345.078030      99.93 7.0515e+00    733.750      17611          1  0.000e+00
     15.667     15.513    -0.8471  27.238300    -0.8491  27.233866     8.0974     8.0141     1.3842    85.4212 1.1753e+00  -64.93250  -64.39582 345.078030      99.95 7.0515e+00    733.792      17612          1  0.000e+00
     15.688     15.533    -0.8465  27.238300    -0.8493  27.233086     8.0964     8.0172     1.3842    85.4212 1.1753e+00  -64.93250  -64.39582 345.078030      99.98 7.0515e+00    733.833      17613          1  0.000e+00
     15.667     15.513    -0.8469  27.239042    -0.8492  27.232529     8.0993     8.0190     1.3842    85.4212 1.1753e+00  -64.93250  -64.39582 345.078031      99.98 7.0515e+00    733.875      17614          1  0.000e+00
     15.688     15.533    -0.8462  27.239327    -0.8488  27.232584     8.1000     8.0205     1.3842    85.4212 1.1753e+00  -64.93250  -64.39582 345.078031      99.98 7.0515e+00    733.917      17615          1  0.000e+00
     15.667     15.513    -0.8462  27.238813    -0.8491  27.232584     8.1074     8.0274     1.3842    85.4212 1.1753e+00  -64.93250  -64.39582 345.078032      99.98 7.0515e+00    733.958      17616          1  0.000e+00
     15.735     15.581    -0.8494  27.239327    -0.8504  27.237209     8.1078     8.1601     1.6699    83.4385 1.1041e+00  -64.93250  -64.39580 345.078105      99.93 7.0515e+00    740.250      17767          2  0.000e+00
     15.667     15.513    -0.8485  27.238528    -0.8504  27.236708     8.1007     8.1592     1.6699    83.4385 1.1041e+00  -64.93250  -64.39580 345.078105      99.95 7.0515e+00    740.292      17768          2  0.000e+00
     15.783     15.628    -0.8479  27.239327    -0.8513  27.236708     8.1068     8.1640     1.6699    83.4385 1.1041e+00  -64.93250  -64.39580 345.078106      99.98 7.0515e+00    740.333      17769          2  0.000e+00
     15.667     15.513    -0.8472  27.239555    -0.8518  27.236931     8.1038     8.1581     1.6699    83.4385 1.1041e+00  -64.93250  -64.39580 345.078106      99.98 7.0515e+00    740.375      17770          2  0.000e+00
     15.770     15.615    -0.8473  27.239327    -0.8519  27.236151     8.0892     8.1568     1.6699    83.4385 1.1041e+00  -64.93250  -64.39580 345.078107      99.98 7.0515e+00    740.417      17771          2  0.000e+00
     15.735     15.581    -0.8470  27.240069    -0.8523  27.236429     8.0876     8.1561     1.6699    83.4385 1.1091e+00  -64.93250  -64.39580 345.078107      99.98 7.0515e+00    740.458      17772          2  0.000e+00
     15.715     15.560    -0.8472  27.240126    -0.8521  27.236429     8.1024     8.1552     1.6699    83.4643 1.1041e+00  -64.93250  -64.39580 345.078108      99.98 7.0515e+00    740.500      17773          2  0.000e+00
     15.735     15.581    -0.8475  27.240354    -0.8523  27.235928     8.0917     8.1599     1.6699    83.4385 1.1041e+00  -64.93250  -64.39580 345.078108      99.95 7.0515e+00    740.542      17774          2  0.000e+00
     15.715     15.560    -0.8479  27.239841    -0.8518  27.236206     8.0960     8.1595     1.6699    83.4385 1.1091e+00  -64.93250  -64.39580 345.078109      99.95 7.0515e+00    740.583      17775          2  0.000e+00
     15.735     15.581    -0.8486  27.239841    -0.8523  27.235649     8.0839     8.1591     1.6699    83.4385 1.1041e+00  -64.93250  -64.39580 345.078109      99.98 7.0515e+00    740.625      17776          2  0.000e+00
     15.715     15.560    -0.8490  27.239612    -0.8521  27.236206     8.0985     8.1584     1.6699    83.4385 1.1041e+00  -64.93250  -64.39580 345.078110      99.98 7.0515e+00    740.667      17777          2  0.000e+00
     15.735     15.581    -0.8488  27.239841    -0.8526  27.235649     8.0933     8.1577     1.6699    83.4385 1.1091e+00  -64.93250  -64.39580 345.078110      99.95 7.0515e+00    740.708      17778          2  0.000e+00
     15.715     15.560    -0.8491  27.239099    -0.8523  27.235649     8.0912     8.1566     1.6699    83.3870 1.1091e+00  -64.93250  -64.39580 345.078111      99.93 7.0515e+00    740.750      17779          2  0.000e+00
     15.715     15.560    -0.8488  27.239841    -0.8519  27.235649     8.0916     8.1562     1.6699    83.3613 1.1091e+00  -64.93250  -64.39580 345.078111      99.95 7.0515e+00    740.792      17780          2  0.000e+00
     15.735     15.581    -0.8488  27.239327    -0.8511  27.235928     8.0966     8.1556     1.7505    83.3613 1.1091e+00  -64.93250  -64.39580 345.078111      99.98 7.0515e+00    740.833      17781          2  0.000e+00
     15.715     15.560    -0.8492  27.239327    -0.8504  27.235928     8.0910     8.1548     1.7945    83.3613 1.1091e+00  -64.93250  -64.39580 345.078112      99.98 7.0515e+00    740.875      17782          2  0.000e+00
     15.688     15.533    -0.8493  27.239327    -0.8500  27.236429     8.0793     8.1540     1.8018    83.3613 1.1091e+00  -64.93250  -64.39580 345.078112      99.98 7.0515e+00    740.917      17783          2  0.000e+00
     15.715     15.560    -0.8498  27.239327    -0.8500  27.236708     8.0842     8.1531     1.7945    83.3613 1.1091e+00  -64.93250  -64.39580 345.078113      99.98 7.0515e+00    740.958      17784          2  0.000e+00
     15.688     15.533    -0.8497  27.238814    -0.8502  27.236652     8.0831     8.1576     1.7945    83.3613 1.1091e+00  -64.93250  -64.39580 345.078113      99.98 7.0515e+00    741.000      17785          2  0.000e+00
     15.667     15.513    -0.8496  27.238528    -0.8509  27.236708     8.0894     8.1518     1.7945    83.3613 1.1141e+00  -64.93250  -64.39580 345.078114      99.95 7.0515e+00    741.042      17786          2  0.000e+00
     15.688     15.533    -0.8504  27.238814    -0.8511  27.236429     8.0825     8.1506     1.7945    83.3613 1.1141e+00  -64.93250  -64.39580 345.078114      99.95 7.0515e+00    741.083      17787          2  0.000e+00
     15.667     15.513    -0.8506  27.238814    -0.8517  27.236931     8.0858     8.1500     1.7945    83.3613 1.1141e+00  -64.93250  -64.39580 345.078115      99.98 7.0515e+00    741.125      17788          2  0.000e+00
     15.667     15.513    -0.8499  27.238528    -0.8517  27.236429     8.0813     8.1493     1.7945    83.3613 1.1141e+00  -64.93250  -64.39580 345.078115      99.98 7.0515e+00    741.167      17789          2  0.000e+00
