NBP2113_155081_ctd/data/nbp2113_037.ros
* Sea-Bird SBE 9 Data File:
* FileName = D:\Data\raw\NBP2113_037.hex
* Software Version Seasave V 7.26.7.121
* Temperature SN = 2438
* Conductivity SN = 2067
* Number of Bytes Per Scan = 40
* Number of Voltage Words = 5
* Number of Scans Averaged by the Deck Unit = 1
* NMEA Latitude = 64 56.01 S
* NMEA Longitude = 064 23.97 W
* NMEA UTC (Time) = Dec 10 2021  04:27:53
* NMEA baud rate = 9600
** Ship: RVIB N.B. Palmer
** Cruise: NBP2113 LTER
** Station: 600.040
** Operator: B. Urmston
# nquan = 20
# nvalues = 1174                                  
# units = specified
# name 0 = prDM: Pressure, Digiquartz [db]
# name 1 = depSM: Depth [salt water, m]
# name 2 = t090C: Temperature [ITS-90, deg C]
# name 3 = c0mS/cm: Conductivity [mS/cm]
# name 4 = t190C: Temperature, 2 [ITS-90, deg C]
# name 5 = c1mS/cm: Conductivity, 2 [mS/cm]
# name 6 = sbeox0ML/L: Oxygen, SBE 43 [ml/l]
# name 7 = sbeox1ML/L: Oxygen, SBE 43, 2 [ml/l]
# name 8 = flECO-AFL: Fluorescence, WET Labs ECO-AFL/FL [mg/m^3]
# name 9 = CStarTr0: Beam Transmission, WET Labs C-Star [%]
# name 10 = par: PAR/Irradiance, Biospherical/Licor
# name 11 = latitude: Latitude [deg]
# name 12 = longitude: Longitude [deg]
# name 13 = timeJ: Julian Days
# name 14 = altM: Altimeter [m]
# name 15 = spar: SPAR, Biospherical/Licor
# name 16 = timeS: Time, Elapsed [seconds]
# name 17 = scan: Scan Count
# name 18 = nbf: Bottles Fired
# name 19 = flag:  0.000e+00
# interval = seconds: 0.0416667
# start_time = Dec 10 2021 04:27:53 [NMEA time, header]
# bad_flag = -9.990e-29
*END*
[from data line 145]
     15.542     15.390    -0.9470  27.174321    -0.9468  27.174950     8.0494     8.1131     1.7725    87.9705 1.3793e-01  -64.93370  -64.39962 344.196503      99.95 0.0000e+00    904.875      21718          3  0.000e+00
     15.611     15.457    -0.9465  27.175063    -0.9458  27.174727     8.0493     8.1075     1.7725    87.9705 1.3793e-01  -64.93370  -64.39962 344.196504      99.98 0.0000e+00    904.917      21719          3  0.000e+00
     15.864     15.708    -0.9519  27.167596    -0.9496  27.172112     8.0614     8.0938     1.5820    87.8160 1.2443e-01  -64.93370  -64.39962 344.196513      99.98 0.0000e+00    905.750      21739          4  0.000e+00
     15.796     15.640    -0.9514  27.168337    -0.9502  27.171109     8.0611     8.0884     1.5820    87.8417 1.2443e-01  -64.93370  -64.39962 344.196514      99.98 0.0000e+00    905.792      21740          4  0.000e+00
     15.864     15.708    -0.9518  27.168850    -0.9509  27.169996     8.0625     8.0881     1.5820    87.8417 1.2443e-01  -64.93370  -64.39962 344.196514      99.93 0.0000e+00    905.833      21741          4  0.000e+00
     15.796     15.640    -0.9522  27.169420    -0.9506  27.170608     8.0624     8.0873     1.5820    87.8417 1.2443e-01  -64.93370  -64.39962 344.196515      99.95 0.0000e+00    905.875      21742          4  0.000e+00
     15.844     15.688    -0.9520  27.169876    -0.9485  27.170107     8.0562     8.0865     1.5820    87.8160 1.2443e-01  -64.93370  -64.39962 344.196515      99.98 0.0000e+00    905.917      21743          4  0.000e+00
     15.864     15.708    -0.9513  27.169363    -0.9453  27.171276     8.0605     8.0863     1.5820    87.8160 1.2443e-01  -64.93370  -64.39962 344.196516      99.98 0.0000e+00    905.958      21744          4  0.000e+00
     15.844     15.688    -0.9516  27.170218    -0.9434  27.173670     8.0617     8.0910     1.5820    87.7130 1.2443e-01  -64.93370  -64.39962 344.196516      99.98 0.0000e+00    906.000      21745          4  0.000e+00
     15.864     15.708    -0.9514  27.170674    -0.9428  27.176231     8.0629     8.0913     1.5820    87.6615 1.2443e-01  -64.93370  -64.39962 344.196517      99.98 0.0000e+00    906.042      21746          4  0.000e+00
     15.844     15.688    -0.9511  27.170389    -0.9420  27.178513     8.0626     8.0860     1.5820    87.6615 1.2443e-01  -64.93370  -64.39962 344.196517      99.98 0.0000e+00    906.083      21747          4  0.000e+00
     15.946     15.789    -0.9503  27.170675    -0.9417  27.179850     8.0622     8.0867     1.5820    87.6872 1.2443e-01  -64.93370  -64.39962 344.196518      99.95 0.0000e+00    906.125      21748          4  0.000e+00
     15.864     15.708    -0.9488  27.171244    -0.9416  27.180128     8.0615     8.0864     1.5820    87.6872 1.2443e-01  -64.93370  -64.39962 344.196518      99.95 0.0000e+00    906.167      21749          4  0.000e+00
     15.892     15.735    -0.9476  27.171700    -0.9413  27.180629     8.0623     8.0920     1.6699    87.6872 1.2443e-01  -64.93370  -64.39962 344.196519      99.98 0.0000e+00    906.208      21750          4  0.000e+00
     15.912     15.756    -0.9456  27.173296    -0.9410  27.180573     8.0629     8.0929     1.7359    87.6872 1.2443e-01  -64.93370  -64.39962 344.196519      99.98 0.0000e+00    906.250      21751          4  0.000e+00
     15.892     15.735    -0.9453  27.174094    -0.9413  27.181130     8.0638     8.0882     1.7505    87.6872 1.2443e-01  -64.93370  -64.39962 344.196520      99.98 0.0000e+00    906.292      21752          4  0.000e+00
     15.946     15.790    -0.9442  27.175063    -0.9426  27.181409     8.0631     8.0887     1.7432    87.6615 1.2443e-01  -64.93370  -64.39962 344.196520      99.93 0.0000e+00    906.333      21753          4  0.000e+00
     15.912     15.756    -0.9441  27.177172    -0.9439  27.180351     8.0684     8.0901     1.7432    87.6615 1.2443e-01  -64.93370  -64.39962 344.196521      99.95 0.0000e+00    906.375      21754          4  0.000e+00
     15.892     15.735    -0.9440  27.178484    -0.9443  27.178569     8.0646     8.0907     1.7432    87.6872 1.2443e-01  -64.93370  -64.39962 344.196521      99.98 0.0000e+00    906.417      21755          4  0.000e+00
     15.967     15.810    -0.9440  27.178484    -0.9451  27.177011     8.0655     8.0970     1.7432    87.6872 1.2443e-01  -64.93370  -64.39962 344.196522      99.98 0.0000e+00    906.458      21756          4  0.000e+00
     15.946     15.790    -0.9438  27.178712    -0.9453  27.176454     8.0663     8.0928     1.7432    87.6872 1.2443e-01  -64.93370  -64.39962 344.196522      99.98 0.0000e+00    906.500      21757          4  0.000e+00
     15.946     15.790    -0.9449  27.177686    -0.9447  27.176008     8.0675     8.0932     1.7432    87.6872 1.2443e-01  -64.93370  -64.39962 344.196522      99.98 0.0000e+00    906.542      21758          4  0.000e+00
     15.912     15.756    -0.9456  27.177173    -0.9439  27.176788     8.0670     8.0936     1.7432    87.6872 1.2443e-01  -64.93370  -64.39962 344.196523      99.98 0.0000e+00    906.583      21759          4  0.000e+00
     15.946     15.790    -0.9452  27.177401    -0.9434  27.178291     8.0678     8.0941     1.7432    87.6872 1.2220e-01  -64.93370  -64.39962 344.196523      99.95 0.0000e+00    906.625      21760          4  0.000e+00
     15.994     15.837    -0.9427  27.179510    -0.9434  27.178569     8.0680     8.1004     1.7432    87.6872 1.2443e-01  -64.93370  -64.39962 344.196524      99.95 0.0000e+00    906.667      21761          4  0.000e+00
     15.912     15.756    -0.9387  27.181049    -0.9434  27.178569     8.0605     8.1020     1.7432    87.6872 1.2220e-01  -64.93370  -64.39962 344.196524      99.98 0.0000e+00    906.708      21762          4  0.000e+00
     15.994     15.837    -0.9380  27.182645    -0.9430  27.178514     8.0642     8.0982     1.7432    87.6872 1.2220e-01  -64.93370  -64.39962 344.196525      99.98 0.0000e+00    906.750      21763          4  0.000e+00
     15.967     15.810    -0.9380  27.184697    -0.9426  27.178792     8.0633     8.1036     1.7432    87.6872 1.2220e-01  -64.93370  -64.39960 344.196525      99.98 0.0000e+00    906.792      21764          4  0.000e+00
     15.946     15.790    -0.9367  27.184982    -0.9426  27.179070     8.0623     8.1044     1.7432    87.6615 1.2220e-01  -64.93370  -64.39960 344.196526      99.93 0.0000e+00    906.833      21765          4  0.000e+00
     15.994     15.837    -0.9371  27.185496    -0.9428  27.179571     8.0556     8.1053     1.7432    87.6615 1.2220e-01  -64.93370  -64.39960 344.196526      99.95 0.0000e+00    906.875      21766          4  0.000e+00
     15.967     15.810    -0.9381  27.185724    -0.9432  27.180128     8.0535     8.1071     1.7432    87.6615 1.1998e-01  -64.93370  -64.39960 344.196527      99.98 0.0000e+00    906.917      21767          4  0.000e+00
     15.994     15.837    -0.9387  27.184983    -0.9428  27.178569     8.0575     8.1081     1.7432    87.6615 1.2220e-01  -64.93370  -64.39960 344.196527      99.98 0.0000e+00    906.958      21768          4  0.000e+00
     15.967     15.810    -0.9392  27.184412    -0.9424  27.178291     8.0581     8.1089     1.7432    87.6615 1.2220e-01  -64.93370  -64.39960 344.196528      99.98 0.0000e+00    907.000      21769          4  0.000e+00
     15.994     15.837    -0.9393  27.184412    -0.9402  27.180072     8.0588     8.1092     1.7432    87.6615 1.2220e-01  -64.93370  -64.39960 344.196528      99.98 0.0000e+00    907.042      21770          4  0.000e+00
     15.946     15.790    -0.9399  27.183671    -0.9384  27.182689     8.0536     8.1095     1.7432    87.6615 1.2220e-01  -64.93370  -64.39960 344.196529      99.98 0.0000e+00    907.083      21771          4  0.000e+00
     15.967     15.810    -0.9397  27.183671    -0.9384  27.184471     8.0528     8.1103     1.7432    87.6615 1.2220e-01  -64.93370  -64.39960 344.196529      99.95 0.0000e+00    907.125      21772          4  0.000e+00
     15.994     15.837    -0.9393  27.183671    -0.9389  27.184972     8.0565     8.1113     1.7432    87.6615 1.1998e-01  -64.93370  -64.39960 344.196530      99.95 0.0000e+00    907.167      21773          4  0.000e+00
     15.967     15.810    -0.9392  27.183386    -0.9390  27.184471     8.0571     8.1112     1.7432    87.6357 1.1998e-01  -64.93370  -64.39960 344.196530      99.98 0.0000e+00    907.208      21774          4  0.000e+00
     15.994     15.837    -0.9371  27.183158    -0.9394  27.183190     8.0574     8.1123     1.7432    87.6615 1.1998e-01  -64.93370  -64.39960 344.196531      99.98 0.0000e+00    907.250      21775          4  0.000e+00
     15.947     15.790    -0.9375  27.183101    -0.9398  27.182912     8.0581     8.1132     1.7212    87.6615 1.1998e-01  -64.93370  -64.39960 344.196531      99.98 0.0000e+00    907.292      21776          4  0.000e+00
     16.015     15.857    -0.9388  27.183671    -0.9393  27.182689     8.0531     8.1141     1.6699    87.6615 1.1998e-01  -64.93370  -64.39960 344.196532      99.95 0.0000e+00    907.333      21777          4  0.000e+00
     15.947     15.790    -0.9396  27.182873    -0.9394  27.182689     8.0570     8.1149     1.6626    87.6615 1.1998e-01  -64.93370  -64.39960 344.196532      99.95 0.0000e+00    907.375      21778          4  0.000e+00
     16.015     15.857    -0.9403  27.182075    -0.9398  27.182633     8.0579     8.1159     1.6626    87.6615 1.1998e-01  -64.93370  -64.39960 344.196533      99.98 0.0000e+00    907.417      21779          4  0.000e+00
     15.994     15.837    -0.9404  27.181562    -0.9401  27.182912     8.0586     8.1167     1.6626    87.6615 1.1998e-01  -64.93370  -64.39960 344.196533      99.98 0.0000e+00    907.458      21780          4  0.000e+00
     15.947     15.790    -0.9395  27.181049    -0.9396  27.182912     8.0576     8.1165     1.6626    87.6615 1.1998e-01  -64.93370  -64.39960 344.196534      99.98 0.0000e+00    907.500      21781          4  0.000e+00
     15.967     15.810    -0.9402  27.181562    -0.9390  27.182410     8.0628     8.1164     1.6626    87.6615 1.1998e-01  -64.93370  -64.39960 344.196534      99.98 0.0000e+00    907.542      21782          4  0.000e+00
     15.947     15.790    -0.9427  27.182075    -0.9389  27.182912     8.0636     8.1170     1.6626    87.6615 1.1777e-01  -64.93370  -64.39960 344.196535      99.98 0.0000e+00    907.583      21783          4  0.000e+00
     15.967     15.810    -0.9438  27.180821    -0.9385  27.182410     8.0656     8.1169     1.6626    87.6615 1.1777e-01  -64.93370  -64.39960 344.196535      99.95 0.0000e+00    907.625      21784          4  0.000e+00
     15.994     15.837    -0.9432  27.180023    -0.9381  27.182912     8.0673     8.1166     1.6626    87.6615 1.1777e-01  -64.93370  -64.39960 344.196535      99.95 0.0000e+00    907.667      21785          4  0.000e+00
     15.947     15.790    -0.9423  27.178997    -0.9382  27.183413     8.0614     8.1163     1.6626    87.6615 1.1777e-01  -64.93370  -64.39960 344.196536      99.95 0.0000e+00    907.708      21786          4  0.000e+00
     15.967     15.810    -0.9421  27.179738    -0.9382  27.183468     8.0719     8.1161     1.6626    87.6615 1.1777e-01  -64.93370  -64.39960 344.196536      99.98 0.0000e+00    907.750      21787          4  0.000e+00
     15.844     15.688    -0.9352  27.186236    -0.9304  27.189871     8.0640     8.1209     1.8384    87.5585 1.2890e-01  -64.93370  -64.39960 344.196558      99.98 0.0000e+00    909.583      21831          5  0.000e+00
     15.817     15.661    -0.9388  27.185495    -0.9307  27.189871     8.0644     8.1209     1.8311    87.5585 1.2890e-01  -64.93370  -64.39960 344.196558      99.95 0.0000e+00    909.625      21832          5  0.000e+00
     15.796     15.641    -0.9413  27.184697    -0.9312  27.189369     8.0646     8.1210     1.8238    87.5585 1.2890e-01  -64.93370  -64.39960 344.196559      99.95 0.0000e+00    909.667      21833          5  0.000e+00
     15.796     15.641    -0.9419  27.182360    -0.9307  27.189592     8.0587     8.1207     1.8311    87.5327 1.2890e-01  -64.93370  -64.39960 344.196559      99.95 0.0000e+00    909.708      21834          5  0.000e+00
     15.865     15.709    -0.9418  27.181334    -0.9300  27.190149     8.0617     8.1205     1.8311    87.5585 1.2890e-01  -64.93370  -64.39960 344.196560      99.98 0.0000e+00    909.750      21835          5  0.000e+00
     15.796     15.641    -0.9417  27.181334    -0.9297  27.190650     8.0627     8.1201     1.8311    87.5585 1.2890e-01  -64.93370  -64.39962 344.196560      99.98 0.0000e+00    909.792      21836          5  0.000e+00
     15.817     15.661    -0.9413  27.181048    -0.9289  27.191430     8.0625     8.1197     1.8311    87.5585 1.2890e-01  -64.93370  -64.39962 344.196561      99.95 0.0000e+00    909.833      21837          5  0.000e+00
     15.796     15.641    -0.9403  27.181333    -0.9285  27.191931     8.0561     8.1193     1.8311    87.5327 1.2890e-01  -64.93370  -64.39962 344.196561      99.95 0.0000e+00    909.875      21838          5  0.000e+00
     15.844     15.689    -0.9394  27.181847    -0.9277  27.193211     8.0603     8.1188     1.8238    87.5585 1.3115e-01  -64.93370  -64.39962 344.196562      99.98 0.0000e+00    909.917      21839          5  0.000e+00
     15.817     15.661    -0.9406  27.182360    -0.9275  27.194269     8.0648     8.1183     1.8311    87.5585 1.2890e-01  -64.93370  -64.39962 344.196562      99.98 0.0000e+00    909.958      21840          5  0.000e+00
     15.844     15.689    -0.9427  27.182873    -0.9272  27.194771     8.0663     8.1179     1.8311    87.5585 1.2890e-01  -64.93370  -64.39962 344.196563      99.98 0.0000e+00    910.000      21841          5  0.000e+00
     15.817     15.661    -0.9440  27.181562    -0.9275  27.193991     8.0631     8.1176     1.8311    87.5585 1.2890e-01  -64.93370  -64.39962 344.196563      99.98 0.0000e+00    910.042      21842          5  0.000e+00
     15.844     15.689    -0.9443  27.180536    -0.9275  27.193991     8.0630     8.1172     1.8311    87.5585 1.2890e-01  -64.93370  -64.39962 344.196563      99.98 0.0000e+00    910.083      21843          5  0.000e+00
     15.797     15.641    -0.9448  27.179509    -0.9267  27.194269     8.0569     8.1164     1.8238    87.5585 1.3115e-01  -64.93370  -64.39962 344.196564      99.95 0.0000e+00    910.125      21844          5  0.000e+00
     15.817     15.661    -0.9447  27.178996    -0.9257  27.195272     8.0613     8.1212     1.8238    87.5585 1.2890e-01  -64.93370  -64.39962 344.196564      99.95 0.0000e+00    910.167      21845          5  0.000e+00
     15.797     15.641    -0.9448  27.178711    -0.9258  27.195773     8.0611     8.1215     1.8311    87.5585 1.2890e-01  -64.93370  -64.39962 344.196565      99.98 0.0000e+00    910.208      21846          5  0.000e+00
     15.968     15.811    -0.9449  27.178712    -0.9275  27.195272     8.0610     8.1223     1.8311    87.5585 1.2890e-01  -64.93370  -64.39962 344.196565      99.98 0.0000e+00    910.250      21847          5  0.000e+00
     15.797     15.641    -0.9445  27.178996    -0.9295  27.194548     8.0546     8.1227     1.8311    87.5585 1.2890e-01  -64.93370  -64.39962 344.196566      99.98 0.0000e+00    910.292      21848          5  0.000e+00
     15.797     15.641    -0.9438  27.179224    -0.9326  27.192711     8.0573     8.1235     1.8311    87.5842 1.2890e-01  -64.93370  -64.39962 344.196566      99.95 0.0000e+00    910.333      21849          5  0.000e+00
     15.913     15.756    -0.9443  27.178712    -0.9340  27.190873     8.0559     8.1185     1.8311    87.5585 1.2890e-01  -64.93370  -64.39962 344.196567      99.98 0.0000e+00    910.375      21850          5  0.000e+00
     15.844     15.689    -0.9442  27.178996    -0.9344  27.189091     8.0555     8.1242     1.8238    87.5842 1.2890e-01  -64.93370  -64.39962 344.196567      99.98 0.0000e+00    910.417      21851          5  0.000e+00
