NBP2113_155081_ctd/data/nbp2113_054.ros
* Sea-Bird SBE 9 Data File:
* FileName = D:\Data\raw\NBP2113_054.hex
* Software Version Seasave V 7.26.7.121
* Temperature SN = 2438
* Conductivity SN = 2067
* Number of Bytes Per Scan = 40
* Number of Voltage Words = 5
* Number of Scans Averaged by the Deck Unit = 1
* NMEA Latitude = 64 52.85 S
* NMEA Longitude = 064 38.20 W
* NMEA UTC (Time) = Dec 11 2021  19:48:22
* NMEA baud rate = 9600
** Ship: RVIB N.B. Palmer
** Cruise: NBP2113 LTER
** Station: 597.052
** Operator: S. Blackman
# nquan = 20
# nvalues = 490                                   
# units = specified
# name 0 = prDM: Pressure, Digiquartz [db]
# name 1 = depSM: Depth [salt water, m]
# name 2 = t090C: Temperature [ITS-90, deg C]
# name 3 = c0mS/cm: Conductivity [mS/cm]
# name 4 = t190C: Temperature, 2 [ITS-90, deg C]
# name 5 = c1mS/cm: Conductivity, 2 [mS/cm]
# name 6 = sbeox0ML/L: Oxygen, SBE 43 [ml/l]
# name 7 = sbeox1ML/L: Oxygen, SBE 43, 2 [ml/l]
# name 8 = flECO-AFL: Fluorescence, WET Labs ECO-AFL/FL [mg/m^3]
# name 9 = CStarTr0: Beam Transmission, WET Labs C-Star [%]
# name 10 = par: PAR/Irradiance, Biospherical/Licor
# name 11 = latitude: Latitude [deg]
# name 12 = longitude: Longitude [deg]
# name 13 = timeJ: Julian Days
# name 14 = altM: Altimeter [m]
# name 15 = spar: SPAR, Biospherical/Licor
# name 16 = timeS: Time, Elapsed [seconds]
# name 17 = scan: Scan Count
# name 18 = nbf: Bottles Fired
# name 19 = flag:  0.000e+00
# interval = seconds: 0.0416667
# start_time = Dec 11 2021 19:48:22 [NMEA time, header]
# bad_flag = -9.990e-29
*END*
[from data line 145]
    194.164    192.172     1.0360  29.692148     1.0331  29.687674     4.6248     4.6748     0.0069    91.3952 1.0000e-12  -64.88094  -64.63760 345.842402      99.98 6.3287e+02   1481.500      35557          3  0.000e+00
    194.123    192.131     1.0360  29.692384     1.0336  29.687846     4.6284     4.6747     0.0069    91.3952 1.0000e-12  -64.88094  -64.63760 345.842402      99.95 6.3287e+02   1481.542      35558          3  0.000e+00
    192.640    190.664     1.0312  29.686313     1.0303  29.685426     4.6583     4.6971    -0.0004    91.1634 1.0000e-12  -64.88094  -64.63758 345.842473      99.98 6.3287e+02   1487.625      35704          4  0.000e+00
    192.646    190.671     1.0312  29.686549     1.0304  29.685368     4.6572     4.6968    -0.0004    91.1634 1.0000e-12  -64.88094  -64.63758 345.842473      99.98 6.3287e+02   1487.667      35705          4  0.000e+00
    192.695    190.718     1.0311  29.686313     1.0299  29.684620     4.6574     4.6965    -0.0004    91.1634 1.0000e-12  -64.88094  -64.63758 345.842473      99.98 6.3287e+02   1487.708      35706          4  0.000e+00
    192.640    190.664     1.0313  29.686843     1.0296  29.684333     4.6573     4.6907    -0.0004    91.1634 1.0000e-12  -64.88094  -64.63758 345.842474      99.98 6.3287e+02   1487.750      35707          4  0.000e+00
    192.695    190.718     1.0313  29.686608     1.0292  29.684333     4.6561     4.6949    -0.0004    91.1634 1.0000e-12  -64.88094  -64.63758 345.842474      99.98 6.3287e+02   1487.792      35708          4  0.000e+00
    192.646    190.671     1.0313  29.686313     1.0287  29.683815     4.6560     4.6944    -0.0004    91.1634 1.0000e-12  -64.88094  -64.63758 345.842475      99.95 6.3287e+02   1487.833      35709          4  0.000e+00
    192.736    190.759     1.0315  29.686549     1.0287  29.683240     4.6558     4.6940    -0.0004    91.1634 1.0000e-12  -64.88094  -64.63758 345.842475      99.95 6.3287e+02   1487.875      35710          4  0.000e+00
    192.695    190.718     1.0319  29.686843     1.0289  29.682952     4.6555     4.6935    -0.0004    91.1634 1.0000e-12  -64.88094  -64.63758 345.842476      99.98 6.3287e+02   1487.917      35711          4  0.000e+00
    192.749    190.773     1.0321  29.686843     1.0295  29.682722     4.6553     4.6929    -0.0004    91.1634 1.0000e-12  -64.88094  -64.63758 345.842476      99.98 6.3287e+02   1487.958      35712          4  0.000e+00
    192.749    190.773     1.0321  29.687374     1.0303  29.684045     4.6550     4.6930    -0.0004    91.1634 1.0000e-12  -64.88094  -64.63758 345.842477      99.98 6.3287e+02   1488.000      35713          4  0.000e+00
    192.688    190.711     1.0322  29.687432     1.0305  29.684218     4.6545     4.6923    -0.0004    91.1634 1.0000e-12  -64.88094  -64.63758 345.842477      99.93 6.3287e+02   1488.042      35714          4  0.000e+00
    192.798    190.820     1.0322  29.688198     1.0305  29.684908     4.6472     4.6925    -0.0004    91.1634 1.0000e-12  -64.88094  -64.63758 345.842478      99.95 6.3287e+02   1488.083      35715          4  0.000e+00
    192.749    190.773     1.0325  29.687962     1.0307  29.684908     4.6441     4.6918    -0.0004    91.1634 1.0000e-12  -64.88094  -64.63758 345.842478      99.98 6.3287e+02   1488.125      35716          4  0.000e+00
    192.839    190.861     1.0324  29.687963     1.0306  29.684908     4.6493     4.6921    -0.0004    91.1634 1.0000e-12  -64.88094  -64.63758 345.842479      99.98 6.3287e+02   1488.167      35717          4  0.000e+00
    192.749    190.773     1.0321  29.687668     1.0303  29.684621     4.6488     4.6914    -0.0004    91.1634 1.0000e-12  -64.88094  -64.63758 345.842479      99.98 6.3287e+02   1488.208      35718          4  0.000e+00
    192.798    190.820     1.0322  29.687963     1.0303  29.684621     4.6482     4.6916    -0.0004    91.2922 1.0000e-12  -64.88094  -64.63758 345.842480      99.98 6.3287e+02   1488.250      35719          4  0.000e+00
    192.791    190.813     1.0324  29.687727     1.0303  29.684333     4.6433     4.6909    -0.0004    91.3694 1.0000e-12  -64.88094  -64.63758 345.842480      99.98 6.3287e+02   1488.292      35720          4  0.000e+00
    192.846    190.868     1.0325  29.687963     1.0301  29.683815     4.6484     4.6910    -0.0004    91.3952 1.0000e-12  -64.88094  -64.63758 345.842481      99.95 6.3287e+02   1488.333      35721          4  0.000e+00
    192.798    190.820     1.0321  29.687433     1.0299  29.684621     4.6478     4.6911    -0.0004    91.3694 1.0000e-12  -64.88094  -64.63758 345.842481      99.95 6.3287e+02   1488.375      35722          4  0.000e+00
    192.791    190.813     1.0322  29.688198     1.0303  29.684218     4.6416     4.6912    -0.0004    91.3952 1.0000e-12  -64.88094  -64.63758 345.842482      99.98 6.3287e+02   1488.417      35723          4  0.000e+00
    192.846    190.868     1.0322  29.687727     1.0303  29.684333     4.6466     4.6905    -0.0004    91.3952 1.0000e-12  -64.88094  -64.63758 345.842482      99.98 6.3287e+02   1488.458      35724          4  0.000e+00
    192.846    190.868     1.0322  29.687963     1.0303  29.684909     4.6473     4.6897    -0.0004    91.3694 1.0000e-12  -64.88094  -64.63758 345.842483      99.98 6.3287e+02   1488.500      35725          4  0.000e+00
    192.846    190.868     1.0325  29.687668     1.0304  29.684621     4.6411     4.6897    -0.0004    91.3694 1.0000e-12  -64.88094  -64.63758 345.842483      99.95 6.3287e+02   1488.542      35726          4  0.000e+00
    192.839    190.861     1.0324  29.687727     1.0303  29.684621     4.6405     4.6897    -0.0004    91.3694 1.0000e-12  -64.88094  -64.63758 345.842484      99.95 6.3287e+02   1488.583      35727          4  0.000e+00
    192.846    190.868     1.0324  29.687963     1.0301  29.684333     4.6442     4.6898    -0.0004    91.3952 1.0000e-12  -64.88094  -64.63758 345.842484      99.98 6.3287e+02   1488.625      35728          4  0.000e+00
    192.901    190.922     1.0325  29.688199     1.0303  29.684621     4.6436     4.6898    -0.0004    91.3952 1.0000e-12  -64.88094  -64.63758 345.842485      99.98 6.3287e+02   1488.667      35729          4  0.000e+00
    192.839    190.861     1.0325  29.687727     1.0307  29.684908     4.6429     4.6898     0.0069    91.3952 1.0000e-12  -64.88094  -64.63758 345.842485      99.98 6.3287e+02   1488.708      35730          4  0.000e+00
    192.901    190.922     1.0322  29.687668     1.0311  29.685196     4.6436     4.6951     0.0069    91.3952 1.0000e-12  -64.88094  -64.63758 345.842486      99.98 6.3287e+02   1488.750      35731          4  0.000e+00
    192.846    190.868     1.0322  29.687727     1.0313  29.685369     4.6441     4.6905     0.0069    91.3694 1.0000e-12  -64.88094  -64.63758 345.842486      99.98 6.3287e+02   1488.792      35732          4  0.000e+00
    192.894    190.915     1.0322  29.687727     1.0313  29.685714     4.6434     4.6906     0.0069    91.3694 1.0000e-12  -64.88094  -64.63758 345.842486      99.95 6.3287e+02   1488.833      35733          4  0.000e+00
    192.901    190.922     1.0319  29.687668     1.0313  29.685714     4.6440     4.6906     0.0069    91.3952 1.0000e-12  -64.88094  -64.63758 345.842487      99.95 6.3287e+02   1488.875      35734          4  0.000e+00
    192.846    190.868     1.0315  29.687433     1.0313  29.685714     4.6445     4.6905     0.0069    91.3952 1.0000e-12  -64.88094  -64.63758 345.842487      99.95 6.3287e+02   1488.917      35735          4  0.000e+00
    192.901    190.922     1.0316  29.687138     1.0313  29.685714     4.6382     4.6959     0.0069    91.3952 1.0000e-12  -64.88094  -64.63758 345.842488      99.98 6.3287e+02   1488.958      35736          4  0.000e+00
    192.894    190.915     1.0318  29.687138     1.0312  29.685714     4.6361     4.6913     0.0069    91.3952 1.0000e-12  -64.88094  -64.63758 345.842488      99.98 6.3287e+02   1489.000      35737          4  0.000e+00
    192.901    190.922     1.0321  29.687433     1.0314  29.685714     4.6409     4.6913     0.0069    91.3694 1.0000e-12  -64.88094  -64.63758 345.842489      99.95 6.3287e+02   1489.042      35738          4  0.000e+00
    192.901    190.922     1.0319  29.687433     1.0313  29.686002     4.6415     4.6913     0.0069    91.3694 1.0000e-12  -64.88094  -64.63758 345.842489      99.93 6.3287e+02   1489.083      35739          4  0.000e+00
    192.942    190.963     1.0318  29.687138     1.0312  29.685714     4.6420     4.6913     0.0069    91.3952 1.0000e-12  -64.88094  -64.63758 345.842490      99.98 6.3287e+02   1489.125      35740          4  0.000e+00
    192.901    190.922     1.0318  29.687433     1.0313  29.685599     4.6369     4.6912     0.0069    91.3952 1.0000e-12  -64.88094  -64.63758 345.842490      99.98 6.3287e+02   1489.167      35741          4  0.000e+00
    192.901    190.922     1.0316  29.687669     1.0315  29.686002     4.6419     4.6964     0.0069    91.3952 1.0000e-12  -64.88094  -64.63758 345.842491      99.98 6.3287e+02   1489.208      35742          4  0.000e+00
    192.942    190.963     1.0316  29.686844     1.0318  29.686002     4.6425     4.6919     0.0069    91.3952 1.0000e-12  -64.88094  -64.63758 345.842491      99.98 6.3287e+02   1489.250      35743          4  0.000e+00
    192.901    190.922     1.0319  29.686844     1.0316  29.686289     4.6361     4.6918     0.0069    91.3952 1.0000e-12  -64.88094  -64.63758 345.842492      99.98 6.3287e+02   1489.292      35744          4  0.000e+00
    192.901    190.922     1.0316  29.687374     1.0319  29.686002     4.6423     4.6917     0.0069    91.3952 1.0000e-12  -64.88094  -64.63758 345.842492      99.95 6.3287e+02   1489.333      35745          4  0.000e+00
    192.949    190.970     1.0315  29.687139     1.0320  29.686290     4.6430     4.6916     0.0069    91.3952 1.0000e-12  -64.88094  -64.63758 345.842493      99.95 6.3287e+02   1489.375      35746          4  0.000e+00
    192.894    190.915     1.0315  29.686844     1.0318  29.686289     4.6423     4.6916     0.0069    91.3952 1.0000e-12  -64.88094  -64.63758 345.842493      99.98 6.3287e+02   1489.417      35747          4  0.000e+00
    192.949    190.970     1.0316  29.686844     1.0320  29.686290     4.6373     4.6915     0.0069    91.3952 1.0000e-12  -64.88094  -64.63758 345.842494      99.98 6.3287e+02   1489.458      35748          4  0.000e+00
    192.949    190.970     1.0318  29.687433     1.0320  29.686290     4.6422     4.6914     0.0069    91.3952 1.0000e-12  -64.88094  -64.63758 345.842494      99.98 6.3287e+02   1489.500      35749          4  0.000e+00
    192.942    190.963     1.0319  29.686844     1.0320  29.686175     4.6429     4.6967     0.0069    91.3952 1.0000e-12  -64.88094  -64.63758 345.842495      99.95 6.3287e+02   1489.542      35750          4  0.000e+00
    192.949    190.970     1.0317  29.687433     1.0320  29.686290     4.6422     4.6921     0.0069    91.3952 1.0000e-12  -64.88094  -64.63758 345.842495      99.95 6.3287e+02   1489.583      35751          4  0.000e+00
    192.901    190.922     1.0319  29.687433     1.0318  29.686002     4.6427     4.6920     0.0069    91.3952 1.0000e-12  -64.88094  -64.63758 345.842496      99.98 6.3287e+02   1489.625      35752          4  0.000e+00
    151.321    149.784     0.8044  29.431172     0.8044  29.429639     4.8919     4.9466     0.0069    91.3694 1.0000e-12  -64.88094  -64.63764 345.843491      99.95 6.3993e+02   1575.583      37815          5  0.000e+00
    151.308    149.771     0.8044  29.430585     0.8043  29.429639     4.8925     4.9462     0.0069    91.3694 1.0000e-12  -64.88094  -64.63764 345.843491      99.98 6.3993e+02   1575.625      37816          5  0.000e+00
    151.308    149.771     0.8042  29.430350     0.8042  29.428779     4.8932     4.9457     0.0069    91.3694 1.0000e-12  -64.88094  -64.63764 345.843492      99.98 6.3993e+02   1575.667      37817          5  0.000e+00
    151.321    149.784     0.8044  29.430585     0.8036  29.428951     4.8938     4.9453     0.0069    91.3694 1.0000e-12  -64.88094  -64.63764 345.843492      99.98 6.3993e+02   1575.708      37818          5  0.000e+00
    151.308    149.771     0.8042  29.430292     0.8036  29.429066     4.8902     4.9448     0.0069    91.3437 1.0000e-12  -64.88094  -64.63764 345.843492      99.98 6.3993e+02   1575.750      37819          5  0.000e+00
    151.308    149.771     0.8042  29.430350     0.8034  29.428779     4.8953     4.9444     0.0069    91.4209 1.0000e-12  -64.88094  -64.63764 345.843493      99.98 6.3993e+02   1575.792      37820          5  0.000e+00
    151.356    149.818     0.8042  29.430351     0.8034  29.428263     4.8891     4.9440     0.0069    91.4209 1.0000e-12  -64.88094  -64.63764 345.843493      99.95 6.3993e+02   1575.833      37821          5  0.000e+00
    151.266    149.730     0.8044  29.429763     0.8033  29.428550     4.8885     4.9435     0.0069    91.4209 1.0000e-12  -64.88094  -64.63764 345.843494      99.95 6.3993e+02   1575.875      37822          5  0.000e+00
    151.308    149.771     0.8042  29.430057     0.8032  29.428263     4.8950     4.9430     0.0069    91.4209 1.0000e-12  -64.88094  -64.63764 345.843494      99.98 6.3993e+02   1575.917      37823          5  0.000e+00
    151.308    149.771     0.8045  29.430350     0.8030  29.428148     4.8958     4.9426     0.0069    91.4209 1.0000e-12  -64.88094  -64.63764 345.843495      99.98 6.3993e+02   1575.958      37824          5  0.000e+00
    151.321    149.784     0.8045  29.430292     0.8030  29.427976     4.8911     4.9430     0.0069    91.4209 1.0000e-12  -64.88094  -64.63764 345.843495      99.98 6.3993e+02   1576.000      37825          5  0.000e+00
    151.253    149.716     0.8045  29.430585     0.8030  29.427689     4.8919     4.9425     0.0069    91.4209 1.0000e-12  -64.88094  -64.63764 345.843496      99.95 6.3993e+02   1576.042      37826          5  0.000e+00
    151.356    149.818     0.8048  29.430351     0.8026  29.427976     4.8987     4.9422     0.0069    91.4209 1.0000e-12  -64.88094  -64.63764 345.843496      99.98 6.3993e+02   1576.083      37827          5  0.000e+00
    151.308    149.771     0.8044  29.430879     0.8027  29.427460     4.8997     4.9426     0.0069    91.4467 1.0000e-12  -64.88094  -64.63764 345.843497      99.98 6.3993e+02   1576.125      37828          5  0.000e+00
    151.267    149.730     0.8047  29.430350     0.8026  29.427460     4.9007     4.9421     0.0069    91.4209 1.0000e-12  -64.88094  -64.63764 345.843497      99.98 6.3993e+02   1576.167      37829          5  0.000e+00
    151.308    149.771     0.8042  29.430585     0.8023  29.427575     4.9018     4.9418     0.0069    91.4209 1.0000e-12  -64.88094  -64.63764 345.843498      99.98 6.3993e+02   1576.208      37830          5  0.000e+00
    151.308    149.771     0.8032  29.430585     0.8023  29.427460     4.9030     4.9414     0.0069    91.4209 1.0000e-12  -64.88094  -64.63764 345.843498      99.98 6.3993e+02   1576.250      37831          5  0.000e+00
    151.321    149.784     0.8028  29.429764     0.8017  29.426887     4.8972     4.9411     0.0069    91.4209 1.0000e-12  -64.88094  -64.63764 345.843499      99.98 6.3993e+02   1576.292      37832          5  0.000e+00
    151.308    149.771     0.8033  29.428942     0.8013  29.426600     4.8970     4.9407     0.0069    91.4209 1.0000e-12  -64.88094  -64.63764 345.843499      99.95 6.3993e+02   1576.333      37833          5  0.000e+00
    151.308    149.771     0.8035  29.429176     0.8007  29.426084     4.9024     4.9413     0.0069    91.4209 1.0000e-12  -64.88094  -64.63764 345.843500      99.93 6.3993e+02   1576.375      37834          5  0.000e+00
    151.308    149.771     0.8035  29.429763     0.8002  29.425797     4.9022     4.9418     0.0069    91.4467 1.0000e-12  -64.88094  -64.63764 345.843500      99.95 6.3993e+02   1576.417      37835          5  0.000e+00
