NBP2113_155081_ctd/data/nbp2113_059.ros
* Sea-Bird SBE 9 Data File:
* FileName = D:\Data\raw\NBP2113_059.hex
* Software Version Seasave V 7.26.7.121
* Temperature SN = 2438
* Conductivity SN = 2067
* Number of Bytes Per Scan = 40
* Number of Voltage Words = 5
* Number of Scans Averaged by the Deck Unit = 1
* NMEA Latitude = 64 45.55 S
* NMEA Longitude = 063 08.87 W
* NMEA UTC (Time) = Dec 13 2021  21:27:01
* NMEA baud rate = 9600
** Ship: RVIB N.B. Palmer
** Cruise: NBP2113 LTER
** Station: 653.008
** Operator: S. Blackman
# nquan = 20
# nvalues = 588                                   
# units = specified
# name 0 = prDM: Pressure, Digiquartz [db]
# name 1 = depSM: Depth [salt water, m]
# name 2 = t090C: Temperature [ITS-90, deg C]
# name 3 = c0mS/cm: Conductivity [mS/cm]
# name 4 = t190C: Temperature, 2 [ITS-90, deg C]
# name 5 = c1mS/cm: Conductivity, 2 [mS/cm]
# name 6 = sbeox0ML/L: Oxygen, SBE 43 [ml/l]
# name 7 = sbeox1ML/L: Oxygen, SBE 43, 2 [ml/l]
# name 8 = flECO-AFL: Fluorescence, WET Labs ECO-AFL/FL [mg/m^3]
# name 9 = CStarTr0: Beam Transmission, WET Labs C-Star [%]
# name 10 = par: PAR/Irradiance, Biospherical/Licor
# name 11 = latitude: Latitude [deg]
# name 12 = longitude: Longitude [deg]
# name 13 = timeJ: Julian Days
# name 14 = altM: Altimeter [m]
# name 15 = spar: SPAR, Biospherical/Licor
# name 16 = timeS: Time, Elapsed [seconds]
# name 17 = scan: Scan Count
# name 18 = nbf: Bottles Fired
# name 19 = flag:  0.000e+00
# interval = seconds: 0.0416667
# start_time = Dec 13 2021 21:27:01 [NMEA time, header]
# bad_flag = -9.990e-29
*END*
[from data line 290]
    101.679    100.660     0.3544  28.842185     0.3516  28.836330     6.0466     6.1549     0.2560    90.3909 6.9319e-03  -64.75944  -63.14768 347.908759      44.30 5.1124e+02   1295.750      31099          6  0.000e+00
    101.659    100.639     0.3541  28.842185     0.3516  28.836728     6.0407     6.1495     0.2560    90.3909 6.9319e-03  -64.75944  -63.14768 347.908759      44.27 5.1124e+02   1295.792      31100          6  0.000e+00
    101.679    100.660     0.3539  28.842418     0.3517  28.836614     6.0447     6.1486     0.2560    90.3909 6.9319e-03  -64.75944  -63.14768 347.908760      44.35 5.1124e+02   1295.833      31101          6  0.000e+00
    101.631    100.612     0.3535  28.842185     0.3516  28.836614     6.0440     6.1530     0.2487    90.3909 6.9319e-03  -64.75944  -63.14768 347.908760      44.59 5.1124e+02   1295.875      31102          6  0.000e+00
     70.874     70.168     0.2075  28.636342     0.2458  28.686375     6.3514     6.4579     0.3366    89.9532 2.8891e-01  -64.75942  -63.14768 347.909606      76.00 4.8832e+02   1369.000      32857          7  0.000e+00
     70.833     70.127     0.2061  28.634076     0.2437  28.685807     6.3535     6.4584     0.3439    89.9532 2.8622e-01  -64.75942  -63.14768 347.909607      76.00 4.8832e+02   1369.042      32858          7  0.000e+00
     70.819     70.114     0.2053  28.632332     0.2421  28.683649     6.3542     6.4589     0.3366    89.9532 2.8622e-01  -64.75942  -63.14768 347.909607      75.97 4.8656e+02   1369.083      32859          7  0.000e+00
     70.819     70.114     0.2058  28.631402     0.2412  28.680695     6.3489     6.4594     0.3366    89.9532 2.8891e-01  -64.75942  -63.14768 347.909608      75.97 4.8656e+02   1369.125      32860          7  0.000e+00
     70.874     70.168     0.2102  28.631809     0.2406  28.678594     6.3488     6.4598     0.3366    89.9532 2.8891e-01  -64.75942  -63.14768 347.909608      75.97 4.8656e+02   1369.167      32861          7  0.000e+00
     70.819     70.114     0.2200  28.637852     0.2391  28.676719     6.3475     6.4603     0.3366    89.9532 2.8891e-01  -64.75942  -63.14768 347.909609      76.00 4.8656e+02   1369.208      32862          7  0.000e+00
     70.874     70.168     0.2272  28.651161     0.2380  28.675357     6.3464     6.4545     0.3366    89.9532 2.8622e-01  -64.75942  -63.14768 347.909609      75.97 4.8832e+02   1369.250      32863          7  0.000e+00
     70.819     70.114     0.2324  28.660287     0.2373  28.674334     6.3457     6.4531     0.3366    89.9532 2.8891e-01  -64.75942  -63.14768 347.909610      75.97 4.8656e+02   1369.292      32864          7  0.000e+00
     70.874     70.168     0.2344  28.664589     0.2356  28.674050     6.3445     6.4519     0.3366    89.9532 2.8891e-01  -64.75942  -63.14768 347.909610      75.87 4.8656e+02   1369.333      32865          7  0.000e+00
     70.833     70.127     0.2354  28.669473     0.2352  28.672971     6.3378     6.4505     0.3366    89.9532 2.8622e-01  -64.75942  -63.14768 347.909611      75.48 4.8656e+02   1369.375      32866          7  0.000e+00
     70.874     70.168     0.2371  28.672147     0.2343  28.671325     6.3469     6.4501     0.3366    89.9274 2.8891e-01  -64.75942  -63.14768 347.909611      75.34 4.8656e+02   1369.417      32867          7  0.000e+00
     70.819     70.114     0.2383  28.673542     0.2320  28.669734     6.3415     6.4499     0.3366    89.9532 2.8891e-01  -64.75942  -63.14768 347.909612      75.31 4.8656e+02   1369.458      32868          7  0.000e+00
     70.874     70.168     0.2395  28.675112     0.2324  28.668939     6.3407     6.4493     0.3366    89.9789 2.8891e-01  -64.75942  -63.14768 347.909612      75.34 4.8656e+02   1369.500      32869          7  0.000e+00
     70.819     70.114     0.2402  28.675693     0.2343  28.668144     6.3412     6.4485     0.3366    89.9532 2.8622e-01  -64.75942  -63.14768 347.909613      75.36 4.8656e+02   1369.542      32870          7  0.000e+00
     70.819     70.114     0.2410  28.676217     0.2350  28.668939     6.3461     6.4478     0.3366    89.9532 2.8891e-01  -64.75942  -63.14768 347.909613      75.34 4.8832e+02   1369.583      32871          7  0.000e+00
     70.922     70.216     0.2410  28.676973     0.2350  28.668144     6.3412     6.4475     0.3366    89.9532 2.8891e-01  -64.75942  -63.14768 347.909614      75.34 4.8656e+02   1369.625      32872          7  0.000e+00
     70.771     70.066     0.2410  28.678135     0.2336  28.667292     6.3403     6.4472     0.3366    89.9532 2.8622e-01  -64.75942  -63.14768 347.909614      75.34 4.8656e+02   1369.667      32873          7  0.000e+00
     70.874     70.168     0.2407  28.679182     0.2313  28.665191     6.3341     6.4473     0.3366    89.9532 2.8891e-01  -64.75942  -63.14768 347.909615      75.36 4.8656e+02   1369.708      32874          7  0.000e+00
     70.881     70.175     0.2405  28.679241     0.2298  28.663602     6.3336     6.4464     0.3366    89.9532 2.8891e-01  -64.75942  -63.14768 347.909615      75.34 4.8656e+02   1369.750      32875          7  0.000e+00
     70.819     70.114     0.2408  28.678601     0.2292  28.661955     6.3374     6.4462     0.3366    89.9532 2.8891e-01  -64.75942  -63.14768 347.909616      75.31 4.8656e+02   1369.792      32876          7  0.000e+00
     70.874     70.168     0.2393  28.678427     0.2292  28.661160     6.3372     6.4459     0.3366    89.9789 2.8622e-01  -64.75942  -63.14768 347.909616      75.43 4.8656e+02   1369.833      32877          7  0.000e+00
     70.874     70.168     0.2360  28.675403     0.2299  28.660649     6.3317     6.4402     0.3366    89.9789 2.8622e-01  -64.75942  -63.14768 347.909617      75.85 4.8656e+02   1369.875      32878          7  0.000e+00
     70.819     70.114     0.2346  28.671333     0.2312  28.661727     6.3317     6.4388     0.3219    89.9789 2.8622e-01  -64.75942  -63.14768 347.909617      76.00 4.8656e+02   1369.917      32879          7  0.000e+00
     70.874     70.168     0.2346  28.669240     0.2312  28.662806     6.3359     6.4378     0.3146    89.9789 2.8622e-01  -64.75942  -63.14768 347.909618      76.00 4.8656e+02   1369.958      32880          7  0.000e+00
     70.874     70.168     0.2349  28.668949     0.2312  28.663829     6.3299     6.4314     0.3146    89.9789 2.8891e-01  -64.75942  -63.14768 347.909618      76.00 4.8656e+02   1370.000      32881          7  0.000e+00
     70.819     70.114     0.2351  28.670054     0.2301  28.663601     6.3282     6.4299     0.3219    89.9789 2.8622e-01  -64.75942  -63.14768 347.909619      75.97 4.8656e+02   1370.042      32882          7  0.000e+00
     70.874     70.168     0.2357  28.671624     0.2303  28.662807     6.3266     6.4284     0.3146    89.9789 2.8622e-01  -64.75942  -63.14768 347.909619      75.95 4.8656e+02   1370.083      32883          7  0.000e+00
     70.881     70.175     0.2368  28.671915     0.2303  28.661728     6.3193     6.4324     0.3146    89.9532 2.8622e-01  -64.75942  -63.14768 347.909620      75.97 4.8656e+02   1370.125      32884          7  0.000e+00
     70.874     70.168     0.2373  28.673252     0.2287  28.660649     6.3222     6.4322     0.3146    89.9789 2.8622e-01  -64.75942  -63.14768 347.909620      75.97 4.8656e+02   1370.167      32885          7  0.000e+00
     70.874     70.168     0.2368  28.673543     0.2267  28.658491     6.3209     6.4267     0.3146    89.9789 2.8622e-01  -64.75942  -63.14768 347.909620      75.97 4.8656e+02   1370.208      32886          7  0.000e+00
     70.819     70.114     0.2360  28.673484     0.2238  28.655823     6.3198     6.4261     0.3146    89.9789 2.8891e-01  -64.75942  -63.14768 347.909621      75.97 4.8656e+02   1370.250      32887          7  0.000e+00
     70.874     70.168     0.2357  28.672729     0.2211  28.654460     6.3144     6.4255     0.3146    89.9789 2.8622e-01  -64.75942  -63.14768 347.909621      75.95 4.8656e+02   1370.292      32888          7  0.000e+00
     70.874     70.168     0.2344  28.671624     0.2217  28.652870     6.3193     6.4245     0.3146    89.9789 2.8622e-01  -64.75942  -63.14768 347.909622      75.82 4.8656e+02   1370.333      32889          7  0.000e+00
     70.874     70.168     0.2344  28.669182     0.2225  28.651792     6.3199     6.4235     0.3146    89.9789 2.8622e-01  -64.75942  -63.14768 347.909622      75.70 4.8656e+02   1370.375      32890          7  0.000e+00
     70.874     70.168     0.2343  28.667612     0.2231  28.651281     6.3192     6.4227     0.3146    89.9789 2.8622e-01  -64.75942  -63.14768 347.909623      75.65 4.8656e+02   1370.417      32891          7  0.000e+00
     70.833     70.128     0.2322  28.666508     0.2243  28.652075     6.3131     6.4164     0.3146    89.9789 2.8622e-01  -64.75942  -63.14768 347.909623      75.65 4.8656e+02   1370.458      32892          7  0.000e+00
     70.874     70.168     0.2300  28.664066     0.2236  28.653438     6.3117     6.4151     0.3146    89.9789 2.8622e-01  -64.75942  -63.14768 347.909624      75.68 4.8656e+02   1370.500      32893          7  0.000e+00
     70.874     70.168     0.2292  28.663020     0.2231  28.653438     6.3157     6.4193     0.3146    89.9789 2.8622e-01  -64.75942  -63.14768 347.909624      75.68 4.8656e+02   1370.542      32894          7  0.000e+00
     70.874     70.168     0.2289  28.662729     0.2236  28.651791     6.3153     6.4190     0.3219    89.9789 2.8622e-01  -64.75942  -63.14768 347.909625      75.65 4.8656e+02   1370.583      32895          7  0.000e+00
     70.874     70.168     0.2242  28.660579     0.2246  28.651791     6.3099     6.4133     0.3146    89.9789 2.8622e-01  -64.75942  -63.14768 347.909625      75.65 4.8656e+02   1370.625      32896          7  0.000e+00
     70.874     70.168     0.2185  28.658428     0.2247  28.654233     6.3106     6.4176     0.3146    90.0304 2.8622e-01  -64.75942  -63.14768 347.909626      75.65 4.8656e+02   1370.667      32897          7  0.000e+00
     70.819     70.114     0.2156  28.651453     0.2246  28.655028     6.3169     6.4122     0.3146    90.0819 2.8622e-01  -64.75942  -63.14768 347.909626      75.68 4.8656e+02   1370.708      32898          7  0.000e+00
     70.922     70.216     0.2163  28.644071     0.2239  28.655028     6.3173     6.4117     0.3146    90.0562 2.8622e-01  -64.75942  -63.14768 347.909627      75.68 4.8656e+02   1370.750      32899          7  0.000e+00
     70.819     70.114     0.2168  28.643083     0.2243  28.655028     6.3115     6.4110     0.3146    90.0819 2.8622e-01  -64.75942  -63.14768 347.909627      75.65 4.8656e+02   1370.792      32900          7  0.000e+00
     70.881     70.175     0.2171  28.644362     0.2259  28.653551     6.3103     6.4106     0.3146    90.0819 2.8622e-01  -64.75942  -63.14768 347.909628      75.65 4.8656e+02   1370.833      32901          7  0.000e+00
     70.874     70.168     0.2176  28.644710     0.2267  28.652586     6.3105     6.4103     0.3146    90.0562 2.8622e-01  -64.75942  -63.14768 347.909628      75.80 4.8656e+02   1370.875      32902          7  0.000e+00
     70.874     70.168     0.2182  28.641920     0.2258  28.652870     6.3153     6.4103     0.3146    90.0562 2.8622e-01  -64.75942  -63.14768 347.909629      75.85 4.8656e+02   1370.917      32903          7  0.000e+00
     70.874     70.168     0.2125  28.638782     0.2238  28.653665     6.3110     6.4105     0.3146    90.0562 2.8622e-01  -64.75942  -63.14768 347.909629      75.85 4.8656e+02   1370.958      32904          7  0.000e+00
     70.874     70.168     0.2090  28.636226     0.2230  28.652870     6.3166     6.4109     0.3806    90.0562 2.8622e-01  -64.75942  -63.14768 347.909630      75.85 4.8656e+02   1371.000      32905          7  0.000e+00
     70.923     70.217     0.1878  28.607640     0.1955  28.610641     6.5112     6.5881     0.3952    89.6957 2.8622e-01  -64.75942  -63.14768 347.909689      75.34 4.8656e+02   1376.125      33028          8  0.000e+00
     70.923     70.217     0.1893  28.606827     0.1961  28.610358     6.5172     6.5876     0.3952    89.7214 2.8622e-01  -64.75942  -63.14768 347.909689      75.36 4.8656e+02   1376.167      33029          8  0.000e+00
     70.923     70.217     0.1853  28.606536     0.1950  28.611152     6.5249     6.5878     0.3952    89.6957 2.8622e-01  -64.75942  -63.14768 347.909690      75.36 4.8656e+02   1376.208      33030          8  0.000e+00
     70.978     70.271     0.1818  28.606827     0.1935  28.610926     6.5205     6.5879     0.3952    89.6957 2.8622e-01  -64.75942  -63.14768 347.909690      75.36 4.8656e+02   1376.250      33031          8  0.000e+00
     70.875     70.169     0.1862  28.605200     0.1921  28.610358     6.5188     6.5929     0.3952    89.6957 2.8622e-01  -64.75942  -63.14768 347.909691      75.34 4.8656e+02   1376.292      33032          8  0.000e+00
     70.985     70.278     0.1899  28.603573     0.1913  28.610358     6.5181     6.5931     0.3952    89.7214 2.8622e-01  -64.75942  -63.14768 347.909691      75.34 4.8656e+02   1376.333      33033          8  0.000e+00
     70.923     70.217     0.1934  28.601946     0.1919  28.609564     6.5226     6.5935     0.3952    89.7214 2.8622e-01  -64.75942  -63.14768 347.909692      75.60 4.8656e+02   1376.375      33034          8  0.000e+00
     70.923     70.217     0.1945  28.600901     0.1915  28.608486     6.5225     6.5938     0.3952    89.6957 2.8622e-01  -64.75942  -63.14768 347.909692      75.78 4.8656e+02   1376.417      33035          8  0.000e+00
     70.923     70.217     0.1944  28.600320     0.1907  28.608202     6.5220     6.5938     0.4172    89.6957 2.8622e-01  -64.75942  -63.14768 347.909693      75.78 4.8656e+02   1376.458      33036          8  0.000e+00
     70.923     70.217     0.1934  28.599507     0.1901  28.607691     6.5211     6.5934     0.4685    89.6957 2.8622e-01  -64.75942  -63.14768 347.909693      75.78 4.8656e+02   1376.500      33037          8  0.000e+00
     70.978     70.271     0.1876  28.597649     0.1887  28.607181     6.5289     6.5930     0.4831    89.7987 2.8622e-01  -64.75942  -63.14768 347.909694      75.78 4.8656e+02   1376.542      33038          8  0.000e+00
     70.923     70.217     0.1831  28.595732     0.1828  28.606103     6.5302     6.5928     0.4831    89.8759 2.8622e-01  -64.75942  -63.14768 347.909694      75.75 4.8656e+02   1376.583      33039          8  0.000e+00
     70.923     70.217     0.1882  28.595731     0.1787  28.604231     6.5294     6.5984     0.4831    89.8759 2.8622e-01  -64.75942  -63.14768 347.909695      75.75 4.8656e+02   1376.625      33040          8  0.000e+00
     70.930     70.224     0.1929  28.597416     0.1767  28.601848     6.5281     6.5989     0.4831    89.8759 2.8622e-01  -64.75942  -63.14768 347.909695      75.78 4.8656e+02   1376.667      33041          8  0.000e+00
     70.923     70.217     0.1938  28.600610     0.1758  28.599351     6.5280     6.5988     0.4831    89.8759 2.8622e-01  -64.75942  -63.14768 347.909696      75.78 4.8656e+02   1376.708      33042          8  0.000e+00
     70.978     70.271     0.1960  28.602237     0.1763  28.597309     6.5331     6.5983     0.4831    89.8759 2.8354e-01  -64.75942  -63.14768 347.909696      75.75 4.8656e+02   1376.750      33043          8  0.000e+00
     70.923     70.217     0.1971  28.605199     0.1778  28.596741     6.5332     6.5971     0.4831    89.8759 2.8622e-01  -64.75942  -63.14768 347.909697      75.75 4.8656e+02   1376.792      33044          8  0.000e+00
     70.923     70.217     0.1904  28.605723     0.1808  28.596230     6.5342     6.5955     0.4831    89.8759 2.8354e-01  -64.75942  -63.14768 347.909697      75.75 4.8656e+02   1376.833      33045          8  0.000e+00
