NBP2113_155081_ctd/data/nbp2113_021.cnv
* Sea-Bird SBE 9 Data File:
* FileName = D:\Data\raw\NBP2113_021.hex
* Software Version Seasave V 7.26.7.121
* Temperature SN = 2438
* Conductivity SN = 2067
* Number of Bytes Per Scan = 40
* Number of Voltage Words = 5
* Number of Scans Averaged by the Deck Unit = 1
* NMEA Latitude = 68 01.86 S
* NMEA Longitude = 069 17.12 W
* NMEA UTC (Time) = Nov 30 2021  19:30:12
* NMEA baud rate = 9600
** Ship: RVIB N.B. Palmer
** Cruise: NBP2113 LTER
** Station: 200.-040
** Operator: S. Blackman
# nquan = 25
# nvalues = 914                         
# units = specified
# name 0 = prDM: Pressure, Digiquartz [db]
# name 1 = depSM: Depth [salt water, m]
# name 2 = t090C: Temperature [ITS-90, deg C]
# name 3 = c0mS/cm: Conductivity [mS/cm]
# name 4 = t190C: Temperature, 2 [ITS-90, deg C]
# name 5 = c1mS/cm: Conductivity, 2 [mS/cm]
# name 6 = sbeox0ML/L: Oxygen, SBE 43 [ml/l]
# name 7 = sbeox1ML/L: Oxygen, SBE 43, 2 [ml/l]
# name 8 = flECO-AFL: Fluorescence, WET Labs ECO-AFL/FL [mg/m^3]
# name 9 = CStarTr0: Beam Transmission, WET Labs C-Star [%]
# name 10 = par: PAR/Irradiance, Biospherical/Licor
# name 11 = latitude: Latitude [deg]
# name 12 = longitude: Longitude [deg]
# name 13 = timeJ: Julian Days
# name 14 = altM: Altimeter [m]
# name 15 = spar: SPAR, Biospherical/Licor
# name 16 = timeS: Time, Elapsed [seconds]
# name 17 = scan: Scan Count
# name 18 = density00: Density [density, kg/m^3]
# name 19 = density11: Density, 2 [density, kg/m^3]
# name 20 = sal00: Salinity, Practical [PSU]
# name 21 = sal11: Salinity, Practical, 2 [PSU]
# name 22 = oxsolML/L: Oxygen Saturation, Garcia & Gordon [ml/l]
# name 23 = nbin: number of scans per bin
# name 24 = flag: flag
# span 0 =      1.000,    459.000       
# span 1 =      0.988,    453.904       
# span 2 =    -1.2803,     1.3801       
# span 3 =  27.108473,  30.203759       
# span 4 =    -1.2737,     1.3800       
# span 5 =  27.113114,  30.202781       
# span 6 =     3.9917,     9.8232       
# span 7 =     4.0604,     8.5191       
# span 8 =    -0.0166,     3.5829       
# span 9 =    85.6744,    97.2905       
# span 10 = -8.041e-05, 3.6841e+02      
# span 11 =  -68.03110,  -68.03060      
# span 12 =  -69.28626,  -69.28527      
# span 13 = 334.815845, 334.831107      
# span 14 =     -30.96,     105.42      
# span 15 = 2.8733e+02, 3.2790e+02      
# span 16 =    277.038,   1595.678      
# span 17 =       6650,      38297      
# span 18 =  1027.1700,  1029.9327      
# span 19 =  1027.1686,  1029.9317      
# span 20 =    33.7926,    34.6952      
# span 21 =    33.7910,    34.6943      
# span 22 =    7.74703,    8.35462      
# span 23 =         11,         49      
# span 24 = 0.0000e+00, 0.0000e+00      
# interval = decibars: 1                
# start_time = Nov 30 2021 19:30:12 [NMEA time, header]
# bad_flag = -9.990e-29
*END*
[from data line 580]
    334.000    330.391     1.3196  30.072140     1.3191  30.070914     4.0570     4.1192     0.0010    97.2639 1.0000e-12  -68.03062  -69.28621 334.826190      99.97 3.0145e+02   1170.845      28101  1029.3284  1029.3277    34.6653    34.6644    7.76054         28 0.0000e+00
    333.000    329.403     1.3177  30.069289     1.3177  30.068620     4.0578     4.1164     0.0106    97.2479 1.0000e-12  -68.03062  -69.28622 334.826202      99.98 3.0145e+02   1171.853      28125  1029.3231  1029.3225    34.6644    34.6636    7.76097         23 0.0000e+00
    332.000    328.414     1.3121  30.062641     1.3140  30.063996     4.0640     4.1178     0.0024    97.2691 1.0000e-12  -68.03062  -69.28623 334.826213      99.98 3.0145e+02   1172.806      28148  1029.3176  1029.3172    34.6626    34.6623    7.76216         24 0.0000e+00
    331.000    327.426     1.3090  30.058752     1.3106  30.059934     4.0603     4.1221    -0.0100    97.2690 1.0000e-12  -68.03062  -69.28624 334.826225      99.98 3.0145e+02   1173.864      28174  1029.3125  1029.3122    34.6617    34.6615    7.76283         27 0.0000e+00
    330.000    326.438     1.3076  30.056837     1.3085  30.057082     4.0590     4.1240    -0.0104    97.2608 1.0000e-12  -68.03062  -69.28625 334.826238      99.98 3.0145e+02   1174.934      28199  1029.3076  1029.3070    34.6614    34.6607    7.76313         24 0.0000e+00
    329.000    325.449     1.3052  30.053604     1.3067  30.054560     4.0655     4.1277    -0.0042    97.2414 1.0000e-12  -68.03062  -69.28626 334.826248      99.98 3.0145e+02   1175.844      28221  1029.3025  1029.3019    34.6605    34.6600    7.76365         19 0.0000e+00
    328.000    324.460     1.3022  30.050227     1.3058  30.053198     4.0699     4.1303     0.0017    97.2461 1.0000e-12  -68.03062  -69.28626 334.826257      99.98 3.0145e+02   1176.610      28240  1029.2977  1029.2972    34.6601    34.6599    7.76427         18 0.0000e+00
    327.000    323.472     1.3007  30.048425     1.3024  30.049228     4.0680     4.1259     0.0113    97.2559 1.0000e-12  -68.03062  -69.28626 334.826266      99.98 3.0203e+02   1177.345      28257  1029.2930  1029.2922    34.6600    34.6591    7.76456         18 0.0000e+00
    326.000    322.484     1.3000  30.047337     1.3006  30.047058     4.0723     4.1255     0.0060    97.2371 1.0000e-12  -68.03060  -69.28624 334.826275      99.98 3.0309e+02   1178.182      28277  1029.2883  1029.2875    34.6599    34.6590    7.76470         24 0.0000e+00
    325.000    321.496     1.3025  30.049450     1.3021  30.048342     4.0636     4.1336    -0.0030    97.2335 1.0000e-12  -68.03061  -69.28623 334.826301      99.98 3.0322e+02   1180.446      28332  1029.2837  1029.2830    34.6604    34.6595    7.76418         34 0.0000e+00
    324.000    320.507     1.3029  30.049243     1.3017  30.047186     4.0741     4.1327    -0.0067    97.2426 1.0000e-12  -68.03062  -69.28622 334.826333      99.98 3.0322e+02   1183.160      28397  1029.2789  1029.2779    34.6604    34.6591    7.76411         27 0.0000e+00
    323.000    319.519     1.3014  30.047477     1.3009  30.046123     4.0816     4.1355    -0.0077    97.2403 1.0000e-12  -68.03062  -69.28624 334.826343      99.98 3.0322e+02   1184.023      28418  1029.2742  1029.2733    34.6603    34.6591    7.76440         18 0.0000e+00
    322.000    318.529     1.2944  30.039066     1.2957  30.039795     4.0872     4.1394    -0.0064    97.2403 1.0000e-12  -68.03062  -69.28624 334.826351      99.97 3.0322e+02   1184.734      28435  1029.2683  1029.2677    34.6579    34.6573    7.76593         17 0.0000e+00
    321.000    317.543     1.2873  30.030965     1.2893  30.032544     4.0865     4.1357    -0.0056    97.2403 1.0000e-12  -68.03062  -69.28624 334.826359      99.98 3.0322e+02   1185.442      28452  1029.2628  1029.2625    34.6560    34.6558    7.76743         17 0.0000e+00
    320.000    316.552     1.2856  30.028794     1.2891  30.031995     4.0807     4.1311    -0.0067    97.2403 1.0000e-12  -68.03060  -69.28624 334.826369      99.97 3.0322e+02   1186.256      28471  1029.2580  1029.2578    34.6557    34.6559    7.76778         22 0.0000e+00
    319.000    315.565     1.2865  30.029532     1.2930  30.035793     4.0805     4.1331    -0.0010    97.2403 1.0000e-12  -68.03060  -69.28625 334.826381      99.98 3.0391e+02   1187.317      28497  1029.2536  1029.2536    34.6562    34.6570    7.76758         31 0.0000e+00
    318.000    314.576     1.2884  30.031093     1.2899  30.031885     4.0741     4.1380    -0.0067    97.2358 1.0000e-12  -68.03060  -69.28624 334.826399      99.98 3.0500e+02   1188.901      28535  1029.2489  1029.2484    34.6566    34.6561    7.76717         41 0.0000e+00
    317.000    313.587     1.2877  30.029751     1.2877  30.029109     4.0790     4.1446    -0.0012    97.2273 1.0000e-12  -68.03060  -69.28624 334.826417      99.98 3.0498e+02   1190.430      28571  1029.2440  1029.2433    34.6563    34.6555    7.76733         32 0.0000e+00
    316.000    312.599     1.2821  30.023051     1.2829  30.023395     4.0979     4.1480    -0.0043    97.2402 1.0000e-12  -68.03060  -69.28624 334.826431      99.98 3.0498e+02   1191.662      28601  1029.2384  1029.2380    34.6545    34.6540    7.76854         26 0.0000e+00
    315.000    311.611     1.2695  30.009026     1.2763  30.015541     4.1020     4.1554    -0.0071    97.2403 1.0000e-12  -68.03060  -69.28624 334.826444      99.98 3.0498e+02   1192.746      28627  1029.2322  1029.2322    34.6510    34.6519    7.77121         25 0.0000e+00
    314.000    310.622     1.2649  30.003480     1.2689  30.007089     4.1098     4.1554    -0.0123    97.2403 1.0000e-12  -68.03060  -69.28624 334.826455      99.98 3.0498e+02   1193.722      28650  1029.2267  1029.2266    34.6496    34.6498    7.77220         22 0.0000e+00
    313.000    309.634     1.2607  29.998429     1.2640  30.001359     4.1051     4.1547    -0.0105    97.2403 1.0000e-12  -68.03060  -69.28624 334.826466      99.98 3.0498e+02   1194.674      28673  1029.2215  1029.2213    34.6485    34.6485    7.77310         24 0.0000e+00
    312.000    308.646     1.2588  29.995957     1.2638  30.000808     4.1014     4.1568    -0.0067    97.2450 1.0000e-12  -68.03060  -69.28624 334.826480      99.98 3.0616e+02   1195.836      28701  1029.2165  1029.2166    34.6479    34.6486    7.77350         33 0.0000e+00
    311.000    307.657     1.2644  30.001682     1.2683  30.004905     4.0983     4.1582    -0.0084    97.2307 1.0000e-12  -68.03060  -69.28624 334.826501      99.98 3.0675e+02   1197.694      28746  1029.2124  1029.2119    34.6497    34.6495    7.77230         44 0.0000e+00
    310.000    306.669     1.2637  30.000502     1.2604  29.995676     4.0995     4.1667    -0.0056    97.2300 1.0000e-12  -68.03060  -69.28624 334.826521      99.98 3.0674e+02   1199.394      28786  1029.2076  1029.2060    34.6495    34.6469    7.77245         30 0.0000e+00
    309.000    305.679     1.2551  29.989989     1.2552  29.989643     4.1147     4.1693    -0.0003    97.2404 1.0000e-12  -68.03060  -69.28624 334.826533      99.98 3.0674e+02   1200.411      28811  1029.2011  1029.2006    34.6461    34.6455    7.77433         22 0.0000e+00
    308.000    304.692     1.2478  29.981289     1.2509  29.984136     4.1173     4.1709    -0.0076    97.2403 1.0000e-12  -68.03060  -69.28624 334.826542      99.97 3.0674e+02   1201.260      28831  1029.1951  1029.1950    34.6437    34.6439    7.77591         20 0.0000e+00
    307.000    303.702     1.2459  29.979022     1.2473  29.979803     4.1101     4.1700    -0.0117    97.2403 1.0000e-12  -68.03060  -69.28624 334.826553      99.98 3.0674e+02   1202.144      28852  1029.1903  1029.1898    34.6434    34.6429    7.77629         23 0.0000e+00
    306.000    302.714     1.2451  29.978025     1.2509  29.983598     4.1044     4.1729    -0.0041    97.2403 1.0000e-12  -68.03060  -69.28624 334.826566      99.98 3.0762e+02   1203.305      28880  1029.1858  1029.1858    34.6436    34.6443    7.77644         33 0.0000e+00
    305.000    301.726     1.2489  29.981668     1.2522  29.984240     4.1079     4.1743    -0.0093    97.2403 1.0000e-12  -68.03060  -69.28624 334.826582      99.98 3.0853e+02   1204.718      28914  1029.1814  1029.1809    34.6446    34.6443    7.77563         31 0.0000e+00
    304.000    300.737     1.2430  29.974495     1.2451  29.975866     4.1193     4.1780    -0.0028    97.2403 1.0000e-12  -68.03060  -69.28624 334.826595      99.98 3.0850e+02   1205.818      28941  1029.1756  1029.1751    34.6426    34.6421    7.77691         23 0.0000e+00
    303.000    299.748     1.2398  29.970490     1.2427  29.972969     4.1106     4.1752    -0.0030    97.2403 1.0000e-12  -68.03060  -69.28624 334.826605      99.98 3.0850e+02   1206.699      28962  1029.1705  1029.1702    34.6417    34.6416    7.77761         20 0.0000e+00
    302.000    298.761     1.2365  29.966408     1.2385  29.968085     4.1132     4.1734    -0.0064    97.2403 1.0000e-12  -68.03060  -69.28624 334.826615      99.98 3.0850e+02   1207.558      28982  1029.1652  1029.1650    34.6406    34.6405    7.77831         22 0.0000e+00
    301.000    297.771     1.2382  29.967944     1.2387  29.967919     4.1167     4.1730    -0.0071    97.2383 1.0000e-12  -68.03060  -69.28624 334.826629      99.98 3.0973e+02   1208.708      29010  1029.1608  1029.1603    34.6413    34.6407    7.77795         36 0.0000e+00
    300.000    296.782     1.2378  29.967048     1.2383  29.966941     4.1099     4.1741    -0.0021    97.2330 1.0000e-12  -68.03060  -69.28623 334.826656      99.98 3.1026e+02   1211.067      29067  1029.1560  1029.1554    34.6412    34.6405    7.77803         35 0.0000e+00
    299.000    295.794     1.2355  29.963909     1.2325  29.959721     4.1131     4.1813    -0.0023    97.2407 1.0000e-12  -68.03060  -69.28622 334.826678      99.98 3.1027e+02   1212.973      29112  1029.1508  1029.1494    34.6403    34.6382    7.77854         27 0.0000e+00
    298.000    294.807     1.2333  29.960829     1.2319  29.958656     4.1170     4.1812    -0.0155    97.2403 1.0000e-12  -68.03060  -69.28622 334.826688      99.97 3.1027e+02   1213.851      29133  1029.1454  1029.1446    34.6394    34.6381    7.77902         18 0.0000e+00
    297.000    293.818     1.2142  29.939381     1.2196  29.944749     4.1179     4.1819    -0.0081    97.2403 1.0000e-12  -68.03060  -69.28622 334.826696      99.98 3.1027e+02   1214.531      29150  1029.1380  1029.1383    34.6336    34.6345    7.78311         16 0.0000e+00
    296.000    292.827     1.2103  29.934900     1.2137  29.937766     4.1234     4.1825    -0.0073    97.2403 1.0000e-12  -68.03060  -69.28622 334.826703      99.98 3.1027e+02   1215.182      29165  1029.1331  1029.1327    34.6328    34.6327    7.78394         16 0.0000e+00
    295.000    291.840     1.2089  29.932883     1.2102  29.933461     4.1293     4.1838    -0.0062    97.2403 1.0000e-12  -68.03060  -69.28622 334.826712      99.98 3.1027e+02   1215.895      29182  1029.1280  1029.1274    34.6323    34.6316    7.78423         19 0.0000e+00
    294.000    290.851     1.2113  29.934728     1.2152  29.938702     4.1287     4.1795    -0.0003    97.2359 1.0000e-12  -68.03060  -69.28622 334.826724      99.98 3.1206e+02   1216.990      29209  1029.1232  1029.1235    34.6326    34.6334    7.78375         27 0.0000e+00
    293.000    289.863     1.2211  29.945427     1.2208  29.944311     4.1227     4.1836     0.0021    97.2378 1.0000e-12  -68.03062  -69.28620 334.826765      99.97 3.1203e+02   1220.486      29293  1029.1201  1029.1193    34.6361    34.6349    7.78162         30 0.0000e+00
    292.000    288.874     1.2136  29.936613     1.2129  29.934962     4.1438     4.1908     0.0181    97.2244 1.0000e-12  -68.03062  -69.28620 334.826775      99.97 3.1203e+02   1221.366      29314  1029.1142  1029.1132    34.6336    34.6322    7.78323         18 0.0000e+00
    291.000    287.889     1.2045  29.926096     1.2053  29.926361     4.1444     4.1966     0.0085    97.2164 1.0000e-12  -68.03060  -69.28620 334.826783      99.98 3.1331e+02   1222.038      29330  1029.1082  1029.1076    34.6308    34.6302    7.78519         15 0.0000e+00
    290.000    286.895     1.1959  29.916438     1.1959  29.915865     4.1376     4.1995     0.0006    97.2180 1.0000e-12  -68.03060  -69.28621 334.826790      99.98 3.1379e+02   1222.661      29345  1029.1025  1029.1019    34.6286    34.6278    7.78703         15 0.0000e+00
    289.000    285.908     1.1914  29.911142     1.1922  29.911506     4.1379     4.1968    -0.0004    97.2323 1.0000e-12  -68.03060  -69.28622 334.826798      99.98 3.1379e+02   1223.312      29360  1029.0972  1029.0968    34.6273    34.6268    7.78798         17 0.0000e+00
    288.000    284.920     1.1902  29.909395     1.1917  29.910414     4.1361     4.1895    -0.0027    97.2283 1.0000e-12  -68.03060  -69.28622 334.826807      99.98 3.1379e+02   1224.089      29379  1029.0923  1029.0918    34.6270    34.6266    7.78824         21 0.0000e+00
    287.000    283.931     1.1947  29.913781     1.1950  29.913685     4.1344     4.1934    -0.0044    97.2150 1.0000e-12  -68.03060  -69.28624 334.826819      99.97 3.1379e+02   1225.137      29404  1029.0880  1029.0876    34.6282    34.6277    7.78728         29 0.0000e+00
    286.000    282.942     1.1953  29.914091     1.1941  29.912119     4.1395     4.1967     0.0012    97.2146 1.0000e-12  -68.03061  -69.28622 334.826835      99.98 3.1379e+02   1226.558      29438  1029.0834  1029.0826    34.6285    34.6273    7.78714         38 0.0000e+00
    285.000    281.953     1.1917  29.909735     1.1919  29.909273     4.1370     4.2011    -0.0060    97.2154 1.0000e-12  -68.03062  -69.28618 334.826869      99.98 3.1500e+02   1229.445      29508  1029.0782  1029.0775    34.6276    34.6267    7.78792         33 0.0000e+00
    284.000    280.965     1.1882  29.905264     1.1874  29.903510     4.1515     4.2137    -0.0064    97.2227 1.0000e-12  -68.03062  -69.28618 334.826893      99.97 3.1558e+02   1231.550      29558  1029.0727  1029.0717    34.6263    34.6249    7.78868         23 0.0000e+00
    283.000    279.977     1.1812  29.897230     1.1821  29.897449     4.1635     4.2250     0.0012    97.2331 1.0000e-12  -68.03062  -69.28616 334.826902      99.98 3.1556e+02   1232.323      29577  1029.0670  1029.0663    34.6243    34.6235    7.79018         17 0.0000e+00
    282.000    278.988     1.1676  29.882092     1.1693  29.883097     4.1675     4.2206    -0.0039    97.2251 1.0000e-12  -68.03062  -69.28618 334.826910      99.98 3.1556e+02   1233.004      29593  1029.0607  1029.0600    34.6205    34.6200    7.79308         17 0.0000e+00
    281.000    277.999     1.1577  29.870879     1.1597  29.872226     4.1733     4.2191    -0.0076    97.2386 1.0000e-12  -68.03062  -69.28618 334.826918      99.98 3.1556e+02   1233.714      29610  1029.0546  1029.0540    34.6176    34.6171    7.79520         18 0.0000e+00
    280.000    277.011     1.1543  29.866720     1.1581  29.870041     4.1712     4.2203    -0.0149    97.2162 1.0000e-12  -68.03062  -69.28618 334.826927      99.98 3.1556e+02   1234.528      29630  1029.0493  1029.0490    34.6166    34.6167    7.79593         21 0.0000e+00
    279.000    276.022     1.1473  29.858633     1.1586  29.870540     4.1676     4.2223    -0.0150    97.2099 1.0000e-12  -68.03062  -69.28620 334.826939      99.97 3.1634e+02   1235.536      29654  1029.0436  1029.0447    34.6146    34.6174    7.79744         27 0.0000e+00
    278.000    275.034     1.1468  29.857244     1.1508  29.861522     4.1714     4.2239     0.0004    97.2109 1.0000e-12  -68.03062  -69.28620 334.826952      99.98 3.1732e+02   1236.686      29681  1029.0383  1029.0388    34.6140    34.6151    7.79758         28 0.0000e+00
