NBP2113_155081_ctd/data/nbp2113_040.ros
* Sea-Bird SBE 9 Data File:
* FileName = D:\Data\raw\NBP2113_040.hex
* Software Version Seasave V 7.26.7.121
* Temperature SN = 2438
* Conductivity SN = 2067
* Number of Bytes Per Scan = 40
* Number of Voltage Words = 5
* Number of Scans Averaged by the Deck Unit = 1
* NMEA Latitude = 64 51.74 S
* NMEA Longitude = 063 55.31 W
* NMEA UTC (Time) = Dec 10 2021  12:43:38
* NMEA baud rate = 9600
** Ship: RVIB N.B. Palmer
** Cruise: NBP2113 LTER
** Station: 621.028
** Operator: B. Urmston
# nquan = 20
# nvalues = 1139                                  
# units = specified
# name 0 = prDM: Pressure, Digiquartz [db]
# name 1 = depSM: Depth [salt water, m]
# name 2 = t090C: Temperature [ITS-90, deg C]
# name 3 = c0mS/cm: Conductivity [mS/cm]
# name 4 = t190C: Temperature, 2 [ITS-90, deg C]
# name 5 = c1mS/cm: Conductivity, 2 [mS/cm]
# name 6 = sbeox0ML/L: Oxygen, SBE 43 [ml/l]
# name 7 = sbeox1ML/L: Oxygen, SBE 43, 2 [ml/l]
# name 8 = flECO-AFL: Fluorescence, WET Labs ECO-AFL/FL [mg/m^3]
# name 9 = CStarTr0: Beam Transmission, WET Labs C-Star [%]
# name 10 = par: PAR/Irradiance, Biospherical/Licor
# name 11 = latitude: Latitude [deg]
# name 12 = longitude: Longitude [deg]
# name 13 = timeJ: Julian Days
# name 14 = altM: Altimeter [m]
# name 15 = spar: SPAR, Biospherical/Licor
# name 16 = timeS: Time, Elapsed [seconds]
# name 17 = scan: Scan Count
# name 18 = nbf: Bottles Fired
# name 19 = flag:  0.000e+00
# interval = seconds: 0.0416667
# start_time = Dec 10 2021 12:43:38 [NMEA time, header]
# bad_flag = -9.990e-29
*END*
[from data line 73]
    377.461    373.423     1.2656  30.018009     1.2661  30.017079     4.3436     4.4015    -0.0150    94.5624 1.0000e-12  -64.86224  -63.92190 344.541885       8.42 3.4024e+02   1000.833      24021          2  0.000e+00
    377.461    373.423     1.2657  30.018127     1.2662  30.017368     4.3434     4.4015    -0.0150    94.5624 1.0000e-12  -64.86224  -63.92190 344.541885       8.42 3.4024e+02   1000.875      24022          2  0.000e+00
    377.509    373.471     1.2654  30.018246     1.2660  30.017079     4.3489     4.4016    -0.0150    94.5624 1.0000e-12  -64.86224  -63.92190 344.541886       8.42 3.4024e+02   1000.917      24023          2  0.000e+00
    377.488    373.450     1.2657  30.018009     1.2658  30.017079     4.3442     4.3962    -0.0150    94.5624 1.0000e-12  -64.86224  -63.92190 344.541886       8.42 3.4024e+02   1000.958      24024          2  0.000e+00
    377.509    373.471     1.2657  30.017832     1.2659  30.017079     4.3440     4.4008    -0.0150    94.5624 1.0000e-12  -64.86224  -63.92190 344.541887       8.42 3.4024e+02   1001.000      24025          2  0.000e+00
    377.509    373.471     1.2654  30.018009     1.2658  30.016848     4.3437     4.4008    -0.0150    94.5366 1.0000e-12  -64.86224  -63.92190 344.541887       8.42 3.4024e+02   1001.042      24026          2  0.000e+00
    377.564    373.525     1.2657  30.017714     1.2659  30.017368     4.3492     4.4009    -0.0150    94.5624 1.0000e-12  -64.86224  -63.92190 344.541888       8.42 3.4024e+02   1001.083      24027          2  0.000e+00
    377.509    373.471     1.2656  30.018009     1.2656  30.016848     4.3488     4.4009    -0.0150    94.5624 1.0000e-12  -64.86224  -63.92190 344.541888       8.42 3.4024e+02   1001.125      24028          2  0.000e+00
    377.564    373.525     1.2654  30.017832     1.2657  30.017079     4.3440     4.4010    -0.0150    94.5624 1.0000e-12  -64.86224  -63.92190 344.541889       8.42 3.4024e+02   1001.167      24029          2  0.000e+00
    377.564    373.525     1.2653  30.018246     1.2657  30.017079     4.3493     4.4010    -0.0150    94.5624 1.0000e-12  -64.86224  -63.92190 344.541889       8.38 3.4024e+02   1001.208      24030          2  0.000e+00
    377.536    373.498     1.2653  30.017714     1.2658  30.017368     4.3444     4.4010    -0.0150    94.5624 1.0000e-12  -64.86224  -63.92190 344.541889       8.25 3.4024e+02   1001.250      24031          2  0.000e+00
    377.612    373.573     1.2654  30.017536     1.2657  30.017079     4.3453     4.4011    -0.0150    94.5624 1.0000e-12  -64.86224  -63.92190 344.541890       8.23 3.4024e+02   1001.292      24032          2  0.000e+00
    377.564    373.525     1.2653  30.017714     1.2656  30.017079     4.3404     4.4011    -0.0150    94.5624 1.0000e-12  -64.86224  -63.92190 344.541890       8.23 3.4024e+02   1001.333      24033          2  0.000e+00
    377.612    373.573     1.2654  30.017714     1.2662  30.017079     4.3446     4.4011    -0.0150    94.5624 1.0000e-12  -64.86224  -63.92190 344.541891       8.23 3.4024e+02   1001.375      24034          2  0.000e+00
    377.612    373.573     1.2656  30.018010     1.2663  30.017079     4.3442     4.4011    -0.0150    94.5624 1.0000e-12  -64.86224  -63.92190 344.541891       8.23 3.4024e+02   1001.417      24035          2  0.000e+00
    377.612    373.573     1.2656  30.017536     1.2665  30.017368     4.3439     4.4012    -0.0150    94.5624 1.0000e-12  -64.86224  -63.92190 344.541892       8.23 3.4024e+02   1001.458      24036          2  0.000e+00
    377.668    373.628     1.2656  30.018010     1.2666  30.017657     4.3436     4.4012    -0.0150    94.5624 1.0000e-12  -64.86224  -63.92190 344.541892       8.25 3.4024e+02   1001.500      24037          2  0.000e+00
    377.612    373.573     1.2657  30.018246     1.2666  30.017946     4.3432     4.4012    -0.0150    94.5624 1.0000e-12  -64.86224  -63.92190 344.541893       8.23 3.4024e+02   1001.542      24038          2  0.000e+00
    377.640    373.600     1.2657  30.018128     1.2668  30.017946     4.3415     4.4012    -0.0150    94.5624 1.0000e-12  -64.86224  -63.92190 344.541893       8.23 3.4024e+02   1001.583      24039          2  0.000e+00
    377.668    373.628     1.2657  30.018010     1.2667  30.018235     4.3411     4.4013    -0.0150    94.5624 1.0000e-12  -64.86224  -63.92190 344.541894       8.23 3.4024e+02   1001.625      24040          2  0.000e+00
    377.716    373.675     1.2656  30.018246     1.2666  30.017946     4.3408     4.4014    -0.0077    94.5624 1.0000e-12  -64.86224  -63.92190 344.541894       8.23 3.4024e+02   1001.667      24041          2  0.000e+00
    377.668    373.628     1.2656  30.017714     1.2667  30.017946     4.3404     4.4014    -0.0077    94.5624 1.0000e-12  -64.86224  -63.92190 344.541895       8.21 3.4024e+02   1001.708      24042          2  0.000e+00
    377.716    373.675     1.2656  30.018128     1.2668  30.018235     4.3400     4.4014    -0.0077    94.5624 1.0000e-12  -64.86224  -63.92190 344.541895       8.18 3.4024e+02   1001.750      24043          2  0.000e+00
    377.716    373.675     1.2659  30.018246     1.2669  30.018235     4.3396     4.3960    -0.0077    94.5624 1.0000e-12  -64.86224  -63.92190 344.541896       8.18 3.4024e+02   1001.792      24044          2  0.000e+00
    377.716    373.675     1.2659  30.018246     1.2671  30.018235     4.3392     4.4006    -0.0077    94.5624 1.0000e-12  -64.86224  -63.92190 344.541896       8.16 3.4024e+02   1001.833      24045          2  0.000e+00
    303.478    300.285     1.2545  29.973094     1.2541  29.971579     4.3474     4.4083    -0.0077    94.6911 1.0000e-12  -64.86198  -63.92200 344.544332      84.64 3.5434e+02   1212.250      29095          3  0.000e+00
    303.657    300.462     1.2544  29.972799     1.2541  29.971522     4.3466     4.4091    -0.0077    94.6654 1.0000e-12  -64.86198  -63.92200 344.544332      84.79 3.5434e+02   1212.292      29096          3  0.000e+00
    303.423    300.231     1.2546  29.973330     1.2540  29.971810     4.3526     4.4097    -0.0077    94.6654 1.0000e-12  -64.86198  -63.92200 344.544333      84.79 3.5434e+02   1212.333      29097          3  0.000e+00
    303.560    300.367     1.2545  29.973094     1.2539  29.971868     4.3488     4.4106    -0.0077    94.6654 1.0000e-12  -64.86198  -63.92200 344.544333      84.79 3.5434e+02   1212.375      29098          3  0.000e+00
    303.478    300.285     1.2546  29.973153     1.2542  29.971521     4.3480     4.4059    -0.0077    94.6654 1.0000e-12  -64.86198  -63.92200 344.544334      84.79 3.5434e+02   1212.417      29099          3  0.000e+00
    303.374    300.183     1.2543  29.973330     1.2539  29.971810     4.3528     4.4112    -0.0077    94.6654 1.0000e-12  -64.86198  -63.92200 344.544334      84.76 3.5434e+02   1212.458      29100          3  0.000e+00
    303.505    300.312     1.2544  29.973094     1.2537  29.971810     4.3490     4.4067    -0.0077    94.6654 1.0000e-12  -64.86198  -63.92200 344.544334      84.76 3.5434e+02   1212.500      29101          3  0.000e+00
    303.375    300.183     1.2545  29.973330     1.2538  29.971579     4.3537     4.4066    -0.0077    94.6654 1.0000e-12  -64.86198  -63.92200 344.544335      84.76 3.5434e+02   1212.542      29102          3  0.000e+00
    303.375    300.183     1.2546  29.973626     1.2537  29.971521     4.3485     4.4058    -0.0077    94.6654 1.0000e-12  -64.86198  -63.92200 344.544335      84.76 3.5434e+02   1212.583      29103          3  0.000e+00
    303.354    300.163     1.2544  29.972798     1.2537  29.971521     4.3533     4.4103    -0.0077    94.6654 1.0000e-12  -64.86198  -63.92200 344.544336      84.79 3.5434e+02   1212.625      29104          3  0.000e+00
    303.320    300.129     1.2547  29.973389     1.2535  29.971290     4.3493     4.4103    -0.0077    94.6654 1.0000e-12  -64.86198  -63.92200 344.544336      84.74 3.5434e+02   1212.667      29105          3  0.000e+00
    303.299    300.108     1.2544  29.973094     1.2537  29.971521     4.3498     4.4049    -0.0077    94.6654 1.0000e-12  -64.86198  -63.92200 344.544337      84.79 3.5434e+02   1212.708      29106          3  0.000e+00
    303.223    300.034     1.2543  29.973093     1.2537  29.971232     4.3490     4.4093    -0.0077    94.6654 1.0000e-12  -64.86198  -63.92200 344.544337      84.96 3.5434e+02   1212.750      29107          3  0.000e+00
    303.271    300.081     1.2544  29.973094     1.2535  29.971579     4.3495     4.4047    -0.0077    94.6654 1.0000e-12  -64.86198  -63.92202 344.544338      85.01 3.5434e+02   1212.792      29108          3  0.000e+00
    303.196    300.006     1.2542  29.973093     1.2535  29.971232     4.3487     4.4047    -0.0077    94.6654 1.0000e-12  -64.86198  -63.92202 344.544338      85.01 3.5434e+02   1212.833      29109          3  0.000e+00
    303.168    299.979     1.2541  29.973330     1.2533  29.971809     4.3493     4.4046    -0.0077    94.6654 1.0000e-12  -64.86198  -63.92202 344.544339      85.01 3.5434e+02   1212.875      29110          3  0.000e+00
    303.120    299.931     1.2538  29.972857     1.2532  29.970943     4.3543     4.4047    -0.0077    94.6654 1.0000e-12  -64.86198  -63.92202 344.544339      85.01 3.5434e+02   1212.917      29111          3  0.000e+00
    303.099    299.911     1.2541  29.972798     1.2532  29.970770     4.3505     4.4048    -0.0077    94.6654 1.0000e-12  -64.86198  -63.92202 344.544340      84.98 3.5434e+02   1212.958      29112          3  0.000e+00
    303.065    299.877     1.2539  29.972797     1.2531  29.970943     4.3498     4.4048    -0.0077    94.6654 1.0000e-12  -64.86198  -63.92202 344.544340      84.98 3.5434e+02   1213.000      29113          3  0.000e+00
    303.044    299.857     1.2539  29.972797     1.2532  29.970943     4.3491     4.4050    -0.0077    94.6654 1.0000e-12  -64.86198  -63.92202 344.544341      85.01 3.5434e+02   1213.042      29114          3  0.000e+00
    302.962    299.775     1.2535  29.972797     1.2531  29.970769     4.3527     4.4042    -0.0077    94.6911 1.0000e-12  -64.86198  -63.92202 344.544341      85.01 3.5434e+02   1213.083      29115          3  0.000e+00
    303.017    299.830     1.2538  29.972797     1.2529  29.970712     4.3475     4.4036    -0.0077    94.6654 1.0000e-12  -64.86198  -63.92202 344.544342      85.01 3.5434e+02   1213.125      29116          3  0.000e+00
    302.893    299.707     1.2538  29.972206     1.2530  29.970711     4.3523     4.4082    -0.0077    94.6654 1.0000e-12  -64.86198  -63.92202 344.544342      84.98 3.5434e+02   1213.167      29117          3  0.000e+00
    302.914    299.727     1.2535  29.972561     1.2529  29.970769     4.3471     4.4038    -0.0077    94.6654 1.0000e-12  -64.86198  -63.92202 344.544343      85.03 3.5434e+02   1213.208      29118          3  0.000e+00
    302.859    299.673     1.2535  29.972206     1.2532  29.970942     4.3519     4.4039    -0.0077    94.6654 1.0000e-12  -64.86198  -63.92202 344.544343      85.27 3.5434e+02   1213.250      29119          3  0.000e+00
    302.838    299.653     1.2538  29.971969     1.2531  29.970422     4.3536     4.4041    -0.0077    94.6654 1.0000e-12  -64.86198  -63.92202 344.544344      85.37 3.5434e+02   1213.292      29120          3  0.000e+00
    302.762    299.578     1.2539  29.972205     1.2532  29.970769     4.3482     4.4035    -0.0077    94.6654 1.0000e-12  -64.86198  -63.92202 344.544344      85.37 3.5434e+02   1213.333      29121          3  0.000e+00
    302.810    299.625     1.2536  29.971969     1.2532  29.970711     4.3530     4.4037    -0.0077    94.6396 1.0000e-12  -64.86198  -63.92202 344.544345      85.37 3.5434e+02   1213.375      29122          3  0.000e+00
    302.687    299.503     1.2535  29.972205     1.2532  29.970711     4.3560     4.4031    -0.0077    94.6654 1.0000e-12  -64.86198  -63.92202 344.544345      85.37 3.5434e+02   1213.417      29123          3  0.000e+00
    302.707    299.523     1.2536  29.972560     1.2532  29.970942     4.3563     4.4025    -0.0077    94.6396 1.0000e-12  -64.86198  -63.92202 344.544346      85.35 3.5434e+02   1213.458      29124          3  0.000e+00
    302.638    299.455     1.2538  29.972205     1.2532  29.970768     4.3510     4.4072    -0.0077    94.6654 1.0000e-12  -64.86198  -63.92202 344.544346      85.35 3.5434e+02   1213.500      29125          3  0.000e+00
    302.604    299.421     1.2539  29.971969     1.2529  29.970422     4.3556     4.4021    -0.0077    94.6654 1.0000e-12  -64.86198  -63.92202 344.544347      85.35 3.5434e+02   1213.542      29126          3  0.000e+00
    302.604    299.421     1.2535  29.972205     1.2533  29.970711     4.3573     4.4023    -0.0077    94.6654 1.0000e-12  -64.86198  -63.92202 344.544347      85.37 3.5434e+02   1213.583      29127          3  0.000e+00
    302.535    299.353     1.2538  29.972205     1.2532  29.970768     4.3531     4.4079    -0.0077    94.6654 1.0000e-12  -64.86198  -63.92202 344.544348      85.37 3.5434e+02   1213.625      29128          3  0.000e+00
    302.501    299.319     1.2535  29.971968     1.2533  29.970941     4.3522     4.4036    -0.0077    94.6654 1.0000e-12  -64.86198  -63.92202 344.544348      85.32 3.5434e+02   1213.667      29129          3  0.000e+00
    302.453    299.272     1.2533  29.972323     1.2533  29.970710     4.3569     4.4039    -0.0077    94.6654 1.0000e-12  -64.86198  -63.92202 344.544348      85.45 3.5434e+02   1213.708      29130          3  0.000e+00
    302.377    299.197     1.2538  29.971672     1.2533  29.970479     4.3584     4.4042    -0.0077    94.6396 1.0000e-12  -64.86198  -63.92202 344.544349      85.93 3.5434e+02   1213.750      29131          3  0.000e+00
    302.398    299.217     1.2538  29.971968     1.2532  29.970941     4.3587     4.4046    -0.0077    94.6654 1.0000e-12  -64.86198  -63.92202 344.544349      86.15 3.5434e+02   1213.792      29132          3  0.000e+00
    302.398    299.217     1.2538  29.972204     1.2535  29.970710     4.3532     4.4050    -0.0004    94.6654 1.0000e-12  -64.86198  -63.92202 344.544350      86.15 3.5434e+02   1213.833      29133          3  0.000e+00
    302.281    299.102     1.2536  29.971672     1.2533  29.970421     4.3605     4.4054    -0.0077    94.6654 1.0000e-12  -64.86198  -63.92202 344.544350      86.15 3.5434e+02   1213.875      29134          3  0.000e+00
    302.301    299.122     1.2539  29.972204     1.2535  29.971056     4.3620     4.4103    -0.0077    94.6654 1.0000e-12  -64.86198  -63.92202 344.544351      86.13 3.5434e+02   1213.917      29135          3  0.000e+00
    302.246    299.068     1.2538  29.972500     1.2535  29.970940     4.3509     4.4053    -0.0077    94.6396 1.0000e-12  -64.86198  -63.92202 344.544351      86.11 3.5434e+02   1213.958      29136          3  0.000e+00
    302.226    299.047     1.2538  29.972322     1.2533  29.970709     4.3587     4.4049    -0.0077    94.6654 1.0000e-12  -64.86198  -63.92202 344.544352      86.11 3.5434e+02   1214.000      29137          3  0.000e+00
    302.198    299.020     1.2538  29.972204     1.2535  29.971056     4.3545     4.4045    -0.0077    94.6396 1.0000e-12  -64.86198  -63.92202 344.544352      86.13 3.5434e+02   1214.042      29138          3  0.000e+00
    302.123    298.945     1.2538  29.972204     1.2533  29.970420     4.3605     4.4041    -0.0077    94.6396 1.0000e-12  -64.86198  -63.92202 344.544353      86.13 3.5434e+02   1214.083      29139          3  0.000e+00
    302.143    298.966     1.2541  29.972204     1.2533  29.970709     4.3551     4.4037    -0.0077    94.6396 1.0000e-12  -64.86198  -63.92202 344.544353      86.13 3.5434e+02   1214.125      29140          3  0.000e+00
