NBP2113_155081_ctd/data/nbp2113_062.cnv
* Sea-Bird SBE 9 Data File:
* FileName = D:\Data\raw\NBP2113_062.hex
* Software Version Seasave V 7.26.7.121
* Temperature SN = 2438
* Conductivity SN = 2067
* Number of Bytes Per Scan = 40
* Number of Voltage Words = 5
* Number of Scans Averaged by the Deck Unit = 1
* NMEA Latitude = 64 46.58 S
* NMEA Longitude = 063 03.86 W
* NMEA UTC (Time) = Dec 14 2021  03:19:35
* NMEA baud rate = 9600
** Ship: RVIB N.B. Palmer
** Cruise: NBP2113 LTER
** Station: 654.003
** Operator: B. Urmston
# nquan = 25
# nvalues = 566                         
# units = specified
# name 0 = prDM: Pressure, Digiquartz [db]
# name 1 = depSM: Depth [salt water, m]
# name 2 = t090C: Temperature [ITS-90, deg C]
# name 3 = c0mS/cm: Conductivity [mS/cm]
# name 4 = t190C: Temperature, 2 [ITS-90, deg C]
# name 5 = c1mS/cm: Conductivity, 2 [mS/cm]
# name 6 = sbeox0ML/L: Oxygen, SBE 43 [ml/l]
# name 7 = sbeox1ML/L: Oxygen, SBE 43, 2 [ml/l]
# name 8 = flECO-AFL: Fluorescence, WET Labs ECO-AFL/FL [mg/m^3]
# name 9 = CStarTr0: Beam Transmission, WET Labs C-Star [%]
# name 10 = par: PAR/Irradiance, Biospherical/Licor
# name 11 = latitude: Latitude [deg]
# name 12 = longitude: Longitude [deg]
# name 13 = timeJ: Julian Days
# name 14 = altM: Altimeter [m]
# name 15 = spar: SPAR, Biospherical/Licor
# name 16 = timeS: Time, Elapsed [seconds]
# name 17 = scan: Scan Count
# name 18 = density00: Density [density, kg/m^3]
# name 19 = density11: Density, 2 [density, kg/m^3]
# name 20 = sal00: Salinity, Practical [PSU]
# name 21 = sal11: Salinity, Practical, 2 [PSU]
# name 22 = oxsolML/L: Oxygen Saturation, Garcia & Gordon [ml/l]
# name 23 = nbin: number of scans per bin
# name 24 = flag: flag
# span 0 =      1.000,    284.000       
# span 1 =      0.991,    281.028       
# span 2 =    -0.3813,     0.8025       
# span 3 =  28.218995,  29.410837       
# span 4 =    -0.3817,     0.8014       
# span 5 =  28.223015,  29.405325       
# span 6 =     4.9871,     7.6919       
# span 7 =     5.0622,     8.2207       
# span 8 =    -0.0191,     1.6154       
# span 9 =    83.9595,    90.8381       
# span 10 = 1.0000e-12, 8.0165e+00      
# span 11 =  -64.77637,  -64.77622      
# span 12 =  -63.06549,  -63.06461      
# span 13 = 348.142004, 348.157377      
# span 14 =      10.04,     100.04      
# span 15 = 0.0000e+00, 0.0000e+00      
# span 16 =    294.171,   1622.401      
# span 17 =       7061,      38939      
# span 18 =  1027.2915,  1029.0691      
# span 19 =  1027.2934,  1029.0676      
# span 20 =    33.9749,    34.5101      
# span 21 =    33.9720,    34.5097      
# span 22 =    7.87269,    8.11932      
# span 23 =          8,         75      
# span 24 = 0.0000e+00, 0.0000e+00      
# interval = decibars: 1                
# start_time = Dec 14 2021 03:19:35 [NMEA time, header]
# bad_flag = -9.990e-29
*END*
[from data line 290]
    276.000    273.116    -0.3620  28.472706    -0.3652  28.469168     5.8119     5.8929    -0.0063    89.6929 1.0000e-12  -64.77622  -63.06549 348.150032      17.77 0.0000e+00    987.723      23706  1029.0278  1029.0272    34.4908    34.4897    8.11532         30 0.0000e+00
    275.000    272.127    -0.3563  28.476691    -0.3590  28.473355     5.8232     5.8873    -0.0095    89.6317 1.0000e-12  -64.77622  -63.06549 348.150046      18.80 0.0000e+00    988.959      23736  1029.0224  1029.0214    34.4904    34.4889    8.11415         29 0.0000e+00
    274.000    271.139    -0.3549  28.477333    -0.3560  28.475434     5.8130     5.8852    -0.0079    89.7548 1.0000e-12  -64.77622  -63.06548 348.150060      19.80 0.0000e+00    990.187      23765  1029.0174  1029.0164    34.4902    34.4889    8.11385         30 0.0000e+00
    273.000    270.151    -0.3527  28.478568    -0.3541  28.476277     5.8080     5.8821    -0.0139    89.7639 1.0000e-12  -64.77622  -63.06548 348.150074      20.80 0.0000e+00    991.406      23795  1029.0124  1029.0112    34.4900    34.4885    8.11340         29 0.0000e+00
    272.000    269.160    -0.3493  28.480310    -0.3505  28.478370     5.8121     5.8861    -0.0130    89.8183 1.0000e-12  -64.77622  -63.06548 348.150088      21.82 0.0000e+00    992.627      23824  1029.0067  1029.0058    34.4891    34.4878    8.11273         29 0.0000e+00
    271.000    268.171    -0.3438  28.483837    -0.3470  28.480318     5.8081     5.8739    -0.0015    89.8995 1.0000e-12  -64.77622  -63.06548 348.150102      22.79 0.0000e+00    993.848      23853  1029.0008  1029.0001    34.4881    34.4870    8.11160         28 0.0000e+00
    270.000    267.182    -0.3378  28.487671    -0.3389  28.485641     5.7800     5.8581    -0.0141    89.9360 1.0000e-12  -64.77622  -63.06548 348.150117      23.80 0.0000e+00    995.072      23883  1028.9948  1028.9936    34.4871    34.4856    8.11038         29 0.0000e+00
    269.000    266.195    -0.3067  28.512508    -0.3115  28.507009     5.7315     5.8448    -0.0150    89.9880 1.0000e-12  -64.77622  -63.06548 348.150131      24.79 0.0000e+00    996.295      23912  1028.9864  1028.9853    34.4857    34.4838    8.10384         29 0.0000e+00
    268.000    265.205    -0.2671  28.546494    -0.2760  28.538257     5.7078     5.8213    -0.0150    90.0158 1.0000e-12  -64.77622  -63.06548 348.150145      25.83 0.0000e+00    997.520      23941  1028.9796  1028.9795    34.4869    34.4860    8.09536         30 0.0000e+00
    267.000    264.215    -0.2322  28.576910    -0.2503  28.560072     5.7007     5.8151    -0.0150    90.0963 1.0000e-12  -64.77622  -63.06548 348.150159      26.79 0.0000e+00    998.740      23971  1028.9738  1028.9735    34.4886    34.4867    8.08786         29 0.0000e+00
    266.000    263.228    -0.2307  28.578453    -0.2298  28.577613     5.7094     5.8065    -0.0150    90.1330 1.0000e-12  -64.77622  -63.06548 348.150173      27.86 0.0000e+00    999.953      24000  1028.9700  1028.9682    34.4896    34.4875    8.08748         28 0.0000e+00
    265.000    262.238    -0.2222  28.585243    -0.2253  28.581575     5.7096     5.8040    -0.0142    90.1557 1.0000e-12  -64.77622  -63.06548 348.150187      28.84 0.0000e+00   1001.168      24029  1028.9650  1028.9640    34.4897    34.4883    8.08568         29 0.0000e+00
    264.000    261.249    -0.2198  28.586947    -0.2202  28.585394     5.7065     5.8017     0.0003    90.1609 1.0000e-12  -64.77622  -63.06548 348.150201      29.77 0.0000e+00   1002.393      24058  1028.9605  1028.9592    34.4898    34.4882    8.08516         30 0.0000e+00
    263.000    260.261    -0.2170  28.588729    -0.2174  28.587262     5.7155     5.8024    -0.0014    90.1788 1.0000e-12  -64.77622  -63.06548 348.150216      30.81 0.0000e+00   1003.627      24088  1028.9557  1028.9545    34.4897    34.4882    8.08458         29 0.0000e+00
    262.000    259.271    -0.2150  28.590030    -0.2167  28.587425     5.7210     5.8014    -0.0126    90.1725 1.0000e-12  -64.77622  -63.06548 348.150230      31.82 0.0000e+00   1004.846      24117  1028.9511  1028.9499    34.4897    34.4882    8.08415         29 0.0000e+00
    261.000    258.283    -0.2189  28.586356    -0.2195  28.584659     5.7291     5.8010    -0.0084    90.1671 1.0000e-12  -64.77622  -63.06548 348.150244      32.93 0.0000e+00   1006.055      24146  1028.9470  1028.9457    34.4899    34.4882    8.08497         29 0.0000e+00
    260.000    257.292    -0.2268  28.578949    -0.2268  28.577810     5.7284     5.8012    -0.0109    90.1678 1.0000e-12  -64.77622  -63.06548 348.150258      33.85 0.0000e+00   1007.268      24175  1028.9428  1028.9416    34.4894    34.4880    8.08666         30 0.0000e+00
    259.000    256.305    -0.2267  28.578248    -0.2290  28.575168     5.7237     5.8061    -0.0105    90.1672 1.0000e-12  -64.77622  -63.06548 348.150272      35.00 0.0000e+00   1008.480      24205  1028.9378  1028.9367    34.4890    34.4875    8.08666         29 0.0000e+00
    258.000    255.317    -0.2302  28.575027    -0.2337  28.570835     5.7392     5.8137    -0.0144    90.0331 1.0000e-12  -64.77622  -63.06548 348.150286      35.88 0.0000e+00   1009.710      24234  1028.9337  1028.9326    34.4893    34.4877    8.08739         27 0.0000e+00
    257.000    254.328    -0.2361  28.569342    -0.2374  28.566952     5.7388     5.8132    -0.0070    90.1465 1.0000e-12  -64.77622  -63.06548 348.150300      36.93 0.0000e+00   1010.930      24263  1028.9293  1028.9279    34.4890    34.4873    8.08866         27 0.0000e+00
    256.000    253.338    -0.2383  28.566944    -0.2393  28.564869     5.7399     5.8170     0.0005    90.1856 1.0000e-12  -64.77622  -63.06548 348.150314      37.95 0.0000e+00   1012.141      24292  1028.9246  1028.9233    34.4889    34.4873    8.08913         30 0.0000e+00
    255.000    252.348    -0.2391  28.565560    -0.2390  28.564447     5.7424     5.8154    -0.0059    90.1657 1.0000e-12  -64.77622  -63.06548 348.150328      38.92 0.0000e+00   1013.350      24321  1028.9197  1028.9184    34.4886    34.4870    8.08933         28 0.0000e+00
    254.000    251.359    -0.2367  28.567115    -0.2369  28.565913     5.7391     5.8120    -0.0136    90.1861 1.0000e-12  -64.77622  -63.06548 348.150342      39.95 0.0000e+00   1014.558      24350  1028.9148  1028.9136    34.4886    34.4871    8.08882         29 0.0000e+00
    253.000    250.370    -0.2344  28.568955    -0.2348  28.567309     5.7358     5.8111    -0.0076    90.2038 1.0000e-12  -64.77622  -63.06548 348.150356      40.98 0.0000e+00   1015.765      24379  1028.9101  1028.9087    34.4889    34.4872    8.08829         29 0.0000e+00
    252.000    249.382    -0.2345  28.568359    -0.2344  28.567225     5.7337     5.8167    -0.0060    90.1865 1.0000e-12  -64.77622  -63.06548 348.150370      42.03 0.0000e+00   1016.987      24409  1028.9054  1028.9041    34.4889    34.4873    8.08832         30 0.0000e+00
    251.000    248.393    -0.2351  28.567298    -0.2353  28.565937     5.7292     5.8069     0.0037    90.1516 1.0000e-12  -64.77622  -63.06548 348.150385      43.03 0.0000e+00   1018.224      24438  1028.9006  1028.8993    34.4888    34.4872    8.08846         30 0.0000e+00
    250.000    247.402    -0.2338  28.567841    -0.2344  28.566157     5.7218     5.8059    -0.0069    90.1887 1.0000e-12  -64.77622  -63.06548 348.150399      44.01 0.0000e+00   1019.446      24468  1028.8957  1028.8945    34.4887    34.4871    8.08820         27 0.0000e+00
    249.000    246.414    -0.2318  28.569281    -0.2323  28.567559     5.7202     5.7961    -0.0018    90.1983 1.0000e-12  -64.77622  -63.06547 348.150413      45.08 0.0000e+00   1020.659      24497  1028.8910  1028.8896    34.4890    34.4872    8.08776         27 0.0000e+00
    248.000    245.425    -0.2193  28.578951    -0.2188  28.578082     5.6969     5.7830     0.0008    90.1841 1.0000e-12  -64.77622  -63.06547 348.150427      46.12 0.0000e+00   1021.869      24526  1028.8847  1028.8833    34.4883    34.4866    8.08514         29 0.0000e+00
    247.000    244.437    -0.2008  28.594550    -0.1903  28.602463     5.6778     5.7751    -0.0114    90.2077 1.0000e-12  -64.77622  -63.06547 348.150441      47.13 0.0000e+00   1023.090      24555  1028.8789  1028.8770    34.4888    34.4875    8.08119         27 0.0000e+00
    246.000    243.447    -0.1802  28.612488    -0.1800  28.611596     5.6868     5.7690    -0.0084    90.2202 1.0000e-12  -64.77622  -63.06548 348.150455      48.16 0.0000e+00   1024.316      24585  1028.8737  1028.8725    34.4901    34.4886    8.07677         30 0.0000e+00
    245.000    242.459    -0.1755  28.616363    -0.1713  28.618982     5.6793     5.7634    -0.0130    90.2410 1.0000e-12  -64.77622  -63.06547 348.150469      49.25 0.0000e+00   1025.552      24614  1028.8690  1028.8677    34.4904    34.4893    8.07574         29 0.0000e+00
    244.000    241.469    -0.1704  28.620275    -0.1624  28.625963     5.6639     5.7571    -0.0017    90.2345 1.0000e-12  -64.77622  -63.06547 348.150483      50.22 0.0000e+00   1026.770      24643  1028.8641  1028.8623    34.4905    34.4891    8.07466         29 0.0000e+00
    243.000    240.481    -0.1573  28.631389    -0.1542  28.632740     5.6569     5.7439     0.0063    90.2409 1.0000e-12  -64.77622  -63.06547 348.150497      51.24 0.0000e+00   1027.969      24672  1028.8589  1028.8573    34.4911    34.4894    8.07185         29 0.0000e+00
    242.000    239.491    -0.1474  28.639182    -0.1452  28.640011     5.6549     5.7389    -0.0094    90.2750 1.0000e-12  -64.77622  -63.06546 348.150511      52.23 0.0000e+00   1029.181      24701  1028.8534  1028.8521    34.4910    34.4895    8.06978         29 0.0000e+00
    241.000    238.502    -0.1395  28.645441    -0.1340  28.648953     5.6574     5.7396    -0.0094    90.2655 1.0000e-12  -64.77622  -63.06546 348.150526      53.33 0.0000e+00   1030.406      24731  1028.8482  1028.8465    34.4910    34.4894    8.06811         30 0.0000e+00
    240.000    237.513    -0.1380  28.646805    -0.1300  28.652076     5.6591     5.7392    -0.0017    90.2613 1.0000e-12  -64.77622  -63.06546 348.150540      54.34 0.0000e+00   1031.623      24760  1028.8441  1028.8419    34.4916    34.4896    8.06775         29 0.0000e+00
    239.000    236.524    -0.1260  28.656331    -0.1267  28.654642     5.6508     5.7380    -0.0106    90.2658 1.0000e-12  -64.77622  -63.06546 348.150554      55.38 0.0000e+00   1032.846      24789  1028.8383  1028.8373    34.4914    34.4899    8.06523         29 0.0000e+00
    238.000    235.535    -0.1212  28.659701    -0.1217  28.658028     5.6442     5.7321    -0.0009    90.2862 1.0000e-12  -64.77622  -63.06546 348.150568      56.40 0.0000e+00   1034.064      24819  1028.8332  1028.8319    34.4911    34.4894    8.06424         30 0.0000e+00
    237.000    234.545    -0.1139  28.665443    -0.1135  28.664533     5.6354     5.7314     0.0119    90.2712 1.0000e-12  -64.77622  -63.06546 348.150582      57.41 0.0000e+00   1035.280      24848  1028.8280  1028.8266    34.4911    34.4894    8.06271         29 0.0000e+00
    236.000    233.557    -0.1086  28.669456    -0.1096  28.667593     5.6461     5.7319     0.0112    90.2906 1.0000e-12  -64.77622  -63.06546 348.150596      58.55 0.0000e+00   1036.500      24877  1028.8229  1028.8220    34.4910    34.4897    8.06158         29 0.0000e+00
    235.000    232.567    -0.1067  28.670672    -0.1077  28.668498     5.6408     5.7331     0.0005    90.2772 1.0000e-12  -64.77622  -63.06546 348.150610      59.51 0.0000e+00   1037.715      24906  1028.8183  1028.8170    34.4911    34.4894    8.06118         29 0.0000e+00
    234.000    231.580    -0.1075  28.669705    -0.1092  28.666872     5.6479     5.7294     0.0065    90.2692 1.0000e-12  -64.77622  -63.06546 348.150624      60.57 0.0000e+00   1038.929      24935  1028.8139  1028.8126    34.4913    34.4895    8.06133         29 0.0000e+00
    233.000    230.589    -0.1061  28.670104    -0.1066  28.668404     5.6484     5.7231     0.0069    90.2293 1.0000e-12  -64.77622  -63.06546 348.150638      61.58 0.0000e+00   1040.155      24965  1028.8088  1028.8076    34.4909    34.4893    8.06106         30 0.0000e+00
    232.000    229.600    -0.1003  28.674478    -0.1012  28.672419     5.6400     5.7218    -0.0032    90.2431 1.0000e-12  -64.77622  -63.06546 348.150653      62.69 0.0000e+00   1041.378      24994  1028.8036  1028.8023    34.4907    34.4890    8.05985         30 0.0000e+00
    231.000    228.611    -0.0966  28.677125    -0.0959  28.676521     5.6476     5.7238     0.0069    90.2429 1.0000e-12  -64.77622  -63.06546 348.150667      63.67 0.0000e+00   1042.598      25023  1028.7986  1028.7974    34.4907    34.4892    8.05907         28 0.0000e+00
    230.000    227.622    -0.0944  28.678615    -0.0942  28.677620     5.6412     5.7218     0.0045    90.2200 1.0000e-12  -64.77622  -63.06546 348.150681      64.69 0.0000e+00   1043.821      25053  1028.7940  1028.7927    34.4909    34.4893    8.05861         30 0.0000e+00
    229.000    226.634    -0.0952  28.677492    -0.0951  28.676354     5.6458     5.7183     0.0026    90.2418 1.0000e-12  -64.77622  -63.06546 348.150695      65.76 0.0000e+00   1045.045      25082  1028.7894  1028.7881    34.4909    34.4893    8.05877         29 0.0000e+00
    228.000    225.644    -0.0967  28.675813    -0.0968  28.674560     5.6448     5.7202     0.0113    90.2229 1.0000e-12  -64.77622  -63.06546 348.150709      66.74 0.0000e+00   1046.254      25111  1028.7849  1028.7836    34.4909    34.4893    8.05909         28 0.0000e+00
    227.000    224.655    -0.0986  28.673651    -0.0989  28.672326     5.6472     5.7255     0.0010    90.2330 1.0000e-12  -64.77622  -63.06546 348.150723      67.77 0.0000e+00   1047.472      25140  1028.7803  1028.7791    34.4908    34.4893    8.05950         29 0.0000e+00
    226.000    223.664    -0.0993  28.672539    -0.0995  28.671220     5.6437     5.7267     0.0072    90.2355 1.0000e-12  -64.77622  -63.06546 348.150737      68.80 0.0000e+00   1048.687      25169  1028.7756  1028.7744    34.4907    34.4892    8.05965         30 0.0000e+00
    225.000    222.677    -0.0997  28.671719    -0.0996  28.670576     5.6461     5.7226     0.0102    90.2170 1.0000e-12  -64.77622  -63.06546 348.150751      69.81 0.0000e+00   1049.905      25199  1028.7708  1028.7696    34.4907    34.4891    8.05973         29 0.0000e+00
    224.000    221.688    -0.0994  28.671497    -0.0993  28.670384     5.6490     5.7224    -0.0061    90.2309 1.0000e-12  -64.77622  -63.06546 348.150766      70.90 0.0000e+00   1051.222      25230  1028.7661  1028.7649    34.4907    34.4891    8.05967         36 0.0000e+00
    223.000    220.698    -0.1002  28.670265    -0.1005  28.668930     5.6544     5.7207     0.0087    90.2519 1.0000e-12  -64.77622  -63.06546 348.150787      72.01 0.0000e+00   1052.984      25273  1028.7614  1028.7602    34.4905    34.4891    8.05985         40 0.0000e+00
    222.000    219.708    -0.1002  28.669883    -0.1001  28.668808     5.6506     5.7206     0.0080    90.2494 1.0000e-12  -64.77622  -63.06546 348.150813      73.06 0.0000e+00   1055.222      25326  1028.7567  1028.7555    34.4906    34.4891    8.05984         36 0.0000e+00
    221.000    218.720    -0.0996  28.669960    -0.0998  28.668652     5.6490     5.7236     0.0068    90.2661 1.0000e-12  -64.77622  -63.06546 348.150842      74.17 0.0000e+00   1057.720      25386  1028.7519  1028.7507    34.4906    34.4891    8.05971         36 0.0000e+00
    220.000    217.730    -0.0998  28.669094    -0.0975  28.670102     5.6509     5.7171     0.0129    90.2390 1.0000e-12  -64.77622  -63.06545 348.150872      75.24 0.0000e+00   1060.336      25449  1028.7470  1028.7458    34.4904    34.4891    8.05978         37 0.0000e+00
