NBP2113_155081_ctd/data/nbp2113_043.ros
* Sea-Bird SBE 9 Data File:
* FileName = D:\Data\raw\NBP2113_043.hex
* Software Version Seasave V 7.26.7.121
* Temperature SN = 2438
* Conductivity SN = 2067
* Number of Bytes Per Scan = 40
* Number of Voltage Words = 5
* Number of Scans Averaged by the Deck Unit = 1
* NMEA Latitude = 64 55.34 S
* NMEA Longitude = 064 19.20 W
* NMEA UTC (Time) = Dec 10 2021  20:08:03
* NMEA baud rate = 9600
** Ship: RVIB N.B. Palmer
** Cruise: NBP2113 LTER
** Station: 600.040
** Operator: S. Blackman
# nquan = 20
# nvalues = 196                                   
# units = specified
# name 0 = prDM: Pressure, Digiquartz [db]
# name 1 = depSM: Depth [salt water, m]
# name 2 = t090C: Temperature [ITS-90, deg C]
# name 3 = c0mS/cm: Conductivity [mS/cm]
# name 4 = t190C: Temperature, 2 [ITS-90, deg C]
# name 5 = c1mS/cm: Conductivity, 2 [mS/cm]
# name 6 = sbeox0ML/L: Oxygen, SBE 43 [ml/l]
# name 7 = sbeox1ML/L: Oxygen, SBE 43, 2 [ml/l]
# name 8 = flECO-AFL: Fluorescence, WET Labs ECO-AFL/FL [mg/m^3]
# name 9 = CStarTr0: Beam Transmission, WET Labs C-Star [%]
# name 10 = par: PAR/Irradiance, Biospherical/Licor
# name 11 = latitude: Latitude [deg]
# name 12 = longitude: Longitude [deg]
# name 13 = timeJ: Julian Days
# name 14 = altM: Altimeter [m]
# name 15 = spar: SPAR, Biospherical/Licor
# name 16 = timeS: Time, Elapsed [seconds]
# name 17 = scan: Scan Count
# name 18 = nbf: Bottles Fired
# name 19 = flag:  0.000e+00
# interval = seconds: 0.0416667
# start_time = Dec 10 2021 20:08:03 [NMEA time, header]
# bad_flag = -9.990e-29
*END*
[from data line 145]
      5.219      5.167    -0.6862  27.432666    -0.6854  27.432832     8.0497     8.1265     0.8861    84.1595 1.9609e+02  -64.92252  -64.31992 344.848325      99.98 6.5755e+02    812.250      19495          3  0.000e+00
      5.225      5.174    -0.6860  27.432666    -0.6855  27.433224     8.0442     8.1257     0.8861    84.1338 1.9609e+02  -64.92252  -64.31992 344.848325      99.98 6.5579e+02    812.292      19496          3  0.000e+00
      5.328      5.276    -0.6750  27.446224    -0.6822  27.435514     8.0550     8.1251     0.9154    84.1080 1.8481e+02  -64.92250  -64.31992 344.848400      99.98 6.5403e+02    818.750      19651          4  0.000e+00
      5.328      5.276    -0.6751  27.446739    -0.6826  27.434620     8.0542     8.1254     0.9080    84.1080 1.8429e+02  -64.92250  -64.31992 344.848400      99.98 6.5403e+02    818.792      19652          4  0.000e+00
      5.321      5.269    -0.6751  27.446510    -0.6826  27.434006     8.0520     8.1310     0.9080    84.0823 1.8377e+02  -64.92250  -64.31992 344.848401      99.95 6.5579e+02    818.833      19653          4  0.000e+00
      5.328      5.276    -0.6747  27.446510    -0.6831  27.434229     8.0511     8.1312     0.9154    84.1338 1.8326e+02  -64.92250  -64.31992 344.848401      99.95 6.5403e+02    818.875      19654          4  0.000e+00
      5.383      5.330    -0.6751  27.447025    -0.6831  27.434620     8.0503     8.1312     0.9154    84.1595 1.8326e+02  -64.92250  -64.31992 344.848402      99.98 6.5403e+02    818.917      19655          4  0.000e+00
      5.280      5.228    -0.6751  27.447025    -0.6834  27.434788     8.0552     8.1257     0.9080    84.1853 1.8274e+02  -64.92250  -64.31992 344.848402      99.98 6.5403e+02    818.958      19656          4  0.000e+00
      5.472      5.418    -0.6751  27.446224    -0.6833  27.434621     8.0515     8.1250     0.9154    84.1595 1.8222e+02  -64.92250  -64.31992 344.848403      99.95 6.5403e+02    819.000      19657          4  0.000e+00
      5.431      5.377    -0.6753  27.446567    -0.6837  27.434788     8.0506     8.1242     0.9154    84.1853 1.8222e+02  -64.92250  -64.31992 344.848403      99.93 6.5403e+02    819.042      19658          4  0.000e+00
      5.431      5.377    -0.6751  27.446739    -0.6840  27.433894     8.0497     8.1234     0.9080    84.1853 1.8171e+02  -64.92250  -64.31992 344.848404      99.95 6.5403e+02    819.083      19659          4  0.000e+00
      5.472      5.418    -0.6753  27.447311    -0.6835  27.433448     8.0547     8.1225     0.9154    84.1595 1.8171e+02  -64.92250  -64.31992 344.848404      99.98 6.5403e+02    819.125      19660          4  0.000e+00
      5.431      5.377    -0.6748  27.446739    -0.6826  27.435012     8.0507     8.1213     0.9080    84.1595 1.8120e+02  -64.92250  -64.31992 344.848405      99.98 6.5403e+02    819.167      19661          4  0.000e+00
      5.533      5.479    -0.6747  27.446510    -0.6812  27.435962     8.0499     8.1257     0.9080    84.1853 1.8069e+02  -64.92250  -64.31992 344.848405      99.98 6.5403e+02    819.208      19662          4  0.000e+00
      5.472      5.418    -0.6744  27.447540    -0.6805  27.437637     8.0547     8.1199     0.9154    84.1853 1.8018e+02  -64.92250  -64.31992 344.848406      99.98 6.5403e+02    819.250      19663          4  0.000e+00
      5.533      5.479    -0.6748  27.448055    -0.6801  27.438811     8.0480     8.1189     0.9154    84.1853 1.8018e+02  -64.92250  -64.31992 344.848406      99.98 6.5403e+02    819.292      19664          4  0.000e+00
      5.533      5.479    -0.6750  27.447826    -0.6803  27.439928     8.0471     8.1179     0.9080    84.1595 1.7967e+02  -64.92250  -64.31992 344.848407      99.95 6.5403e+02    819.333      19665          4  0.000e+00
      5.581      5.527    -0.6753  27.447826    -0.6801  27.439537     8.0463     8.1179     0.9080    84.1595 1.7916e+02  -64.92250  -64.31992 344.848407      99.95 6.5403e+02    819.375      19666          4  0.000e+00
      5.574      5.520    -0.6756  27.447540    -0.6800  27.439425     8.0454     8.1170     0.9154    84.1853 1.7866e+02  -64.92250  -64.31992 344.848408      99.98 6.5403e+02    819.417      19667          4  0.000e+00
      5.636      5.581    -0.6775  27.446797    -0.6805  27.439314     8.0463     8.1163     0.9154    84.1595 1.7866e+02  -64.92250  -64.31992 344.848408      99.98 6.5403e+02    819.458      19668          4  0.000e+00
      5.636      5.581    -0.6790  27.443879    -0.6811  27.438644     8.0415     8.1212     0.9154    84.1595 1.7816e+02  -64.92250  -64.31992 344.848409      99.98 6.5403e+02    819.500      19669          4  0.000e+00
      5.622      5.567    -0.6798  27.440733    -0.6812  27.437861     8.0411     8.1212     0.9154    84.1595 1.7816e+02  -64.92250  -64.31992 344.848409      99.93 6.5403e+02    819.542      19670          4  0.000e+00
      5.684      5.628    -0.6815  27.440218    -0.6808  27.437750     8.0468     8.1165     0.9154    84.1853 1.7765e+02  -64.92250  -64.31992 344.848410      99.95 6.5403e+02    819.583      19671          4  0.000e+00
      5.684      5.628    -0.6824  27.439703    -0.6805  27.437638     8.0419     8.1165     0.9154    84.1853 1.7765e+02  -64.92250  -64.31992 344.848410      99.98 6.5403e+02    819.625      19672          4  0.000e+00
      5.677      5.621    -0.6828  27.438159    -0.6797  27.438811     8.0416     8.1218     0.8787    84.1595 1.7765e+02  -64.92250  -64.31992 344.848410      99.98 6.5403e+02    819.667      19673          4  0.000e+00
      5.732      5.676    -0.6821  27.437644    -0.6792  27.440208     8.0457     8.1225     0.8567    84.1338 1.7765e+02  -64.92250  -64.31992 344.848411      99.95 6.5403e+02    819.708      19674          4  0.000e+00
      5.787      5.730    -0.6819  27.437072    -0.6790  27.441102     8.0454     8.1170     0.8494    84.1338 1.7765e+02  -64.92250  -64.31992 344.848411      99.98 6.5403e+02    819.750      19675          4  0.000e+00
      5.732      5.676    -0.6804  27.437644    -0.6792  27.440990     8.0446     8.1170     0.8494    84.1338 1.7715e+02  -64.92250  -64.31992 344.848412      99.98 6.5403e+02    819.792      19676          4  0.000e+00
      5.773      5.716    -0.6785  27.439989    -0.6786  27.441102     8.0364     8.1161     0.8567    84.1338 1.7765e+02  -64.92250  -64.31992 344.848412      99.95 6.5403e+02    819.833      19677          4  0.000e+00
      5.787      5.730    -0.6776  27.443364    -0.6788  27.441270     8.0387     8.1153     0.8567    84.1338 1.7715e+02  -64.92250  -64.31992 344.848413      99.95 6.5403e+02    819.875      19678          4  0.000e+00
      5.834      5.777    -0.6762  27.445481    -0.6789  27.440990     8.0334     8.1154     0.8567    84.1338 1.7715e+02  -64.92250  -64.31992 344.848413      99.98 6.5403e+02    819.917      19679          4  0.000e+00
      5.828      5.770    -0.6747  27.448857    -0.6788  27.440599     8.0268     8.1156     0.8567    84.1338 1.7715e+02  -64.92250  -64.31992 344.848414      99.98 6.5403e+02    819.958      19680          4  0.000e+00
      5.834      5.777    -0.6738  27.450974    -0.6788  27.440208     8.0250     8.1157     0.8567    84.1338 1.7715e+02  -64.92250  -64.31992 344.848414      99.98 6.5403e+02    820.000      19681          4  0.000e+00
      5.889      5.831    -0.6741  27.451718    -0.6795  27.439035     8.0281     8.1208     0.8567    84.1338 1.7715e+02  -64.92250  -64.31992 344.848415      99.93 6.5403e+02    820.042      19682          4  0.000e+00
      5.828      5.770    -0.6733  27.452805    -0.6801  27.439426     8.0280     8.1209     0.8567    84.1338 1.7715e+02  -64.92250  -64.31992 344.848415      99.95 6.5403e+02    820.083      19683          4  0.000e+00
      5.889      5.831    -0.6725  27.452519    -0.6814  27.438253     8.0281     8.1168     0.8567    84.1338 1.7715e+02  -64.92250  -64.31992 344.848416      99.98 6.5403e+02    820.125      19684          4  0.000e+00
      5.889      5.831    -0.6741  27.451718    -0.6818  27.437359     8.0333     8.1171     0.8567    84.1338 1.7715e+02  -64.92250  -64.31992 344.848416      99.98 6.5403e+02    820.167      19685          4  0.000e+00
      5.875      5.818    -0.6753  27.449658    -0.6823  27.436577     8.0339     8.1174     0.8567    84.1338 1.7715e+02  -64.92250  -64.31992 344.848417      99.98 6.5403e+02    820.208      19686          4  0.000e+00
      5.937      5.879    -0.6736  27.448571    -0.6829  27.435683     8.0282     8.1179     0.8567    84.1338 1.7715e+02  -64.92250  -64.31992 344.848417      99.95 6.5403e+02    820.250      19687          4  0.000e+00
      5.889      5.831    -0.6702  27.450687    -0.6843  27.435013     8.0205     8.1184     0.8567    84.1338 1.7715e+02  -64.92250  -64.31992 344.848418      99.98 6.5403e+02    820.292      19688          4  0.000e+00
      5.937      5.879    -0.6700  27.453548    -0.6849  27.434901     8.0238     8.1189     0.8567    84.1338 1.7715e+02  -64.92250  -64.31992 344.848418      99.95 6.5403e+02    820.333      19689          4  0.000e+00
      5.930      5.872    -0.6705  27.455437    -0.6849  27.434510     8.0229     8.1192     0.8567    84.1338 1.7715e+02  -64.92250  -64.31992 344.848419      99.95 6.5403e+02    820.375      19690          4  0.000e+00
      5.889      5.831    -0.6725  27.455380    -0.6846  27.433896     8.0225     8.1186     0.8567    84.1338 1.7715e+02  -64.92250  -64.31992 344.848419      99.95 6.5403e+02    820.417      19691          4  0.000e+00
      5.992      5.933    -0.6750  27.453835    -0.6849  27.434008     8.0166     8.1238     0.8567    84.1338 1.7715e+02  -64.92250  -64.31992 344.848420      99.98 6.5403e+02    820.458      19692          4  0.000e+00
      5.875      5.818    -0.6764  27.450974    -0.6846  27.434398     8.0208     8.1183     0.8567    84.1338 1.7665e+02  -64.92250  -64.31992 344.848420      99.98 6.5227e+02    820.500      19693          4  0.000e+00
      5.992      5.933    -0.6767  27.449372    -0.6843  27.434008     8.0234     8.1188     0.8567    84.1080 1.7665e+02  -64.92250  -64.31992 344.848421      99.93 6.5403e+02    820.542      19694          4  0.000e+00
      5.937      5.879    -0.6754  27.447541    -0.6833  27.434231     8.0184     8.1189     0.8567    84.1338 1.7665e+02  -64.92250  -64.31992 344.848421      99.95 6.5227e+02    820.583      19695          4  0.000e+00
      5.930      5.872    -0.6754  27.447541    -0.6831  27.434622     8.0241     8.1192     0.8567    84.1338 1.7665e+02  -64.92250  -64.31992 344.848422      99.98 6.5227e+02    820.625      19696          4  0.000e+00
      5.937      5.879    -0.6751  27.447827    -0.6824  27.435292     8.0239     8.1194     0.8567    84.1338 1.7616e+02  -64.92250  -64.31992 344.848422      99.98 6.5227e+02    820.667      19697          4  0.000e+00
      5.937      5.879    -0.6753  27.447541    -0.6824  27.435181     8.0253     8.1190     0.8567    84.1338 1.7616e+02  -64.92250  -64.31992 344.848423      99.98 6.5227e+02    820.708      19698          4  0.000e+00
      5.930      5.872    -0.6764  27.447541    -0.6820  27.436298     8.0197     8.1193     0.8567    84.1338 1.7616e+02  -64.92250  -64.31992 344.848423      99.98 6.5227e+02    820.750      19699          4  0.000e+00
