NBP2113_155081_ctd/data/nbp2113_050.ros
* Sea-Bird SBE 9 Data File:
* FileName = D:\Data\raw\NBP2113_050.hex
* Software Version Seasave V 7.26.7.121
* Temperature SN = 2438
* Conductivity SN = 2067
* Number of Bytes Per Scan = 40
* Number of Voltage Words = 5
* Number of Scans Averaged by the Deck Unit = 1
* NMEA Latitude = 64 56.46 S
* NMEA Longitude = 064 42.01 W
* NMEA UTC (Time) = Dec 11 2021  13:44:32
* NMEA baud rate = 9600
** Ship: RVIB N.B. Palmer
** Cruise: NBP2113 LTER
** Station: 590.050
** Operator: B. Urmston
# nquan = 20
# nvalues = 989                                   
# units = specified
# name 0 = prDM: Pressure, Digiquartz [db]
# name 1 = depSM: Depth [salt water, m]
# name 2 = t090C: Temperature [ITS-90, deg C]
# name 3 = c0mS/cm: Conductivity [mS/cm]
# name 4 = t190C: Temperature, 2 [ITS-90, deg C]
# name 5 = c1mS/cm: Conductivity, 2 [mS/cm]
# name 6 = sbeox0ML/L: Oxygen, SBE 43 [ml/l]
# name 7 = sbeox1ML/L: Oxygen, SBE 43, 2 [ml/l]
# name 8 = flECO-AFL: Fluorescence, WET Labs ECO-AFL/FL [mg/m^3]
# name 9 = CStarTr0: Beam Transmission, WET Labs C-Star [%]
# name 10 = par: PAR/Irradiance, Biospherical/Licor
# name 11 = latitude: Latitude [deg]
# name 12 = longitude: Longitude [deg]
# name 13 = timeJ: Julian Days
# name 14 = altM: Altimeter [m]
# name 15 = spar: SPAR, Biospherical/Licor
# name 16 = timeS: Time, Elapsed [seconds]
# name 17 = scan: Scan Count
# name 18 = nbf: Bottles Fired
# name 19 = flag:  0.000e+00
# interval = seconds: 0.0416667
# start_time = Dec 11 2021 13:44:32 [NMEA time, header]
# bad_flag = -9.990e-29
*END*
[from data line 218]
    101.514    100.494     0.4444  29.000193     0.4444  28.998812     5.1475     5.1944     0.0216    91.7814 9.0222e-01  -64.94094  -64.70008 345.589703      99.93 9.5901e+02   1478.375      35482          5  0.000e+00
    101.486    100.467     0.4444  28.999843     0.4444  28.998755     5.1478     5.1896     0.0216    91.8072 8.9781e-01  -64.94094  -64.70008 345.589704      99.95 9.5901e+02   1478.417      35483          5  0.000e+00
    101.514    100.494     0.4443  28.999901     0.4441  28.998983     5.1425     5.1894     0.0216    91.8072 8.9781e-01  -64.94094  -64.70008 345.589704      99.98 9.5901e+02   1478.458      35484          5  0.000e+00
    101.438    100.420     0.4443  28.999842     0.4444  28.998469     5.1472     5.1944     0.0216    91.8072 9.0222e-01  -64.94094  -64.70008 345.589705      99.98 9.5901e+02   1478.500      35485          5  0.000e+00
    101.514    100.494     0.4444  28.999901     0.4441  28.998755     5.1420     5.1905     0.0216    91.8072 8.9781e-01  -64.94094  -64.70008 345.589705      99.98 9.5901e+02   1478.542      35486          5  0.000e+00
    101.411    100.393     0.4443  28.999842     0.4439  28.998469     5.1397     5.1910     0.0216    91.8072 9.0222e-01  -64.94094  -64.70008 345.589706      99.98 9.5901e+02   1478.583      35487          5  0.000e+00
    101.438    100.420     0.4444  28.999901     0.4442  28.998469     5.1375     5.1908     0.0216    91.8072 9.0222e-01  -64.94094  -64.70008 345.589706      99.98 9.5901e+02   1478.625      35488          5  0.000e+00
    101.459    100.440     0.4446  29.000134     0.4442  28.998470     5.1480     5.1905     0.0216    91.8072 9.0222e-01  -64.94094  -64.70008 345.589707      99.98 9.5901e+02   1478.667      35489          5  0.000e+00
    101.438    100.420     0.4443  29.000193     0.4442  28.998469     5.1440     5.1956     0.0216    91.8072 9.0222e-01  -64.94094  -64.70008 345.589707      99.95 9.5901e+02   1478.708      35490          5  0.000e+00
    101.411    100.393     0.4446  28.999609     0.4439  28.998469     5.1443     5.1962     0.0143    91.8072 9.0222e-01  -64.94094  -64.70008 345.589708      99.98 9.5901e+02   1478.750      35491          5  0.000e+00
    101.411    100.393     0.4443  28.999609     0.4439  28.998184     5.1378     5.1967     0.0216    91.8072 9.0222e-01  -64.94094  -64.70008 345.589708      99.98 9.5901e+02   1478.792      35492          5  0.000e+00
    101.390    100.372     0.4443  29.000193     0.4439  28.998184     5.1425     5.1918     0.0216    91.8072 9.0222e-01  -64.94094  -64.70008 345.589709      99.98 9.5901e+02   1478.833      35493          5  0.000e+00
    101.411    100.393     0.4444  28.999842     0.4441  28.997899     5.1442     5.1915     0.0216    91.8072 9.0222e-01  -64.94094  -64.70008 345.589709      99.95 9.5901e+02   1478.875      35494          5  0.000e+00
    101.390    100.372     0.4443  29.000193     0.4441  28.998755     5.1390     5.1911     0.0216    91.8072 9.0222e-01  -64.94094  -64.70008 345.589710      99.95 9.5901e+02   1478.917      35495          5  0.000e+00
    101.356    100.338     0.4444  28.999842     0.4441  28.998184     5.1368     5.1908     0.0216    91.8072 9.0222e-01  -64.94094  -64.70008 345.589710      99.98 9.5901e+02   1478.958      35496          5  0.000e+00
    101.336    100.318     0.4444  29.000192     0.4441  28.998469     5.1473     5.1904     0.0216    91.8072 9.0222e-01  -64.94094  -64.70008 345.589711      99.98 9.5901e+02   1479.000      35497          5  0.000e+00
    101.356    100.338     0.4446  28.999842     0.4439  28.998526     5.1490     5.1901     0.0216    91.8072 9.0665e-01  -64.94094  -64.70008 345.589711      99.98 9.5901e+02   1479.042      35498          5  0.000e+00
    101.308    100.291     0.4446  29.000192     0.4439  28.998184     5.1506     5.1897     0.0216    91.8072 9.0665e-01  -64.94094  -64.70008 345.589712      99.98 9.5901e+02   1479.083      35499          5  0.000e+00
    101.336    100.318     0.4443  28.999609     0.4441  28.998754     5.1453     5.1894     0.0216    91.8072 9.0665e-01  -64.94094  -64.70008 345.589712      99.98 9.5901e+02   1479.125      35500          5  0.000e+00
    101.308    100.291     0.4446  28.999900     0.4439  28.998469     5.1511     5.1890     0.0216    91.8072 9.0665e-01  -64.94094  -64.70008 345.589713      99.95 9.5901e+02   1479.167      35501          5  0.000e+00
    101.233    100.216     0.4443  29.000134     0.4439  28.998469     5.1526     5.1887     0.0216    91.8072 9.0665e-01  -64.94094  -64.70008 345.589713      99.95 9.5901e+02   1479.208      35502          5  0.000e+00
    101.308    100.291     0.4444  28.999667     0.4441  28.998184     5.1484     5.1937     0.0216    91.8072 9.0665e-01  -64.94094  -64.70008 345.589714      99.98 9.5901e+02   1479.250      35503          5  0.000e+00
    101.253    100.237     0.4444  29.000134     0.4439  28.998184     5.1429     5.1941     0.0216    91.8072 9.0665e-01  -64.94094  -64.70008 345.589714      99.98 9.5901e+02   1479.292      35504          6  0.000e+00
    101.233    100.216     0.4446  28.999842     0.4442  28.998184     5.1475     5.1891     0.0216    91.8072 9.0665e-01  -64.94094  -64.70008 345.589715      99.98 9.5901e+02   1479.333      35505          6  0.000e+00
    101.206    100.189     0.4444  29.000192     0.4441  28.998754     5.1477     5.1940     0.0216    91.8072 9.1108e-01  -64.94094  -64.70008 345.589715      99.93 9.5901e+02   1479.375      35506          6  0.000e+00
    101.233    100.216     0.4446  28.999608     0.4442  28.998184     5.1466     5.1891     0.0216    91.8072 9.1108e-01  -64.94094  -64.70008 345.589715      99.95 9.5901e+02   1479.417      35507          6  0.000e+00
    101.158    100.142     0.4444  28.999900     0.4439  28.998754     5.1410     5.1886     0.0216    91.7814 9.1108e-01  -64.94094  -64.70008 345.589716      99.98 9.5901e+02   1479.458      35508          6  0.000e+00
    101.185    100.169     0.4447  28.999842     0.4441  28.998184     5.1512     5.1882     0.0216    91.8072 9.1108e-01  -64.94094  -64.70008 345.589716      99.98 9.5901e+02   1479.500      35509          6  0.000e+00
    101.158    100.142     0.4444  28.999666     0.4442  28.998754     5.1527     5.1930     0.0216    91.8072 9.1108e-01  -64.94094  -64.70008 345.589717      99.98 9.5901e+02   1479.542      35510          6  0.000e+00
    101.158    100.142     0.4449  28.999842     0.4441  28.998184     5.1484     5.1934     0.0216    91.8072 9.1108e-01  -64.94094  -64.70008 345.589717      99.98 9.5901e+02   1479.583      35511          6  0.000e+00
    101.130    100.115     0.4447  29.000192     0.4439  28.998754     5.1415     5.1884     0.0216    91.8072 9.1553e-01  -64.94094  -64.70008 345.589718      99.98 9.5901e+02   1479.625      35512          6  0.000e+00
    101.103    100.088     0.4447  29.000425     0.4441  28.998183     5.1529     5.1878     0.0216    91.8072 9.1553e-01  -64.94094  -64.70008 345.589718      99.98 9.5901e+02   1479.667      35513          6  0.000e+00
    101.082    100.067     0.4449  28.999900     0.4441  28.998297     5.1486     5.1873     0.0216    91.8072 9.1553e-01  -64.94094  -64.70008 345.589719      99.95 9.5901e+02   1479.708      35514          6  0.000e+00
    101.055    100.040     0.4447  28.999841     0.4442  28.998754     5.1474     5.1921     0.0216    91.8072 9.1553e-01  -64.94094  -64.70008 345.589719      99.98 9.5901e+02   1479.750      35515          6  0.000e+00
    100.979     99.965     0.4453  28.999899     0.4441  28.997898     5.1460     5.1923     0.0216    91.8072 9.1553e-01  -64.94094  -64.70008 345.589720      99.98 9.5901e+02   1479.792      35516          6  0.000e+00
    101.103    100.088     0.4461  29.000659     0.4446  28.998468     5.1516     5.1873     0.0216    91.8072 9.1553e-01  -64.94094  -64.70008 345.589720      99.98 9.5901e+02   1479.833      35517          6  0.000e+00
    101.000     99.986     0.4463  29.001826     0.4448  28.998183     5.1527     5.1866     0.0216    91.7814 9.1553e-01  -64.94094  -64.70008 345.589721      99.93 9.5901e+02   1479.875      35518          6  0.000e+00
    100.979     99.966     0.4471  29.001768     0.4457  28.998753     5.1481     5.1859     0.0216    91.7814 9.1999e-01  -64.94094  -64.70008 345.589721      99.95 9.5901e+02   1479.917      35519          6  0.000e+00
    101.000     99.986     0.4477  29.002352     0.4462  28.999552     5.1479     5.1860     0.0216    91.8072 9.1999e-01  -64.94094  -64.70008 345.589722      99.98 9.5901e+02   1479.958      35520          6  0.000e+00
    100.931     99.918     0.4482  29.003402     0.4472  29.000635     5.1520     5.1853     0.0216    91.8072 9.1999e-01  -64.94094  -64.70008 345.589722      99.98 9.5901e+02   1480.000      35521          6  0.000e+00
    100.904     99.891     0.4482  29.003402     0.4472  29.001947     5.1530     5.1900     0.0216    91.7814 9.1999e-01  -64.94094  -64.70008 345.589723      99.98 9.5901e+02   1480.042      35522          6  0.000e+00
    100.952     99.938     0.4485  29.003753     0.4469  29.001434     5.1540     5.1858     0.0289    91.7814 9.1999e-01  -64.94094  -64.70008 345.589723      99.98 9.5901e+02   1480.083      35523          6  0.000e+00
    100.877     99.864     0.4477  29.003928     0.4467  29.001433     5.1494     5.1861     0.0289    91.7814 9.1999e-01  -64.94094  -64.70008 345.589724      99.98 9.5901e+02   1480.125      35524          6  0.000e+00
    100.904     99.891     0.4475  29.003753     0.4464  29.000863     5.1534     5.1857     0.0289    91.7814 9.2447e-01  -64.94094  -64.70008 345.589724      99.95 9.5901e+02   1480.167      35525          6  0.000e+00
    100.781     99.769     0.4474  29.002877     0.4466  29.000635     5.1499     5.1851     0.0289    91.7814 9.2447e-01  -64.94094  -64.70008 345.589725      99.95 9.5901e+02   1480.208      35526          6  0.000e+00
    100.849     99.837     0.4475  29.002643     0.4470  29.000863     5.1509     5.1854     0.0289    91.7814 9.2447e-01  -64.94094  -64.70008 345.589725      99.98 9.5901e+02   1480.250      35527          6  0.000e+00
    100.829     99.816     0.4480  29.002585     0.4475  29.001148     5.1505     5.1857     0.0289    91.7814 9.2447e-01  -64.94094  -64.70008 345.589726      99.98 9.5901e+02   1480.292      35528          6  0.000e+00
    100.746     99.735     0.4482  29.003168     0.4481  29.001433     5.1501     5.1904     0.0289    91.7814 9.2447e-01  -64.94094  -64.70008 345.589726      99.98 9.5901e+02   1480.333      35529          6  0.000e+00
    100.801     99.789     0.4489  29.003694     0.4485  29.002517     5.1511     5.1907     0.0289    91.7814 9.2895e-01  -64.94094  -64.70008 345.589727      99.95 9.5901e+02   1480.375      35530          6  0.000e+00
    100.726     99.715     0.4492  29.003986     0.4489  29.003030     5.1507     5.1918     0.0289    91.7814 9.2447e-01  -64.94094  -64.70008 345.589727      99.95 9.5901e+02   1480.417      35531          6  0.000e+00
    100.699     99.687     0.4499  29.004745     0.4490  29.003429     5.1503     5.1920     0.0289    91.7814 9.2895e-01  -64.94094  -64.70008 345.589728      99.98 9.5901e+02   1480.458      35532          6  0.000e+00
    100.678     99.667     0.4500  29.005095     0.4492  29.003600     5.1543     5.1869     0.0289    91.7814 9.2895e-01  -64.94094  -64.70008 345.589728      99.98 9.5901e+02   1480.500      35533          6  0.000e+00
    100.699     99.688     0.4503  29.005562     0.4495  29.003600     5.1552     5.1872     0.0289    91.7814 9.2895e-01  -64.94094  -64.70008 345.589728      99.98 9.5901e+02   1480.542      35534          6  0.000e+00
    100.623     99.613     0.4503  29.005620     0.4497  29.003828     5.1490     5.1866     0.0289    91.7814 9.2895e-01  -64.94094  -64.70008 345.589729      99.98 9.5901e+02   1480.583      35535          6  0.000e+00
    100.651     99.640     0.4496  29.006146     0.4496  29.004399     5.1472     5.1914     0.0289    91.7814 9.2895e-01  -64.94094  -64.70008 345.589729      99.98 9.5901e+02   1480.625      35536          6  0.000e+00
    100.623     99.613     0.4494  29.005095     0.4496  29.003828     5.1511     5.1864     0.0289    91.7814 9.2895e-01  -64.94094  -64.70008 345.589730      99.95 9.5901e+02   1480.667      35537          6  0.000e+00
    100.548     99.538     0.4489  29.004511     0.4495  29.003600     5.1531     5.1911     0.0289    91.7814 9.3345e-01  -64.94094  -64.70008 345.589730      99.93 9.5901e+02   1480.708      35538          6  0.000e+00
    100.548     99.538     0.4486  29.004277     0.4495  29.003828     5.1538     5.1869     0.0289    91.7814 9.3345e-01  -64.94094  -64.70008 345.589731      99.98 9.5901e+02   1480.750      35539          6  0.000e+00
    100.575     99.565     0.4483  29.003927     0.4495  29.003600     5.1488     5.1926     0.0289    91.7814 9.3345e-01  -64.94094  -64.70008 345.589731      99.98 9.5901e+02   1480.792      35540          6  0.000e+00
    100.548     99.538     0.4480  29.003460     0.4495  29.003600     5.1524     5.1937     0.0289    91.7814 9.3345e-01  -64.94094  -64.70008 345.589732      99.98 9.5901e+02   1480.833      35541          6  0.000e+00
    100.472     99.464     0.4482  29.003401     0.4497  29.003828     5.1472     5.1938     0.0289    91.7814 9.3796e-01  -64.94094  -64.70008 345.589732      99.95 9.5901e+02   1480.875      35542          6  0.000e+00
    100.493     99.484     0.4480  29.003401     0.4496  29.003828     5.1464     5.1941     0.0289    91.7814 9.3796e-01  -64.94094  -64.70008 345.589733      99.95 9.5901e+02   1480.917      35543          6  0.000e+00
    100.424     99.416     0.4480  29.003168     0.4492  29.004113     5.1443     5.1890     0.0289    91.7814 9.3796e-01  -64.94094  -64.70008 345.589733      99.98 9.5901e+02   1480.958      35544          6  0.000e+00
    100.445     99.437     0.4485  29.003109     0.4489  29.003600     5.1420     5.1938     0.0289    91.7814 9.3796e-01  -64.94094  -64.70008 345.589734      99.98 9.5901e+02   1481.000      35545          6  0.000e+00
    100.445     99.437     0.4485  29.003168     0.4484  29.003314     5.1481     5.1940     0.0289    91.7814 9.3796e-01  -64.94094  -64.70008 345.589734      99.98 9.5901e+02   1481.042      35546          6  0.000e+00
    100.370     99.362     0.4482  29.003693     0.4485  29.002801     5.1441     5.1888     0.0289    91.7814 9.3796e-01  -64.94094  -64.70008 345.589735      99.98 9.5901e+02   1481.083      35547          6  0.000e+00
    100.390     99.382     0.4485  29.003751     0.4481  29.002516     5.1446     5.1935     0.0289    91.7814 9.3796e-01  -64.94094  -64.70008 345.589735      99.98 9.5901e+02   1481.125      35548          6  0.000e+00
    100.370     99.362     0.4485  29.003693     0.4484  29.002516     5.1438     5.1935     0.0216    91.7814 9.3796e-01  -64.94094  -64.70008 345.589736      99.95 9.5901e+02   1481.167      35549          6  0.000e+00
    100.342     99.335     0.4485  29.003459     0.4484  29.002230     5.1499     5.1883     0.0216    91.7814 9.3796e-01  -64.94094  -64.70008 345.589736      99.95 9.5901e+02   1481.208      35550          6  0.000e+00
    100.322     99.315     0.4482  29.003926     0.4485  29.002230     5.1518     5.1928     0.0216    91.7814 9.3796e-01  -64.94094  -64.70008 345.589737      99.98 9.5901e+02   1481.250      35551          6  0.000e+00
    100.294     99.287     0.4483  29.003167     0.4483  29.002515     5.1466     5.1884     0.0143    91.7814 9.3796e-01  -64.94094  -64.70008 345.589737      99.98 9.5901e+02   1481.292      35552          6  0.000e+00
