NBP2113_155081_ctd/data/nbp2113_069.cnv
* Sea-Bird SBE 9 Data File:
* FileName = D:\Data\raw\NBP2113_069.hex
* Software Version Seasave V 7.26.7.121
* Temperature SN = 2438
* Conductivity SN = 2067
* Number of Bytes Per Scan = 40
* Number of Voltage Words = 5
* Number of Scans Averaged by the Deck Unit = 1
* NMEA Latitude = 63 45.12 S
* NMEA Longitude = 061 34.51 W
* NMEA UTC (Time) = Dec 15 2021  06:13:07
* NMEA baud rate = 9600
** Ship: RVIB N.B. Palmer
** Cruise: NBP2113 LTER
** Station: 788.019
** Operator: B. Urmston
# nquan = 25
# nvalues = 1172                        
# units = specified
# name 0 = prDM: Pressure, Digiquartz [db]
# name 1 = depSM: Depth [salt water, m]
# name 2 = t090C: Temperature [ITS-90, deg C]
# name 3 = c0mS/cm: Conductivity [mS/cm]
# name 4 = t190C: Temperature, 2 [ITS-90, deg C]
# name 5 = c1mS/cm: Conductivity, 2 [mS/cm]
# name 6 = sbeox0ML/L: Oxygen, SBE 43 [ml/l]
# name 7 = sbeox1ML/L: Oxygen, SBE 43, 2 [ml/l]
# name 8 = flECO-AFL: Fluorescence, WET Labs ECO-AFL/FL [mg/m^3]
# name 9 = CStarTr0: Beam Transmission, WET Labs C-Star [%]
# name 10 = par: PAR/Irradiance, Biospherical/Licor
# name 11 = latitude: Latitude [deg]
# name 12 = longitude: Longitude [deg]
# name 13 = timeJ: Julian Days
# name 14 = altM: Altimeter [m]
# name 15 = spar: SPAR, Biospherical/Licor
# name 16 = timeS: Time, Elapsed [seconds]
# name 17 = scan: Scan Count
# name 18 = density00: Density [density, kg/m^3]
# name 19 = density11: Density, 2 [density, kg/m^3]
# name 20 = sal00: Salinity, Practical [PSU]
# name 21 = sal11: Salinity, Practical, 2 [PSU]
# name 22 = oxsolML/L: Oxygen Saturation, Garcia & Gordon [ml/l]
# name 23 = nbin: number of scans per bin
# name 24 = flag: flag
# span 0 =      1.000,    588.000       
# span 1 =      0.990,    581.461       
# span 2 =    -0.6608,     0.3781       
# span 3 =  28.235935,  28.639358       
# span 4 =    -0.6609,     0.3724       
# span 5 =  28.234544,  28.633981       
# span 6 =     6.0279,    10.7637       
# span 7 =     6.0917,     7.6649       
# span 8 =    -0.0296,     1.8522       
# span 9 =    81.8410,    90.4641       
# span 10 = 1.0000e-12, 1.2745e+01      
# span 11 =  -63.75190,  -63.75118      
# span 12 =  -61.57550,  -61.57533      
# span 13 = 349.262050, 349.281187      
# span 14 =     -32.06,     101.62      
# span 15 = 1.7554e+00, 7.0578e+00      
# span 16 =    254.081,   1907.535      
# span 17 =       6099,      45782      
# span 18 =  1027.3182,  1030.5459      
# span 19 =  1027.3170,  1030.5445      
# span 20 =    34.0412,    34.5270      
# span 21 =    34.0394,    34.5254      
# span 22 =    7.98483,    8.18018      
# span 23 =          9,         45      
# span 24 = 0.0000e+00, 0.0000e+00      
# interval = decibars: 1                
# start_time = Dec 15 2021 06:13:07 [NMEA time, header]
# bad_flag = -9.990e-29
*END*
[from data line 928]
    244.000    241.486    -0.4521  28.356337    -0.4548  28.353386     6.0984     6.1775    -0.0128    90.1669 1.0000e-12  -63.75140  -61.57544 349.277881      99.97 3.5258e+00   1621.925      38927  1028.8527  1028.8521    34.4565    34.4556    8.13655         23 0.0000e+00
    243.000    240.498    -0.4478  28.359038    -0.4480  28.357633     6.1007     6.1796    -0.0063    90.1519 1.0000e-12  -63.75140  -61.57544 349.277892      99.97 3.5258e+00   1622.881      38950  1028.8472  1028.8458    34.4559    34.4542    8.13567         24 0.0000e+00
    242.000    239.509    -0.4478  28.358349    -0.4479  28.357295     6.0999     6.1755     0.0019    90.1718 1.0000e-12  -63.75140  -61.57544 349.277905      99.97 3.5258e+00   1623.968      38976  1028.8423  1028.8412    34.4556    34.4543    8.13569         28 0.0000e+00
    241.000    238.520    -0.4478  28.357908    -0.4483  28.356432     6.1027     6.1737     0.0081    90.1775 1.0000e-12  -63.75140  -61.57544 349.277918      99.97 3.5258e+00   1625.132      39004  1028.8376  1028.8365    34.4556    34.4541    8.13568         28 0.0000e+00
    240.000    237.530    -0.4476  28.357365    -0.4479  28.356099     6.1051     6.1695     0.0060    90.1699 1.0000e-12  -63.75140  -61.57544 349.277931      99.97 3.5258e+00   1626.232      39031  1028.8326  1028.8315    34.4552    34.4539    8.13566         24 0.0000e+00
    239.000    236.541    -0.4479  28.356391    -0.4482  28.355143     6.1070     6.1746     0.0000    90.1489 1.0000e-12  -63.75140  -61.57544 349.277943      99.97 3.5258e+00   1627.239      39055  1028.8276  1028.8265    34.4548    34.4535    8.13574         22 0.0000e+00
    238.000    235.553    -0.4480  28.355845    -0.4483  28.354484     6.1197     6.1769     0.0075    90.1452 1.0000e-12  -63.75140  -61.57544 349.277954      99.97 3.5258e+00   1628.223      39078  1028.8229  1028.8217    34.4548    34.4533    8.13577         24 0.0000e+00
    237.000    234.562    -0.4479  28.355342    -0.4482  28.354022     6.1169     6.1716     0.0019    90.1660 1.0000e-12  -63.75140  -61.57544 349.277967      99.97 3.5258e+00   1629.376      39106  1028.8180  1028.8169    34.4546    34.4533    8.13575         31 0.0000e+00
    236.000    233.575    -0.4486  28.354470    -0.4488  28.353177     6.1130     6.1756     0.0052    90.1707 1.0000e-12  -63.75140  -61.57544 349.277990      99.97 3.5258e+00   1631.301      39152  1028.8136  1028.8124    34.4548    34.4534    8.13588         38 0.0000e+00
    235.000    232.585    -0.4486  28.353950    -0.4487  28.352743     6.1134     6.1779    -0.0007    90.1744 1.0000e-12  -63.75140  -61.57544 349.278012      99.97 3.5258e+00   1633.223      39198  1028.8088  1028.8077    34.4548    34.4534    8.13590         29 0.0000e+00
    234.000    231.596    -0.4473  28.354213    -0.4476  28.352843     6.1007     6.1712    -0.0004    90.1397 1.0000e-12  -63.75140  -61.57544 349.278023      99.97 3.5258e+00   1634.152      39221  1028.8036  1028.8023    34.4543    34.4528    8.13564         20 0.0000e+00
    233.000    230.607    -0.4447  28.355316    -0.4450  28.354046     6.0989     6.1701    -0.0004    90.1588 1.0000e-12  -63.75140  -61.57544 349.278031      99.97 3.5258e+00   1634.879      39238  1028.7979  1028.7968    34.4534    34.4521    8.13513         16 0.0000e+00
    232.000    229.618    -0.4382  28.359550    -0.4397  28.357512     6.1060     6.1705    -0.0075    90.1592 1.0000e-12  -63.75140  -61.57544 349.278039      99.97 3.5258e+00   1635.548      39254  1028.7919  1028.7910    34.4524    34.4513    8.13381         16 0.0000e+00
    231.000    228.629    -0.4329  28.363249    -0.4338  28.361344     6.1029     6.1706    -0.0050    90.1416 1.0000e-12  -63.75140  -61.57544 349.278046      99.97 3.5258e+00   1636.225      39270  1028.7864  1028.7852    34.4520    34.4504    8.13270         16 0.0000e+00
    230.000    227.637    -0.4301  28.364931    -0.4313  28.363102     6.0963     6.1702    -0.0004    90.1359 1.0000e-12  -63.75140  -61.57544 349.278055      99.97 3.5258e+00   1636.994      39289  1028.7812  1028.7803    34.4517    34.4505    8.13212         21 0.0000e+00
    229.000    226.650    -0.4343  28.361604    -0.4336  28.361004     6.0933     6.1691     0.0057    90.1264 1.0000e-12  -63.75140  -61.57544 349.278068      99.97 3.5258e+00   1638.083      39315  1028.7775  1028.7762    34.4525    34.4510    8.13296         34 0.0000e+00
    228.000    225.660    -0.4351  28.360581    -0.4343  28.360054     6.0998     6.1724     0.0036    90.1204 1.0000e-12  -63.75140  -61.57544 349.278090      99.97 3.5258e+00   1640.013      39361  1028.7730  1028.7717    34.4527    34.4511    8.13313         41 0.0000e+00
    227.000    224.672    -0.4373  28.358229    -0.4368  28.357741     6.0990     6.1700    -0.0005    90.1281 1.0000e-12  -63.75140  -61.57544 349.278111      99.97 3.5258e+00   1641.805      39404  1028.7685  1028.7674    34.4527    34.4514    8.13361         33 0.0000e+00
    226.000    223.682    -0.4333  28.360705    -0.4334  28.359544     6.0994     6.1637    -0.0004    90.1334 1.0000e-12  -63.75140  -61.57544 349.278124      99.97 3.5258e+00   1642.950      39432  1028.7629  1028.7617    34.4521    34.4505    8.13278         25 0.0000e+00
    225.000    222.693    -0.4301  28.362578    -0.4293  28.362047     6.0985     6.1614     0.0033    90.1334 1.0000e-12  -63.75140  -61.57544 349.278136      99.97 3.5258e+00   1643.987      39457  1028.7575  1028.7562    34.4515    34.4499    8.13213         25 0.0000e+00
    224.000    221.704    -0.4204  28.369533    -0.4172  28.370719     6.0931     6.1610     0.0080    90.1312 1.0000e-12  -63.75140  -61.57544 349.278150      99.97 3.5258e+00   1645.191      39486  1028.7512  1028.7493    34.4505    34.4484    8.13011         33 0.0000e+00
    223.000    220.714    -0.4100  28.376746    -0.4072  28.378003     6.0909     6.1608     0.0127    90.1069 1.0000e-12  -63.75140  -61.57544 349.278166      99.97 3.5258e+00   1646.515      39517  1028.7444  1028.7430    34.4490    34.4475    8.12797         26 0.0000e+00
    222.000    219.726    -0.4021  28.382358    -0.4024  28.381286     6.0789     6.1639     0.0092    90.1077 1.0000e-12  -63.75140  -61.57544 349.278178      99.97 3.5258e+00   1647.546      39542  1028.7386  1028.7377    34.4482    34.4471    8.12633         22 0.0000e+00
    221.000    218.737    -0.3943  28.387849    -0.3954  28.385942     6.0767     6.1610     0.0036    90.1077 1.0000e-12  -63.75140  -61.57544 349.278187      99.97 3.5258e+00   1648.359      39562  1028.7325  1028.7315    34.4472    34.4459    8.12470         18 0.0000e+00
    220.000    217.748    -0.3895  28.391005    -0.3899  28.389731     6.0824     6.1564     0.0004    90.1077 1.0000e-12  -63.75140  -61.57544 349.278196      99.97 3.5258e+00   1649.119      39580  1028.7269  1028.7260    34.4467    34.4454    8.12371         19 0.0000e+00
    219.000    216.758    -0.3854  28.393642    -0.3856  28.392357     6.0915     6.1550     0.0080    90.0885 1.0000e-12  -63.75140  -61.57544 349.278205      99.97 3.5258e+00   1649.931      39599  1028.7216  1028.7204    34.4462    34.4447    8.12288         21 0.0000e+00
    218.000    215.767    -0.3856  28.393159    -0.3910  28.388473     6.0860     6.1562     0.0079    90.1051 1.0000e-12  -63.75140  -61.57544 349.278217      99.97 3.5258e+00   1650.987      39625  1028.7171  1028.7175    34.4464    34.4463    8.12290         31 0.0000e+00
    217.000    214.779    -0.3896  28.389345    -0.3884  28.389225     6.0874     6.1531     0.0106    90.0916 1.0000e-12  -63.75140  -61.57544 349.278237      99.97 3.5258e+00   1652.642      39664  1028.7129  1028.7115    34.4464    34.4449    8.12376         41 0.0000e+00
    216.000    213.790    -0.3874  28.390653    -0.3875  28.389557     6.0940     6.1532     0.0266    90.0801 1.0000e-12  -63.75140  -61.57544 349.278256      99.97 3.5258e+00   1654.335      39705  1028.7080  1028.7069    34.4463    34.4449    8.12330         35 0.0000e+00
    215.000    212.801    -0.3839  28.392342    -0.3817  28.392561     6.0953     6.1513     0.0147    90.0635 1.0000e-12  -63.75140  -61.57544 349.278272      99.97 3.5258e+00   1655.686      39737  1028.7021  1028.7002    34.4452    34.4430    8.12260         33 0.0000e+00
    214.000    211.812    -0.3703  28.400609    -0.3660  28.402257     6.0829     6.1522     0.0143    90.0763 1.0000e-12  -63.75140  -61.57544 349.278288      99.97 3.5258e+00   1657.061      39770  1028.6934  1028.6910    34.4415    34.4389    8.11991         31 0.0000e+00
    213.000    210.822    -0.3503  28.413947    -0.3425  28.417706     6.0590     6.1392     0.0143    90.0737 1.0000e-12  -63.75140  -61.57544 349.278301      99.97 3.5258e+00   1658.170      39797  1028.6837  1028.6801    34.4373    34.4335    8.11588         22 0.0000e+00
    212.000    209.834    -0.3356  28.421969    -0.3338  28.422746     6.0657     6.1354     0.0143    90.0390 1.0000e-12  -63.75140  -61.57544 349.278310      99.97 3.5258e+00   1658.980      39817  1028.6738  1028.6728    34.4321    34.4310    8.11306         18 0.0000e+00
    211.000    208.845    -0.3200  28.432760    -0.3213  28.431057     6.0753     6.1376     0.0158    90.0287 1.0000e-12  -63.75140  -61.57544 349.278318      99.97 3.5258e+00   1659.663      39833  1028.6657  1028.6652    34.4295    34.4286    8.10988         15 0.0000e+00
    210.000    207.853    -0.3109  28.438477    -0.3119  28.436692     6.0831     6.1389     0.0143    90.0304 1.0000e-12  -63.75140  -61.57544 349.278326      99.97 3.5258e+00   1660.334      39849  1028.6588  1028.6579    34.4274    34.4261    8.10806         17 0.0000e+00
    209.000    206.865    -0.3066  28.441762    -0.3083  28.439696     6.0781     6.1355     0.0156    90.0199 1.0000e-12  -63.75140  -61.57544 349.278334      99.97 3.5258e+00   1661.091      39867  1028.6539  1028.6535    34.4275    34.4267    8.10713         21 0.0000e+00
    208.000    205.877    -0.3234  28.430294    -0.3225  28.429614     6.0739     6.1342     0.0346    90.0052 1.0000e-12  -63.75140  -61.57544 349.278355      99.97 3.5258e+00   1662.876      39910  1028.6543  1028.6525    34.4318    34.4299    8.11047         26 0.0000e+00
    207.000    204.887    -0.3256  28.427109    -0.3226  28.427879     6.0695     6.1368     0.0367    90.0046 1.0000e-12  -63.75140  -61.57545 349.278391      99.97 3.5258e+00   1665.949      39984  1028.6491  1028.6471    34.4306    34.4283    8.11100         25 0.0000e+00
    206.000    203.897    -0.3136  28.434738    -0.3149  28.432821     6.0579     6.1337     0.0301    90.0047 1.0000e-12  -63.75140  -61.57544 349.278399      99.97 3.5258e+00   1666.642      40000  1028.6414  1028.6406    34.4279    34.4268    8.10861         17 0.0000e+00
    205.000    202.908    -0.3063  28.439495    -0.3058  28.438724     6.0575     6.1330    -0.0005    90.0047 1.0000e-12  -63.75140  -61.57544 349.278406      99.97 3.5258e+00   1667.285      40016  1028.6350  1028.6337    34.4266    34.4251    8.10712         14 0.0000e+00
    204.000    201.920    -0.2981  28.444656    -0.3002  28.442494     6.0529     6.1313     0.0051    90.0047 1.0000e-12  -63.75140  -61.57544 349.278413      99.97 3.5258e+00   1667.891      40030  1028.6282  1028.6279    34.4248    34.4243    8.10547         15 0.0000e+00
    203.000    200.927    -0.2864  28.451890    -0.2880  28.449408     6.0577     6.1286     0.0297    90.0033 1.0000e-12  -63.75140  -61.57544 349.278421      99.97 3.5258e+00   1668.550      40046  1028.6202  1028.6193    34.4219    34.4205    8.10315         18 0.0000e+00
    202.000    199.939    -0.2885  28.450511    -0.2878  28.449912     6.0668     6.1273     0.0298    89.9792 1.0000e-12  -63.75140  -61.57544 349.278431      99.97 3.5258e+00   1669.411      40067  1028.6168  1028.6154    34.4231    34.4215    8.10355         25 0.0000e+00
    201.000    198.952    -0.2901  28.448865    -0.2895  28.448001     6.0572     6.1350     0.0274    89.9768 1.0000e-12  -63.75140  -61.57544 349.278450      99.97 3.5258e+00   1671.071      40107  1028.6125  1028.6110    34.4233    34.4214    8.10387         36 0.0000e+00
    200.000    197.962    -0.2972  28.443735    -0.2957  28.443569     6.0602     6.1391     0.0417    89.9773 1.0000e-12  -63.75140  -61.57545 349.278471      99.97 3.5258e+00   1672.887      40150  1028.6099  1028.6083    34.4250    34.4232    8.10527         32 0.0000e+00
    199.000    196.973    -0.2835  28.451370    -0.2820  28.451328     6.0672     6.1329     0.0310    89.9692 1.0000e-12  -63.75140  -61.57545 349.278484      99.97 3.5258e+00   1673.983      40177  1028.6004  1028.5989    34.4204    34.4186    8.10263         24 0.0000e+00
    198.000    195.983    -0.2787  28.454005    -0.2755  28.455075     6.0736     6.1341     0.0173    89.9688 1.0000e-12  -63.75140  -61.57545 349.278495      99.97 3.5258e+00   1674.949      40200  1028.5943  1028.5923    34.4191    34.4170    8.10168         23 0.0000e+00
    197.000    194.992    -0.2585  28.466333    -0.2538  28.468510     6.0808     6.1333     0.0201    89.9700 1.0000e-12  -63.75140  -61.57545 349.278507      99.97 3.5258e+00   1675.963      40224  1028.5833  1028.5811    34.4134    34.4109    8.09771         26 0.0000e+00
    196.000    194.005    -0.2453  28.475191    -0.2496  28.471366     6.0770     6.1396     0.0398    89.9528 1.0000e-12  -63.75140  -61.57546 349.278520      99.97 3.5258e+00   1677.094      40251  1028.5757  1028.5759    34.4108    34.4106    8.09505         29 0.0000e+00
    195.000    193.015    -0.2381  28.478696    -0.2408  28.476358     6.0630     6.1364     0.0441    89.9675 1.0000e-12  -63.75140  -61.57545 349.278535      99.97 3.5258e+00   1678.423      40283  1028.5683  1028.5686    34.4080    34.4080    8.09369         33 0.0000e+00
    194.000    192.026    -0.2342  28.480839    -0.2368  28.477594     6.0890     6.1534     0.0389    89.9520 1.0000e-12  -63.75140  -61.57545 349.278553      99.97 3.5258e+00   1679.939      40320  1028.5629  1028.5619    34.4072    34.4058    8.09292         34 0.0000e+00
    193.000    191.035    -0.2428  28.471350    -0.2418  28.470822     6.1557     6.1915     0.0519    89.9510 1.0000e-12  -63.75140  -61.57546 349.278566      99.97 3.5258e+00   1681.146      40349  1028.5571  1028.5554    34.4047    34.4029    8.09487         24 0.0000e+00
    192.000    190.048    -0.2830  28.432825    -0.2727  28.440100     6.1905     6.2063     0.0442    89.9545 1.0000e-12  -63.75140  -61.57544 349.278577      99.97 3.5258e+00   1682.030      40370  1028.5511  1028.5489    34.3993    34.3974    8.10372         20 0.0000e+00
    191.000    189.058    -0.3175  28.391710    -0.3154  28.394211     6.1962     6.2097     0.0305    89.9790 1.0000e-12  -63.75140  -61.57545 349.278586      99.97 3.5258e+00   1682.815      40389  1028.5369  1028.5374    34.3840    34.3849    8.11195         18 0.0000e+00
    190.000    188.069    -0.3224  28.386535    -0.3224  28.385262     6.1916     6.2088     0.0365    89.9777 1.0000e-12  -63.75140  -61.57545 349.278595      99.97 3.5258e+00   1683.610      40408  1028.5316  1028.5304    34.3831    34.3815    8.11303         21 0.0000e+00
    189.000    187.077    -0.3265  28.381712    -0.3162  28.390430     6.1825     6.2120     0.0392    89.9570 1.0000e-12  -63.75140  -61.57545 349.278606      99.97 3.5258e+00   1684.535      40430  1028.5261  1028.5253    34.3820    34.3820    8.11398         24 0.0000e+00
    188.000    186.090    -0.3200  28.387883    -0.3179  28.389008     6.1598     6.2142     0.0434    89.9742 1.0000e-12  -63.75140  -61.57545 349.278621      99.97 3.5258e+00   1685.874      40462  1028.5217  1028.5211    34.3835    34.3826    8.11250         32 0.0000e+00
