NBP2113_155081_ctd/data/nbp2113_069.cnv
* Sea-Bird SBE 9 Data File:
* FileName = D:\Data\raw\NBP2113_069.hex
* Software Version Seasave V 7.26.7.121
* Temperature SN = 2438
* Conductivity SN = 2067
* Number of Bytes Per Scan = 40
* Number of Voltage Words = 5
* Number of Scans Averaged by the Deck Unit = 1
* NMEA Latitude = 63 45.12 S
* NMEA Longitude = 061 34.51 W
* NMEA UTC (Time) = Dec 15 2021  06:13:07
* NMEA baud rate = 9600
** Ship: RVIB N.B. Palmer
** Cruise: NBP2113 LTER
** Station: 788.019
** Operator: B. Urmston
# nquan = 25
# nvalues = 1172                        
# units = specified
# name 0 = prDM: Pressure, Digiquartz [db]
# name 1 = depSM: Depth [salt water, m]
# name 2 = t090C: Temperature [ITS-90, deg C]
# name 3 = c0mS/cm: Conductivity [mS/cm]
# name 4 = t190C: Temperature, 2 [ITS-90, deg C]
# name 5 = c1mS/cm: Conductivity, 2 [mS/cm]
# name 6 = sbeox0ML/L: Oxygen, SBE 43 [ml/l]
# name 7 = sbeox1ML/L: Oxygen, SBE 43, 2 [ml/l]
# name 8 = flECO-AFL: Fluorescence, WET Labs ECO-AFL/FL [mg/m^3]
# name 9 = CStarTr0: Beam Transmission, WET Labs C-Star [%]
# name 10 = par: PAR/Irradiance, Biospherical/Licor
# name 11 = latitude: Latitude [deg]
# name 12 = longitude: Longitude [deg]
# name 13 = timeJ: Julian Days
# name 14 = altM: Altimeter [m]
# name 15 = spar: SPAR, Biospherical/Licor
# name 16 = timeS: Time, Elapsed [seconds]
# name 17 = scan: Scan Count
# name 18 = density00: Density [density, kg/m^3]
# name 19 = density11: Density, 2 [density, kg/m^3]
# name 20 = sal00: Salinity, Practical [PSU]
# name 21 = sal11: Salinity, Practical, 2 [PSU]
# name 22 = oxsolML/L: Oxygen Saturation, Garcia & Gordon [ml/l]
# name 23 = nbin: number of scans per bin
# name 24 = flag: flag
# span 0 =      1.000,    588.000       
# span 1 =      0.990,    581.461       
# span 2 =    -0.6608,     0.3781       
# span 3 =  28.235935,  28.639358       
# span 4 =    -0.6609,     0.3724       
# span 5 =  28.234544,  28.633981       
# span 6 =     6.0279,    10.7637       
# span 7 =     6.0917,     7.6649       
# span 8 =    -0.0296,     1.8522       
# span 9 =    81.8410,    90.4641       
# span 10 = 1.0000e-12, 1.2745e+01      
# span 11 =  -63.75190,  -63.75118      
# span 12 =  -61.57550,  -61.57533      
# span 13 = 349.262050, 349.281187      
# span 14 =     -32.06,     101.62      
# span 15 = 1.7554e+00, 7.0578e+00      
# span 16 =    254.081,   1907.535      
# span 17 =       6099,      45782      
# span 18 =  1027.3182,  1030.5459      
# span 19 =  1027.3170,  1030.5445      
# span 20 =    34.0412,    34.5270      
# span 21 =    34.0394,    34.5254      
# span 22 =    7.98483,    8.18018      
# span 23 =          9,         45      
# span 24 = 0.0000e+00, 0.0000e+00      
# interval = decibars: 1                
# start_time = Dec 15 2021 06:13:07 [NMEA time, header]
# bad_flag = -9.990e-29
*END*
[from data line 754]
    418.000    413.521    -0.5986  28.347137    -0.5989  28.345777     6.1411     6.1975    -0.0152    90.4241 1.0000e-12  -63.75146  -61.57542 349.275527      99.97 5.2886e+00   1418.540      34046  1029.7265  1029.7252    34.5045    34.5030    8.16527         40 0.0000e+00
    417.000    412.534    -0.5983  28.346978    -0.5985  28.345587     6.1265     6.1993    -0.0203    90.4148 1.0000e-12  -63.75146  -61.57542 349.275547      99.97 5.2886e+00   1420.291      34088  1029.7217  1029.7204    34.5045    34.5029    8.16520         30 0.0000e+00
    416.000    411.545    -0.5980  28.346902    -0.5982  28.345595     6.1183     6.1983    -0.0133    90.4167 1.0000e-12  -63.75146  -61.57542 349.275560      99.97 5.2886e+00   1421.419      34115  1029.7171  1029.7158    34.5048    34.5031    8.16513         24 0.0000e+00
    415.000    410.556    -0.5987  28.345869    -0.5988  28.344628     6.1200     6.1987    -0.0078    90.4167 1.0000e-12  -63.75146  -61.57542 349.275570      99.97 5.2886e+00   1422.279      34136  1029.7124  1029.7112    34.5047    34.5032    8.16527         19 0.0000e+00
    414.000    409.569    -0.5989  28.345243    -0.5990  28.343867     6.1293     6.1965    -0.0142    90.4167 1.0000e-12  -63.75146  -61.57542 349.275580      99.97 5.2886e+00   1423.066      34155  1029.7076  1029.7063    34.5047    34.5030    8.16531         18 0.0000e+00
    413.000    408.580    -0.5984  28.345241    -0.5986  28.343885     6.1306     6.1928    -0.0078    90.4167 1.0000e-12  -63.75146  -61.57542 349.275589      99.97 5.2886e+00   1423.866      34174  1029.7029  1029.7017    34.5047    34.5032    8.16521         21 0.0000e+00
    412.000    407.592    -0.5974  28.345998    -0.5978  28.344355     6.1381     6.1935    -0.0114    90.4156 1.0000e-12  -63.75146  -61.57542 349.275600      99.97 5.2886e+00   1424.805      34196  1029.6985  1029.6971    34.5053    34.5035    8.16497         25 0.0000e+00
    411.000    406.603    -0.5975  28.345464    -0.5980  28.343799     6.1330     6.1960    -0.0225    90.4096 1.0000e-12  -63.75146  -61.57542 349.275613      99.97 5.2886e+00   1425.988      34225  1029.6938  1029.6924    34.5053    34.5035    8.16499         32 0.0000e+00
    410.000    405.615    -0.5980  28.344372    -0.5981  28.343196     6.1334     6.1992    -0.0152    90.4129 1.0000e-12  -63.75146  -61.57542 349.275630      99.97 5.2886e+00   1427.467      34260  1029.6888  1029.6876    34.5050    34.5035    8.16511         35 0.0000e+00
    409.000    404.627    -0.5980  28.343924    -0.5981  28.342759     6.1313     6.1917    -0.0150    90.4329 1.0000e-12  -63.75146  -61.57542 349.275649      99.96 5.2886e+00   1429.093      34299  1029.6841  1029.6829    34.5050    34.5035    8.16512         29 0.0000e+00
    408.000    403.639    -0.5976  28.343897    -0.5980  28.342523     6.1250     6.1975    -0.0150    90.4143 1.0000e-12  -63.75146  -61.57542 349.275664      99.96 5.2886e+00   1430.369      34330  1029.6794  1029.6783    34.5051    34.5036    8.16503         27 0.0000e+00
    407.000    402.650    -0.5977  28.343544    -0.5978  28.342339     6.1214     6.1976    -0.0129    90.4180 1.0000e-12  -63.75146  -61.57542 349.275675      99.97 5.2886e+00   1431.360      34354  1029.6749  1029.6737    34.5053    34.5038    8.16503         21 0.0000e+00
    406.000    401.662    -0.5986  28.342128    -0.5984  28.341159     6.1255     6.1960    -0.0073    90.4204 1.0000e-12  -63.75144  -61.57542 349.275685      99.97 5.2886e+00   1432.218      34374  1029.6699  1029.6687    34.5050    34.5036    8.16523         21 0.0000e+00
    405.000    400.674    -0.5992  28.340969    -0.5993  28.339752     6.1356     6.1967    -0.0148    90.4100 1.0000e-12  -63.75144  -61.57542 349.275695      99.97 5.2886e+00   1433.078      34395  1029.6650  1029.6638    34.5047    34.5032    8.16538         22 0.0000e+00
    404.000    399.685    -0.5995  28.340180    -0.5994  28.339122     6.1349     6.2009    -0.0086    90.3865 1.0000e-12  -63.75146  -61.57542 349.275708      99.97 5.2886e+00   1434.173      34421  1029.6602  1029.6590    34.5046    34.5031    8.16545         30 0.0000e+00
    403.000    398.697    -0.5993  28.339907    -0.5994  28.338744     6.1316     6.1979    -0.0168    90.4218 1.0000e-12  -63.75146  -61.57542 349.275731      99.97 5.2886e+00   1436.187      34469  1029.6555  1029.6543    34.5047    34.5032    8.16541         37 0.0000e+00
    402.000    397.709    -0.5993  28.339469    -0.5993  28.338205     6.1339     6.1953    -0.0149    90.4166 1.0000e-12  -63.75145  -61.57542 349.275749      99.97 5.2886e+00   1437.739      34507  1029.6507  1029.6494    34.5047    34.5030    8.16541         26 0.0000e+00
    401.000    396.721    -0.5994  28.338940    -0.5995  28.337691     6.1329     6.1947    -0.0150    90.4400 1.0000e-12  -63.75144  -61.57542 349.275760      99.97 5.2886e+00   1438.652      34529  1029.6460  1029.6448    34.5047    34.5031    8.16544         20 0.0000e+00
    400.000    395.731    -0.6005  28.337516    -0.6010  28.335863     6.1387     6.1968    -0.0150    90.4211 1.0000e-12  -63.75144  -61.57542 349.275769      99.97 5.2886e+00   1439.442      34548  1029.6413  1029.6400    34.5047    34.5030    8.16568         19 0.0000e+00
    399.000    394.743    -0.6029  28.334229    -0.6033  28.332716     6.1387     6.1965    -0.0150    90.4418 1.0000e-12  -63.75144  -61.57542 349.275778      99.97 5.2886e+00   1440.268      34567  1029.6358  1029.6347    34.5035    34.5020    8.16625         21 0.0000e+00
    398.000    393.754    -0.6031  28.333319    -0.6037  28.331610     6.1359     6.2010    -0.0150    90.4259 1.0000e-12  -63.75144  -61.57542 349.275791      99.97 5.2886e+00   1441.312      34592  1029.6309  1029.6296    34.5032    34.5016    8.16632         30 0.0000e+00
    397.000    392.767    -0.6017  28.334532    -0.6017  28.333487     6.1452     6.2132    -0.0150    90.4095 1.0000e-12  -63.75144  -61.57542 349.275808      99.97 5.2886e+00   1442.773      34628  1029.6265  1029.6253    34.5038    34.5024    8.16598         37 0.0000e+00
    396.000    391.778    -0.6065  28.328972    -0.6067  28.327619     6.1641     6.2229    -0.0150    90.3900 1.0000e-12  -63.75144  -61.57542 349.275823      99.97 5.2886e+00   1444.082      34659  1029.6210  1029.6197    34.5024    34.5008    8.16710         24 0.0000e+00
    395.000    390.790    -0.6086  28.325784    -0.6094  28.323818     6.1588     6.2253    -0.0150    90.3899 1.0000e-12  -63.75144  -61.57542 349.275835      99.97 5.2886e+00   1445.125      34684  1029.6154  1029.6140    34.5011    34.4994    8.16763         25 0.0000e+00
    394.000    389.802    -0.6099  28.323850    -0.6102  28.322705     6.1541     6.2196    -0.0214    90.3960 1.0000e-12  -63.75144  -61.57542 349.275847      99.97 5.2886e+00   1446.214      34710  1029.6102  1029.6093    34.5005    34.4994    8.16793         29 0.0000e+00
    393.000    388.813    -0.6068  28.326656    -0.6099  28.322170     6.1631     6.2201    -0.0149    90.4043 1.0000e-12  -63.75144  -61.57541 349.275864      99.97 5.2886e+00   1447.617      34744  1029.6059  1029.6041    34.5014    34.4989    8.16721         38 0.0000e+00
    392.000    387.825    -0.6116  28.321427    -0.6105  28.321215     6.1687     6.2337    -0.0192    90.4259 1.0000e-12  -63.75144  -61.57542 349.275881      99.97 5.2886e+00   1449.154      34781  1029.6007  1029.5994    34.5004    34.4989    8.16830         34 0.0000e+00
    391.000    386.836    -0.6148  28.317114    -0.6145  28.316412     6.1610     6.2316    -0.0167    90.4157 1.0000e-12  -63.75144  -61.57542 349.275896      99.97 5.2886e+00   1450.402      34811  1029.5950  1029.5939    34.4989    34.4976    8.16909         26 0.0000e+00
    390.000    385.847    -0.6152  28.316080    -0.6154  28.314750     6.1600     6.2312    -0.0202    90.4244 1.0000e-12  -63.75144  -61.57542 349.275909      99.97 5.2886e+00   1451.509      34837  1029.5900  1029.5887    34.4985    34.4970    8.16919         27 0.0000e+00
    389.000    384.859    -0.6157  28.314967    -0.6159  28.313605     6.1683     6.2337    -0.0110    90.4167 1.0000e-12  -63.75144  -61.57542 349.275922      99.97 5.2886e+00   1452.621      34864  1029.5850  1029.5836    34.4982    34.4966    8.16932         27 0.0000e+00
    388.000    383.871    -0.6162  28.313880    -0.6166  28.312401     6.1673     6.2377    -0.0189    90.3929 1.0000e-12  -63.75144  -61.57542 349.275934      99.97 5.2886e+00   1453.712      34890  1029.5800  1029.5788    34.4980    34.4964    8.16945         25 0.0000e+00
    387.000    382.882    -0.6167  28.312712    -0.6168  28.311486     6.1693     6.2411    -0.0150    90.4146 1.0000e-12  -63.75144  -61.57542 349.275946      99.97 5.2886e+00   1454.713      34914  1029.5750  1029.5737    34.4976    34.4960    8.16958         23 0.0000e+00
    386.000    381.894    -0.6164  28.312461    -0.6164  28.311336     6.1692     6.2380    -0.0150    90.4056 1.0000e-12  -63.75144  -61.57542 349.275956      99.97 5.2886e+00   1455.623      34936  1029.5701  1029.5688    34.4975    34.4960    8.16951         21 0.0000e+00
    385.000    380.908    -0.6163  28.311993    -0.6166  28.310667     6.1707     6.2413    -0.0150    90.4245 1.0000e-12  -63.75144  -61.57542 349.275966      99.97 5.2886e+00   1456.484      34957  1029.5652  1029.5640    34.4974    34.4958    8.16950         20 0.0000e+00
    384.000    379.915    -0.6170  28.310755    -0.6172  28.309274     6.1758     6.2414    -0.0150    90.3982 1.0000e-12  -63.75144  -61.57542 349.275976      99.97 5.2886e+00   1457.355      34978  1029.5602  1029.5589    34.4970    34.4953    8.16966         23 0.0000e+00
    383.000    378.929    -0.6168  28.310361    -0.6168  28.309245     6.1699     6.2366    -0.0107    90.4072 1.0000e-12  -63.75144  -61.57542 349.275990      99.97 5.2886e+00   1458.533      35006  1029.5554  1029.5542    34.4970    34.4954    8.16963         34 0.0000e+00
    382.000    377.941    -0.6166  28.310152    -0.6167  28.309147     6.1721     6.2403    -0.0127    90.3918 1.0000e-12  -63.75144  -61.57542 349.276021      99.97 5.2886e+00   1461.199      35070  1029.5507  1029.5497    34.4971    34.4958    8.16959         33 0.0000e+00
    381.000    376.951    -0.6167  28.309708    -0.6169  28.308301     6.1817     6.2402    -0.0151    90.3992 1.0000e-12  -63.75144  -61.57542 349.276038      99.97 5.2886e+00   1462.655      35105  1029.5460  1029.5447    34.4971    34.4955    8.16959         26 0.0000e+00
    380.000    375.963    -0.6175  28.308360    -0.6179  28.306726     6.1772     6.2382    -0.0150    90.3945 1.0000e-12  -63.75144  -61.57542 349.276049      99.97 5.2886e+00   1463.605      35128  1029.5411  1029.5397    34.4969    34.4951    8.16979         21 0.0000e+00
    379.000    374.976    -0.6185  28.306559    -0.6190  28.305140     6.1797     6.2428    -0.0150    90.4114 1.0000e-12  -63.75144  -61.57542 349.276059      99.97 5.2886e+00   1464.479      35149  1029.5359  1029.5348    34.4962    34.4948    8.17004         21 0.0000e+00
    378.000    373.986    -0.6193  28.305034    -0.6196  28.303638     6.1836     6.2442    -0.0123    90.4058 1.0000e-12  -63.75144  -61.57542 349.276069      99.97 5.2886e+00   1465.355      35170  1029.5307  1029.5295    34.4956    34.4941    8.17024         21 0.0000e+00
    377.000    372.998    -0.6199  28.303684    -0.6199  28.302706     6.1825     6.2430    -0.0088    90.3947 1.0000e-12  -63.75144  -61.57542 349.276079      99.97 5.2886e+00   1466.242      35191  1029.5256  1029.5246    34.4951    34.4938    8.17040         21 0.0000e+00
    376.000    372.009    -0.6213  28.301254    -0.6211  28.300575     6.1836     6.2516    -0.0149    90.3909 1.0000e-12  -63.75144  -61.57542 349.276090      99.97 5.2886e+00   1467.135      35212  1029.5201  1029.5192    34.4940    34.4929    8.17077         22 0.0000e+00
    375.000    371.022    -0.6227  28.298702    -0.6223  28.298334     6.1834     6.2497    -0.0150    90.3458 1.0000e-12  -63.75144  -61.57542 349.276100      99.97 5.2886e+00   1468.067      35235  1029.5144  1029.5137    34.4928    34.4919    8.17114         23 0.0000e+00
    374.000    370.031    -0.6228  28.297902    -0.6222  28.297635     6.1882     6.2526    -0.0091    90.3904 1.0000e-12  -63.75144  -61.57542 349.276113      99.97 5.2886e+00   1469.142      35260  1029.5095  1029.5086    34.4925    34.4914    8.17119         28 0.0000e+00
    373.000    369.044    -0.6222  28.298464    -0.6221  28.297735     6.1879     6.2503    -0.0144    90.3896 1.0000e-12  -63.75144  -61.57542 349.276133      99.97 5.2886e+00   1470.876      35302  1029.5051  1029.5042    34.4931    34.4920    8.17102         40 0.0000e+00
    372.000    368.055    -0.6222  28.298100    -0.6216  28.298047     6.1856     6.2540    -0.0126    90.3725 1.0000e-12  -63.75144  -61.57542 349.276157      99.97 5.2886e+00   1472.957      35352  1029.5004  1029.4998    34.4932    34.4924    8.17101         34 0.0000e+00
    371.000    367.067    -0.6234  28.295797    -0.6231  28.295315     6.1821     6.2505    -0.0139    90.3829 1.0000e-12  -63.75144  -61.57542 349.276171      99.97 5.2886e+00   1474.200      35382  1029.4950  1029.4941    34.4921    34.4911    8.17134         25 0.0000e+00
    370.000    366.079    -0.6234  28.295342    -0.6236  28.293990     6.1806     6.2578    -0.0211    90.3714 1.0000e-12  -63.75144  -61.57542 349.276182      99.97 5.2886e+00   1475.124      35404  1029.4901  1029.4889    34.4921    34.4905    8.17133         20 0.0000e+00
    369.000    365.091    -0.6239  28.293771    -0.6241  28.292630     6.1881     6.2599    -0.0149    90.3854 1.0000e-12  -63.75144  -61.57542 349.276191      99.97 5.2886e+00   1475.909      35423  1029.4847  1029.4836    34.4911    34.4898    8.17149         18 0.0000e+00
    368.000    364.099    -0.6242  28.293099    -0.6246  28.291619     6.1927     6.2557    -0.0150    90.3695 1.0000e-12  -63.75144  -61.57542 349.276200      99.97 5.2886e+00   1476.647      35441  1029.4800  1029.4787    34.4912    34.4896    8.17156         18 0.0000e+00
    367.000    363.113    -0.6254  28.291445    -0.6252  28.290457     6.1893     6.2587    -0.0118    90.3824 1.0000e-12  -63.75144  -61.57542 349.276209      99.97 5.2886e+00   1477.461      35460  1029.4751  1029.4738    34.4909    34.4894    8.17182         22 0.0000e+00
    366.000    362.123    -0.6245  28.291757    -0.6246  28.290643     6.1888     6.2600    -0.0110    90.3688 1.0000e-12  -63.75144  -61.57542 349.276226      99.97 5.2886e+00   1478.884      35494  1029.4703  1029.4692    34.4910    34.4896    8.17163         36 0.0000e+00
    365.000    361.137    -0.6242  28.291812    -0.6244  28.290563     6.1937     6.2565    -0.0222    90.3834 1.0000e-12  -63.75144  -61.57542 349.276251      99.97 5.2886e+00   1481.054      35546  1029.4658  1029.4646    34.4913    34.4899    8.17155         28 0.0000e+00
    364.000    360.148    -0.6252  28.290240    -0.6252  28.289175     6.1934     6.2575    -0.0224    90.3898 1.0000e-12  -63.75144  -61.57542 349.276263      99.97 5.2886e+00   1482.138      35572  1029.4608  1029.4597    34.4909    34.4895    8.17179         21 0.0000e+00
    363.000    359.159    -0.6279  28.286960    -0.6281  28.285864     6.2029     6.2600    -0.0164    90.3727 1.0000e-12  -63.75144  -61.57542 349.276272      99.97 5.2886e+00   1482.922      35591  1029.4556  1029.4547    34.4902    34.4889    8.17241         18 0.0000e+00
    362.000    358.169    -0.6297  28.284324    -0.6298  28.283010     6.2100     6.2628    -0.0090    90.3804 1.0000e-12  -63.75144  -61.57542 349.276281      99.97 5.2886e+00   1483.706      35610  1029.4503  1029.4490    34.4892    34.4877    8.17285         20 0.0000e+00
