NBP2113_155081_ctd/data/nbp2113_024.ros
* Sea-Bird SBE 9 Data File:
* FileName = D:\Data\raw\NBP2113_024.hex
* Software Version Seasave V 7.26.7.121
* Temperature SN = 2438
* Conductivity SN = 2067
* Number of Bytes Per Scan = 40
* Number of Voltage Words = 5
* Number of Scans Averaged by the Deck Unit = 1
* NMEA Latitude = 67 06.83 S
* NMEA Longitude = 071 31.86 W
* NMEA UTC (Time) = Dec 02 2021  07:40:38
* NMEA baud rate = 9600
** Ship: RVIB N.B. Palmer
** Cruise: NBP2113 LTER
** Station: 200.100
** Operator: B. Urmston
# nquan = 20
# nvalues = 1098                                  
# units = specified
# name 0 = prDM: Pressure, Digiquartz [db]
# name 1 = depSM: Depth [salt water, m]
# name 2 = t090C: Temperature [ITS-90, deg C]
# name 3 = c0mS/cm: Conductivity [mS/cm]
# name 4 = t190C: Temperature, 2 [ITS-90, deg C]
# name 5 = c1mS/cm: Conductivity, 2 [mS/cm]
# name 6 = sbeox0ML/L: Oxygen, SBE 43 [ml/l]
# name 7 = sbeox1ML/L: Oxygen, SBE 43, 2 [ml/l]
# name 8 = flECO-AFL: Fluorescence, WET Labs ECO-AFL/FL [mg/m^3]
# name 9 = CStarTr0: Beam Transmission, WET Labs C-Star [%]
# name 10 = par: PAR/Irradiance, Biospherical/Licor
# name 11 = latitude: Latitude [deg]
# name 12 = longitude: Longitude [deg]
# name 13 = timeJ: Julian Days
# name 14 = altM: Altimeter [m]
# name 15 = spar: SPAR, Biospherical/Licor
# name 16 = timeS: Time, Elapsed [seconds]
# name 17 = scan: Scan Count
# name 18 = nbf: Bottles Fired
# name 19 = flag:  0.000e+00
# interval = seconds: 0.0416667
# start_time = Dec 02 2021 07:40:38 [NMEA time, header]
# bad_flag = -9.990e-29
*END*
[from data line 145]
    279.661    276.692     1.4494  30.183378     1.4514  30.184409     3.9368     3.9878     0.0143    97.2403 1.0000e-12  -67.11394  -71.53092 336.336591      99.98 5.2886e+01   1443.458      34644          4  0.000e+00
    279.716    276.747     1.4493  30.183556     1.4514  30.184236     3.9362     3.9870     0.0143    97.2403 1.0000e-12  -67.11394  -71.53092 336.336591     100.00 5.1124e+01   1443.500      34645          4  0.000e+00
    279.709    276.740     1.4493  30.183674     1.4512  30.184236     3.9355     3.9869     0.0143    97.2403 1.0000e-12  -67.11394  -71.53092 336.336592      99.98 5.2886e+01   1443.542      34646          4  0.000e+00
    279.709    276.740     1.4495  30.183852     1.4509  30.183888     3.9362     3.9922     0.0069    97.2661 1.0000e-12  -67.11394  -71.53092 336.336592      99.95 5.1124e+01   1443.583      34647          4  0.000e+00
    279.764    276.794     1.4495  30.184089     1.4507  30.184004     3.9356     3.9876     0.0143    97.2403 1.0000e-12  -67.11394  -71.53092 336.336593      99.98 5.1124e+01   1443.625      34648          4  0.000e+00
    279.765    276.794     1.4500  30.184208     1.4509  30.184062     3.9350     3.9875     0.0143    97.2403 1.0000e-12  -67.11394  -71.53092 336.336593      99.98 5.1124e+01   1443.667      34649          4  0.000e+00
    279.868    276.897     1.4506  30.184801     1.4507  30.183831     3.9400     3.9875     0.0069    97.2403 1.0000e-12  -67.11394  -71.53092 336.336594      99.98 5.1124e+01   1443.708      34650          4  0.000e+00
    279.813    276.842     1.4506  30.184860     1.4506  30.183773     3.9406     3.9874     0.0143    97.2403 1.0000e-12  -67.11394  -71.53092 336.336594      99.95 5.2886e+01   1443.750      34651          4  0.000e+00
    279.916    276.944     1.4508  30.184801     1.4509  30.183599     3.9425     3.9873     0.0143    97.2403 1.0000e-12  -67.11394  -71.53090 336.336595      99.98 5.2886e+01   1443.792      34652          4  0.000e+00
    279.916    276.944     1.4509  30.185216     1.4510  30.184120     3.9431     3.9872     0.0143    97.2403 1.0000e-12  -67.11394  -71.53090 336.336595      99.98 5.1124e+01   1443.833      34653          4  0.000e+00
    279.964    276.992     1.4512  30.185749     1.4513  30.184294     3.9436     3.9871     0.0143    97.2403 1.0000e-12  -67.11394  -71.53090 336.336596     100.00 5.2886e+01   1443.875      34654          4  0.000e+00
    279.964    276.992     1.4515  30.185690     1.4514  30.184121     3.9440     3.9878     0.0143    97.2403 1.0000e-12  -67.11394  -71.53090 336.336596      99.98 5.2886e+01   1443.917      34655          4  0.000e+00
    280.019    277.046     1.4520  30.186461     1.4514  30.184237     3.9388     3.9930     0.0143    97.2661 1.0000e-12  -67.11394  -71.53090 336.336597     100.00 5.2886e+01   1443.958      34656          4  0.000e+00
    280.019    277.046     1.4524  30.186935     1.4512  30.184294     3.9379     3.9885     0.0143    97.2403 1.0000e-12  -67.11394  -71.53090 336.336597      99.98 5.1124e+01   1444.000      34657          4  0.000e+00
    280.067    277.094     1.4531  30.186994     1.4518  30.184700     3.9371     3.9883     0.0143    97.2403 1.0000e-12  -67.11394  -71.53090 336.336598      99.98 5.2886e+01   1444.042      34658          4  0.000e+00
    280.122    277.148     1.4535  30.187409     1.4527  30.185337     3.9362     3.9882     0.0143    97.2403 1.0000e-12  -67.11394  -71.53090 336.336598      99.95 5.2886e+01   1444.083      34659          4  0.000e+00
    280.122    277.148     1.4532  30.187587     1.4532  30.185626     3.9354     3.9880     0.0143    97.2403 1.0000e-12  -67.11394  -71.53090 336.336599      99.98 5.1124e+01   1444.125      34660          4  0.000e+00
    280.177    277.203     1.4532  30.187172     1.4532  30.185684     3.9346     3.9932     0.0069    97.2403 1.0000e-12  -67.11394  -71.53090 336.336599      99.98 5.1124e+01   1444.167      34661          4  0.000e+00
    280.171    277.196     1.4536  30.187409     1.4533  30.185974     3.9380     3.9886     0.0143    97.2403 1.0000e-12  -67.11394  -71.53090 336.336600      99.98 5.2886e+01   1444.208      34662          4  0.000e+00
    280.226    277.250     1.4536  30.187765     1.4531  30.185569     3.9341     3.9885     0.0143    97.2661 1.0000e-12  -67.11394  -71.53090 336.336600      99.95 5.2886e+01   1444.250      34663          4  0.000e+00
    280.274    277.298     1.4540  30.187647     1.4529  30.185801     3.9345     3.9884     0.0143    97.2403 1.0000e-12  -67.11394  -71.53090 336.336601      99.95 5.2886e+01   1444.292      34664          4  0.000e+00
    280.274    277.298     1.4541  30.187588     1.4534  30.186669     3.9336     3.9882     0.0143    97.2403 1.0000e-12  -67.11394  -71.53090 336.336601      99.98 5.2886e+01   1444.333      34665          4  0.000e+00
    280.322    277.346     1.4537  30.187114     1.4539  30.186611     3.9329     3.9881     0.0069    97.2403 1.0000e-12  -67.11394  -71.53090 336.336602      99.98 5.2886e+01   1444.375      34666          4  0.000e+00
    280.329    277.352     1.4531  30.187410     1.4540  30.186553     3.9334     3.9932     0.0069    97.2403 1.0000e-12  -67.11394  -71.53090 336.336602      99.98 5.2886e+01   1444.417      34667          4  0.000e+00
    280.377    277.400     1.4532  30.187588     1.4541  30.186553     3.9339     3.9886    -0.0004    97.2403 1.0000e-12  -67.11394  -71.53090 336.336603      99.98 5.1124e+01   1444.458      34668          4  0.000e+00
    280.377    277.400     1.4530  30.187173     1.4534  30.185974     3.9276     3.9885    -0.0004    97.2661 1.0000e-12  -67.11394  -71.53090 336.336603      99.98 5.2886e+01   1444.500      34669          4  0.000e+00
    280.425    277.448     1.4528  30.186818     1.4534  30.185917     3.9369     3.9883    -0.0004    97.2661 1.0000e-12  -67.11394  -71.53090 336.336603      99.98 5.2886e+01   1444.542      34670          4  0.000e+00
    280.425    277.448     1.4529  30.186936     1.4532  30.185975     3.9374     3.9882    -0.0004    97.2403 1.0000e-12  -67.11394  -71.53090 336.336604      99.98 5.2886e+01   1444.583      34671          4  0.000e+00
    280.480    277.502     1.4526  30.187173     1.4532  30.185801     3.9393     3.9881    -0.0077    97.2403 1.0000e-12  -67.11394  -71.53090 336.336604      99.98 5.2886e+01   1444.625      34672          4  0.000e+00
    280.480    277.502     1.4529  30.187292     1.4532  30.185917     3.9341     3.9879    -0.0077    97.2661 1.0000e-12  -67.11394  -71.53090 336.336605      99.98 5.2886e+01   1444.667      34673          4  0.000e+00
    280.528    277.550     1.4531  30.187292     1.4527  30.185743     3.9389     3.9878    -0.0077    97.2403 1.0000e-12  -67.11394  -71.53090 336.336605      99.98 5.2886e+01   1444.708      34674          4  0.000e+00
    280.528    277.550     1.4530  30.187292     1.4529  30.185975     3.9407     3.9876    -0.0077    97.2403 1.0000e-12  -67.11394  -71.53090 336.336606      99.95 5.2886e+01   1444.750      34675          4  0.000e+00
    280.583    277.604     1.4529  30.187055     1.4527  30.185744     3.9355     3.9875    -0.0077    97.2403 1.0000e-12  -67.11394  -71.53090 336.336606      99.98 5.2886e+01   1444.792      34676          4  0.000e+00
    280.584    277.604     1.4532  30.187233     1.4529  30.185280     3.9334     3.9873    -0.0077    97.2403 1.0000e-12  -67.11394  -71.53090 336.336607      99.98 5.2886e+01   1444.833      34677          4  0.000e+00
    280.639    277.659     1.4532  30.187529     1.4520  30.184933     3.9381     3.9881    -0.0004    97.2403 1.0000e-12  -67.11394  -71.53090 336.336607     100.00 5.2886e+01   1444.875      34678          4  0.000e+00
    280.632    277.652     1.4531  30.187114     1.4515  30.184702     3.9397     3.9880    -0.0077    97.2403 1.0000e-12  -67.11394  -71.53090 336.336608      99.98 5.2886e+01   1444.917      34679          4  0.000e+00
    280.632    277.652     1.4530  30.187411     1.4510  30.184007     3.9357     3.9880    -0.0077    97.2661 1.0000e-12  -67.11394  -71.53090 336.336608      99.98 5.2886e+01   1444.958      34680          4  0.000e+00
    280.687    277.706     1.4529  30.187174     1.4509  30.183775     3.9349     3.9879    -0.0077    97.2403 1.0000e-12  -67.11394  -71.53090 336.336609      99.98 5.2886e+01   1445.000      34681          4  0.000e+00
    280.687    277.706     1.4524  30.186996     1.4507  30.183602     3.9396     3.9878    -0.0004    97.2403 1.0000e-12  -67.11394  -71.53090 336.336609      99.98 5.2886e+01   1445.042      34682          4  0.000e+00
    280.735    277.754     1.4523  30.186581     1.4506  30.183718     3.9413     3.9877    -0.0077    97.2403 1.0000e-12  -67.11394  -71.53090 336.336610      99.95 5.2886e+01   1445.083      34683          4  0.000e+00
    280.742    277.761     1.4517  30.186226     1.4504  30.183775     3.9417     3.9876    -0.0004    97.2661 1.0000e-12  -67.11394  -71.53090 336.336610      99.98 5.2886e+01   1445.125      34684          4  0.000e+00
    280.735    277.754     1.4513  30.186167     1.4507  30.183775     3.9364     3.9874    -0.0077    97.2403 1.0000e-12  -67.11394  -71.53090 336.336611      99.98 5.2886e+01   1445.167      34685          4  0.000e+00
    280.783    277.802     1.4515  30.186167     1.4504  30.183776     3.9410     3.9873    -0.0077    97.2661 1.0000e-12  -67.11394  -71.53090 336.336611      99.98 5.2886e+01   1445.208      34686          4  0.000e+00
    280.735    277.754     1.4509  30.185752     1.4505  30.183949     3.9426     3.9871    -0.0004    97.2661 1.0000e-12  -67.11394  -71.53090 336.336612      99.95 5.2886e+01   1445.250      34687          4  0.000e+00
    201.832    199.727     1.4349  30.120708     1.4346  30.119302     3.9321     3.9875    -0.0004    97.2403 1.0000e-12  -67.11392  -71.53088 336.338175      99.95 4.9361e+01   1580.292      37928          5  0.000e+00
    201.832    199.727     1.4347  30.120530     1.4347  30.119245     3.9332     3.9877    -0.0004    97.2403 1.0000e-12  -67.11392  -71.53088 336.338175      99.98 4.9361e+01   1580.333      37929          5  0.000e+00
    201.832    199.727     1.4352  30.120708     1.4347  30.119245     3.9286     3.9879    -0.0004    97.2146 1.0000e-12  -67.11392  -71.53088 336.338176      99.98 4.9361e+01   1580.375      37930          5  0.000e+00
    201.674    199.571     1.4352  30.121004     1.4347  30.119244     3.9271     3.9827    -0.0004    97.2403 1.0000e-12  -67.11392  -71.53088 336.338176      99.98 4.9361e+01   1580.417      37931          5  0.000e+00
    201.729    199.625     1.4353  30.121241     1.4347  30.119013     3.9312     3.9821     0.0069    97.2403 1.0000e-12  -67.11392  -71.53088 336.338177     100.00 4.9361e+01   1580.458      37932          5  0.000e+00
    201.674    199.571     1.4352  30.120945     1.4346  30.118723     3.9322     3.9814    -0.0004    97.2146 1.0000e-12  -67.11392  -71.53088 336.338177      99.98 4.9361e+01   1580.500      37933          5  0.000e+00
    201.626    199.523     1.4352  30.121181     1.4343  30.118839     3.9332     3.9860    -0.0004    97.2403 1.0000e-12  -67.11392  -71.53088 336.338178      99.98 4.9361e+01   1580.542      37934          5  0.000e+00
    201.626    199.523     1.4352  30.121181     1.4344  30.118955     3.9274     3.9861    -0.0004    97.2146 1.0000e-12  -67.11392  -71.53088 336.338178      99.95 4.9361e+01   1580.583      37935          5  0.000e+00
    201.578    199.476     1.4352  30.121300     1.4344  30.118723     3.9259     3.9861    -0.0004    97.2146 1.0000e-12  -67.11392  -71.53088 336.338179      99.98 4.9361e+01   1580.625      37936          5  0.000e+00
    201.578    199.476     1.4352  30.121181     1.4341  30.118723     3.9312     3.9862    -0.0004    97.2403 1.0000e-12  -67.11392  -71.53088 336.338179      99.98 4.9361e+01   1580.667      37937          5  0.000e+00
    201.475    199.374     1.4352  30.121299     1.4344  30.118665     3.9322     3.9869     0.0069    97.2146 1.0000e-12  -67.11392  -71.53088 336.338179      99.98 4.9361e+01   1580.708      37938          5  0.000e+00
    201.475    199.374     1.4352  30.121122     1.4344  30.119070     3.9320     3.9877    -0.0004    97.2403 1.0000e-12  -67.11392  -71.53088 336.338180      99.95 4.9361e+01   1580.750      37939          5  0.000e+00
    201.523    199.421     1.4350  30.120885     1.4346  30.119244     3.9262     3.9877    -0.0004    97.2403 1.0000e-12  -67.11392  -71.53088 336.338180      99.95 4.9361e+01   1580.792      37940          5  0.000e+00
    201.475    199.374     1.4349  30.120766     1.4347  30.119012     3.9259     3.9877    -0.0004    97.2403 1.0000e-12  -67.11392  -71.53088 336.338181      99.98 4.9361e+01   1580.833      37941          5  0.000e+00
    201.372    199.272     1.4349  30.120766     1.4344  30.118954     3.9257     3.9876    -0.0004    97.2403 1.0000e-12  -67.11392  -71.53088 336.338181      99.98 4.9361e+01   1580.875      37942          5  0.000e+00
    201.420    199.320     1.4350  30.120766     1.4344  30.118954     3.9187     3.9875    -0.0004    97.2403 1.0000e-12  -67.11392  -71.53088 336.338182      99.98 4.9361e+01   1580.917      37943          5  0.000e+00
    201.372    199.272     1.4349  30.120588     1.4347  30.119359     3.9161     3.9873     0.0069    97.2146 1.0000e-12  -67.11392  -71.53088 336.338182      99.98 4.9361e+01   1580.958      37944          5  0.000e+00
    201.372    199.272     1.4350  30.120470     1.4349  30.119532     3.9259     3.9871    -0.0004    97.2403 1.0000e-12  -67.11392  -71.53088 336.338183     100.00 4.9361e+01   1581.000      37945          5  0.000e+00
    201.269    199.170     1.4350  30.120470     1.4350  30.119185     3.9270     3.9869    -0.0004    97.2403 1.0000e-12  -67.11392  -71.53088 336.338183      99.98 4.9361e+01   1581.042      37946          5  0.000e+00
    201.317    199.218     1.4347  30.120470     1.4350  30.119185     3.9214     3.9867     0.0069    97.2403 1.0000e-12  -67.11392  -71.53088 336.338184      99.95 4.9361e+01   1581.083      37947          5  0.000e+00
    201.317    199.218     1.4347  30.120470     1.4350  30.119012     3.9201     3.9864    -0.0004    97.2146 1.0000e-12  -67.11392  -71.53088 336.338184      99.98 4.9361e+01   1581.125      37948          5  0.000e+00
    201.221    199.123     1.4347  30.120469     1.4350  30.119127     3.9255     3.9861    -0.0004    97.2403 1.0000e-12  -67.11392  -71.53088 336.338185      99.98 4.9361e+01   1581.167      37949          5  0.000e+00
    201.269    199.170     1.4347  30.120470     1.4352  30.119648     3.9267     3.9857    -0.0004    97.2146 1.0000e-12  -67.11392  -71.53088 336.338185      99.98 4.9361e+01   1581.208      37950          5  0.000e+00
    201.221    199.123     1.4347  30.120706     1.4350  30.119358     3.9223     3.9854    -0.0004    97.2146 1.0000e-12  -67.11392  -71.53088 336.338186      99.95 4.9361e+01   1581.250      37951          5  0.000e+00
    201.221    199.123     1.4347  30.120529     1.4349  30.119243     3.9211     3.9850    -0.0004    97.2403 1.0000e-12  -67.11392  -71.53088 336.338186      99.98 4.9361e+01   1581.292      37952          5  0.000e+00
    201.221    199.123     1.4350  30.120647     1.4349  30.119011     3.9265     3.9846    -0.0004    97.2403 1.0000e-12  -67.11392  -71.53088 336.338187      99.98 4.9361e+01   1581.333      37953          5  0.000e+00
    201.166    199.068     1.4352  30.120765     1.4348  30.119127     3.9277     3.9841    -0.0004    97.2146 1.0000e-12  -67.11392  -71.53088 336.338187      99.98 4.9361e+01   1581.375      37954          5  0.000e+00
    201.166    199.068     1.4352  30.120765     1.4350  30.119300     3.9222     3.9836    -0.0004    97.2403 1.0000e-12  -67.11392  -71.53088 336.338188      99.98 4.9361e+01   1581.417      37955          5  0.000e+00
