NBP2113_155081_ctd/data/nbp2113_015.ros
* Sea-Bird SBE 9 Data File:
* FileName = D:\Data\raw\NBP2113_015.hex
* Software Version Seasave V 7.26.7.121
* Temperature SN = 2438
* Conductivity SN = 2067
* Number of Bytes Per Scan = 40
* Number of Voltage Words = 5
* Number of Scans Averaged by the Deck Unit = 1
* NMEA Latitude = 66 15.27 S
* NMEA Longitude = 067 20.33 W
* NMEA UTC (Time) = Nov 27 2021  19:51:53
* NMEA baud rate = 9600
** Ship: RVIB N.B. Palmer
** Cruise: NBP2113 LTER
** Station: 500.040
** Operator: S. Blackman
# nquan = 20
# nvalues = 1163                                  
# units = specified
# name 0 = prDM: Pressure, Digiquartz [db]
# name 1 = depSM: Depth [salt water, m]
# name 2 = t090C: Temperature [ITS-90, deg C]
# name 3 = c0mS/cm: Conductivity [mS/cm]
# name 4 = t190C: Temperature, 2 [ITS-90, deg C]
# name 5 = c1mS/cm: Conductivity, 2 [mS/cm]
# name 6 = sbeox0ML/L: Oxygen, SBE 43 [ml/l]
# name 7 = sbeox1ML/L: Oxygen, SBE 43, 2 [ml/l]
# name 8 = flECO-AFL: Fluorescence, WET Labs ECO-AFL/FL [mg/m^3]
# name 9 = CStarTr0: Beam Transmission, WET Labs C-Star [%]
# name 10 = par: PAR/Irradiance, Biospherical/Licor
# name 11 = latitude: Latitude [deg]
# name 12 = longitude: Longitude [deg]
# name 13 = timeJ: Julian Days
# name 14 = altM: Altimeter [m]
# name 15 = spar: SPAR, Biospherical/Licor
# name 16 = timeS: Time, Elapsed [seconds]
# name 17 = scan: Scan Count
# name 18 = nbf: Bottles Fired
# name 19 = flag:  0.000e+00
# interval = seconds: 0.0416667
# start_time = Nov 27 2021 19:51:53 [NMEA time, header]
# bad_flag = -9.990e-29
*END*
[from data line 1014]
      4.537      4.492    -1.0969  27.146493    -1.0961  27.145156     8.2256     8.3049     0.9886    89.2837 1.2695e+02  -66.25444  -67.33832 331.844903       1.83 3.6315e+02   1486.583      35679         21  0.000e+00
      4.543      4.498    -1.0969  27.146664    -1.0963  27.145545     8.2218     8.3050     0.9886    89.3094 1.2767e+02  -66.25444  -67.33832 331.844903       1.83 3.6315e+02   1486.625      35680         21  0.000e+00
      4.496      4.451    -1.0972  27.146550    -1.0965  27.145490     8.2239     8.3049     0.9886    89.3094 1.2803e+02  -66.25444  -67.33832 331.844904       1.83 3.6315e+02   1486.667      35681         21  0.000e+00
      4.434      4.390    -1.0971  27.146493    -1.0966  27.145434     8.2214     8.3049     0.9813    89.3094 1.2839e+02  -66.25444  -67.33832 331.844904       1.86 3.6315e+02   1486.708      35682         21  0.000e+00
      4.448      4.404    -1.0974  27.146208    -1.0964  27.144989     8.2116     8.3048     0.9520    89.2837 1.2875e+02  -66.25444  -67.33832 331.844905       1.86 3.6315e+02   1486.750      35683         21  0.000e+00
      4.448      4.404    -1.0974  27.146379    -1.0966  27.145100     8.2061     8.3047     0.9447    89.3094 1.2912e+02  -66.25444  -67.33832 331.844905       1.86 3.6315e+02   1486.792      35684         21  0.000e+00
      4.386      4.343    -1.0972  27.146492    -1.0964  27.145378     8.2034     8.3044     0.9447    89.3094 1.2985e+02  -66.25444  -67.33832 331.844905       1.86 3.6315e+02   1486.833      35685         21  0.000e+00
      4.345      4.302    -1.0972  27.146321    -1.0962  27.145656     8.2068     8.3041     0.9520    89.3094 1.2985e+02  -66.25444  -67.33832 331.844906       1.86 3.6315e+02   1486.875      35686         21  0.000e+00
      4.290      4.248    -1.0972  27.146264    -1.0961  27.145656     8.2057     8.3048     0.9520    89.3094 1.3022e+02  -66.25444  -67.33832 331.844906       1.86 3.6315e+02   1486.917      35687         21  0.000e+00
      4.331      4.289    -1.0972  27.146321    -1.0963  27.145489     8.2046     8.3046     0.9520    89.3094 1.3059e+02  -66.25444  -67.33832 331.844907       1.86 3.6315e+02   1486.958      35688         21  0.000e+00
      4.243      4.201    -1.0971  27.146435    -1.0960  27.145266     8.2093     8.3042     0.9520    89.2837 1.3096e+02  -66.25444  -67.33832 331.844907       1.86 3.6315e+02   1487.000      35689         21  0.000e+00
      4.243      4.201    -1.0974  27.146492    -1.0961  27.145378     8.2066     8.3040     0.9520    89.3094 1.3096e+02  -66.25444  -67.33832 331.844908       1.86 3.6315e+02   1487.042      35690         22  0.000e+00
      4.243      4.201    -1.0971  27.146321    -1.0963  27.145099     8.2024     8.3037     0.9520    89.2837 1.3096e+02  -66.25444  -67.33832 331.844908       1.86 3.6315e+02   1487.083      35691         22  0.000e+00
      4.229      4.187    -1.0971  27.146321    -1.0960  27.145656     8.2016     8.3032     0.9520    89.2837 1.3059e+02  -66.25444  -67.33832 331.844909       1.86 3.6315e+02   1487.125      35692         22  0.000e+00
      4.195      4.153    -1.0971  27.146036    -1.0959  27.145322     8.1980     8.3027     0.9520    89.2579 1.3059e+02  -66.25444  -67.33832 331.844909       1.83 3.6315e+02   1487.167      35693         22  0.000e+00
      4.140      4.099    -1.0971  27.146321    -1.0960  27.145377     8.2031     8.3022     0.9520    89.2579 1.2985e+02  -66.25444  -67.33832 331.844910       1.81 3.6315e+02   1487.208      35694         22  0.000e+00
      4.181      4.140    -1.0971  27.146321    -1.0957  27.145600     8.2039     8.3017     0.9520    89.2579 1.2948e+02  -66.25444  -67.33832 331.844910       1.81 3.6315e+02   1487.250      35695         22  0.000e+00
      4.092      4.052    -1.0971  27.146549    -1.0959  27.145711     8.2032     8.3021     0.9447    89.2579 1.2912e+02  -66.25444  -67.33832 331.844911       1.81 3.6315e+02   1487.292      35696         22  0.000e+00
      4.140      4.099    -1.0970  27.146492    -1.0960  27.145656     8.2026     8.3016     0.9447    89.2579 1.2875e+02  -66.25444  -67.33832 331.844911       1.81 3.6315e+02   1487.333      35697         22  0.000e+00
      4.133      4.092    -1.0971  27.146492    -1.0959  27.145489     8.2019     8.3010     0.9520    89.2579 1.2839e+02  -66.25444  -67.33832 331.844912       1.81 3.6315e+02   1487.375      35698         22  0.000e+00
      4.092      4.052    -1.0969  27.146492    -1.0959  27.145822     8.2012     8.3004     0.9520    89.2579 1.2803e+02  -66.25444  -67.33832 331.844912       1.81 3.6315e+02   1487.417      35699         22  0.000e+00
      4.092      4.052    -1.0971  27.146378    -1.0956  27.145544     8.2006     8.2997     0.9447    89.2579 1.2767e+02  -66.25444  -67.33832 331.844913       1.81 3.6315e+02   1487.458      35700         22  0.000e+00
      4.031      3.991    -1.0971  27.146435    -1.0955  27.145655     8.1999     8.2989     0.9520    89.2579 1.2731e+02  -66.25444  -67.33832 331.844913       1.81 3.6315e+02   1487.500      35701         22  0.000e+00
      4.092      4.052    -1.0968  27.146321    -1.0959  27.145878     8.1993     8.2983     0.9520    89.2579 1.2695e+02  -66.25444  -67.33832 331.844914       1.81 3.6315e+02   1487.542      35702         22  0.000e+00
      4.037      3.997    -1.0969  27.146264    -1.0959  27.145767     8.2119     8.2975     0.9520    89.2579 1.2695e+02  -66.25444  -67.33832 331.844914       1.81 3.6315e+02   1487.583      35703         22  0.000e+00
      4.031      3.991    -1.0966  27.146605    -1.0959  27.145488     8.2214     8.2977     0.9520    89.2579 1.2695e+02  -66.25444  -67.33832 331.844915       1.81 3.6315e+02   1487.625      35704         22  0.000e+00
      3.990      3.950    -1.0966  27.146662    -1.0959  27.145210     8.2321     8.2978     0.9520    89.2837 1.2695e+02  -66.25444  -67.33832 331.844915      35.19 3.6315e+02   1487.667      35705         22  0.000e+00
      4.038      3.998    -1.0966  27.146719    -1.0961  27.145377     8.2427     8.2971     0.9520    89.3094 1.2731e+02  -66.25444  -67.33832 331.844916      89.28 3.6315e+02   1487.708      35706         22  0.000e+00
      3.990      3.950    -1.0964  27.146776    -1.0960  27.145210     8.2498     8.2962     0.9447    89.2837 1.2839e+02  -66.25444  -67.33832 331.844916     100.00 3.6315e+02   1487.750      35707         22  0.000e+00
      3.976      3.937    -1.0964  27.146947    -1.0964  27.144820     8.2494     8.2955     0.9447    89.2837 1.2912e+02  -66.25444  -67.33830 331.844917     100.00 3.6315e+02   1487.792      35708         22  0.000e+00
      4.038      3.998    -1.0966  27.146947    -1.0968  27.144821     8.2414     8.2947     0.9447    89.2837 1.2985e+02  -66.25444  -67.33830 331.844917     100.00 3.6315e+02   1487.833      35709         22  0.000e+00
      3.990      3.950    -1.0964  27.146776    -1.0966  27.144487     8.2363     8.3003     0.9373    89.3094 1.3096e+02  -66.25444  -67.33830 331.844918     100.00 3.6315e+02   1487.875      35710         22  0.000e+00
      3.928      3.889    -1.0966  27.146947    -1.0968  27.144375     8.2358     8.2955     0.9447    89.2837 1.3207e+02  -66.25444  -67.33830 331.844918      99.88 3.6315e+02   1487.917      35711         22  0.000e+00
      3.990      3.950    -1.0963  27.146605    -1.0969  27.144375     8.2367     8.2955     0.9447    89.2579 1.3320e+02  -66.25444  -67.33830 331.844918      99.93 3.6315e+02   1487.958      35712         22  0.000e+00
      3.990      3.950    -1.0966  27.146833    -1.0966  27.144820     8.2316     8.2954     0.9373    89.2579 1.3471e+02  -66.25444  -67.33830 331.844919      99.95 3.6315e+02   1488.000      35713         22  0.000e+00
      3.928      3.889    -1.0968  27.146605    -1.0968  27.144876     8.2312     8.2953     0.9373    89.2322 1.3586e+02  -66.25444  -67.33830 331.844919      99.98 3.6315e+02   1488.042      35714         22  0.000e+00
      3.990      3.950    -1.0966  27.146491    -1.0963  27.145099     8.2308     8.2953     0.9447    89.2322 1.3701e+02  -66.25444  -67.33830 331.844920      99.95 3.6315e+02   1488.083      35715         22  0.000e+00
      3.942      3.903    -1.0968  27.146491    -1.0964  27.144932     8.2304     8.3008     0.9447    89.2579 1.3779e+02  -66.25444  -67.33830 331.844920      99.93 3.6315e+02   1488.125      35716         22  0.000e+00
      3.928      3.889    -1.0964  27.146377    -1.0964  27.145043     8.2241     8.3016     0.9447    89.2579 1.3857e+02  -66.25444  -67.33830 331.844921      63.27 3.6315e+02   1488.167      35717         22  0.000e+00
      3.942      3.903    -1.0968  27.146434    -1.0964  27.144987     8.2226     8.2968     0.9447    89.2064 1.3935e+02  -66.25444  -67.33830 331.844921      11.16 3.6315e+02   1488.208      35718         22  0.000e+00
      3.887      3.849    -1.0966  27.146320    -1.0965  27.145098     8.2137     8.3022     0.9373    89.2064 1.3975e+02  -66.25444  -67.33830 331.844922       0.00 3.6315e+02   1488.250      35719         22  0.000e+00
      3.942      3.903    -1.0968  27.146605    -1.0966  27.144987     8.2155     8.3031     0.9373    89.2064 1.4014e+02  -66.25444  -67.33830 331.844922       0.00 3.6315e+02   1488.292      35720         22  0.000e+00
      3.928      3.889    -1.0964  27.146434    -1.0966  27.145321     8.2141     8.3038     0.9373    89.2064 1.4094e+02  -66.25444  -67.33830 331.844923       1.22 3.6315e+02   1488.333      35721         22  0.000e+00
      3.887      3.849    -1.0964  27.146434    -1.0964  27.145210     8.2129     8.3043     0.9447    89.2064 1.4134e+02  -66.25444  -67.33830 331.844923       1.88 3.6315e+02   1488.375      35722         22  0.000e+00
      3.887      3.849    -1.0968  27.146491    -1.0964  27.145154     8.2119     8.2994     0.9373    89.2064 1.4214e+02  -66.25444  -67.33830 331.844924       1.93 3.6315e+02   1488.417      35723         22  0.000e+00
      3.880      3.842    -1.0966  27.146491    -1.0964  27.145154     8.2109     8.3047     0.9447    89.2322 1.4254e+02  -66.25444  -67.33830 331.844924       1.86 3.6315e+02   1488.458      35724         22  0.000e+00
      3.839      3.801    -1.0964  27.146491    -1.0964  27.144987     8.2174     8.3053     0.9447    89.2064 1.4335e+02  -66.25444  -67.33830 331.844925       1.86 3.6315e+02   1488.500      35725         22  0.000e+00
      3.887      3.849    -1.0968  27.146833    -1.0964  27.145488     8.2123     8.3003     0.9373    89.2064 1.4375e+02  -66.25444  -67.33830 331.844925       1.83 3.6315e+02   1488.542      35726         22  0.000e+00
      3.778      3.740    -1.0964  27.146605    -1.0964  27.145154     8.2101     8.3054     0.9373    89.2064 1.4457e+02  -66.25444  -67.33830 331.844926       1.83 3.6315e+02   1488.583      35727         22  0.000e+00
      3.839      3.801    -1.0963  27.146491    -1.0959  27.145488     8.2007     8.3059     0.9373    89.2064 1.4498e+02  -66.25444  -67.33830 331.844926       1.86 3.6315e+02   1488.625      35728         22  0.000e+00
      3.785      3.747    -1.0961  27.146662    -1.0961  27.145265     8.2018     8.3008     0.9373    89.2322 1.4580e+02  -66.25444  -67.33830 331.844927      46.84 3.6315e+02   1488.667      35729         22  0.000e+00
      3.826      3.788    -1.0964  27.147061    -1.0959  27.145376     8.1999     8.3059     0.9373    89.2579 1.4704e+02  -66.25444  -67.33830 331.844927      94.09 3.6315e+02   1488.708      35730         22  0.000e+00
      3.785      3.747    -1.0963  27.146833    -1.0957  27.145432     8.2039     8.3063     0.9373    89.2322 1.4829e+02  -66.25444  -67.33830 331.844928     100.00 3.6315e+02   1488.750      35731         22  0.000e+00
      3.785      3.747    -1.0961  27.146776    -1.0957  27.145655     8.2079     8.3067     0.9373    89.2579 1.4913e+02  -66.25444  -67.33832 331.844928     100.00 3.6315e+02   1488.792      35732         22  0.000e+00
      3.737      3.700    -1.0963  27.146947    -1.0957  27.145265     8.2132     8.3071     0.9373    89.2837 1.5040e+02  -66.25444  -67.33832 331.844929     100.00 3.6315e+02   1488.833      35733         22  0.000e+00
      3.778      3.741    -1.0963  27.146719    -1.0963  27.145321     8.2079     8.3076     0.9373    89.2837 1.5125e+02  -66.25444  -67.33832 331.844929     100.00 3.6315e+02   1488.875      35734         23  0.000e+00
      3.737      3.700    -1.0964  27.146719    -1.0965  27.145265     8.2084     8.3079     0.9813    89.2837 1.5211e+02  -66.25444  -67.33832 331.844930      99.88 3.6315e+02   1488.917      35735         23  0.000e+00
      3.634      3.598    -1.0959  27.146775    -1.0964  27.145153     8.2027     8.3080     1.0106    89.2837 1.5297e+02  -66.25444  -67.33832 331.844930      99.93 3.6315e+02   1488.958      35736         23  0.000e+00
      3.675      3.639    -1.0961  27.146946    -1.0964  27.145376     8.2018     8.3082     1.0106    89.2837 1.5427e+02  -66.25444  -67.33832 331.844931      99.95 3.6315e+02   1489.000      35737         23  0.000e+00
      3.682      3.646    -1.0963  27.146718    -1.0965  27.145432     8.2084     8.3029     1.0106    89.2837 1.5514e+02  -66.25444  -67.33832 331.844931      99.98 3.6315e+02   1489.042      35738         23  0.000e+00
      3.634      3.598    -1.0964  27.146490    -1.0964  27.145098     8.2088     8.3021     1.0106    89.2837 1.5602e+02  -66.25444  -67.33832 331.844932      99.98 3.6315e+02   1489.083      35739         23  0.000e+00
      3.573      3.537    -1.0964  27.146661    -1.0965  27.144875     8.2077     8.3014     1.0106    89.2837 1.5646e+02  -66.25444  -67.33832 331.844932      99.93 3.6315e+02   1489.125      35740         23  0.000e+00
      3.587      3.551    -1.0964  27.146547    -1.0963  27.144875     8.2006     8.3006     1.0106    89.2837 1.5690e+02  -66.25444  -67.33832 331.844932      81.88 3.6315e+02   1489.167      35741         23  0.000e+00
      3.587      3.551    -1.0964  27.146604    -1.0966  27.144931     8.1980     8.3056     1.0106    89.2579 1.5779e+02  -66.25444  -67.33832 331.844933      21.27 3.6315e+02   1489.208      35742         23  0.000e+00
      3.532      3.497    -1.0964  27.146490    -1.0966  27.144875     8.1967     8.3001     1.0106    89.2579 1.5824e+02  -66.25444  -67.33832 331.844933       0.00 3.6315e+02   1489.250      35743         23  0.000e+00
      3.470      3.436    -1.0963  27.146661    -1.0966  27.144708     8.1894     8.3048     1.0106    89.2579 1.5914e+02  -66.25444  -67.33832 331.844934       0.00 3.6315e+02   1489.292      35744         23  0.000e+00
      3.532      3.497    -1.0963  27.146775    -1.0968  27.144819     8.1809     8.2995     1.0106    89.2579 1.6004e+02  -66.25444  -67.33832 331.844934       0.98 3.6315e+02   1489.333      35745         23  0.000e+00
      3.381      3.348    -1.0964  27.146775    -1.0968  27.144875     8.1769     8.2985     1.0106    89.2579 1.6049e+02  -66.25444  -67.33832 331.844935       1.90 3.6315e+02   1489.375      35746         23  0.000e+00
      3.470      3.436    -1.0959  27.146661    -1.0969  27.145097     8.1911     8.2978     1.0106    89.2579 1.6140e+02  -66.25444  -67.33832 331.844935       2.08 3.6315e+02   1489.417      35747         23  0.000e+00
      3.381      3.348    -1.0961  27.146718    -1.0966  27.144930     8.1973     8.2969     1.0106    89.2579 1.6231e+02  -66.25444  -67.33832 331.844936       2.00 3.6315e+02   1489.458      35748         23  0.000e+00
      3.429      3.395    -1.0961  27.146775    -1.0966  27.144930     8.2050     8.2962     1.0106    89.2579 1.6277e+02  -66.25444  -67.33832 331.844936       1.95 3.6315e+02   1489.500      35749         23  0.000e+00
