NBP2113_155081_ctd/data/nbp2113_040.cnv
* Sea-Bird SBE 9 Data File:
* FileName = D:\Data\raw\NBP2113_040.hex
* Software Version Seasave V 7.26.7.121
* Temperature SN = 2438
* Conductivity SN = 2067
* Number of Bytes Per Scan = 40
* Number of Voltage Words = 5
* Number of Scans Averaged by the Deck Unit = 1
* NMEA Latitude = 64 51.74 S
* NMEA Longitude = 063 55.31 W
* NMEA UTC (Time) = Dec 10 2021  12:43:38
* NMEA baud rate = 9600
** Ship: RVIB N.B. Palmer
** Cruise: NBP2113 LTER
** Station: 621.028
** Operator: B. Urmston
# nquan = 25
# nvalues = 751                         
# units = specified
# name 0 = prDM: Pressure, Digiquartz [db]
# name 1 = depSM: Depth [salt water, m]
# name 2 = t090C: Temperature [ITS-90, deg C]
# name 3 = c0mS/cm: Conductivity [mS/cm]
# name 4 = t190C: Temperature, 2 [ITS-90, deg C]
# name 5 = c1mS/cm: Conductivity, 2 [mS/cm]
# name 6 = sbeox0ML/L: Oxygen, SBE 43 [ml/l]
# name 7 = sbeox1ML/L: Oxygen, SBE 43, 2 [ml/l]
# name 8 = flECO-AFL: Fluorescence, WET Labs ECO-AFL/FL [mg/m^3]
# name 9 = CStarTr0: Beam Transmission, WET Labs C-Star [%]
# name 10 = par: PAR/Irradiance, Biospherical/Licor
# name 11 = latitude: Latitude [deg]
# name 12 = longitude: Longitude [deg]
# name 13 = timeJ: Julian Days
# name 14 = altM: Altimeter [m]
# name 15 = spar: SPAR, Biospherical/Licor
# name 16 = timeS: Time, Elapsed [seconds]
# name 17 = scan: Scan Count
# name 18 = density00: Density [density, kg/m^3]
# name 19 = density11: Density, 2 [density, kg/m^3]
# name 20 = sal00: Salinity, Practical [PSU]
# name 21 = sal11: Salinity, Practical, 2 [PSU]
# name 22 = oxsolML/L: Oxygen Saturation, Garcia & Gordon [ml/l]
# name 23 = nbin: number of scans per bin
# name 24 = flag: flag
# span 0 =      1.000,    378.000       
# span 1 =      0.988,    373.956       
# span 2 =    -0.3617,     1.2709       
# span 3 =  27.887120,  30.020904       
# span 4 =    -0.3609,     1.2707       
# span 5 =  27.885225,  30.019758       
# span 6 =     4.3209,     9.2503       
# span 7 =     4.3863,     9.9552       
# span 8 =    -0.0184,     1.8783       
# span 9 =    88.0937,    94.7941       
# span 10 = -2.666e-06, 5.1464e+02      
# span 11 =  -64.86254,  -64.86194      
# span 12 =  -63.92210,  -63.92182      
# span 13 = 344.533863, 344.552546      
# span 14 =     -15.27,     103.60      
# span 15 = 2.8206e+02, 4.0197e+02      
# span 16 =    307.734,   1921.942      
# span 17 =       7387,      46128      
# span 18 =  1027.1548,  1029.5114      
# span 19 =  1027.1534,  1029.5102      
# span 20 =    33.7839,    34.6324      
# span 21 =    33.7822,    34.6310      
# span 22 =    7.77195,    8.14608      
# span 23 =         11,         51      
# span 24 = 0.0000e+00, 0.0000e+00      
# interval = decibars: 1                
# start_time = Dec 10 2021 12:43:38 [NMEA time, header]
# bad_flag = -9.990e-29
*END*
[from data line 406]
    345.000    341.337     1.2700  30.008290     1.2697  30.006859     4.3322     4.3907    -0.0059    94.5607 1.0000e-12  -64.86212  -63.92194 344.543360      40.74 3.4905e+02   1128.341      27081  1029.3575  1029.3563    34.6323    34.6308    7.77213         30 0.0000e+00
    344.000    340.348     1.2699  30.007726     1.2694  30.006258     4.3270     4.3974    -0.0004    94.6444 1.0000e-12  -64.86212  -63.92194 344.543375      41.73 3.4905e+02   1129.612      27112  1029.3527  1029.3517    34.6322    34.6309    7.77215         30 0.0000e+00
    343.000    339.360     1.2693  30.006702     1.2685  30.004719     4.3318     4.4000    -0.0004    94.6008 1.0000e-12  -64.86212  -63.92194 344.543388      42.89 3.4943e+02   1130.757      27139  1029.3480  1029.3468    34.6322    34.6305    7.77227         23 0.0000e+00
    342.000    338.371     1.2679  30.004884     1.2671  30.002890     4.3292     4.3998    -0.0017    94.6316 1.0000e-12  -64.86212  -63.92194 344.543400      43.68 3.5066e+02   1131.735      27163  1029.3433  1029.3421    34.6319    34.6303    7.77256         22 0.0000e+00
    341.000    337.381     1.2650  30.001338     1.2651  30.000243     4.3299     4.4007    -0.0077    94.6255 1.0000e-12  -64.86212  -63.92194 344.543410      44.62 3.5081e+02   1132.602      27183  1029.3382  1029.3371    34.6312    34.6297    7.77317         20 0.0000e+00
    340.000    336.394     1.2664  30.002152     1.2665  30.001219     4.3369     4.3996    -0.0146    94.6521 1.0000e-12  -64.86212  -63.92194 344.543420      45.60 3.5081e+02   1133.465      27204  1029.3335  1029.3325    34.6313    34.6300    7.77290         22 0.0000e+00
    339.000    335.405     1.2666  30.002050     1.2662  30.000425     4.3358     4.3979     0.0045    94.6498 1.0000e-12  -64.86211  -63.92194 344.543432      46.79 3.5026e+02   1134.489      27229  1029.3289  1029.3277    34.6315    34.6299    7.77284         28 0.0000e+00
    338.000    334.416     1.2668  30.001717     1.2666  30.000456     4.3333     4.3974     0.0005    94.6214 1.0000e-12  -64.86210  -63.92194 344.543449      47.89 3.4904e+02   1135.984      27265  1029.3242  1029.3231    34.6315    34.6300    7.77281         40 0.0000e+00
    337.000    333.428     1.2666  30.001099     1.2665  29.999851     4.3396     4.3958    -0.0058    94.6454 1.0000e-12  -64.86210  -63.92193 344.543470      48.87 3.4905e+02   1137.810      27308  1029.3195  1029.3184    34.6314    34.6300    7.77284         37 0.0000e+00
    336.000    332.440     1.2661  30.000128     1.2659  29.998906     4.3394     4.4020    -0.0052    94.6095 1.0000e-12  -64.86210  -63.92194 344.543488      50.01 3.4988e+02   1139.400      27347  1029.3148  1029.3137    34.6313    34.6300    7.77295         32 0.0000e+00
    335.000    331.450     1.2631  29.996789     1.2622  29.994712     4.3417     4.4049    -0.0066    94.6294 1.0000e-12  -64.86210  -63.92194 344.543503      50.93 3.5082e+02   1140.641      27376  1029.3101  1029.3088    34.6309    34.6293    7.77356         27 0.0000e+00
    334.000    330.463     1.2591  29.991985     1.2581  29.989721     4.3324     4.4002    -0.0125    94.6408 1.0000e-12  -64.86210  -63.92194 344.543515      51.98 3.5081e+02   1141.675      27401  1029.3048  1029.3035    34.6298    34.6280    7.77441         23 0.0000e+00
    333.000    329.474     1.2591  29.991384     1.2585  29.989536     4.3334     4.3988    -0.0087    94.6668 1.0000e-12  -64.86210  -63.92195 344.543525      52.82 3.5081e+02   1142.591      27423  1029.3000  1029.2987    34.6296    34.6279    7.77443         21 0.0000e+00
    332.000    328.484     1.2622  29.994014     1.2622  29.992710     4.3378     4.3976    -0.0151    94.7034 1.0000e-12  -64.86210  -63.92196 344.543535      53.63 3.5081e+02   1143.453      27444  1029.2953  1029.2941    34.6301    34.6285    7.77378         20 0.0000e+00
    331.000    327.496     1.2649  29.996592     1.2645  29.995120     4.3388     4.4002    -0.0150    94.6975 1.0000e-12  -64.86210  -63.92196 344.543545      54.87 3.5081e+02   1144.283      27464  1029.2911  1029.2900    34.6310    34.6296    7.77321         20 0.0000e+00
    330.000    326.507     1.2643  29.995649     1.2640  29.994156     4.3423     4.4084    -0.0016    94.6743 1.0000e-12  -64.86210  -63.92196 344.543555      55.91 3.5081e+02   1145.169      27485  1029.2864  1029.2853    34.6310    34.6295    7.77332         23 0.0000e+00
    329.000    325.519     1.2624  29.993205     1.2611  29.991062     4.3490     4.4093    -0.0041    94.6656 1.0000e-12  -64.86210  -63.92196 344.543567      57.04 3.5081e+02   1146.226      27510  1029.2816  1029.2807    34.6306    34.6293    7.77372         29 0.0000e+00
    328.000    324.531     1.2583  29.988748     1.2579  29.986905     4.3562     4.4136    -0.0048    94.6663 1.0000e-12  -64.86210  -63.92194 344.543582      58.13 3.5081e+02   1147.513      27541  1029.2768  1029.2754    34.6300    34.6281    7.77456         28 0.0000e+00
    327.000    323.541     1.2537  29.983090     1.2552  29.983759     4.3580     4.4100    -0.0003    94.6701 1.0000e-12  -64.86209  -63.92194 344.543597      59.01 3.5081e+02   1148.825      27573  1029.2714  1029.2706    34.6284    34.6276    7.77556         28 0.0000e+00
    326.000    322.552     1.2511  29.979826     1.2518  29.979489     4.3593     4.4153    -0.0009    94.7041 1.0000e-12  -64.86208  -63.92194 344.543612      60.08 3.5081e+02   1150.066      27603  1029.2664  1029.2653    34.6278    34.6265    7.77612         30 0.0000e+00
    325.000    321.565     1.2505  29.978671     1.2510  29.978362     4.3564     4.4125    -0.0075    94.6821 1.0000e-12  -64.86208  -63.92194 344.543628      61.16 3.5081e+02   1151.446      27636  1029.2615  1029.2606    34.6275    34.6265    7.77625         34 0.0000e+00
    324.000    320.576     1.2500  29.977757     1.2499  29.976606     4.3493     4.4174    -0.0129    94.6833 1.0000e-12  -64.86208  -63.92194 344.543647      62.34 3.4931e+02   1153.119      27676  1029.2567  1029.2556    34.6275    34.6261    7.77635         36 0.0000e+00
    323.000    319.586     1.2505  29.977892     1.2499  29.976215     4.3458     4.4145    -0.0127    94.6468 1.0000e-12  -64.86208  -63.92194 344.543666      63.28 3.5077e+02   1154.741      27715  1029.2521  1029.2509    34.6277    34.6262    7.77624         35 0.0000e+00
    322.000    318.599     1.2507  29.977734     1.2502  29.976063     4.3548     4.4135    -0.0076    94.6881 1.0000e-12  -64.86208  -63.92195 344.543681      64.36 3.5081e+02   1155.999      27745  1029.2474  1029.2463    34.6278    34.6263    7.77619         28 0.0000e+00
    321.000    317.610     1.2506  29.977253     1.2502  29.975696     4.3576     4.4202    -0.0039    94.6970 1.0000e-12  -64.86208  -63.92196 344.543694      65.27 3.5081e+02   1157.173      27773  1029.2428  1029.2416    34.6278    34.6263    7.77620         30 0.0000e+00
    320.000    316.621     1.2511  29.977205     1.2507  29.975663     4.3540     4.4178     0.0001    94.6971 1.0000e-12  -64.86206  -63.92196 344.543709      66.42 3.5081e+02   1158.430      27803  1029.2381  1029.2369    34.6279    34.6264    7.77611         30 0.0000e+00
    319.000    315.633     1.2504  29.976154     1.2501  29.974751     4.3519     4.4170    -0.0058    94.7063 1.0000e-12  -64.86206  -63.92196 344.543723      67.48 3.5081e+02   1159.669      27833  1029.2334  1029.2322    34.6279    34.6264    7.77625         27 0.0000e+00
    318.000    314.643     1.2489  29.974037     1.2488  29.972928     4.3533     4.4179    -0.0017    94.6914 1.0000e-12  -64.86206  -63.92196 344.543737      68.49 3.5081e+02   1160.895      27862  1029.2285  1029.2275    34.6274    34.6261    7.77657         31 0.0000e+00
    317.000    313.657     1.2481  29.972727     1.2476  29.971069     4.3577     4.4141    -0.0104    94.7092 1.0000e-12  -64.86206  -63.92194 344.543755      69.63 3.5081e+02   1162.436      27899  1029.2237  1029.2225    34.6272    34.6257    7.77674         34 0.0000e+00
    316.000    312.666     1.2496  29.973830     1.2493  29.972381     4.3540     4.4131    -0.0094    94.7121 1.0000e-12  -64.86206  -63.92194 344.543791      70.78 3.5081e+02   1165.528      27974  1029.2190  1029.2179    34.6276    34.6260    7.77643         23 0.0000e+00
    315.000    311.678     1.2498  29.973726     1.2495  29.972365     4.3562     4.4201    -0.0147    94.7053 1.0000e-12  -64.86206  -63.92196 344.543818      71.68 3.5081e+02   1167.868      28030  1029.2145  1029.2134    34.6278    34.6263    7.77638         36 0.0000e+00
    314.000    310.689     1.2491  29.972369     1.2484  29.970707     4.3568     4.4201    -0.0100    94.7169 1.0000e-12  -64.86204  -63.92196 344.543836      72.84 3.5081e+02   1169.443      28068  1029.2096  1029.2085    34.6274    34.6260    7.77654         34 0.0000e+00
    313.000    309.700     1.2497  29.972674     1.2493  29.971152     4.3523     4.4169    -0.0084    94.7308 1.0000e-12  -64.86204  -63.92196 344.543852      73.87 3.5081e+02   1170.822      28101  1029.2050  1029.2039    34.6277    34.6262    7.77640         33 0.0000e+00
    312.000    308.711     1.2496  29.972173     1.2492  29.970625     4.3486     4.4160    -0.0117    94.7159 1.0000e-12  -64.86204  -63.92196 344.543869      74.86 3.5081e+02   1172.315      28137  1029.2004  1029.1992    34.6277    34.6262    7.77642         36 0.0000e+00
    311.000    307.721     1.2493  29.971430     1.2490  29.969985     4.3563     4.4159    -0.0082    94.7169 1.0000e-12  -64.86204  -63.92196 344.543899      76.10 3.5092e+02   1174.908      28199  1029.1956  1029.1945    34.6276    34.6261    7.77647         31 0.0000e+00
    310.000    306.736     1.2484  29.970135     1.2482  29.968708     4.3560     4.4158    -0.0039    94.7289 1.0000e-12  -64.86204  -63.92196 344.543937      77.24 3.5256e+02   1178.128      28276  1029.1910  1029.1898    34.6275    34.6260    7.77665         38 0.0000e+00
    309.000    305.746     1.2510  29.972316     1.2521  29.972423     4.3516     4.4157    -0.0107    94.7330 1.0000e-12  -64.86202  -63.92196 344.543983      78.29 3.5258e+02   1182.121      28372  1029.1865  1029.1854    34.6281    34.6270    7.77612         35 0.0000e+00
    308.000    304.759     1.2501  29.970984     1.2499  29.969811     4.3476     4.4178    -0.0028    94.7177 1.0000e-12  -64.86202  -63.92196 344.544021      79.41 3.5197e+02   1185.370      28450  1029.1817  1029.1807    34.6279    34.6267    7.77630         42 0.0000e+00
    307.000    303.767     1.2523  29.972762     1.2511  29.970546     4.3518     4.4100    -0.0130    94.7169 1.0000e-12  -64.86202  -63.92197 344.544052      80.47 3.5210e+02   1188.106      28516  1029.1772  1029.1760    34.6284    34.6268    7.77584         40 0.0000e+00
    306.000    302.778     1.2532  29.973357     1.2527  29.971677     4.3485     4.4146    -0.0066    94.6894 1.0000e-12  -64.86200  -63.92198 344.544079      81.46 3.5260e+02   1190.449      28572  1029.1727  1029.1714    34.6287    34.6272    7.77565         41 0.0000e+00
    305.000    301.792     1.2532  29.972952     1.2527  29.971341     4.3463     4.4184    -0.0035    94.6702 1.0000e-12  -64.86200  -63.92199 344.544099      82.76 3.5258e+02   1192.126      28612  1029.1680  1029.1668    34.6288    34.6273    7.77564         38 0.0000e+00
    304.000    300.803     1.2534  29.972532     1.2530  29.971107     4.3477     4.4124    -0.0007    94.6984 1.0000e-12  -64.86200  -63.92199 344.544180      83.77 3.5283e+02   1199.119      28780  1029.1632  1029.1621    34.6286    34.6272    7.77561         33 0.0000e+00
    303.000    299.812     1.2530  29.971771     1.2525  29.970168     4.3460     4.4077    -0.0138    94.6478 1.0000e-12  -64.86200  -63.92200 344.544206      84.59 3.5433e+02   1201.354      28834  1029.1585  1029.1574    34.6286    34.6272    7.77568         27 0.0000e+00
    302.000    298.825     1.2535  29.971801     1.2530  29.970311     4.3500     4.4113    -0.0086    94.6727 1.0000e-12  -64.86200  -63.92202 344.544219      85.55 3.5434e+02   1202.486      28861  1029.1539  1029.1528    34.6288    34.6274    7.77559         27 0.0000e+00
    301.000    297.833     1.2434  29.961072     1.2426  29.958796     4.3702     4.4264    -0.0106    94.6720 1.0000e-12  -64.86197  -63.92203 344.544454      87.58 3.5358e+02   1222.839      29349  1029.1485  1029.1468    34.6268    34.6247    7.77770         35 0.0000e+00
    300.000    296.848     1.2226  29.938831     1.2245  29.938314     4.3937     4.4501    -0.0074    94.6826 1.0000e-12  -64.86194  -63.92203 344.544772      89.82 3.5364e+02   1250.292      30008  1029.1411  1029.1392    34.6218    34.6191    7.78208         30 0.0000e+00
    299.000    295.858     1.2278  29.943942     1.2321  29.947506     4.5054     4.5104     0.0004    94.7086 1.0000e-12  -64.86194  -63.92204 344.544798      90.92 3.5435e+02   1252.507      30061  1029.1375  1029.1368    34.6232    34.6231    7.78098         33 0.0000e+00
    298.000    294.869     1.1711  29.884870     1.1892  29.904103     4.5208     4.5303    -0.0127    94.7148 1.0000e-12  -64.86194  -63.92205 344.544811      91.68 3.5434e+02   1253.701      30090  1029.1285  1029.1304    34.6109    34.6155    7.79291         24 0.0000e+00
    297.000    293.881     1.1380  29.846726     1.1449  29.853269     4.4981     4.5326    -0.0113    94.7286 1.0000e-12  -64.86194  -63.92206 344.544822      92.49 3.5434e+02   1254.612      30112  1029.1177  1029.1179    34.5991    34.5999    7.80012         20 0.0000e+00
    296.000    292.892     1.1560  29.863695     1.1576  29.864802     4.4782     4.5282    -0.0091    94.7254 1.0000e-12  -64.86194  -63.92206 344.544832      93.36 3.5434e+02   1255.468      30132  1029.1129  1029.1124    34.6016    34.6012    7.79641         21 0.0000e+00
    295.000    291.903     1.1635  29.872310     1.1621  29.869799     4.4620     4.5163    -0.0137    94.6968 1.0000e-12  -64.86194  -63.92206 344.544842      94.37 3.5434e+02   1256.386      30154  1029.1099  1029.1088    34.6050    34.6033    7.79475         24 0.0000e+00
    294.000    290.913     1.1667  29.875552     1.1662  29.873805     4.4519     4.5112    -0.0006    94.7113 1.0000e-12  -64.86194  -63.92206 344.544854      95.39 3.5434e+02   1257.384      30178  1029.1057  1029.1045    34.6061    34.6045    7.79404         24 0.0000e+00
    293.000    289.925     1.1740  29.882827     1.1737  29.881403     4.4464     4.5103    -0.0004    94.7191 1.0000e-12  -64.86194  -63.92206 344.544866      96.42 3.5434e+02   1258.402      30203  1029.1015  1029.1005    34.6079    34.6064    7.79248         24 0.0000e+00
    292.000    288.937     1.1782  29.886965     1.1780  29.885783     4.4439     4.5125    -0.0004    94.7293 1.0000e-12  -64.86194  -63.92206 344.544878      97.33 3.5427e+02   1259.424      30227  1029.0975  1029.0964    34.6092    34.6079    7.79159         25 0.0000e+00
    291.000    287.947     1.1772  29.885787     1.1765  29.883847     4.4353     4.5036     0.0067    94.7030 1.0000e-12  -64.86194  -63.92206 344.544890      98.64 3.5283e+02   1260.523      30254  1029.0929  1029.0916    34.6094    34.6077    7.79178         28 0.0000e+00
    290.000    286.958     1.1805  29.888577     1.1795  29.886538     4.4090     4.4968     0.0074    94.7092 1.0000e-12  -64.86194  -63.92206 344.544904      99.18 3.5258e+02   1261.714      30282  1029.0882  1029.0871    34.6099    34.6084    7.79109         27 0.0000e+00
    289.000    285.970     1.1930  29.901208     1.1873  29.894059     4.4662     4.5272     0.0058    94.6811 1.0000e-12  -64.86194  -63.92206 344.544918      99.84 3.5258e+02   1262.938      30312  1029.0845  1029.0829    34.6128    34.6100    7.78844         28 0.0000e+00
