NBP2113_155081_ctd/data/nbp2113_016.cnv
* Sea-Bird SBE 9 Data File:
* FileName = D:\Data\raw\NBP2113_016.hex
* Software Version Seasave V 7.26.7.121
* Temperature SN = 2438
* Conductivity SN = 2067
* Number of Bytes Per Scan = 40
* Number of Voltage Words = 5
* Number of Scans Averaged by the Deck Unit = 1
* NMEA Latitude = 65 52.76 S
* NMEA Longitude = 068 17.29 W
* NMEA UTC (Time) = Nov 28 2021  02:04:04
* NMEA baud rate = 9600
** Ship: RVIB N.B. Palmer
** Cruise: NBP2113 LTER
** Station: 400.100
** Operator: S. Blackman
# nquan = 25
# nvalues = 677                         
# units = specified
# name 0 = prDM: Pressure, Digiquartz [db]
# name 1 = depSM: Depth [salt water, m]
# name 2 = t090C: Temperature [ITS-90, deg C]
# name 3 = c0mS/cm: Conductivity [mS/cm]
# name 4 = t190C: Temperature, 2 [ITS-90, deg C]
# name 5 = c1mS/cm: Conductivity, 2 [mS/cm]
# name 6 = sbeox0ML/L: Oxygen, SBE 43 [ml/l]
# name 7 = sbeox1ML/L: Oxygen, SBE 43, 2 [ml/l]
# name 8 = flECO-AFL: Fluorescence, WET Labs ECO-AFL/FL [mg/m^3]
# name 9 = CStarTr0: Beam Transmission, WET Labs C-Star [%]
# name 10 = par: PAR/Irradiance, Biospherical/Licor
# name 11 = latitude: Latitude [deg]
# name 12 = longitude: Longitude [deg]
# name 13 = timeJ: Julian Days
# name 14 = altM: Altimeter [m]
# name 15 = spar: SPAR, Biospherical/Licor
# name 16 = timeS: Time, Elapsed [seconds]
# name 17 = scan: Scan Count
# name 18 = density00: Density [density, kg/m^3]
# name 19 = density11: Density, 2 [density, kg/m^3]
# name 20 = sal00: Salinity, Practical [PSU]
# name 21 = sal11: Salinity, Practical, 2 [PSU]
# name 22 = oxsolML/L: Oxygen Saturation, Garcia & Gordon [ml/l]
# name 23 = nbin: number of scans per bin
# name 24 = flag: flag
# span 0 =      1.000,    341.000       
# span 1 =      0.991,    337.359       
# span 2 =    -0.6154,     1.5525       
# span 3 =  27.845336,  30.301786       
# span 4 =    -0.6157,     1.5520       
# span 5 =  27.844113,  30.300981       
# span 6 =     3.9373,     9.4572       
# span 7 =     3.9898,    10.1371       
# span 8 =    -0.0225,     2.8787       
# span 9 =    89.9439,    97.9051       
# span 10 = 1.0000e-12, 1.1111e+01      
# span 11 =  -65.88320,  -65.88016      
# span 12 =  -68.28768,  -68.28572      
# span 13 = 332.089455, 332.107006      
# span 14 =       1.64,     100.66      
# span 15 = 3.5196e+00, 1.2871e+01      
# span 16 =    284.943,   1801.309      
# span 17 =       6840,      43232      
# span 18 =  1027.3581,  1029.3881      
# span 19 =  1027.3555,  1029.3873      
# span 20 =    34.0379,    34.7140      
# span 21 =    34.0350,    34.7128      
# span 22 =    7.71219,    8.19386      
# span 23 =          6,         48      
# span 24 = 0.0000e+00, 0.0000e+00      
# interval = decibars: 1                
# start_time = Nov 28 2021 02:04:04 [NMEA time, header]
# bad_flag = -9.990e-29
*END*
[from data line 58]
     63.000     62.369    -0.5808  27.868701    -0.5799  27.867747     8.0455     8.1176     2.2211    91.4273 1.0000e-12  -65.88048  -68.28744 332.091495      99.97 1.1768e+01    461.157      11069  1027.6742  1027.6723    34.0572    34.0549    8.18720         37 0.0000e+00
     64.000     63.359    -0.5854  27.866343    -0.5846  27.865320     8.0421     8.1208     2.0300    91.3505 1.0000e-12  -65.88048  -68.28744 332.091523      99.97 1.1012e+01    463.552      11126  1027.6804  1027.6786    34.0586    34.0564    8.18812         39 0.0000e+00
     65.000     64.349    -0.5874  27.865530    -0.5868  27.864547     8.0063     8.0949     1.7628    91.3157 1.0000e-12  -65.88050  -68.28742 332.091603      99.97 1.0756e+01    470.460      11292  1027.6856  1027.6840    34.0592    34.0572    8.18852         19 0.0000e+00
     66.000     65.339    -0.5881  27.865655    -0.5874  27.864682     8.0018     8.0892     1.7582    91.5776 1.0000e-12  -65.88050  -68.28742 332.091609      99.97 1.0575e+01    471.048      11306  1027.6907  1027.6891    34.0595    34.0574    8.18866         17 0.0000e+00
     67.000     66.327    -0.5914  27.864077    -0.5907  27.863031     8.0258     8.0865     1.7840    91.6431 1.0000e-12  -65.88049  -68.28742 332.091618      99.97 1.0577e+01    471.790      11324  1027.6965  1027.6947    34.0605    34.0582    8.18931         19 0.0000e+00
     68.000     67.319    -0.5933  27.863208    -0.5926  27.862284     8.0356     8.0866     2.0098    91.7199 1.0000e-12  -65.88048  -68.28742 332.091629      99.97 1.0577e+01    472.716      11346  1027.7016  1027.7000    34.0608    34.0588    8.18970         28 0.0000e+00
     69.000     68.306    -0.5933  27.863762    -0.5914  27.863412     8.0003     8.0881     1.7813    91.7078 1.0000e-12  -65.88050  -68.28740 332.091712      99.97 1.0577e+01    479.880      11518  1027.7065  1027.7043    34.0609    34.0584    8.18969         19 0.0000e+00
     70.000     69.297    -0.5951  27.863067    -0.5935  27.862629     7.9947     8.0856     1.7454    91.7982 1.0000e-12  -65.88050  -68.28740 332.091733      99.97 1.0577e+01    481.696      11562  1027.7117  1027.7097    34.0614    34.0590    8.19005         15 0.0000e+00
     71.000     70.289    -0.5980  27.861614    -0.5974  27.860514     7.9886     8.0799     1.9593    91.7428 1.0000e-12  -65.88050  -68.28740 332.091740      99.97 1.0577e+01    482.378      11578  1027.7172  1027.7155    34.0621    34.0599    8.19064         18 0.0000e+00
     72.000     71.278    -0.5997  27.860797    -0.5992  27.859667     7.9973     8.0842     1.9098    91.7432 1.0000e-12  -65.88050  -68.28740 332.091752      99.97 1.0577e+01    483.345      11601  1027.7223  1027.7206    34.0623    34.0603    8.19100         27 0.0000e+00
     73.000     72.267    -0.5999  27.861380    -0.5977  27.861333     7.9446     8.0325     1.7132    92.0106 1.0000e-12  -65.88054  -68.28738 332.091848      99.97 1.0577e+01    491.645      11800  1027.7273  1027.7251    34.0627    34.0602    8.19102         14 0.0000e+00
     74.000     73.258    -0.5946  27.865086    -0.5936  27.864317     7.9376     8.0260     1.7348    92.1180 1.0000e-12  -65.88054  -68.28738 332.091861      19.71 1.0577e+01    492.811      11828  1027.7304  1027.7287    34.0611    34.0590    8.18997         13 0.0000e+00
     75.000     74.244    -0.6066  27.859274    -0.6063  27.857690     7.9490     8.0332     1.7862    92.0378 1.0000e-12  -65.88054  -68.28738 332.091868      27.24 1.0577e+01    493.400      11843  1027.7401  1027.7381    34.0662    34.0637    8.19227         15 0.0000e+00
     76.000     75.238    -0.6091  27.859831    -0.6082  27.858838     7.9456     8.0476     1.7641    92.0415 1.0000e-12  -65.88054  -68.28740 332.091877      94.75 1.0577e+01    494.199      11862  1027.7474  1027.7455    34.0691    34.0668    8.19264         25 0.0000e+00
     77.000     76.226    -0.6043  27.862053    -0.5995  27.862527     7.9406     8.0435     1.7861    92.3198 1.0000e-12  -65.88055  -68.28736 332.091970      99.97 1.0577e+01    502.247      12055  1027.7493  1027.7452    34.0661    34.0614    8.19178         22 0.0000e+00
     78.000     77.218    -0.6061  27.862364    -0.5989  27.863453     7.9291     8.0148     1.9870    92.3775 1.0000e-12  -65.88056  -68.28737 332.091991      99.97 1.0577e+01    504.027      12098  1027.7557  1027.7499    34.0679    34.0614    8.19206         34 0.0000e+00
     79.000     78.206    -0.6149  27.861579    -0.6139  27.860417     7.6554     7.8277     1.8997    92.6256 1.0000e-12  -65.88056  -68.28739 332.092052      99.97 1.0577e+01    509.262      12223  1027.7676  1027.7654    34.0762    34.0735    8.19349         44 0.0000e+00
     80.000     79.195    -0.6154  27.870956    -0.6155  27.868502     7.4919     7.7084     1.9210    92.8131 1.0000e-12  -65.88056  -68.28737 332.092076      99.97 1.0577e+01    511.359      12274  1027.7826  1027.7800    34.0888    34.0856    8.19287         38 0.0000e+00
     81.000     80.184    -0.6053  27.888609    -0.6064  27.885278     7.3631     7.5789     2.1444    92.7348 1.0000e-12  -65.88056  -68.28737 332.092106      99.97 1.0577e+01    513.975      12336  1027.7960  1027.7936    34.1005    34.0974    8.19000         33 0.0000e+00
     82.000     81.173    -0.5849  27.917086    -0.5871  27.911619     7.2292     7.4495     2.1661    93.0965 1.0000e-12  -65.88057  -68.28736 332.092147      99.97 1.0577e+01    517.465      12420  1027.8114  1027.8077    34.1154    34.1105    8.18474         30 0.0000e+00
     83.000     82.165    -0.5595  27.950667    -0.5600  27.948595     7.1078     7.3197     1.9700    93.4074 1.0000e-12  -65.88058  -68.28736 332.092181      99.97 1.0577e+01    520.447      12492  1027.8276  1027.8258    34.1314    34.1292    8.17833         38 0.0000e+00
     84.000     83.154    -0.5518  27.962739    -0.5524  27.959972     6.9870     7.1816     1.7409    93.6633 1.0000e-12  -65.88058  -68.28738 332.092218      99.97 1.0577e+01    523.611      12568  1027.8378  1027.8354    34.1383    34.1353    8.17627         34 0.0000e+00
     85.000     84.144    -0.5331  27.987718    -0.5319  27.986828     6.8847     7.0964     1.4767    93.7613 1.0000e-12  -65.88060  -68.28738 332.092238      99.97 1.0577e+01    525.334      12609  1027.8511  1027.8488    34.1503    34.1476    8.17155         32 0.0000e+00
     86.000     85.134    -0.5149  28.010182    -0.5145  28.008507     6.8991     7.0745     1.6157    94.0671 1.0000e-12  -65.88060  -68.28736 332.092256      99.97 1.0577e+01    526.941      12648  1027.8621  1027.8598    34.1593    34.1566    8.16709         34 0.0000e+00
     87.000     86.120    -0.5131  28.012225    -0.5127  28.010838     6.9325     7.0336     1.4206    94.4336 1.0000e-12  -65.88060  -68.28736 332.092314      99.97 1.0577e+01    531.938      12768  1027.8675  1027.8655    34.1594    34.1571    8.16670         19 0.0000e+00
     88.000     87.113    -0.4900  28.039943    -0.4896  28.039366     6.5615     6.7687     1.1774    94.4335 1.0000e-12  -65.88061  -68.28736 332.092358      99.97 1.0577e+01    535.692      12858  1027.8794  1027.8784    34.1700    34.1688    8.16112         36 0.0000e+00
     89.000     88.104    -0.4034  28.138494    -0.4025  28.136427     6.3122     6.6133     1.3037    94.6965 1.0000e-12  -65.88062  -68.28736 332.092377      99.97 1.0577e+01    537.363      12898  1027.9055  1027.9025    34.2041    34.2004    8.14057         35 0.0000e+00
     90.000     89.092    -0.3279  28.218633    -0.3293  28.214867     6.2541     6.5254     1.3032    95.1267 1.0000e-12  -65.88062  -68.28736 332.092395      99.97 1.0577e+01    538.941      12936  1027.9229  1027.9202    34.2259    34.2224    8.12318         38 0.0000e+00
     91.000     90.084    -0.2800  28.268260    -0.2858  28.259780     6.1815     6.4959     1.0598    95.3926 1.0000e-12  -65.88063  -68.28735 332.092439      99.97 1.0577e+01    542.728      13026  1027.9354  1027.9317    34.2377    34.2329    8.11229         34 0.0000e+00
     92.000     91.072    -0.2190  28.333165    -0.2143  28.335520     5.9955     6.2289     0.6862    95.3466 1.0000e-12  -65.88064  -68.28734 332.092492      99.97 1.0577e+01    547.288      13136  1027.9513  1027.9485    34.2552    34.2531    8.09832         24 0.0000e+00
     93.000     92.063    -0.1568  28.399744    -0.1573  28.397619     6.0188     6.2001     0.7345    95.2449 1.0000e-12  -65.88064  -68.28732 332.092502      99.97 1.0577e+01    548.173      13157  1027.9664  1027.9639    34.2734    34.2711    8.08411         27 0.0000e+00
     94.000     93.051    -0.1150  28.444815    -0.1282  28.429241     5.4658     5.8096     0.7978    95.3841 1.0000e-12  -65.88064  -68.28734 332.092546      99.97 1.0577e+01    552.002      13249  1027.9798  1027.9757    34.2858    34.2799    8.07458         42 0.0000e+00
     95.000     94.041     0.1114  28.684362     0.1150  28.683665     5.2245     5.6981     0.8622    94.9240 1.0000e-12  -65.88064  -68.28734 332.092568      99.97 1.0577e+01    553.839      13293  1028.0180  1028.0135    34.3488    34.3439    8.02343         34 0.0000e+00
     96.000     95.030     0.1832  28.756523     0.1773  28.748954     5.1895     5.4882     1.0476    94.5054 1.0000e-12  -65.88066  -68.28731 332.092625      99.97 1.0577e+01    558.833      13413  1028.0328  1028.0300    34.3631    34.3597    8.00763         40 0.0000e+00
     97.000     96.021     0.2930  28.870677     0.2924  28.866468     4.9456     5.2022     1.4227    94.3968 1.0000e-12  -65.88066  -68.28729 332.092658      99.97 1.0577e+01    561.612      13480  1028.0520  1028.0474    34.3899    34.3850    7.98333         29 0.0000e+00
     98.000     97.010     0.4325  29.010906     0.4311  29.006424     4.8482     5.1757     1.1376    94.3707 1.0000e-12  -65.88066  -68.28730 332.092671      99.97 1.0577e+01    562.791      13508  1028.0682  1028.0642    34.4176    34.4132    7.95298         27 0.0000e+00
     99.000     98.001     0.5075  29.086355     0.5080  29.084124     4.9216     5.2199     1.1730    94.6209 1.0000e-12  -65.88066  -68.28730 332.092685      99.97 1.0577e+01    563.985      13537  1028.0796  1028.0762    34.4319    34.4285    7.93675         32 0.0000e+00
    100.000     98.991     0.5370  29.115466     0.5356  29.109714     4.8975     5.1102     0.9682    95.0756 1.0000e-12  -65.88067  -68.28728 332.092751      99.97 1.0577e+01    569.688      13674  1028.0887  1028.0834    34.4366    34.4305    7.93045         26 0.0000e+00
    101.000     99.978     0.5729  29.152256     0.5715  29.149111     4.7443     4.9721     0.7378    95.5561 1.0000e-12  -65.88070  -68.28726 332.092791      99.97 1.0577e+01    573.180      13757  1028.0977  1028.0951    34.4439    34.4414    7.92268         17 0.0000e+00
    102.000    100.970     0.5964  29.175640     0.5966  29.174243     4.7174     4.9344     0.7549    95.5411 1.0000e-12  -65.88070  -68.28727 332.092800      99.97 1.0577e+01    573.930      13775  1028.1040  1028.1017    34.4476    34.4455    7.91768         16 0.0000e+00
    103.000    101.958     0.6151  29.195685     0.6146  29.193807     4.7210     4.9265     0.8415    95.7640 1.0000e-12  -65.88070  -68.28728 332.092809      99.98 1.0577e+01    574.665      13793  1028.1116  1028.1095    34.4524    34.4505    7.91361         19 0.0000e+00
    104.000    102.949     0.6518  29.232043     0.6510  29.229961     4.7849     4.9492     0.8350    95.6994 1.0000e-12  -65.88069  -68.28729 332.092820      99.97 1.0577e+01    575.628      13816  1028.1186  1028.1167    34.4582    34.4564    7.90579         30 0.0000e+00
    105.000    103.938     0.6714  29.251739     0.6614  29.240562     4.5045     4.7078     0.6304    95.9642 1.0000e-12  -65.88069  -68.28730 332.092879      99.97 1.0577e+01    580.715      13938  1028.1271  1028.1247    34.4614    34.4580    7.90161         27 0.0000e+00
    106.000    104.928     0.7039  29.288392     0.6997  29.282866     4.2910     4.5493     0.5555    96.0829 1.0000e-12  -65.88070  -68.28729 332.092901      99.97 1.0577e+01    582.689      13986  1028.1386  1028.1363    34.4724    34.4698    7.89441         17 0.0000e+00
    107.000    105.917     0.7319  29.321054     0.7317  29.319063     4.2587     4.5208     0.5718    96.0969 1.0000e-12  -65.88070  -68.28726 332.092909      99.97 1.0577e+01    583.326      14001  1028.1497  1028.1473    34.4830    34.4806    7.88812         15 0.0000e+00
    108.000    106.907     0.7844  29.379453     0.7814  29.374536     4.2447     4.5013     0.5401    96.1355 1.0000e-12  -65.88070  -68.28726 332.092916      99.97 1.0577e+01    583.942      14016  1028.1636  1028.1610    34.4999    34.4969    7.87657         15 0.0000e+00
    109.000    107.896     0.8657  29.459613     0.8649  29.456964     4.2302     4.4695     0.5132    96.2550 1.0000e-12  -65.88070  -68.28726 332.092924      99.97 1.0577e+01    584.604      14031  1028.1716  1028.1692    34.5128    34.5103    7.85942         17 0.0000e+00
    110.000    108.886     0.8897  29.483063     0.8900  29.482217     4.2020     4.4275     0.5124    96.1552 1.0000e-12  -65.88070  -68.28726 332.092933      99.97 1.0577e+01    585.426      14051  1028.1774  1028.1758    34.5159    34.5144    7.85441         23 0.0000e+00
    111.000    109.876     0.9026  29.497168     0.9030  29.496597     4.1756     4.3790     0.5079    96.2476 1.0000e-12  -65.88070  -68.28726 332.092946      99.98 1.0577e+01    586.578      14079  1028.1846  1028.1834    34.5192    34.5180    7.85163         32 0.0000e+00
    112.000    110.865     0.9001  29.497544     0.9005  29.496648     4.1747     4.3448     0.5348    96.3897 1.0000e-12  -65.88070  -68.28727 332.092961      99.98 1.0577e+01    587.842      14109  1028.1928  1028.1912    34.5219    34.5202    7.85199         27 0.0000e+00
    113.000    111.855     0.9093  29.508423     0.9072  29.504795     4.1936     4.3319     0.4394    96.8042 1.0000e-12  -65.88070  -68.28728 332.092973      99.98 1.0577e+01    588.870      14134  1028.2000  1028.1981    34.5251    34.5228    7.84995         22 0.0000e+00
    114.000    112.845     0.9376  29.537026     0.9364  29.534289     4.2070     4.3465     0.2794    96.8026 1.0000e-12  -65.88071  -68.28729 332.092983      99.98 1.0577e+01    589.746      14155  1028.2066  1028.2047    34.5301    34.5278    7.84399         21 0.0000e+00
    115.000    113.835     0.9450  29.543831     0.9445  29.542075     4.2369     4.3564     0.2061    97.0200 1.0000e-12  -65.88072  -68.28730 332.092995      99.98 1.0577e+01    590.744      14179  1028.2113  1028.2097    34.5300    34.5283    7.84250         29 0.0000e+00
    116.000    114.823     0.9433  29.542835     0.9468  29.544601     4.2318     4.3207     0.1496    97.2598 1.0000e-12  -65.88072  -68.28729 332.093021      99.98 1.0577e+01    593.038      14234  1028.2173  1028.2155    34.5300    34.5284    7.84284         33 0.0000e+00
    117.000    115.813     0.9732  29.573117     0.9727  29.571725     4.1800     4.2716     0.1173    97.4981 1.0000e-12  -65.88072  -68.28726 332.093047      99.98 1.0577e+01    595.261      14287  1028.2244  1028.2234    34.5354    34.5341    7.83655         34 0.0000e+00
    118.000    116.802     0.9792  29.580425     0.9794  29.579389     4.1105     4.2234     0.0958    97.5614 1.0000e-12  -65.88072  -68.28726 332.093061      99.98 1.0577e+01    596.432      14315  1028.2308  1028.2295    34.5376    34.5360    7.83523         26 0.0000e+00
    119.000    117.791     0.9940  29.597063     0.9937  29.595486     4.0849     4.2034     0.1064    97.5419 1.0000e-12  -65.88072  -68.28724 332.093072      99.98 1.0577e+01    597.380      14338  1028.2381  1028.2367    34.5420    34.5403    7.83202         21 0.0000e+00
