NBP2113_155081_ctd/data/nbp2113_018.cnv
* Sea-Bird SBE 9 Data File:
* FileName = D:\Data\raw\NBP2113_018.hex
* Software Version Seasave V 7.26.7.121
* Temperature SN = 2438
* Conductivity SN = 2067
* Number of Bytes Per Scan = 40
* Number of Voltage Words = 5
* Number of Scans Averaged by the Deck Unit = 1
* NMEA Latitude = 65 50.87 S
* NMEA Longitude = 071 22.66 W
* NMEA UTC (Time) = Nov 28 2021  20:11:54
* NMEA baud rate = 9600
** Ship: RVIB N.B. Palmer
** Cruise: NBP2113 LTER
** Station: 300.200
** Operator: S. Blackman
# nquan = 25
# nvalues = 6199                        
# units = specified
# name 0 = prDM: Pressure, Digiquartz [db]
# name 1 = depSM: Depth [salt water, m]
# name 2 = t090C: Temperature [ITS-90, deg C]
# name 3 = c0mS/cm: Conductivity [mS/cm]
# name 4 = t190C: Temperature, 2 [ITS-90, deg C]
# name 5 = c1mS/cm: Conductivity, 2 [mS/cm]
# name 6 = sbeox0ML/L: Oxygen, SBE 43 [ml/l]
# name 7 = sbeox1ML/L: Oxygen, SBE 43, 2 [ml/l]
# name 8 = flECO-AFL: Fluorescence, WET Labs ECO-AFL/FL [mg/m^3]
# name 9 = CStarTr0: Beam Transmission, WET Labs C-Star [%]
# name 10 = par: PAR/Irradiance, Biospherical/Licor
# name 11 = latitude: Latitude [deg]
# name 12 = longitude: Longitude [deg]
# name 13 = timeJ: Julian Days
# name 14 = altM: Altimeter [m]
# name 15 = spar: SPAR, Biospherical/Licor
# name 16 = timeS: Time, Elapsed [seconds]
# name 17 = scan: Scan Count
# name 18 = density00: Density [density, kg/m^3]
# name 19 = density11: Density, 2 [density, kg/m^3]
# name 20 = sal00: Salinity, Practical [PSU]
# name 21 = sal11: Salinity, Practical, 2 [PSU]
# name 22 = oxsolML/L: Oxygen Saturation, Garcia & Gordon [ml/l]
# name 23 = nbin: number of scans per bin
# name 24 = flag: flag
# span 0 =      1.000,   3102.000       
# span 1 =      0.988,   3048.984       
# span 2 =    -0.9604,     1.9842       
# span 3 =  27.559609,  30.707609       
# span 4 =    -0.9587,     1.9832       
# span 5 =  27.559233,  30.706539       
# span 6 =     3.8782,     8.4841       
# span 7 =     3.9346,     8.4608       
# span 8 =    -0.0220,    10.1452       
# span 9 =    85.2241,    97.8607       
# span 10 = 1.0000e-12, 1.0000e-12      
# span 11 =  -65.84838,  -65.84748      
# span 12 =  -71.37883,  -71.37718      
# span 13 = 332.844803, 332.936425      
# span 14 =       1.14,     108.25      
# span 15 = 1.8334e+02, 6.2851e+02      
# span 16 =    276.952,   8193.091      
# span 17 =       6648,     196635      
# span 18 =  1027.2925,  1042.0975      
# span 19 =  1027.2915,  1042.0969      
# span 20 =    33.9515,    34.7290      
# span 21 =    33.9504,    34.7284      
# span 22 =    7.63105,    8.26876      
# span 23 =         10,         69      
# span 24 = 0.0000e+00, 0.0000e+00      
# interval = decibars: 1                
# start_time = Nov 28 2021 20:11:54 [NMEA time, header]
# bad_flag = -9.990e-29
*END*
[from data line 6029]
    170.000    168.255     1.8705  30.399589     1.8722  30.401031     4.0159     4.0698     0.0347    97.5816 1.0000e-12  -65.84766  -71.37862 332.930889      99.98 3.2082e+02   7714.851     185157  1028.4370  1028.4368    34.5694    34.5693    7.65813         24 0.0000e+00
    169.000    167.266     1.8659  30.393613     1.8611  30.387731     4.0381     4.0806     0.0424    97.5592 1.0000e-12  -65.84766  -71.37862 332.930898      99.98 3.2084e+02   7715.612     185176  1028.4312  1028.4301    34.5674    34.5653    7.65911         18 0.0000e+00
    168.000    166.274     1.8550  30.380584     1.8528  30.378019     4.0431     4.0812     0.0358    97.5731 1.0000e-12  -65.84766  -71.37862 332.930906      99.98 3.2084e+02   7716.278     185192  1028.4246  1028.4241    34.5635    34.5627    7.66142         15 0.0000e+00
    167.000    165.286     1.8410  30.365876     1.8358  30.359643     4.0397     4.0794     0.0352    97.5897 1.0000e-12  -65.84765  -71.37862 332.930913      99.98 3.2084e+02   7716.892     185206  1028.4192  1028.4181    34.5609    34.5588    7.66426         14 0.0000e+00
    166.000    164.297     1.8330  30.356258     1.8304  30.353434     4.0409     4.0808     0.0358    97.5797 1.0000e-12  -65.84764  -71.37862 332.930921      99.98 3.2084e+02   7717.537     185222  1028.4131  1028.4127    34.5581    34.5574    7.66597         17 0.0000e+00
    165.000    163.308     1.8297  30.352536     1.8282  30.350507     4.0423     4.0829     0.0475    97.5594 1.0000e-12  -65.84764  -71.37860 332.930929      99.98 3.2084e+02   7718.272     185240  1028.4082  1028.4076    34.5576    34.5566    7.66662         19 0.0000e+00
    164.000    162.318     1.8364  30.359448     1.8358  30.358618     4.0345     4.0815     0.0431    97.5734 1.0000e-12  -65.84766  -71.37862 332.930942      99.98 3.2048e+02   7719.394     185266  1028.4042  1028.4040    34.5595    34.5592    7.66522         32 0.0000e+00
    163.000    161.329     1.8407  30.363824     1.8419  30.364677     4.0351     4.0866     0.0815    97.4960 1.0000e-12  -65.84766  -71.37864 332.930972      99.98 3.1968e+02   7722.016     185329  1028.4000  1028.3996    34.5610    34.5607    7.66433         40 0.0000e+00
    162.000    160.341     1.8376  30.359795     1.8394  30.361243     4.0734     4.1199     0.0451    97.5235 1.0000e-12  -65.84766  -71.37864 332.930990      99.98 3.2137e+02   7723.518     185365  1028.3947  1028.3944    34.5599    34.5597    7.66499         23 0.0000e+00
    161.000    159.351     1.8254  30.345704     1.8231  30.342495     4.0981     4.1318     0.0498    97.5209 1.0000e-12  -65.84766  -71.37862 332.930999      99.98 3.2263e+02   7724.348     185385  1028.3882  1028.3873    34.5560    34.5545    7.66755         19 0.0000e+00
    160.000    158.360     1.7891  30.308482     1.7748  30.293737     4.1018     4.1315     0.0437    97.5428 1.0000e-12  -65.84766  -71.37862 332.931008      99.98 3.2261e+02   7725.069     185403  1028.3820  1028.3811    34.5494    34.5464    7.67492         17 0.0000e+00
    159.000    157.372     1.7744  30.293432     1.7594  30.278209     4.0937     4.1252     0.0389    97.5477 1.0000e-12  -65.84765  -71.37862 332.931016      99.98 3.2430e+02   7725.785     185420  1028.3769  1028.3761    34.5471    34.5443    7.67790         18 0.0000e+00
    158.000    156.382     1.7597  30.278847     1.7527  30.271294     4.0930     4.1207     0.0450    97.5289 1.0000e-12  -65.84764  -71.37863 332.931026      99.98 3.2437e+02   7726.618     185440  1028.3721  1028.3712    34.5453    34.5434    7.68083         22 0.0000e+00
    157.000    155.392     1.7769  30.296100     1.7746  30.293084     4.0958     4.1315     0.1010    97.5390 1.0000e-12  -65.84765  -71.37864 332.931041      99.98 3.2437e+02   7727.983     185473  1028.3681  1028.3672    34.5489    34.5476    7.67731         37 0.0000e+00
    156.000    154.402     1.7762  30.293276     1.7723  30.290776     4.0985     4.1328     0.0564    97.5665 1.0000e-12  -65.84766  -71.37864 332.931068      99.98 3.2617e+02   7730.288     185528  1028.3613  1028.3626    34.5465    34.5478    7.67756         45 0.0000e+00
    155.000    153.415     1.7602  30.278555     1.7864  30.303439     4.1389     4.1647     0.0491    97.5512 1.0000e-12  -65.84766  -71.37864 332.931087      99.98 3.2853e+02   7731.953     185568  1028.3576  1028.3571    34.5461    34.5489    7.68069         32 0.0000e+00
    154.000    152.425     1.7429  30.257438     1.7411  30.255483     4.1957     4.2046     0.0717    97.5281 1.0000e-12  -65.84766  -71.37864 332.931100      99.98 3.2975e+02   7733.027     185594  1028.3489  1028.3489    34.5389    34.5385    7.68442         22 0.0000e+00
    153.000    151.435     1.6932  30.207715     1.6966  30.209968     4.2197     4.2251     0.0582    97.4963 1.0000e-12  -65.84766  -71.37864 332.931109      99.98 3.3142e+02   7733.832     185613  1028.3430  1028.3419    34.5311    34.5302    7.69449         17 0.0000e+00
    152.000    150.445     1.6721  30.184981     1.6692  30.181798     4.2155     4.2290     0.0627    97.4883 1.0000e-12  -65.84766  -71.37864 332.931117      99.98 3.3142e+02   7734.512     185629  1028.3363  1028.3359    34.5261    34.5252    7.69887         16 0.0000e+00
    151.000    149.458     1.6668  30.178496     1.6609  30.172443     4.2046     4.2271     0.0655    97.4520 1.0000e-12  -65.84764  -71.37864 332.931125      99.98 3.3315e+02   7735.157     185645  1028.3304  1028.3301    34.5242    34.5230    7.70000         15 0.0000e+00
    150.000    148.465     1.6545  30.165127     1.6447  30.154825     4.1969     4.2209     0.0532    97.4060 1.0000e-12  -65.84764  -71.37865 332.931132      77.02 3.3318e+02   7735.825     185661  1028.3245  1028.3236    34.5214    34.5190    7.70255         17 0.0000e+00
    149.000    147.477     1.6580  30.169186     1.6506  30.160739     4.1973     4.2237     0.0574    97.4178 1.0000e-12  -65.84764  -71.37866 332.931142      93.00 3.3318e+02   7736.636     185680  1028.3205  1028.3193    34.5232    34.5206    7.70176         23 0.0000e+00
    148.000    146.490     1.6674  30.176596     1.6625  30.172066     4.1782     4.2190     0.0610    97.4704 1.0000e-12  -65.84765  -71.37865 332.931164     100.10 3.3387e+02   7738.549     185726  1028.3142  1028.3142    34.5229    34.5225    7.69995         29 0.0000e+00
    147.000    145.497     1.6821  30.193021     1.6813  30.191476     4.1852     4.2311     0.0492    97.4555 1.0000e-12  -65.84766  -71.37864 332.931194      99.98 3.3514e+02   7741.177     185789  1028.3115  1028.3108    34.5281    34.5271    7.69681         33 0.0000e+00
    146.000    144.510     1.6570  30.166124     1.6596  30.168451     4.2207     4.2520     0.0752    97.4386 1.0000e-12  -65.84766  -71.37864 332.931209      99.98 3.3672e+02   7742.423     185819  1028.3046  1028.3043    34.5222    34.5223    7.70201         27 0.0000e+00
    145.000    143.520     1.6519  30.158239     1.6496  30.155295     4.2353     4.2767     0.0716    97.4551 1.0000e-12  -65.84764  -71.37866 332.931221      99.98 3.3671e+02   7743.489     185845  1028.2971  1028.2964    34.5184    34.5172    7.70321         24 0.0000e+00
    144.000    142.531     1.6345  30.137570     1.6300  30.132299     4.2673     4.2967     0.0654    97.4723 1.0000e-12  -65.84764  -71.37866 332.931232      99.98 3.3671e+02   7744.409     185867  1028.2889  1028.2879    34.5119    34.5102    7.70695         20 0.0000e+00
    143.000    141.540     1.6200  30.122259     1.6085  30.109922     4.2890     4.3053     0.0701    97.4546 1.0000e-12  -65.84764  -71.37866 332.931241      99.98 3.3671e+02   7745.201     185886  1028.2832  1028.2819    34.5089    34.5059    7.70993         18 0.0000e+00
    142.000    140.551     1.5951  30.096425     1.5868  30.087462     4.2874     4.2995     0.0938    97.4073 1.0000e-12  -65.84764  -71.37866 332.931249      99.98 3.3846e+02   7745.911     185903  1028.2770  1028.2760    34.5041    34.5018    7.71506         17 0.0000e+00
    141.000    139.563     1.5741  30.074715     1.5748  30.075125     4.2751     4.3027     0.1131    97.3672 1.0000e-12  -65.84764  -71.37866 332.931257      99.98 3.3847e+02   7746.629     185920  1028.2710  1028.2707    34.5001    34.4999    7.71937         18 0.0000e+00
    140.000    138.571     1.5654  30.065342     1.5649  30.064553     4.2845     4.3033     0.1352    97.3780 1.0000e-12  -65.84764  -71.37866 332.931267      99.97 3.3847e+02   7747.446     185940  1028.2656  1028.2652    34.4984    34.4980    7.72116         22 0.0000e+00
    139.000    137.583     1.5845  30.084659     1.5805  30.080427     4.2613     4.2947     0.1503    97.4063 1.0000e-12  -65.84764  -71.37866 332.931285      99.98 3.3847e+02   7748.980     185977  1028.2617  1028.2613    34.5025    34.5015    7.71721         40 0.0000e+00
    138.000    136.594     1.6048  30.104069     1.5993  30.099419     4.2658     4.3086     0.0854    97.2728 1.0000e-12  -65.84764  -71.37866 332.931316      99.98 3.3847e+02   7751.740     186043  1028.2569  1028.2575    34.5054    34.5056    7.71309         41 0.0000e+00
    137.000    135.604     1.5834  30.083083     1.5843  30.082835     4.3276     4.3534     0.1379    97.3717 1.0000e-12  -65.84764  -71.37866 332.931332      99.97 3.3847e+02   7753.066     186075  1028.2522  1028.2510    34.5030    34.5016    7.71741         25 0.0000e+00
    136.000    134.615     1.5545  30.051111     1.5534  30.049570     4.3527     4.3719     0.1370    97.3691 1.0000e-12  -65.84764  -71.37866 332.931343      99.98 3.3870e+02   7753.997     186097  1028.2437  1028.2432    34.4946    34.4939    7.72350         20 0.0000e+00
    135.000    133.625     1.5132  30.009553     1.5015  29.997848     4.3704     4.3840     0.0797    97.3677 1.0000e-12  -65.84764  -71.37866 332.931352      99.98 3.4025e+02   7754.799     186116  1028.2375  1028.2370    34.4877    34.4856    7.73196         19 0.0000e+00
    134.000    132.636     1.4947  29.990507     1.4921  29.987617     4.3741     4.3915     0.1047    97.3691 1.0000e-12  -65.84764  -71.37866 332.931361      99.98 3.4024e+02   7755.577     186135  1028.2317  1028.2313    34.4843    34.4836    7.73576         19 0.0000e+00
    133.000    131.645     1.4827  29.977862     1.4814  29.976168     4.3776     4.3950     0.1200    97.2248 1.0000e-12  -65.84764  -71.37866 332.931370      99.97 3.4024e+02   7756.389     186154  1028.2262  1028.2255    34.4821    34.4813    7.73825         20 0.0000e+00
    132.000    130.656     1.4767  29.971620     1.4740  29.968599     4.3701     4.3809     0.1577    97.3054 1.0000e-12  -65.84764  -71.37868 332.931381      99.98 3.4024e+02   7757.297     186176  1028.2211  1028.2206    34.4813    34.4804    7.73947         24 0.0000e+00
    131.000    129.666     1.4754  29.970878     1.4780  29.972167     4.3741     4.3736     0.1653    97.3604 1.0000e-12  -65.84764  -71.37868 332.931394      99.98 3.4024e+02   7758.417     186203  1028.2170  1028.2157    34.4824    34.4812    7.73967         31 0.0000e+00
    130.000    128.678     1.4676  29.960804     1.4992  29.993194     4.4094     4.4198     0.1042    97.2852 1.0000e-12  -65.84764  -71.37868 332.931411      99.97 3.4024e+02   7759.893     186238  1028.2097  1028.2116    34.4787    34.4852    7.74140         38 0.0000e+00
    129.000    127.688     1.4242  29.917773     1.4417  29.934353     4.4496     4.4750     0.1261    97.3267 1.0000e-12  -65.84764  -71.37868 332.931429      99.98 3.4024e+02   7761.485     186277  1028.2036  1028.2035    34.4722    34.4740    7.75028         36 0.0000e+00
    128.000    126.698     1.3960  29.889558     1.3825  29.875017     4.4754     4.5313     0.1626    97.2718 1.0000e-12  -65.84764  -71.37868 332.931447      99.98 3.4024e+02   7763.020     186313  1028.1977  1028.1963    34.4678    34.4641    7.75607         36 0.0000e+00
    127.000    125.709     1.3772  29.869736     1.3526  29.843828     4.5507     4.5930     0.1440    97.2791 1.0000e-12  -65.84764  -71.37868 332.931463      99.97 3.4024e+02   7764.374     186346  1028.1911  1028.1888    34.4638    34.4577    7.76000         28 0.0000e+00
    126.000    124.720     1.3477  29.839769     1.2892  29.782374     4.5814     4.6122     0.1109    97.2822 1.0000e-12  -65.84764  -71.37868 332.931475      99.98 3.3882e+02   7765.453     186372  1028.1848  1028.1834    34.4586    34.4496    7.76611         24 0.0000e+00
    125.000    123.730     1.2470  29.741924     1.2266  29.722266     4.8537     4.8049     0.1205    97.2676 1.0000e-12  -65.84764  -71.37868 332.931486      99.97 3.3848e+02   7766.360     186394  1028.1786  1028.1782    34.4449    34.4422    7.78679         21 0.0000e+00
    124.000    122.741     1.1924  29.688258     1.1332  29.631928     5.0208     4.9525     0.1464    97.1536 1.0000e-12  -65.84764  -71.37868 332.931496      99.98 3.3847e+02   7767.214     186414  1028.1723  1028.1720    34.4369    34.4298    7.79807         20 0.0000e+00
    123.000    121.751     1.0154  29.513767     0.9486  29.450659     4.9982     4.9672     0.1942    97.0755 1.0000e-12  -65.84764  -71.37868 332.931506      99.97 3.3847e+02   7768.075     186435  1028.1610  1028.1610    34.4084    34.4008    7.83507         21 0.0000e+00
    122.000    120.760     0.7820  29.299187     0.6503  29.170871     4.9341     4.9741     0.3969    97.1359 1.0000e-12  -65.84764  -71.37868 332.931517      99.97 3.3847e+02   7769.056     186458  1028.1617  1028.1569    34.3900    34.3694    7.88306         26 0.0000e+00
    121.000    119.772     0.9243  29.428201     0.8288  29.334458     4.8874     4.8612     0.1690    97.0980 1.0000e-12  -65.84764  -71.37868 332.931532      99.98 3.3847e+02   7770.339     186489  1028.1497  1028.1440    34.3999    34.3841    7.85382         37 0.0000e+00
    120.000    118.782     0.9038  29.417712     0.9509  29.449473     4.9457     5.0214     0.1553    97.1598 1.0000e-12  -65.84764  -71.37867 332.931553      99.98 3.3960e+02   7772.137     186532  1028.1528  1028.1382    34.4097    34.3986    7.85736         40 0.0000e+00
    119.000    117.793     0.8663  29.365561     0.6533  29.164595     5.4502     5.3139     0.1713    97.1076 1.0000e-12  -65.84764  -71.37867 332.931572      99.98 3.4063e+02   7773.827     186573  1028.1296  1028.1284    34.3841    34.3595    7.86646         29 0.0000e+00
    118.000    116.803     0.4400  28.975422     0.4159  28.946480     5.6371     5.4168     0.1575    97.0685 1.0000e-12  -65.84764  -71.37867 332.931584      99.97 3.4203e+02   7774.879     186598  1028.1353  1028.1272    34.3507    34.3396    7.95512         22 0.0000e+00
    117.000    115.814     0.2651  28.802580     0.2265  28.767581     5.6532     5.4155     0.1680    97.0630 1.0000e-12  -65.84764  -71.37867 332.931593      99.98 3.4200e+02   7775.682     186617  1028.1189  1028.1185    34.3195    34.3165    7.99305         18 0.0000e+00
    116.000    114.823     0.2056  28.746091     0.2014  28.742113     5.6039     5.4170     0.1746    97.0058 1.0000e-12  -65.84764  -71.37866 332.931603      99.97 3.4200e+02   7776.459     186636  1028.1113  1028.1098    34.3122    34.3116    8.00582         19 0.0000e+00
    115.000    113.834     0.2060  28.744922     0.2107  28.751824     5.5221     5.4248     0.2580    97.0057 1.0000e-12  -65.84764  -71.37866 332.931613      99.98 3.4200e+02   7777.378     186658  1028.1030  1028.1046    34.3108    34.3147    8.00581         27 0.0000e+00
    114.000    112.843     0.2664  28.808787     0.2944  28.830271     5.4257     5.4171     0.3049    96.8726 1.0000e-12  -65.84764  -71.37866 332.931637      99.97 3.4200e+02   7779.418     186707  1028.1030  1028.0972    34.3281    34.3250    7.99230         33 0.0000e+00
