NBP2113_155081_ctd/data/nbp2113_039.ros
* Sea-Bird SBE 9 Data File:
* FileName = D:\Data\raw\NBP2113_039.hex
* Software Version Seasave V 7.26.7.121
* Temperature SN = 2438
* Conductivity SN = 2067
* Number of Bytes Per Scan = 40
* Number of Voltage Words = 5
* Number of Scans Averaged by the Deck Unit = 1
* NMEA Latitude = 64 52.75 S
* NMEA Longitude = 063 56.20 W
* NMEA UTC (Time) = Dec 10 2021  11:48:20
* NMEA baud rate = 9600
** Ship: RVIB N.B. Palmer
** Cruise: NBP2113 LTER
** Station: 619.027
** Operator: B. Urmston
# nquan = 20
# nvalues = 1126                                  
# units = specified
# name 0 = prDM: Pressure, Digiquartz [db]
# name 1 = depSM: Depth [salt water, m]
# name 2 = t090C: Temperature [ITS-90, deg C]
# name 3 = c0mS/cm: Conductivity [mS/cm]
# name 4 = t190C: Temperature, 2 [ITS-90, deg C]
# name 5 = c1mS/cm: Conductivity, 2 [mS/cm]
# name 6 = sbeox0ML/L: Oxygen, SBE 43 [ml/l]
# name 7 = sbeox1ML/L: Oxygen, SBE 43, 2 [ml/l]
# name 8 = flECO-AFL: Fluorescence, WET Labs ECO-AFL/FL [mg/m^3]
# name 9 = CStarTr0: Beam Transmission, WET Labs C-Star [%]
# name 10 = par: PAR/Irradiance, Biospherical/Licor
# name 11 = latitude: Latitude [deg]
# name 12 = longitude: Longitude [deg]
# name 13 = timeJ: Julian Days
# name 14 = altM: Altimeter [m]
# name 15 = spar: SPAR, Biospherical/Licor
# name 16 = timeS: Time, Elapsed [seconds]
# name 17 = scan: Scan Count
# name 18 = nbf: Bottles Fired
# name 19 = flag:  0.000e+00
# interval = seconds: 0.0416667
# start_time = Dec 10 2021 11:48:20 [NMEA time, header]
# bad_flag = -9.990e-29
*END*
[from data line 942]
      4.633      4.588    -0.3363  27.889640    -0.3367  27.888329     7.8645     7.9596     1.1937    89.3094 1.0593e+02  -64.87848  -63.93680 344.509904      99.98 3.0850e+02   1555.708      37338         20  0.000e+00
      4.599      4.554    -0.3366  27.889927    -0.3369  27.888216     7.8628     7.9600     1.1937    89.3094 1.0563e+02  -64.87848  -63.93680 344.509905      99.95 3.0850e+02   1555.750      37339         20  0.000e+00
      4.647      4.601    -0.3364  27.890273    -0.3370  27.888104     7.8668     7.9551     1.1937    89.3094 1.0534e+02  -64.87848  -63.93680 344.509905      99.95 3.0850e+02   1555.792      37340         20  0.000e+00
      4.647      4.601    -0.3364  27.889928    -0.3370  27.887823     7.8619     7.9547     1.1937    89.3094 1.0504e+02  -64.87848  -63.93680 344.509905      99.98 3.0850e+02   1555.833      37341         20  0.000e+00
      4.585      4.540    -0.3363  27.889927    -0.3367  27.888329     7.8599     7.9541     1.1937    89.4124 1.0474e+02  -64.87848  -63.93680 344.509906      99.98 3.0850e+02   1555.875      37342         20  0.000e+00
      4.695      4.649    -0.3367  27.889985    -0.3372  27.888217     7.8596     7.9539     1.1937    89.4897 1.0415e+02  -64.87848  -63.93680 344.509906      99.98 3.0850e+02   1555.917      37343         20  0.000e+00
      4.647      4.601    -0.3367  27.889928    -0.3370  27.888104     7.8518     7.9588     1.1937    89.5154 1.0386e+02  -64.87848  -63.93680 344.509907      99.98 3.0850e+02   1555.958      37344         20  0.000e+00
      4.585      4.540    -0.3366  27.889985    -0.3370  27.888104     7.8542     7.9592     1.2084    89.5154 1.0327e+02  -64.87848  -63.93680 344.509907      99.98 3.0850e+02   1556.000      37345         20  0.000e+00
      4.695      4.649    -0.3366  27.890158    -0.3369  27.887823     7.8551     7.9596     1.2450    89.5154 1.0298e+02  -64.87848  -63.93680 344.509908      99.95 3.0850e+02   1556.042      37346         21  0.000e+00
      4.647      4.601    -0.3364  27.889640    -0.3371  27.887936     7.8559     7.9599     1.2524    89.4897 1.0240e+02  -64.87848  -63.93680 344.509908      99.95 3.0850e+02   1556.083      37347         21  0.000e+00
      4.688      4.642    -0.3367  27.890273    -0.3370  27.888610     7.8568     7.9548     1.2524    89.4897 1.0182e+02  -64.87848  -63.93680 344.509909      99.98 3.0850e+02   1556.125      37348         21  0.000e+00
      4.647      4.601    -0.3366  27.889928    -0.3369  27.887823     7.8506     7.9542     1.2524    89.4897 1.0124e+02  -64.87848  -63.93680 344.509909      99.98 3.0850e+02   1556.167      37349         21  0.000e+00
      4.647      4.601    -0.3364  27.889352    -0.3369  27.888104     7.8547     7.9590     1.2524    89.5154 1.0067e+02  -64.87848  -63.93680 344.509910      99.98 3.0850e+02   1556.208      37350         21  0.000e+00
      4.688      4.642    -0.3366  27.890273    -0.3367  27.888217     7.8557     7.9593     1.2524    89.5154 1.0010e+02  -64.87848  -63.93680 344.509910      99.95 3.0850e+02   1556.250      37351         21  0.000e+00
      4.695      4.649    -0.3366  27.889928    -0.3367  27.888104     7.8554     7.9595     1.2524    89.4897 9.9821e+01  -64.87848  -63.93680 344.509911      99.98 3.0850e+02   1556.292      37352         21  0.000e+00
      4.695      4.649    -0.3367  27.889928    -0.3366  27.888329     7.8493     7.9596     1.2524    89.5154 9.9258e+01  -64.87848  -63.93680 344.509911      99.98 3.0850e+02   1556.333      37353         21  0.000e+00
      4.688      4.642    -0.3366  27.890273    -0.3369  27.888104     7.8591     7.9599     1.2524    89.5154 9.8697e+01  -64.87848  -63.93680 344.509912      99.98 3.0850e+02   1556.375      37354         21  0.000e+00
      4.695      4.649    -0.3366  27.890158    -0.3369  27.887936     7.8558     7.9600     1.2524    89.5154 9.8418e+01  -64.87848  -63.93680 344.509912      99.98 3.0850e+02   1556.417      37355         21  0.000e+00
      4.695      4.649    -0.3367  27.889640    -0.3370  27.888610     7.8569     7.9600     1.2524    89.4897 9.8140e+01  -64.87848  -63.93680 344.509913      99.98 3.0850e+02   1556.458      37356         21  0.000e+00
      4.736      4.690    -0.3366  27.889985    -0.3369  27.888329     7.8523     7.9601     1.2524    89.4897 9.7863e+01  -64.87848  -63.93680 344.509913      99.98 3.0850e+02   1556.500      37357         21  0.000e+00
      4.695      4.649    -0.3366  27.889928    -0.3367  27.888104     7.8566     7.9546     1.2524    89.5154 9.7586e+01  -64.87848  -63.93680 344.509914      99.98 3.0850e+02   1556.542      37358         21  0.000e+00
      4.750      4.703    -0.3367  27.889928    -0.3368  27.888442     7.8566     7.9538     1.2524    89.5154 9.7310e+01  -64.87848  -63.93680 344.509914      99.95 3.0850e+02   1556.583      37359         21  0.000e+00
      4.736      4.690    -0.3366  27.889985    -0.3366  27.888610     7.8636     7.9529     1.2524    89.5154 9.7035e+01  -64.87848  -63.93680 344.509915      99.95 3.0850e+02   1556.625      37360         21  0.000e+00
      4.750      4.703    -0.3366  27.890158    -0.3369  27.888329     7.8604     7.9585     1.2524    89.4897 9.6761e+01  -64.87848  -63.93680 344.509915      99.98 3.0850e+02   1556.667      37361         21  0.000e+00
      4.750      4.703    -0.3364  27.889928    -0.3369  27.888104     7.8560     7.9585     1.2524    89.4382 9.6761e+01  -64.87848  -63.93680 344.509916      99.98 3.0850e+02   1556.708      37362         21  0.000e+00
      4.736      4.690    -0.3366  27.890273    -0.3369  27.888442     7.8547     7.9530     1.2524    89.3609 9.6487e+01  -64.87848  -63.93680 344.509916      99.95 3.0850e+02   1556.750      37363         21  0.000e+00
      4.798      4.751    -0.3364  27.889928    -0.3370  27.888329     7.8593     7.9522     1.2524    89.3352 9.6487e+01  -64.87848  -63.93680 344.509917      99.95 3.0850e+02   1556.792      37364         21  0.000e+00
      4.750      4.703    -0.3367  27.889985    -0.3368  27.888329     7.8536     7.9512     1.2524    89.3609 9.6487e+01  -64.87848  -63.93680 344.509917      99.98 3.0850e+02   1556.833      37365         21  0.000e+00
      4.791      4.744    -0.3366  27.889928    -0.3369  27.888105     7.8525     7.9567     1.2524    89.3609 9.6487e+01  -64.87848  -63.93680 344.509918      99.98 3.0850e+02   1556.875      37366         21  0.000e+00
      4.798      4.751    -0.3366  27.890158    -0.3369  27.888217     7.8514     7.9513     1.2524    89.3609 9.6487e+01  -64.87848  -63.93680 344.509918      99.98 3.0850e+02   1556.917      37367         21  0.000e+00
      4.798      4.751    -0.3367  27.889468    -0.3370  27.888105     7.8504     7.9558     1.2524    89.3609 9.6215e+01  -64.87848  -63.93680 344.509918      99.98 3.0850e+02   1556.958      37368         21  0.000e+00
      4.791      4.744    -0.3364  27.890158    -0.3370  27.888105     7.8551     7.9503     1.2524    89.3609 9.6215e+01  -64.87848  -63.93680 344.509919      99.98 3.0850e+02   1557.000      37369         21  0.000e+00
      4.853      4.805    -0.3366  27.889928    -0.3370  27.888330     7.8569     7.9495     1.2524    89.3352 9.6215e+01  -64.87848  -63.93680 344.509919      99.98 3.0850e+02   1557.042      37370         21  0.000e+00
      4.798      4.751    -0.3367  27.889986    -0.3370  27.888217     7.8515     7.9485     1.2524    89.3609 9.5943e+01  -64.87848  -63.93680 344.509920      99.95 3.0850e+02   1557.083      37371         21  0.000e+00
      4.839      4.791    -0.3366  27.889640    -0.3370  27.888105     7.8507     7.9476     1.2524    89.3352 9.5943e+01  -64.87848  -63.93680 344.509920      99.98 3.0850e+02   1557.125      37372         21  0.000e+00
      4.853      4.805    -0.3364  27.889928    -0.3367  27.888105     7.8484     7.9467     1.2524    89.3609 9.5943e+01  -64.87848  -63.93680 344.509921      99.98 3.0850e+02   1557.167      37373         21  0.000e+00
      4.853      4.805    -0.3364  27.889986    -0.3370  27.888330     7.8520     7.9467     1.2524    89.3609 9.5943e+01  -64.87848  -63.93680 344.509921      99.98 3.0850e+02   1557.208      37374         21  0.000e+00
      4.887      4.839    -0.3366  27.890158    -0.3369  27.888217     7.8525     7.9467     1.2524    89.3609 9.5943e+01  -64.87848  -63.93680 344.509922      99.93 3.0850e+02   1557.250      37375         21  0.000e+00
      4.798      4.751    -0.3366  27.889928    -0.3367  27.888329     7.8471     7.9520     1.2524    89.3609 9.5671e+01  -64.87848  -63.93680 344.509922      99.95 3.0850e+02   1557.292      37376         21  0.000e+00
      4.901      4.853    -0.3364  27.889986    -0.3371  27.888330     7.8463     7.9477     1.2524    89.3609 9.5671e+01  -64.87848  -63.93680 344.509923      99.98 3.0850e+02   1557.333      37377         21  0.000e+00
      4.901      4.853    -0.3366  27.889928    -0.3369  27.888217     7.8513     7.9468     1.2524    89.3609 9.5671e+01  -64.87848  -63.93680 344.509923      99.98 3.0850e+02   1557.375      37378         21  0.000e+00
      4.887      4.839    -0.3367  27.890158    -0.3370  27.888105     7.8475     7.9523     1.2524    89.3609 9.5401e+01  -64.87848  -63.93680 344.509924      99.98 3.0850e+02   1557.417      37379         21  0.000e+00
      4.901      4.853    -0.3364  27.890274    -0.3369  27.888330     7.8525     7.9532     1.2524    89.3609 9.5401e+01  -64.87848  -63.93680 344.509924      99.98 3.0850e+02   1557.458      37380         21  0.000e+00
      4.853      4.805    -0.3366  27.890158    -0.3369  27.888330     7.8474     7.9532     1.2524    89.3609 9.5401e+01  -64.87848  -63.93680 344.509925      99.98 3.0850e+02   1557.500      37381         21  0.000e+00
      4.942      4.893    -0.3367  27.890159    -0.3371  27.888442     7.8469     7.9479     1.2524    89.3867 9.5671e+01  -64.87848  -63.93680 344.509925      99.95 3.0850e+02   1557.542      37382         21  0.000e+00
      4.901      4.853    -0.3369  27.889986    -0.3370  27.888105     7.8522     7.9479     1.2524    89.4639 9.5671e+01  -64.87848  -63.93680 344.509926      99.95 3.0850e+02   1557.583      37383         21  0.000e+00
      4.901      4.853    -0.3369  27.889928    -0.3372  27.888330     7.8543     7.9480     1.2524    89.4897 9.5671e+01  -64.87848  -63.93680 344.509926      99.98 3.0850e+02   1557.625      37384         22  0.000e+00
      4.942      4.893    -0.3370  27.890274    -0.3370  27.888105     7.8494     7.9527     1.2524    89.4897 9.5671e+01  -64.87848  -63.93680 344.509927      99.98 3.0850e+02   1557.667      37385         22  0.000e+00
      4.901      4.853    -0.3367  27.889928    -0.3370  27.888442     7.8489     7.9472     1.2524    89.4897 9.5943e+01  -64.87848  -63.93680 344.509927      99.98 3.0850e+02   1557.708      37386         22  0.000e+00
      4.949      4.900    -0.3369  27.889928    -0.3370  27.888105     7.8486     7.9474     1.2524    89.4897 9.5943e+01  -64.87848  -63.93680 344.509928      99.93 3.0850e+02   1557.750      37387         22  0.000e+00
      4.990      4.941    -0.3369  27.889986    -0.3371  27.888105     7.8541     7.9530     1.2524    89.4897 9.6215e+01  -64.87846  -63.93680 344.509928      99.95 3.0850e+02   1557.792      37388         22  0.000e+00
      4.901      4.853    -0.3367  27.889641    -0.3369  27.888330     7.8506     7.9529     1.2524    89.4897 9.6215e+01  -64.87846  -63.93680 344.509929      99.98 3.0850e+02   1557.833      37389         22  0.000e+00
      5.003      4.954    -0.3369  27.889641    -0.3372  27.888218     7.8505     7.9531     1.2524    89.4897 9.6487e+01  -64.87846  -63.93680 344.509929      99.98 3.0850e+02   1557.875      37390         22  0.000e+00
      4.942      4.893    -0.3367  27.889986    -0.3369  27.888105     7.8502     7.9475     1.2524    89.4897 9.6487e+01  -64.87846  -63.93680 344.509930      99.98 3.0850e+02   1557.917      37391         22  0.000e+00
      4.949      4.900    -0.3367  27.889641    -0.3372  27.888330     7.8501     7.9522     1.2524    89.4897 9.6761e+01  -64.87846  -63.93680 344.509930      99.98 3.0850e+02   1557.958      37392         22  0.000e+00
      4.949      4.900    -0.3370  27.889928    -0.3369  27.887824     7.8487     7.9476     1.2524    89.4897 9.7035e+01  -64.87846  -63.93680 344.509931      99.98 3.0850e+02   1558.000      37393         22  0.000e+00
      4.990      4.941    -0.3369  27.889756    -0.3370  27.888442     7.8545     7.9476     1.2524    89.4897 9.7310e+01  -64.87846  -63.93680 344.509931      99.95 3.0850e+02   1558.042      37394         22  0.000e+00
      4.949      4.900    -0.3369  27.889928    -0.3370  27.888105     7.8499     7.9477     1.2524    89.4897 9.7586e+01  -64.87846  -63.93680 344.509932      99.95 3.0850e+02   1558.083      37395         22  0.000e+00
      4.949      4.900    -0.3367  27.889641    -0.3370  27.888105     7.8499     7.9532     1.2524    89.4897 9.7863e+01  -64.87846  -63.93680 344.509932      99.98 3.0850e+02   1558.125      37396         22  0.000e+00
      4.990      4.941    -0.3366  27.890274    -0.3370  27.888330     7.8442     7.9479     1.2524    89.4897 9.7863e+01  -64.87846  -63.93680 344.509932      99.98 3.0850e+02   1558.167      37397         22  0.000e+00
      5.003      4.954    -0.3367  27.890159    -0.3369  27.888217     7.8475     7.9471     1.2230    89.4897 9.8418e+01  -64.87846  -63.93680 344.509933      99.98 3.0850e+02   1558.208      37398         22  0.000e+00
      4.949      4.900    -0.3367  27.889928    -0.3372  27.888330     7.8476     7.9472     1.1864    89.4897 9.8418e+01  -64.87846  -63.93680 344.509933      99.93 3.0850e+02   1558.250      37399         22  0.000e+00
      4.990      4.941    -0.3366  27.889986    -0.3371  27.888330     7.8478     7.9528     1.1864    89.4897 9.8697e+01  -64.87846  -63.93680 344.509934      99.95 3.0850e+02   1558.292      37400         22  0.000e+00
      4.901      4.853    -0.3367  27.889641    -0.3372  27.888330     7.8423     7.9537     1.1864    89.4897 9.8977e+01  -64.87846  -63.93680 344.509934      99.98 3.0850e+02   1558.333      37401         22  0.000e+00
      5.004      4.954    -0.3366  27.890159    -0.3369  27.888442     7.8458     7.9547     1.1864    89.4639 9.8977e+01  -64.87846  -63.93680 344.509935      99.98 3.0850e+02   1558.375      37402         22  0.000e+00
      4.990      4.941    -0.3367  27.889756    -0.3370  27.888611     7.8476     7.9503     1.1864    89.4382 9.9258e+01  -64.87846  -63.93680 344.509935      99.98 3.0850e+02   1558.417      37403         22  0.000e+00
      4.949      4.900    -0.3370  27.889353    -0.3370  27.888105     7.8481     7.9505     1.1864    89.4382 9.9539e+01  -64.87846  -63.93680 344.509936      99.98 3.0850e+02   1558.458      37404         22  0.000e+00
      4.949      4.900    -0.3367  27.889986    -0.3370  27.888105     7.8486     7.9561     1.1864    89.4382 9.9821e+01  -64.87846  -63.93680 344.509936      99.98 3.0850e+02   1558.500      37405         22  0.000e+00
      4.990      4.941    -0.3367  27.890159    -0.3371  27.888442     7.8478     7.9518     1.1864    89.4124 9.9821e+01  -64.87846  -63.93680 344.509937      99.95 3.0850e+02   1558.542      37406         22  0.000e+00
      4.949      4.900    -0.3370  27.890159    -0.3372  27.888105     7.8484     7.9511     1.1864    89.4382 1.0010e+02  -64.87846  -63.93680 344.509937      99.95 3.0850e+02   1558.583      37407         22  0.000e+00
      4.949      4.900    -0.3367  27.889756    -0.3369  27.888105     7.8548     7.9504     1.1864    89.4382 1.0010e+02  -64.87846  -63.93680 344.509938      99.98 3.0850e+02   1558.625      37408         22  0.000e+00
