NBP2113_155081_ctd/data/nbp2113_028.ros
* Sea-Bird SBE 9 Data File:
* FileName = D:\Data\raw\NBP2113_028.hex
* Software Version Seasave V 7.26.7.121
* Temperature SN = 2438
* Conductivity SN = 2067
* Number of Bytes Per Scan = 40
* Number of Voltage Words = 5
* Number of Scans Averaged by the Deck Unit = 1
* NMEA Latitude = 68 01.84 S
* NMEA Longitude = 069 17.14 W
* NMEA UTC (Time) = Dec 04 2021  16:43:12
* NMEA baud rate = 9600
** Ship: RVIB N.B. Palmer
** Cruise: NBP2113 LTER
** Station: 200.-040
** Operator: S. Blackman
# nquan = 20
# nvalues = 1176                                  
# units = specified
# name 0 = prDM: Pressure, Digiquartz [db]
# name 1 = depSM: Depth [salt water, m]
# name 2 = t090C: Temperature [ITS-90, deg C]
# name 3 = c0mS/cm: Conductivity [mS/cm]
# name 4 = t190C: Temperature, 2 [ITS-90, deg C]
# name 5 = c1mS/cm: Conductivity, 2 [mS/cm]
# name 6 = sbeox0ML/L: Oxygen, SBE 43 [ml/l]
# name 7 = sbeox1ML/L: Oxygen, SBE 43, 2 [ml/l]
# name 8 = flECO-AFL: Fluorescence, WET Labs ECO-AFL/FL [mg/m^3]
# name 9 = CStarTr0: Beam Transmission, WET Labs C-Star [%]
# name 10 = par: PAR/Irradiance, Biospherical/Licor
# name 11 = latitude: Latitude [deg]
# name 12 = longitude: Longitude [deg]
# name 13 = timeJ: Julian Days
# name 14 = altM: Altimeter [m]
# name 15 = spar: SPAR, Biospherical/Licor
# name 16 = timeS: Time, Elapsed [seconds]
# name 17 = scan: Scan Count
# name 18 = nbf: Bottles Fired
# name 19 = flag:  0.000e+00
# interval = seconds: 0.0416667
# start_time = Dec 04 2021 16:43:12 [NMEA time, header]
# bad_flag = -9.990e-29
*END*
[from data line 507]
     15.456     15.300    -0.8448  27.449012    -0.8437  27.448574     8.3246     8.3977     1.4648    88.8202 5.6440e+01  -68.03068  -69.28588 338.708889      99.98 1.1635e+03   1056.000      25345         11  0.000e+00
     15.435     15.280    -0.8448  27.449069    -0.8437  27.448574     8.3286     8.4028     1.4648    88.8202 5.6279e+01  -68.03068  -69.28588 338.708889      99.95 1.1635e+03   1056.042      25346         11  0.000e+00
     15.503     15.348    -0.8451  27.448726    -0.8436  27.448574     8.3282     8.4034     1.4721    88.8202 5.6279e+01  -68.03068  -69.28588 338.708890      99.95 1.1635e+03   1056.083      25347         11  0.000e+00
     15.490     15.334    -0.8450  27.449183    -0.8438  27.448965     8.3217     8.4038     1.4721    88.8202 5.6279e+01  -68.03068  -69.28588 338.708890      99.98 1.1635e+03   1056.125      25348         11  0.000e+00
     15.490     15.334    -0.8452  27.449012    -0.8438  27.448574     8.3214     8.4042     1.4721    88.8717 5.6279e+01  -68.03068  -69.28588 338.708891      99.98 1.1635e+03   1056.167      25349         11  0.000e+00
     15.504     15.348    -0.8453  27.448897    -0.8438  27.448518     8.3240     8.4046     1.4795    88.9232 5.6279e+01  -68.03068  -69.28588 338.708891      99.95 1.1635e+03   1056.208      25350         11  0.000e+00
     15.490     15.334    -0.8454  27.448554    -0.8440  27.448406     8.3283     8.4050     1.4721    88.9232 5.6119e+01  -68.03068  -69.28588 338.708892      99.93 1.1635e+03   1056.250      25351         11  0.000e+00
     15.504     15.348    -0.8460  27.448554    -0.8440  27.448909     8.3374     8.4052     1.4721    88.9232 5.6119e+01  -68.03068  -69.28588 338.708892      99.98 1.1635e+03   1056.292      25352         11  0.000e+00
     15.538     15.382    -0.8454  27.448611    -0.8432  27.449747     8.3406     8.4053     1.4721    88.9232 5.6119e+01  -68.03068  -69.28588 338.708893      99.98 1.1635e+03   1056.333      25353         11  0.000e+00
     15.504     15.348    -0.8447  27.448783    -0.8429  27.450082     8.3496     8.4054     1.4721    88.9232 5.6119e+01  -68.03068  -69.28588 338.708893      99.98 1.1635e+03   1056.375      25354         11  0.000e+00
     15.593     15.436    -0.8445  27.448497    -0.8425  27.449971     8.3457     8.4056     1.4721    88.9232 5.5960e+01  -68.03068  -69.28588 338.708894      99.98 1.1635e+03   1056.417      25355         11  0.000e+00
     15.538     15.382    -0.8442  27.447753    -0.8426  27.450250     8.3462     8.4057     1.4721    88.9232 5.5960e+01  -68.03068  -69.28588 338.708894      99.98 1.1635e+03   1056.458      25356         11  0.000e+00
     15.558     15.402    -0.8453  27.446781    -0.8426  27.450418     8.3382     8.4058     1.4721    88.9489 5.5960e+01  -68.03068  -69.28588 338.708895      99.98 1.1635e+03   1056.500      25357         11  0.000e+00
     15.538     15.382    -0.8457  27.447696    -0.8424  27.450809     8.3417     8.4058     1.4721    88.9232 5.5960e+01  -68.03068  -69.28588 338.708895      99.95 1.1635e+03   1056.542      25358         11  0.000e+00
     15.606     15.450    -0.8439  27.449641    -0.8420  27.450921     8.3344     8.4058     1.4795    88.9232 5.5960e+01  -68.03068  -69.28588 338.708896      99.95 1.1635e+03   1056.583      25359         11  0.000e+00
     15.593     15.436    -0.8427  27.450957    -0.8419  27.450921     8.3302     8.4058     1.4795    88.9232 5.5960e+01  -68.03068  -69.28588 338.708896      99.98 1.1635e+03   1056.625      25360         11  0.000e+00
     15.606     15.450    -0.8420  27.451415    -0.8418  27.451088     8.3261     8.4057     1.4721    88.9232 5.5960e+01  -68.03068  -69.28588 338.708897      99.98 1.1635e+03   1056.667      25361         11  0.000e+00
     15.593     15.436    -0.8419  27.451873    -0.8420  27.450809     8.3294     8.4057     1.4721    88.9232 5.5801e+01  -68.03068  -69.28588 338.708897      99.95 1.1617e+03   1056.708      25362         11  0.000e+00
     15.606     15.450    -0.8417  27.452044    -0.8419  27.451200     8.3237     8.4056     1.4721    88.9232 5.5801e+01  -68.03068  -69.28588 338.708898      99.95 1.1617e+03   1056.750      25363         11  0.000e+00
     15.641     15.484    -0.8422  27.451644    -0.8416  27.451256     8.3228     8.4054     1.4721    88.9232 5.5801e+01  -68.03068  -69.28588 338.708898      99.98 1.1617e+03   1056.792      25364         11  0.000e+00
     15.593     15.436    -0.8420  27.451873    -0.8419  27.451144     8.3216     8.4052     1.4721    88.9232 5.5801e+01  -68.03068  -69.28588 338.708899      99.98 1.1617e+03   1056.833      25365         11  0.000e+00
     15.606     15.450    -0.8419  27.452216    -0.8416  27.451200     8.3265     8.4050     1.4721    88.9232 5.5801e+01  -68.03068  -69.28588 338.708899      99.98 1.1617e+03   1056.875      25366         11  0.000e+00
     15.641     15.484    -0.8420  27.452273    -0.8415  27.451368     8.3298     8.4047     1.4721    88.9232 5.5801e+01  -68.03068  -69.28588 338.708899      99.98 1.1617e+03   1056.917      25367         11  0.000e+00
     15.661     15.504    -0.8419  27.452102    -0.8419  27.451089     8.3259     8.4045     1.4795    88.9232 5.5642e+01  -68.03068  -69.28588 338.708900      99.98 1.1617e+03   1056.958      25368         11  0.000e+00
     15.641     15.484    -0.8422  27.451816    -0.8420  27.450697     8.3252     8.4042     1.4721    88.8459 5.5642e+01  -68.03068  -69.28588 338.708900      99.98 1.1617e+03   1057.000      25369         11  0.000e+00
     15.661     15.504    -0.8425  27.451758    -0.8420  27.450865     8.3246     8.4039     1.4648    88.7429 5.5642e+01  -68.03068  -69.28588 338.708901      99.93 1.1617e+03   1057.042      25370         11  0.000e+00
     15.641     15.484    -0.8420  27.451358    -0.8417  27.451089     8.3298     8.4034     1.4575    88.7172 5.5642e+01  -68.03068  -69.28588 338.708901      99.95 1.1617e+03   1057.083      25371         11  0.000e+00
     15.689     15.531    -0.8422  27.451587    -0.8416  27.451368     8.3351     8.4029     1.4575    88.7172 5.5642e+01  -68.03068  -69.28588 338.708902      99.98 1.1617e+03   1057.125      25372         11  0.000e+00
     15.607     15.450    -0.8422  27.452102    -0.8413  27.451033     8.3414     8.4023     1.4575    88.7172 5.5642e+01  -68.03068  -69.28588 338.708902      99.98 1.1617e+03   1057.167      25373         11  0.000e+00
     15.743     15.585    -0.8420  27.452274    -0.8419  27.450921     8.3374     8.4021     1.4575    88.7172 5.5642e+01  -68.03068  -69.28588 338.708903      99.95 1.1617e+03   1057.208      25374         11  0.000e+00
     15.607     15.450    -0.8420  27.452273    -0.8420  27.451088     8.3390     8.4014     1.4575    88.7172 5.5642e+01  -68.03068  -69.28588 338.708903      99.95 1.1617e+03   1057.250      25375         11  0.000e+00
     15.689     15.531    -0.8420  27.452102    -0.8420  27.450977     8.3334     8.4009     1.4575    88.7172 5.5484e+01  -68.03068  -69.28588 338.708904      99.98 1.1617e+03   1057.292      25376         11  0.000e+00
     15.594     15.437    -0.8414  27.451873    -0.8432  27.449356     8.3252     8.3977     1.3476    88.7429 5.6923e+01  -68.03068  -69.28590 338.708927      99.95 1.1600e+03   1059.292      25424         12  0.000e+00
     15.539     15.383    -0.8419  27.451586    -0.8435  27.449077     8.3215     8.3973     1.3476    88.7429 5.6923e+01  -68.03068  -69.28590 338.708927      99.98 1.1600e+03   1059.333      25425         12  0.000e+00
     15.559     15.403    -0.8420  27.451701    -0.8438  27.449077     8.3211     8.3905     1.3476    88.7429 5.7086e+01  -68.03068  -69.28590 338.708928      99.98 1.1600e+03   1059.375      25426         12  0.000e+00
     15.594     15.437    -0.8424  27.451186    -0.8439  27.449300     8.3207     8.3947     1.3549    88.7429 5.7086e+01  -68.03068  -69.28590 338.708928      99.98 1.1600e+03   1059.417      25427         12  0.000e+00
     15.505     15.349    -0.8425  27.451357    -0.8435  27.449915     8.3217     8.3941     1.3549    88.7429 5.7248e+01  -68.03068  -69.28590 338.708929      99.98 1.1600e+03   1059.458      25428         12  0.000e+00
     15.539     15.383    -0.8425  27.451300    -0.8428  27.449971     8.3215     8.3935     1.3476    88.7172 5.7248e+01  -68.03068  -69.28590 338.708929      99.98 1.1600e+03   1059.500      25429         12  0.000e+00
     15.505     15.349    -0.8430  27.451071    -0.8423  27.450474     8.3140     8.3929     1.3476    88.7172 5.7248e+01  -68.03068  -69.28590 338.708930      99.95 1.1600e+03   1059.542      25430         12  0.000e+00
     15.491     15.335    -0.8428  27.450556    -0.8420  27.450641     8.3110     8.3924     1.3476    88.6914 5.7411e+01  -68.03068  -69.28590 338.708930      99.95 1.1600e+03   1059.583      25431         12  0.000e+00
     15.491     15.335    -0.8425  27.451014    -0.8421  27.450865     8.3153     8.3919     1.3549    88.6914 5.7248e+01  -68.03068  -69.28590 338.708931      99.98 1.1600e+03   1059.625      25432         12  0.000e+00
     15.560     15.403    -0.8424  27.451815    -0.8420  27.450921     8.3137     8.3915     1.3549    88.6914 5.7411e+01  -68.03068  -69.28590 338.708931      99.98 1.1600e+03   1059.667      25433         12  0.000e+00
     15.491     15.336    -0.8414  27.452216    -0.8417  27.451088     8.3061     8.3854     1.3476    88.6914 5.7411e+01  -68.03068  -69.28590 338.708932      99.95 1.1600e+03   1059.708      25434         12  0.000e+00
     15.457     15.302    -0.8414  27.452673    -0.8415  27.450809     8.3032     8.3905     1.3476    88.6914 5.7411e+01  -68.03068  -69.28590 338.708932      99.95 1.1600e+03   1059.750      25435         12  0.000e+00
     15.491     15.336    -0.8411  27.452845    -0.8419  27.450641     8.3091     8.3912     1.3476    88.6914 5.7411e+01  -68.03068  -69.28590 338.708933      99.95 1.1600e+03   1059.792      25436         12  0.000e+00
     15.457     15.302    -0.8411  27.452387    -0.8421  27.450473     8.3108     8.3909     1.3476    88.6914 5.7575e+01  -68.03068  -69.28590 338.708933      99.98 1.1600e+03   1059.833      25437         12  0.000e+00
     15.491     15.336    -0.8411  27.452845    -0.8416  27.450809     8.3052     8.3914     1.3476    88.6914 5.7575e+01  -68.03068  -69.28590 338.708934      99.98 1.1600e+03   1059.875      25438         12  0.000e+00
     15.409     15.254    -0.8408  27.453074    -0.8421  27.450753     8.3040     8.3911     1.3549    88.6914 5.7575e+01  -68.03068  -69.28590 338.708934      99.98 1.1600e+03   1059.917      25439         12  0.000e+00
     15.491     15.336    -0.8408  27.453074    -0.8424  27.450641     8.3091     8.3910     1.3549    88.6914 5.7739e+01  -68.03068  -69.28590 338.708935      99.98 1.1600e+03   1059.958      25440         12  0.000e+00
     15.436     15.281    -0.8409  27.452902    -0.8423  27.450473     8.3097     8.3906     1.3549    88.6914 5.7739e+01  -68.03068  -69.28590 338.708935      99.98 1.1600e+03   1060.000      25441         12  0.000e+00
     15.457     15.302    -0.8407  27.452845    -0.8420  27.450976     8.3044     8.3902     1.3476    88.6914 5.7739e+01  -68.03068  -69.28590 338.708936      99.95 1.1600e+03   1060.042      25442         12  0.000e+00
     15.437     15.281    -0.8406  27.453188    -0.8418  27.450641     8.2964     8.3899     1.3476    88.6914 5.7903e+01  -68.03068  -69.28590 338.708936      99.95 1.1600e+03   1060.083      25443         12  0.000e+00
     15.409     15.254    -0.8409  27.453188    -0.8420  27.450194     8.3049     8.3906     1.3549    88.6914 5.7903e+01  -68.03068  -69.28590 338.708937      99.98 1.1600e+03   1060.125      25444         12  0.000e+00
     15.389     15.234    -0.8407  27.453074    -0.8424  27.449970     8.2983     8.3858     1.3476    88.7172 5.7903e+01  -68.03068  -69.28590 338.708937      99.98 1.1600e+03   1060.167      25445         12  0.000e+00
     15.409     15.254    -0.8408  27.452902    -0.8427  27.449859     8.2965     8.3903     1.3476    88.6914 5.8068e+01  -68.03068  -69.28590 338.708938      99.95 1.1600e+03   1060.208      25446         12  0.000e+00
     15.437     15.282    -0.8409  27.452845    -0.8429  27.450026     8.2947     8.3902     1.3476    88.6914 5.8068e+01  -68.03068  -69.28590 338.708938      99.93 1.1600e+03   1060.250      25447         12  0.000e+00
     15.389     15.234    -0.8408  27.452845    -0.8428  27.449970     8.3016     8.3899     1.3622    88.6914 5.8068e+01  -68.03068  -69.28590 338.708939      99.95 1.1600e+03   1060.292      25448         12  0.000e+00
     15.409     15.255    -0.8408  27.452616    -0.8425  27.450082     8.2969     8.3842     1.4208    88.6914 5.8068e+01  -68.03068  -69.28590 338.708939      99.98 1.1600e+03   1060.333      25449         12  0.000e+00
     15.389     15.234    -0.8411  27.452158    -0.8426  27.449803     8.2895     8.3887     1.4428    88.6914 5.8233e+01  -68.03068  -69.28590 338.708940      99.98 1.1600e+03   1060.375      25450         12  0.000e+00
     15.355     15.200    -0.8424  27.451243    -0.8434  27.449020     8.2870     8.3841     1.4428    88.6657 5.8233e+01  -68.03068  -69.28590 338.708940      99.98 1.1600e+03   1060.417      25451         12  0.000e+00
     15.389     15.234    -0.8427  27.450785    -0.8441  27.447903     8.2932     8.3844     1.4428    88.6657 5.8233e+01  -68.03068  -69.28590 338.708940      99.98 1.1600e+03   1060.458      25452         12  0.000e+00
     15.409     15.255    -0.8428  27.450556    -0.8447  27.447121     8.2950     8.3846     1.4428    88.6657 5.8399e+01  -68.03068  -69.28590 338.708941      99.98 1.1600e+03   1060.500      25453         12  0.000e+00
     15.341     15.187    -0.8436  27.449870    -0.8455  27.447065     8.2970     8.3839     1.4428    88.6657 5.8399e+01  -68.03068  -69.28590 338.708941      99.95 1.1600e+03   1060.542      25454         12  0.000e+00
     15.355     15.200    -0.8444  27.449297    -0.8458  27.446785     8.2979     8.3841     1.4428    88.6657 5.8399e+01  -68.03068  -69.28590 338.708942      99.95 1.1600e+03   1060.583      25455         12  0.000e+00
     15.389     15.234    -0.8447  27.449355    -0.8460  27.446786     8.3060     8.3844     1.4428    88.6657 5.8399e+01  -68.03068  -69.28590 338.708942      99.98 1.1600e+03   1060.625      25456         12  0.000e+00
     15.341     15.187    -0.8442  27.449755    -0.8459  27.446953     8.3081     8.3846     1.4428    88.6657 5.8399e+01  -68.03068  -69.28590 338.708943      99.98 1.1600e+03   1060.667      25457         12  0.000e+00
     15.409     15.255    -0.8438  27.450099    -0.8452  27.447456     8.3104     8.3840     1.4428    88.6914 5.8566e+01  -68.03068  -69.28590 338.708943      99.95 1.1600e+03   1060.708      25458         12  0.000e+00
     15.286     15.133    -0.8434  27.449984    -0.8447  27.448126     8.3066     8.3832     1.4428    88.6657 5.8566e+01  -68.03068  -69.28590 338.708944      99.93 1.1600e+03   1060.750      25459         12  0.000e+00
     15.355     15.201    -0.8440  27.449526    -0.8442  27.448350     8.3153     8.3826     1.4428    88.6657 5.8566e+01  -68.03068  -69.28590 338.708944      99.98 1.1600e+03   1060.792      25460         12  0.000e+00
     15.389     15.234    -0.8444  27.449412    -0.8440  27.448294     8.3180     8.3831     1.4428    88.6657 5.8566e+01  -68.03068  -69.28590 338.708945      99.98 1.1600e+03   1060.833      25461         12  0.000e+00
     15.307     15.153    -0.8445  27.449240    -0.8444  27.448126     8.3191     8.3883     1.4428    88.6657 5.8566e+01  -68.03068  -69.28590 338.708945      99.98 1.1600e+03   1060.875      25462         12  0.000e+00
     15.341     15.187    -0.8444  27.449355    -0.8448  27.447456     8.3189     8.3834     1.4428    88.6657 5.8566e+01  -68.03068  -69.28590 338.708946      99.98 1.1600e+03   1060.917      25463         12  0.000e+00
