NBP2113_155081_ctd/data/nbp2113_054.cnv
* Sea-Bird SBE 9 Data File:
* FileName = D:\Data\raw\NBP2113_054.hex
* Software Version Seasave V 7.26.7.121
* Temperature SN = 2438
* Conductivity SN = 2067
* Number of Bytes Per Scan = 40
* Number of Voltage Words = 5
* Number of Scans Averaged by the Deck Unit = 1
* NMEA Latitude = 64 52.85 S
* NMEA Longitude = 064 38.20 W
* NMEA UTC (Time) = Dec 11 2021  19:48:22
* NMEA baud rate = 9600
** Ship: RVIB N.B. Palmer
** Cruise: NBP2113 LTER
** Station: 597.052
** Operator: S. Blackman
# nquan = 25
# nvalues = 886                         
# units = specified
# name 0 = prDM: Pressure, Digiquartz [db]
# name 1 = depSM: Depth [salt water, m]
# name 2 = t090C: Temperature [ITS-90, deg C]
# name 3 = c0mS/cm: Conductivity [mS/cm]
# name 4 = t190C: Temperature, 2 [ITS-90, deg C]
# name 5 = c1mS/cm: Conductivity, 2 [mS/cm]
# name 6 = sbeox0ML/L: Oxygen, SBE 43 [ml/l]
# name 7 = sbeox1ML/L: Oxygen, SBE 43, 2 [ml/l]
# name 8 = flECO-AFL: Fluorescence, WET Labs ECO-AFL/FL [mg/m^3]
# name 9 = CStarTr0: Beam Transmission, WET Labs C-Star [%]
# name 10 = par: PAR/Irradiance, Biospherical/Licor
# name 11 = latitude: Latitude [deg]
# name 12 = longitude: Longitude [deg]
# name 13 = timeJ: Julian Days
# name 14 = altM: Altimeter [m]
# name 15 = spar: SPAR, Biospherical/Licor
# name 16 = timeS: Time, Elapsed [seconds]
# name 17 = scan: Scan Count
# name 18 = density00: Density [density, kg/m^3]
# name 19 = density11: Density, 2 [density, kg/m^3]
# name 20 = sal00: Salinity, Practical [PSU]
# name 21 = sal11: Salinity, Practical, 2 [PSU]
# name 22 = oxsolML/L: Oxygen Saturation, Garcia & Gordon [ml/l]
# name 23 = nbin: number of scans per bin
# name 24 = flag: flag
# span 0 =      1.000,    445.000       
# span 1 =      0.991,    440.162       
# span 2 =    -0.7140,     1.3400       
# span 3 =  27.403304,  30.125620       
# span 4 =    -0.7123,     1.3395       
# span 5 =  27.404470,  30.124093       
# span 6 =     4.2431,     8.4534       
# span 7 =     4.3004,     8.0854       
# span 8 =    -0.0226,     1.8496       
# span 9 =    83.6567,    91.4425       
# span 10 = 1.0000e-12, 6.1488e+02      
# span 11 =  -64.88096,  -64.88090      
# span 12 =  -64.63768,  -64.63672      
# span 13 = 345.829168, 345.846769      
# span 14 =      -0.88,     110.54      
# span 15 = 4.7768e+02, 6.5765e+02      
# span 16 =    338.111,   1858.850      
# span 17 =       8116,      44613      
# span 18 =  1027.0374,  1029.8330      
# span 19 =  1027.0351,  1029.8317      
# span 20 =    33.6122,    34.6478      
# span 21 =    33.6113,    34.6464      
# span 22 =    7.75747,    8.24194      
# span 23 =          6,         49      
# span 24 = 0.0000e+00, 0.0000e+00      
# interval = decibars: 1                
# start_time = Dec 11 2021 19:48:22 [NMEA time, header]
# bad_flag = -9.990e-29
*END*
[from data line 58]
     62.000     61.384    -0.0179  28.329596    -0.0193  28.324617     7.4667     7.5664     0.4182    90.0219 1.7599e+00  -64.88094  -64.63752 345.831256      99.97 5.4718e+02    518.497      12445  1027.6307  1027.6267    34.0437    34.0386    8.06778         40 0.0000e+00
     63.000     62.373    -0.0067  28.346381    -0.0083  28.342981     7.3989     7.5168     0.3436    90.0691 1.6638e+00  -64.88094  -64.63752 345.831290      99.97 5.4649e+02    521.441      12516  1027.6420  1027.6398    34.0528    34.0500    8.06490         32 0.0000e+00
     64.000     63.365     0.0005  28.360298    -0.0003  28.357639     7.4217     7.5156     0.3492    90.1446 1.5705e+00  -64.88094  -64.63752 345.831310      99.97 5.4773e+02    523.185      12557  1027.6541  1027.6521    34.0626    34.0599    8.06282         38 0.0000e+00
     65.000     64.352     0.0011  28.361008    -0.0023  28.353191     7.3092     7.4355     0.3944    90.1177 1.4671e+00  -64.88094  -64.63752 345.831378      99.97 5.4479e+02    529.044      12698  1027.6588  1027.6536    34.0623    34.0556    8.06271         31 0.0000e+00
     66.000     65.344     0.0122  28.383872     0.0116  28.381974     7.2916     7.4135     0.2775    90.1894 1.3842e+00  -64.88094  -64.63752 345.831389      99.97 5.4644e+02    530.023      12722  1027.6767  1027.6752    34.0795    34.0777    8.05939         26 0.0000e+00
     67.000     66.331     0.0133  28.386724     0.0122  28.383758     7.2087     7.3498     0.3374    90.1723 1.3151e+00  -64.88094  -64.63751 345.831428      99.97 5.4567e+02    533.352      12801  1027.6831  1027.6810    34.0815    34.0788    8.05905         41 0.0000e+00
     68.000     67.324     0.0251  28.411851     0.0220  28.403874     6.8908     7.1363     0.3300    90.2246 1.2528e+00  -64.88094  -64.63750 345.831472      99.97 5.4471e+02    537.182      12893  1027.7029  1027.6973    34.1011    34.0939    8.05547         32 0.0000e+00
     69.000     68.313     0.0449  28.466405     0.0447  28.464505     6.9014     7.1157     0.2310    90.3116 1.1899e+00  -64.88094  -64.63751 345.831488      99.97 5.4473e+02    538.524      12926  1027.7461  1027.7442    34.1506    34.1483    8.04851         37 0.0000e+00
     70.000     69.303     0.0443  28.471459     0.0436  28.466720     6.9409     7.0532     0.2992    90.3068 1.1012e+00  -64.88094  -64.63749 345.831553      99.97 5.4327e+02    544.216      13062  1027.7568  1027.7525    34.1574    34.1519    8.04826         41 0.0000e+00
     71.000     70.291     0.0501  28.482258     0.0498  28.480439     6.9166     7.0209     0.1718    90.4095 1.0368e+00  -64.88094  -64.63748 345.831582      99.97 5.4297e+02    546.641      13120  1027.7671  1027.7654    34.1645    34.1625    8.04662         33 0.0000e+00
     72.000     71.283     0.0514  28.486308     0.0513  28.484757     6.9236     7.0166     0.1549    90.5193 1.0052e+00  -64.88094  -64.63748 345.831597      99.97 5.4297e+02    547.991      13153  1027.7745  1027.7730    34.1679    34.1660    8.04617         35 0.0000e+00
     73.000     72.276     0.0507  28.487029     0.0506  28.485399     6.9071     6.9933     0.1817    90.5348 9.7719e-01  -64.88094  -64.63748 345.831631      99.97 5.4221e+02    550.894      13222  1027.7804  1027.7788    34.1690    34.1670    8.04625         38 0.0000e+00
     74.000     73.261     0.0561  28.497076     0.0560  28.494926     6.7086     6.8593     0.1727    90.5307 9.0733e-01  -64.88094  -64.63746 345.831697      99.97 5.3934e+02    556.630      13360  1027.7903  1027.7880    34.1757    34.1729    8.04475         30 0.0000e+00
     75.000     74.253     0.0406  28.501291     0.0398  28.499753     6.6932     6.8233     0.1223    90.5412 8.6113e-01  -64.88094  -64.63746 345.831708      99.97 5.4014e+02    557.571      13383  1027.8142  1027.8134    34.1980    34.1969    8.04674         25 0.0000e+00
     76.000     75.241     0.0238  28.494120     0.0214  28.492073     6.6996     6.8177     0.1456    90.5703 8.2572e-01  -64.88094  -64.63746 345.831737      99.97 5.3998e+02    560.099      13443  1027.8273  1027.8273    34.2066    34.2066    8.04978         39 0.0000e+00
     77.000     76.231     0.0127  28.491137     0.0124  28.489341     6.6409     6.7619     0.1369    90.5890 7.9217e-01  -64.88094  -64.63746 345.831791      99.97 5.3791e+02    564.710      13554  1027.8391  1027.8374    34.2146    34.2124    8.05168         38 0.0000e+00
     78.000     77.222     0.0077  28.493453     0.0075  28.492024     6.5068     6.6445     0.1177    90.6643 7.5592e-01  -64.88093  -64.63745 345.831832      99.97 5.3813e+02    568.296      13640  1027.8505  1027.8491    34.2226    34.2209    8.05227         35 0.0000e+00
     79.000     78.211     0.0149  28.517764     0.0148  28.515942     6.3899     6.5386     0.1117    90.7413 7.2595e-01  -64.88094  -64.63744 345.831862      99.97 5.3623e+02    570.917      13703  1027.8735  1027.8716    34.2461    34.2438    8.04943         33 0.0000e+00
     80.000     79.201     0.0151  28.526002     0.0149  28.524526     6.3974     6.5310     0.1145    90.7375 6.8405e-01  -64.88094  -64.63744 345.831879      99.97 5.3592e+02    572.385      13738  1027.8863  1027.8849    34.2562    34.2545    8.04881         35 0.0000e+00
     81.000     80.191     0.0123  28.525574     0.0121  28.523895     6.4273     6.4979     0.0932    90.7605 6.5181e-01  -64.88094  -64.63743 345.831943      99.97 5.3418e+02    577.839      13869  1027.8928  1027.8912    34.2581    34.2562    8.04929         38 0.0000e+00
     82.000     81.181     0.0086  28.525549     0.0087  28.524092     6.4033     6.4783     0.0872    90.7373 6.2182e-01  -64.88093  -64.63742 345.831963      99.97 5.3415e+02    579.594      13911  1027.9007  1027.8990    34.2617    34.2597    8.04987         38 0.0000e+00
     83.000     82.172     0.0076  28.526564     0.0073  28.525138     6.3832     6.4665     0.0882    90.7744 5.9213e-01  -64.88092  -64.63742 345.831986      99.97 5.3279e+02    581.623      13960  1027.9070  1027.9057    34.2636    34.2619    8.04998         38 0.0000e+00
     84.000     83.160     0.0085  28.531124     0.0086  28.528962     6.3216     6.4109     0.0938    90.7685 5.6038e-01  -64.88094  -64.63742 345.832051      99.97 5.3060e+02    587.193      14094  1027.9152  1027.9127    34.2680    34.2649    8.04954         33 0.0000e+00
     85.000     84.151     0.0139  28.540305     0.0141  28.539078     6.3081     6.3976     0.0764    90.7531 5.3118e-01  -64.88094  -64.63740 345.832066      99.97 5.3058e+02    588.470      14124  1027.9239  1027.9225    34.2734    34.2717    8.04809         32 0.0000e+00
     86.000     85.140     0.0182  28.546434     0.0181  28.544978     6.3162     6.3925     0.0998    90.7689 5.0959e-01  -64.88094  -64.63740 345.832084      99.97 5.2948e+02    590.049      14162  1027.9305  1027.9290    34.2761    34.2743    8.04703         35 0.0000e+00
     87.000     86.129     0.0193  28.548422     0.0185  28.545875     6.2988     6.3611     0.0743    90.7853 4.8298e-01  -64.88094  -64.63740 345.832162      99.97 5.2723e+02    596.772      14324  1027.9359  1027.9340    34.2769    34.2744    8.04676         34 0.0000e+00
     88.000     87.119     0.0284  28.559398     0.0286  28.558138     6.2831     6.3517     0.0729    90.7972 4.5829e-01  -64.88094  -64.63738 345.832181      99.97 5.2710e+02    598.456      14364  1027.9430  1027.9415    34.2807    34.2789    8.04463         27 0.0000e+00
     89.000     88.110     0.0306  28.563221     0.0302  28.561729     6.2768     6.3490     0.0729    90.7850 4.3603e-01  -64.88094  -64.63740 345.832194      99.97 5.2677e+02    599.562      14390  1027.9492  1027.9480    34.2827    34.2812    8.04406         28 0.0000e+00
     90.000     89.099     0.0286  28.562506     0.0285  28.561072     6.2624     6.3370     0.0737    90.7849 4.1906e-01  -64.88094  -64.63739 345.832246      99.97 5.2408e+02    604.058      14498  1027.9549  1027.9534    34.2834    34.2816    8.04445         30 0.0000e+00
     91.000     90.089     0.0248  28.561792     0.0246  28.560463     6.2492     6.3153     0.0527    90.7900 3.9913e-01  -64.88094  -64.63738 345.832277      99.97 5.2358e+02    606.710      14562  1027.9622  1027.9609    34.2861    34.2845    8.04510         22 0.0000e+00
     92.000     91.079     0.0230  28.560893     0.0227  28.559223     6.2560     6.3195     0.0724    90.8118 3.7695e-01  -64.88094  -64.63738 345.832295      99.97 5.2252e+02    608.262      14599  1027.9672  1027.9658    34.2863    34.2845    8.04545         35 0.0000e+00
     93.000     92.068     0.0222  28.560753     0.0228  28.558736     6.1905     6.2739     0.0579    90.7964 3.5083e-01  -64.88094  -64.63738 345.832374      99.97 5.1916e+02    615.091      14763  1027.9721  1027.9694    34.2864    34.2831    8.04561         35 0.0000e+00
     94.000     93.059     0.0340  28.574081     0.0319  28.570348     6.1062     6.2176     0.0772    90.7951 3.3437e-01  -64.88094  -64.63738 345.832391      99.97 5.1832e+02    616.559      14798  1027.9790  1027.9771    34.2903    34.2877    8.04293         36 0.0000e+00
     95.000     94.047     0.0571  28.605294     0.0571  28.603925     6.0638     6.1817     0.0778    90.8243 3.2262e-01  -64.88094  -64.63738 345.832411      99.97 5.1829e+02    618.306      14840  1027.9939  1027.9925    34.3051    34.3032    8.03724         40 0.0000e+00
     96.000     95.037     0.0396  28.593623     0.0402  28.592735     6.0849     6.1747     0.0739    90.8456 3.0947e-01  -64.88094  -64.63737 345.832456      99.97 5.1604e+02    622.188      14934  1028.0032  1028.0016    34.3086    34.3068    8.04072         38 0.0000e+00
     97.000     96.027     0.0370  28.593197     0.0383  28.593208     6.0871     6.1510     0.0619    90.8804 2.9052e-01  -64.88094  -64.63736 345.832498      99.97 5.1475e+02    625.811      15020  1028.0097  1028.0084    34.3104    34.3089    8.04117         27 0.0000e+00
     98.000     97.018     0.0387  28.596065     0.0380  28.594273     6.0713     6.1441     0.0704    90.8990 2.7238e-01  -64.88094  -64.63737 345.832521      99.97 5.1298e+02    627.808      15068  1028.0153  1028.0141    34.3117    34.3101    8.04073         35 0.0000e+00
     99.000     98.006     0.0418  28.599824     0.0405  28.597381     5.9614     6.0743     0.0515    90.8658 2.6509e-01  -64.88094  -64.63736 345.832579      99.97 5.0963e+02    632.795      15188  1028.0206  1028.0192    34.3126    34.3108    8.04003         26 0.0000e+00
    100.000     98.996     0.0623  28.621491     0.0602  28.618461     5.9416     6.0642     0.0526    90.8848 2.5087e-01  -64.88094  -64.63736 345.832590      99.97 5.0948e+02    633.764      15211  1028.0277  1028.0266    34.3177    34.3160    8.03545         25 0.0000e+00
    101.000     99.988     0.0847  28.648402     0.0817  28.642822     5.9281     6.0462     0.0605    90.8917 2.3494e-01  -64.88094  -64.63736 345.832627      99.97 5.0803e+02    636.970      15288  1028.0389  1028.0358    34.3276    34.3235    8.03020         36 0.0000e+00
    102.000    100.976     0.1103  28.677305     0.1066  28.672131     5.8631     5.9676     0.0582    90.9065 2.1786e-01  -64.88094  -64.63736 345.832687      99.97 5.0446e+02    642.129      15412  1028.0491  1028.0471    34.3365    34.3338    8.02434         39 0.0000e+00
    103.000    101.967     0.1318  28.702519     0.1315  28.701055     5.8354     5.9501     0.0580    90.8929 2.0721e-01  -64.88094  -64.63734 345.832708      99.97 5.0334e+02    643.976      15456  1028.0594  1028.0580    34.3452    34.3435    8.01937         36 0.0000e+00
    104.000    102.955     0.1376  28.709168     0.1371  28.707677     5.8583     5.9436     0.0467    90.9034 1.9811e-01  -64.88094  -64.63734 345.832724      99.97 5.0186e+02    645.349      15489  1028.0653  1028.0641    34.3468    34.3454    8.01806         29 0.0000e+00
    105.000    103.945     0.1403  28.713236     0.1398  28.711579     5.8540     5.9287     0.0468    90.9105 1.8939e-01  -64.88094  -64.63734 345.832739      99.97 5.0071e+02    646.640      15520  1028.0715  1028.0701    34.3486    34.3469    8.01740         32 0.0000e+00
    106.000    104.935     0.1419  28.716927     0.1412  28.714612     5.8360     5.9023     0.0618    90.9478 1.7975e-01  -64.88094  -64.63734 345.832763      99.97 5.0066e+02    648.739      15571  1028.0784  1028.0765    34.3510    34.3487    8.01693         33 0.0000e+00
    107.000    105.926     0.1573  28.734483     0.1591  28.735206     5.6941     5.8066     0.0608    90.9320 1.6750e-01  -64.88094  -64.63735 345.832791      99.97 4.9940e+02    651.155      15629  1028.0864  1028.0853    34.3564    34.3552    8.01342         45 0.0000e+00
    108.000    106.913     0.2693  28.848193     0.2700  28.847864     5.6341     5.7383     0.0592    90.9291 1.5670e-01  -64.88094  -64.63734 345.832817      99.97 4.9743e+02    653.419      15683  1028.1016  1028.1005    34.3803    34.3791    7.98877         45 0.0000e+00
    109.000    107.903     0.2937  28.875215     0.2934  28.873826     5.5896     5.7023     0.0387    90.9512 1.4912e-01  -64.88094  -64.63732 345.832837      99.97 4.9712e+02    655.112      15724  1028.1112  1028.1100    34.3879    34.3864    7.98329         29 0.0000e+00
    110.000    108.894     0.2967  28.878464     0.2958  28.876512     5.5599     5.6690     0.0157    90.9715 1.4161e-01  -64.88094  -64.63732 345.832849      99.97 4.9584e+02    656.114      15748  1028.1164  1028.1153    34.3883    34.3867    7.98265         21 0.0000e+00
    111.000    109.884     0.3213  28.906295     0.3198  28.903774     5.5421     5.6597     0.0323    90.9345 1.3342e-01  -64.88094  -64.63732 345.832858      99.97 4.9537e+02    656.915      15767  1028.1262  1028.1249    34.3968    34.3951    7.97709         19 0.0000e+00
    112.000    110.873     0.3286  28.916436     0.3282  28.914905     5.5339     5.6454     0.0320    90.9513 1.2489e-01  -64.88094  -64.63732 345.832868      99.97 4.9537e+02    657.776      15788  1028.1343  1028.1330    34.4012    34.3997    7.97531         24 0.0000e+00
    113.000    111.862     0.3331  28.919234     0.3282  28.911785     5.4741     5.5943     0.0424    90.9551 1.1703e-01  -64.88094  -64.63732 345.832902      99.97 4.9433e+02    660.753      15859  1028.1381  1028.1351    34.3993    34.3950    7.97450         32 0.0000e+00
    114.000    112.852     0.3682  28.953778     0.3725  28.958080     5.3752     5.5131     0.0330    90.9478 1.1166e-01  -64.88094  -64.63730 345.832930      99.97 4.9181e+02    663.158      15917  1028.1448  1028.1450    34.4048    34.4057    7.96693         19 0.0000e+00
    115.000    113.841     0.4433  29.032192     0.4419  29.029701     5.3679     5.4972     0.0262    90.9574 1.0433e-01  -64.88094  -64.63730 345.832938      99.97 4.9184e+02    663.855      15934  1028.1581  1028.1567    34.4232    34.4214    7.95043         16 0.0000e+00
    116.000    114.832     0.4575  29.051983     0.4571  29.050372     5.3689     5.4884     0.0280    90.9574 9.7725e-02  -64.88094  -64.63730 345.832946      99.97 4.9184e+02    664.519      15949  1028.1695  1028.1681    34.4326    34.4309    7.94697         16 0.0000e+00
    117.000    115.821     0.4576  29.053012     0.4569  29.051310     5.3866     5.4875     0.0265    90.9668 9.0448e-02  -64.88094  -64.63730 345.832954      99.97 4.9152e+02    665.260      15967  1028.1752  1028.1740    34.4333    34.4318    7.94693         21 0.0000e+00
    118.000    116.810     0.4511  29.047048     0.4494  29.044090     5.4041     5.4859     0.0248    90.9703 8.4666e-02  -64.88094  -64.63730 345.832977      99.97 4.8980e+02    667.218      16014  1028.1805  1028.1789    34.4321    34.4302    7.94833         30 0.0000e+00
