NBP2113_155081_ctd/data/nbp2113_012.ros
* Sea-Bird SBE 9 Data File:
* FileName = D:\Data\raw\NBP2113_012.hex
* Software Version Seasave V 7.26.7.121
* Temperature SN = 2438
* Conductivity SN = 2067
* Number of Bytes Per Scan = 40
* Number of Voltage Words = 5
* Number of Scans Averaged by the Deck Unit = 1
* NMEA Latitude = 64 36.38 S
* NMEA Longitude = 068 17.17 W
* NMEA UTC (Time) = Nov 26 2021  18:58:06
* NMEA baud rate = 9600
** Ship: RVIB N.B. Palmer
** Cruise: NBP2113 LTER
** Station: 500.200
** Operator: S. Blackman
# nquan = 20
# nvalues = 1148                                  
# units = specified
# name 0 = prDM: Pressure, Digiquartz [db]
# name 1 = depSM: Depth [salt water, m]
# name 2 = t090C: Temperature [ITS-90, deg C]
# name 3 = c0mS/cm: Conductivity [mS/cm]
# name 4 = t190C: Temperature, 2 [ITS-90, deg C]
# name 5 = c1mS/cm: Conductivity, 2 [mS/cm]
# name 6 = sbeox0ML/L: Oxygen, SBE 43 [ml/l]
# name 7 = sbeox1ML/L: Oxygen, SBE 43, 2 [ml/l]
# name 8 = flECO-AFL: Fluorescence, WET Labs ECO-AFL/FL [mg/m^3]
# name 9 = CStarTr0: Beam Transmission, WET Labs C-Star [%]
# name 10 = par: PAR/Irradiance, Biospherical/Licor
# name 11 = latitude: Latitude [deg]
# name 12 = longitude: Longitude [deg]
# name 13 = timeJ: Julian Days
# name 14 = altM: Altimeter [m]
# name 15 = spar: SPAR, Biospherical/Licor
# name 16 = timeS: Time, Elapsed [seconds]
# name 17 = scan: Scan Count
# name 18 = nbf: Bottles Fired
# name 19 = flag:  0.000e+00
# interval = seconds: 0.0416667
# start_time = Nov 26 2021 18:58:06 [NMEA time, header]
# bad_flag = -9.990e-29
*END*
[from data line 145]
   1013.782   1001.428     1.1496  30.269505     1.1486  30.268078     4.4181     4.4246    -0.0004    97.9098 1.0000e-12  -64.60634  -68.28592 330.858879      99.98 1.8281e+03   5921.125     142108          3  0.000e+00
   1013.782   1001.428     1.1491  30.269149     1.1489  30.268252     4.4188     4.4243    -0.0077    97.9098 1.0000e-12  -64.60634  -68.28592 330.858879      99.98 1.8281e+03   5921.167     142109          3  0.000e+00
   1013.730   1001.377     1.1511  30.270810     1.1505  30.269701     4.4181     4.4230     0.0069    97.8841 1.0000e-12  -64.60634  -68.28594 330.858960     100.00 1.8475e+03   5928.167     142277          4  0.000e+00
   1013.681   1001.328     1.1511  30.270810     1.1509  30.270049     4.4240     4.4229    -0.0004    97.8841 1.0000e-12  -64.60634  -68.28594 330.858961     100.00 1.8475e+03   5928.208     142278          4  0.000e+00
   1013.730   1001.377     1.1510  30.270810     1.1506  30.270223     4.4202     4.4229    -0.0004    97.8841 1.0000e-12  -64.60634  -68.28594 330.858961      99.98 1.8475e+03   5928.250     142279          4  0.000e+00
   1013.730   1001.377     1.1510  30.270810     1.1509  30.270397     4.4213     4.4289     0.0069    97.8841 1.0000e-12  -64.60634  -68.28594 330.858962      99.95 1.8475e+03   5928.292     142280          4  0.000e+00
   1013.786   1001.432     1.1511  30.271166     1.1508  30.270455     4.4207     4.4300    -0.0004    97.8841 1.0000e-12  -64.60634  -68.28594 330.858962      99.95 1.8475e+03   5928.333     142281          4  0.000e+00
   1013.730   1001.377     1.1510  30.271166     1.1511  30.270049     4.4185     4.4309     0.0069    97.8841 1.0000e-12  -64.60634  -68.28594 330.858963      99.98 1.8475e+03   5928.375     142282          4  0.000e+00
   1013.786   1001.432     1.1513  30.271107     1.1511  30.270107     4.4243     4.4258     0.0069    97.8841 1.0000e-12  -64.60634  -68.28594 330.858963      99.98 1.8475e+03   5928.417     142283          4  0.000e+00
   1013.786   1001.432     1.1511  30.271107     1.1509  30.269991     4.4188     4.4257     0.0069    97.8841 1.0000e-12  -64.60634  -68.28594 330.858964      99.98 1.8475e+03   5928.458     142284          4  0.000e+00
   1013.835   1001.480     1.1513  30.271107     1.1509  30.270107     4.4182     4.4256     0.0069    97.8841 1.0000e-12  -64.60634  -68.28594 330.858964      99.95 1.8475e+03   5928.500     142285          4  0.000e+00
   1013.835   1001.480     1.1511  30.271285     1.1508  30.270223     4.4257     4.4255     0.0069    97.8841 1.0000e-12  -64.60634  -68.28594 330.858965      99.95 1.8475e+03   5928.542     142286          4  0.000e+00
   1013.835   1001.480     1.1511  30.271345     1.1508  30.269991     4.4201     4.4253     0.0069    97.8841 1.0000e-12  -64.60634  -68.28594 330.858965      99.98 1.8475e+03   5928.583     142287          4  0.000e+00
   1013.891   1001.535     1.1511  30.270929     1.1508  30.269934     4.4195     4.4252    -0.0004    97.8841 1.0000e-12  -64.60634  -68.28594 330.858966      99.98 1.8475e+03   5928.625     142288          4  0.000e+00
   1013.835   1001.480     1.1511  30.270989     1.1508  30.269933     4.4253     4.4251     0.0069    97.9098 1.0000e-12  -64.60634  -68.28594 330.858966      99.98 1.8475e+03   5928.667     142289          4  0.000e+00
   1013.939   1001.583     1.1510  30.271108     1.1506  30.270108     4.4279     4.4250     0.0069    97.9098 1.0000e-12  -64.60634  -68.28594 330.858967      99.98 1.8475e+03   5928.708     142290          4  0.000e+00
   1013.891   1001.535     1.1511  30.270633     1.1509  30.270223     4.4223     4.4248     0.0069    97.9098 1.0000e-12  -64.60634  -68.28594 330.858967     100.00 1.8475e+03   5928.750     142291          4  0.000e+00
   1013.940   1001.583     1.1510  30.270692     1.1508  30.270223     4.4216     4.4247    -0.0004    97.9098 1.0000e-12  -64.60634  -68.28594 330.858967      99.98 1.8475e+03   5928.792     142292          4  0.000e+00
   1013.940   1001.583     1.1508  30.270811     1.1506  30.270224     4.4273     4.4246    -0.0004    97.9098 1.0000e-12  -64.60634  -68.28594 330.858968      99.98 1.8475e+03   5928.833     142293          4  0.000e+00
   1013.940   1001.583     1.1510  30.270811     1.1508  30.269992     4.4299     4.4245    -0.0004    97.9098 1.0000e-12  -64.60634  -68.28594 330.858968      99.98 1.8475e+03   5928.875     142294          4  0.000e+00
   1013.995   1001.638     1.1511  30.270811     1.1509  30.270282     4.4242     4.4244    -0.0077    97.9098 1.0000e-12  -64.60634  -68.28594 330.858969      99.98 1.8475e+03   5928.917     142295          4  0.000e+00
   1013.981   1001.625     1.1508  30.270811     1.1508  30.270050     4.4234     4.4242    -0.0150    97.9098 1.0000e-12  -64.60634  -68.28594 330.858969      99.98 1.8475e+03   5928.958     142296          4  0.000e+00
   1013.995   1001.638     1.1511  30.270811     1.1509  30.270108     4.4291     4.4180    -0.0150    97.9098 1.0000e-12  -64.60634  -68.28594 330.858970      99.93 1.8475e+03   5929.000     142297          4  0.000e+00
   1013.996   1001.638     1.1508  30.270870     1.1506  30.270224     4.4298     4.4230    -0.0077    97.9098 1.0000e-12  -64.60634  -68.28594 330.858970      99.95 1.8475e+03   5929.042     142298          4  0.000e+00
   1014.044   1001.687     1.1508  30.270574     1.1508  30.270398     4.4241     4.4229    -0.0077    97.9098 1.0000e-12  -64.60634  -68.28594 330.858971      99.98 1.8475e+03   5929.083     142299          4  0.000e+00
   1014.044   1001.687     1.1508  30.270930     1.1509  30.270282     4.4231     4.4228    -0.0150    97.9098 1.0000e-12  -64.60634  -68.28594 330.858971      99.98 1.8475e+03   5929.125     142300          4  0.000e+00
   1014.100   1001.742     1.1510  30.270871     1.1509  30.270224     4.4239     4.4228    -0.0150    97.9098 1.0000e-12  -64.60634  -68.28594 330.858972      99.98 1.8475e+03   5929.167     142301          4  0.000e+00
   1014.044   1001.687     1.1507  30.270811     1.1509  30.269992     4.4295     4.4226    -0.0077    97.9098 1.0000e-12  -64.60634  -68.28594 330.858972      99.98 1.8475e+03   5929.208     142302          4  0.000e+00
   1014.100   1001.742     1.1507  30.270574     1.1509  30.270108     4.4237     4.4226    -0.0150    97.9098 1.0000e-12  -64.60634  -68.28594 330.858973      99.98 1.8475e+03   5929.250     142303          4  0.000e+00
   1014.149   1001.790     1.1507  30.270277     1.1511  30.270398     4.4276     4.4225    -0.0150    97.9098 1.0000e-12  -64.60634  -68.28594 330.858973      99.98 1.8475e+03   5929.292     142304          4  0.000e+00
   1014.100   1001.742     1.1505  30.270040     1.1508  30.270050     4.4233     4.4224    -0.0150    97.9098 1.0000e-12  -64.60634  -68.28594 330.858974      99.98 1.8475e+03   5929.333     142305          4  0.000e+00
   1014.149   1001.790     1.1504  30.269506     1.1506  30.269471     4.4241     4.4224    -0.0150    97.9098 1.0000e-12  -64.60634  -68.28594 330.858974      99.98 1.8475e+03   5929.375     142306          4  0.000e+00
   1014.149   1001.790     1.1502  30.269150     1.1503  30.269123     4.4232     4.4224    -0.0150    97.9098 1.0000e-12  -64.60634  -68.28594 330.858975      99.98 1.8475e+03   5929.417     142307          4  0.000e+00
   1014.149   1001.790     1.1496  30.269269     1.1497  30.268891     4.4287     4.4223    -0.0150    97.9098 1.0000e-12  -64.60634  -68.28594 330.858975      99.98 1.8475e+03   5929.458     142308          4  0.000e+00
   1014.205   1001.845     1.1494  30.269388     1.1494  30.268601     4.4294     4.4223    -0.0150    97.9098 1.0000e-12  -64.60634  -68.28594 330.858976      99.95 1.8475e+03   5929.500     142309          4  0.000e+00
   1014.205   1001.845     1.1493  30.269150     1.1494  30.268543     4.4235     4.4223    -0.0150    97.8841 1.0000e-12  -64.60634  -68.28594 330.858976      99.95 1.8475e+03   5929.542     142310          4  0.000e+00
   1014.205   1001.845     1.1490  30.269269     1.1488  30.268312     4.4224     4.4222    -0.0150    97.8841 1.0000e-12  -64.60634  -68.28594 330.858977      99.98 1.8475e+03   5929.583     142311          4  0.000e+00
   1014.205   1001.845     1.1488  30.269150     1.1489  30.268254     4.4295     4.4221    -0.0150    97.9098 1.0000e-12  -64.60634  -68.28594 330.858977     100.00 1.8475e+03   5929.625     142312          4  0.000e+00
   1014.254   1001.893     1.1488  30.268913     1.1488  30.268022     4.4236     4.4221    -0.0150    97.9098 1.0000e-12  -64.60634  -68.28594 330.858978      99.98 1.8475e+03   5929.667     142313          4  0.000e+00
   1014.205   1001.845     1.1485  30.268854     1.1485  30.268138     4.4225     4.4220    -0.0150    97.8841 1.0000e-12  -64.60634  -68.28594 330.858978      99.98 1.8475e+03   5929.708     142314          4  0.000e+00
   1014.247   1001.886     1.1486  30.268616     1.1486  30.268428     4.4263     4.4219    -0.0150    97.8841 1.0000e-12  -64.60634  -68.28594 330.858979      99.98 1.8475e+03   5929.750     142315          4  0.000e+00
   1014.254   1001.893     1.1486  30.268735     1.1483  30.268312     4.4267     4.4219    -0.0150    97.9098 1.0000e-12  -64.60634  -68.28594 330.858979      99.98 1.8475e+03   5929.792     142316          4  0.000e+00
   1014.254   1001.893     1.1485  30.268617     1.1483  30.268254     4.4205     4.4218    -0.0150    97.9098 1.0000e-12  -64.60634  -68.28594 330.858980      99.98 1.8475e+03   5929.833     142317          4  0.000e+00
   1014.310   1001.948     1.1485  30.268735     1.1483  30.268022     4.4193     4.4217    -0.0150    97.9098 1.0000e-12  -64.60634  -68.28594 330.858980      99.98 1.8475e+03   5929.875     142318          4  0.000e+00
   1014.254   1001.893     1.1485  30.268617     1.1480  30.267732     4.4244     4.4217    -0.0150    97.9098 1.0000e-12  -64.60634  -68.28594 330.858981      99.98 1.8475e+03   5929.917     142319          4  0.000e+00
   1014.310   1001.948     1.1485  30.268735     1.1483  30.268080     4.4199     4.4216    -0.0150    97.8841 1.0000e-12  -64.60634  -68.28594 330.858981      99.98 1.8475e+03   5929.958     142320          4  0.000e+00
   1014.310   1001.948     1.1485  30.268617     1.1483  30.268254     4.4204     4.4215    -0.0150    97.8841 1.0000e-12  -64.60634  -68.28594 330.858981      99.95 1.8493e+03   5930.000     142321          4  0.000e+00
   1014.254   1001.893     1.1485  30.268913     1.1483  30.268022     4.4191     4.4213    -0.0224    97.9098 1.0000e-12  -64.60634  -68.28594 330.858982      99.95 1.8493e+03   5930.042     142322          4  0.000e+00
   1014.310   1001.948     1.1486  30.268676     1.1483  30.268138     4.4244     4.4213    -0.0224    97.9098 1.0000e-12  -64.60634  -68.28594 330.858982      99.98 1.8493e+03   5930.083     142323          4  0.000e+00
   1014.310   1001.948     1.1483  30.268735     1.1483  30.268022     4.4264     4.4212    -0.0224    97.9098 1.0000e-12  -64.60634  -68.28594 330.858983      99.98 1.8493e+03   5930.125     142324          4  0.000e+00
   1014.310   1001.948     1.1486  30.268854     1.1483  30.268138     4.4203     4.4211    -0.0224    97.9098 1.0000e-12  -64.60634  -68.28594 330.858983      99.98 1.8493e+03   5930.167     142325          4  0.000e+00
    233.333    230.922     1.6838  30.336759     1.6852  30.337266     4.0145     3.9810    -0.0077    97.8068 1.0000e-12  -64.60638  -68.28644 330.870261      99.95 1.7594e+03   6904.542     165710          5  0.000e+00
    233.333    230.922     1.6840  30.337056     1.6850  30.337266     4.0093     3.9806    -0.0077    97.8068 1.0000e-12  -64.60638  -68.28644 330.870261      99.98 1.7594e+03   6904.583     165711          5  0.000e+00
    233.409    230.997     1.6842  30.336878     1.6850  30.337034     4.0196     3.9802     0.0069    97.8068 1.0000e-12  -64.60638  -68.28644 330.870262     100.00 1.7594e+03   6904.625     165712          5  0.000e+00
    233.333    230.922     1.6842  30.336997     1.6850  30.337150     4.0168     3.9849     0.0143    97.8068 1.0000e-12  -64.60638  -68.28644 330.870262      99.98 1.7611e+03   6904.667     165713          5  0.000e+00
    233.333    230.922     1.6842  30.336878     1.6848  30.337092     4.0116     3.9809     0.0143    97.8068 1.0000e-12  -64.60638  -68.28644 330.870263      99.98 1.7611e+03   6904.708     165714          5  0.000e+00
    233.306    230.895     1.6844  30.337234     1.6850  30.337207     4.0107     3.9804     0.0069    97.8068 1.0000e-12  -64.60638  -68.28644 330.870263     100.00 1.7611e+03   6904.750     165715          5  0.000e+00
    233.388    230.977     1.6844  30.337175     1.6852  30.336628     4.0166     3.9853     0.0143    97.8326 1.0000e-12  -64.60638  -68.28644 330.870264      99.98 1.7611e+03   6904.792     165716          5  0.000e+00
    233.285    230.875     1.6846  30.336937     1.6850  30.337033     4.0168     3.9855     0.0143    97.8068 1.0000e-12  -64.60638  -68.28644 330.870264      99.98 1.7611e+03   6904.833     165717          5  0.000e+00
    233.354    230.943     1.6846  30.337294     1.6850  30.337092     4.0116     3.9859     0.0143    97.8068 1.0000e-12  -64.60638  -68.28644 330.870265      99.98 1.7629e+03   6904.875     165718          5  0.000e+00
    233.285    230.875     1.6848  30.337412     1.6850  30.336975     4.0105     3.9809     0.0143    97.8068 1.0000e-12  -64.60638  -68.28644 330.870265      99.98 1.7629e+03   6904.917     165719          5  0.000e+00
    233.334    230.922     1.6845  30.337175     1.6849  30.336801     4.0164     3.9856     0.0143    97.8068 1.0000e-12  -64.60638  -68.28644 330.870266      99.98 1.7629e+03   6904.958     165720          5  0.000e+00
    233.285    230.875     1.6846  30.337115     1.6847  30.336743     4.0179     3.9806     0.0143    97.8068 1.0000e-12  -64.60638  -68.28644 330.870266      99.95 1.7629e+03   6905.000     165721          5  0.000e+00
    233.306    230.895     1.6845  30.337294     1.6846  30.336743     4.0139     3.9801     0.0069    97.8068 1.0000e-12  -64.60638  -68.28644 330.870267      99.95 1.7646e+03   6905.042     165722          5  0.000e+00
    233.286    230.875     1.6845  30.337234     1.6844  30.336511     4.0130     3.9804     0.0143    97.8068 1.0000e-12  -64.60638  -68.28644 330.870267      99.98 1.7646e+03   6905.083     165723          5  0.000e+00
    233.286    230.875     1.6846  30.337115     1.6840  30.335757     4.0134     3.9807     0.0143    97.8068 1.0000e-12  -64.60638  -68.28644 330.870268      99.98 1.7646e+03   6905.125     165724          5  0.000e+00
    233.258    230.848     1.6844  30.337293     1.6838  30.335583     4.0193     3.9854     0.0143    97.8068 1.0000e-12  -64.60638  -68.28644 330.870268      99.98 1.7646e+03   6905.167     165725          5  0.000e+00
    233.286    230.875     1.6845  30.337175     1.6836  30.335815     4.0141     3.9857     0.0069    97.8068 1.0000e-12  -64.60638  -68.28644 330.870269      99.98 1.7664e+03   6905.208     165726          5  0.000e+00
    233.286    230.875     1.6846  30.336878     1.6838  30.336047     4.0175     3.9807     0.0143    97.8068 1.0000e-12  -64.60638  -68.28644 330.870269      99.98 1.7664e+03   6905.250     165727          5  0.000e+00
    233.203    230.793     1.6844  30.336818     1.6836  30.335989     4.0122     3.9862     0.0143    97.8068 1.0000e-12  -64.60638  -68.28644 330.870270      99.98 1.7664e+03   6905.292     165728          5  0.000e+00
    233.231    230.820     1.6844  30.336878     1.6836  30.335409     4.0125     3.9820     0.0069    97.8068 1.0000e-12  -64.60638  -68.28644 330.870270      99.95 1.7664e+03   6905.333     165729          5  0.000e+00
    233.231    230.820     1.6842  30.336640     1.6836  30.335931     4.0116     3.9815     0.0143    97.7811 1.0000e-12  -64.60638  -68.28644 330.870271      99.98 1.7682e+03   6905.375     165730          5  0.000e+00
