NBP2113_155081_ctd/data/nbp2113_028.ros
* Sea-Bird SBE 9 Data File:
* FileName = D:\Data\raw\NBP2113_028.hex
* Software Version Seasave V 7.26.7.121
* Temperature SN = 2438
* Conductivity SN = 2067
* Number of Bytes Per Scan = 40
* Number of Voltage Words = 5
* Number of Scans Averaged by the Deck Unit = 1
* NMEA Latitude = 68 01.84 S
* NMEA Longitude = 069 17.14 W
* NMEA UTC (Time) = Dec 04 2021  16:43:12
* NMEA baud rate = 9600
** Ship: RVIB N.B. Palmer
** Cruise: NBP2113 LTER
** Station: 200.-040
** Operator: S. Blackman
# nquan = 20
# nvalues = 1176                                  
# units = specified
# name 0 = prDM: Pressure, Digiquartz [db]
# name 1 = depSM: Depth [salt water, m]
# name 2 = t090C: Temperature [ITS-90, deg C]
# name 3 = c0mS/cm: Conductivity [mS/cm]
# name 4 = t190C: Temperature, 2 [ITS-90, deg C]
# name 5 = c1mS/cm: Conductivity, 2 [mS/cm]
# name 6 = sbeox0ML/L: Oxygen, SBE 43 [ml/l]
# name 7 = sbeox1ML/L: Oxygen, SBE 43, 2 [ml/l]
# name 8 = flECO-AFL: Fluorescence, WET Labs ECO-AFL/FL [mg/m^3]
# name 9 = CStarTr0: Beam Transmission, WET Labs C-Star [%]
# name 10 = par: PAR/Irradiance, Biospherical/Licor
# name 11 = latitude: Latitude [deg]
# name 12 = longitude: Longitude [deg]
# name 13 = timeJ: Julian Days
# name 14 = altM: Altimeter [m]
# name 15 = spar: SPAR, Biospherical/Licor
# name 16 = timeS: Time, Elapsed [seconds]
# name 17 = scan: Scan Count
# name 18 = nbf: Bottles Fired
# name 19 = flag:  0.000e+00
# interval = seconds: 0.0416667
# start_time = Dec 04 2021 16:43:12 [NMEA time, header]
# bad_flag = -9.990e-29
*END*
[from data line 1086]
     15.356     15.201    -0.8458  27.447982    -0.8463  27.446171     8.3354     8.3961     1.3036    88.9489 5.7739e+01  -68.03062  -69.28594 338.709433      99.98 1.1300e+03   1103.000      26473         23  0.000e+00
     15.424     15.269    -0.8457  27.448039    -0.8464  27.446395     8.3340     8.3954     1.3036    88.9489 5.7903e+01  -68.03062  -69.28594 338.709433      99.95 1.1300e+03   1103.042      26474         23  0.000e+00
     15.403     15.249    -0.8457  27.447925    -0.8464  27.446506     8.3385     8.3946     1.3403    88.9489 5.7903e+01  -68.03062  -69.28594 338.709434      99.98 1.1300e+03   1103.083      26475         23  0.000e+00
     15.424     15.269    -0.8460  27.448039    -0.8461  27.446283     8.3384     8.3938     1.3696    88.9489 5.7903e+01  -68.03062  -69.28594 338.709434      99.98 1.1300e+03   1103.125      26476         23  0.000e+00
     15.356     15.201    -0.8456  27.448096    -0.8460  27.446450     8.3381     8.3985     1.3769    88.9489 5.7903e+01  -68.03062  -69.28594 338.709435      99.98 1.1300e+03   1103.167      26477         23  0.000e+00
     15.369     15.215    -0.8460  27.447696    -0.8464  27.446674     8.3380     8.3986     1.3769    88.9489 5.8068e+01  -68.03062  -69.28594 338.709435      99.95 1.1300e+03   1103.208      26478         23  0.000e+00
     15.356     15.201    -0.8464  27.447581    -0.8463  27.446339     8.3437     8.3931     1.3696    88.9747 5.8068e+01  -68.03062  -69.28594 338.709436      99.93 1.1300e+03   1103.250      26479         23  0.000e+00
     15.356     15.201    -0.8467  27.447181    -0.8464  27.446059     8.3403     8.3923     1.3696    88.9489 5.8068e+01  -68.03062  -69.28594 338.709436      99.98 1.1300e+03   1103.292      26480         23  0.000e+00
     15.369     15.215    -0.8465  27.447066    -0.8466  27.446171     8.3399     8.3970     1.3696    88.9489 5.8068e+01  -68.03062  -69.28594 338.709437      99.98 1.1300e+03   1103.333      26481         23  0.000e+00
     15.356     15.201    -0.8467  27.447066    -0.8468  27.445892     8.3335     8.3971     1.3696    88.9232 5.8068e+01  -68.03062  -69.28594 338.709437      99.98 1.1300e+03   1103.375      26482         23  0.000e+00
     15.369     15.215    -0.8470  27.447238    -0.8470  27.445724     8.3435     8.3980     1.3696    88.9232 5.8068e+01  -68.03062  -69.28594 338.709438      99.98 1.1300e+03   1103.417      26483         23  0.000e+00
     15.253     15.100    -0.8465  27.447524    -0.8472  27.445556     8.3455     8.3933     1.3696    88.9232 5.8233e+01  -68.03062  -69.28594 338.709438      99.98 1.1300e+03   1103.458      26484         23  0.000e+00
     15.321     15.168    -0.8466  27.447581    -0.8469  27.445668     8.3405     8.3933     1.3696    88.9232 5.8233e+01  -68.03062  -69.28594 338.709439      99.98 1.1300e+03   1103.500      26485         23  0.000e+00
     15.356     15.201    -0.8463  27.447410    -0.8474  27.445724     8.3398     8.3935     1.3696    88.9489 5.8233e+01  -68.03062  -69.28594 338.709439      99.95 1.1300e+03   1103.542      26486         23  0.000e+00
     15.219     15.066    -0.8465  27.447180    -0.8474  27.445724     8.3404     8.3990     1.3769    88.9232 5.8233e+01  -68.03062  -69.28594 338.709440      99.95 1.1300e+03   1103.583      26487         23  0.000e+00
     15.356     15.201    -0.8467  27.447295    -0.8474  27.445556     8.3412     8.3993     1.3696    88.9489 5.8233e+01  -68.03062  -69.28594 338.709440      99.98 1.1300e+03   1103.625      26488         23  0.000e+00
     15.301     15.147    -0.8465  27.447352    -0.8475  27.446059     8.3345     8.3992     1.3696    88.9489 5.8233e+01  -68.03062  -69.28594 338.709441      99.98 1.1300e+03   1103.667      26489         23  0.000e+00
     15.321     15.168    -0.8467  27.447352    -0.8473  27.445892     8.3324     8.3992     1.3696    88.9489 5.8399e+01  -68.03062  -69.28594 338.709441      99.95 1.1300e+03   1103.708      26490         23  0.000e+00
     15.253     15.100    -0.8469  27.447352    -0.8474  27.445500     8.3376     8.3992     1.3696    88.9489 5.8233e+01  -68.03062  -69.28594 338.709442      99.93 1.1300e+03   1103.750      26491         23  0.000e+00
     15.267     15.113    -0.8470  27.447123    -0.8479  27.445221     8.3310     8.3992     1.3696    88.9489 5.8233e+01  -68.03062  -69.28592 338.709442      99.98 1.1300e+03   1103.792      26492         23  0.000e+00
     15.301     15.147    -0.8471  27.447238    -0.8477  27.445221     8.3289     8.3936     1.3696    88.9232 5.8399e+01  -68.03062  -69.28592 338.709443      99.98 1.1300e+03   1103.833      26493         23  0.000e+00
     15.267     15.113    -0.8475  27.446723    -0.8477  27.445165     8.3269     8.3925     1.3696    88.9489 5.8399e+01  -68.03062  -69.28592 338.709443      99.98 1.1300e+03   1103.875      26494         23  0.000e+00
     15.253     15.100    -0.8480  27.446551    -0.8482  27.445053     8.3381     8.3916     1.3696    88.9232 5.8233e+01  -68.03062  -69.28592 338.709443      99.98 1.1300e+03   1103.917      26495         23  0.000e+00
     15.253     15.100    -0.8485  27.446322    -0.8491  27.444159     8.3343     8.3909     1.3696    88.9489 5.8399e+01  -68.03062  -69.28592 338.709444      99.98 1.1300e+03   1103.958      26496         23  0.000e+00
     15.267     15.113    -0.8485  27.445693    -0.8500  27.442986     8.3350     8.3902     1.3696    88.9232 5.8399e+01  -68.03062  -69.28592 338.709444      99.98 1.1300e+03   1104.000      26497         23  0.000e+00
     15.253     15.100    -0.8492  27.444949    -0.8517  27.441645     8.3344     8.3906     1.3769    88.9232 5.8399e+01  -68.03062  -69.28592 338.709445      99.95 1.1282e+03   1104.042      26498         23  0.000e+00
     15.267     15.113    -0.8499  27.444492    -0.8542  27.440975     8.3469     8.3911     1.3696    88.9232 5.8399e+01  -68.03062  -69.28592 338.709445      99.95 1.1282e+03   1104.083      26499         23  0.000e+00
     15.253     15.100    -0.8496  27.444778    -0.8546  27.441199     8.3501     8.3902     1.3696    88.9232 5.8399e+01  -68.03062  -69.28592 338.709446      99.98 1.1282e+03   1104.125      26500         23  0.000e+00
     15.219     15.066    -0.8494  27.445350    -0.8529  27.441980     8.3530     8.3944     1.3696    88.8974 5.8399e+01  -68.03062  -69.28592 338.709446      99.98 1.1282e+03   1104.167      26501         23  0.000e+00
     15.301     15.147    -0.8485  27.446036    -0.8519  27.442707     8.3559     8.3951     1.3622    88.8717 5.8399e+01  -68.03062  -69.28592 338.709447      99.95 1.1282e+03   1104.208      26502         23  0.000e+00
     15.267     15.113    -0.8478  27.446437    -0.8509  27.443042     8.3600     8.3957     1.3622    88.8717 5.8399e+01  -68.03062  -69.28592 338.709447      99.95 1.1282e+03   1104.250      26503         23  0.000e+00
     15.253     15.100    -0.8469  27.446551    -0.8499  27.443377     8.3626     8.3907     1.3622    88.8717 5.8399e+01  -68.03062  -69.28592 338.709448      99.98 1.1282e+03   1104.292      26504         23  0.000e+00
     15.253     15.100    -0.8468  27.447123    -0.8493  27.443377     8.3653     8.3906     1.3622    88.8717 5.8399e+01  -68.03062  -69.28592 338.709448      99.98 1.1282e+03   1104.333      26505         23  0.000e+00
     15.267     15.114    -0.8467  27.447352    -0.8493  27.443601     8.3678     8.3897     1.3622    88.8717 5.8399e+01  -68.03062  -69.28592 338.709449      99.98 1.1282e+03   1104.375      26506         23  0.000e+00
     15.198     15.046    -0.8466  27.447352    -0.8491  27.444047     8.3746     8.3896     1.3622    88.8717 5.8399e+01  -68.03062  -69.28592 338.709449      99.98 1.1282e+03   1104.417      26507         23  0.000e+00
     15.322     15.168    -0.8465  27.447123    -0.8487  27.444606     8.3784     8.3897     1.3622    88.8717 5.8399e+01  -68.03062  -69.28592 338.709450      99.98 1.1282e+03   1104.458      26508         23  0.000e+00
     15.253     15.100    -0.8470  27.446894    -0.8486  27.444886     8.3805     8.3897     1.3622    88.8717 5.8399e+01  -68.03062  -69.28592 338.709450      99.98 1.1282e+03   1104.500      26509         23  0.000e+00
     15.267     15.114    -0.8472  27.447181    -0.8485  27.444997     8.3764     8.3898     1.3622    88.8717 5.8399e+01  -68.03062  -69.28592 338.709451      99.95 1.1282e+03   1104.542      26510         23  0.000e+00
     15.301     15.147    -0.8467  27.447696    -0.8486  27.444942     8.3647     8.3901     1.3622    88.8717 5.8399e+01  -68.03062  -69.28592 338.709451      99.95 1.1282e+03   1104.583      26511         23  0.000e+00
     15.267     15.114    -0.8462  27.447638    -0.8483  27.445389     8.3693     8.3901     1.3622    88.8717 5.8399e+01  -68.03062  -69.28592 338.709452      99.98 1.1282e+03   1104.625      26512         23  0.000e+00
     15.301     15.147    -0.8463  27.447409    -0.8477  27.445836     8.3637     8.3894     1.3622    88.8717 5.8233e+01  -68.03062  -69.28592 338.709452      99.98 1.1282e+03   1104.667      26513         23  0.000e+00
     15.575     15.419    -0.8470  27.447239    -0.8470  27.445725     8.3344     8.3914     1.3769    88.9747 5.6440e+01  -68.03062  -69.28594 338.709465      99.95 1.1282e+03   1105.792      26540         24  0.000e+00
     15.555     15.398    -0.8469  27.447353    -0.8470  27.445724     8.3261     8.3920     1.3769    88.9747 5.6440e+01  -68.03062  -69.28594 338.709466      99.98 1.1282e+03   1105.833      26541         24  0.000e+00
     15.575     15.419    -0.8470  27.447353    -0.8470  27.445725     8.3164     8.3918     1.3696    89.0262 5.6279e+01  -68.03062  -69.28594 338.709466      99.98 1.1265e+03   1105.875      26542         24  0.000e+00
     15.609     15.453    -0.8470  27.447696    -0.8468  27.445501     8.3113     8.3916     1.3696    89.0519 5.6279e+01  -68.03062  -69.28594 338.709467      99.98 1.1265e+03   1105.917      26543         24  0.000e+00
     15.575     15.419    -0.8469  27.447868    -0.8472  27.445613     8.3148     8.3914     1.3696    89.0519 5.6279e+01  -68.03062  -69.28594 338.709467      99.98 1.1265e+03   1105.958      26544         24  0.000e+00
     15.657     15.500    -0.8465  27.447868    -0.8470  27.445725     8.3125     8.3913     1.3696    89.0519 5.6119e+01  -68.03062  -69.28594 338.709468      99.98 1.1282e+03   1106.000      26545         24  0.000e+00
     15.575     15.419    -0.8465  27.448039    -0.8466  27.445892     8.3101     8.3909     1.3696    89.0519 5.5960e+01  -68.03062  -69.28594 338.709468      99.93 1.1265e+03   1106.042      26546         24  0.000e+00
     15.705     15.547    -0.8464  27.447925    -0.8465  27.446395     8.3079     8.3907     1.3696    89.0519 5.5960e+01  -68.03062  -69.28594 338.709469      99.95 1.1265e+03   1106.083      26547         24  0.000e+00
     15.657     15.500    -0.8465  27.448211    -0.8463  27.446675     8.3143     8.3904     1.3696    89.0519 5.5801e+01  -68.03062  -69.28594 338.709469      99.98 1.1265e+03   1106.125      26548         24  0.000e+00
     15.623     15.466    -0.8467  27.447982    -0.8464  27.446563     8.3164     8.3902     1.3696    89.0519 5.5801e+01  -68.03062  -69.28594 338.709470      99.98 1.1265e+03   1106.167      26549         24  0.000e+00
     15.705     15.547    -0.8469  27.447468    -0.8466  27.446284     8.3186     8.3910     1.3769    89.0519 5.5642e+01  -68.03062  -69.28594 338.709470      99.95 1.1265e+03   1106.208      26550         24  0.000e+00
     15.678     15.520    -0.8470  27.446953    -0.8466  27.446451     8.3149     8.3917     1.3696    89.0519 5.5642e+01  -68.03062  -69.28594 338.709470      99.93 1.1265e+03   1106.250      26551         24  0.000e+00
     15.705     15.547    -0.8470  27.446781    -0.8468  27.446675     8.3217     8.3925     1.3769    89.0519 5.5484e+01  -68.03062  -69.28594 338.709471      99.95 1.1265e+03   1106.292      26552         24  0.000e+00
     15.726     15.568    -0.8475  27.446781    -0.8464  27.446787     8.3182     8.3923     1.3696    89.0519 5.5484e+01  -68.03062  -69.28594 338.709471      99.98 1.1265e+03   1106.333      26553         24  0.000e+00
     15.760     15.602    -0.8473  27.446610    -0.8463  27.446731     8.3134     8.3923     1.3476    89.0519 5.5484e+01  -68.03062  -69.28594 338.709472      99.98 1.1265e+03   1106.375      26554         24  0.000e+00
     15.705     15.547    -0.8476  27.446552    -0.8461  27.446786     8.3132     8.3921     1.3403    89.0519 5.5327e+01  -68.03062  -69.28594 338.709472      99.98 1.1265e+03   1106.417      26555         24  0.000e+00
     15.774     15.615    -0.8480  27.446324    -0.8455  27.447345     8.3207     8.3918     1.3329    89.0519 5.5327e+01  -68.03062  -69.28594 338.709473      99.98 1.1265e+03   1106.458      26556         24  0.000e+00
     15.760     15.602    -0.8478  27.446438    -0.8452  27.447681     8.3295     8.3917     1.3329    89.0519 5.5170e+01  -68.03062  -69.28594 338.709473      99.98 1.1265e+03   1106.500      26557         24  0.000e+00
     15.774     15.615    -0.8481  27.446724    -0.8449  27.447457     8.3341     8.3915     1.3329    89.0519 5.5170e+01  -68.03062  -69.28594 338.709474      99.95 1.1265e+03   1106.542      26558         24  0.000e+00
     15.760     15.602    -0.8475  27.447354    -0.8450  27.447848     8.3429     8.3914     1.3403    89.0519 5.5013e+01  -68.03062  -69.28594 338.709474      99.95 1.1265e+03   1106.583      26559         24  0.000e+00
     15.828     15.669    -0.8460  27.448326    -0.8451  27.447737     8.3443     8.3914     1.3329    89.0519 5.5013e+01  -68.03062  -69.28594 338.709475      99.98 1.1265e+03   1106.625      26560         24  0.000e+00
     15.760     15.602    -0.8457  27.448784    -0.8451  27.447736     8.3412     8.3912     1.3329    89.0519 5.4856e+01  -68.03062  -69.28594 338.709475      99.98 1.1265e+03   1106.667      26561         24  0.000e+00
     15.808     15.649    -0.8458  27.449299    -0.8449  27.447625     8.3355     8.3911     1.3329    89.0262 5.4856e+01  -68.03062  -69.28594 338.709476      99.95 1.1265e+03   1106.708      26562         24  0.000e+00
     15.828     15.669    -0.8448  27.449642    -0.8451  27.448128     8.3341     8.3919     1.3329    89.0004 5.4701e+01  -68.03062  -69.28594 338.709476      99.95 1.1265e+03   1106.750      26563         24  0.000e+00
     15.808     15.649    -0.8444  27.450042    -0.8450  27.447960     8.3387     8.3918     1.3329    89.0004 5.4701e+01  -68.03062  -69.28594 338.709477      99.98 1.1265e+03   1106.792      26564         24  0.000e+00
     15.828     15.669    -0.8438  27.449985    -0.8449  27.447792     8.3343     8.3918     1.3329    89.0004 5.4701e+01  -68.03062  -69.28594 338.709477      99.98 1.1265e+03   1106.833      26565         24  0.000e+00
     15.863     15.703    -0.8442  27.449928    -0.8449  27.448016     8.3346     8.3917     1.3403    89.0004 5.4701e+01  -68.03062  -69.28594 338.709478      99.98 1.1265e+03   1106.875      26566         24  0.000e+00
     15.876     15.717    -0.8439  27.450100    -0.8448  27.448072     8.3275     8.3916     1.3329    89.0004 5.4545e+01  -68.03062  -69.28594 338.709478      99.98 1.1265e+03   1106.917      26567         24  0.000e+00
     15.808     15.649    -0.8442  27.449985    -0.8449  27.447904     8.3250     8.3915     1.3403    89.0262 5.4545e+01  -68.03062  -69.28594 338.709479      99.98 1.1265e+03   1106.958      26568         24  0.000e+00
     15.863     15.703    -0.8440  27.449528    -0.8451  27.448016     8.3300     8.3915     1.3403    89.0004 5.4545e+01  -68.03062  -69.28594 338.709479      99.98 1.1247e+03   1107.000      26569         24  0.000e+00
     15.876     15.717    -0.8445  27.449242    -0.8450  27.448072     8.3233     8.3915     1.3329    89.0004 5.4390e+01  -68.03062  -69.28594 338.709480      99.95 1.1247e+03   1107.042      26570         24  0.000e+00
