NBP2113_155081_ctd/data/nbp2113_040.ros
* Sea-Bird SBE 9 Data File:
* FileName = D:\Data\raw\NBP2113_040.hex
* Software Version Seasave V 7.26.7.121
* Temperature SN = 2438
* Conductivity SN = 2067
* Number of Bytes Per Scan = 40
* Number of Voltage Words = 5
* Number of Scans Averaged by the Deck Unit = 1
* NMEA Latitude = 64 51.74 S
* NMEA Longitude = 063 55.31 W
* NMEA UTC (Time) = Dec 10 2021  12:43:38
* NMEA baud rate = 9600
** Ship: RVIB N.B. Palmer
** Cruise: NBP2113 LTER
** Station: 621.028
** Operator: B. Urmston
# nquan = 20
# nvalues = 1139                                  
# units = specified
# name 0 = prDM: Pressure, Digiquartz [db]
# name 1 = depSM: Depth [salt water, m]
# name 2 = t090C: Temperature [ITS-90, deg C]
# name 3 = c0mS/cm: Conductivity [mS/cm]
# name 4 = t190C: Temperature, 2 [ITS-90, deg C]
# name 5 = c1mS/cm: Conductivity, 2 [mS/cm]
# name 6 = sbeox0ML/L: Oxygen, SBE 43 [ml/l]
# name 7 = sbeox1ML/L: Oxygen, SBE 43, 2 [ml/l]
# name 8 = flECO-AFL: Fluorescence, WET Labs ECO-AFL/FL [mg/m^3]
# name 9 = CStarTr0: Beam Transmission, WET Labs C-Star [%]
# name 10 = par: PAR/Irradiance, Biospherical/Licor
# name 11 = latitude: Latitude [deg]
# name 12 = longitude: Longitude [deg]
# name 13 = timeJ: Julian Days
# name 14 = altM: Altimeter [m]
# name 15 = spar: SPAR, Biospherical/Licor
# name 16 = timeS: Time, Elapsed [seconds]
# name 17 = scan: Scan Count
# name 18 = nbf: Bottles Fired
# name 19 = flag:  0.000e+00
# interval = seconds: 0.0416667
# start_time = Dec 10 2021 12:43:38 [NMEA time, header]
# bad_flag = -9.990e-29
*END*
[from data line 145]
    302.074    298.898     1.2541  29.971967     1.2535  29.970420     4.3528     4.4028    -0.0077    94.6654 1.0000e-12  -64.86198  -63.92202 344.544354      86.11 3.5434e+02   1214.208      29142          3  0.000e+00
    301.992    298.816     1.2539  29.972321     1.2533  29.971229     4.3517     4.4077    -0.0077    94.6396 1.0000e-12  -64.86198  -63.92202 344.544355      86.13 3.5434e+02   1214.250      29143          3  0.000e+00
    302.359    299.179     1.2233  29.957194     1.2274  29.956854     4.3642     4.4061    -0.0077    94.6911 1.0000e-12  -64.86196  -63.92202 344.544569      86.54 3.5434e+02   1232.750      29587          4  0.000e+00
    302.339    299.159     1.2228  29.940174     1.2272  29.951369     4.3595     4.4069    -0.0077    94.6911 1.0000e-12  -64.86196  -63.92202 344.544569      86.62 3.5434e+02   1232.792      29588          4  0.000e+00
    302.311    299.132     1.2260  29.936805     1.2347  29.941034     4.3539     4.4063    -0.0077    94.6911 1.0000e-12  -64.86196  -63.92202 344.544570      86.62 3.5434e+02   1232.833      29589          4  0.000e+00
    302.339    299.159     1.2280  29.940410     1.2397  29.948308     4.3583     4.4053    -0.0077    94.6911 1.0000e-12  -64.86196  -63.92202 344.544570      86.59 3.5434e+02   1232.875      29590          4  0.000e+00
    302.311    299.132     1.2307  29.944546     1.2418  29.956044     4.3595     4.4045    -0.0077    94.6911 1.0000e-12  -64.86196  -63.92202 344.544571      86.59 3.5434e+02   1232.917      29591          4  0.000e+00
    302.256    299.077     1.2395  29.947677     1.2448  29.958815     4.3589     4.4038    -0.0077    94.6911 1.0000e-12  -64.86196  -63.92202 344.544571      86.59 3.5434e+02   1232.958      29592          4  0.000e+00
    302.387    299.207     1.2462  29.953232     1.2480  29.960432     4.3515     4.4032    -0.0077    94.6911 1.0000e-12  -64.86196  -63.92202 344.544572      86.59 3.5434e+02   1233.000      29593          4  0.000e+00
    302.256    299.077     1.2472  29.962747     1.2484  29.963780     4.3557     4.4035    -0.0077    94.6911 1.0000e-12  -64.86196  -63.92202 344.544572      86.59 3.5434e+02   1233.042      29594          4  0.000e+00
    302.311    299.132     1.2442  29.966649     1.2478  29.965455     4.3563     4.4042    -0.0077    94.6911 1.0000e-12  -64.86196  -63.92202 344.544573      86.59 3.5434e+02   1233.083      29595          4  0.000e+00
    302.236    299.057     1.2411  29.965526     1.2445  29.964878     4.3569     4.4051    -0.0077    94.6654 1.0000e-12  -64.86196  -63.92202 344.544573      86.59 3.5434e+02   1233.125      29596          4  0.000e+00
    302.311    299.132     1.2398  29.960206     1.2399  29.963204     4.3633     4.4055    -0.0077    94.6911 1.0000e-12  -64.86196  -63.92202 344.544574      86.57 3.5434e+02   1233.167      29597          4  0.000e+00
    302.256    299.078     1.2403  29.957192     1.2386  29.956853     4.3593     4.4065    -0.0077    94.6911 1.0000e-12  -64.86196  -63.92202 344.544574      86.91 3.5434e+02   1233.208      29598          4  0.000e+00
    302.236    299.057     1.2401  29.957842     1.2387  29.953273     4.3596     4.4074    -0.0077    94.6911 1.0000e-12  -64.86196  -63.92202 344.544575      87.45 3.5434e+02   1233.250      29599          4  0.000e+00
    302.256    299.078     1.2339  29.959675     1.2404  29.953561     4.3605     4.4079    -0.0077    94.6911 1.0000e-12  -64.86196  -63.92202 344.544575      87.59 3.5434e+02   1233.292      29600          4  0.000e+00
    302.208    299.030     1.2282  29.953824     1.2306  29.956853     4.3602     4.4095    -0.0077    94.6911 1.0000e-12  -64.86196  -63.92202 344.544576      87.59 3.5434e+02   1233.333      29601          4  0.000e+00
    302.236    299.057     1.2174  29.949333     1.2171  29.954949     4.3630     4.4109    -0.0077    94.6911 1.0000e-12  -64.86196  -63.92202 344.544576      87.55 3.5434e+02   1233.375      29602          4  0.000e+00
    302.208    299.030     1.2100  29.939347     1.2103  29.936996     4.3644     4.4122    -0.0077    94.6911 1.0000e-12  -64.86196  -63.92202 344.544577      87.57 3.5434e+02   1233.417      29603          4  0.000e+00
    302.208    299.030     1.2059  29.927885     1.2079  29.926087     4.3643     4.4128    -0.0077    94.7426 1.0000e-12  -64.86196  -63.92202 344.544577      87.55 3.5434e+02   1233.458      29604          4  0.000e+00
    302.133    298.955     1.2046  29.922863     1.2065  29.923201     4.3648     4.4130    -0.0077    94.7684 1.0000e-12  -64.86196  -63.92202 344.544578      87.52 3.5434e+02   1233.500      29605          4  0.000e+00
    302.208    299.030     1.2048  29.920677     1.2106  29.921354     4.3652     4.4127    -0.0077    94.7941 1.0000e-12  -64.86196  -63.92202 344.544578      87.55 3.5434e+02   1233.542      29606          4  0.000e+00
    302.188    299.010     1.2045  29.920382     1.2159  29.925393     4.3655     4.4120    -0.0077    94.7684 1.0000e-12  -64.86196  -63.92202 344.544579      87.55 3.5434e+02   1233.583      29607          4  0.000e+00
    302.153    298.976     1.2037  29.920677     1.2239  29.930818     4.3644     4.4109    -0.0077    94.7684 1.0000e-12  -64.86196  -63.92202 344.544579      87.57 3.5434e+02   1233.625      29608          4  0.000e+00
    302.153    298.976     1.2078  29.920086     1.2266  29.937802     4.3643     4.4104    -0.0077    94.7684 1.0000e-12  -64.86196  -63.92202 344.544579      87.55 3.5434e+02   1233.667      29609          4  0.000e+00
    302.133    298.955     1.2122  29.921740     1.2281  29.943863     4.3640     4.4099    -0.0077    94.7684 1.0000e-12  -64.86196  -63.92202 344.544580      87.52 3.5434e+02   1233.708      29610          4  0.000e+00
    302.153    298.976     1.2141  29.927057     1.2222  29.944383     4.3568     4.4105    -0.0077    94.7684 1.0000e-12  -64.86196  -63.92202 344.544580      87.23 3.5434e+02   1233.750      29611          4  0.000e+00
    302.105    298.928     1.2133  29.931252     1.2159  29.940574     4.3600     4.4112    -0.0150    94.7684 1.0000e-12  -64.86196  -63.92202 344.544581      87.03 3.5434e+02   1233.792      29612          4  0.000e+00
    302.085    298.908     1.2179  29.930660     1.2125  29.932204     4.3654     4.4118    -0.0224    94.7684 1.0000e-12  -64.86196  -63.92202 344.544581      86.98 3.5434e+02   1233.833      29613          4  0.000e+00
    302.105    298.928     1.2241  29.933496     1.2125  29.927067     4.3604     4.4120    -0.0224    94.7684 1.0000e-12  -64.86196  -63.92202 344.544582      87.01 3.5434e+02   1233.875      29614          4  0.000e+00
    302.105    298.928     1.2205  29.940705     1.2125  29.927067     4.3606     4.4119    -0.0224    94.7684 1.0000e-12  -64.86196  -63.92202 344.544582      87.01 3.5434e+02   1233.917      29615          4  0.000e+00
    302.085    298.908     1.2148  29.941828     1.2144  29.927760     4.3655     4.4117    -0.0224    94.7684 1.0000e-12  -64.86196  -63.92202 344.544583      87.01 3.5434e+02   1233.958      29616          4  0.000e+00
    302.050    298.874     1.2150  29.934856     1.2157  29.929260     4.3614     4.4114    -0.0224    94.7684 1.0000e-12  -64.86196  -63.92202 344.544583      86.98 3.5434e+02   1234.000      29617          4  0.000e+00
    302.050    298.874     1.2138  29.932847     1.2141  29.933012     4.3616     4.4114    -0.0224    94.7684 1.0000e-12  -64.86196  -63.92202 344.544584      87.01 3.5434e+02   1234.042      29618          4  0.000e+00
    302.085    298.908     1.2134  29.930956     1.2131  29.931742     4.3603     4.4115    -0.0224    94.7684 1.0000e-12  -64.86196  -63.92202 344.544584      87.01 3.5434e+02   1234.083      29619          4  0.000e+00
    302.002    298.826     1.2117  29.929006     1.2108  29.928683     4.3618     4.4118    -0.0224    94.7684 1.0000e-12  -64.86196  -63.92202 344.544585      87.01 3.5434e+02   1234.125      29620          4  0.000e+00
    302.050    298.874     1.2120  29.927884     1.2066  29.927760     4.3619     4.4122    -0.0224    94.7684 1.0000e-12  -64.86196  -63.92202 344.544585      86.98 3.5434e+02   1234.167      29621          4  0.000e+00
    302.030    298.853     1.2095  29.927352     1.2042  29.923720     4.3608     4.4126    -0.0224    94.7684 1.0000e-12  -64.86196  -63.92202 344.544586      87.20 3.5434e+02   1234.208      29622          4  0.000e+00
    301.947    298.772     1.2061  29.927589     1.2069  29.920257     4.3653     4.4124    -0.0224    94.7684 1.0000e-12  -64.86196  -63.92202 344.544586      87.59 3.5434e+02   1234.250      29623          4  0.000e+00
    302.002    298.826     1.2038  29.923985     1.2126  29.920141     4.3612     4.4118    -0.0224    94.7426 1.0000e-12  -64.86196  -63.92202 344.544587      87.69 3.5434e+02   1234.292      29624          4  0.000e+00
    301.982    298.806     1.2045  29.920086     1.2233  29.925796     4.3611     4.4159    -0.0224    94.7169 1.0000e-12  -64.86196  -63.92202 344.544587      87.67 3.5434e+02   1234.333      29625          4  0.000e+00
    302.002    298.826     1.2047  29.919791     1.2343  29.932259     4.3609     4.4153    -0.0224    94.7169 1.0000e-12  -64.86196  -63.92202 344.544588      87.67 3.5434e+02   1234.375      29626          4  0.000e+00
    301.947    298.772     1.2054  29.920086     1.2397  29.946344     4.3606     4.4149    -0.0224    94.7169 1.0000e-12  -64.86196  -63.92202 344.544588      87.67 3.5434e+02   1234.417      29627          4  0.000e+00
    301.982    298.806     1.2059  29.921208     1.2413  29.955235     4.3604     4.4106    -0.0224    94.7169 1.0000e-12  -64.86196  -63.92202 344.544589      87.67 3.5434e+02   1234.458      29628          4  0.000e+00
    301.947    298.772     1.2073  29.921504     1.2419  29.957948     4.3614     4.4103    -0.0224    94.7169 1.0000e-12  -64.86196  -63.92202 344.544589      87.64 3.5434e+02   1234.500      29629          4  0.000e+00
    301.947    298.772     1.2064  29.922862     1.2428  29.958814     4.3614     4.4101    -0.0224    94.7169 1.0000e-12  -64.86196  -63.92202 344.544590      87.67 3.5434e+02   1234.542      29630          4  0.000e+00
    301.934    298.758     1.2062  29.922331     1.2435  29.958814     4.3683     4.4099    -0.0224    94.7169 1.0000e-12  -64.86196  -63.92202 344.544590      87.67 3.5434e+02   1234.583      29631          4  0.000e+00
    301.899    298.724     1.2084  29.922330     1.2469  29.959622     4.3692     4.4148    -0.0224    94.7169 1.0000e-12  -64.86196  -63.92202 344.544591      87.67 3.5434e+02   1234.625      29632          4  0.000e+00
    301.879    298.704     1.2146  29.923984     1.2486  29.961008     4.3640     4.4099    -0.0224    94.7169 1.0000e-12  -64.86196  -63.92202 344.544591      87.64 3.5434e+02   1234.667      29633          4  0.000e+00
    301.947    298.772     1.2216  29.929537     1.2465  29.964646     4.3617     4.4152    -0.0224    94.7169 1.0000e-12  -64.86196  -63.92202 344.544592      87.62 3.5434e+02   1234.708      29634          4  0.000e+00
    301.851    298.677     1.2299  29.936272     1.2450  29.964299     4.3660     4.4106    -0.0224    94.7169 1.0000e-12  -64.86196  -63.92202 344.544592      87.59 3.5434e+02   1234.750      29635          4  0.000e+00
    252.668    250.040     1.0412  29.724602     1.0397  29.721624     4.6302     4.6964     0.0069    94.7684 1.0000e-12  -64.86196  -63.92208 344.545802      99.98 3.3671e+02   1339.250      32143          5  0.000e+00
    252.668    250.040     1.0411  29.724778     1.0397  29.721912     4.6297     4.6965     0.0069    94.7941 1.0000e-12  -64.86196  -63.92208 344.545802      99.98 3.3671e+02   1339.292      32144          5  0.000e+00
    252.668    250.040     1.0410  29.724307     1.0397  29.722199     4.6335     4.6965     0.0069    94.7941 1.0000e-12  -64.86196  -63.92208 344.545802      99.98 3.3671e+02   1339.333      32145          5  0.000e+00
    252.668    250.040     1.0414  29.724248     1.0400  29.722199     4.6341     4.6964     0.0069    94.7684 1.0000e-12  -64.86196  -63.92208 344.545803      99.98 3.3671e+02   1339.375      32146          5  0.000e+00
    252.668    250.040     1.0411  29.724307     1.0403  29.722199     4.6334     4.6963     0.0069    94.7684 1.0000e-12  -64.86196  -63.92208 344.545803      99.98 3.3671e+02   1339.417      32147          5  0.000e+00
    252.626    250.000     1.0414  29.724778     1.0403  29.722429     4.6268     4.6961     0.0069    94.7684 1.0000e-12  -64.86196  -63.92208 344.545804      99.95 3.3671e+02   1339.458      32148          5  0.000e+00
    252.668    250.040     1.0426  29.724307     1.0404  29.722717     4.6315     4.6958     0.0069    94.7684 1.0000e-12  -64.86196  -63.92208 344.545804      99.95 3.3671e+02   1339.500      32149          5  0.000e+00
    252.613    249.986     1.0430  29.725367     1.0404  29.722717     4.6318     4.6955     0.0069    94.7426 1.0000e-12  -64.86196  -63.92208 344.545805      99.98 3.3671e+02   1339.542      32150          5  0.000e+00
    252.716    250.088     1.0432  29.726782     1.0411  29.722430     4.6321     4.6951     0.0069    94.7426 1.0000e-12  -64.86196  -63.92208 344.545805      99.98 3.3671e+02   1339.583      32151          5  0.000e+00
    252.613    249.986     1.0432  29.727017     1.0411  29.723293     4.6253     4.6946     0.0069    94.7426 1.0000e-12  -64.86196  -63.92208 344.545806      99.98 3.3671e+02   1339.625      32152          5  0.000e+00
    252.510    249.884     1.0432  29.727901     1.0414  29.723523     4.6354     4.6940     0.0069    94.7426 1.0000e-12  -64.86196  -63.92208 344.545806      99.95 3.3671e+02   1339.667      32153          5  0.000e+00
    252.730    250.102     1.0416  29.727548     1.0414  29.723811     4.6315     4.6935     0.0069    94.7426 1.0000e-12  -64.86196  -63.92208 344.545807      99.95 3.3671e+02   1339.708      32154          5  0.000e+00
    252.613    249.986     1.0402  29.726252     1.0415  29.723811     4.6317     4.6928     0.0069    94.7426 1.0000e-12  -64.86196  -63.92208 344.545807      99.98 3.3671e+02   1339.750      32155          5  0.000e+00
    252.668    250.041     1.0393  29.724248     1.0415  29.723811     4.6249     4.6921     0.0069    94.7426 1.0000e-12  -64.86196  -63.92208 344.545808      99.98 3.3671e+02   1339.792      32156          5  0.000e+00
    252.613    249.986     1.0395  29.722539     1.0414  29.724099     4.6349     4.6913     0.0069    94.7426 1.0000e-12  -64.86196  -63.92208 344.545808      99.98 3.3671e+02   1339.833      32157          5  0.000e+00
    252.613    249.986     1.0389  29.722068     1.0414  29.723293     4.6247     4.6904     0.0069    94.7426 1.0000e-12  -64.86196  -63.92208 344.545809      99.98 3.3671e+02   1339.875      32158          5  0.000e+00
    252.627    250.000     1.0390  29.722009     1.0413  29.723523     4.6233     4.6904     0.0069    94.7426 1.0000e-12  -64.86196  -63.92208 344.545809      99.98 3.3671e+02   1339.917      32159          5  0.000e+00
    252.565    249.939     1.0392  29.721537     1.0413  29.723523     4.6275     4.6902     0.0069    94.7426 1.0000e-12  -64.86196  -63.92208 344.545810      99.98 3.3671e+02   1339.958      32160          5  0.000e+00
    252.668    250.041     1.0395  29.722009     1.0414  29.723523     4.6286     4.6902     0.0069    94.7426 1.0000e-12  -64.86196  -63.92208 344.545810      99.98 3.3671e+02   1340.000      32161          5  0.000e+00
    252.565    249.939     1.0394  29.722067     1.0412  29.723523     4.6283     4.6899    -0.0004    94.7426 1.0000e-12  -64.86196  -63.92208 344.545811      99.98 3.3671e+02   1340.042      32162          5  0.000e+00
    252.668    250.041     1.0394  29.722303     1.0419  29.723811     4.6225     4.6889    -0.0004    94.7426 1.0000e-12  -64.86196  -63.92208 344.545811      99.98 3.3671e+02   1340.083      32163          5  0.000e+00
