NBP2113_155081_ctd/data/nbp2113_027.ros
* Sea-Bird SBE 9 Data File:
* FileName = D:\Data\raw\NBP2113_027.hex
* Software Version Seasave V 7.26.7.121
* Temperature SN = 2438
* Conductivity SN = 2067
* Number of Bytes Per Scan = 40
* Number of Voltage Words = 5
* Number of Scans Averaged by the Deck Unit = 1
* NMEA Latitude = 68 01.82 S
* NMEA Longitude = 069 17.07 W
* NMEA UTC (Time) = Dec 04 2021  08:59:20
* NMEA baud rate = 9600
** Ship: RVIB N.B. Palmer
** Cruise: NBP2113 LTER
** Station: 200.-040
** Operator: B. Urmston
# nquan = 20
# nvalues = 1156                                  
# units = specified
# name 0 = prDM: Pressure, Digiquartz [db]
# name 1 = depSM: Depth [salt water, m]
# name 2 = t090C: Temperature [ITS-90, deg C]
# name 3 = c0mS/cm: Conductivity [mS/cm]
# name 4 = t190C: Temperature, 2 [ITS-90, deg C]
# name 5 = c1mS/cm: Conductivity, 2 [mS/cm]
# name 6 = sbeox0ML/L: Oxygen, SBE 43 [ml/l]
# name 7 = sbeox1ML/L: Oxygen, SBE 43, 2 [ml/l]
# name 8 = flECO-AFL: Fluorescence, WET Labs ECO-AFL/FL [mg/m^3]
# name 9 = CStarTr0: Beam Transmission, WET Labs C-Star [%]
# name 10 = par: PAR/Irradiance, Biospherical/Licor
# name 11 = latitude: Latitude [deg]
# name 12 = longitude: Longitude [deg]
# name 13 = timeJ: Julian Days
# name 14 = altM: Altimeter [m]
# name 15 = spar: SPAR, Biospherical/Licor
# name 16 = timeS: Time, Elapsed [seconds]
# name 17 = scan: Scan Count
# name 18 = nbf: Bottles Fired
# name 19 = flag:  0.000e+00
# interval = seconds: 0.0416667
# start_time = Dec 04 2021 08:59:20 [NMEA time, header]
# bad_flag = -9.990e-29
*END*
[from data line 797]
     27.471     27.195    -0.9197  27.388712    -0.9211  27.385999     8.1881     8.2793     2.1608    89.0004 2.1350e+00  -68.03010  -69.28440 338.396803      99.98 1.3927e+02   1923.750      46171         17  0.000e+00
     27.444     27.168    -0.9198  27.388655    -0.9210  27.385943     8.1874     8.2737     2.1681    89.0004 2.1350e+00  -68.03010  -69.28442 338.396803      99.98 1.3927e+02   1923.792      46172         17  0.000e+00
     27.444     27.168    -0.9195  27.388426    -0.9209  27.385999     8.1927     8.2729     2.1681    89.0004 2.1350e+00  -68.03010  -69.28442 338.396804      99.98 1.3927e+02   1923.833      46173         17  0.000e+00
     27.444     27.168    -0.9198  27.388541    -0.9207  27.386054     8.1877     8.2775     2.1608    89.0004 2.1350e+00  -68.03010  -69.28442 338.396804      99.95 1.3927e+02   1923.875      46174         17  0.000e+00
     27.444     27.168    -0.9192  27.388598    -0.9208  27.386334     8.1857     8.2775     2.1681    89.0004 2.1350e+00  -68.03010  -69.28442 338.396805      99.95 1.3927e+02   1923.917      46175         17  0.000e+00
     27.499     27.222    -0.9190  27.388941    -0.9207  27.386110     8.1913     8.2720     2.1681    89.0004 2.1350e+00  -68.03010  -69.28442 338.396805      99.98 1.3927e+02   1923.958      46176         17  0.000e+00
     27.471     27.195    -0.9186  27.388712    -0.9207  27.386222     8.2041     8.2710     2.1608    89.0004 2.1271e+00  -68.03010  -69.28442 338.396806      99.98 1.3927e+02   1924.000      46177         17  0.000e+00
     27.444     27.168    -0.9190  27.388598    -0.9203  27.386669     8.2080     8.2755     2.1608    89.0004 2.1350e+00  -68.03010  -69.28442 338.396806      99.98 1.3927e+02   1924.042      46178         17  0.000e+00
     27.499     27.222    -0.9190  27.388598    -0.9201  27.386725     8.2133     8.2755     2.1681    89.0004 2.1271e+00  -68.03010  -69.28442 338.396807      99.98 1.3927e+02   1924.083      46179         17  0.000e+00
     27.444     27.168    -0.9192  27.388598    -0.9205  27.386613     8.2111     8.2754     2.1681    89.0004 2.1271e+00  -68.03010  -69.28442 338.396807      99.98 1.3927e+02   1924.125      46180         17  0.000e+00
     27.499     27.222    -0.9192  27.388198    -0.9207  27.386390     8.2136     8.2753     2.1681    89.0004 2.1271e+00  -68.03010  -69.28442 338.396807      99.98 1.3927e+02   1924.167      46181         17  0.000e+00
     27.499     27.222    -0.9189  27.388655    -0.9200  27.386390     8.2144     8.2694     2.1681    89.0004 2.1271e+00  -68.03010  -69.28442 338.396808      99.95 1.3927e+02   1924.208      46182         17  0.000e+00
     27.519     27.242    -0.9189  27.388655    -0.9200  27.386557     8.2168     8.2693     2.0362    89.0004 2.1271e+00  -68.03010  -69.28442 338.396808      99.98 1.3927e+02   1924.250      46183         17  0.000e+00
     27.499     27.222    -0.9187  27.388769    -0.9197  27.386948     8.2131     8.2691     1.8970    89.0004 2.1271e+00  -68.03010  -69.28442 338.396809      99.98 1.3927e+02   1924.292      46184         17  0.000e+00
     27.444     27.168    -0.9187  27.388883    -0.9197  27.387115     8.2200     8.2680     1.8604    89.0004 2.1193e+00  -68.03010  -69.28442 338.396809      99.98 1.3927e+02   1924.333      46185         17  0.000e+00
     27.547     27.270    -0.9187  27.388655    -0.9197  27.386948     8.2151     8.2681     1.8677    89.0004 2.1271e+00  -68.03010  -69.28442 338.396810      99.95 1.3927e+02   1924.375      46186         17  0.000e+00
     27.547     27.270    -0.9187  27.388598    -0.9199  27.387060     8.2161     8.2727     1.8751    89.0004 2.1271e+00  -68.03010  -69.28442 338.396810      99.95 1.3927e+02   1924.417      46187         17  0.000e+00
     27.472     27.195    -0.9187  27.388941    -0.9197  27.386724     8.2126     8.2725     1.8751    89.1034 2.1271e+00  -68.03010  -69.28442 338.396811      99.95 1.3927e+02   1924.458      46188         17  0.000e+00
     27.547     27.270    -0.9184  27.388541    -0.9200  27.387060     8.2198     8.2734     1.8751    89.1549 2.1193e+00  -68.03010  -69.28442 338.396811      99.98 1.3927e+02   1924.500      46189         17  0.000e+00
     27.547     27.270    -0.9184  27.388483    -0.9200  27.386892     8.2152     8.2677     1.8751    89.1549 2.1193e+00  -68.03010  -69.28442 338.396812      99.98 1.3927e+02   1924.542      46190         17  0.000e+00
     27.499     27.222    -0.9186  27.388541    -0.9199  27.387004     8.2153     8.2721     1.8751    89.1549 2.1193e+00  -68.03010  -69.28442 338.396812      99.98 1.3927e+02   1924.583      46191         17  0.000e+00
     27.595     27.317    -0.9185  27.388769    -0.9199  27.386892     8.2155     8.2720     1.8751    89.1549 2.1193e+00  -68.03010  -69.28442 338.396813      99.98 1.3927e+02   1924.625      46192         17  0.000e+00
     27.698     27.419    -0.9184  27.389170    -0.9194  27.386948     8.2247     8.2608     1.9996    89.0519 2.0958e+00  -68.03010  -69.28442 338.396823      99.98 1.3927e+02   1925.500      46213         18  0.000e+00
     27.650     27.372    -0.9184  27.389113    -0.9196  27.387060     8.2207     8.2608     1.9996    89.0519 2.0881e+00  -68.03010  -69.28442 338.396823      99.98 1.3927e+02   1925.542      46214         18  0.000e+00
     27.698     27.419    -0.9185  27.389113    -0.9195  27.386892     8.2200     8.2601     1.9996    89.0519 2.0881e+00  -68.03010  -69.28442 338.396824      99.98 1.3927e+02   1925.583      46215         18  0.000e+00
     27.753     27.474    -0.9186  27.389513    -0.9197  27.387004     8.2237     8.2603     1.9996    89.0519 2.0881e+00  -68.03010  -69.28442 338.396824      99.98 1.3927e+02   1925.625      46216         18  0.000e+00
     27.678     27.399    -0.9182  27.389570    -0.9196  27.387172     8.2226     8.2659     1.9996    89.0519 2.0881e+00  -68.03010  -69.28442 338.396825      99.98 1.3927e+02   1925.667      46217         18  0.000e+00
     27.753     27.474    -0.9180  27.389799    -0.9197  27.387339     8.2170     8.2614     1.9996    89.0519 2.0803e+00  -68.03010  -69.28442 338.396825      99.95 1.3927e+02   1925.708      46218         18  0.000e+00
     27.698     27.419    -0.9179  27.389913    -0.9196  27.387562     8.2159     8.2615     1.9996    89.0519 2.0881e+00  -68.03010  -69.28442 338.396826      99.95 1.3927e+02   1925.750      46219         18  0.000e+00
     27.753     27.474    -0.9174  27.390256    -0.9190  27.387116     8.2252     8.2617     1.9996    89.0519 2.0803e+00  -68.03010  -69.28442 338.396826      99.98 1.3927e+02   1925.792      46220         18  0.000e+00
     27.753     27.474    -0.9176  27.389856    -0.9190  27.387060     8.2253     8.2611     1.9996    89.0519 2.0803e+00  -68.03010  -69.28442 338.396827      99.98 1.3927e+02   1925.833      46221         18  0.000e+00
     27.698     27.419    -0.9175  27.390027    -0.9192  27.387283     8.2266     8.2604     1.9996    89.0519 2.0803e+00  -68.03010  -69.28442 338.396827      99.95 1.3927e+02   1925.875      46222         18  0.000e+00
     27.774     27.494    -0.9175  27.389970    -0.9196  27.387060     8.2384     8.2608     1.9996    89.0519 2.0803e+00  -68.03010  -69.28442 338.396828      99.95 1.3927e+02   1925.917      46223         18  0.000e+00
     27.753     27.474    -0.9177  27.389913    -0.9196  27.387060     8.2348     8.2611     1.9996    89.0519 2.0803e+00  -68.03010  -69.28442 338.396828      99.98 1.3927e+02   1925.958      46224         18  0.000e+00
     27.753     27.474    -0.9176  27.389913    -0.9196  27.387451     8.2310     8.2604     1.9996    89.0519 2.0803e+00  -68.03010  -69.28442 338.396829      99.98 1.3927e+02   1926.000      46225         18  0.000e+00
     27.753     27.474    -0.9175  27.389742    -0.9197  27.387451     8.2286     8.2599     1.9996    89.0519 2.0803e+00  -68.03010  -69.28442 338.396829      99.98 1.3927e+02   1926.042      46226         18  0.000e+00
     27.753     27.474    -0.9176  27.389856    -0.9197  27.387228     8.2309     8.2602     1.9996    89.0519 2.0803e+00  -68.03010  -69.28442 338.396830      99.98 1.3927e+02   1926.083      46227         18  0.000e+00
     27.801     27.521    -0.9175  27.389742    -0.9197  27.387507     8.2332     8.2606     1.9996    89.1034 2.0803e+00  -68.03010  -69.28442 338.396830      99.98 1.3927e+02   1926.125      46228         18  0.000e+00
     27.774     27.494    -0.9179  27.389685    -0.9197  27.387619     8.2341     8.2610     1.9996    89.1549 2.0726e+00  -68.03010  -69.28442 338.396831      99.95 1.3927e+02   1926.167      46229         18  0.000e+00
     27.753     27.474    -0.9177  27.389685    -0.9194  27.387283     8.2290     8.2614     1.9996    89.1549 2.0726e+00  -68.03010  -69.28442 338.396831      99.95 1.3927e+02   1926.208      46230         18  0.000e+00
     27.801     27.521    -0.9175  27.389456    -0.9192  27.387507     8.2345     8.2609     1.9996    89.1549 2.0803e+00  -68.03010  -69.28442 338.396832      99.95 1.3927e+02   1926.250      46231         18  0.000e+00
     27.801     27.521    -0.9172  27.389913    -0.9190  27.387786     8.2353     8.2660     1.9996    89.1549 2.0803e+00  -68.03010  -69.28442 338.396832      99.98 1.3927e+02   1926.292      46232         18  0.000e+00
     27.753     27.474    -0.9173  27.389799    -0.9188  27.387898     8.2348     8.2607     1.9996    89.1549 2.0803e+00  -68.03010  -69.28442 338.396833      99.98 1.3927e+02   1926.333      46233         18  0.000e+00
     27.801     27.521    -0.9172  27.389685    -0.9186  27.387730     8.2357     8.2603     1.9996    89.1549 2.0803e+00  -68.03010  -69.28442 338.396833      99.93 1.3927e+02   1926.375      46234         18  0.000e+00
     27.774     27.494    -0.9173  27.389856    -0.9177  27.387618     8.2410     8.2596     1.9923    89.1549 2.0803e+00  -68.03010  -69.28442 338.396834      99.95 1.3927e+02   1926.417      46235         18  0.000e+00
     27.801     27.521    -0.9174  27.389513    -0.9166  27.387953     8.2358     8.2598     1.9044    89.1549 2.0803e+00  -68.03010  -69.28442 338.396834      99.98 1.3927e+02   1926.458      46236         18  0.000e+00
     27.801     27.521    -0.9172  27.389742    -0.9166  27.388009     8.2336     8.2603     1.8531    89.1549 2.0803e+00  -68.03010  -69.28442 338.396834      99.98 1.3927e+02   1926.500      46237         18  0.000e+00
     27.802     27.521    -0.9175  27.389742    -0.9173  27.388288     8.2328     8.2609     1.8458    89.1549 2.0803e+00  -68.03010  -69.28442 338.396835      99.98 1.3927e+02   1926.542      46238         18  0.000e+00
     27.802     27.522    -0.9178  27.389227    -0.9168  27.388177     8.2364     8.2605     1.8531    89.1549 2.0803e+00  -68.03010  -69.28442 338.396835      99.98 1.3927e+02   1926.583      46239         18  0.000e+00
     27.802     27.522    -0.9184  27.389113    -0.9166  27.388958     8.2354     8.2554     1.8531    89.1549 2.0803e+00  -68.03010  -69.28442 338.396836      99.98 1.3927e+02   1926.625      46240         18  0.000e+00
     27.774     27.494    -0.9189  27.389113    -0.9156  27.389796     8.2341     8.2604     1.8531    89.1549 2.0803e+00  -68.03010  -69.28442 338.396836      99.95 1.3927e+02   1926.667      46241         18  0.000e+00
     27.802     27.522    -0.9189  27.389113    -0.9148  27.390131     8.2267     8.2609     1.8531    89.1549 2.0881e+00  -68.03010  -69.28442 338.396837      99.95 1.3927e+02   1926.708      46242         18  0.000e+00
     27.802     27.522    -0.9190  27.388942    -0.9148  27.390019     8.2296     8.2616     1.8531    89.1549 2.0881e+00  -68.03010  -69.28442 338.396837      99.98 1.3927e+02   1926.750      46243         18  0.000e+00
     27.802     27.522    -0.9193  27.388884    -0.9147  27.390577     8.2220     8.2623     1.8531    89.1549 2.0881e+00  -68.03010  -69.28442 338.396838      99.98 1.3927e+02   1926.792      46244         18  0.000e+00
     27.802     27.522    -0.9190  27.388884    -0.9145  27.390745     8.2274     8.2630     1.8531    89.1549 2.0881e+00  -68.03010  -69.28442 338.396838      99.98 1.3927e+02   1926.833      46245         18  0.000e+00
     27.802     27.522    -0.9189  27.388999    -0.9145  27.390521     8.2312     8.2639     1.8531    89.1549 2.0958e+00  -68.03010  -69.28442 338.396839      99.95 1.3927e+02   1926.875      46246         18  0.000e+00
     27.774     27.495    -0.9186  27.388884    -0.9145  27.390689     8.2424     8.2647     1.8531    89.1549 2.0958e+00  -68.03010  -69.28442 338.396839      99.95 1.3927e+02   1926.917      46247         18  0.000e+00
     27.802     27.522    -0.9190  27.388884    -0.9147  27.390968     8.2420     8.2647     1.8531    89.1034 2.0958e+00  -68.03010  -69.28442 338.396840      99.98 1.3927e+02   1926.958      46248         18  0.000e+00
     27.802     27.522    -0.9194  27.388484    -0.9147  27.390577     8.2461     8.2647     1.8531    89.0519 2.1036e+00  -68.03010  -69.28442 338.396840      99.98 1.3927e+02   1927.000      46249         18  0.000e+00
     27.802     27.522    -0.9192  27.388541    -0.9157  27.390298     8.2486     8.2649     1.8531    89.0519 2.1036e+00  -68.03010  -69.28442 338.396841      99.98 1.3927e+02   1927.042      46250         18  0.000e+00
     27.802     27.522    -0.9194  27.388942    -0.9156  27.390801     8.2543     8.2648     1.8531    89.0519 2.1036e+00  -68.03010  -69.28442 338.396841      99.98 1.3927e+02   1927.083      46251         18  0.000e+00
     27.754     27.474    -0.9192  27.388941    -0.9150  27.390186     8.2492     8.2646     1.8531    89.0519 2.1036e+00  -68.03010  -69.28442 338.396842      99.98 1.3927e+02   1927.125      46252         18  0.000e+00
     27.829     27.549    -0.9190  27.389056    -0.9145  27.390745     8.2487     8.2645     1.8531    89.0519 2.1114e+00  -68.03010  -69.28442 338.396842      99.95 1.3927e+02   1927.167      46253         18  0.000e+00
     27.802     27.522    -0.9192  27.388713    -0.9147  27.390857     8.2539     8.2645     1.8531    89.0519 2.1114e+00  -68.03010  -69.28442 338.396843      99.95 1.3927e+02   1927.208      46254         18  0.000e+00
     27.754     27.474    -0.9187  27.388941    -0.9145  27.390745     8.2469     8.2644     1.8531    89.0519 2.1114e+00  -68.03010  -69.28442 338.396843      99.98 1.3927e+02   1927.250      46255         18  0.000e+00
     27.802     27.522    -0.9189  27.389285    -0.9145  27.390745     8.2445     8.2644     1.8531    89.0519 2.1193e+00  -68.03010  -69.28442 338.396844      99.98 1.3927e+02   1927.292      46256         18  0.000e+00
     27.754     27.474    -0.9187  27.388999    -0.9147  27.390577     8.2432     8.2643     1.8531    89.0519 2.1193e+00  -68.03010  -69.28442 338.396844      99.98 1.3927e+02   1927.333      46257         18  0.000e+00
     27.829     27.549    -0.9189  27.388884    -0.9145  27.390466     8.2420     8.2644     1.8531    89.0519 2.1193e+00  -68.03010  -69.28442 338.396845      99.95 1.3927e+02   1927.375      46258         18  0.000e+00
     27.754     27.475    -0.9189  27.388884    -0.9143  27.390466     8.2404     8.2642     1.8531    89.0519 2.1193e+00  -68.03010  -69.28442 338.396845      99.95 1.3927e+02   1927.417      46259         18  0.000e+00
     27.754     27.475    -0.9189  27.388827    -0.9148  27.390298     8.2329     8.2643     1.8531    89.0519 2.1271e+00  -68.03010  -69.28442 338.396846      99.98 1.3927e+02   1927.458      46260         18  0.000e+00
     27.802     27.522    -0.9187  27.388827    -0.9143  27.390242     8.2314     8.2642     1.8531    89.0519 2.1271e+00  -68.03010  -69.28442 338.396846      99.98 1.3927e+02   1927.500      46261         18  0.000e+00
