NBP2113_155081_ctd/data/nbp2113_045.cnv
* Sea-Bird SBE 9 Data File:
* FileName = D:\Data\raw\NBP2113_045.hex
* Software Version Seasave V 7.26.7.121
* Temperature SN = 2438
* Conductivity SN = 2067
* Number of Bytes Per Scan = 40
* Number of Voltage Words = 5
* Number of Scans Averaged by the Deck Unit = 1
* NMEA Latitude = 64 53.15 S
* NMEA Longitude = 063 45.53 W
* NMEA UTC (Time) = Dec 11 2021  03:56:53
* NMEA baud rate = 9600
** Ship: RVIB N.B. Palmer
** Cruise: NBP2113 LTER
** Station: 624.021
** Operator: B. Urmston
# nquan = 25
# nvalues = 1229                        
# units = specified
# name 0 = prDM: Pressure, Digiquartz [db]
# name 1 = depSM: Depth [salt water, m]
# name 2 = t090C: Temperature [ITS-90, deg C]
# name 3 = c0mS/cm: Conductivity [mS/cm]
# name 4 = t190C: Temperature, 2 [ITS-90, deg C]
# name 5 = c1mS/cm: Conductivity, 2 [mS/cm]
# name 6 = sbeox0ML/L: Oxygen, SBE 43 [ml/l]
# name 7 = sbeox1ML/L: Oxygen, SBE 43, 2 [ml/l]
# name 8 = flECO-AFL: Fluorescence, WET Labs ECO-AFL/FL [mg/m^3]
# name 9 = CStarTr0: Beam Transmission, WET Labs C-Star [%]
# name 10 = par: PAR/Irradiance, Biospherical/Licor
# name 11 = latitude: Latitude [deg]
# name 12 = longitude: Longitude [deg]
# name 13 = timeJ: Julian Days
# name 14 = altM: Altimeter [m]
# name 15 = spar: SPAR, Biospherical/Licor
# name 16 = timeS: Time, Elapsed [seconds]
# name 17 = scan: Scan Count
# name 18 = density00: Density [density, kg/m^3]
# name 19 = density11: Density, 2 [density, kg/m^3]
# name 20 = sal00: Salinity, Practical [PSU]
# name 21 = sal11: Salinity, Practical, 2 [PSU]
# name 22 = oxsolML/L: Oxygen Saturation, Garcia & Gordon [ml/l]
# name 23 = nbin: number of scans per bin
# name 24 = flag: flag
# span 0 =      1.000,    617.000       
# span 1 =      0.991,    610.041       
# span 2 =    -0.3407,     1.2253       
# span 3 =  27.879721,  30.078503       
# span 4 =    -0.3418,     1.2246       
# span 5 =  27.877313,  30.076976       
# span 6 =     4.3668,     9.8020       
# span 7 =     4.4391,     9.8969       
# span 8 =    -0.0151,     2.3245       
# span 9 =    84.5699,    91.7734       
# span 10 = -1.125e-05, 2.4859e+00      
# span 11 =  -64.88606,  -64.88554      
# span 12 =  -63.75908,  -63.75803      
# span 13 = 345.167817, 345.195261      
# span 14 =       1.16,     100.14      
# span 15 = 0.0000e+00, 0.0000e+00      
# span 16 =    286.406,   2657.586      
# span 17 =       6875,      63783      
# span 18 =  1027.1118,  1030.6218      
# span 19 =  1027.1103,  1030.6206      
# span 20 =    33.7502,    34.6169      
# span 21 =    33.7469,    34.6154      
# span 22 =    7.78182,    8.14873      
# span 23 =          8,         52      
# span 24 = 0.0000e+00, 0.0000e+00      
# interval = decibars: 1                
# start_time = Dec 11 2021 03:56:53 [NMEA time, header]
# bad_flag = -9.990e-29
*END*
[from data line 1218]
     11.000     10.892    -0.2427  27.907070    -0.2395  27.905880     8.0299     8.1211     1.9698    84.8363 1.7757e-01  -64.88566  -63.75828 345.194620      99.97 0.0000e+00   2602.140      62452  1027.1714  1027.1670    33.7626    33.7574    8.13145         31 0.0000e+00
     10.000      9.903    -0.2478  27.905239    -0.2432  27.904419     8.0518     8.1255     2.2562    84.8378 2.2043e-01  -64.88566  -63.75828 345.194661      99.97 0.0000e+00   2605.729      62538  1027.1701  1027.1648    33.7664    33.7602    8.13232         35 0.0000e+00
      9.000      8.910    -0.2349  27.907396    -0.2349  27.904920     8.0757     8.1295     2.1038    84.7832 2.6532e-01  -64.88567  -63.75830 345.194703      99.97 0.0000e+00   2609.305      62624  1027.1557  1027.1532    33.7556    33.7523    8.13018         28 0.0000e+00
      8.000      7.920    -0.2333  27.909679    -0.2331  27.908146     8.0822     8.1279     2.2233    84.7524 3.0607e-01  -64.88568  -63.75830 345.194751      99.97 0.0000e+00   2613.517      62725  1027.1525  1027.1507    33.7575    33.7552    8.12974         38 0.0000e+00
      7.000      6.930    -0.2324  27.909269    -0.2345  27.906384     8.0611     8.1353     2.2256    84.7441 3.8196e-01  -64.88568  -63.75831 345.194800      99.96 0.0000e+00   2617.740      62827  1027.1470  1027.1459    33.7566    33.7550    8.12960         29 0.0000e+00
      6.000      5.939    -0.2292  27.911691    -0.2334  27.906312     8.0693     8.1324     1.9660    84.6992 4.3196e-01  -64.88568  -63.75832 345.194845      99.96 0.0000e+00   2621.587      62919  1027.1420  1027.1405    33.7569    33.7544    8.12890         28 0.0000e+00
      5.000      4.952    -0.1582  27.966022    -0.2052  27.927124     8.0718     8.1327     2.0806    84.7205 5.4830e-01  -64.88570  -63.75834 345.195010      99.97 0.0000e+00   2635.842      63261  1027.1281  1027.1320    33.7511    33.7513    8.11410         38 0.0000e+00
      4.000      3.961    -0.1879  27.941464    -0.1860  27.941267     8.2974     8.1286     1.8311    84.6770 6.7903e-01  -64.88572  -63.75837 345.195209      67.74 0.0000e+00   2653.022      63674  1027.1269  1027.1248    33.7520    33.7496    8.12037         36 0.0000e+00
      3.000      2.971    -0.1942  27.934542    -0.1841  27.940393     8.5924     9.1447     1.8848    84.6075 8.4286e-01  -64.88572  -63.75838 345.195224      31.18 0.0000e+00   2654.361      63706  1027.1212  1027.1178    33.7502    33.7469    8.12180         31 0.0000e+00
      2.000      1.981    -0.1437  27.977167    -0.1217  27.997025     9.6451     9.8969     1.9393    84.5840 1.1351e+00  -64.88572  -63.75838 345.195242       2.03 0.0000e+00   2655.932      63743  1027.1139  1027.1139    33.7516    33.7537    8.11097         37 0.0000e+00
      1.000      0.991    -0.1198  28.000444    -0.1274  27.992039     9.8020     9.8531     2.0022    84.5699 2.4859e+00  -64.88572  -63.75838 345.195261       1.16 0.0000e+00   2657.586      63783  1027.1118  1027.1103    33.7568    33.7540    8.10561         32 0.0000e+00
