NBP2113_155081_ctd/data/nbp2113_049.ros
* Sea-Bird SBE 9 Data File:
* FileName = D:\Data\raw\NBP2113_049.hex
* Software Version Seasave V 7.26.7.121
* Temperature SN = 2438
* Conductivity SN = 2067
* Number of Bytes Per Scan = 40
* Number of Voltage Words = 5
* Number of Scans Averaged by the Deck Unit = 1
* NMEA Latitude = 64 50.72 S
* NMEA Longitude = 064 06.15 W
* NMEA UTC (Time) = Dec 11 2021  08:50:11
* NMEA baud rate = 9600
** Ship: RVIB N.B. Palmer
** Cruise: NBP2113 LTER
** Station: 617.036
** Operator: B. Urmston
# nquan = 20
# nvalues = 1154                                  
# units = specified
# name 0 = prDM: Pressure, Digiquartz [db]
# name 1 = depSM: Depth [salt water, m]
# name 2 = t090C: Temperature [ITS-90, deg C]
# name 3 = c0mS/cm: Conductivity [mS/cm]
# name 4 = t190C: Temperature, 2 [ITS-90, deg C]
# name 5 = c1mS/cm: Conductivity, 2 [mS/cm]
# name 6 = sbeox0ML/L: Oxygen, SBE 43 [ml/l]
# name 7 = sbeox1ML/L: Oxygen, SBE 43, 2 [ml/l]
# name 8 = flECO-AFL: Fluorescence, WET Labs ECO-AFL/FL [mg/m^3]
# name 9 = CStarTr0: Beam Transmission, WET Labs C-Star [%]
# name 10 = par: PAR/Irradiance, Biospherical/Licor
# name 11 = latitude: Latitude [deg]
# name 12 = longitude: Longitude [deg]
# name 13 = timeJ: Julian Days
# name 14 = altM: Altimeter [m]
# name 15 = spar: SPAR, Biospherical/Licor
# name 16 = timeS: Time, Elapsed [seconds]
# name 17 = scan: Scan Count
# name 18 = nbf: Bottles Fired
# name 19 = flag:  0.000e+00
# interval = seconds: 0.0416667
# start_time = Dec 11 2021 08:50:11 [NMEA time, header]
# bad_flag = -9.990e-29
*END*
[from data line 362]
    303.526    300.333     1.2034  29.921213     1.2034  29.918357     4.3887     4.4501    -0.0077    91.3437 1.0000e-12  -64.84484  -64.10142 345.389038      99.98 7.5804e+01   1801.875      43246          8  0.000e+00
    303.505    300.313     1.2038  29.920918     1.2037  29.918473     4.3873     4.4503    -0.0150    91.3437 1.0000e-12  -64.84484  -64.10142 345.389038      99.98 7.7567e+01   1801.917      43247          8  0.000e+00
    303.574    300.381     1.2050  29.920681     1.2034  29.919743     4.3916     4.4506    -0.0150    91.3437 1.0000e-12  -64.84484  -64.10142 345.389039      99.98 7.7567e+01   1801.958      43248          8  0.000e+00
    303.574    300.381     1.2050  29.921213     1.2034  29.919339     4.3928     4.4508    -0.0150    91.3437 1.0000e-12  -64.84484  -64.10142 345.389039      99.98 7.7567e+01   1802.000      43249          8  0.000e+00
    303.505    300.313     1.2043  29.921213     1.2021  29.919165     4.3941     4.4511    -0.0150    91.3179 1.0000e-12  -64.84484  -64.10142 345.389040      99.98 7.7567e+01   1802.042      43250          8  0.000e+00
    303.574    300.381     1.2037  29.920918     1.2016  29.919050     4.3941     4.4513    -0.0150    91.3437 1.0000e-12  -64.84484  -64.10142 345.389040      99.98 7.7567e+01   1802.083      43251          8  0.000e+00
    303.574    300.381     1.2035  29.919795     1.2017  29.918242     4.3996     4.4514    -0.0150    91.3437 1.0000e-12  -64.84484  -64.10142 345.389041      99.95 7.7567e+01   1802.125      43252          8  0.000e+00
    303.560    300.367     1.2026  29.919559     1.2018  29.917203     4.3964     4.4470    -0.0150    91.3179 1.0000e-12  -64.84484  -64.10142 345.389041      99.98 7.7567e+01   1802.167      43253          8  0.000e+00
    303.526    300.333     1.2023  29.919795     1.2011  29.917377     4.3961     4.4517    -0.0150    91.2664 1.0000e-12  -64.84484  -64.10142 345.389042      99.98 7.7567e+01   1802.208      43254          8  0.000e+00
    303.574    300.381     1.2021  29.918732     1.2011  29.917204     4.3902     4.4518    -0.0150    91.2407 1.0000e-12  -64.84484  -64.10142 345.389042      99.98 7.7567e+01   1802.250      43255          8  0.000e+00
    303.561    300.367     1.2014  29.918732     1.2012  29.917088     4.4000     4.4518    -0.0150    91.2664 1.0000e-12  -64.84484  -64.10142 345.389043      99.95 7.5804e+01   1802.292      43256          8  0.000e+00
    303.574    300.381     1.2000  29.918142     1.1992  29.916973     4.3967     4.4520    -0.0150    91.2664 1.0000e-12  -64.84484  -64.10142 345.389043      99.95 7.7567e+01   1802.333      43257          8  0.000e+00
    303.574    300.381     1.1996  29.917846     1.1990  29.916280     4.3963     4.4520    -0.0150    91.2664 1.0000e-12  -64.84484  -64.10142 345.389044      99.98 7.7567e+01   1802.375      43258          8  0.000e+00
    303.561    300.367     1.1994  29.916783     1.2000  29.915819     4.3902     4.4519    -0.0150    91.2407 1.0000e-12  -64.84484  -64.10142 345.389044      99.98 7.7567e+01   1802.417      43259          8  0.000e+00
    303.574    300.381     1.1994  29.915070     1.1994  29.914895     4.3942     4.4527    -0.0150    91.2664 1.0000e-12  -64.84484  -64.10142 345.389045      99.98 7.5804e+01   1802.458      43260          8  0.000e+00
    303.574    300.381     1.1982  29.915897     1.1975  29.913915     4.3951     4.4529    -0.0150    91.2664 1.0000e-12  -64.84484  -64.10142 345.389045      99.98 7.5804e+01   1802.500      43261          8  0.000e+00
    303.561    300.367     1.1968  29.915897     1.1964  29.913511     4.3960     4.4537    -0.0150    91.2664 1.0000e-12  -64.84484  -64.10142 345.389046      99.98 7.5804e+01   1802.542      43262          8  0.000e+00
    303.629    300.436     1.1960  29.914539     1.1961  29.912530     4.3957     4.4545    -0.0150    91.2664 1.0000e-12  -64.84484  -64.10142 345.389046      99.98 7.5804e+01   1802.583      43263          8  0.000e+00
    303.574    300.381     1.1954  29.913712     1.1949  29.911895     4.3951     4.4545    -0.0150    91.2664 1.0000e-12  -64.84484  -64.10142 345.389047      99.95 7.7567e+01   1802.625      43264          8  0.000e+00
    303.561    300.367     1.1960  29.912885     1.1944  29.911895     4.4015     4.4544    -0.0150    91.2664 1.0000e-12  -64.84484  -64.10142 345.389047      99.98 7.5804e+01   1802.667      43265          8  0.000e+00
    303.574    300.381     1.1958  29.912885     1.1952  29.911145     4.3978     4.4541    -0.0150    91.2664 1.0000e-12  -64.84484  -64.10142 345.389048      99.98 7.5804e+01   1802.708      43266          8  0.000e+00
    303.574    300.381     1.1949  29.912885     1.1970  29.911606     4.3915     4.4537    -0.0150    91.2664 1.0000e-12  -64.84484  -64.10142 345.389048      99.98 7.7567e+01   1802.750      43267          8  0.000e+00
    303.609    300.415     1.1955  29.913121     1.1979  29.911953     4.4008     4.4542    -0.0150    91.2664 1.0000e-12  -64.84486  -64.10142 345.389049      99.95 7.5804e+01   1802.792      43268          8  0.000e+00
    303.574    300.381     1.1966  29.913948     1.1979  29.912991     4.3968     4.4539    -0.0150    91.2664 1.0000e-12  -64.84486  -64.10142 345.389049      99.95 7.7567e+01   1802.833      43269          8  0.000e+00
    303.574    300.381     1.1968  29.913948     1.1976  29.913049     4.3973     4.4536    -0.0150    91.2664 1.0000e-12  -64.84486  -64.10142 345.389049      99.98 7.7567e+01   1802.875      43270          8  0.000e+00
    201.920    199.845     0.7409  29.385480     0.7809  29.425655     4.9099     4.9543     0.0069    91.1377 1.0000e-12  -64.84486  -64.10144 345.390856      99.98 7.4041e+01   1958.917      47015          9  0.000e+00
    201.968    199.892     0.7404  29.384894     0.7814  29.426458     4.9027     4.9539     0.0069    91.1377 1.0000e-12  -64.84486  -64.10144 345.390856      99.98 7.2278e+01   1958.958      47016          9  0.000e+00
    201.920    199.845     0.7396  29.385774     0.7826  29.427318     4.9000     4.9534     0.0069    91.1377 1.0000e-12  -64.84486  -64.10144 345.390856      99.98 7.2278e+01   1959.000      47017          9  0.000e+00
    201.968    199.892     0.7382  29.385481     0.7830  29.427834     4.9032     4.9532     0.0069    91.1377 1.0000e-12  -64.84486  -64.10144 345.390857      99.98 7.4041e+01   1959.042      47018          9  0.000e+00
    201.920    199.845     0.7387  29.384131     0.7832  29.428809     4.9019     4.9529     0.0069    91.1377 1.0000e-12  -64.84486  -64.10144 345.390857      99.98 7.2278e+01   1959.083      47019          9  0.000e+00
    201.865    199.790     0.7412  29.384893     0.7834  29.429210     4.8947     4.9528     0.0069    91.1377 1.0000e-12  -64.84486  -64.10144 345.390858      99.95 7.4041e+01   1959.125      47020          9  0.000e+00
    201.968    199.892     0.7442  29.386302     0.7842  29.429497     4.8862     4.9528     0.0069    91.1377 1.0000e-12  -64.84486  -64.10144 345.390858      99.98 7.4041e+01   1959.167      47021          9  0.000e+00
    201.817    199.743     0.7466  29.389822     0.7837  29.430300     4.8878     4.9527     0.0069    91.1377 1.0000e-12  -64.84486  -64.10144 345.390859      99.98 7.2278e+01   1959.208      47022          9  0.000e+00
    201.920    199.845     0.7470  29.392639     0.7829  29.430587     4.8869     4.9477     0.0069    91.1377 1.0000e-12  -64.84486  -64.10144 345.390859      99.98 7.4041e+01   1959.250      47023          9  0.000e+00
    201.817    199.743     0.7469  29.393695     0.7811  29.429784     4.8848     4.9464     0.0069    91.1377 1.0000e-12  -64.84486  -64.10144 345.390860      99.95 7.4041e+01   1959.292      47024          9  0.000e+00
    201.865    199.790     0.7455  29.393519     0.7747  29.426630     4.8775     4.9468     0.0069    91.1377 1.0000e-12  -64.84486  -64.10144 345.390860      99.95 7.4041e+01   1959.333      47025          9  0.000e+00
    201.817    199.743     0.7425  29.391759     0.7732  29.421297     4.8805     4.9467     0.0069    91.1377 1.0000e-12  -64.84486  -64.10144 345.390861      99.98 7.4041e+01   1959.375      47026          9  0.000e+00
    201.817    199.743     0.7409  29.388766     0.7741  29.418028     4.8748     4.9465     0.0069    91.1119 1.0000e-12  -64.84486  -64.10144 345.390861      99.98 7.4041e+01   1959.417      47027          9  0.000e+00
    201.817    199.743     0.7387  29.385245     0.7741  29.418544     4.8739     4.9462     0.0069    91.1377 1.0000e-12  -64.84486  -64.10144 345.390862      99.98 7.4041e+01   1959.458      47028          9  0.000e+00
    201.817    199.743     0.7369  29.383016     0.7705  29.418545     4.8674     4.9465     0.0069    91.1377 1.0000e-12  -64.84486  -64.10144 345.390862      99.98 7.4041e+01   1959.500      47029          9  0.000e+00
    201.769    199.695     0.7347  29.380552     0.7657  29.414990     4.8699     4.9472     0.0069    91.1377 1.0000e-12  -64.84486  -64.10144 345.390863      99.98 7.4041e+01   1959.542      47030          9  0.000e+00
    201.769    199.695     0.7306  29.378616     0.7599  29.409256     4.8710     4.9482     0.0069    91.1119 1.0000e-12  -64.84486  -64.10144 345.390863      99.98 7.4041e+01   1959.583      47031          9  0.000e+00
    201.769    199.695     0.7281  29.375565     0.7548  29.404899     4.8710     4.9491    -0.0004    91.1119 1.0000e-12  -64.84486  -64.10144 345.390864      99.95 7.4041e+01   1959.625      47032          9  0.000e+00
    201.769    199.695     0.7262  29.371752     0.7498  29.399453     4.8641     4.9502    -0.0004    91.1119 1.0000e-12  -64.84486  -64.10144 345.390864      99.98 7.4041e+01   1959.667      47033          9  0.000e+00
    201.762    199.689     0.7248  29.369523     0.7464  29.394007     4.8674     4.9504    -0.0004    91.1119 1.0000e-12  -64.84486  -64.10144 345.390865      99.98 7.4041e+01   1959.708      47034          9  0.000e+00
    201.714    199.641     0.7233  29.367939     0.7430  29.390453     4.8678     4.9505    -0.0004    91.1119 1.0000e-12  -64.84486  -64.10144 345.390865      99.98 7.2278e+01   1959.750      47035          9  0.000e+00
    201.714    199.641     0.7229  29.367059     0.7421  29.387473     4.8682     4.9451    -0.0004    91.1119 1.0000e-12  -64.84486  -64.10146 345.390866      99.95 7.4041e+01   1959.792      47036          9  0.000e+00
    201.666    199.593     0.7230  29.366824     0.7410  29.385524     4.8631     4.9496    -0.0004    91.1119 1.0000e-12  -64.84486  -64.10146 345.390866      99.95 7.2278e+01   1959.833      47037          9  0.000e+00
    201.666    199.593     0.7238  29.366765     0.7407  29.385237     4.8669     4.9495    -0.0004    91.1119 1.0000e-12  -64.84486  -64.10146 345.390867      99.98 7.4041e+01   1959.875      47038          9  0.000e+00
    201.714    199.641     0.7241  29.366824     0.7395  29.385237     4.8679     4.9496    -0.0004    91.1119 1.0000e-12  -64.84486  -64.10146 345.390867      99.98 7.4041e+01   1959.917      47039          9  0.000e+00
    201.611    199.539     0.7247  29.367879     0.7398  29.385008     4.8633     4.9495    -0.0004    91.1119 1.0000e-12  -64.84486  -64.10146 345.390868      99.98 7.4041e+01   1959.958      47040          9  0.000e+00
    201.666    199.593     0.7258  29.368466     0.7400  29.384721     4.8621     4.9496    -0.0004    91.1119 1.0000e-12  -64.84486  -64.10146 345.390868      99.98 7.4041e+01   1960.000      47041          9  0.000e+00
    201.666    199.593     0.7261  29.369229     0.7401  29.384435     4.8668     4.9444    -0.0004    91.1119 1.0000e-12  -64.84486  -64.10146 345.390869      99.98 7.4041e+01   1960.042      47042          9  0.000e+00
    201.611    199.539     0.7258  29.370109     0.7404  29.384721     4.8629     4.9437    -0.0004    91.1119 1.0000e-12  -64.84486  -64.10146 345.390869      99.98 7.4041e+01   1960.083      47043          9  0.000e+00
    201.611    199.539     0.7265  29.370637     0.7423  29.385008     4.8637     4.9430    -0.0004    91.1119 1.0000e-12  -64.84486  -64.10146 345.390870      99.95 7.4041e+01   1960.125      47044          9  0.000e+00
    201.611    199.539     0.7259  29.371223     0.7436  29.386097     4.8578     4.9424    -0.0004    91.1119 1.0000e-12  -64.84486  -64.10146 345.390870      99.98 7.4041e+01   1960.167      47045          9  0.000e+00
    201.563    199.492     0.7258  29.370930     0.7447  29.387988     4.8680     4.9419    -0.0004    91.1119 1.0000e-12  -64.84486  -64.10146 345.390870      99.98 7.4041e+01   1960.208      47046          9  0.000e+00
    201.611    199.539     0.7256  29.370109     0.7450  29.389364     4.8652     4.9417    -0.0004    91.1119 1.0000e-12  -64.84486  -64.10146 345.390871      99.98 7.4041e+01   1960.250      47047          9  0.000e+00
    201.508    199.437     0.7258  29.370108     0.7444  29.389879     4.8670     4.9416    -0.0004    91.1119 1.0000e-12  -64.84486  -64.10146 345.390871      99.93 7.4041e+01   1960.292      47048          9  0.000e+00
    201.563    199.492     0.7278  29.370108     0.7440  29.388275     4.8619     4.9418    -0.0004    91.1119 1.0000e-12  -64.84486  -64.10146 345.390872      99.95 7.4041e+01   1960.333      47049          9  0.000e+00
    201.563    199.492     0.7300  29.371751     0.7425  29.386899     4.8656     4.9421    -0.0004    91.1119 1.0000e-12  -64.84486  -64.10146 345.390872      99.98 7.2278e+01   1960.375      47050          9  0.000e+00
    201.508    199.437     0.7323  29.373687     0.7419  29.386096     4.8664     4.9424    -0.0004    91.0862 1.0000e-12  -64.84486  -64.10146 345.390873      99.98 7.4041e+01   1960.417      47051          9  0.000e+00
    201.508    199.437     0.7325  29.376385     0.7415  29.385523     4.8677     4.9429    -0.0004    91.0862 1.0000e-12  -64.84486  -64.10146 345.390873      99.98 7.2278e+01   1960.458      47052          9  0.000e+00
    201.508    199.437     0.7323  29.378322     0.7407  29.384721     4.8622     4.9434    -0.0004    91.0604 1.0000e-12  -64.84486  -64.10146 345.390874      99.98 7.4041e+01   1960.500      47053          9  0.000e+00
    201.460    199.390     0.7317  29.378321     0.7410  29.385007     4.8671     4.9439    -0.0004    91.0862 1.0000e-12  -64.84486  -64.10146 345.390874      99.98 7.4041e+01   1960.542      47054          9  0.000e+00
    201.508    199.437     0.7334  29.377793     0.7407  29.384721     4.8690     4.9393    -0.0004    91.0862 1.0000e-12  -64.84486  -64.10146 345.390875      99.95 7.4041e+01   1960.583      47055          9  0.000e+00
    201.460    199.390     0.7347  29.377500     0.7417  29.384262     4.8697     4.9391    -0.0004    91.0862 1.0000e-12  -64.84486  -64.10146 345.390875      99.95 7.4041e+01   1960.625      47056          9  0.000e+00
    201.460    199.390     0.7367  29.378614     0.7424  29.385236     4.8648     4.9382    -0.0004    91.0862 1.0000e-12  -64.84486  -64.10146 345.390876      99.98 7.2278e+01   1960.667      47057          9  0.000e+00
    201.357    199.288     0.7378  29.379729     0.7436  29.385809     4.8759     4.9374    -0.0004    91.0604 1.0000e-12  -64.84486  -64.10146 345.390876      99.98 7.4041e+01   1960.708      47058          9  0.000e+00
    201.508    199.437     0.7385  29.381607     0.7453  29.387472     4.8741     4.9366    -0.0004    91.0862 1.0000e-12  -64.84486  -64.10146 345.390877      99.98 7.4041e+01   1960.750      47059          9  0.000e+00
    201.460    199.390     0.7392  29.382487     0.7475  29.389650     4.8755     4.9367    -0.0004    91.0862 1.0000e-12  -64.84488  -64.10144 345.390877      99.93 7.2278e+01   1960.792      47060          9  0.000e+00
    201.357    199.288     0.7406  29.383014     0.7497  29.390968     4.8770     4.9360    -0.0004    91.0862 1.0000e-12  -64.84488  -64.10144 345.390878      99.95 7.4041e+01   1960.833      47061          9  0.000e+00
