NBP2113_155081_ctd/data/nbp2113_029.ros
* Sea-Bird SBE 9 Data File:
* FileName = D:\Data\raw\NBP2113_029.hex
* Software Version Seasave V 7.26.7.121
* Temperature SN = 2438
* Conductivity SN = 2067
* Number of Bytes Per Scan = 40
* Number of Voltage Words = 5
* Number of Scans Averaged by the Deck Unit = 1
* NMEA Latitude = 66 51.18 S
* NMEA Longitude = 068 36.27 W
* NMEA UTC (Time) = Dec 05 2021  02:21:18
* NMEA baud rate = 9600
** Ship: RVIB N.B. Palmer
** Cruise: NBP2113 LTER
** Station: AS01
** Operator: S. Blackman
# nquan = 20
# nvalues = 343                                   
# units = specified
# name 0 = prDM: Pressure, Digiquartz [db]
# name 1 = depSM: Depth [salt water, m]
# name 2 = t090C: Temperature [ITS-90, deg C]
# name 3 = c0mS/cm: Conductivity [mS/cm]
# name 4 = t190C: Temperature, 2 [ITS-90, deg C]
# name 5 = c1mS/cm: Conductivity, 2 [mS/cm]
# name 6 = sbeox0ML/L: Oxygen, SBE 43 [ml/l]
# name 7 = sbeox1ML/L: Oxygen, SBE 43, 2 [ml/l]
# name 8 = flECO-AFL: Fluorescence, WET Labs ECO-AFL/FL [mg/m^3]
# name 9 = CStarTr0: Beam Transmission, WET Labs C-Star [%]
# name 10 = par: PAR/Irradiance, Biospherical/Licor
# name 11 = latitude: Latitude [deg]
# name 12 = longitude: Longitude [deg]
# name 13 = timeJ: Julian Days
# name 14 = altM: Altimeter [m]
# name 15 = spar: SPAR, Biospherical/Licor
# name 16 = timeS: Time, Elapsed [seconds]
# name 17 = scan: Scan Count
# name 18 = nbf: Bottles Fired
# name 19 = flag:  0.000e+00
# interval = seconds: 0.0416667
# start_time = Dec 05 2021 02:21:18 [NMEA time, header]
# bad_flag = -9.990e-29
*END*
    229.315    226.912     1.1475  29.845719     1.1489  29.846507     4.3162     4.3706    -0.0004    95.3349 1.0000e-12  -66.85276  -68.60344 339.107721       8.11 8.8144e+00    829.083      19899          1  0.000e+00
    229.315    226.912     1.1472  29.845188     1.1488  29.846622     4.3103     4.3698    -0.0004    95.3349 1.0000e-12  -66.85276  -68.60344 339.107721       8.11 8.8144e+00    829.125      19900          1  0.000e+00
    229.287    226.885     1.1467  29.844834     1.1492  29.847545     4.3156     4.3696    -0.0004    95.3349 1.0000e-12  -66.85276  -68.60344 339.107722       8.11 8.8144e+00    829.167      19901          1  0.000e+00
    229.315    226.912     1.1466  29.844716     1.1500  29.848583     4.3166     4.3694    -0.0004    95.3349 1.0000e-12  -66.85276  -68.60344 339.107722       8.11 8.8144e+00    829.208      19902          1  0.000e+00
    229.267    226.864     1.1461  29.844539     1.1511  29.849332     4.3176     4.3692    -0.0004    95.3349 1.0000e-12  -66.85276  -68.60344 339.107723       8.08 8.8144e+00    829.250      19903          1  0.000e+00
    229.287    226.885     1.1461  29.844539     1.1517  29.850312     4.3199     4.3690    -0.0004    95.3349 1.0000e-12  -66.85276  -68.60344 339.107723       8.08 8.8144e+00    829.292      19904          1  0.000e+00
    229.267    226.864     1.1460  29.844303     1.1525  29.850485     4.3209     4.3689    -0.0004    95.3349 1.0000e-12  -66.85276  -68.60344 339.107724       8.11 8.8144e+00    829.333      19905          1  0.000e+00
    229.232    226.830     1.1464  29.844244     1.1528  29.850946     4.3274     4.3687    -0.0004    95.3349 1.0000e-12  -66.85276  -68.60344 339.107724       8.11 8.8144e+00    829.375      19906          1  0.000e+00
    229.267    226.864     1.1461  29.844362     1.1530  29.851523     4.3228     4.3687     0.0069    95.3349 1.0000e-12  -66.85276  -68.60344 339.107725       8.11 8.8144e+00    829.417      19907          1  0.000e+00
    229.212    226.810     1.1460  29.844067     1.1529  29.850369     4.3237     4.3686    -0.0004    95.3349 1.0000e-12  -66.85276  -68.60344 339.107725       8.11 8.8144e+00    829.458      19908          1  0.000e+00
    229.232    226.830     1.1454  29.843300     1.1514  29.848755     4.3190     4.3688    -0.0004    95.3349 1.0000e-12  -66.85276  -68.60344 339.107726       8.13 8.8144e+00    829.500      19909          1  0.000e+00
    229.164    226.762     1.1452  29.842886     1.1503  29.847717     4.3286     4.3688    -0.0004    95.3349 1.0000e-12  -66.85276  -68.60344 339.107726       8.16 8.8144e+00    829.542      19910          1  0.000e+00
    229.164    226.762     1.1443  29.841942     1.1494  29.847256     4.3239     4.3688    -0.0004    95.3349 1.0000e-12  -66.85276  -68.60344 339.107727       8.16 8.8144e+00    829.583      19911          1  0.000e+00
    229.184    226.783     1.1435  29.841411     1.1492  29.847198     4.3248     4.3688    -0.0004    95.3349 1.0000e-12  -66.85276  -68.60344 339.107727       8.13 8.8144e+00    829.625      19912          1  0.000e+00
    229.164    226.762     1.1438  29.842060     1.1497  29.847775     4.3255     4.3695    -0.0004    95.3349 1.0000e-12  -66.85276  -68.60344 339.107728       8.13 8.8144e+00    829.667      19913          1  0.000e+00
    229.184    226.783     1.1443  29.843122     1.1498  29.847660     4.3319     4.3695    -0.0004    95.3349 1.0000e-12  -66.85276  -68.60344 339.107728       8.13 8.8144e+00    829.708      19914          1  0.000e+00
    229.109    226.708     1.1454  29.844007     1.1498  29.847717     4.3324     4.3694    -0.0004    95.3349 1.0000e-12  -66.85276  -68.60344 339.107729       8.13 8.8144e+00    829.750      19915          1  0.000e+00
    229.109    226.708     1.1455  29.844243     1.1498  29.847775     4.3286     4.3693    -0.0004    95.3349 1.0000e-12  -66.85276  -68.60344 339.107729       8.13 8.8144e+00    829.792      19916          1  0.000e+00
    229.129    226.729     1.1458  29.844421     1.1497  29.848005     4.3292     4.3693    -0.0004    95.3349 1.0000e-12  -66.85276  -68.60344 339.107730       8.16 8.8144e+00    829.833      19917          1  0.000e+00
    229.061    226.661     1.1464  29.845660     1.1502  29.848928     4.3297     4.3692     0.0069    95.3349 1.0000e-12  -66.85276  -68.60344 339.107730       8.16 8.8144e+00    829.875      19918          1  0.000e+00
    229.061    226.661     1.1475  29.846309     1.1511  29.849331     4.3345     4.3690     0.0143    95.3349 1.0000e-12  -66.85276  -68.60344 339.107731       8.16 8.8144e+00    829.917      19919          1  0.000e+00
    229.081    226.681     1.1480  29.846604     1.1514  29.849043     4.3307     4.3690     0.0143    95.3349 1.0000e-12  -66.85276  -68.60344 339.107731       8.25 8.8144e+00    829.958      19920          1  0.000e+00
    229.061    226.661     1.1491  29.847135     1.1509  29.849331     4.3297     4.3690     0.0143    95.3349 1.0000e-12  -66.85276  -68.60344 339.107731       8.33 8.8144e+00    830.000      19921          1  0.000e+00
    229.026    226.627     1.1499  29.848079     1.1514  29.849850     4.3344     4.3689     0.0216    95.3349 1.0000e-12  -66.85276  -68.60344 339.107732       8.35 8.8144e+00    830.042      19922          1  0.000e+00
    229.061    226.661     1.1504  29.848551     1.1511  29.849966     4.3346     4.3689     0.0216    95.3349 1.0000e-12  -66.85276  -68.60344 339.107732       8.33 8.8144e+00    830.083      19923          1  0.000e+00
    228.958    226.559     1.1505  29.849495     1.1513  29.849850     4.3305     4.3688     0.0216    95.3349 1.0000e-12  -66.85276  -68.60344 339.107733       8.35 8.8144e+00    830.125      19924          1  0.000e+00
    229.026    226.627     1.1517  29.850617     1.1517  29.850138     4.3306     4.3687     0.0216    95.3349 1.0000e-12  -66.85276  -68.60344 339.107733       8.33 8.8144e+00    830.167      19925          1  0.000e+00
    228.958    226.559     1.1524  29.851089     1.1519  29.850484     4.3406     4.3686     0.0216    95.3349 1.0000e-12  -66.85276  -68.60344 339.107734       8.33 8.8144e+00    830.208      19926          1  0.000e+00
    228.958    226.559     1.1532  29.851797     1.1521  29.850772     4.3362     4.3686     0.0143    95.3349 1.0000e-12  -66.85276  -68.60344 339.107734       8.33 8.8144e+00    830.250      19927          1  0.000e+00
    228.978    226.579     1.1540  29.852387     1.1525  29.851407     4.3374     4.3685     0.0143    95.3349 1.0000e-12  -66.85276  -68.60344 339.107735       8.33 8.8144e+00    830.292      19928          1  0.000e+00
    228.910    226.511     1.1538  29.852269     1.1530  29.851406     4.3317     4.3684     0.0143    95.3349 1.0000e-12  -66.85276  -68.60344 339.107735       8.33 8.8144e+00    830.333      19929          1  0.000e+00
    228.875    226.477     1.1530  29.851856     1.1528  29.850887     4.3360     4.3683     0.0216    95.3091 1.0000e-12  -66.85276  -68.60344 339.107736       8.33 8.8144e+00    830.375      19930          1  0.000e+00
    228.958    226.559     1.1529  29.851502     1.1525  29.850599     4.3302     4.3737     0.0143    95.2834 1.0000e-12  -66.85276  -68.60344 339.107736       8.33 8.8144e+00    830.417      19931          1  0.000e+00
    228.855    226.457     1.1525  29.851443     1.1524  29.850368     4.3355     4.3691     0.0216    95.2834 1.0000e-12  -66.85276  -68.60344 339.107737       8.38 8.8144e+00    830.458      19932          1  0.000e+00
    228.875    226.477     1.1527  29.851443     1.1528  29.850253     4.3407     4.3698     0.0216    95.2834 1.0000e-12  -66.85276  -68.60344 339.107737       8.50 8.8144e+00    830.500      19933          1  0.000e+00
    228.855    226.457     1.1524  29.850734     1.1525  29.850253     4.3372     4.3698     0.0216    95.2834 1.0000e-12  -66.85276  -68.60344 339.107738       8.55 8.8144e+00    830.542      19934          1  0.000e+00
    228.827    226.430     1.1513  29.849554     1.1528  29.850484     4.3311     4.3697     0.0216    95.2834 1.0000e-12  -66.85276  -68.60344 339.107738       8.55 8.8144e+00    830.583      19935          1  0.000e+00
    228.807    226.409     1.1505  29.849259     1.1532  29.850945     4.3306     4.3696     0.0143    95.2834 1.0000e-12  -66.85276  -68.60344 339.107739       8.55 8.8144e+00    830.625      19936          1  0.000e+00
    228.807    226.409     1.1507  29.849259     1.1534  29.851521     4.3357     4.3696     0.0216    95.2834 1.0000e-12  -66.85276  -68.60344 339.107739       8.55 8.8144e+00    830.667      19937          1  0.000e+00
    228.827    226.430     1.1507  29.849259     1.1537  29.851694     4.3350     4.3695     0.0143    95.2834 1.0000e-12  -66.85276  -68.60344 339.107740       8.52 8.8144e+00    830.708      19938          1  0.000e+00
    228.752    226.355     1.1507  29.849436     1.1537  29.851579     4.3341     4.3694     0.0216    95.2834 1.0000e-12  -66.85276  -68.60344 339.107740       8.52 8.8144e+00    830.750      19939          1  0.000e+00
    228.752    226.355     1.1507  29.849436     1.1538  29.851637     4.3290     4.3694     0.0143    95.2834 1.0000e-12  -66.85276  -68.60344 339.107741       8.55 8.8144e+00    830.792      19940          1  0.000e+00
    228.772    226.375     1.1504  29.848846     1.1540  29.851464     4.3338     4.3693     0.0216    95.2834 1.0000e-12  -66.85276  -68.60344 339.107741       8.55 8.8144e+00    830.833      19941          1  0.000e+00
    228.704    226.307     1.1498  29.847783     1.1539  29.851521     4.3329     4.3693     0.0143    95.2834 1.0000e-12  -66.85276  -68.60344 339.107742       8.55 8.8144e+00    830.875      19942          1  0.000e+00
    228.724    226.328     1.1491  29.846898     1.1536  29.851637     4.3333     4.3693     0.0216    95.2834 1.0000e-12  -66.85276  -68.60344 339.107742       8.55 8.8144e+00    830.917      19943          1  0.000e+00
    228.704    226.307     1.1488  29.847134     1.1536  29.851175     4.3279     4.3693     0.0143    95.2834 1.0000e-12  -66.85276  -68.60344 339.107743       8.60 8.8144e+00    830.958      19944          1  0.000e+00
    228.704    226.307     1.1491  29.847665     1.1531  29.850887     4.3324     4.3693     0.0069    95.2834 1.0000e-12  -66.85276  -68.60344 339.107743       8.72 8.8144e+00    831.000      19945          1  0.000e+00
    228.669    226.273     1.1499  29.849259     1.1528  29.850426     4.3268     4.3693    -0.0004    95.2834 1.0000e-12  -66.85276  -68.60344 339.107744       8.72 8.8144e+00    831.042      19946          1  0.000e+00
    228.655    226.260     1.1511  29.850144     1.1526  29.850022     4.3311     4.3693    -0.0004    95.2834 1.0000e-12  -66.85276  -68.60344 339.107744       8.72 8.8144e+00    831.083      19947          1  0.000e+00
    202.746    200.634     0.8844  29.545999     0.8858  29.546805     4.6467     4.6816     0.0216    94.5881 1.0000e-12  -66.85278  -68.60344 339.108448      34.43 8.8144e+00    891.875      21406          2  0.000e+00
    202.691    200.580     0.8840  29.545646     0.8852  29.546575     4.6512     4.6823     0.0216    94.6139 1.0000e-12  -66.85278  -68.60344 339.108448      34.43 8.8144e+00    891.917      21407          2  0.000e+00
    202.691    200.580     0.8837  29.544882     0.8851  29.546403     4.6457     4.6767     0.0216    94.6139 1.0000e-12  -66.85278  -68.60344 339.108449      34.41 8.8144e+00    891.958      21408          2  0.000e+00
    202.746    200.634     0.8828  29.544706     0.8848  29.546116     4.6446     4.6810     0.0216    94.6139 1.0000e-12  -66.85278  -68.60344 339.108449      34.33 8.8144e+00    892.000      21409          2  0.000e+00
    202.746    200.634     0.8828  29.544471     0.8846  29.545254     4.6432     4.6808     0.0216    94.6139 1.0000e-12  -66.85278  -68.60344 339.108450      34.29 8.8144e+00    892.042      21410          2  0.000e+00
    202.746    200.634     0.8828  29.544588     0.8841  29.545369     4.6475     4.6804     0.0216    94.6139 1.0000e-12  -66.85278  -68.60344 339.108450      34.29 8.8144e+00    892.083      21411          2  0.000e+00
    202.746    200.634     0.8821  29.544059     0.8839  29.544967     4.6474     4.6799     0.0216    94.6139 1.0000e-12  -66.85278  -68.60344 339.108451      34.29 8.8144e+00    892.125      21412          2  0.000e+00
    202.746    200.634     0.8820  29.543471     0.8832  29.544106     4.6428     4.6795     0.0216    94.6139 1.0000e-12  -66.85278  -68.60344 339.108451      34.29 8.8144e+00    892.167      21413          2  0.000e+00
    202.842    200.729     0.8812  29.542884     0.8821  29.543072     4.6427     4.6791     0.0216    94.6139 1.0000e-12  -66.85278  -68.60344 339.108451      34.29 8.8144e+00    892.208      21414          2  0.000e+00
    202.746    200.634     0.8809  29.542119     0.8818  29.542785     4.6481     4.6784     0.0216    94.6139 1.0000e-12  -66.85278  -68.60344 339.108452      34.29 8.8144e+00    892.250      21415          2  0.000e+00
    202.794    200.682     0.8797  29.540473     0.8815  29.542555     4.6479     4.6777     0.0216    94.6139 1.0000e-12  -66.85278  -68.60344 339.108452      34.29 8.8144e+00    892.292      21416          2  0.000e+00
    202.794    200.682     0.8774  29.538121     0.8816  29.542498     4.6434     4.6769     0.0216    94.6139 1.0000e-12  -66.85278  -68.60344 339.108453      34.29 8.8144e+00    892.333      21417          2  0.000e+00
    202.842    200.729     0.8759  29.536652     0.8815  29.542268     4.6419     4.6761     0.0143    94.6139 1.0000e-12  -66.85278  -68.60344 339.108453      34.29 8.8144e+00    892.375      21418          2  0.000e+00
    202.842    200.729     0.8753  29.536005     0.8807  29.541407     4.6459     4.6761     0.0143    94.6139 1.0000e-12  -66.85278  -68.60344 339.108454      34.29 8.8144e+00    892.417      21419          2  0.000e+00
    202.842    200.729     0.8746  29.535770     0.8802  29.540890     4.6397     4.6760     0.0143    94.6139 1.0000e-12  -66.85278  -68.60344 339.108454      34.33 8.8144e+00    892.458      21420          2  0.000e+00
    202.842    200.729     0.8741  29.535006     0.8798  29.540488     4.6447     4.6759     0.0143    94.6139 1.0000e-12  -66.85278  -68.60344 339.108455      34.46 8.8144e+00    892.500      21421          2  0.000e+00
    202.842    200.729     0.8735  29.534771     0.8792  29.539282     4.6398     4.6758     0.0143    94.6139 1.0000e-12  -66.85278  -68.60344 339.108455      34.51 8.8144e+00    892.542      21422          2  0.000e+00
    202.897    200.784     0.8733  29.534124     0.8779  29.538938     4.6435     4.6758     0.0143    94.6139 1.0000e-12  -66.85278  -68.60344 339.108456      34.53 8.8144e+00    892.583      21423          2  0.000e+00
    202.897    200.784     0.8728  29.534124     0.8779  29.539167     4.6427     4.6808     0.0143    94.6139 1.0000e-12  -66.85278  -68.60344 339.108456      34.51 8.8144e+00    892.625      21424          2  0.000e+00
    202.897    200.784     0.8747  29.536476     0.8802  29.541522     4.6371     4.6756     0.0216    94.5881 1.0000e-12  -66.85278  -68.60344 339.108457      34.53 8.8144e+00    892.667      21425          2  0.000e+00
    202.945    200.831     0.8774  29.538475     0.8822  29.543647     4.6359     4.6803     0.0143    94.5881 1.0000e-12  -66.85278  -68.60344 339.108457      34.51 8.8144e+00    892.708      21426          2  0.000e+00
    202.945    200.831     0.8779  29.539298     0.8830  29.543762     4.6349     4.6806     0.0143    94.5624 1.0000e-12  -66.85278  -68.60344 339.108458      34.51 8.8144e+00    892.750      21427          2  0.000e+00
    202.945    200.831     0.8783  29.539650     0.8816  29.542326     4.6326     4.6758     0.0143    94.5624 1.0000e-12  -66.85278  -68.60342 339.108458      34.51 8.8144e+00    892.792      21428          2  0.000e+00
