NBP2113_155081_ctd/data/nbp2113_041.ros
* Sea-Bird SBE 9 Data File:
* FileName = D:\Data\raw\NBP2113_041.hex
* Software Version Seasave V 7.26.7.121
* Temperature SN = 2438
* Conductivity SN = 2067
* Number of Bytes Per Scan = 40
* Number of Voltage Words = 5
* Number of Scans Averaged by the Deck Unit = 1
* NMEA Latitude = 64 50.77 S
* NMEA Longitude = 063 54.70 W
* NMEA UTC (Time) = Dec 10 2021  14:38:32
* NMEA baud rate = 9600
** Ship: RVIB N.B. Palmer
** Cruise: NBP2113 LTER
** Station: 622.029
** Operator: B. Urmston
# nquan = 20
# nvalues = 1117                                  
# units = specified
# name 0 = prDM: Pressure, Digiquartz [db]
# name 1 = depSM: Depth [salt water, m]
# name 2 = t090C: Temperature [ITS-90, deg C]
# name 3 = c0mS/cm: Conductivity [mS/cm]
# name 4 = t190C: Temperature, 2 [ITS-90, deg C]
# name 5 = c1mS/cm: Conductivity, 2 [mS/cm]
# name 6 = sbeox0ML/L: Oxygen, SBE 43 [ml/l]
# name 7 = sbeox1ML/L: Oxygen, SBE 43, 2 [ml/l]
# name 8 = flECO-AFL: Fluorescence, WET Labs ECO-AFL/FL [mg/m^3]
# name 9 = CStarTr0: Beam Transmission, WET Labs C-Star [%]
# name 10 = par: PAR/Irradiance, Biospherical/Licor
# name 11 = latitude: Latitude [deg]
# name 12 = longitude: Longitude [deg]
# name 13 = timeJ: Julian Days
# name 14 = altM: Altimeter [m]
# name 15 = spar: SPAR, Biospherical/Licor
# name 16 = timeS: Time, Elapsed [seconds]
# name 17 = scan: Scan Count
# name 18 = nbf: Bottles Fired
# name 19 = flag:  0.000e+00
# interval = seconds: 0.0416667
# start_time = Dec 10 2021 14:38:32 [NMEA time, header]
# bad_flag = -9.990e-29
*END*
[from data line 145]
    227.340    224.990     0.9198  29.587293     0.9155  29.582492     4.7858     4.8497    -0.0077    94.4851 1.0000e-12  -64.84642  -63.91178 344.621584      32.94 1.0577e+03    992.875      23830          3  0.000e+00
    227.361    225.011     0.9199  29.587293     0.9152  29.581113     4.7863     4.8488    -0.0077    94.4851 1.0000e-12  -64.84642  -63.91178 344.621585      32.94 1.0577e+03    992.917      23831          3  0.000e+00
    227.698    225.344     0.9121  29.579824     0.9115  29.578873     4.7749     4.8451     0.0069    94.4851 1.0000e-12  -64.84642  -63.91176 344.621607      32.67 1.0577e+03    994.833      23877          4  0.000e+00
    227.615    225.263     0.9121  29.579824     0.9115  29.577838     4.7756     4.8449     0.0069    94.4851 1.0000e-12  -64.84642  -63.91176 344.621607      32.67 1.0560e+03    994.875      23878          4  0.000e+00
    227.650    225.297     0.9144  29.579294     0.9123  29.576689     4.7705     4.8501     0.0069    94.4851 1.0000e-12  -64.84642  -63.91176 344.621608      32.67 1.0560e+03    994.917      23879          4  0.000e+00
    227.719    225.364     0.9143  29.579824     0.9150  29.576172     4.7701     4.8451     0.0069    94.4851 1.0000e-12  -64.84642  -63.91176 344.621608      32.67 1.0560e+03    994.958      23880          4  0.000e+00
    227.698    225.344     0.9141  29.582353     0.9158  29.578643     4.7752     4.8455     0.0069    94.4851 1.0000e-12  -64.84642  -63.91176 344.621609      32.65 1.0560e+03    995.000      23881          4  0.000e+00
    227.719    225.365     0.9144  29.582883     0.9160  29.581918     4.7773     4.8461     0.0069    94.4851 1.0000e-12  -64.84642  -63.91176 344.621609      32.65 1.0560e+03    995.042      23882          4  0.000e+00
    227.698    225.344     0.9143  29.581236     0.9159  29.582493     4.7783     4.8468     0.0069    94.4851 1.0000e-12  -64.84642  -63.91176 344.621610      32.65 1.0560e+03    995.083      23883          4  0.000e+00
    227.698    225.344     0.9115  29.579295     0.9158  29.581918     4.7739     4.8476     0.0069    94.4851 1.0000e-12  -64.84642  -63.91176 344.621610      32.67 1.0560e+03    995.125      23884          4  0.000e+00
    227.719    225.365     0.9089  29.577648     0.9156  29.581918     4.7740     4.8475     0.0069    94.4851 1.0000e-12  -64.84642  -63.91176 344.621611      32.65 1.0560e+03    995.167      23885          4  0.000e+00
    227.753    225.399     0.9074  29.575707     0.9166  29.582205     4.7810     4.8474     0.0069    94.4851 1.0000e-12  -64.84642  -63.91176 344.621611      32.65 1.0560e+03    995.208      23886          4  0.000e+00
    227.719    225.365     0.9068  29.574590     0.9180  29.582722     4.7821     4.8471     0.0069    94.4851 1.0000e-12  -64.84642  -63.91176 344.621612      32.63 1.0560e+03    995.250      23887          4  0.000e+00
    227.753    225.399     0.9072  29.573413     0.9179  29.583584     4.7776     4.8470     0.0069    94.4851 1.0000e-12  -64.84642  -63.91176 344.621612      32.58 1.0560e+03    995.292      23888          4  0.000e+00
    227.698    225.344     0.9074  29.573472     0.9135  29.584677     4.7774     4.8474     0.0069    94.4851 1.0000e-12  -64.84642  -63.91176 344.621613      32.55 1.0560e+03    995.333      23889          4  0.000e+00
    227.719    225.365     0.9075  29.574060     0.9103  29.581919     4.7816     4.8486     0.0069    94.4851 1.0000e-12  -64.84642  -63.91176 344.621613      32.55 1.0560e+03    995.375      23890          4  0.000e+00
    227.801    225.446     0.9075  29.574884     0.9085  29.578069     4.7827     4.8490     0.0069    94.4851 1.0000e-12  -64.84642  -63.91176 344.621614      32.58 1.0560e+03    995.417      23891          4  0.000e+00
    227.719    225.365     0.9072  29.574884     0.9080  29.575311     4.7781     4.8491     0.0069    94.4851 1.0000e-12  -64.84642  -63.91176 344.621614      32.55 1.0560e+03    995.458      23892          4  0.000e+00
    227.801    225.446     0.9076  29.574296     0.9069  29.573989     4.7781     4.8493     0.0069    94.4851 1.0000e-12  -64.84642  -63.91176 344.621615      32.55 1.0560e+03    995.500      23893          4  0.000e+00
    227.753    225.399     0.9079  29.574884     0.9066  29.573645     4.7779     4.8493     0.0069    94.4851 1.0000e-12  -64.84642  -63.91176 344.621615      32.55 1.0560e+03    995.542      23894          4  0.000e+00
    227.767    225.412     0.9080  29.574884     0.9071  29.572610     4.7836     4.8492     0.0069    94.4851 1.0000e-12  -64.84642  -63.91176 344.621616      32.55 1.0560e+03    995.583      23895          4  0.000e+00
    227.753    225.399     0.9081  29.575178     0.9070  29.572323     4.7792     4.8492     0.0069    94.4851 1.0000e-12  -64.84642  -63.91176 344.621616      32.55 1.0560e+03    995.625      23896          4  0.000e+00
    227.767    225.412     0.9077  29.574884     0.9071  29.573185     4.7780     4.8491     0.0069    94.4851 1.0000e-12  -64.84642  -63.91176 344.621617      32.55 1.0560e+03    995.667      23897          4  0.000e+00
    227.801    225.446     0.9079  29.574884     0.9072  29.573185     4.7767     4.8491     0.0069    94.4851 1.0000e-12  -64.84642  -63.91176 344.621617      32.55 1.0560e+03    995.708      23898          4  0.000e+00
    227.753    225.399     0.9082  29.575178     0.9080  29.572840     4.7823     4.8490     0.0069    94.4851 1.0000e-12  -64.84642  -63.91176 344.621617      32.55 1.0560e+03    995.750      23899          4  0.000e+00
    227.767    225.412     0.9086  29.575178     0.9094  29.573185     4.7836     4.8488     0.0069    94.4851 1.0000e-12  -64.84642  -63.91176 344.621618      32.58 1.0560e+03    995.792      23900          4  0.000e+00
    227.801    225.446     0.9088  29.575413     0.9091  29.574506     4.7850     4.8488     0.0069    94.4851 1.0000e-12  -64.84642  -63.91176 344.621618      32.58 1.0560e+03    995.833      23901          4  0.000e+00
    227.822    225.467     0.9095  29.575707     0.9090  29.575081     4.7792     4.8487     0.0069    94.4851 1.0000e-12  -64.84642  -63.91176 344.621619      32.60 1.0560e+03    995.875      23902          4  0.000e+00
    227.753    225.399     0.9102  29.576825     0.9094  29.574794     4.7834     4.8486     0.0069    94.4851 1.0000e-12  -64.84642  -63.91176 344.621619      32.58 1.0560e+03    995.917      23903          4  0.000e+00
    227.801    225.446     0.9108  29.578119     0.9092  29.574794     4.7846     4.8486     0.0069    94.4851 1.0000e-12  -64.84642  -63.91176 344.621620      32.58 1.0560e+03    995.958      23904          4  0.000e+00
    227.767    225.412     0.9118  29.579001     0.9094  29.575081     4.7857     4.8485     0.0069    94.4851 1.0000e-12  -64.84642  -63.91176 344.621620      32.58 1.0560e+03    996.000      23905          4  0.000e+00
    227.801    225.446     0.9135  29.579589     0.9094  29.575311     4.7812     4.8485     0.0069    94.5109 1.0000e-12  -64.84642  -63.91176 344.621621      32.58 1.0560e+03    996.042      23906          4  0.000e+00
    227.822    225.467     0.9154  29.580118     0.9091  29.575081     4.7797     4.8485     0.0069    94.4851 1.0000e-12  -64.84642  -63.91176 344.621621      32.58 1.0560e+03    996.083      23907          4  0.000e+00
    227.753    225.399     0.9171  29.580941     0.9089  29.575311     4.7852     4.8485     0.0069    94.5109 1.0000e-12  -64.84642  -63.91176 344.621622      32.58 1.0560e+03    996.125      23908          4  0.000e+00
    227.801    225.446     0.9166  29.581530     0.9088  29.574277     4.7866     4.8432     0.0069    94.4851 1.0000e-12  -64.84642  -63.91176 344.621622      32.58 1.0560e+03    996.167      23909          4  0.000e+00
    227.822    225.467     0.9158  29.581765     0.9086  29.574794     4.7823     4.8477     0.0069    94.5109 1.0000e-12  -64.84642  -63.91176 344.621623      32.58 1.0560e+03    996.208      23910          4  0.000e+00
    227.801    225.446     0.9154  29.580942     0.9080  29.573989     4.7825     4.8478     0.0069    94.4851 1.0000e-12  -64.84642  -63.91176 344.621623      32.55 1.0560e+03    996.250      23911          4  0.000e+00
    227.822    225.467     0.9140  29.580942     0.9089  29.573989     4.7871     4.8477     0.0069    94.5109 1.0000e-12  -64.84642  -63.91176 344.621624      32.50 1.0560e+03    996.292      23912          4  0.000e+00
    227.801    225.446     0.9119  29.579824     0.9091  29.574506     4.7818     4.8477     0.0069    94.4851 1.0000e-12  -64.84642  -63.91176 344.621624      32.48 1.0560e+03    996.333      23913          4  0.000e+00
    227.822    225.467     0.9109  29.579295     0.9090  29.574794     4.7820     4.8477     0.0069    94.4851 1.0000e-12  -64.84642  -63.91176 344.621625      32.50 1.0577e+03    996.375      23914          4  0.000e+00
    227.753    225.399     0.9110  29.579295     0.9091  29.574794     4.7808     4.8530     0.0069    94.4851 1.0000e-12  -64.84642  -63.91176 344.621625      32.50 1.0577e+03    996.417      23915          4  0.000e+00
    227.801    225.446     0.9110  29.579295     0.9092  29.574794     4.7796     4.8484     0.0069    94.4851 1.0000e-12  -64.84642  -63.91176 344.621626      32.50 1.0560e+03    996.458      23916          4  0.000e+00
    227.822    225.467     0.9111  29.578942     0.9087  29.574794     4.7798     4.8485     0.0069    94.4851 1.0000e-12  -64.84642  -63.91176 344.621626      32.48 1.0577e+03    996.500      23917          4  0.000e+00
    227.801    225.446     0.9106  29.578766     0.9087  29.575081     4.7858     4.8484     0.0069    94.4851 1.0000e-12  -64.84642  -63.91176 344.621627      32.48 1.0560e+03    996.542      23918          4  0.000e+00
    227.822    225.467     0.9105  29.578178     0.9089  29.575081     4.7803     4.8484     0.0069    94.4851 1.0000e-12  -64.84642  -63.91176 344.621627      32.50 1.0577e+03    996.583      23919          4  0.000e+00
    227.801    225.446     0.9108  29.578472     0.9093  29.575024     4.7791     4.8483     0.0069    94.5109 1.0000e-12  -64.84642  -63.91176 344.621628      32.50 1.0577e+03    996.625      23920          4  0.000e+00
    227.801    225.446     0.9110  29.578178     0.9095  29.575368     4.7836     4.8482     0.0069    94.4851 1.0000e-12  -64.84642  -63.91176 344.621628      32.50 1.0577e+03    996.667      23921          4  0.000e+00
    227.822    225.467     0.9113  29.577883     0.9099  29.575311     4.7851     4.8481     0.0069    94.4851 1.0000e-12  -64.84642  -63.91176 344.621629      32.48 1.0577e+03    996.708      23922          4  0.000e+00
    227.753    225.399     0.9117  29.577883     0.9095  29.575368     4.7794     4.8481     0.0069    94.4851 1.0000e-12  -64.84642  -63.91176 344.621629      32.48 1.0577e+03    996.750      23923          4  0.000e+00
    227.822    225.467     0.9113  29.577883     0.9097  29.575656     4.7727     4.8481     0.0069    94.4851 1.0000e-12  -64.84642  -63.91176 344.621630      32.50 1.0577e+03    996.792      23924          4  0.000e+00
    227.801    225.446     0.9104  29.577648     0.9100  29.575598     4.7817     4.8480     0.0069    94.5109 1.0000e-12  -64.84642  -63.91176 344.621630      32.50 1.0577e+03    996.833      23925          4  0.000e+00
    201.891    199.816     0.7026  29.348760     0.7070  29.353091     5.1145     5.1482     0.0143    94.4336 1.0000e-12  -64.84650  -63.91182 344.622736      63.42 1.0348e+03   1092.375      26218          5  0.000e+00
    201.994    199.918     0.7019  29.348057     0.7056  29.352290     5.1149     5.1486     0.0143    94.4336 1.0000e-12  -64.84650  -63.91182 344.622736      63.42 1.0348e+03   1092.417      26219          5  0.000e+00
    201.891    199.816     0.7008  29.347353     0.7049  29.349539     5.1079     5.1541     0.0143    94.4336 1.0000e-12  -64.84650  -63.91182 344.622737      63.44 1.0348e+03   1092.458      26220          5  0.000e+00
    201.946    199.870     0.6997  29.346121     0.7049  29.349310     5.1178     5.1547     0.0143    94.4336 1.0000e-12  -64.84650  -63.91182 344.622737      63.44 1.0348e+03   1092.500      26221          5  0.000e+00
    201.891    199.816     0.6989  29.344889     0.7049  29.348222     5.1129     5.1551     0.0143    94.4336 1.0000e-12  -64.84650  -63.91182 344.622738      63.42 1.0348e+03   1092.542      26222          5  0.000e+00
    201.843    199.769     0.6986  29.344479     0.7045  29.348451     5.1120     5.1553     0.0143    94.4336 1.0000e-12  -64.84650  -63.91182 344.622738      63.44 1.0348e+03   1092.583      26223          5  0.000e+00
    201.946    199.870     0.6978  29.343658     0.7030  29.348222     5.1110     5.1555     0.0143    94.4336 1.0000e-12  -64.84650  -63.91182 344.622739      63.44 1.0348e+03   1092.625      26224          5  0.000e+00
    201.788    199.714     0.6975  29.343540     0.7024  29.347133     5.1152     5.1553     0.0143    94.4336 1.0000e-12  -64.84650  -63.91182 344.622739      63.44 1.0348e+03   1092.667      26225          5  0.000e+00
    201.843    199.769     0.6974  29.342837     0.7027  29.346045     5.1161     5.1549     0.0143    94.4336 1.0000e-12  -64.84650  -63.91182 344.622740      63.42 1.0348e+03   1092.708      26226          5  0.000e+00
    201.740    199.667     0.6971  29.343013     0.7030  29.346331     5.1167     5.1541     0.0143    94.4336 1.0000e-12  -64.84650  -63.91182 344.622740      63.44 1.0348e+03   1092.750      26227          5  0.000e+00
    201.891    199.816     0.6974  29.342016     0.7029  29.346847     5.1171     5.1533     0.0143    94.4594 1.0000e-12  -64.84650  -63.91182 344.622741      64.13 1.0348e+03   1092.792      26228          5  0.000e+00
    201.788    199.714     0.6971  29.342426     0.7028  29.346274     5.1114     5.1531     0.0143    94.4594 1.0000e-12  -64.84650  -63.91182 344.622741      64.49 1.0348e+03   1092.833      26229          5  0.000e+00
    201.788    199.714     0.6969  29.342544     0.7050  29.346560     5.1214     5.1524     0.0143    94.4336 1.0000e-12  -64.84650  -63.91182 344.622742      64.54 1.0348e+03   1092.875      26230          5  0.000e+00
    201.740    199.667     0.6972  29.341195     0.7061  29.347133     5.1165     5.1517     0.0143    94.4594 1.0000e-12  -64.84650  -63.91182 344.622742      64.52 1.0348e+03   1092.917      26231          5  0.000e+00
    201.740    199.667     0.6977  29.341898     0.7064  29.349310     5.1156     5.1562     0.0143    94.4594 1.0000e-12  -64.84650  -63.91182 344.622743      64.49 1.0348e+03   1092.958      26232          5  0.000e+00
    201.740    199.667     0.6983  29.342543     0.7055  29.350398     5.1145     5.1562     0.0143    94.4336 1.0000e-12  -64.84650  -63.91182 344.622743      64.49 1.0348e+03   1093.000      26233          5  0.000e+00
    201.685    199.612     0.6988  29.343540     0.7044  29.350112     5.1188     5.1559     0.0143    94.4594 1.0000e-12  -64.84650  -63.91182 344.622744      64.49 1.0348e+03   1093.042      26234          5  0.000e+00
    201.740    199.667     0.6989  29.343951     0.7039  29.349023     5.1141     5.1564     0.0143    94.4594 1.0000e-12  -64.84650  -63.91182 344.622744      64.52 1.0348e+03   1093.083      26235          5  0.000e+00
    201.685    199.612     0.6992  29.344654     0.7030  29.348221     5.1135     5.1567     0.0143    94.4594 1.0000e-12  -64.84650  -63.91182 344.622745      64.52 1.0348e+03   1093.125      26236          5  0.000e+00
    201.685    199.612     0.6992  29.343951     0.7036  29.348221     5.1115     5.1566     0.0143    94.4594 1.0000e-12  -64.84650  -63.91182 344.622745      64.49 1.0348e+03   1093.167      26237          5  0.000e+00
    201.685    199.612     0.6994  29.344244     0.7054  29.348737     5.1105     5.1562     0.0143    94.4336 1.0000e-12  -64.84650  -63.91182 344.622745      64.47 1.0348e+03   1093.208      26238          5  0.000e+00
