NBP2113_155081_ctd/data/nbp2113_062.ros
* Sea-Bird SBE 9 Data File:
* FileName = D:\Data\raw\NBP2113_062.hex
* Software Version Seasave V 7.26.7.121
* Temperature SN = 2438
* Conductivity SN = 2067
* Number of Bytes Per Scan = 40
* Number of Voltage Words = 5
* Number of Scans Averaged by the Deck Unit = 1
* NMEA Latitude = 64 46.58 S
* NMEA Longitude = 063 03.86 W
* NMEA UTC (Time) = Dec 14 2021  03:19:35
* NMEA baud rate = 9600
** Ship: RVIB N.B. Palmer
** Cruise: NBP2113 LTER
** Station: 654.003
** Operator: B. Urmston
# nquan = 20
# nvalues = 586                                   
# units = specified
# name 0 = prDM: Pressure, Digiquartz [db]
# name 1 = depSM: Depth [salt water, m]
# name 2 = t090C: Temperature [ITS-90, deg C]
# name 3 = c0mS/cm: Conductivity [mS/cm]
# name 4 = t190C: Temperature, 2 [ITS-90, deg C]
# name 5 = c1mS/cm: Conductivity, 2 [mS/cm]
# name 6 = sbeox0ML/L: Oxygen, SBE 43 [ml/l]
# name 7 = sbeox1ML/L: Oxygen, SBE 43, 2 [ml/l]
# name 8 = flECO-AFL: Fluorescence, WET Labs ECO-AFL/FL [mg/m^3]
# name 9 = CStarTr0: Beam Transmission, WET Labs C-Star [%]
# name 10 = par: PAR/Irradiance, Biospherical/Licor
# name 11 = latitude: Latitude [deg]
# name 12 = longitude: Longitude [deg]
# name 13 = timeJ: Julian Days
# name 14 = altM: Altimeter [m]
# name 15 = spar: SPAR, Biospherical/Licor
# name 16 = timeS: Time, Elapsed [seconds]
# name 17 = scan: Scan Count
# name 18 = nbf: Bottles Fired
# name 19 = flag:  0.000e+00
# interval = seconds: 0.0416667
# start_time = Dec 14 2021 03:19:35 [NMEA time, header]
# bad_flag = -9.990e-29
*END*
[from data line 290]
    151.355    149.819     0.6744  29.306697     0.6734  29.303408     5.1146     5.2435     0.0436    90.3652 1.0000e-12  -64.77626  -63.06528 348.153025      99.95 0.0000e+00   1246.375      29914          6  0.000e+00
    151.341    149.805     0.6747  29.307518     0.6729  29.303980     5.1158     5.2446     0.0436    90.3652 1.0000e-12  -64.77626  -63.06528 348.153026      99.98 0.0000e+00   1246.417      29915          6  0.000e+00
    101.064    100.051     0.7906  29.378855     0.7913  29.380593     5.0189     5.0971     0.0509    90.8029 1.0000e-12  -64.77628  -63.06520 348.154300      99.98 0.0000e+00   1356.500      32557          7  0.000e+00
    101.037    100.023     0.7913  29.378855     0.7900  29.380078     5.0212     5.0973     0.0509    90.8029 1.0000e-12  -64.77628  -63.06520 348.154300      99.98 0.0000e+00   1356.542      32558          7  0.000e+00
    101.016    100.003     0.7913  29.379970     0.7894  29.378415     5.0167     5.0975     0.0509    90.7772 1.0000e-12  -64.77628  -63.06520 348.154301      99.98 0.0000e+00   1356.583      32559          7  0.000e+00
    101.037    100.023     0.7911  29.379970     0.7902  29.377900     5.0222     5.0975     0.0509    90.8287 1.0000e-12  -64.77628  -63.06520 348.154301      99.95 0.0000e+00   1356.625      32560          7  0.000e+00
    101.064    100.051     0.7909  29.380263     0.7910  29.378415     5.0235     5.0974     0.0509    90.8287 1.0000e-12  -64.77628  -63.06520 348.154302      99.95 0.0000e+00   1356.667      32561          7  0.000e+00
    101.037    100.023     0.7911  29.380263     0.7916  29.379275     5.0233     5.0973     0.0436    90.8287 1.0000e-12  -64.77628  -63.06520 348.154302      99.98 0.0000e+00   1356.708      32562          7  0.000e+00
    101.037    100.023     0.7908  29.380263     0.7919  29.379504     5.0176     5.0972     0.0436    90.8287 1.0000e-12  -64.77628  -63.06520 348.154303      99.98 0.0000e+00   1356.750      32563          7  0.000e+00
    101.064    100.051     0.7909  29.380791     0.7921  29.380364     5.0218     5.0970     0.0436    90.8287 1.0000e-12  -64.77628  -63.06520 348.154303      99.98 0.0000e+00   1356.792      32564          7  0.000e+00
    101.037    100.024     0.7916  29.381084     0.7921  29.380364     5.0339     5.0969     0.0436    90.8287 1.0000e-12  -64.77628  -63.06520 348.154304      99.95 0.0000e+00   1356.833      32565          7  0.000e+00
    101.016    100.003     0.7920  29.381084     0.7921  29.380364     5.0249     5.0914     0.0436    90.8287 1.0000e-12  -64.77628  -63.06520 348.154304      99.95 0.0000e+00   1356.875      32566          7  0.000e+00
    101.085    100.071     0.7916  29.381906     0.7917  29.379791     5.0190     5.0958     0.0436    90.8287 1.0000e-12  -64.77628  -63.06520 348.154305      99.98 0.0000e+00   1356.917      32567          7  0.000e+00
    101.016    100.003     0.7920  29.382199     0.7917  29.380880     5.0229     5.0955     0.0436    90.8287 1.0000e-12  -64.77628  -63.06520 348.154305      99.98 0.0000e+00   1356.958      32568          7  0.000e+00
    101.085    100.071     0.7922  29.382141     0.7916  29.380364     5.0238     5.0910     0.0436    90.8287 1.0000e-12  -64.77628  -63.06520 348.154306      99.98 0.0000e+00   1357.000      32569          7  0.000e+00
    101.016    100.003     0.7924  29.381906     0.7913  29.380593     5.0233     5.0908     0.0436    90.8287 1.0000e-12  -64.77628  -63.06520 348.154306      99.98 0.0000e+00   1357.042      32570          7  0.000e+00
    101.085    100.071     0.7922  29.382141     0.7914  29.380364     5.0242     5.0907     0.0436    90.8287 1.0000e-12  -64.77628  -63.06520 348.154307      99.98 0.0000e+00   1357.083      32571          7  0.000e+00
    100.989     99.976     0.7920  29.382199     0.7913  29.380077     5.0250     5.0958     0.0436    90.8287 1.0000e-12  -64.77628  -63.06520 348.154307      99.95 0.0000e+00   1357.125      32572          7  0.000e+00
    101.064    100.051     0.7920  29.381612     0.7913  29.380077     5.0314     5.0966     0.0436    90.8287 1.0000e-12  -64.77628  -63.06520 348.154307      99.95 0.0000e+00   1357.167      32573          7  0.000e+00
    101.037    100.024     0.7919  29.381612     0.7908  29.380077     5.0279     5.0965     0.0436    90.8287 1.0000e-12  -64.77628  -63.06520 348.154308      99.98 0.0000e+00   1357.208      32574          7  0.000e+00
    101.064    100.051     0.7919  29.381906     0.7910  29.379504     5.0218     5.0963     0.0436    90.8287 1.0000e-12  -64.77628  -63.06520 348.154308      99.98 0.0000e+00   1357.250      32575          7  0.000e+00
    101.037    100.024     0.7920  29.381906     0.7908  29.379504     5.0269     5.0961     0.0436    90.8287 1.0000e-12  -64.77628  -63.06520 348.154309      99.98 0.0000e+00   1357.292      32576          7  0.000e+00
    101.064    100.051     0.7922  29.381906     0.7911  29.379275     5.0277     5.0959     0.0436    90.8287 1.0000e-12  -64.77628  -63.06520 348.154309      99.95 0.0000e+00   1357.333      32577          7  0.000e+00
    101.037    100.024     0.7916  29.381906     0.7911  29.379504     5.0272     5.0956     0.0436    90.8287 1.0000e-12  -64.77628  -63.06520 348.154310      99.95 0.0000e+00   1357.375      32578          7  0.000e+00
    101.064    100.051     0.7917  29.381906     0.7914  29.379275     5.0279     5.0953     0.0436    90.8287 1.0000e-12  -64.77628  -63.06520 348.154310      99.98 0.0000e+00   1357.417      32579          7  0.000e+00
    100.989     99.976     0.7917  29.381319     0.7913  29.379275     5.0342     5.0957     0.0436    90.7772 1.0000e-12  -64.77628  -63.06520 348.154311      99.98 0.0000e+00   1357.458      32580          7  0.000e+00
    101.064    100.051     0.7920  29.381906     0.7911  29.379275     5.0292     5.0902     0.0436    90.7772 1.0000e-12  -64.77628  -63.06520 348.154311      99.98 0.0000e+00   1357.500      32581          7  0.000e+00
    101.037    100.024     0.7916  29.382141     0.7912  29.379504     5.0230     5.0943     0.0436    90.7772 1.0000e-12  -64.77628  -63.06520 348.154312      99.98 0.0000e+00   1357.542      32582          7  0.000e+00
    101.085    100.071     0.7914  29.381613     0.7911  29.380078     5.0267     5.0887     0.0436    90.7772 1.0000e-12  -64.77628  -63.06520 348.154312      99.98 0.0000e+00   1357.583      32583          7  0.000e+00
    101.016    100.003     0.7917  29.381612     0.7911  29.379791     5.0302     5.0928     0.0436    90.7772 1.0000e-12  -64.77628  -63.06520 348.154313      99.95 0.0000e+00   1357.625      32584          7  0.000e+00
    101.037    100.024     0.7920  29.381906     0.7906  29.379791     5.0250     5.0933     0.0436    90.7772 1.0000e-12  -64.77628  -63.06520 348.154313      99.95 0.0000e+00   1357.667      32585          7  0.000e+00
    101.064    100.051     0.7917  29.381613     0.7906  29.380078     5.0211     5.0929     0.0436    90.7772 1.0000e-12  -64.77628  -63.06520 348.154314      99.98 0.0000e+00   1357.708      32586          7  0.000e+00
    101.037    100.024     0.7916  29.381906     0.7917  29.379275     5.0315     5.0932     0.0436    90.7772 1.0000e-12  -64.77628  -63.06520 348.154314      99.98 0.0000e+00   1357.750      32587          7  0.000e+00
    101.016    100.003     0.7914  29.381319     0.7922  29.380077     5.0332     5.0935     0.0509    90.7772 1.0000e-12  -64.77628  -63.06520 348.154315      99.98 0.0000e+00   1357.792      32588          7  0.000e+00
    101.085    100.071     0.7913  29.381378     0.7929  29.380880     5.0293     5.0938     0.0509    90.7772 1.0000e-12  -64.77628  -63.06520 348.154315      99.95 0.0000e+00   1357.833      32589          7  0.000e+00
    101.016    100.003     0.7914  29.381319     0.7925  29.381969     5.0296     5.0941     0.0509    90.7772 1.0000e-12  -64.77628  -63.06520 348.154316      99.98 0.0000e+00   1357.875      32590          7  0.000e+00
    101.037    100.024     0.7911  29.381084     0.7916  29.382255     5.0411     5.0946     0.0509    90.7772 1.0000e-12  -64.77628  -63.06520 348.154316      99.98 0.0000e+00   1357.917      32591          7  0.000e+00
    101.037    100.024     0.7914  29.381612     0.7906  29.381453     5.0314     5.0952     0.0509    90.7772 1.0000e-12  -64.77628  -63.06520 348.154317      99.98 0.0000e+00   1357.958      32592          7  0.000e+00
    101.064    100.051     0.7914  29.381319     0.7913  29.381453     5.0359     5.0955     0.0509    90.7772 1.0000e-12  -64.77628  -63.06520 348.154317      99.98 0.0000e+00   1358.000      32593          7  0.000e+00
    101.037    100.024     0.7913  29.381378     0.7916  29.380880     5.0317     5.0959     0.0509    90.7772 1.0000e-12  -64.77628  -63.06520 348.154318      99.98 0.0000e+00   1358.042      32594          7  0.000e+00
    101.064    100.051     0.7916  29.381084     0.7927  29.381166     5.0318     5.0954     0.0509    90.7772 1.0000e-12  -64.77628  -63.06520 348.154318      99.98 0.0000e+00   1358.083      32595          7  0.000e+00
    101.037    100.024     0.7917  29.381612     0.7939  29.382312     5.0374     5.0947     0.0509    90.7772 1.0000e-12  -64.77628  -63.06520 348.154319      99.95 0.0000e+00   1358.125      32596          7  0.000e+00
    101.065    100.051     0.7920  29.381906     0.7945  29.382255     5.0374     5.0950     0.0509    90.7772 1.0000e-12  -64.77628  -63.06520 348.154319      99.93 0.0000e+00   1358.167      32597          7  0.000e+00
    101.037    100.024     0.7922  29.382199     0.7947  29.383058     5.0261     5.0952     0.0509    90.7772 1.0000e-12  -64.77628  -63.06520 348.154320      99.95 0.0000e+00   1358.208      32598          7  0.000e+00
    101.017    100.003     0.7925  29.382434     0.7951  29.383344     5.0345     5.0955     0.0509    90.7772 1.0000e-12  -64.77628  -63.06520 348.154320      99.98 0.0000e+00   1358.250      32599          7  0.000e+00
    101.037    100.024     0.7925  29.383021     0.7951  29.383631     5.0356     5.0950     0.0509    90.7772 1.0000e-12  -64.77628  -63.06520 348.154321      99.98 0.0000e+00   1358.292      32600          7  0.000e+00
    101.037    100.024     0.7925  29.382962     0.7950  29.383631     5.0298     5.0892     0.0509    90.8029 1.0000e-12  -64.77628  -63.06520 348.154321      99.95 0.0000e+00   1358.333      32601          7  0.000e+00
    101.065    100.051     0.7925  29.383021     0.7952  29.383860     5.0240     5.0931     0.0509    90.8029 1.0000e-12  -64.77628  -63.06520 348.154321      99.95 0.0000e+00   1358.375      32602          7  0.000e+00
    101.037    100.024     0.7927  29.382962     0.7950  29.383631     5.0336     5.0926     0.0509    90.8029 1.0000e-12  -64.77628  -63.06520 348.154322      99.98 0.0000e+00   1358.417      32603          7  0.000e+00
    101.017    100.003     0.7928  29.383020     0.7947  29.384147     5.0333     5.0928     0.0509    90.8029 1.0000e-12  -64.77628  -63.06520 348.154322      99.98 0.0000e+00   1358.458      32604          7  0.000e+00
    101.037    100.024     0.7920  29.382140     0.7947  29.383631     5.0274     5.0931     0.0509    90.8029 1.0000e-12  -64.77628  -63.06520 348.154323      99.98 0.0000e+00   1358.500      32605          7  0.000e+00
    100.989     99.976     0.7935  29.383255     0.7938  29.383057     5.0405     5.0907     0.0436    90.8029 1.0000e-12  -64.77628  -63.06520 348.154329      99.98 0.0000e+00   1359.042      32618          8  0.000e+00
    101.037    100.024     0.7936  29.383549     0.7938  29.382771     5.0364     5.0903     0.0436    90.8029 1.0000e-12  -64.77628  -63.06520 348.154330      99.98 0.0000e+00   1359.083      32619          8  0.000e+00
    101.065    100.051     0.7944  29.384077     0.7939  29.382771     5.0364     5.0898     0.0436    90.8287 1.0000e-12  -64.77628  -63.06520 348.154330      99.95 0.0000e+00   1359.125      32620          8  0.000e+00
    101.037    100.024     0.7950  29.384135     0.7933  29.382771     5.0308     5.0901     0.0436    90.8802 1.0000e-12  -64.77628  -63.06520 348.154331      99.93 0.0000e+00   1359.167      32621          8  0.000e+00
    101.065    100.051     0.7952  29.384370     0.7938  29.382255     5.0420     5.0852     0.0436    90.8802 1.0000e-12  -64.77628  -63.06520 348.154331      99.95 0.0000e+00   1359.208      32622          8  0.000e+00
    101.037    100.024     0.7955  29.384663     0.7936  29.382771     5.0376     5.0899     0.0436    90.8802 1.0000e-12  -64.77628  -63.06520 348.154332      99.98 0.0000e+00   1359.250      32623          8  0.000e+00
    101.017    100.004     0.7955  29.384898     0.7938  29.382255     5.0362     5.0903     0.0436    90.8802 1.0000e-12  -64.77628  -63.06520 348.154332      99.98 0.0000e+00   1359.292      32624          8  0.000e+00
    101.037    100.024     0.7956  29.385426     0.7931  29.382313     5.0305     5.0907     0.0436    90.8802 1.0000e-12  -64.77628  -63.06520 348.154333      99.95 0.0000e+00   1359.333      32625          8  0.000e+00
    101.017    100.004     0.7955  29.385778     0.7931  29.382255     5.0402     5.0910     0.0436    90.8802 1.0000e-12  -64.77628  -63.06520 348.154333      99.95 0.0000e+00   1359.375      32626          8  0.000e+00
    101.037    100.024     0.7953  29.385426     0.7927  29.381682     5.0357     5.0914     0.0436    90.8802 1.0000e-12  -64.77628  -63.06520 348.154334      99.98 0.0000e+00   1359.417      32627          8  0.000e+00
    101.037    100.024     0.7952  29.385485     0.7930  29.382255     5.0354     5.0917     0.0436    90.8802 1.0000e-12  -64.77628  -63.06520 348.154334      99.98 0.0000e+00   1359.458      32628          8  0.000e+00
    101.017    100.004     0.7953  29.385426     0.7933  29.381682     5.0363     5.0867     0.0436    90.8802 1.0000e-12  -64.77628  -63.06520 348.154334      99.98 0.0000e+00   1359.500      32629          8  0.000e+00
    101.037    100.024     0.7953  29.385191     0.7936  29.381969     5.0359     5.0854     0.0436    90.8802 1.0000e-12  -64.77628  -63.06520 348.154335      99.98 0.0000e+00   1359.542      32630          8  0.000e+00
    101.017    100.004     0.7955  29.384898     0.7934  29.381682     5.0342     5.0850     0.0436    90.8802 1.0000e-12  -64.77628  -63.06520 348.154335      99.98 0.0000e+00   1359.583      32631          8  0.000e+00
    101.037    100.024     0.7955  29.385485     0.7940  29.381969     5.0337     5.0890     0.0436    90.8802 1.0000e-12  -64.77628  -63.06520 348.154336      99.95 0.0000e+00   1359.625      32632          8  0.000e+00
    101.065    100.051     0.7956  29.385719     0.7939  29.382255     5.0288     5.0841     0.0436    90.8802 1.0000e-12  -64.77628  -63.06520 348.154336      99.95 0.0000e+00   1359.667      32633          8  0.000e+00
    100.989     99.977     0.7952  29.385485     0.7939  29.382542     5.0326     5.0889     0.0436    90.8802 1.0000e-12  -64.77628  -63.06520 348.154337      99.98 0.0000e+00   1359.708      32634          8  0.000e+00
    101.065    100.051     0.7952  29.384898     0.7938  29.382542     5.0308     5.0841     0.0436    90.8802 1.0000e-12  -64.77628  -63.06520 348.154337      99.98 0.0000e+00   1359.750      32635          8  0.000e+00
    101.037    100.024     0.7950  29.385191     0.7936  29.382542     5.0314     5.0890     0.0436    90.8802 1.0000e-12  -64.77628  -63.06520 348.154338      99.98 0.0000e+00   1359.792      32636          8  0.000e+00
    100.962     99.949     0.7949  29.384898     0.7934  29.382255     5.0321     5.0842     0.0436    90.8802 1.0000e-12  -64.77628  -63.06520 348.154338      99.93 0.0000e+00   1359.833      32637          8  0.000e+00
