NBP2113_155081_ctd/data/nbp2113_058.cnv
* Sea-Bird SBE 9 Data File:
* FileName = D:\Data\raw\NBP2113_058.hex
* Software Version Seasave V 7.26.7.121
* Temperature SN = 2438
* Conductivity SN = 2067
* Number of Bytes Per Scan = 40
* Number of Voltage Words = 5
* Number of Scans Averaged by the Deck Unit = 1
* NMEA Latitude = 64 56.50 S
* NMEA Longitude = 064 28.63 W
* NMEA UTC (Time) = Dec 12 2021  02:31:22
* NMEA baud rate = 9600
** Ship: RVIB N.B. Palmer
** Cruise: NBP2113 LTER
** Station: 597.042
** Operator: S. Blackman
# nquan = 25
# nvalues = 2292                        
# units = specified
# name 0 = prDM: Pressure, Digiquartz [db]
# name 1 = depSM: Depth [salt water, m]
# name 2 = t090C: Temperature [ITS-90, deg C]
# name 3 = c0mS/cm: Conductivity [mS/cm]
# name 4 = t190C: Temperature, 2 [ITS-90, deg C]
# name 5 = c1mS/cm: Conductivity, 2 [mS/cm]
# name 6 = sbeox0ML/L: Oxygen, SBE 43 [ml/l]
# name 7 = sbeox1ML/L: Oxygen, SBE 43, 2 [ml/l]
# name 8 = flECO-AFL: Fluorescence, WET Labs ECO-AFL/FL [mg/m^3]
# name 9 = CStarTr0: Beam Transmission, WET Labs C-Star [%]
# name 10 = par: PAR/Irradiance, Biospherical/Licor
# name 11 = latitude: Latitude [deg]
# name 12 = longitude: Longitude [deg]
# name 13 = timeJ: Julian Days
# name 14 = altM: Altimeter [m]
# name 15 = spar: SPAR, Biospherical/Licor
# name 16 = timeS: Time, Elapsed [seconds]
# name 17 = scan: Scan Count
# name 18 = density00: Density [density, kg/m^3]
# name 19 = density11: Density, 2 [density, kg/m^3]
# name 20 = sal00: Salinity, Practical [PSU]
# name 21 = sal11: Salinity, Practical, 2 [PSU]
# name 22 = oxsolML/L: Oxygen Saturation, Garcia & Gordon [ml/l]
# name 23 = nbin: number of scans per bin
# name 24 = flag: flag
# span 0 =      1.000,   1148.000       
# span 1 =      0.991,   1133.622       
# span 2 =    -0.6686,     1.4843       
# span 3 =  27.430063,  30.582023       
# span 4 =    -0.6680,     1.4841       
# span 5 =  27.427957,  30.580881       
# span 6 =     4.0402,     9.6974       
# span 7 =     4.1004,     9.9460       
# span 8 =    -0.0227,     2.4104       
# span 9 =    80.2960,    91.2146       
# span 10 = 1.0000e-12, 2.2112e+00      
# span 11 =  -64.94192,  -64.94172      
# span 12 =  -64.47760,  -64.47527      
# span 13 = 346.108846, 346.147547      
# span 14 =       8.10,     104.56      
# span 15 = 0.0000e+00, 1.7629e+00      
# span 16 =    322.326,   3666.074      
# span 17 =       7737,      87987      
# span 18 =  1026.9999,  1033.1090      
# span 19 =  1026.9982,  1033.1080      
# span 20 =    33.5826,    34.6773      
# span 21 =    33.5809,    34.6759      
# span 22 =    7.72750,    8.23053      
# span 23 =          1,         67      
# span 24 = 0.0000e+00, 0.0000e+00      
# interval = decibars: 1                
# start_time = Dec 12 2021 02:31:22 [NMEA time, header]
# bad_flag = -9.990e-29
*END*
[from data line 174]
    178.000    176.180     0.8271  29.466693     0.8375  29.477522     4.8097     4.8990     0.0036    90.9062 1.0000e-12  -64.94174  -64.47705 346.114014      99.97 0.0000e+00    768.783      18452  1028.5161  1028.5171    34.5239    34.5263    7.86660         30 0.0000e+00
    179.000    177.169     0.8489  29.490786     0.8471  29.488158     4.8038     4.8818     0.0006    90.9059 1.0000e-12  -64.94174  -64.47704 346.114024      99.97 0.0000e+00    769.672      18473  1028.5241  1028.5231    34.5303    34.5289    7.86185         20 0.0000e+00
    180.000    178.158     0.8568  29.499180     0.8562  29.497954     4.7843     4.8662     0.0070    90.9059 1.0000e-12  -64.94174  -64.47704 346.114033      99.97 0.0000e+00    770.411      18491  1028.5293  1028.5287    34.5318    34.5309    7.86017         16 0.0000e+00
    181.000    179.149     0.8586  29.502051     0.8582  29.500908     4.7660     4.8525    -0.0032    90.9059 1.0000e-12  -64.94174  -64.47702 346.114040      99.97 0.0000e+00    771.036      18506  1028.5348  1028.5340    34.5330    34.5319    7.85975         14 0.0000e+00
    182.000    180.137     0.8601  29.503848     0.8591  29.502077     4.7718     4.8500    -0.0099    90.9171 1.0000e-12  -64.94174  -64.47702 346.114047      99.97 0.0000e+00    771.611      18520  1028.5395  1028.5387    34.5330    34.5318    7.85944         14 0.0000e+00
    183.000    181.126     0.8694  29.513195     0.8688  29.511632     4.7818     4.8495    -0.0088    90.8879 1.0000e-12  -64.94174  -64.47702 346.114053      12.00 0.0000e+00    772.171      18533  1028.5444  1028.5435    34.5342    34.5329    7.85750         13 0.0000e+00
    184.000    182.116     0.8700  29.514706     0.8693  29.513197     4.7818     4.8531    -0.0086    90.8802 1.0000e-12  -64.94174  -64.47702 346.114060       9.25 0.0000e+00    772.773      18548  1028.5498  1028.5489    34.5349    34.5337    7.85734         16 0.0000e+00
    185.000    183.105     0.8726  29.518195     0.8723  29.516998     4.7798     4.8547     0.0125    90.8802 1.0000e-12  -64.94174  -64.47702 346.114069       9.26 0.0000e+00    773.566      18567  1028.5551  1028.5543    34.5359    34.5347    7.85676         25 0.0000e+00
    186.000    184.094     0.8655  29.510926     0.8645  29.508895     4.7893     4.8484     0.0007    90.9194 1.0000e-12  -64.94174  -64.47705 346.114115      90.83 0.0000e+00    777.564      18663  1028.5593  1028.5581    34.5338    34.5322    7.85831         37 0.0000e+00
    187.000    185.084     0.8707  29.516524     0.8706  29.515703     4.7592     4.8211    -0.0007    90.9322 1.0000e-12  -64.94174  -64.47706 346.114143     100.36 0.0000e+00    779.925      18719  1028.5643  1028.5635    34.5346    34.5337    7.85721         29 0.0000e+00
    188.000    186.074     0.8813  29.527188     0.8798  29.524783     4.7412     4.8093    -0.0004    90.9504 1.0000e-12  -64.94174  -64.47705 346.114154      99.97 0.0000e+00    780.893      18742  1028.5692  1028.5682    34.5361    34.5346    7.85500         21 0.0000e+00
    189.000    187.059     0.8802  29.527227     0.8790  29.525509     4.7297     4.8023    -0.0018    90.9396 1.0000e-12  -64.94174  -64.47703 346.114163      99.97 0.0000e+00    781.652      18761  1028.5746  1028.5741    34.5367    34.5359    7.85517         16 0.0000e+00
    190.000    188.053     0.8847  29.531377     0.8847  29.530514     4.7272     4.7978    -0.0084    90.9409 1.0000e-12  -64.94174  -64.47702 346.114170      99.97 0.0000e+00    782.284      18776  1028.5788  1028.5779    34.5365    34.5354    7.85428         14 0.0000e+00
    191.000    189.039     0.8901  29.537237     0.8892  29.535731     4.7296     4.7955    -0.0077    90.9436 1.0000e-12  -64.94174  -64.47702 346.114176      99.97 0.0000e+00    782.846      18789  1028.5839  1028.5831    34.5375    34.5365    7.85314         13 0.0000e+00
    192.000    190.031     0.8963  29.544613     0.8957  29.542947     4.7278     4.7972    -0.0077    90.9255 1.0000e-12  -64.94174  -64.47702 346.114183      64.54 0.0000e+00    783.381      18802  1028.5897  1028.5886    34.5396    34.5381    7.85178         13 0.0000e+00
    193.000    191.020     0.8986  29.547525     0.8979  29.546153     4.7252     4.8028    -0.0077    90.9170 1.0000e-12  -64.94174  -64.47702 346.114189       9.68 0.0000e+00    783.933      18815  1028.5947  1028.5940    34.5402    34.5392    7.85128         14 0.0000e+00
    194.000    192.010     0.8991  29.548745     0.8979  29.546742     4.7336     4.8035    -0.0077    90.9359 1.0000e-12  -64.94174  -64.47702 346.114197      75.89 0.0000e+00    784.612      18832  1028.5999  1028.5990    34.5406    34.5394    7.85115         20 0.0000e+00
    195.000    192.997     0.8951  29.545087     0.8958  29.544787     4.7344     4.7948     0.0021    90.9557 1.0000e-12  -64.94174  -64.47705 346.114231      99.75 0.0000e+00    787.565      18903  1028.6045  1028.6036    34.5397    34.5387    7.85201         34 0.0000e+00
    196.000    193.988     0.8987  29.548631     0.8971  29.546128     4.7242     4.7836    -0.0033    90.9685 1.0000e-12  -64.94174  -64.47706 346.114257      99.97 0.0000e+00    789.784      18956  1028.6090  1028.6080    34.5397    34.5383    7.85129         32 0.0000e+00
    197.000    194.976     0.9062  29.556983     0.9061  29.556041     4.7134     4.7736    -0.0061    90.9629 1.0000e-12  -64.94174  -64.47706 346.114274      99.97 0.0000e+00    791.243      18991  1028.6146  1028.6137    34.5416    34.5405    7.84967         38 0.0000e+00
    198.000    195.965     0.9108  29.562033     0.9106  29.560983     4.7085     4.7664    -0.0066    90.9861 1.0000e-12  -64.94174  -64.47705 346.114291      99.97 0.0000e+00    792.763      19027  1028.6196  1028.6188    34.5425    34.5414    7.84870         32 0.0000e+00
    199.000    196.956     0.9158  29.567643     0.9152  29.566215     4.6917     4.7605    -0.0094    90.9820 1.0000e-12  -64.94174  -64.47704 346.114304      99.97 0.0000e+00    793.860      19054  1028.6248  1028.6239    34.5435    34.5424    7.84763         22 0.0000e+00
    200.000    197.944     0.9172  29.569520     0.9163  29.567999     4.6911     4.7542    -0.0009    90.9733 1.0000e-12  -64.94174  -64.47704 346.114313      99.97 0.0000e+00    794.677      19073  1028.6297  1028.6290    34.5438    34.5429    7.84734         18 0.0000e+00
    201.000    198.934     0.9180  29.570512     0.9157  29.567703     4.6898     4.7504    -0.0076    90.9863 1.0000e-12  -64.94174  -64.47704 346.114322      99.97 0.0000e+00    795.391      19090  1028.6343  1028.6336    34.5437    34.5425    7.84719         16 0.0000e+00
    202.000    199.921     0.9232  29.575955     0.9215  29.573294     4.6929     4.7500    -0.0082    90.9736 1.0000e-12  -64.94174  -64.47704 346.114329      99.97 0.0000e+00    796.059      19106  1028.6391  1028.6380    34.5443    34.5428    7.84611         16 0.0000e+00
    203.000    200.912     0.9293  29.583477     0.9278  29.581205     4.6943     4.7493    -0.0077    90.9563 1.0000e-12  -64.94174  -64.47704 346.114337      72.97 0.0000e+00    796.760      19123  1028.6452  1028.6442    34.5467    34.5454    7.84476         18 0.0000e+00
    204.000    201.902     0.9297  29.584599     0.9289  29.583128     4.6894     4.7540    -0.0012    90.9584 1.0000e-12  -64.94174  -64.47704 346.114348      76.93 0.0000e+00    797.632      19144  1028.6503  1028.6495    34.5471    34.5461    7.84465         25 0.0000e+00
    205.000    202.891     0.9304  29.586098     0.9299  29.584461     4.6939     4.7512    -0.0033    90.9815 1.0000e-12  -64.94174  -64.47705 346.114366      99.53 0.0000e+00    799.201      19182  1028.6555  1028.6543    34.5476    34.5461    7.84447         42 0.0000e+00
    206.000    203.879     0.9306  29.586636     0.9299  29.584890     4.6900     4.7498     0.0042    90.9832 1.0000e-12  -64.94174  -64.47707 346.114392      99.97 0.0000e+00    801.510      19237  1028.6602  1028.6592    34.5475    34.5461    7.84444         35 0.0000e+00
    207.000    204.869     0.9325  29.588987     0.9316  29.587066     4.6845     4.7416    -0.0025    90.9801 1.0000e-12  -64.94174  -64.47707 346.114416      99.97 0.0000e+00    803.534      19286  1028.6651  1028.6641    34.5479    34.5465    7.84404         38 0.0000e+00
    208.000    205.857     0.9326  29.588884     0.9316  29.587313     4.6743     4.7255    -0.0006    90.9675 1.0000e-12  -64.94174  -64.47706 346.114432      99.97 0.0000e+00    804.968      19320  1028.6693  1028.6687    34.5471    34.5462    7.84407         27 0.0000e+00
    209.000    206.847     0.9417  29.599212     0.9405  29.597217     4.6638     4.7142     0.0039    90.9923 1.0000e-12  -64.94174  -64.47706 346.114444      99.97 0.0000e+00    805.941      19344  1028.6752  1028.6743    34.5497    34.5484    7.84210         21 0.0000e+00
    210.000    207.838     0.9477  29.605827     0.9465  29.603996     4.6573     4.7118    -0.0004    90.9923 1.0000e-12  -64.94174  -64.47705 346.114453      99.97 0.0000e+00    806.713      19362  1028.6805  1028.6798    34.5510    34.5499    7.84082         17 0.0000e+00
    211.000    208.825     0.9508  29.609969     0.9503  29.608907     4.6545     4.7114     0.0070    90.9928 1.0000e-12  -64.94174  -64.47704 346.114461      99.97 0.0000e+00    807.403      19379  1028.6861  1028.6853    34.5524    34.5514    7.84013         16 0.0000e+00
    212.000    209.814     0.9532  29.613010     0.9527  29.611781     4.6532     4.7142     0.0014    91.0073 1.0000e-12  -64.94174  -64.47704 346.114469      99.97 0.0000e+00    808.078      19395  1028.6911  1028.6903    34.5530    34.5519    7.83961         17 0.0000e+00
    213.000    210.806     0.9538  29.614205     0.9531  29.612813     4.6603     4.7154    -0.0078    90.9852 1.0000e-12  -64.94174  -64.47704 346.114477      99.97 0.0000e+00    808.812      19412  1028.6960  1028.6953    34.5532    34.5523    7.83946         19 0.0000e+00
    214.000    211.793     0.9550  29.615534     0.9531  29.613185     4.6619     4.7128    -0.0136    90.9956 1.0000e-12  -64.94174  -64.47705 346.114489      99.97 0.0000e+00    809.841      19437  1028.7006  1028.7000    34.5531    34.5522    7.83924         30 0.0000e+00
    215.000    212.781     0.9574  29.618630     0.9561  29.616250     4.6509     4.7077    -0.0055    90.9859 1.0000e-12  -64.94174  -64.47706 346.114515      99.97 0.0000e+00    812.137      19492  1028.7058  1028.7046    34.5539    34.5522    7.83872         36 0.0000e+00
    216.000    213.772     0.9609  29.622688     0.9599  29.621038     4.6439     4.7064    -0.0004    91.0075 1.0000e-12  -64.94174  -64.47707 346.114537      99.97 0.0000e+00    813.965      19536  1028.7109  1028.7102    34.5546    34.5536    7.83797         35 0.0000e+00
    217.000    214.762     0.9603  29.622539     0.9594  29.620760     4.6448     4.7039    -0.0066    91.0130 1.0000e-12  -64.94174  -64.47708 346.114553      99.97 0.0000e+00    815.365      19570  1028.7156  1028.7147    34.5544    34.5531    7.83809         32 0.0000e+00
    218.000    215.750     0.9619  29.624690     0.9611  29.623094     4.6421     4.6965    -0.0003    90.9893 1.0000e-12  -64.94174  -64.47707 346.114568      99.97 0.0000e+00    816.705      19602  1028.7205  1028.7197    34.5548    34.5537    7.83775         32 0.0000e+00
    219.000    216.739     0.9620  29.625161     0.9614  29.623853     4.6394     4.6905     0.0021    91.0090 1.0000e-12  -64.94174  -64.47706 346.114582      99.97 0.0000e+00    817.905      19631  1028.7253  1028.7245    34.5548    34.5538    7.83774         26 0.0000e+00
    220.000    217.729     0.9652  29.628847     0.9645  29.627337     4.6403     4.6816     0.0034    91.0089 1.0000e-12  -64.94174  -64.47706 346.114594      99.97 0.0000e+00    818.891      19654  1028.7302  1028.7293    34.5554    34.5542    7.83706         21 0.0000e+00
    221.000    218.716     0.9679  29.632151     0.9668  29.630462     4.6345     4.6768    -0.0077    91.0089 1.0000e-12  -64.94174  -64.47706 346.114603      99.97 0.0000e+00    819.709      19674  1028.7353  1028.7345    34.5561    34.5551    7.83649         19 0.0000e+00
    222.000    219.707     0.9746  29.639277     0.9741  29.637986     4.6253     4.6778     0.0049    91.0089 1.0000e-12  -64.94174  -64.47706 346.114612      99.97 0.0000e+00    820.478      19692  1028.7402  1028.7394    34.5572    34.5561    7.83507         18 0.0000e+00
    223.000    220.696     0.9771  29.642628     0.9769  29.641724     4.6199     4.6747     0.0033    91.0054 1.0000e-12  -64.94174  -64.47704 346.114622      99.97 0.0000e+00    821.304      19712  1028.7456  1028.7448    34.5582    34.5573    7.83452         22 0.0000e+00
    224.000    221.685     0.9783  29.644557     0.9780  29.643357     4.6232     4.6818    -0.0002    90.9926 1.0000e-12  -64.94174  -64.47706 346.114634      99.97 0.0000e+00    822.387      19738  1028.7507  1028.7498    34.5588    34.5576    7.83425         33 0.0000e+00
    225.000    222.674     0.9781  29.644854     0.9779  29.643631     4.6191     4.6792    -0.0101    91.0082 1.0000e-12  -64.94174  -64.47708 346.114657      99.97 0.0000e+00    824.355      19786  1028.7555  1028.7545    34.5587    34.5575    7.83428         39 0.0000e+00
    226.000    223.663     0.9817  29.648814     0.9808  29.647188     4.6193     4.6726     0.0045    91.0081 1.0000e-12  -64.94174  -64.47708 346.114679      99.97 0.0000e+00    826.301      19832  1028.7605  1028.7596    34.5594    34.5582    7.83354         33 0.0000e+00
    227.000    224.652     0.9872  29.655125     0.9864  29.653602     4.6100     4.6677    -0.0079    90.9838 1.0000e-12  -64.94174  -64.47708 346.114693      98.38 0.0000e+00    827.439      19860  1028.7658  1028.7651    34.5607    34.5597    7.83235         25 0.0000e+00
    228.000    225.640     0.9892  29.657856     0.9884  29.656310     4.5998     4.6621    -0.0080    91.0138 1.0000e-12  -64.94174  -64.47708 346.114703      45.82 0.0000e+00    828.375      19882  1028.7710  1028.7702    34.5615    34.5604    7.83192         21 0.0000e+00
    229.000    226.631     0.9956  29.665577     0.9948  29.664073     4.5982     4.6567    -0.0077    91.0013 1.0000e-12  -64.94174  -64.47708 346.114714      99.22 0.0000e+00    829.279      19904  1028.7770  1028.7761    34.5637    34.5627    7.83051         23 0.0000e+00
    230.000    227.620     1.0020  29.673495     1.0013  29.672054     4.5891     4.6534    -0.0022    91.0029 1.0000e-12  -64.94174  -64.47708 346.114727      59.46 0.0000e+00    830.376      19930  1028.7832  1028.7823    34.5663    34.5652    7.82909         30 0.0000e+00
    231.000    228.608     1.0045  29.676662     1.0037  29.675089     4.5928     4.6508    -0.0010    90.9874 1.0000e-12  -64.94174  -64.47708 346.114742     101.54 0.0000e+00    831.737      19963  1028.7883  1028.7874    34.5670    34.5658    7.82855         32 0.0000e+00
    232.000    229.597     1.0070  29.679581     1.0060  29.677865     4.5831     4.6471    -0.0078    91.0242 1.0000e-12  -64.94174  -64.47708 346.114756      99.97 0.0000e+00    832.956      19992  1028.7932  1028.7924    34.5674    34.5662    7.82802         28 0.0000e+00
    233.000    230.588     1.0125  29.685478     1.0118  29.683939     4.5843     4.6413    -0.0077    91.0306 1.0000e-12  -64.94174  -64.47708 346.114769      99.97 0.0000e+00    834.044      20018  1028.7982  1028.7973    34.5683    34.5671    7.82688         26 0.0000e+00
    234.000    231.575     1.0183  29.692966     1.0177  29.691461     4.5723     4.6373    -0.0047    91.0164 1.0000e-12  -64.94174  -64.47708 346.114784      99.97 0.0000e+00    835.359      20050  1028.8046  1028.8035    34.5710    34.5696    7.82557         37 0.0000e+00
