NBP2113_155081_ctd/data/nbp2113_064.cnv
* Sea-Bird SBE 9 Data File:
* FileName = D:\Data\raw\NBP2113_064.hex
* Software Version Seasave V 7.26.7.121
* Temperature SN = 2438
* Conductivity SN = 2067
* Number of Bytes Per Scan = 40
* Number of Voltage Words = 5
* Number of Scans Averaged by the Deck Unit = 1
* NMEA Latitude = 64 10.41 S
* NMEA Longitude = 061 58.85 W
* NMEA UTC (Time) = Dec 14 2021  13:32:28
* NMEA baud rate = 9600
** Ship: RVIB N.B. Palmer
** Cruise: NBP2113 LTER
** Station: 739.006
** Operator: B. Urmston
# nquan = 25
# nvalues = 1595                        
# units = specified
# name 0 = prDM: Pressure, Digiquartz [db]
# name 1 = depSM: Depth [salt water, m]
# name 2 = t090C: Temperature [ITS-90, deg C]
# name 3 = c0mS/cm: Conductivity [mS/cm]
# name 4 = t190C: Temperature, 2 [ITS-90, deg C]
# name 5 = c1mS/cm: Conductivity, 2 [mS/cm]
# name 6 = sbeox0ML/L: Oxygen, SBE 43 [ml/l]
# name 7 = sbeox1ML/L: Oxygen, SBE 43, 2 [ml/l]
# name 8 = flECO-AFL: Fluorescence, WET Labs ECO-AFL/FL [mg/m^3]
# name 9 = CStarTr0: Beam Transmission, WET Labs C-Star [%]
# name 10 = par: PAR/Irradiance, Biospherical/Licor
# name 11 = latitude: Latitude [deg]
# name 12 = longitude: Longitude [deg]
# name 13 = timeJ: Julian Days
# name 14 = altM: Altimeter [m]
# name 15 = spar: SPAR, Biospherical/Licor
# name 16 = timeS: Time, Elapsed [seconds]
# name 17 = scan: Scan Count
# name 18 = density00: Density [density, kg/m^3]
# name 19 = density11: Density, 2 [density, kg/m^3]
# name 20 = sal00: Salinity, Practical [PSU]
# name 21 = sal11: Salinity, Practical, 2 [PSU]
# name 22 = oxsolML/L: Oxygen Saturation, Garcia & Gordon [ml/l]
# name 23 = nbin: number of scans per bin
# name 24 = flag: flag
# span 0 =      1.000,    800.000       
# span 1 =      0.992,    790.676       
# span 2 =    -0.6690,     0.4215       
# span 3 =  28.308071,  28.962639       
# span 4 =    -0.6691,     0.4221       
# span 5 =  28.306287,  28.961151       
# span 6 =     5.3862,    10.2297       
# span 7 =     5.4835,     9.2488       
# span 8 =    -0.0298,     1.5418       
# span 9 =    83.2333,    91.2351       
# span 10 = 1.0000e-12, 4.0452e+02      
# span 11 =  -64.17386,  -64.17328      
# span 12 =  -61.98120,  -61.97968      
# span 13 = 348.567728, 348.596410      
# span 14 =       9.88,      99.98      
# span 15 = 3.6492e+02, 5.0066e+02      
# span 16 =    303.725,   2781.795      
# span 17 =       7290,      66764      
# span 18 =  1027.2022,  1031.5571      
# span 19 =  1027.2113,  1031.5560      
# span 20 =    33.9008,    34.5366      
# span 21 =    33.9117,    34.5351      
# span 22 =    7.98122,    8.17887      
# span 23 =          7,         56      
# span 24 = 0.0000e+00, 0.0000e+00      
# interval = decibars: 1                
# start_time = Dec 14 2021 13:32:28 [NMEA time, header]
# bad_flag = -9.990e-29
*END*
[from data line 1334]
    261.000    258.294     0.0166  28.794017     0.0188  28.794844     5.5524     5.6174    -0.0066    91.0349 1.0000e-12  -64.17384  -61.98112 348.590987      99.97 3.9844e+02   2313.248      55519  1028.9417  1028.9405    34.5001    34.4987    8.03475         28 0.0000e+00
    260.000    257.304     0.0141  28.791438     0.0223  28.796860     5.5361     5.6187    -0.0061    91.0347 1.0000e-12  -64.17384  -61.98112 348.591000      99.97 3.9841e+02   2314.426      55547  1028.9373  1028.9351    34.5001    34.4980    8.03528         28 0.0000e+00
    259.000    256.316     0.0180  28.793462     0.0253  28.798740     5.5289     5.6167    -0.0133    91.0347 1.0000e-12  -64.17384  -61.98114 348.591014      99.97 3.9841e+02   2315.610      55576  1028.9314  1028.9299    34.4990    34.4977    8.03452         26 0.0000e+00
    258.000    255.326     0.0272  28.800942     0.0286  28.800980     5.5278     5.6158    -0.0135    91.0310 1.0000e-12  -64.17384  -61.98114 348.591028      99.97 3.9841e+02   2316.799      55604  1028.9262  1028.9250    34.4992    34.4977    8.03259         29 0.0000e+00
    257.000    254.340     0.0278  28.800873     0.0299  28.801644     5.5283     5.6049    -0.0161    91.0212 1.0000e-12  -64.17384  -61.98114 348.591041      99.97 3.9690e+02   2317.982      55633  1028.9213  1028.9202    34.4990    34.4977    8.03247         27 0.0000e+00
    256.000    253.348     0.0288  28.801397     0.0329  28.803650     5.5279     5.5995    -0.0187    91.0346 1.0000e-12  -64.17384  -61.98114 348.591055      99.97 3.9665e+02   2319.181      55661  1028.9167  1028.9152    34.4991    34.4976    8.03225         28 0.0000e+00
    255.000    252.360     0.0328  28.803976     0.0412  28.810122     5.5193     5.5972    -0.0136    91.0291 1.0000e-12  -64.17384  -61.98114 348.591069      99.97 3.9665e+02   2320.366      55690  1028.9114  1028.9097    34.4987    34.4973    8.03144         28 0.0000e+00
    254.000    251.370     0.0409  28.810858     0.0541  28.821115     5.5120     5.5791    -0.0145    91.0199 1.0000e-12  -64.17384  -61.98114 348.591082      99.97 3.9665e+02   2321.525      55718  1028.9065  1028.9045    34.4993    34.4980    8.02971         28 0.0000e+00
    253.000    250.381     0.0541  28.821104     0.0760  28.839745     5.4969     5.5665    -0.0087    91.0274 1.0000e-12  -64.17384  -61.98114 348.591096      99.97 3.9627e+02   2322.698      55746  1028.9002  1028.8984    34.4986    34.4986    8.02699         28 0.0000e+00
    252.000    249.392     0.0703  28.835916     0.0969  28.858553     5.4905     5.5524    -0.0116    91.0252 1.0000e-12  -64.17384  -61.98114 348.591110      99.97 3.9489e+02   2323.893      55774  1028.8958  1028.8937    34.5005    34.5005    8.02348         30 0.0000e+00
    251.000    248.403     0.0826  28.847147     0.1079  28.868327     5.4825     5.5512    -0.0062    91.0338 1.0000e-12  -64.17384  -61.98116 348.591124      99.97 3.9489e+02   2325.119      55804  1028.8916  1028.8893    34.5022    34.5017    8.02083         29 0.0000e+00
    250.000    247.414     0.0856  28.848209     0.1226  28.880861     5.4829     5.5434    -0.0062    91.0141 1.0000e-12  -64.17384  -61.98116 348.591138      99.97 3.9489e+02   2326.354      55833  1028.8856  1028.8840    34.5008    34.5023    8.02027         30 0.0000e+00
    249.000    246.426     0.0999  28.859761     0.1156  28.874191     5.4568     5.5386    -0.0058    91.0252 1.0000e-12  -64.17384  -61.98116 348.591153      99.97 3.9489e+02   2327.597      55863  1028.8797  1028.8799    34.5006    34.5020    8.01730         30 0.0000e+00
    248.000    245.435     0.1098  28.869264     0.1363  28.890687     5.4396     5.5243    -0.0087    90.9851 1.0000e-12  -64.17384  -61.98116 348.591167      99.97 3.9489e+02   2328.809      55892  1028.8759  1028.8728    34.5026    34.5011    8.01512         28 0.0000e+00
    247.000    244.448     0.1364  28.891748     0.1497  28.902239     5.4285     5.5125    -0.0103    90.9609 1.0000e-12  -64.17384  -61.98116 348.591180      99.97 3.9432e+02   2329.990      55921  1028.8694  1028.8678    34.5030    34.5019    8.00954         28 0.0000e+00
    246.000    243.457     0.1555  28.908608     0.1697  28.919385     5.4201     5.4982    -0.0066    91.0079 1.0000e-12  -64.17384  -61.98116 348.591194      99.97 3.9338e+02   2331.124      55948  1028.8643  1028.8622    34.5043    34.5027    8.00548         27 0.0000e+00
    245.000    242.469     0.1608  28.912050     0.1832  28.931101     5.4027     5.4884    -0.0134    91.0107 1.0000e-12  -64.17384  -61.98116 348.591207      99.97 3.9331e+02   2332.264      55975  1028.8588  1028.8573    34.5036    34.5035    8.00443         28 0.0000e+00
    244.000    241.480     0.1710  28.921056     0.1977  28.943371     5.3907     5.4869    -0.0085    91.0037 1.0000e-12  -64.17384  -61.98116 348.591220      99.97 3.9312e+02   2333.447      56004  1028.8543  1028.8520    34.5046    34.5040    8.00225         29 0.0000e+00
    243.000    240.490     0.1955  28.941574     0.2008  28.945852     5.3862     5.4835    -0.0087    90.9260 1.0000e-12  -64.17385  -61.98117 348.591234      99.97 3.9312e+02   2334.659      56033  1028.8478  1028.8476    34.5047    34.5044    7.99714         29 0.0000e+00
    242.000    239.503     0.1959  28.941461     0.2031  28.946867     5.3875     5.4911    -0.0128    90.9120 1.0000e-12  -64.17386  -61.98117 348.591249      99.97 3.9312e+02   2335.885      56062  1028.8435  1028.8424    34.5048    34.5038    7.99707         29 0.0000e+00
    241.000    238.511     0.2014  28.946200     0.2009  28.944670     5.4103     5.4873     0.0000    91.0066 1.0000e-12  -64.17386  -61.98118 348.591263      99.97 3.9312e+02   2337.097      56091  1028.8391  1028.8383    34.5054    34.5039    7.99588         30 0.0000e+00
    240.000    237.524     0.1920  28.937894     0.1985  28.941523     5.4244     5.4926    -0.0136    90.9922 1.0000e-12  -64.17386  -61.98118 348.591279      99.97 3.9312e+02   2338.484      56125  1028.8357  1028.8333    34.5057    34.5031    7.99783         35 0.0000e+00
    239.000    236.535     0.1885  28.932162     0.1951  28.939101     5.4156     5.5056    -0.0163    90.9943 1.0000e-12  -64.17386  -61.98118 348.591297      99.97 3.9312e+02   2340.085      56163  1028.8290  1028.8301    34.5026    34.5043    7.99872         39 0.0000e+00
    238.000    235.545     0.1945  28.937677     0.1791  28.923612     5.4133     5.4999    -0.0020    90.9943 1.0000e-12  -64.17386  -61.98118 348.591318      99.97 3.9312e+02   2341.842      56205  1028.8248  1028.8255    34.5037    34.5025    7.99741         37 0.0000e+00
    237.000    234.555     0.1924  28.935002     0.1902  28.931923     5.4161     5.5048    -0.0006    91.0061 1.0000e-12  -64.17386  -61.98118 348.591338      99.97 3.9243e+02   2343.583      56247  1028.8200  1028.8190    34.5032    34.5016    7.99788         38 0.0000e+00
    236.000    233.567     0.1943  28.936115     0.1909  28.931627     5.4263     5.5036    -0.0055    90.9896 1.0000e-12  -64.17386  -61.98118 348.591357      99.97 3.9158e+02   2345.234      56287  1028.8152  1028.8138    34.5031    34.5010    7.99749         40 0.0000e+00
    235.000    232.578     0.1922  28.932896     0.1914  28.930803     5.4412     5.5007    -0.0038    90.9804 1.0000e-12  -64.17386  -61.98118 348.591376      99.97 3.9136e+02   2346.864      56326  1028.8097  1028.8083    34.5018    34.5000    7.99800         38 0.0000e+00
    234.000    231.589     0.1917  28.930788     0.1915  28.929886     5.4353     5.5054     0.0014    90.9680 1.0000e-12  -64.17386  -61.98118 348.591394      99.97 3.9136e+02   2348.451      56364  1028.8038  1028.8030    34.5002    34.4992    7.99819         39 0.0000e+00
    233.000    230.599     0.1901  28.928227     0.1901  28.927651     5.4374     5.5106    -0.0044    90.9773 1.0000e-12  -64.17386  -61.98118 348.591412      99.97 3.9136e+02   2350.037      56402  1028.7984  1028.7978    34.4992    34.4984    7.99858         35 0.0000e+00
    232.000    229.610     0.1884  28.925976     0.1875  28.924411     5.4341     5.5148     0.0031    90.9939 1.0000e-12  -64.17386  -61.98118 348.591432      99.97 3.9136e+02   2351.728      56442  1028.7935  1028.7928    34.4988    34.4977    7.99896         39 0.0000e+00
    231.000    228.621     0.1865  28.923938     0.1865  28.923097     5.4408     5.5149    -0.0011    91.0087 1.0000e-12  -64.17386  -61.98118 348.591452      99.97 3.9136e+02   2353.437      56483  1028.7890  1028.7881    34.4988    34.4977    7.99935         41 0.0000e+00
    230.000    227.631     0.1824  28.920295     0.1792  28.915198     5.4644     5.5233    -0.0042    91.0030 1.0000e-12  -64.17386  -61.98118 348.591472      99.97 3.9136e+02   2355.162      56525  1028.7849  1028.7827    34.4992    34.4961    8.00017         34 0.0000e+00
    229.000    226.643     0.1620  28.899394     0.1751  28.911215     5.4869     5.5512     0.0009    90.9864 1.0000e-12  -64.17386  -61.98118 348.591491      99.97 3.9136e+02   2356.845      56565  1028.7786  1028.7782    34.4951    34.4960    8.00465         39 0.0000e+00
    228.000    225.654     0.1538  28.890801     0.1503  28.886756     5.4883     5.5588     0.0028    90.9935 1.0000e-12  -64.17386  -61.98118 348.591509      99.97 3.9136e+02   2358.404      56603  1028.7732  1028.7725    34.4936    34.4922    8.00644         32 0.0000e+00
    227.000    224.664     0.1557  28.891336     0.1417  28.876825     5.4747     5.5809     0.0037    90.9801 1.0000e-12  -64.17386  -61.98119 348.591527      99.97 3.9136e+02   2359.939      56640  1028.7675  1028.7660    34.4927    34.4894    8.00609         39 0.0000e+00
    226.000    223.676     0.1557  28.890748     0.1297  28.866204     5.5502     5.6003     0.0166    90.9891 1.0000e-12  -64.17386  -61.98120 348.591547      99.97 3.9136e+02   2361.674      56681  1028.7627  1028.7621    34.4926    34.4894    8.00611         39 0.0000e+00
    225.000    222.687     0.0983  28.837554     0.1155  28.849843     5.6225     5.6548    -0.0059    91.0063 1.0000e-12  -64.17386  -61.98120 348.591567      99.97 3.9136e+02   2363.383      56722  1028.7585  1028.7545    34.4874    34.4844    8.01837         39 0.0000e+00
    224.000    221.697     0.0634  28.803030     0.0391  28.782148     5.5945     5.7117    -0.0019    91.0082 1.0000e-12  -64.17386  -61.98120 348.591587      99.97 3.9136e+02   2365.076      56763  1028.7515  1028.7534    34.4817    34.4813    8.02599         41 0.0000e+00
    223.000    220.707     0.0763  28.820964    -0.0039  28.736550     5.5725     5.6972    -0.0029    90.9836 1.0000e-12  -64.17386  -61.98120 348.591611      99.97 3.9136e+02   2367.191      56814  1028.7530  1028.7424    34.4915    34.4700    8.02274         48 0.0000e+00
    222.000    219.721     0.0389  28.779491     0.0131  28.752361     5.7073     5.7265     0.0075    90.9900 1.0000e-12  -64.17386  -61.98120 348.591637      99.97 3.9136e+02   2369.420      56867  1028.7414  1028.7378    34.4793    34.4724    8.03127         41 0.0000e+00
    221.000    218.730    -0.0203  28.722269    -0.0167  28.724414     5.6859     5.7245     0.0074    91.0049 1.0000e-12  -64.17386  -61.98120 348.591662      99.97 3.9136e+02   2371.555      56918  1028.7342  1028.7322    34.4707    34.4695    8.04415         35 0.0000e+00
    220.000    217.740     0.0159  28.758231     0.0113  28.750953     5.6126     5.6769     0.0089    90.9971 1.0000e-12  -64.17386  -61.98120 348.591689      99.97 3.9136e+02   2373.969      56976  1028.7315  1028.7278    34.4783    34.4738    8.03614         42 0.0000e+00
    219.000    216.752     0.0008  28.737946     0.0540  28.789335     5.6786     5.6883     0.0077    90.9985 1.0000e-12  -64.17386  -61.98120 348.591724      99.97 3.9136e+02   2376.935      57047  1028.7204  1028.7223    34.4689    34.4771    8.03982         47 0.0000e+00
    218.000    215.763    -0.0024  28.734263     0.0086  28.746542     5.6535     5.7081     0.0073    90.9977 1.0000e-12  -64.17386  -61.98120 348.591752      99.97 3.9136e+02   2379.361      57106  1028.7150  1028.7176    34.4683    34.4722    8.04053         39 0.0000e+00
    217.000    214.774     0.0089  28.744826     0.0288  28.762565     5.6421     5.7095     0.0029    91.0184 1.0000e-12  -64.17386  -61.98120 348.591791      99.97 3.9136e+02   2382.717      57186  1028.7106  1028.7099    34.4702    34.4712    8.03806         27 0.0000e+00
    216.000    213.783     0.0136  28.747445     0.0091  28.742260     5.6562     5.7286     0.0117    91.0019 1.0000e-12  -64.17386  -61.98120 348.591825      99.97 3.9136e+02   2385.700      57258  1028.7046  1028.7035    34.4690    34.4672    8.03714         38 0.0000e+00
    215.000    212.798     0.0055  28.739230     0.0074  28.741259     5.6624     5.7310     0.0143    90.9918 1.0000e-12  -64.17386  -61.98120 348.591859      99.97 3.9199e+02   2388.596      57327  1028.6992  1028.6996    34.4677    34.4683    8.03890         39 0.0000e+00
    214.000    211.804     0.0046  28.736777     0.0011  28.732087     5.6571     5.7490     0.0146    90.9830 1.0000e-12  -64.17386  -61.98120 348.591891      99.97 3.9305e+02   2391.406      57395  1028.6932  1028.6918    34.4662    34.4638    8.03919         42 0.0000e+00
    213.000    210.816    -0.0019  28.732255    -0.0194  28.712613     5.6866     5.7993     0.0096    90.9161 1.0000e-12  -64.17384  -61.98119 348.591927      99.97 3.9312e+02   2394.524      57470  1028.6905  1028.6868    34.4681    34.4617    8.04044         38 0.0000e+00
    212.000    209.826    -0.0158  28.714436    -0.1092  28.629801     5.7255     5.9257     0.0195    90.9840 1.0000e-12  -64.17384  -61.98118 348.591964      99.97 3.9312e+02   2397.673      57545  1028.6805  1028.6823    34.4607    34.4535    8.04377         42 0.0000e+00
    211.000    208.837    -0.1158  28.622538    -0.2802  28.477914     5.9924     6.0990     0.0111    90.9723 1.0000e-12  -64.17384  -61.98118 348.591997      99.97 3.9363e+02   2400.506      57613  1028.6779  1028.6827    34.4518    34.4447    8.06535         37 0.0000e+00
    210.000    207.848    -0.3133  28.440612    -0.4207  28.342886     6.1557     6.1554     0.0167    90.9762 1.0000e-12  -64.17384  -61.98118 348.592028      99.97 3.9478e+02   2403.234      57679  1028.6713  1028.6703    34.4329    34.4236    8.10829         45 0.0000e+00
    209.000    206.858    -0.3528  28.399639    -0.3505  28.406621     6.0406     6.1159     0.0103    90.9700 1.0000e-12  -64.17384  -61.98118 348.592064      99.97 3.9489e+02   2406.346      57753  1028.6602  1028.6619    34.4235    34.4302    8.11723         41 0.0000e+00
    208.000    205.874    -0.3729  28.387691    -0.4263  28.336001     6.1222     6.1737     0.0100    90.9367 1.0000e-12  -64.17384  -61.98118 348.592101      99.97 3.9489e+02   2409.567      57831  1028.6602  1028.6566    34.4307    34.4219    8.12110         38 0.0000e+00
    207.000    204.880    -0.4221  28.340422    -0.4362  28.326747     6.1089     6.1727     0.0126    90.9659 1.0000e-12  -64.17384  -61.98118 348.592131      99.97 3.9489e+02   2412.077      57891  1028.6531  1028.6509    34.4238    34.4213    8.13201         33 0.0000e+00
    206.000    203.889    -0.3948  28.366163    -0.4284  28.333149     6.0943     6.1758     0.0170    90.9378 1.0000e-12  -64.17384  -61.98118 348.592166      99.97 3.9557e+02   2415.140      57964  1028.6491  1028.6449    34.4280    34.4218    8.12592         35 0.0000e+00
    205.000    202.902    -0.4289  28.332938    -0.4321  28.329370     6.1206     6.1760     0.0162    90.9625 1.0000e-12  -64.17384  -61.98118 348.592200      99.97 3.9663e+02   2418.057      58034  1028.6412  1028.6397    34.4227    34.4215    8.13353         41 0.0000e+00
