NBP2113_155081_ctd/data/nbp2113_023.ros
* Sea-Bird SBE 9 Data File:
* FileName = D:\Data\raw\NBP2113_023.hex
* Software Version Seasave V 7.26.7.121
* Temperature SN = 2438
* Conductivity SN = 2067
* Number of Bytes Per Scan = 40
* Number of Voltage Words = 5
* Number of Scans Averaged by the Deck Unit = 1
* NMEA Latitude = 67 30.61 S
* NMEA Longitude = 070 35.52 W
* NMEA UTC (Time) = Dec 02 2021  00:50:18
* NMEA baud rate = 9600
** Ship: RVIB N.B. Palmer
** Cruise: NBP2113 LTER
** Station: 200.040
** Operator: S. Blackman
# nquan = 20
# nvalues = 1147                                  
# units = specified
# name 0 = prDM: Pressure, Digiquartz [db]
# name 1 = depSM: Depth [salt water, m]
# name 2 = t090C: Temperature [ITS-90, deg C]
# name 3 = c0mS/cm: Conductivity [mS/cm]
# name 4 = t190C: Temperature, 2 [ITS-90, deg C]
# name 5 = c1mS/cm: Conductivity, 2 [mS/cm]
# name 6 = sbeox0ML/L: Oxygen, SBE 43 [ml/l]
# name 7 = sbeox1ML/L: Oxygen, SBE 43, 2 [ml/l]
# name 8 = flECO-AFL: Fluorescence, WET Labs ECO-AFL/FL [mg/m^3]
# name 9 = CStarTr0: Beam Transmission, WET Labs C-Star [%]
# name 10 = par: PAR/Irradiance, Biospherical/Licor
# name 11 = latitude: Latitude [deg]
# name 12 = longitude: Longitude [deg]
# name 13 = timeJ: Julian Days
# name 14 = altM: Altimeter [m]
# name 15 = spar: SPAR, Biospherical/Licor
# name 16 = timeS: Time, Elapsed [seconds]
# name 17 = scan: Scan Count
# name 18 = nbf: Bottles Fired
# name 19 = flag:  0.000e+00
# interval = seconds: 0.0416667
# start_time = Dec 02 2021 00:50:18 [NMEA time, header]
# bad_flag = -9.990e-29
*END*
[from data line 507]
     86.746     85.863    -0.7502  27.701363    -0.7521  27.698895     7.7669     7.8069     1.1571    92.3222 1.0000e-12  -67.51058  -70.58864 336.062757      99.98 2.6443e+01   2404.208      57702         11  0.000e+00
     86.746     85.863    -0.7499  27.701650    -0.7513  27.699232     7.7645     7.8064     1.1571    92.2964 1.0000e-12  -67.51058  -70.58864 336.062758      99.98 2.6443e+01   2404.250      57703         11  0.000e+00
     86.780     85.897    -0.7502  27.701363    -0.7511  27.699176     7.7709     7.8057     1.1571    92.3222 1.0000e-12  -67.51058  -70.58864 336.062758      99.98 2.6443e+01   2404.292      57704         11  0.000e+00
     86.849     85.965    -0.7500  27.701420    -0.7508  27.699681     7.7711     7.8048     1.1571    92.3222 1.0000e-12  -67.51058  -70.58864 336.062758      99.98 2.6443e+01   2404.333      57705         11  0.000e+00
     86.849     85.965    -0.7503  27.701306    -0.7506  27.699512     7.7710     7.8092     1.1571    92.3222 1.0000e-12  -67.51058  -70.58864 336.062759      99.98 2.6443e+01   2404.375      57706         11  0.000e+00
     86.904     86.019    -0.7500  27.701478    -0.7502  27.699737     7.7692     7.8086     1.1571    92.3222 1.0000e-12  -67.51058  -70.58864 336.062759      99.93 2.6443e+01   2404.417      57707         11  0.000e+00
     86.883     85.998    -0.7500  27.701306    -0.7502  27.699681     7.7700     7.8078     1.1571    92.3222 1.0000e-12  -67.51058  -70.58864 336.062760      99.98 2.6443e+01   2404.458      57708         11  0.000e+00
     86.952     86.066    -0.7502  27.701421    -0.7503  27.699400     7.7648     7.8076     1.1571    92.3222 1.0000e-12  -67.51058  -70.58864 336.062760      99.98 2.6443e+01   2404.500      57709         11  0.000e+00
     86.952     86.066    -0.7502  27.701306    -0.7503  27.699513     7.7625     7.8071     1.1571    92.3222 1.0000e-12  -67.51058  -70.58864 336.062761      99.98 2.6443e+01   2404.542      57710         11  0.000e+00
     87.000     86.114    -0.7502  27.701019    -0.7504  27.699793     7.7600     7.8064     1.1571    92.3222 1.0000e-12  -67.51058  -70.58864 336.062761      99.95 2.6443e+01   2404.583      57711         11  0.000e+00
     87.034     86.148    -0.7502  27.701421    -0.7503  27.699681     7.7707     7.8055     1.1571    92.3222 1.0000e-12  -67.51058  -70.58864 336.062762      99.95 2.6443e+01   2404.625      57712         11  0.000e+00
     87.054     86.168    -0.7502  27.701536    -0.7503  27.699793     7.7647     7.8042     1.1351    92.3222 1.0000e-12  -67.51058  -70.58864 336.062762      99.98 2.6443e+01   2404.667      57713         11  0.000e+00
     87.054     86.168    -0.7500  27.701306    -0.7502  27.699681     7.7570     7.8027     1.0545    92.3222 1.0000e-12  -67.51058  -70.58864 336.062763      99.98 2.6443e+01   2404.708      57714         11  0.000e+00
     87.102     86.216    -0.7504  27.701249    -0.7503  27.699793     7.7538     7.8019     1.0252    92.3222 1.0000e-12  -67.51058  -70.58864 336.062763      99.98 2.6443e+01   2404.750      57715         11  0.000e+00
     87.137     86.250    -0.7505  27.701249    -0.7503  27.699681     7.7577     7.8008     1.0252    92.3222 1.0000e-12  -67.51058  -70.58866 336.062764      99.98 2.6443e+01   2404.792      57716         11  0.000e+00
     87.157     86.270    -0.7506  27.701421    -0.7504  27.699625     7.7569     7.7996     1.0252    92.2964 1.0000e-12  -67.51058  -70.58866 336.062764      99.98 2.6443e+01   2404.833      57717         11  0.000e+00
     87.205     86.317    -0.7506  27.701192    -0.7503  27.699625     7.7560     7.7981     1.0326    92.2707 1.0000e-12  -67.51058  -70.58866 336.062765      99.98 2.6443e+01   2404.875      57718         11  0.000e+00
     87.205     86.317    -0.7509  27.700790    -0.7502  27.699625     7.7535     7.7972     1.0326    92.2449 1.0000e-12  -67.51058  -70.58866 336.062765      99.95 2.6443e+01   2404.917      57719         11  0.000e+00
     87.240     86.351    -0.7511  27.701077    -0.7506  27.699794     7.7580     7.7963     1.0252    92.2449 1.0000e-12  -67.51058  -70.58866 336.062766      99.98 2.6443e+01   2404.958      57720         11  0.000e+00
     87.308     86.419    -0.7515  27.700848    -0.7508  27.699514     7.7580     7.7952     1.0252    92.2449 1.0000e-12  -67.51058  -70.58866 336.062766      99.98 2.6443e+01   2405.000      57721         11  0.000e+00
     87.308     86.419    -0.7522  27.700905    -0.7515  27.699401     7.7562     7.7940     1.0252    92.2449 1.0000e-12  -67.51058  -70.58866 336.062767      99.98 2.6443e+01   2405.042      57722         11  0.000e+00
     87.308     86.419    -0.7525  27.700790    -0.7519  27.698953     7.7481     7.7925     1.0252    92.2449 1.0000e-12  -67.51058  -70.58866 336.062767      99.95 2.6443e+01   2405.083      57723         11  0.000e+00
     87.390     86.501    -0.7523  27.700503    -0.7519  27.698841     7.7517     7.7918     1.0326    92.2449 1.0000e-12  -67.51058  -70.58866 336.062768      99.93 2.6443e+01   2405.125      57724         11  0.000e+00
     87.356     86.467    -0.7527  27.700274    -0.7523  27.698841     7.7505     7.7965     1.0252    92.2449 1.0000e-12  -67.51058  -70.58866 336.062768      99.98 2.6443e+01   2405.167      57725         11  0.000e+00
     87.356     86.467    -0.7527  27.700389    -0.7526  27.698673     7.7446     7.7963     1.0252    92.2449 1.0000e-12  -67.51058  -70.58866 336.062769      99.98 2.6443e+01   2405.208      57726         11  0.000e+00
     87.493     86.603    -0.7530  27.700274    -0.7527  27.698785     7.7373     7.7960     1.0252    92.2449 1.0000e-12  -67.51058  -70.58866 336.062769      99.98 2.6443e+01   2405.250      57727         11  0.000e+00
     87.459     86.569    -0.7528  27.700389    -0.7529  27.698841     7.7417     7.7953     1.0326    92.2449 1.0000e-12  -67.51058  -70.58866 336.062770      99.98 2.6443e+01   2405.292      57728         11  0.000e+00
     87.459     86.569    -0.7531  27.700102    -0.7530  27.698841     7.7416     7.7945     1.0252    92.2449 1.0000e-12  -67.51058  -70.58866 336.062770      99.98 2.6443e+01   2405.333      57729         11  0.000e+00
     87.459     86.569    -0.7534  27.699930    -0.7530  27.698841     7.7399     7.7935     1.0326    92.2449 1.0000e-12  -67.51058  -70.58866 336.062771      99.98 2.6443e+01   2405.375      57730         11  0.000e+00
     87.541     86.650    -0.7537  27.699758    -0.7534  27.698673     7.7323     7.7869     1.0326    92.2449 1.0000e-12  -67.51058  -70.58866 336.062771      99.95 2.6443e+01   2405.417      57731         11  0.000e+00
     87.562     86.670    -0.7542  27.699471    -0.7537  27.698393     7.7351     7.7848     1.0326    92.2449 1.0000e-12  -67.51058  -70.58866 336.062772      99.98 2.6443e+01   2405.458      57732         11  0.000e+00
     87.514     86.623    -0.7548  27.699586    -0.7538  27.698337     7.7332     7.7833     1.0252    92.2449 1.0000e-12  -67.51058  -70.58866 336.062772      99.98 2.6443e+01   2405.500      57733         11  0.000e+00
     85.330     84.462    -0.7527  27.700383    -0.7547  27.697939     7.7435     7.8147     1.2230    92.1934 1.0000e-12  -67.51058  -70.58870 336.062832      99.98 2.6443e+01   2410.667      57857         12  0.000e+00
     85.378     84.509    -0.7527  27.700039    -0.7544  27.698163     7.7410     7.8156     1.2230    92.2192 1.0000e-12  -67.51058  -70.58870 336.062832      99.98 2.6443e+01   2410.708      57858         12  0.000e+00
     85.330     84.462    -0.7523  27.700268    -0.7544  27.698163     7.7398     7.8107     1.2230    92.2192 1.0000e-12  -67.51058  -70.58870 336.062833      99.98 2.6443e+01   2410.750      57859         12  0.000e+00
     85.378     84.509    -0.7519  27.700441    -0.7552  27.698107     7.7448     7.8106     1.2304    92.2192 1.0000e-12  -67.51058  -70.58870 336.062833      99.98 2.6443e+01   2410.792      57860         12  0.000e+00
     85.412     84.543    -0.7515  27.700269    -0.7558  27.697827     7.7512     7.8152     1.2230    92.2192 1.0000e-12  -67.51058  -70.58870 336.062834      99.98 2.6443e+01   2410.833      57861         12  0.000e+00
     85.378     84.509    -0.7514  27.700383    -0.7560  27.697995     7.7531     7.8100     1.2304    92.2192 1.0000e-12  -67.51058  -70.58870 336.062834      99.98 2.6443e+01   2410.875      57862         12  0.000e+00
     85.481     84.611    -0.7509  27.700613    -0.7562  27.697659     7.7536     7.8153     1.2230    92.2192 1.0000e-12  -67.51058  -70.58870 336.062835      99.95 2.6443e+01   2410.917      57863         12  0.000e+00
     85.433     84.564    -0.7505  27.700900    -0.7564  27.697715     7.7538     7.8155     1.2230    92.2192 1.0000e-12  -67.51058  -70.58870 336.062835      99.98 2.6443e+01   2410.958      57864         12  0.000e+00
     85.481     84.611    -0.7506  27.700785    -0.7564  27.697995     7.7647     7.8157     1.2230    92.2192 1.0000e-12  -67.51058  -70.58870 336.062836      99.98 2.6443e+01   2411.000      57865         12  0.000e+00
     85.515     84.645    -0.7508  27.700728    -0.7555  27.698051     7.7662     7.8165     1.2304    92.2192 1.0000e-12  -67.51058  -70.58870 336.062836      99.98 2.6443e+01   2411.042      57866         12  0.000e+00
     85.529     84.659    -0.7523  27.700384    -0.7548  27.698220     7.7618     7.8173     1.2230    92.2192 1.0000e-12  -67.51058  -70.58870 336.062837      99.95 2.6443e+01   2411.083      57867         12  0.000e+00
     85.584     84.713    -0.7536  27.699982    -0.7551  27.698332     7.7618     7.8173     1.2230    92.2192 1.0000e-12  -67.51058  -70.58870 336.062837      99.95 2.6443e+01   2411.125      57868         12  0.000e+00
     85.584     84.713    -0.7528  27.700269    -0.7550  27.698332     7.7611     7.8180     1.2230    92.2192 1.0000e-12  -67.51058  -70.58870 336.062838      99.98 2.6443e+01   2411.167      57869         12  0.000e+00
     85.618     84.747    -0.7531  27.700040    -0.7553  27.698164     7.7545     7.8122     1.2230    92.2192 1.0000e-12  -67.51058  -70.58870 336.062838      99.98 2.6443e+01   2411.208      57870         12  0.000e+00
     85.632     84.760    -0.7530  27.700499    -0.7560  27.697659     7.7523     7.8120     1.1718    92.2192 1.0000e-12  -67.51058  -70.58870 336.062839      99.98 2.6443e+01   2411.250      57871         12  0.000e+00
     85.687     84.815    -0.7531  27.700155    -0.7573  27.697379     7.7501     7.8166     1.0399    92.2192 1.0000e-12  -67.51058  -70.58870 336.062839      99.98 2.6443e+01   2411.292      57872         12  0.000e+00
     85.687     84.815    -0.7543  27.699753    -0.7584  27.697099     7.7538     7.8163     0.9959    92.2192 1.0000e-12  -67.51058  -70.58870 336.062840      99.98 2.6443e+01   2411.333      57873         12  0.000e+00
     85.735     84.862    -0.7548  27.699696    -0.7592  27.697211     7.7497     7.8159     1.0033    92.2449 1.0000e-12  -67.51058  -70.58870 336.062840      99.95 2.6443e+01   2411.375      57874         12  0.000e+00
     85.769     84.896    -0.7537  27.700212    -0.7599  27.696875     7.7512     7.8153     1.0106    92.2192 1.0000e-12  -67.51058  -70.58870 336.062840      99.95 2.6443e+01   2411.417      57875         12  0.000e+00
     85.838     84.964    -0.7530  27.700442    -0.7598  27.697156     7.7544     7.8154     1.0106    92.2192 1.0000e-12  -67.51058  -70.58870 336.062841      99.95 2.6443e+01   2411.458      57876         12  0.000e+00
     85.838     84.964    -0.7527  27.700270    -0.7596  27.697492     7.7563     7.8154     1.0106    92.2192 1.0000e-12  -67.51058  -70.58870 336.062841      99.98 2.6443e+01   2411.500      57877         12  0.000e+00
     85.886     85.011    -0.7520  27.700385    -0.7588  27.697380     7.7582     7.8152     1.0106    92.2192 1.0000e-12  -67.51058  -70.58870 336.062842      99.98 2.6443e+01   2411.542      57878         12  0.000e+00
     85.920     85.045    -0.7516  27.700614    -0.7590  27.697492     7.7588     7.8151     1.0106    92.2192 1.0000e-12  -67.51058  -70.58870 336.062842      99.95 2.6443e+01   2411.583      57879         12  0.000e+00
     85.988     85.113    -0.7509  27.700901    -0.7586  27.697548     7.7578     7.8149     1.0106    92.2707 1.0000e-12  -67.51058  -70.58870 336.062843      99.95 2.6443e+01   2411.625      57880         12  0.000e+00
     85.940     85.066    -0.7503  27.700959    -0.7570  27.697941     7.7626     7.8142     1.0106    92.2707 1.0000e-12  -67.51058  -70.58870 336.062843      99.98 2.6443e+01   2411.667      57881         12  0.000e+00
     86.091     85.215    -0.7503  27.701361    -0.7564  27.697829     7.7572     7.8139     1.0106    92.2707 1.0000e-12  -67.51058  -70.58870 336.062844      99.98 2.6443e+01   2411.708      57882         12  0.000e+00
     86.091     85.215    -0.7500  27.701189    -0.7560  27.697997     7.7560     7.8134     1.0106    92.2707 1.0000e-12  -67.51058  -70.58870 336.062844      99.98 2.6443e+01   2411.750      57883         12  0.000e+00
     86.126     85.249    -0.7505  27.700787    -0.7564  27.698277     7.7536     7.8129     1.0106    92.2707 1.0000e-12  -67.51058  -70.58870 336.062845      99.98 2.6443e+01   2411.792      57884         12  0.000e+00
     86.194     85.317    -0.7505  27.701074    -0.7567  27.697717     7.7509     7.8125     1.0106    92.2707 1.0000e-12  -67.51058  -70.58870 336.062845      99.98 2.6443e+01   2411.833      57885         12  0.000e+00
     86.242     85.364    -0.7505  27.701247    -0.7567  27.697717     7.7495     7.8119     1.0106    92.2707 1.0000e-12  -67.51058  -70.58870 336.062846      99.98 2.6443e+01   2411.875      57886         12  0.000e+00
     86.242     85.364    -0.7503  27.701419    -0.7569  27.697997     7.7480     7.8112     1.0106    92.2707 1.0000e-12  -67.51058  -70.58870 336.062846      99.95 2.6443e+01   2411.917      57887         12  0.000e+00
     86.324     85.446    -0.7508  27.701362    -0.7570  27.697886     7.7407     7.8105     1.0106    92.2707 1.0000e-12  -67.51058  -70.58870 336.062847      99.98 2.6443e+01   2411.958      57888         12  0.000e+00
     86.345     85.466    -0.7505  27.701017    -0.7572  27.697605     7.7452     7.8096     1.0106    92.2707 1.0000e-12  -67.51058  -70.58870 336.062847      99.98 2.6443e+01   2412.000      57889         12  0.000e+00
     86.393     85.514    -0.7503  27.701362    -0.7570  27.697549     7.7466     7.8096     1.0106    92.2707 1.0000e-12  -67.51058  -70.58870 336.062848      99.98 2.6443e+01   2412.042      57890         12  0.000e+00
     86.448     85.568    -0.7508  27.701075    -0.7570  27.697718     7.7482     7.8096     1.0106    92.2707 1.0000e-12  -67.51058  -70.58870 336.062848      99.95 2.6443e+01   2412.083      57891         12  0.000e+00
     86.530     85.649    -0.7508  27.701133    -0.7564  27.698166     7.7498     7.8085     1.0106    92.2707 1.0000e-12  -67.51058  -70.58870 336.062849      99.95 2.6443e+01   2412.125      57892         12  0.000e+00
     86.551     85.670    -0.7508  27.700846    -0.7555  27.698166     7.7440     7.8082     1.0106    92.2707 1.0000e-12  -67.51058  -70.58870 336.062849      99.98 2.6443e+01   2412.167      57893         12  0.000e+00
     86.599     85.717    -0.7508  27.700960    -0.7547  27.698447     7.7428     7.8069     1.0106    92.2707 1.0000e-12  -67.51058  -70.58870 336.062850      99.98 2.6443e+01   2412.208      57894         12  0.000e+00
     86.653     85.771    -0.7505  27.701190    -0.7541  27.698615     7.7417     7.8056     1.0033    92.2707 1.0000e-12  -67.51058  -70.58870 336.062850      99.98 2.6443e+01   2412.250      57895         12  0.000e+00
     86.653     85.771    -0.7503  27.701248    -0.7540  27.698783     7.7465     7.8052     1.0033    92.2707 1.0000e-12  -67.51058  -70.58870 336.062851      99.98 2.6443e+01   2412.292      57896         12  0.000e+00
