NBP2113_155081_ctd/data/nbp2113_067.ros
* Sea-Bird SBE 9 Data File:
* FileName = D:\Data\raw\NBP2113_067.hex
* Software Version Seasave V 7.26.7.121
* Temperature SN = 2438
* Conductivity SN = 2067
* Number of Bytes Per Scan = 40
* Number of Voltage Words = 5
* Number of Scans Averaged by the Deck Unit = 1
* NMEA Latitude = 64 09.64 S
* NMEA Longitude = 061 49.92 W
* NMEA UTC (Time) = Dec 14 2021  19:29:58
* NMEA baud rate = 9600
** Ship: RVIB N.B. Palmer
** Cruise: NBP2113 LTER
** Station: 744.002
** Operator: S. Blackman
# nquan = 20
# nvalues = 476                                   
# units = specified
# name 0 = prDM: Pressure, Digiquartz [db]
# name 1 = depSM: Depth [salt water, m]
# name 2 = t090C: Temperature [ITS-90, deg C]
# name 3 = c0mS/cm: Conductivity [mS/cm]
# name 4 = t190C: Temperature, 2 [ITS-90, deg C]
# name 5 = c1mS/cm: Conductivity, 2 [mS/cm]
# name 6 = sbeox0ML/L: Oxygen, SBE 43 [ml/l]
# name 7 = sbeox1ML/L: Oxygen, SBE 43, 2 [ml/l]
# name 8 = flECO-AFL: Fluorescence, WET Labs ECO-AFL/FL [mg/m^3]
# name 9 = CStarTr0: Beam Transmission, WET Labs C-Star [%]
# name 10 = par: PAR/Irradiance, Biospherical/Licor
# name 11 = latitude: Latitude [deg]
# name 12 = longitude: Longitude [deg]
# name 13 = timeJ: Julian Days
# name 14 = altM: Altimeter [m]
# name 15 = spar: SPAR, Biospherical/Licor
# name 16 = timeS: Time, Elapsed [seconds]
# name 17 = scan: Scan Count
# name 18 = nbf: Bottles Fired
# name 19 = flag:  0.000e+00
# interval = seconds: 0.0416667
# start_time = Dec 14 2021 19:29:58 [NMEA time, header]
# bad_flag = -9.990e-29
*END*
[from data line 145]
    253.127    250.507    -0.6921  28.158600    -0.6921  28.157456     6.3115     6.3750     0.0069    90.1334 1.0000e-12  -64.16142  -61.83234 348.828419      99.98 7.3512e+02   1377.417      33059          3  0.000e+00
    253.196    250.575    -0.6918  28.159120    -0.6919  28.157681     6.3057     6.3743     0.0069    90.1077 1.0000e-12  -64.16142  -61.83234 348.828420      99.98 7.3512e+02   1377.458      33060          3  0.000e+00
    253.129    250.510    -0.6921  28.158543    -0.6924  28.157174     6.2939     6.3679     0.0069    90.0819 1.0000e-12  -64.16142  -61.83234 348.828494       9.21 7.2807e+02   1383.917      33215          4  0.000e+00
    252.992    250.374    -0.6921  28.158600    -0.6926  28.156891     6.2893     6.3680     0.0069    90.0819 1.0000e-12  -64.16142  -61.83234 348.828495       9.21 7.2807e+02   1383.958      33216          4  0.000e+00
    253.129    250.510    -0.6924  28.158600    -0.6926  28.157456     6.2942     6.3684     0.0069    90.0819 1.0000e-12  -64.16142  -61.83234 348.828495       9.21 7.2807e+02   1384.000      33217          4  0.000e+00
    253.026    250.408    -0.6922  28.159120    -0.6925  28.156891     6.2943     6.3686     0.0069    90.0819 1.0000e-12  -64.16142  -61.83234 348.828496       9.21 7.2807e+02   1384.042      33218          4  0.000e+00
    253.081    250.462    -0.6924  28.158889    -0.6926  28.157173     6.2946     6.3690     0.0069    90.0819 1.0000e-12  -64.16142  -61.83234 348.828496       9.21 7.2807e+02   1384.083      33219          4  0.000e+00
    253.081    250.462    -0.6922  28.158889    -0.6924  28.157456     6.2886     6.3694     0.0069    90.0819 1.0000e-12  -64.16142  -61.83234 348.828497       9.21 7.2807e+02   1384.125      33220          4  0.000e+00
    253.081    250.462    -0.6922  28.158369    -0.6927  28.157456     6.2935     6.3698     0.0069    90.0819 1.0000e-12  -64.16142  -61.83234 348.828497       9.21 7.2807e+02   1384.167      33221          4  0.000e+00
    252.992    250.374    -0.6922  28.158369    -0.6922  28.157173     6.2937     6.3702     0.0069    90.0819 1.0000e-12  -64.16142  -61.83234 348.828498       9.21 7.2807e+02   1384.208      33222          4  0.000e+00
    253.081    250.462    -0.6921  28.158369    -0.6925  28.156948     6.2940     6.3708     0.0069    90.0819 1.0000e-12  -64.16142  -61.83234 348.828498       9.21 7.2807e+02   1384.250      33223          4  0.000e+00
    253.081    250.462    -0.6919  28.158774    -0.6926  28.157456     6.2881     6.3713     0.0069    90.0819 1.0000e-12  -64.16142  -61.83234 348.828499       9.18 7.2807e+02   1384.292      33224          4  0.000e+00
    253.026    250.408    -0.6916  28.158369    -0.6924  28.157173     6.2869     6.3719     0.0069    90.0819 1.0000e-12  -64.16142  -61.83234 348.828499       9.18 7.2807e+02   1384.333      33225          4  0.000e+00
    253.081    250.462    -0.6919  28.158889    -0.6926  28.157173     6.2919     6.3726     0.0069    90.0819 1.0000e-12  -64.16142  -61.83234 348.828500       9.18 7.2807e+02   1384.375      33226          4  0.000e+00
    253.047    250.428    -0.6916  28.158889    -0.6926  28.157455     6.2937     6.3732     0.0069    90.0819 1.0000e-12  -64.16142  -61.83234 348.828500       9.18 7.2807e+02   1384.417      33227          4  0.000e+00
    253.081    250.462    -0.6914  28.158889    -0.6925  28.157173     6.2957     6.3739     0.0069    90.0819 1.0000e-12  -64.16142  -61.83234 348.828501       9.18 7.2807e+02   1384.458      33228          4  0.000e+00
    253.026    250.408    -0.6916  28.158889    -0.6928  28.157173     6.2977     6.3737    -0.0004    90.0819 1.0000e-12  -64.16142  -61.83234 348.828501       9.18 7.2807e+02   1384.500      33229          4  0.000e+00
    253.026    250.408    -0.6916  28.158889    -0.6926  28.157173     6.2982     6.3734    -0.0004    90.0819 1.0000e-12  -64.16142  -61.83234 348.828502       9.18 7.2807e+02   1384.542      33230          4  0.000e+00
    253.082    250.462    -0.6922  28.159120    -0.6924  28.156891     6.3035     6.3732    -0.0004    90.0819 1.0000e-12  -64.16142  -61.83234 348.828502       9.18 7.2807e+02   1384.583      33231          4  0.000e+00
    253.047    250.428    -0.6921  28.158600    -0.6927  28.157173     6.2993     6.3740    -0.0004    90.0819 1.0000e-12  -64.16142  -61.83234 348.828503       9.18 7.2807e+02   1384.625      33232          4  0.000e+00
    253.027    250.408    -0.6921  28.158369    -0.6925  28.157173     6.2936     6.3747    -0.0004    90.0819 1.0000e-12  -64.16142  -61.83234 348.828503       9.18 7.2807e+02   1384.667      33233          4  0.000e+00
    253.027    250.408    -0.6922  28.158542    -0.6924  28.157173     6.2987     6.3745    -0.0004    90.0819 1.0000e-12  -64.16142  -61.83234 348.828504       9.18 7.2807e+02   1384.708      33234          4  0.000e+00
    253.082    250.462    -0.6919  28.158369    -0.6922  28.157173     6.2992     6.3744    -0.0004    90.0819 1.0000e-12  -64.16142  -61.83234 348.828504       9.18 7.2807e+02   1384.750      33235          4  0.000e+00
    253.027    250.408    -0.6921  28.158600    -0.6924  28.156948     6.2997     6.3742    -0.0004    90.0819 1.0000e-12  -64.16142  -61.83234 348.828505       9.18 7.2807e+02   1384.792      33236          4  0.000e+00
    253.047    250.428    -0.6921  28.158889    -0.6922  28.157173     6.3002     6.3741    -0.0004    90.0819 1.0000e-12  -64.16142  -61.83234 348.828505       9.18 7.2807e+02   1384.833      33237          4  0.000e+00
    252.979    250.360    -0.6924  28.158600    -0.6923  28.157455     6.2946     6.3739    -0.0004    90.0819 1.0000e-12  -64.16142  -61.83234 348.828505       9.18 7.2807e+02   1384.875      33238          4  0.000e+00
    253.082    250.462    -0.6924  28.158889    -0.6922  28.157173     6.2998     6.3738    -0.0004    90.0819 1.0000e-12  -64.16142  -61.83234 348.828506       9.18 7.2807e+02   1384.917      33239          4  0.000e+00
    253.027    250.408    -0.6922  28.158369    -0.6924  28.157455     6.3019     6.3736    -0.0004    90.0819 1.0000e-12  -64.16142  -61.83234 348.828506       9.18 7.2807e+02   1384.958      33240          4  0.000e+00
    253.027    250.408    -0.6922  28.158600    -0.6924  28.157455     6.3025     6.3744    -0.0004    90.0819 1.0000e-12  -64.16142  -61.83234 348.828507       9.18 7.2807e+02   1385.000      33241          4  0.000e+00
    253.027    250.408    -0.6922  28.158369    -0.6926  28.157455     6.3031     6.3753    -0.0004    90.0819 1.0000e-12  -64.16142  -61.83234 348.828507       9.18 7.2807e+02   1385.042      33242          4  0.000e+00
    253.047    250.428    -0.6922  28.158542    -0.6926  28.156891     6.3098     6.3763    -0.0004    90.0819 1.0000e-12  -64.16142  -61.83234 348.828508       9.18 7.2807e+02   1385.083      33243          4  0.000e+00
    253.027    250.408    -0.6922  28.158080    -0.6926  28.157455     6.3042     6.3771    -0.0004    90.0819 1.0000e-12  -64.16142  -61.83234 348.828508       9.18 7.2807e+02   1385.125      33244          4  0.000e+00
    253.027    250.408    -0.6924  28.158889    -0.6927  28.156891     6.3062     6.3772    -0.0004    90.0819 1.0000e-12  -64.16142  -61.83234 348.828509       9.18 7.2807e+02   1385.167      33245          4  0.000e+00
    253.027    250.408    -0.6924  28.158369    -0.6928  28.157455     6.3007     6.3772    -0.0004    90.0562 1.0000e-12  -64.16142  -61.83234 348.828509       9.18 7.2807e+02   1385.208      33246          4  0.000e+00
    253.027    250.408    -0.6924  28.158600    -0.6936  28.157173     6.3105     6.3773    -0.0004    90.0819 1.0000e-12  -64.16142  -61.83234 348.828510       9.18 7.2807e+02   1385.250      33247          4  0.000e+00
    253.047    250.429    -0.6928  28.158600    -0.6950  28.156102     6.3049     6.3776    -0.0004    90.0819 1.0000e-12  -64.16142  -61.83234 348.828510       9.18 7.2807e+02   1385.292      33248          4  0.000e+00
    253.027    250.408    -0.6926  28.157792    -0.6958  28.154804     6.3053     6.3778    -0.0004    90.1077 1.0000e-12  -64.16142  -61.83234 348.828511       9.18 7.2807e+02   1385.333      33249          4  0.000e+00
    253.027    250.408    -0.6925  28.157792    -0.6956  28.154015     6.2996     6.3778    -0.0004    90.0819 1.0000e-12  -64.16142  -61.83234 348.828511       9.18 7.2807e+02   1385.375      33250          4  0.000e+00
    252.979    250.361    -0.6922  28.157791    -0.6942  28.153450     6.3108     6.3776    -0.0004    90.0819 1.0000e-12  -64.16142  -61.83234 348.828512       9.18 7.2807e+02   1385.417      33251          4  0.000e+00
    253.082    250.463    -0.6925  28.158081    -0.6936  28.154522     6.3052     6.3775    -0.0004    90.0819 1.0000e-12  -64.16142  -61.83234 348.828512       9.18 7.2807e+02   1385.458      33252          4  0.000e+00
    252.993    250.374    -0.6924  28.158542    -0.6932  28.155876     6.3069     6.3773    -0.0004    90.0819 1.0000e-12  -64.16142  -61.83234 348.828513       9.18 7.2807e+02   1385.500      33253          4  0.000e+00
    253.027    250.408    -0.6922  28.158369    -0.6927  28.156384     6.3074     6.3772    -0.0004    90.0819 1.0000e-12  -64.16142  -61.83234 348.828513       9.18 7.2807e+02   1385.542      33254          4  0.000e+00
    253.027    250.408    -0.6922  28.158369    -0.6926  28.156948     6.3063     6.3772    -0.0004    90.0819 1.0000e-12  -64.16142  -61.83234 348.828514       9.18 7.2807e+02   1385.583      33255          4  0.000e+00
    252.979    250.361    -0.6924  28.158600    -0.6926  28.157455     6.3112     6.3771    -0.0004    90.0819 1.0000e-12  -64.16142  -61.83234 348.828514       9.18 7.2807e+02   1385.625      33256          4  0.000e+00
    253.027    250.408    -0.6924  28.158600    -0.6926  28.157173     6.3084     6.3772    -0.0004    90.0819 1.0000e-12  -64.16142  -61.83234 348.828515       9.18 7.2807e+02   1385.667      33257          4  0.000e+00
    253.048    250.429    -0.6924  28.158600    -0.6926  28.157173     6.3087     6.3772    -0.0004    90.0819 1.0000e-12  -64.16142  -61.83234 348.828515       9.18 7.2807e+02   1385.708      33258          4  0.000e+00
    253.027    250.408    -0.6925  28.158600    -0.6926  28.157173     6.3090     6.3772    -0.0004    90.1077 1.0000e-12  -64.16142  -61.83234 348.828516      43.88 7.2807e+02   1385.750      33259          4  0.000e+00
    252.979    250.361    -0.6922  28.158369    -0.6922  28.157455     6.3138     6.3771    -0.0004    90.1334 1.0000e-12  -64.16142  -61.83234 348.828516      91.82 7.2807e+02   1385.792      33260          4  0.000e+00
    253.027    250.408    -0.6922  28.158369    -0.6922  28.157173     6.3140     6.3771    -0.0004    90.1334 1.0000e-12  -64.16142  -61.83234 348.828517     100.00 7.2807e+02   1385.833      33261          4  0.000e+00
    253.027    250.408    -0.6921  28.158542    -0.6920  28.157681     6.3094     6.3770    -0.0004    90.1334 1.0000e-12  -64.16142  -61.83234 348.828517     100.00 7.2807e+02   1385.875      33262          4  0.000e+00
    252.979    250.361    -0.6924  28.158080    -0.6921  28.157455     6.3095     6.3770    -0.0004    90.1077 1.0000e-12  -64.16142  -61.83234 348.828518     100.00 7.2807e+02   1385.917      33263          4  0.000e+00
    202.054    199.987    -0.4235  28.340122    -0.4360  28.330503     6.0467     6.1655     0.0436    90.0304 1.0000e-12  -64.16150  -61.83240 348.829808      99.98 7.2278e+02   1497.375      35938          5  0.000e+00
    201.848    199.784    -0.4216  28.340006    -0.4382  28.328693     6.0459     6.1662     0.0436    90.0304 1.0000e-12  -64.16150  -61.83240 348.829808      99.98 7.2278e+02   1497.417      35939          5  0.000e+00
    202.054    199.987    -0.4204  28.340933    -0.4359  28.327337     6.0516     6.1666     0.0436    90.0304 1.0000e-12  -64.16150  -61.83240 348.829809      99.98 7.2278e+02   1497.458      35940          5  0.000e+00
    201.896    199.831    -0.4183  28.341743    -0.4359  28.327845     6.0464     6.1612     0.0436    90.0304 1.0000e-12  -64.16150  -61.83240 348.829809      99.98 7.2278e+02   1497.500      35941          5  0.000e+00
    201.999    199.933    -0.4180  28.342959    -0.4367  28.328920     6.0463     6.1608     0.0362    90.0304 1.0000e-12  -64.16150  -61.83240 348.829810      99.95 7.2278e+02   1497.542      35942          5  0.000e+00
    201.951    199.886    -0.4188  28.343074    -0.4353  28.329202     6.0420     6.1656     0.0436    90.0304 1.0000e-12  -64.16150  -61.83240 348.829810      99.98 7.2278e+02   1497.583      35943          5  0.000e+00
    201.848    199.784    -0.4196  28.343711    -0.4346  28.331577     6.0408     6.1600     0.0436    90.0304 1.0000e-12  -64.16150  -61.83240 348.829810      99.98 7.2278e+02   1497.625      35944          5  0.000e+00
    202.102    200.035    -0.4199  28.343596    -0.4325  28.332369     6.0461     6.1649     0.0362    90.0304 1.0000e-12  -64.16150  -61.83240 348.829811      99.95 7.2278e+02   1497.667      35945          5  0.000e+00
    201.896    199.831    -0.4194  28.343595    -0.4302  28.332651     6.0450     6.1591     0.0436    90.0304 1.0000e-12  -64.16150  -61.83240 348.829811      99.93 7.2278e+02   1497.708      35946          5  0.000e+00
    201.999    199.933    -0.4194  28.342959    -0.4287  28.333725     6.0398     6.1639     0.0362    90.0304 1.0000e-12  -64.16150  -61.83240 348.829812      99.95 7.2278e+02   1497.750      35947          5  0.000e+00
    201.951    199.886    -0.4197  28.342785    -0.4267  28.334234     6.0392     6.1638     0.0362    90.0304 1.0000e-12  -64.16150  -61.83240 348.829812      99.98 7.2278e+02   1497.792      35948          5  0.000e+00
    201.999    199.933    -0.4201  28.341743    -0.4243  28.335817     6.0494     6.1637     0.0436    90.0304 1.0000e-12  -64.16150  -61.83240 348.829813      99.98 7.2278e+02   1497.833      35949          5  0.000e+00
    201.896    199.831    -0.4210  28.340238    -0.4239  28.337682     6.0445     6.1636     0.0362    90.0304 1.0000e-12  -64.16150  -61.83240 348.829813      99.98 7.2278e+02   1497.875      35950          5  0.000e+00
    201.999    199.933    -0.4219  28.340122    -0.4237  28.339549     6.0458     6.1637     0.0436    90.0304 1.0000e-12  -64.16150  -61.83240 348.829814      99.98 7.2278e+02   1497.917      35951          5  0.000e+00
    201.951    199.886    -0.4222  28.340759    -0.4242  28.340057     6.0469     6.1638     0.0362    90.0304 1.0000e-12  -64.16150  -61.83240 348.829814      99.98 7.2278e+02   1497.958      35952          5  0.000e+00
    201.951    199.886    -0.4218  28.340643    -0.4228  28.341358     6.0541     6.1636     0.0436    90.0047 1.0000e-12  -64.16150  -61.83240 348.829815      99.98 7.2278e+02   1498.000      35953          5  0.000e+00
    201.951    199.886    -0.4207  28.340411    -0.4214  28.342489     6.0493     6.1634     0.0436    90.0304 1.0000e-12  -64.16150  -61.83240 348.829815      99.95 7.2278e+02   1498.042      35954          5  0.000e+00
    201.951    199.886    -0.4193  28.341338    -0.4217  28.343280     6.0490     6.1634     0.0436    90.0047 1.0000e-12  -64.16150  -61.83240 348.829816      99.98 7.2278e+02   1498.083      35955          5  0.000e+00
    201.999    199.933    -0.4157  28.343074    -0.4223  28.343507     6.0440     6.1635     0.0362    90.0304 1.0000e-12  -64.16150  -61.83240 348.829816      99.98 7.2278e+02   1498.125      35956          5  0.000e+00
    201.896    199.832    -0.4130  28.345216    -0.4227  28.342998     6.0496     6.1634     0.0362    90.0304 1.0000e-12  -64.16150  -61.83240 348.829817      99.98 7.2278e+02   1498.167      35957          5  0.000e+00
    201.999    199.934    -0.4133  28.347764    -0.4223  28.341697     6.0499     6.1634     0.0436    90.0304 1.0000e-12  -64.16150  -61.83240 348.829817      99.93 7.2278e+02   1498.208      35958          5  0.000e+00
