NBP2113_155081_ctd/data/nbp2113_068.ros
* Sea-Bird SBE 9 Data File:
* FileName = D:\Data\raw\NBP2113_068.hex
* Software Version Seasave V 7.26.7.121
* Temperature SN = 2438
* Conductivity SN = 2067
* Number of Bytes Per Scan = 40
* Number of Voltage Words = 5
* Number of Scans Averaged by the Deck Unit = 1
* NMEA Latitude = 63 34.55 S
* NMEA Longitude = 060 41.64 W
* NMEA UTC (Time) = Dec 15 2021  00:43:21
* NMEA baud rate = 9600
** Ship: RVIB N.B. Palmer
** Cruise: NBP2113 LTER
** Station: 831.-002
** Operator: S. Blackman
# nquan = 20
# nvalues = 1125                                  
# units = specified
# name 0 = prDM: Pressure, Digiquartz [db]
# name 1 = depSM: Depth [salt water, m]
# name 2 = t090C: Temperature [ITS-90, deg C]
# name 3 = c0mS/cm: Conductivity [mS/cm]
# name 4 = t190C: Temperature, 2 [ITS-90, deg C]
# name 5 = c1mS/cm: Conductivity, 2 [mS/cm]
# name 6 = sbeox0ML/L: Oxygen, SBE 43 [ml/l]
# name 7 = sbeox1ML/L: Oxygen, SBE 43, 2 [ml/l]
# name 8 = flECO-AFL: Fluorescence, WET Labs ECO-AFL/FL [mg/m^3]
# name 9 = CStarTr0: Beam Transmission, WET Labs C-Star [%]
# name 10 = par: PAR/Irradiance, Biospherical/Licor
# name 11 = latitude: Latitude [deg]
# name 12 = longitude: Longitude [deg]
# name 13 = timeJ: Julian Days
# name 14 = altM: Altimeter [m]
# name 15 = spar: SPAR, Biospherical/Licor
# name 16 = timeS: Time, Elapsed [seconds]
# name 17 = scan: Scan Count
# name 18 = nbf: Bottles Fired
# name 19 = flag:  0.000e+00
# interval = seconds: 0.0416667
# start_time = Dec 15 2021 00:43:21 [NMEA time, header]
# bad_flag = -9.990e-29
*END*
    575.079    568.710    -1.1780  27.929580    -1.1779  27.928724     6.7144     6.7888    -0.0004    89.7729 1.0000e-12  -63.57544  -60.69400 349.044827      10.40 2.4680e+01   1272.042      30530          1  0.000e+00
    575.141    568.772    -1.1780  27.930213    -1.1775  27.929005     6.7144     6.7889    -0.0004    89.7729 1.0000e-12  -63.57544  -60.69400 349.044827      10.40 2.4680e+01   1272.083      30531          1  0.000e+00
    575.079    568.710    -1.1780  27.929925    -1.1775  27.928724     6.7143     6.7890    -0.0004    89.7472 1.0000e-12  -63.57544  -60.69400 349.044828      10.40 2.4680e+01   1272.125      30532          1  0.000e+00
    575.127    568.758    -1.1780  27.929868    -1.1772  27.929005     6.7142     6.7891    -0.0004    89.7729 1.0000e-12  -63.57544  -60.69400 349.044828      10.40 2.4680e+01   1272.167      30533          1  0.000e+00
    575.024    568.656    -1.1783  27.929695    -1.1776  27.929005     6.7141     6.7892    -0.0004    89.7729 1.0000e-12  -63.57544  -60.69400 349.044829      10.40 2.4680e+01   1272.208      30534          1  0.000e+00
    575.079    568.710    -1.1781  27.930098    -1.1775  27.929061     6.7141     6.7894    -0.0004    89.7729 1.0000e-12  -63.57544  -60.69400 349.044829      10.40 2.4680e+01   1272.250      30535          1  0.000e+00
    575.079    568.710    -1.1783  27.929407    -1.1775  27.929005     6.7075     6.7895    -0.0004    89.7472 1.0000e-12  -63.57544  -60.69400 349.044830      10.40 2.4680e+01   1272.292      30536          1  0.000e+00
    575.037    568.669    -1.1780  27.930098    -1.1775  27.928724     6.7056     6.7896    -0.0004    89.7729 1.0000e-12  -63.57544  -60.69400 349.044830      10.40 2.4680e+01   1272.333      30537          1  0.000e+00
    575.024    568.656    -1.1780  27.929695    -1.1777  27.929005     6.7106     6.7898    -0.0004    89.7729 1.0000e-12  -63.57544  -60.69400 349.044831      10.53 2.4680e+01   1272.375      30538          1  0.000e+00
    574.975    568.608    -1.1781  27.929867    -1.1773  27.929005     6.7173     6.7898    -0.0004    89.7729 1.0000e-12  -63.57544  -60.69400 349.044831      10.62 2.4680e+01   1272.417      30539          1  0.000e+00
    575.024    568.656    -1.1781  27.929407    -1.1772  27.929005     6.7076     6.7900    -0.0004    89.7729 1.0000e-12  -63.57544  -60.69400 349.044832      10.65 2.4680e+01   1272.458      30540          1  0.000e+00
    574.975    568.608    -1.1778  27.929867    -1.1775  27.928499     6.7059     6.7901    -0.0004    89.7729 1.0000e-12  -63.57544  -60.69400 349.044832      10.62 2.4680e+01   1272.500      30541          1  0.000e+00
    574.975    568.608    -1.1783  27.929925    -1.1770  27.929286     6.7111     6.7902    -0.0004    89.7729 1.0000e-12  -63.57544  -60.69400 349.044833      10.62 2.4680e+01   1272.542      30542          1  0.000e+00
    574.989    568.621    -1.1780  27.929407    -1.1772  27.928724     6.7095     6.7904    -0.0004    89.7729 1.0000e-12  -63.57544  -60.69400 349.044833      10.62 2.4680e+01   1272.583      30543          1  0.000e+00
    574.927    568.560    -1.1781  27.929867    -1.1773  27.929005     6.7079     6.7905    -0.0004    89.7729 1.0000e-12  -63.57544  -60.69400 349.044834      10.62 2.4680e+01   1272.625      30544          1  0.000e+00
    574.975    568.608    -1.1778  27.929407    -1.1777  27.929286     6.7097     6.7907    -0.0004    89.7472 1.0000e-12  -63.57544  -60.69400 349.044834      10.62 2.4680e+01   1272.667      30545          1  0.000e+00
    574.927    568.560    -1.1777  27.930616    -1.1776  27.929005     6.7097     6.7908    -0.0004    89.7472 1.0000e-12  -63.57544  -60.69400 349.044835      10.62 2.4680e+01   1272.708      30546          1  0.000e+00
    574.927    568.560    -1.1772  27.929925    -1.1773  27.928723     6.7147     6.7909    -0.0004    89.7214 1.0000e-12  -63.57544  -60.69400 349.044835      10.62 2.4680e+01   1272.750      30547          1  0.000e+00
    574.885    568.519    -1.1774  27.930385    -1.1771  27.929004     6.7079     6.7898    -0.0004    89.6957 1.0000e-12  -63.57544  -60.69400 349.044836      10.62 2.4680e+01   1272.792      30548          1  0.000e+00
    574.927    568.560    -1.1770  27.930443    -1.1773  27.928780     6.7096     6.7900    -0.0004    89.6957 1.0000e-12  -63.57544  -60.69400 349.044836      10.62 2.4680e+01   1272.833      30549          1  0.000e+00
    574.872    568.505    -1.1769  27.930615    -1.1775  27.929004     6.7113     6.7900    -0.0004    89.7214 1.0000e-12  -63.57544  -60.69400 349.044837      10.65 2.4680e+01   1272.875      30550          1  0.000e+00
    574.872    568.505    -1.1771  27.930731    -1.1773  27.929004     6.7114     6.7901    -0.0004    89.6957 1.0000e-12  -63.57544  -60.69400 349.044837      10.87 2.4680e+01   1272.917      30551          1  0.000e+00
    574.872    568.505    -1.1774  27.930097    -1.1773  27.929286     6.7116     6.7902    -0.0004    89.6957 1.0000e-12  -63.57544  -60.69400 349.044837      10.96 2.4680e+01   1272.958      30552          1  0.000e+00
    574.885    568.519    -1.1772  27.930731    -1.1772  27.928723     6.7164     6.7841    -0.0004    89.6957 1.0000e-12  -63.57544  -60.69400 349.044838      10.96 2.4680e+01   1273.000      30553          1  0.000e+00
    574.823    568.458    -1.1772  27.930615    -1.1775  27.929004     6.7132     6.7893    -0.0004    89.6957 1.0000e-12  -63.57544  -60.69400 349.044838      10.96 2.4680e+01   1273.042      30554          1  0.000e+00
    574.823    568.458    -1.1772  27.930443    -1.1772  27.929004     6.7066     6.7832    -0.0004    89.6957 1.0000e-12  -63.57544  -60.69400 349.044839      10.96 2.4680e+01   1273.083      30555          1  0.000e+00
    574.823    568.458    -1.1774  27.930212    -1.1768  27.929061     6.7050     6.7823    -0.0004    89.6957 1.0000e-12  -63.57544  -60.69400 349.044839      10.94 2.4680e+01   1273.125      30556          1  0.000e+00
    574.823    568.458    -1.1768  27.930385    -1.1772  27.929286     6.7099     6.7815    -0.0004    89.6957 1.0000e-12  -63.57544  -60.69400 349.044840      10.96 2.4680e+01   1273.167      30557          1  0.000e+00
    574.823    568.458    -1.1771  27.930212    -1.1770  27.929510     6.7101     6.7867    -0.0004    89.6957 1.0000e-12  -63.57544  -60.69400 349.044840      10.94 2.4680e+01   1273.208      30558          1  0.000e+00
    574.782    568.417    -1.1772  27.930615    -1.1768  27.929285     6.7120     6.7808    -0.0004    89.6957 1.0000e-12  -63.57544  -60.69400 349.044841      10.96 2.4680e+01   1273.250      30559          1  0.000e+00
    574.768    568.403    -1.1771  27.929924    -1.1768  27.929510     6.7122     6.7862    -0.0004    89.7214 1.0000e-12  -63.57544  -60.69400 349.044841      10.96 2.4680e+01   1273.292      30560          1  0.000e+00
    574.768    568.403    -1.1772  27.930385    -1.1770  27.929004     6.7190     6.7865    -0.0004    89.6957 1.0000e-12  -63.57544  -60.69400 349.044842      10.96 2.4680e+01   1273.333      30561          1  0.000e+00
    574.768    568.403    -1.1772  27.930212    -1.1768  27.929285     6.7191     6.7868    -0.0004    89.6957 1.0000e-12  -63.57544  -60.69400 349.044842      10.94 2.4680e+01   1273.375      30562          1  0.000e+00
    574.768    568.403    -1.1771  27.930385    -1.1768  27.929567     6.7142     6.7871    -0.0004    89.6957 1.0000e-12  -63.57544  -60.69400 349.044843      10.89 2.4680e+01   1273.417      30563          1  0.000e+00
    574.726    568.362    -1.1771  27.931249    -1.1764  27.929285     6.7092     6.7874    -0.0004    89.6957 1.0000e-12  -63.57544  -60.69400 349.044843      10.89 2.4680e+01   1273.458      30564          1  0.000e+00
    574.768    568.403    -1.1770  27.932228    -1.1761  27.929791     6.7076     6.7876    -0.0004    89.6957 1.0000e-12  -63.57544  -60.69400 349.044844      10.89 2.4680e+01   1273.500      30565          1  0.000e+00
    574.720    568.355    -1.1768  27.931248    -1.1763  27.929285     6.7176     6.7880    -0.0004    89.6957 1.0000e-12  -63.57544  -60.69400 349.044844      10.89 2.4680e+01   1273.542      30566          1  0.000e+00
    574.768    568.403    -1.1734  27.931191    -1.1763  27.929510     6.7171     6.7810    -0.0004    89.7214 1.0000e-12  -63.57544  -60.69400 349.044845      10.89 2.4680e+01   1273.583      30567          1  0.000e+00
    574.664    568.301    -1.1711  27.932342    -1.1762  27.929510     6.7050     6.7801    -0.0004    89.7472 1.0000e-12  -63.57544  -60.69400 349.044845      10.89 2.4680e+01   1273.625      30568          1  0.000e+00
    574.720    568.355    -1.1712  27.933897    -1.1761  27.929510     6.7116     6.7856    -0.0004    89.7729 1.0000e-12  -63.57544  -60.69400 349.044846      10.89 2.4680e+01   1273.667      30569          1  0.000e+00
    574.727    568.362    -1.1708  27.934588    -1.1727  27.929510     6.7116     6.7854    -0.0004    89.7729 1.0000e-12  -63.57544  -60.69400 349.044846      10.89 2.4680e+01   1273.708      30570          1  0.000e+00
    574.720    568.355    -1.1704  27.934991    -1.1726  27.930072     6.7116     6.7846    -0.0004    89.7729 1.0000e-12  -63.57544  -60.69400 349.044847      10.89 2.4680e+01   1273.750      30571          1  0.000e+00
    574.664    568.301    -1.1717  27.935682    -1.1715  27.931366     6.7117     6.7846    -0.0004    89.7472 1.0000e-12  -63.57544  -60.69400 349.044847      10.89 2.4680e+01   1273.792      30572          1  0.000e+00
    574.664    568.301    -1.1703  27.935221    -1.1690  27.932434     6.7116     6.7844    -0.0004    89.7472 1.0000e-12  -63.57544  -60.69400 349.044848      10.89 2.4680e+01   1273.833      30573          1  0.000e+00
    574.664    568.301    -1.1670  27.935912    -1.1689  27.933728     6.7129     6.7847    -0.0004    89.7472 1.0000e-12  -63.57544  -60.69400 349.044848      10.96 2.4680e+01   1273.875      30574          1  0.000e+00
    574.727    568.362    -1.1658  27.936833    -1.1706  27.933728     6.7062     6.7853    -0.0004    89.7729 1.0000e-12  -63.57544  -60.69400 349.044849      11.11 2.4680e+01   1273.917      30575          1  0.000e+00
    574.664    568.301    -1.1647  27.938561    -1.1724  27.933728     6.7092     6.7859    -0.0004    89.7472 1.0000e-12  -63.57544  -60.69400 349.044849      11.14 2.4680e+01   1273.958      30576          1  0.000e+00
    574.664    568.301    -1.1658  27.939194    -1.1716  27.932940     6.7161     6.7861    -0.0004    89.7472 1.0000e-12  -63.57544  -60.69400 349.044850      11.14 2.4680e+01   1274.000      30577          1  0.000e+00
    574.616    568.253    -1.1678  27.939367    -1.1690  27.931928     6.7133     6.7860    -0.0004    89.7472 1.0000e-12  -63.57544  -60.69400 349.044850      11.14 2.4680e+01   1274.042      30578          1  0.000e+00
    576.018    569.638    -1.1277  27.971625    -1.1274  27.968382     6.7157     6.7811    -0.0004    89.7214 1.0000e-12  -63.57544  -60.69396 349.045015      10.48 2.4680e+01   1288.333      30921          2  0.000e+00
    576.018    569.638    -1.1291  27.970531    -1.1265  27.969451     6.7158     6.7803    -0.0004    89.7214 1.0000e-12  -63.57544  -60.69396 349.045016      10.48 2.4680e+01   1288.375      30922          2  0.000e+00
    575.977    569.597    -1.1304  27.969494    -1.1258  27.969170     6.7224     6.7808    -0.0004    89.7214 1.0000e-12  -63.57544  -60.69396 349.045016      10.48 2.4680e+01   1288.417      30923          2  0.000e+00
    576.067    569.686    -1.1307  27.969206    -1.1256  27.969733     6.7222     6.7813    -0.0004    89.7214 1.0000e-12  -63.57544  -60.69396 349.045017      10.48 2.4680e+01   1288.458      30924          2  0.000e+00
    576.018    569.638    -1.1312  27.967650    -1.1245  27.970520     6.7254     6.7816    -0.0004    89.7214 1.0000e-12  -63.57544  -60.69396 349.045017      10.48 2.4680e+01   1288.500      30925          2  0.000e+00
    576.018    569.638    -1.1317  27.967362    -1.1246  27.971027     6.7202     6.7810    -0.0004    89.7214 1.0000e-12  -63.57544  -60.69396 349.045018      10.48 2.4680e+01   1288.542      30926          2  0.000e+00
    576.018    569.638    -1.1324  27.966844    -1.1245  27.971308     6.7181     6.7814    -0.0004    89.7214 1.0000e-12  -63.57544  -60.69396 349.045018      10.48 2.4680e+01   1288.583      30927          2  0.000e+00
    576.018    569.638    -1.1323  27.966556    -1.1249  27.971814     6.7242     6.7808    -0.0004    89.7214 1.0000e-12  -63.57544  -60.69396 349.045019      10.48 2.4680e+01   1288.625      30928          2  0.000e+00
    576.067    569.686    -1.1321  27.966556    -1.1246  27.971533     6.7236     6.7813    -0.0004    89.7214 1.0000e-12  -63.57544  -60.69396 349.045019      10.48 2.4680e+01   1288.667      30929          2  0.000e+00
    576.025    569.645    -1.1323  27.966556    -1.1244  27.971308     6.7180     6.7817    -0.0004    89.7214 1.0000e-12  -63.57544  -60.69396 349.045020      10.48 2.4680e+01   1288.708      30930          2  0.000e+00
    576.067    569.686    -1.1326  27.967132    -1.1246  27.971533     6.7173     6.7811    -0.0004    89.6957 1.0000e-12  -63.57544  -60.69396 349.045020      10.48 2.4680e+01   1288.750      30931          2  0.000e+00
    576.067    569.686    -1.1326  27.966325    -1.1250  27.971533     6.7167     6.7816     0.0069    89.6957 1.0000e-12  -63.57544  -60.69396 349.045021      10.48 2.4680e+01   1288.792      30932          2  0.000e+00
    576.018    569.638    -1.1317  27.966555    -1.1254  27.971533     6.7224     6.7808     0.0069    89.6957 1.0000e-12  -63.57544  -60.69396 349.045021      10.48 2.4680e+01   1288.833      30933          2  0.000e+00
    576.067    569.686    -1.1300  27.965518    -1.1250  27.970745     6.7214     6.7812     0.0069    89.6957 1.0000e-12  -63.57544  -60.69396 349.045022      10.48 2.4680e+01   1288.875      30934          2  0.000e+00
    576.067    569.686    -1.1300  27.967132    -1.1250  27.970520     6.7154     6.7816     0.0069    89.6957 1.0000e-12  -63.57544  -60.69396 349.045022      10.50 2.4680e+01   1288.917      30935          2  0.000e+00
    576.081    569.699    -1.1303  27.968169    -1.1256  27.971027     6.7145     6.7820     0.0069    89.6957 1.0000e-12  -63.57544  -60.69396 349.045023      10.50 2.4680e+01   1288.958      30936          2  0.000e+00
    576.067    569.686    -1.1312  27.967650    -1.1269  27.970746     6.7186     6.7826     0.0069    89.6957 1.0000e-12  -63.57544  -60.69396 349.045023      10.50 2.4680e+01   1289.000      30937          2  0.000e+00
    576.067    569.686    -1.1318  27.968169    -1.1286  27.969451     6.7175     6.7834     0.0069    89.7214 1.0000e-12  -63.57544  -60.69396 349.045024      10.50 2.4680e+01   1289.042      30938          2  0.000e+00
    576.067    569.686    -1.1320  27.968169    -1.1298  27.968157     6.7198     6.7840     0.0069    89.6957 1.0000e-12  -63.57544  -60.69396 349.045024      10.50 2.4680e+01   1289.083      30939          2  0.000e+00
    576.115    569.734    -1.1317  27.967881    -1.1305  27.967370     6.7155     6.7846     0.0069    89.6957 1.0000e-12  -63.57544  -60.69396 349.045025      10.50 2.4680e+01   1289.125      30940          2  0.000e+00
    576.067    569.686    -1.1314  27.967362    -1.1312  27.966807     6.7143     6.7850     0.0069    89.6957 1.0000e-12  -63.57544  -60.69396 349.045025      10.50 2.4680e+01   1289.167      30941          2  0.000e+00
    576.067    569.686    -1.1312  27.967650    -1.1310  27.966301     6.7180     6.7854     0.0069    89.6957 1.0000e-12  -63.57544  -60.69396 349.045026      10.50 2.4680e+01   1289.208      30942          2  0.000e+00
    576.081    569.700    -1.1312  27.967132    -1.1303  27.966582     6.7167     6.7918     0.0069    89.6957 1.0000e-12  -63.57544  -60.69396 349.045026      10.50 2.4680e+01   1289.250      30943          2  0.000e+00
