NBP2113_155081_ctd/data/nbp2113_045.ros
* Sea-Bird SBE 9 Data File:
* FileName = D:\Data\raw\NBP2113_045.hex
* Software Version Seasave V 7.26.7.121
* Temperature SN = 2438
* Conductivity SN = 2067
* Number of Bytes Per Scan = 40
* Number of Voltage Words = 5
* Number of Scans Averaged by the Deck Unit = 1
* NMEA Latitude = 64 53.15 S
* NMEA Longitude = 063 45.53 W
* NMEA UTC (Time) = Dec 11 2021  03:56:53
* NMEA baud rate = 9600
** Ship: RVIB N.B. Palmer
** Cruise: NBP2113 LTER
** Station: 624.021
** Operator: B. Urmston
# nquan = 20
# nvalues = 1133                                  
# units = specified
# name 0 = prDM: Pressure, Digiquartz [db]
# name 1 = depSM: Depth [salt water, m]
# name 2 = t090C: Temperature [ITS-90, deg C]
# name 3 = c0mS/cm: Conductivity [mS/cm]
# name 4 = t190C: Temperature, 2 [ITS-90, deg C]
# name 5 = c1mS/cm: Conductivity, 2 [mS/cm]
# name 6 = sbeox0ML/L: Oxygen, SBE 43 [ml/l]
# name 7 = sbeox1ML/L: Oxygen, SBE 43, 2 [ml/l]
# name 8 = flECO-AFL: Fluorescence, WET Labs ECO-AFL/FL [mg/m^3]
# name 9 = CStarTr0: Beam Transmission, WET Labs C-Star [%]
# name 10 = par: PAR/Irradiance, Biospherical/Licor
# name 11 = latitude: Latitude [deg]
# name 12 = longitude: Longitude [deg]
# name 13 = timeJ: Julian Days
# name 14 = altM: Altimeter [m]
# name 15 = spar: SPAR, Biospherical/Licor
# name 16 = timeS: Time, Elapsed [seconds]
# name 17 = scan: Scan Count
# name 18 = nbf: Bottles Fired
# name 19 = flag:  0.000e+00
# interval = seconds: 0.0416667
# start_time = Dec 11 2021 03:56:53 [NMEA time, header]
# bad_flag = -9.990e-29
*END*
[from data line 507]
    201.885    199.810     0.6464  29.282928     0.6461  29.281567     5.0303     5.1035    -0.0077    91.7814 1.0000e-12  -64.88562  -63.75812 345.189263      99.98 0.0000e+00   2139.292      51344         11  0.000e+00
    201.885    199.810     0.6467  29.282811     0.6461  29.281281     5.0323     5.1041    -0.0077    91.7814 1.0000e-12  -64.88562  -63.75812 345.189263      99.95 0.0000e+00   2139.333      51345         11  0.000e+00
    201.933    199.858     0.6468  29.282928     0.6457  29.281281     5.0273     5.1046    -0.0004    91.7814 1.0000e-12  -64.88562  -63.75812 345.189264      99.98 0.0000e+00   2139.375      51346         11  0.000e+00
    201.885    199.810     0.6469  29.282928     0.6458  29.281281     5.0267     5.1050    -0.0004    91.7814 1.0000e-12  -64.88562  -63.75812 345.189264      99.98 0.0000e+00   2139.417      51347         11  0.000e+00
    201.885    199.810     0.6469  29.282694     0.6459  29.280709     5.0319     5.1001    -0.0004    91.7814 1.0000e-12  -64.88562  -63.75812 345.189265      99.98 0.0000e+00   2139.458      51348         11  0.000e+00
    201.885    199.810     0.6468  29.283104     0.6459  29.281281     5.0327     5.1050    -0.0004    91.7814 1.0000e-12  -64.88562  -63.75812 345.189265      99.95 0.0000e+00   2139.500      51349         11  0.000e+00
    201.885    199.810     0.6470  29.282928     0.6459  29.280995     5.0292     5.1000    -0.0004    91.7814 1.0000e-12  -64.88562  -63.75812 345.189266      99.95 0.0000e+00   2139.542      51350         11  0.000e+00
    201.885    199.810     0.6466  29.283221     0.6463  29.281567     5.0346     5.1049    -0.0004    91.7814 1.0000e-12  -64.88562  -63.75812 345.189266      99.98 0.0000e+00   2139.583      51351         11  0.000e+00
    201.886    199.810     0.6462  29.282928     0.6458  29.280995     5.0412     5.0999    -0.0004    91.7557 1.0000e-12  -64.88562  -63.75812 345.189266      99.98 0.0000e+00   2139.625      51352         11  0.000e+00
    201.886    199.810     0.6466  29.282577     0.6460  29.280995     5.0390     5.1003    -0.0004    91.7814 1.0000e-12  -64.88562  -63.75812 345.189267      99.98 0.0000e+00   2139.667      51353         11  0.000e+00
    201.831    199.756     0.6488  29.282694     0.6459  29.281281     5.0397     5.1061    -0.0004    91.7814 1.0000e-12  -64.88562  -63.75812 345.189267      99.98 0.0000e+00   2139.708      51354         11  0.000e+00
    201.886    199.810     0.6503  29.284041     0.6461  29.280995     5.0404     5.1073    -0.0004    91.7814 1.0000e-12  -64.88562  -63.75812 345.189268      99.98 0.0000e+00   2139.750      51355         11  0.000e+00
    201.831    199.756     0.6500  29.286503     0.6458  29.280995     5.0399     5.1077    -0.0004    91.7814 1.0000e-12  -64.88562  -63.75812 345.189268      99.98 0.0000e+00   2139.792      51356         11  0.000e+00
    201.886    199.810     0.6496  29.286913     0.6459  29.281567     5.0408     5.1081    -0.0004    91.7557 1.0000e-12  -64.88562  -63.75812 345.189269      99.98 0.0000e+00   2139.833      51357         11  0.000e+00
    201.831    199.756     0.6498  29.286268     0.6459  29.281281     5.0359     5.1030    -0.0004    91.7814 1.0000e-12  -64.88562  -63.75812 345.189269      99.98 0.0000e+00   2139.875      51358         11  0.000e+00
    201.831    199.756     0.6493  29.285682     0.6458  29.281281     5.0470     5.1025    -0.0004    91.7814 1.0000e-12  -64.88562  -63.75812 345.189270      99.98 0.0000e+00   2139.917      51359         11  0.000e+00
    201.783    199.709     0.6493  29.285448     0.6460  29.280995     5.0421     5.1073    -0.0004    91.7814 1.0000e-12  -64.88562  -63.75812 345.189270      99.98 0.0000e+00   2139.958      51360         11  0.000e+00
    201.886    199.811     0.6493  29.285858     0.6461  29.281281     5.0443     5.1085    -0.0004    91.7557 1.0000e-12  -64.88562  -63.75812 345.189271      99.93 0.0000e+00   2140.000      51361         11  0.000e+00
    201.831    199.756     0.6493  29.285682     0.6461  29.281281     5.0452     5.1087    -0.0004    91.7557 1.0000e-12  -64.88562  -63.75812 345.189271      99.95 0.0000e+00   2140.042      51362         11  0.000e+00
    201.783    199.709     0.6497  29.285682     0.6461  29.280995     5.0460     5.1089    -0.0004    91.7814 1.0000e-12  -64.88562  -63.75812 345.189272      99.98 0.0000e+00   2140.083      51363         11  0.000e+00
    201.831    199.756     0.6498  29.285682     0.6465  29.281567     5.0469     5.1037    -0.0004    91.7814 1.0000e-12  -64.88562  -63.75812 345.189272      99.98 0.0000e+00   2140.125      51364         11  0.000e+00
    201.831    199.756     0.6499  29.285858     0.6463  29.281281     5.0477     5.1031    -0.0004    91.7814 1.0000e-12  -64.88562  -63.75812 345.189273      99.98 0.0000e+00   2140.167      51365         11  0.000e+00
    201.728    199.654     0.6500  29.286268     0.6463  29.281567     5.0428     5.1024    -0.0004    91.7557 1.0000e-12  -64.88562  -63.75812 345.189273      99.98 0.0000e+00   2140.208      51366         11  0.000e+00
    201.831    199.756     0.6498  29.286503     0.6463  29.281567     5.0468     5.1019    -0.0004    91.7557 1.0000e-12  -64.88562  -63.75812 345.189274      99.98 0.0000e+00   2140.250      51367         11  0.000e+00
    202.041    199.964     0.6656  29.303264     0.6649  29.301489     5.0324     5.0885     0.0069    91.7814 1.0000e-12  -64.88562  -63.75812 345.189369      99.93 0.0000e+00   2148.500      51565         12  0.000e+00
    202.089    200.012     0.6656  29.302971     0.6650  29.301661     5.0332     5.0875     0.0069    91.7814 1.0000e-12  -64.88562  -63.75812 345.189370      99.95 0.0000e+00   2148.542      51566         12  0.000e+00
    202.041    199.964     0.6654  29.303264     0.6648  29.301146     5.0282     5.0874     0.0069    91.7814 1.0000e-12  -64.88562  -63.75812 345.189370      99.98 0.0000e+00   2148.583      51567         12  0.000e+00
    202.089    200.012     0.6651  29.303616     0.6654  29.301661     5.0335     5.0872     0.0069    91.7814 1.0000e-12  -64.88562  -63.75812 345.189371      99.98 0.0000e+00   2148.625      51568         12  0.000e+00
    202.089    200.012     0.6649  29.302737     0.6657  29.301947     5.0330     5.0871     0.0069    91.7814 1.0000e-12  -64.88562  -63.75812 345.189371      99.98 0.0000e+00   2148.667      51569         12  0.000e+00
    202.041    199.964     0.6653  29.303264     0.6657  29.302291     5.0279     5.0870     0.0069    91.7814 1.0000e-12  -64.88562  -63.75812 345.189372      99.98 0.0000e+00   2148.708      51570         12  0.000e+00
    202.041    199.964     0.6648  29.302795     0.6651  29.302463     5.0275     5.0871     0.0069    91.7814 1.0000e-12  -64.88562  -63.75812 345.189372      99.98 0.0000e+00   2148.750      51571         12  0.000e+00
    202.089    200.012     0.6648  29.302737     0.6648  29.302749     5.0328     5.0871     0.0069    91.7557 1.0000e-12  -64.88562  -63.75812 345.189373      99.98 0.0000e+00   2148.792      51572         12  0.000e+00
    201.993    199.917     0.6648  29.302444     0.6644  29.301661     5.0323     5.0872     0.0069    91.7557 1.0000e-12  -64.88562  -63.75812 345.189373      99.95 0.0000e+00   2148.833      51573         12  0.000e+00
    202.089    200.012     0.6642  29.302503     0.6646  29.301375     5.0275     5.0874     0.0069    91.7814 1.0000e-12  -64.88562  -63.75812 345.189374      99.98 0.0000e+00   2148.875      51574         12  0.000e+00
    202.041    199.964     0.6635  29.302151     0.6648  29.300917     5.0272     5.0875     0.0069    91.7814 1.0000e-12  -64.88562  -63.75812 345.189374      99.98 0.0000e+00   2148.917      51575         12  0.000e+00
    201.993    199.917     0.6634  29.301623     0.6650  29.301947     5.0325     5.0867     0.0069    91.7814 1.0000e-12  -64.88562  -63.75812 345.189375      99.98 0.0000e+00   2148.958      51576         12  0.000e+00
    202.041    199.964     0.6628  29.300334     0.6650  29.301661     5.0322     5.0869     0.0069    91.7557 1.0000e-12  -64.88562  -63.75812 345.189375      99.95 0.0000e+00   2149.000      51577         12  0.000e+00
    202.089    200.012     0.6624  29.299982     0.6649  29.301661     5.0275     5.0872     0.0069    91.7557 1.0000e-12  -64.88562  -63.75812 345.189375      99.95 0.0000e+00   2149.042      51578         12  0.000e+00
    201.993    199.917     0.6626  29.299982     0.6649  29.301661     5.0270     5.0874     0.0069    91.7557 1.0000e-12  -64.88562  -63.75812 345.189376      99.98 0.0000e+00   2149.083      51579         12  0.000e+00
    202.041    199.965     0.6626  29.299689     0.6648  29.301489     5.0311     5.0823     0.0143    91.7814 1.0000e-12  -64.88562  -63.75812 345.189376      99.98 0.0000e+00   2149.125      51580         12  0.000e+00
    202.041    199.965     0.6629  29.300334     0.6648  29.301146     5.0249     5.0872     0.0143    91.7814 1.0000e-12  -64.88562  -63.75812 345.189377      99.98 0.0000e+00   2149.167      51581         12  0.000e+00
    201.993    199.917     0.6629  29.300275     0.6643  29.301146     5.0302     5.0876     0.0143    91.7814 1.0000e-12  -64.88562  -63.75812 345.189377      99.98 0.0000e+00   2149.208      51582         12  0.000e+00
    201.993    199.917     0.6628  29.300509     0.6643  29.301146     5.0254     5.0827     0.0143    91.7814 1.0000e-12  -64.88562  -63.75812 345.189378      99.98 0.0000e+00   2149.250      51583         12  0.000e+00
    202.041    199.965     0.6626  29.300568     0.6637  29.300860     5.0295     5.0878     0.0143    91.7814 1.0000e-12  -64.88562  -63.75812 345.189378      99.98 0.0000e+00   2149.292      51584         12  0.000e+00
    201.993    199.917     0.6624  29.300275     0.6638  29.300401     5.0290     5.0883     0.0143    91.7814 1.0000e-12  -64.88562  -63.75812 345.189379      99.95 0.0000e+00   2149.333      51585         12  0.000e+00
    201.938    199.863     0.6628  29.299689     0.6635  29.300573     5.0255     5.0889     0.0143    91.7814 1.0000e-12  -64.88562  -63.75812 345.189379      99.98 0.0000e+00   2149.375      51586         12  0.000e+00
    202.090    200.012     0.6631  29.300334     0.6637  29.300058     5.0252     5.0895     0.0143    91.7557 1.0000e-12  -64.88562  -63.75812 345.189380      99.98 0.0000e+00   2149.417      51587         12  0.000e+00
    201.993    199.917     0.6629  29.300803     0.6637  29.300287     5.0306     5.0901     0.0143    91.7814 1.0000e-12  -64.88562  -63.75812 345.189380      99.98 0.0000e+00   2149.458      51588         12  0.000e+00
    201.993    199.917     0.6635  29.301330     0.6636  29.300573     5.0302     5.0908     0.0143    91.7814 1.0000e-12  -64.88562  -63.75812 345.189381      99.95 0.0000e+00   2149.500      51589         12  0.000e+00
    201.939    199.863     0.6637  29.301095     0.6637  29.300401     5.0254     5.0914     0.0143    91.7557 1.0000e-12  -64.88562  -63.75812 345.189381      99.95 0.0000e+00   2149.542      51590         12  0.000e+00
    201.993    199.917     0.6637  29.301389     0.6637  29.300573     5.0238     5.0922     0.0143    91.7814 1.0000e-12  -64.88562  -63.75812 345.189382      99.98 0.0000e+00   2149.583      51591         12  0.000e+00
    201.993    199.917     0.6637  29.301623     0.6644  29.300573     5.0292     5.0928     0.0143    91.7814 1.0000e-12  -64.88562  -63.75812 345.189382      99.98 0.0000e+00   2149.625      51592         12  0.000e+00
    201.994    199.917     0.6637  29.301330     0.6641  29.300573     5.0245     5.0874     0.0143    91.7814 1.0000e-12  -64.88562  -63.75812 345.189383      99.98 0.0000e+00   2149.667      51593         12  0.000e+00
    201.939    199.863     0.6634  29.301154     0.6638  29.301375     5.0300     5.0865     0.0143    91.7814 1.0000e-12  -64.88562  -63.75812 345.189383      99.98 0.0000e+00   2149.708      51594         12  0.000e+00
    201.939    199.863     0.6635  29.301330     0.6632  29.300401     5.0254     5.0858     0.0143    91.7814 1.0000e-12  -64.88562  -63.75812 345.189384      99.98 0.0000e+00   2149.750      51595         12  0.000e+00
    201.994    199.917     0.6639  29.301330     0.6635  29.300287     5.0296     5.0859     0.0143    91.7814 1.0000e-12  -64.88562  -63.75812 345.189384      99.98 0.0000e+00   2149.792      51596         12  0.000e+00
    201.939    199.863     0.6639  29.301154     0.6636  29.299771     5.0320     5.0860     0.0143    91.7814 1.0000e-12  -64.88562  -63.75812 345.189385      99.95 0.0000e+00   2149.833      51597         12  0.000e+00
    201.939    199.863     0.6637  29.301330     0.6638  29.300058     5.0274     5.0907     0.0143    91.7814 1.0000e-12  -64.88562  -63.75812 345.189385      99.98 0.0000e+00   2149.875      51598         12  0.000e+00
    201.939    199.863     0.6634  29.301330     0.6638  29.300058     5.0274     5.0908     0.0143    91.7814 1.0000e-12  -64.88562  -63.75812 345.189386      99.98 0.0000e+00   2149.917      51599         12  0.000e+00
    201.891    199.815     0.6637  29.301095     0.6637  29.300401     5.0259     5.0856     0.0143    91.7814 1.0000e-12  -64.88562  -63.75812 345.189386      99.98 0.0000e+00   2149.958      51600         12  0.000e+00
    201.994    199.917     0.6634  29.301154     0.6635  29.300287     5.0259     5.0851     0.0143    91.7814 1.0000e-12  -64.88562  -63.75812 345.189387      99.95 0.0000e+00   2150.000      51601         12  0.000e+00
    201.891    199.816     0.6628  29.300275     0.6632  29.299771     5.0260     5.0845     0.0143    91.7814 1.0000e-12  -64.88562  -63.75812 345.189387      99.95 0.0000e+00   2150.042      51602         12  0.000e+00
    201.939    199.863     0.6623  29.300509     0.6635  29.300058     5.0261     5.0839     0.0143    91.7814 1.0000e-12  -64.88562  -63.75812 345.189388      99.98 0.0000e+00   2150.083      51603         12  0.000e+00
    201.891    199.816     0.6624  29.299747     0.6635  29.300058     5.0306     5.0896     0.0143    91.7814 1.0000e-12  -64.88562  -63.75812 345.189388      99.98 0.0000e+00   2150.125      51604         12  0.000e+00
    201.891    199.816     0.6631  29.299689     0.6633  29.299829     5.0318     5.0855     0.0143    91.7814 1.0000e-12  -64.88562  -63.75812 345.189389      99.98 0.0000e+00   2150.167      51605         12  0.000e+00
    201.939    199.863     0.6635  29.299689     0.6634  29.299771     5.0275     5.0851     0.0143    91.7814 1.0000e-12  -64.88562  -63.75812 345.189389      99.98 0.0000e+00   2150.208      51606         12  0.000e+00
    201.891    199.816     0.6640  29.300568     0.6632  29.300058     5.0204     5.0892     0.0143    91.7814 1.0000e-12  -64.88562  -63.75812 345.189389      99.98 0.0000e+00   2150.250      51607         12  0.000e+00
    201.939    199.863     0.6642  29.301330     0.6633  29.299485     5.0236     5.0843     0.0143    91.7814 1.0000e-12  -64.88562  -63.75812 345.189390      99.98 0.0000e+00   2150.292      51608         12  0.000e+00
    201.891    199.816     0.6643  29.301623     0.6633  29.300287     5.0237     5.0838     0.0143    91.7814 1.0000e-12  -64.88562  -63.75812 345.189390      99.95 0.0000e+00   2150.333      51609         12  0.000e+00
    201.891    199.816     0.6643  29.301623     0.6632  29.300115     5.0239     5.0835     0.0143    91.7814 1.0000e-12  -64.88562  -63.75812 345.189391      99.98 0.0000e+00   2150.375      51610         12  0.000e+00
    201.891    199.816     0.6643  29.301681     0.6635  29.300058     5.0285     5.0832     0.0143    91.7814 1.0000e-12  -64.88562  -63.75812 345.189391      99.98 0.0000e+00   2150.417      51611         12  0.000e+00
    201.891    199.816     0.6642  29.301916     0.6633  29.300058     5.0287     5.0829     0.0143    91.7557 1.0000e-12  -64.88562  -63.75812 345.189392      99.98 0.0000e+00   2150.458      51612         12  0.000e+00
