NBP2113_155081_ctd/data/nbp2113_015.cnv
* Sea-Bird SBE 9 Data File:
* FileName = D:\Data\raw\NBP2113_015.hex
* Software Version Seasave V 7.26.7.121
* Temperature SN = 2438
* Conductivity SN = 2067
* Number of Bytes Per Scan = 40
* Number of Voltage Words = 5
* Number of Scans Averaged by the Deck Unit = 1
* NMEA Latitude = 66 15.27 S
* NMEA Longitude = 067 20.33 W
* NMEA UTC (Time) = Nov 27 2021  19:51:53
* NMEA baud rate = 9600
** Ship: RVIB N.B. Palmer
** Cruise: NBP2113 LTER
** Station: 500.040
** Operator: S. Blackman
# nquan = 25
# nvalues = 397                         
# units = specified
# name 0 = prDM: Pressure, Digiquartz [db]
# name 1 = depSM: Depth [salt water, m]
# name 2 = t090C: Temperature [ITS-90, deg C]
# name 3 = c0mS/cm: Conductivity [mS/cm]
# name 4 = t190C: Temperature, 2 [ITS-90, deg C]
# name 5 = c1mS/cm: Conductivity, 2 [mS/cm]
# name 6 = sbeox0ML/L: Oxygen, SBE 43 [ml/l]
# name 7 = sbeox1ML/L: Oxygen, SBE 43, 2 [ml/l]
# name 8 = flECO-AFL: Fluorescence, WET Labs ECO-AFL/FL [mg/m^3]
# name 9 = CStarTr0: Beam Transmission, WET Labs C-Star [%]
# name 10 = par: PAR/Irradiance, Biospherical/Licor
# name 11 = latitude: Latitude [deg]
# name 12 = longitude: Longitude [deg]
# name 13 = timeJ: Julian Days
# name 14 = altM: Altimeter [m]
# name 15 = spar: SPAR, Biospherical/Licor
# name 16 = timeS: Time, Elapsed [seconds]
# name 17 = scan: Scan Count
# name 18 = density00: Density [density, kg/m^3]
# name 19 = density11: Density, 2 [density, kg/m^3]
# name 20 = sal00: Salinity, Practical [PSU]
# name 21 = sal11: Salinity, Practical, 2 [PSU]
# name 22 = oxsolML/L: Oxygen Saturation, Garcia & Gordon [ml/l]
# name 23 = nbin: number of scans per bin
# name 24 = flag: flag
# span 0 =      1.000,    201.000       
# span 1 =      0.989,    198.916       
# span 2 =    -1.3985,     0.7608       
# span 3 =  27.034742,  29.401090       
# span 4 =    -1.4015,     0.7552       
# span 5 =  27.033585,  29.393253       
# span 6 =     4.5829,     9.0878       
# span 7 =     4.8026,     8.3178       
# span 8 =    -0.0008,     1.5687       
# span 9 =    88.3627,    97.0095       
# span 10 = -1.852e-07, 4.9987e+02      
# span 11 =  -66.25470,  -66.25444      
# span 12 =  -67.33948,  -67.33831      
# span 13 = 331.831110, 331.845004      
# span 14 =       1.33,     100.02      
# span 15 = 3.4729e+02, 5.9685e+02      
# span 16 =    294.908,   1495.344      
# span 17 =       7079,      35889      
# span 18 =  1027.1028,  1028.6072      
# span 19 =  1027.1001,  1028.6044      
# span 20 =    33.6938,    34.4989      
# span 21 =    33.6905,    34.4978      
# span 22 =    7.88143,    8.38037      
# span 23 =         12,         61      
# span 24 = 0.0000e+00, 0.0000e+00      
# interval = decibars: 1                
# start_time = Nov 27 2021 19:51:53 [NMEA time, header]
# bad_flag = -9.990e-29
*END*
[from data line 116]
    121.000    119.769    -1.0942  27.400866    -1.0937  27.399670     6.9095     7.0146     0.1154    96.5047 -1.852e-07  -66.25466  -67.33930 331.834606      87.76 4.1428e+02    597.001      14329  1027.8986  1027.8968    33.9660    33.9638    8.30491         21 0.0000e+00
    122.000    120.759    -1.0789  27.415250    -1.0784  27.414320     6.9192     7.0157     0.1208    96.5329 1.0000e-12  -66.25466  -67.33931 331.834621      86.98 4.1406e+02    598.234      14359  1027.9038  1027.9023    33.9677    33.9658    8.30141         31 0.0000e+00
    123.000    121.746    -1.0869  27.407488    -1.0855  27.407012     6.9429     7.0065     0.1164    96.6255 1.0000e-12  -66.25466  -67.33935 331.834672      86.33 4.1019e+02    602.651      14465  1027.9078  1027.9060    33.9655    33.9633    8.30331         32 0.0000e+00
    124.000    122.736    -1.0688  27.426271    -1.0722  27.421580     6.9614     7.0031     0.1014    96.5738 1.0000e-12  -66.25466  -67.33934 331.834680      85.32 4.0895e+02    603.362      14482  1027.9152  1027.9133    33.9700    33.9675    8.29904         19 0.0000e+00
    125.000    123.726    -1.0467  27.447837    -1.0471  27.445764     6.9246     6.9986     0.1022    96.5904 1.0000e-12  -66.25466  -67.33932 331.834688      84.27 4.0798e+02    604.074      14499  1027.9217  1027.9197    33.9739    33.9715    8.29393         16 0.0000e+00
    126.000    124.716    -1.0412  27.453331    -1.0408  27.452013     6.8913     6.9857     0.1091    96.5837 1.0000e-12  -66.25466  -67.33932 331.834696      82.94 4.0722e+02    604.695      14514  1027.9267  1027.9248    33.9745    33.9723    8.29268         14 0.0000e+00
    127.000    125.706    -1.0391  27.456499    -1.0381  27.455764     6.8954     6.9754     0.1170    96.5636 1.0000e-12  -66.25466  -67.33932 331.834703      81.90 4.0723e+02    605.304      14528  1027.9326  1027.9308    33.9759    33.9737    8.29213         15 0.0000e+00
    128.000    126.695    -1.0252  27.472572    -1.0277  27.468220     6.8874     6.9710     0.1217    96.5195 1.0000e-12  -66.25466  -67.33932 331.834710      80.64 4.0840e+02    605.978      14544  1027.9410  1027.9387    33.9814    33.9783    8.28873         18 0.0000e+00
    129.000    127.685    -0.9951  27.502994    -0.9969  27.499434     6.8911     6.9626     0.1380    96.4844 1.0000e-12  -66.25466  -67.33933 331.834721      79.61 4.0896e+02    606.853      14565  1027.9495  1027.9474    33.9883    33.9855    8.28169         26 0.0000e+00
    130.000    128.673    -0.9870  27.511507    -0.9862  27.510931     6.8856     6.9562     0.1613    96.4401 1.0000e-12  -66.25466  -67.33934 331.834736      78.53 4.0899e+02    608.216      14598  1027.9556  1027.9541    33.9901    33.9884    8.27980         36 0.0000e+00
    131.000    129.663    -0.9818  27.516525    -0.9810  27.516500     6.8748     6.9429     0.1536    96.3482 1.0000e-12  -66.25466  -67.33934 331.834762      78.12 4.0690e+02    610.421      14651  1027.9609  1027.9601    33.9904    33.9895    8.27863         44 0.0000e+00
    132.000    130.652    -0.9711  27.528836    -0.9701  27.528313     6.8183     6.9037     0.1854    96.2992 1.0000e-12  -66.25466  -67.33934 331.834783      76.97 4.0383e+02    612.232      14695  1027.9687  1027.9671    33.9945    33.9926    8.27605         29 0.0000e+00
    133.000    131.643    -0.9644  27.537774    -0.9635  27.536843     6.7941     6.8685     0.1275    96.2788 1.0000e-12  -66.25468  -67.33934 331.834794      75.86 4.0192e+02    613.217      14718  1027.9764  1027.9745    33.9985    33.9962    8.27433         21 0.0000e+00
    134.000    132.632    -0.9512  27.553857    -0.9507  27.552776     6.7506     6.8460     0.1165    96.2141 1.0000e-12  -66.25468  -67.33934 331.834803      74.94 4.0281e+02    614.010      14737  1027.9856  1027.9839    34.0048    34.0028    8.27106         18 0.0000e+00
    135.000    133.620    -0.9369  27.569579    -0.9362  27.568657     6.7495     6.8508     0.1287    96.1420 1.0000e-12  -66.25468  -67.33935 331.834812      73.54 4.0369e+02    614.784      14756  1027.9933  1027.9916    34.0094    34.0074    8.26764         19 0.0000e+00
    136.000    134.612    -0.9301  27.576779    -0.9299  27.575107     6.7584     6.8508     0.1398    96.1274 1.0000e-12  -66.25468  -67.33936 331.834823      72.74 4.0370e+02    615.725      14778  1027.9990  1027.9970    34.0109    34.0084    8.26605         28 0.0000e+00
    137.000    135.599    -0.9241  27.582975    -0.9237  27.581605     6.6836     6.7970     0.1510    96.1592 1.0000e-12  -66.25468  -67.33936 331.834842      71.75 4.0325e+02    617.305      14816  1028.0046  1028.0027    34.0119    34.0096    8.26467         40 0.0000e+00
    138.000    136.591    -0.8859  27.624685    -0.8856  27.623962     6.6070     6.7335     0.1500    96.2319 1.0000e-12  -66.25468  -67.33936 331.834859      70.82 4.0106e+02    618.851      14853  1028.0175  1028.0164    34.0248    34.0235    8.25554         30 0.0000e+00
    139.000    137.579    -0.8691  27.644041    -0.8683  27.643171     6.5478     6.6862     0.1154    96.2182 1.0000e-12  -66.25468  -67.33935 331.834872      69.93 3.9940e+02    619.922      14879  1028.0269  1028.0252    34.0315    34.0295    8.25147         23 0.0000e+00
    140.000    138.568    -0.8711  27.643814    -0.8708  27.642565     6.4966     6.6561     0.1016    96.1590 1.0000e-12  -66.25468  -67.33935 331.834883      68.88 3.9857e+02    620.852      14901  1028.0332  1028.0315    34.0328    34.0308    8.25182         22 0.0000e+00
    141.000    139.559    -0.8645  27.653913    -0.8637  27.652827     6.4976     6.6399     0.1008    96.1190 1.0000e-12  -66.25468  -67.33936 331.834894      68.24 3.9968e+02    621.836      14925  1028.0424  1028.0403    34.0384    34.0360    8.25004         26 0.0000e+00
    142.000    140.547    -0.8435  27.676248    -0.8427  27.675320     6.5010     6.6230     0.0951    96.1046 1.0000e-12  -66.25468  -67.33936 331.834909      66.98 3.9900e+02    623.130      14956  1028.0509  1028.0491    34.0444    34.0423    8.24510         38 0.0000e+00
    143.000    141.536    -0.8344  27.686606    -0.8333  27.685931     6.4660     6.5794     0.1044    96.1800 1.0000e-12  -66.25468  -67.33936 331.834931      66.17 3.9751e+02    625.068      15003  1028.0581  1028.0563    34.0476    34.0455    8.24292         41 0.0000e+00
    144.000    142.526    -0.8142  27.708055    -0.8139  27.707156     6.4780     6.5590     0.0857    96.3682 1.0000e-12  -66.25468  -67.33936 331.834951      65.15 3.9508e+02    626.745      15043  1028.0664  1028.0652    34.0532    34.0518    8.23817         29 0.0000e+00
    145.000    143.516    -0.8003  27.722806    -0.7996  27.721926     6.4371     6.5419     0.0604    96.4605 1.0000e-12  -66.25469  -67.33936 331.834962      64.28 3.9341e+02    627.734      15067  1028.0735  1028.0719    34.0569    34.0550    8.23492         21 0.0000e+00
    146.000    144.503    -0.7912  27.733343    -0.7901  27.732828     6.4476     6.5256     0.0444    96.5213 1.0000e-12  -66.25470  -67.33936 331.834971      63.18 3.9312e+02    628.505      15085  1028.0805  1028.0789    34.0603    34.0584    8.23274         17 0.0000e+00
    147.000    145.494    -0.7739  27.751981    -0.7733  27.750934     6.4303     6.5125     0.0517    96.5375 1.0000e-12  -66.25470  -67.33938 331.834979      62.28 3.9312e+02    629.207      15102  1028.0885  1028.0867    34.0655    34.0633    8.22867         17 0.0000e+00
    148.000    146.485    -0.7533  27.774164    -0.7545  27.771378     6.4027     6.5034     0.0638    96.5437 1.0000e-12  -66.25470  -67.33938 331.834988      61.14 3.9312e+02    629.977      15120  1028.0969  1028.0951    34.0716    34.0692    8.22382         21 0.0000e+00
    149.000    147.473    -0.7369  27.792087    -0.7357  27.791333     6.3971     6.4796     0.0654    96.5474 1.0000e-12  -66.25470  -67.33938 331.835004      59.49 3.9312e+02    631.360      15154  1028.1052  1028.1032    34.0768    34.0744    8.21996         35 0.0000e+00
    150.000    148.463    -0.7199  27.810575    -0.7224  27.806714     6.3309     6.4109     0.0717    96.5666 1.0000e-12  -66.25468  -67.33938 331.835033      58.78 3.9160e+02    633.822      15213  1028.1138  1028.1120    34.0820    34.0795    8.21596         32 0.0000e+00
    151.000    149.452    -0.6819  27.851581    -0.6811  27.850751     6.1722     6.3212     0.0605    96.6271 1.0000e-12  -66.25468  -67.33938 331.835046      57.75 3.9120e+02    634.943      15240  1028.1258  1028.1240    34.0939    34.0918    8.20701         23 0.0000e+00
    152.000    150.441    -0.6002  27.939543    -0.5996  27.938290     6.1360     6.2885     0.0515    96.6445 1.0000e-12  -66.25468  -67.33938 331.835056      56.95 3.8958e+02    635.823      15261  1028.1458  1028.1439    34.1198    34.1174    8.18779         20 0.0000e+00
    153.000    151.431    -0.4991  28.047869    -0.4988  28.046137     6.0854     6.2489     0.0582    96.6297 1.0000e-12  -66.25468  -67.33938 331.835066      56.33 3.8960e+02    636.672      15281  1028.1688  1028.1666    34.1511    34.1484    8.16417         21 0.0000e+00
    154.000    152.420    -0.4794  28.069429    -0.4789  28.068457     6.0333     6.1970     0.0550    96.6028 1.0000e-12  -66.25468  -67.33938 331.835077      54.65 3.8895e+02    637.678      15305  1028.1781  1028.1764    34.1573    34.1553    8.15958         29 0.0000e+00
    155.000    153.410    -0.4284  28.125838    -0.4276  28.125119     6.0096     6.1507     0.0669    96.5849 1.0000e-12  -66.25468  -67.33939 331.835094      53.50 3.8738e+02    639.150      15341  1028.1944  1028.1929    34.1749    34.1731    8.14760         41 0.0000e+00
    156.000    154.399    -0.3818  28.175149    -0.3822  28.173638     5.8787     6.0404     0.0512    96.5884 1.0000e-12  -66.25469  -67.33938 331.835113      52.72 3.8549e+02    640.724      15378  1028.2075  1028.2063    34.1880    34.1864    8.13687         31 0.0000e+00
    157.000    155.388    -0.3019  28.261229    -0.3008  28.260296     5.7449     5.9407     0.0377    96.6042 1.0000e-12  -66.25468  -67.33938 331.835126      51.75 3.8428e+02    641.857      15406  1028.2270  1028.2250    34.2127    34.2102    8.11840         25 0.0000e+00
    158.000    156.378    -0.1872  28.383524    -0.1865  28.382000     5.6444     5.8695     0.0385    96.7001 1.0000e-12  -66.25468  -67.33939 331.835137      50.56 3.8431e+02    642.794      15428  1028.2508  1028.2485    34.2463    34.2436    8.09208         22 0.0000e+00
    159.000    157.367    -0.1377  28.436047    -0.1351  28.436614     5.6007     5.8284     0.0393    96.7873 1.0000e-12  -66.25468  -67.33940 331.835147      49.79 3.8431e+02    643.744      15451  1028.2640  1028.2620    34.2602    34.2579    8.08082         24 0.0000e+00
    160.000    158.356    -0.0721  28.505444    -0.0711  28.504201     5.6184     5.8106     0.0516    96.8344 1.0000e-12  -66.25468  -67.33940 331.835163      48.50 3.8422e+02    645.057      15482  1028.2797  1028.2773    34.2782    34.2753    8.06594         37 0.0000e+00
    161.000    159.346    -0.0547  28.524437    -0.0550  28.522660     5.6221     5.7633     0.0521    96.8936 1.0000e-12  -66.25466  -67.33941 331.835184      47.50 3.8246e+02    646.931      15527  1028.2894  1028.2879    34.2832    34.2812    8.06197         41 0.0000e+00
    162.000    160.333    -0.0277  28.553433    -0.0277  28.551766     5.5801     5.7167     0.0264    96.8507 1.0000e-12  -66.25466  -67.33940 331.835199      46.26 3.8134e+02    648.219      15558  1028.2994  1028.2976    34.2908    34.2886    8.05585         25 0.0000e+00
    163.000    161.324     0.0190  28.603001     0.0194  28.601663     5.5536     5.6945     0.0334    96.8461 1.0000e-12  -66.25466  -67.33940 331.835210      45.53 3.8006e+02    649.112      15580  1028.3114  1028.3097    34.3036    34.3014    8.04533         19 0.0000e+00
    164.000    162.314     0.0421  28.627402     0.0426  28.626186     5.5394     5.6733     0.0187    96.8190 1.0000e-12  -66.25467  -67.33940 331.835218      44.48 3.7904e+02    649.878      15598  1028.3198  1028.3180    34.3095    34.3072    8.04015         18 0.0000e+00
    165.000    163.304     0.0639  28.651833     0.0644  28.650646     5.5169     5.6571     0.0172    96.8269 1.0000e-12  -66.25467  -67.33940 331.835228      43.65 3.7902e+02    650.671      15617  1028.3293  1028.3276    34.3167    34.3146    8.03516         20 0.0000e+00
    166.000    164.293     0.0933  28.683176     0.0942  28.681861     5.5013     5.6381     0.0258    96.8358 1.0000e-12  -66.25466  -67.33940 331.835241      42.28 3.7902e+02    651.798      15644  1028.3391  1028.3368    34.3246    34.3218    8.02856         36 0.0000e+00
    167.000    165.282     0.1134  28.703897     0.1133  28.702390     5.4854     5.6024     0.0447    96.8962 1.0000e-12  -66.25466  -67.33942 331.835262      41.13 3.7772e+02    653.608      15688  1028.3472  1028.3458    34.3289    34.3271    8.02412         41 0.0000e+00
    168.000    166.270     0.1305  28.721700     0.1308  28.720520     5.4634     5.5787     0.0313    96.9489 1.0000e-12  -66.25466  -67.33944 331.835279      40.25 3.7725e+02    655.089      15723  1028.3547  1028.3531    34.3327    34.3308    8.02034         28 0.0000e+00
    169.000    167.261     0.1460  28.737950     0.1460  28.736303     5.4688     5.5675     0.0281    96.9315 1.0000e-12  -66.25466  -67.33944 331.835292      39.57 3.7576e+02    656.199      15750  1028.3616  1028.3599    34.3362    34.3340    8.01690         27 0.0000e+00
    170.000    168.249     0.1535  28.746204     0.1537  28.744933     5.4419     5.5448     0.0331    96.3657 1.0000e-12  -66.25466  -67.33944 331.835306      38.30 3.7550e+02    657.415      15779  1028.3681  1028.3665    34.3381    34.3361    8.01523         33 0.0000e+00
    171.000    169.239     0.1710  28.764926     0.1717  28.764460     5.3762     5.4828     0.0362    96.9175 1.0000e-12  -66.25466  -67.33944 331.835322      37.25 3.7382e+02    658.843      15813  1028.3758  1028.3745    34.3426    34.3412    8.01133         33 0.0000e+00
    172.000    170.228     0.2138  28.810084     0.2135  28.808045     5.2815     5.4142     0.0348    96.8942 1.0000e-12  -66.25466  -67.33944 331.835337      36.42 3.7373e+02    660.102      15843  1028.3864  1028.3845    34.3536    34.3513    8.00179         26 0.0000e+00
    173.000    171.217     0.2542  28.853677     0.2543  28.852017     5.2269     5.3749     0.0202    96.9335 1.0000e-12  -66.25466  -67.33944 331.835348      35.51 3.7373e+02    661.065      15867  1028.3975  1028.3957    34.3653    34.3630    7.99275         21 0.0000e+00
    174.000    172.207     0.3072  28.909711     0.3070  28.907711     5.1931     5.3439     0.0145    96.9261 1.0000e-12  -66.25466  -67.33944 331.835358      34.37 3.7373e+02    661.911      15887  1028.4093  1028.4075    34.3791    34.3767    7.98097         20 0.0000e+00
    175.000    173.195     0.3262  28.929495     0.3270  28.928632     5.1580     5.3225     0.0169    96.9046 1.0000e-12  -66.25466  -67.33944 331.835368      33.35 3.7023e+02    662.765      15907  1028.4164  1028.4147    34.3832    34.3812    7.97681         22 0.0000e+00
    176.000    174.186     0.3512  28.956661     0.3502  28.953666     5.1369     5.2887     0.0235    96.9167 1.0000e-12  -66.25466  -67.33944 331.835379      32.38 3.7021e+02    663.727      15930  1028.4254  1028.4233    34.3904    34.3876    7.97124         25 0.0000e+00
    177.000    175.175     0.3839  28.990525     0.3831  28.987887     5.0880     5.2400     0.0247    96.9135 1.0000e-12  -66.25466  -67.33944 331.835393      31.31 3.7021e+02    664.923      15959  1028.4341  1028.4321    34.3978    34.3951    7.96409         33 0.0000e+00
