NBP2113_155081_ctd/data/nbp2113_008.ros
* Sea-Bird SBE 9 Data File:
* FileName = D:\Data\raw\NBP2113_008.hex
* Software Version Seasave V 7.26.7.121
* Temperature SN = 2438
* Conductivity SN = 2067
* Number of Bytes Per Scan = 40
* Number of Voltage Words = 5
* Number of Scans Averaged by the Deck Unit = 1
* NMEA Latitude = 64 55.99 S
* NMEA Longitude = 064 24.05 W
* NMEA UTC (Time) = Nov 25 2021  04:33:36
* NMEA baud rate = 9600
** Ship: RVIB N.B. Palmer
** Cruise: NBP2113 LTER
** Station: 600.040
** Operator: B. Urmston
# nquan = 20
# nvalues = 1172                                  
# units = specified
# name 0 = prDM: Pressure, Digiquartz [db]
# name 1 = depSM: Depth [salt water, m]
# name 2 = t090C: Temperature [ITS-90, deg C]
# name 3 = c0mS/cm: Conductivity [mS/cm]
# name 4 = t190C: Temperature, 2 [ITS-90, deg C]
# name 5 = c1mS/cm: Conductivity, 2 [mS/cm]
# name 6 = sbeox0ML/L: Oxygen, SBE 43 [ml/l]
# name 7 = sbeox1ML/L: Oxygen, SBE 43, 2 [ml/l]
# name 8 = flECO-AFL: Fluorescence, WET Labs ECO-AFL/FL [mg/m^3]
# name 9 = CStarTr0: Beam Transmission, WET Labs C-Star [%]
# name 10 = par: PAR/Irradiance, Biospherical/Licor
# name 11 = latitude: Latitude [deg]
# name 12 = longitude: Longitude [deg]
# name 13 = timeJ: Julian Days
# name 14 = altM: Altimeter [m]
# name 15 = spar: SPAR, Biospherical/Licor
# name 16 = timeS: Time, Elapsed [seconds]
# name 17 = scan: Scan Count
# name 18 = nbf: Bottles Fired
# name 19 = flag:  0.000e+00
# interval = seconds: 0.0416667
# start_time = Nov 25 2021 04:33:36 [NMEA time, header]
# bad_flag = -9.990e-29
*END*
[from data line 218]
    961.302    949.684     1.4655  30.483574     1.4652  30.482546     4.1197     4.1271    -0.0004    98.0128 1.0000e-12  -64.93280  -64.40220 329.221588      99.98 0.0000e+00   2729.167      65501          5  0.000e+00
    961.197    949.581     1.4656  30.483574     1.4656  30.482662     4.1097     4.1267    -0.0004    98.0128 1.0000e-12  -64.93280  -64.40220 329.221588      99.98 0.0000e+00   2729.208      65502          5  0.000e+00
    961.225    949.608     1.4655  30.483574     1.4657  30.482837     4.1156     4.1264    -0.0004    98.0128 1.0000e-12  -64.93280  -64.40220 329.221589      99.98 0.0000e+00   2729.250      65503          5  0.000e+00
    961.148    949.533     1.4653  30.483752     1.4655  30.482488     4.1088     4.1261    -0.0077    98.0128 1.0000e-12  -64.93280  -64.40220 329.221589      99.98 0.0000e+00   2729.292      65504          5  0.000e+00
    961.093    949.478     1.4657  30.483633     1.4653  30.482546     4.1147     4.1258    -0.0077    98.0128 1.0000e-12  -64.93280  -64.40220 329.221590      99.95 0.0000e+00   2729.333      65505          5  0.000e+00
    961.093    949.478     1.4655  30.483573     1.4658  30.482836     4.1159     4.1255    -0.0077    98.0128 1.0000e-12  -64.93280  -64.40220 329.221590      99.98 0.0000e+00   2729.375      65506          5  0.000e+00
    961.044    949.430     1.4653  30.483573     1.4653  30.482604     4.1170     4.1252    -0.0077    98.0128 1.0000e-12  -64.93280  -64.40220 329.221590      99.98 0.0000e+00   2729.417      65507          5  0.000e+00
    960.988    949.375     1.4655  30.483573     1.4653  30.482836     4.1118     4.1249    -0.0077    98.0128 1.0000e-12  -64.93280  -64.40220 329.221591     100.00 0.0000e+00   2729.458      65508          5  0.000e+00
    961.016    949.402     1.4655  30.483573     1.4657  30.482255     4.1195     4.1246    -0.0004    98.0128 1.0000e-12  -64.93280  -64.40220 329.221591     100.00 0.0000e+00   2729.500      65509          5  0.000e+00
    960.884    949.272     1.4653  30.483573     1.4656  30.482487     4.1271     4.1253    -0.0004    98.0128 1.0000e-12  -64.93280  -64.40220 329.221592      99.98 0.0000e+00   2729.542      65510          5  0.000e+00
    960.939    949.327     1.4656  30.483335     1.4653  30.482662     4.1236     4.1251    -0.0004    98.0128 1.0000e-12  -64.93280  -64.40220 329.221592      99.98 0.0000e+00   2729.583      65511          5  0.000e+00
    960.835    949.224     1.4655  30.483454     1.4655  30.482661     4.1184     4.1247    -0.0004    98.0128 1.0000e-12  -64.93280  -64.40220 329.221593      99.95 0.0000e+00   2729.625      65512          5  0.000e+00
    960.835    949.224     1.4653  30.483751     1.4655  30.482196     4.1165     4.1245    -0.0004    98.0128 1.0000e-12  -64.93280  -64.40220 329.221593      99.98 0.0000e+00   2729.667      65513          5  0.000e+00
    960.779    949.169     1.4655  30.483454     1.4655  30.482254     4.1226     4.1242    -0.0004    98.0128 1.0000e-12  -64.93280  -64.40220 329.221594     100.00 0.0000e+00   2729.708      65514          5  0.000e+00
    960.751    949.141     1.4656  30.483513     1.4656  30.482254     4.1239     4.1250    -0.0004    98.0128 1.0000e-12  -64.93280  -64.40220 329.221594     100.00 0.0000e+00   2729.750      65515          5  0.000e+00
    960.730    949.121     1.4655  30.483572     1.4655  30.482312     4.1172     4.1248    -0.0004    98.0128 1.0000e-12  -64.93280  -64.40218 329.221595      99.95 0.0000e+00   2729.792      65516          5  0.000e+00
    960.675    949.066     1.4656  30.483394     1.4655  30.481963     4.1153     4.1246    -0.0077    98.0128 1.0000e-12  -64.93280  -64.40218 329.221595      99.95 0.0000e+00   2729.833      65517          5  0.000e+00
    960.626    949.018     1.4651  30.483275     1.4653  30.482021     4.1214     4.1303    -0.0004    98.0128 1.0000e-12  -64.93280  -64.40218 329.221596      99.98 0.0000e+00   2729.875      65518          5  0.000e+00
    960.626    949.018     1.4655  30.483275     1.4655  30.482254     4.1210     4.1310    -0.0004    98.0128 1.0000e-12  -64.93280  -64.40218 329.221596     100.00 0.0000e+00   2729.917      65519          5  0.000e+00
    960.570    948.963     1.4653  30.483096     1.4655  30.482137     4.1143     4.1257    -0.0077    98.0128 1.0000e-12  -64.93280  -64.40218 329.221597     100.00 0.0000e+00   2729.958      65520          5  0.000e+00
    960.542    948.935     1.4655  30.483036     1.4655  30.482079     4.1123     4.1314    -0.0004    98.0128 1.0000e-12  -64.93280  -64.40218 329.221597      99.98 0.0000e+00   2730.000      65521          5  0.000e+00
    960.466    948.860     1.4655  30.483393     1.4655  30.481905     4.1182     4.1320    -0.0077    98.0128 1.0000e-12  -64.93280  -64.40218 329.221598      99.98 0.0000e+00   2730.042      65522          5  0.000e+00
    960.466    948.860     1.4654  30.483155     1.4655  30.482370     4.1195     4.1267    -0.0004    98.0128 1.0000e-12  -64.93280  -64.40218 329.221598      99.98 0.0000e+00   2730.083      65523          5  0.000e+00
    960.410    948.805     1.4655  30.483036     1.4655  30.482021     4.1191     4.1263    -0.0004    98.0128 1.0000e-12  -64.93280  -64.40218 329.221599      99.98 0.0000e+00   2730.125      65524          5  0.000e+00
    960.361    948.757     1.4653  30.483214     1.4655  30.482195     4.1122     4.1269    -0.0004    97.9871 1.0000e-12  -64.93280  -64.40218 329.221599      99.98 0.0000e+00   2730.167      65525          5  0.000e+00
    960.382    948.778     1.4655  30.483274     1.4653  30.482137     4.1165     4.1277    -0.0004    97.9871 1.0000e-12  -64.93280  -64.40218 329.221600      99.98 0.0000e+00   2730.208      65526          5  0.000e+00
    960.306    948.702     1.4655  30.483095     1.4652  30.482078     4.1160     4.1273    -0.0004    97.9871 1.0000e-12  -64.93280  -64.40218 329.221600      99.98 0.0000e+00   2730.250      65527          5  0.000e+00
    404.670    400.313     1.3173  30.083409     1.3177  30.082994     4.3204     4.3120    -0.0004    98.1673 1.0000e-12  -64.93310  -64.40206 329.230209     100.00 0.0000e+00   3474.083      83379          6  0.000e+00
    404.732    400.375     1.3177  30.083587     1.3175  30.082878     4.3251     4.3122    -0.0004    98.1673 1.0000e-12  -64.93310  -64.40206 329.230210      99.95 0.0000e+00   3474.125      83380          6  0.000e+00
    404.732    400.375     1.3175  30.083765     1.3174  30.082878     4.3210     4.3123    -0.0004    98.1673 1.0000e-12  -64.93310  -64.40206 329.230210      99.98 0.0000e+00   3474.167      83381          6  0.000e+00
    404.732    400.375     1.3177  30.083705     1.3172  30.082878     4.3213     4.3125    -0.0077    98.1673 1.0000e-12  -64.93310  -64.40206 329.230211      99.98 0.0000e+00   3474.208      83382          6  0.000e+00
    404.787    400.429     1.3175  30.083765     1.3174  30.082879     4.3204     4.3126    -0.0150    98.1673 1.0000e-12  -64.93310  -64.40206 329.230211      99.98 0.0000e+00   3474.250      83383          6  0.000e+00
    404.725    400.368     1.3178  30.083824     1.3177  30.082647     4.3193     4.3127    -0.0150    98.1673 1.0000e-12  -64.93310  -64.40206 329.230212      99.98 0.0000e+00   3474.292      83384          6  0.000e+00
    404.732    400.375     1.3179  30.084120     1.3175  30.082994     4.3197     4.3129    -0.0150    98.1416 1.0000e-12  -64.93310  -64.40206 329.230212      99.95 0.0000e+00   3474.333      83385          6  0.000e+00
    404.787    400.429     1.3175  30.083705     1.3177  30.082705     4.3188     4.3130    -0.0150    98.1416 1.0000e-12  -64.93310  -64.40206 329.230213      99.98 0.0000e+00   3474.375      83386          6  0.000e+00
    404.787    400.429     1.3177  30.083824     1.3175  30.083226     4.3179     4.3132    -0.0150    98.1416 1.0000e-12  -64.93310  -64.40206 329.230213     100.00 0.0000e+00   3474.417      83387          6  0.000e+00
    404.774    400.416     1.3177  30.083587     1.3174  30.082994     4.3169     4.3133    -0.0150    98.1416 1.0000e-12  -64.93310  -64.40206 329.230214      99.98 0.0000e+00   3474.458      83388          6  0.000e+00
    404.788    400.429     1.3177  30.083824     1.3175  30.082647     4.3174     4.3135    -0.0150    98.1416 1.0000e-12  -64.93310  -64.40206 329.230214     100.00 0.0000e+00   3474.500      83389          6  0.000e+00
    404.788    400.429     1.3177  30.083587     1.3175  30.082589     4.3107     4.3136    -0.0150    98.1416 1.0000e-12  -64.93310  -64.40206 329.230215     100.00 0.0000e+00   3474.542      83390          6  0.000e+00
    404.836    400.477     1.3175  30.083646     1.3181  30.082994     4.3100     4.3137    -0.0150    98.1416 1.0000e-12  -64.93310  -64.40206 329.230215      99.98 0.0000e+00   3474.583      83391          6  0.000e+00
    404.774    400.416     1.3174  30.083765     1.3189  30.083746     4.3137     4.3137    -0.0150    98.1673 1.0000e-12  -64.93310  -64.40206 329.230216      99.95 0.0000e+00   3474.625      83392          6  0.000e+00
    404.836    400.477     1.3177  30.083706     1.3189  30.083977     4.3144     4.3139    -0.0150    98.1416 1.0000e-12  -64.93310  -64.40206 329.230216      99.98 0.0000e+00   3474.667      83393          6  0.000e+00
    404.836    400.477     1.3177  30.084002     1.3199  30.084151     4.3151     4.3139    -0.0150    98.1416 1.0000e-12  -64.93310  -64.40206 329.230217      99.98 0.0000e+00   3474.708      83394          6  0.000e+00
    404.836    400.477     1.3177  30.083942     1.3196  30.084440     4.3158     4.3141    -0.0150    98.1416 1.0000e-12  -64.93310  -64.40206 329.230217     100.00 0.0000e+00   3474.750      83395          6  0.000e+00
    404.877    400.518     1.3178  30.084061     1.3191  30.084093     4.3153     4.3143    -0.0150    98.1416 1.0000e-12  -64.93310  -64.40206 329.230217      99.98 0.0000e+00   3474.792      83396          6  0.000e+00
    404.836    400.477     1.3182  30.084712     1.3184  30.083804     4.3160     4.3199    -0.0150    98.1673 1.0000e-12  -64.93310  -64.40206 329.230218      99.95 0.0000e+00   3474.833      83397          6  0.000e+00
    404.836    400.477     1.3188  30.084771     1.3185  30.083920     4.3155     4.3146    -0.0150    98.1416 1.0000e-12  -64.93310  -64.40206 329.230218      99.98 0.0000e+00   3474.875      83398          6  0.000e+00
    404.891    400.532     1.3183  30.085304     1.3186  30.083978     4.3150     4.3138    -0.0150    98.1673 1.0000e-12  -64.93310  -64.40206 329.230219      99.98 0.0000e+00   3474.917      83399          6  0.000e+00
    404.891    400.532     1.3186  30.085363     1.3186  30.084151     4.3203     4.3138    -0.0150    98.1416 1.0000e-12  -64.93310  -64.40206 329.230219     100.00 0.0000e+00   3474.958      83400          6  0.000e+00
    404.877    400.518     1.3187  30.085482     1.3191  30.084267     4.3210     4.3138    -0.0150    98.1416 1.0000e-12  -64.93310  -64.40206 329.230220     100.00 0.0000e+00   3475.000      83401          6  0.000e+00
    404.940    400.580     1.3189  30.085363     1.3194  30.084440     4.3160     4.3138    -0.0150    98.1416 1.0000e-12  -64.93310  -64.40206 329.230220      99.98 0.0000e+00   3475.042      83402          6  0.000e+00
    404.891    400.532     1.3195  30.085896     1.3194  30.084556     4.3153     4.3138    -0.0150    98.1416 1.0000e-12  -64.93310  -64.40206 329.230221      99.98 0.0000e+00   3475.083      83403          6  0.000e+00
    404.891    400.532     1.3196  30.085718     1.3191  30.084729     4.3147     4.3130    -0.0150    98.1416 1.0000e-12  -64.93310  -64.40206 329.230221      99.95 0.0000e+00   3475.125      83404          6  0.000e+00
    404.981    400.621     1.3196  30.085955     1.3192  30.084614     4.3155     4.3185    -0.0150    98.1158 1.0000e-12  -64.93310  -64.40206 329.230222      99.98 0.0000e+00   3475.167      83405          6  0.000e+00
    404.940    400.580     1.3195  30.085718     1.3192  30.084729     4.3163     4.3138    -0.0150    98.1158 1.0000e-12  -64.93310  -64.40206 329.230222     100.00 0.0000e+00   3475.208      83406          6  0.000e+00
    404.940    400.580     1.3194  30.085718     1.3197  30.084614     4.3158     4.3137    -0.0150    98.1158 1.0000e-12  -64.93310  -64.40206 329.230223      99.98 0.0000e+00   3475.250      83407          6  0.000e+00
    404.940    400.580     1.3193  30.085659     1.3197  30.084961     4.3211     4.3128    -0.0150    98.1158 1.0000e-12  -64.93310  -64.40206 329.230223      99.98 0.0000e+00   3475.292      83408          6  0.000e+00
    404.878    400.518     1.3194  30.085955     1.3198  30.085076     4.3174     4.3127    -0.0150    98.1158 1.0000e-12  -64.93310  -64.40206 329.230224      99.95 0.0000e+00   3475.333      83409          6  0.000e+00
    405.091    400.730     1.3198  30.085896     1.3197  30.084903     4.3170     4.3128    -0.0150    98.1158 1.0000e-12  -64.93310  -64.40206 329.230224      99.98 0.0000e+00   3475.375      83410          6  0.000e+00
    404.995    400.634     1.3198  30.085778     1.3197  30.085192     4.3165     4.3117    -0.0150    98.1158 1.0000e-12  -64.93310  -64.40206 329.230225      99.98 0.0000e+00   3475.417      83411          6  0.000e+00
    404.995    400.634     1.3198  30.086074     1.3197  30.084961     4.3160     4.3116    -0.0150    98.1158 1.0000e-12  -64.93310  -64.40206 329.230225      99.98 0.0000e+00   3475.458      83412          6  0.000e+00
    404.995    400.634     1.3196  30.085659     1.3198  30.085019     4.3227     4.3115    -0.0150    98.1158 1.0000e-12  -64.93310  -64.40206 329.230226      99.98 0.0000e+00   3475.500      83413          6  0.000e+00
    405.036    400.675     1.3196  30.085896     1.3198  30.085308     4.3177     4.3123    -0.0150    98.1158 1.0000e-12  -64.93310  -64.40206 329.230226      99.98 0.0000e+00   3475.542      83414          6  0.000e+00
    405.043    400.682     1.3198  30.085719     1.3202  30.085192     4.3172     4.3122    -0.0150    98.1158 1.0000e-12  -64.93310  -64.40206 329.230227      99.98 0.0000e+00   3475.583      83415          6  0.000e+00
    405.043    400.682     1.3196  30.085956     1.3200  30.085308     4.3225     4.3122    -0.0150    98.1158 1.0000e-12  -64.93310  -64.40206 329.230227      99.98 0.0000e+00   3475.625      83416          6  0.000e+00
    405.043    400.682     1.3198  30.086133     1.3197  30.085192     4.3246     4.3121    -0.0150    98.1158 1.0000e-12  -64.93310  -64.40206 329.230228      99.98 0.0000e+00   3475.667      83417          6  0.000e+00
    405.085    400.723     1.3198  30.085837     1.3198  30.085135     4.3268     4.3121    -0.0150    98.1158 1.0000e-12  -64.93310  -64.40206 329.230228     100.00 0.0000e+00   3475.708      83418          6  0.000e+00
    405.043    400.682     1.3196  30.085660     1.3197  30.085135     4.3218     4.3120    -0.0150    98.1158 1.0000e-12  -64.93310  -64.40206 329.230229     100.00 0.0000e+00   3475.750      83419          6  0.000e+00
    405.092    400.730     1.3196  30.085719     1.3200  30.085135     4.3271     4.3119    -0.0150    98.1158 1.0000e-12  -64.93310  -64.40206 329.230229      99.95 0.0000e+00   3475.792      83420          6  0.000e+00
    405.092    400.730     1.3196  30.086074     1.3197  30.085135     4.3291     4.3119    -0.0150    98.1158 1.0000e-12  -64.93310  -64.40206 329.230230      99.95 0.0000e+00   3475.833      83421          6  0.000e+00
    405.092    400.730     1.3198  30.086074     1.3197  30.085135     4.3255     4.3172    -0.0150    98.1158 1.0000e-12  -64.93310  -64.40206 329.230230      99.98 0.0000e+00   3475.875      83422          6  0.000e+00
