NBP2113_155081_ctd/data/nbp2113_003.ros
* Sea-Bird SBE 9 Data File:
* FileName = D:\Data\raw\NBP2113_003.hex
* Software Version Seasave V 7.26.7.121
* Temperature SN = 2438
* Conductivity SN = 2067
* Number of Bytes Per Scan = 40
* Number of Voltage Words = 5
* Number of Scans Averaged by the Deck Unit = 1
* NMEA Latitude = 63 28.26 S
* NMEA Longitude = 061 47.09 W
* NMEA UTC (Time) = Nov 22 2021  19:16:03
* NMEA baud rate = 9600
** Ship: RVIB N.B. Palmer
** Cruise: NBP2113 LTER
** Station: 806.048
** Operator: S. Blackman
# nquan = 20
# nvalues = 1144                                  
# units = specified
# name 0 = prDM: Pressure, Digiquartz [db]
# name 1 = depSM: Depth [salt water, m]
# name 2 = t090C: Temperature [ITS-90, deg C]
# name 3 = c0mS/cm: Conductivity [mS/cm]
# name 4 = t190C: Temperature, 2 [ITS-90, deg C]
# name 5 = c1mS/cm: Conductivity, 2 [mS/cm]
# name 6 = sbeox0ML/L: Oxygen, SBE 43 [ml/l]
# name 7 = sbeox1ML/L: Oxygen, SBE 43, 2 [ml/l]
# name 8 = flECO-AFL: Fluorescence, WET Labs ECO-AFL/FL [mg/m^3]
# name 9 = CStarTr0: Beam Transmission, WET Labs C-Star [%]
# name 10 = par: PAR/Irradiance, Biospherical/Licor
# name 11 = latitude: Latitude [deg]
# name 12 = longitude: Longitude [deg]
# name 13 = timeJ: Julian Days
# name 14 = altM: Altimeter [m]
# name 15 = spar: SPAR, Biospherical/Licor
# name 16 = timeS: Time, Elapsed [seconds]
# name 17 = scan: Scan Count
# name 18 = nbf: Bottles Fired
# name 19 = flag:  0.000e+00
# interval = seconds: 0.0416667
# start_time = Nov 22 2021 19:16:03 [NMEA time, header]
# bad_flag = -9.990e-29
*END*
[from data line 218]
    278.467    275.582     0.0419  28.837808     0.0412  28.836391     5.6173     5.5806    -0.0004    98.6051 1.0000e-12  -63.47126  -61.78564 326.823507      99.98 1.8475e+03   1788.000      42913          5  0.000e+00
    278.515    275.629     0.0422  28.838158     0.0410  28.836164     5.6188     5.5858    -0.0077    98.6051 1.0000e-12  -63.47126  -61.78564 326.823507      99.98 1.8475e+03   1788.042      42914          5  0.000e+00
    278.570    275.684     0.0422  28.837925     0.0410  28.836335     5.6204     5.5806    -0.0077    98.6051 1.0000e-12  -63.47126  -61.78564 326.823508      99.98 1.8475e+03   1788.083      42915          5  0.000e+00
    278.570    275.684     0.0423  28.838391     0.0412  28.836562     5.6145     5.5800    -0.0077    98.6051 1.0000e-12  -63.47126  -61.78564 326.823508      99.95 1.8475e+03   1788.125      42916          5  0.000e+00
    278.618    275.731     0.0422  28.837983     0.0415  28.836847     5.6206     5.5794    -0.0077    98.6051 1.0000e-12  -63.47126  -61.78564 326.823509      99.98 1.8475e+03   1788.167      42917          5  0.000e+00
    278.673    275.786     0.0412  28.837401     0.0415  28.836847     5.6208     5.5732    -0.0077    98.6051 1.0000e-12  -63.47126  -61.78564 326.823509      99.98 1.8475e+03   1788.208      42918          5  0.000e+00
    278.721    275.833     0.0409  28.837051     0.0419  28.837132     5.6195     5.5773    -0.0077    98.6051 1.0000e-12  -63.47126  -61.78564 326.823510      99.98 1.8475e+03   1788.250      42919          5  0.000e+00
    278.721    275.833     0.0408  28.836760     0.0421  28.837587     5.6194     5.5765    -0.0077    98.6051 1.0000e-12  -63.47126  -61.78564 326.823510     100.00 1.8475e+03   1788.292      42920          5  0.000e+00
    278.776    275.888     0.0400  28.836527     0.0426  28.837530     5.6268     5.5758    -0.0077    98.6051 1.0000e-12  -63.47126  -61.78564 326.823511      99.98 1.8475e+03   1788.333      42921          5  0.000e+00
    278.824    275.935     0.0396  28.836236     0.0423  28.837644     5.6295     5.5761    -0.0077    98.6051 1.0000e-12  -63.47126  -61.78564 326.823511      99.98 1.8475e+03   1788.375      42922          5  0.000e+00
    278.873    275.983     0.0400  28.836178     0.0423  28.837132     5.6232     5.5763    -0.0077    98.6051 1.0000e-12  -63.47126  -61.78564 326.823512      99.98 1.8475e+03   1788.417      42923          5  0.000e+00
    278.873    275.983     0.0403  28.836993     0.0423  28.837474     5.6242     5.5765    -0.0004    98.6051 1.0000e-12  -63.47126  -61.78564 326.823512      99.95 1.8475e+03   1788.458      42924          5  0.000e+00
    278.873    275.983     0.0408  28.837459     0.0427  28.837929     5.6310     5.5766    -0.0004    98.6051 1.0000e-12  -63.47126  -61.78564 326.823513      99.98 1.8475e+03   1788.500      42925          5  0.000e+00
    278.976    276.085     0.0408  28.837518     0.0430  28.837759     5.6276     5.5768    -0.0077    98.6051 1.0000e-12  -63.47126  -61.78564 326.823513      99.98 1.8475e+03   1788.542      42926          5  0.000e+00
    279.031    276.140     0.0409  28.837518     0.0430  28.838157     5.6212     5.5770    -0.0004    98.6051 1.0000e-12  -63.47126  -61.78564 326.823514      99.98 1.8475e+03   1788.583      42927          5  0.000e+00
    279.031    276.140     0.0408  28.837343     0.0431  28.838442     5.6282     5.5772    -0.0004    98.6051 1.0000e-12  -63.47126  -61.78564 326.823514      99.95 1.8475e+03   1788.625      42928          5  0.000e+00
    279.079    276.187     0.0406  28.837285     0.0427  28.837531     5.6293     5.5775    -0.0077    98.6051 1.0000e-12  -63.47126  -61.78564 326.823515      99.98 1.8475e+03   1788.667      42929          5  0.000e+00
    279.134    276.242     0.0403  28.837052     0.0418  28.836564     5.6305     5.5779    -0.0077    98.6051 1.0000e-12  -63.47126  -61.78564 326.823515      99.98 1.8475e+03   1788.708      42930          5  0.000e+00
    279.134    276.242     0.0402  28.836586     0.0407  28.835995     5.6301     5.5783    -0.0077    98.6051 1.0000e-12  -63.47126  -61.78564 326.823516      99.98 1.8493e+03   1788.750      42931          5  0.000e+00
    279.182    276.289     0.0397  28.836004     0.0403  28.835369     5.6208     5.5776    -0.0077    98.6051 1.0000e-12  -63.47126  -61.78562 326.823516     100.00 1.8493e+03   1788.792      42932          5  0.000e+00
    279.237    276.344     0.0386  28.835072     0.0395  28.834516     5.6298     5.5770    -0.0077    98.6051 1.0000e-12  -63.47126  -61.78562 326.823517      99.98 1.8493e+03   1788.833      42933          5  0.000e+00
    279.286    276.391     0.0380  28.834198     0.0387  28.834174     5.6311     5.5773    -0.0077    98.6051 1.0000e-12  -63.47126  -61.78562 326.823517      99.98 1.8493e+03   1788.875      42934          5  0.000e+00
    279.334    276.439     0.0372  28.833790     0.0392  28.834573     5.6250     5.5774    -0.0077    98.6051 1.0000e-12  -63.47126  -61.78562 326.823518      99.98 1.8493e+03   1788.917      42935          5  0.000e+00
    279.286    276.392     0.0372  28.834140     0.0392  28.834800     5.6291     5.5719    -0.0077    98.6051 1.0000e-12  -63.47126  -61.78562 326.823518      99.98 1.8493e+03   1788.958      42936          5  0.000e+00
    279.389    276.494     0.0373  28.834082     0.0395  28.834914     5.6257     5.5767    -0.0077    98.6051 1.0000e-12  -63.47126  -61.78562 326.823519      99.98 1.8493e+03   1789.000      42937          5  0.000e+00
    279.437    276.541     0.0369  28.833791     0.0392  28.834858     5.6301     5.5714    -0.0004    98.6051 1.0000e-12  -63.47126  -61.78562 326.823519     100.00 1.8475e+03   1789.042      42938          5  0.000e+00
    279.444    276.548     0.0362  28.832917     0.0393  28.834744     5.6284     5.5707    -0.0077    98.6051 1.0000e-12  -63.47126  -61.78562 326.823519      99.98 1.8493e+03   1789.083      42939          5  0.000e+00
    278.519    275.633     0.0335  28.830293     0.0341  28.829677     5.6156     5.5743    -0.0077    98.6051 1.0000e-12  -63.47126  -61.78562 326.823624      99.95 1.8457e+03   1798.125      43156          6  0.000e+00
    278.629    275.742     0.0336  28.830584     0.0341  28.829677     5.6093     5.5747    -0.0004    98.6051 1.0000e-12  -63.47126  -61.78562 326.823625      99.98 1.8457e+03   1798.167      43157          6  0.000e+00
    278.574    275.688     0.0333  28.830526     0.0339  28.829392     5.6030     5.5750    -0.0077    98.6308 1.0000e-12  -63.47126  -61.78562 326.823625      99.98 1.8457e+03   1798.208      43158          6  0.000e+00
    278.622    275.736     0.0333  28.830060     0.0338  28.829392     5.6119     5.5745    -0.0077    98.6308 1.0000e-12  -63.47126  -61.78562 326.823626      99.98 1.8457e+03   1798.250      43159          6  0.000e+00
    278.677    275.790     0.0338  28.830293     0.0338  28.829962     5.6129     5.5739    -0.0077    98.6308 1.0000e-12  -63.47126  -61.78562 326.823626     100.00 1.8457e+03   1798.292      43160          6  0.000e+00
    278.622    275.736     0.0342  28.831283     0.0341  28.830530     5.6139     5.5789    -0.0077    98.6308 1.0000e-12  -63.47126  -61.78562 326.823627      99.98 1.8457e+03   1798.333      43161          6  0.000e+00
    278.677    275.790     0.0351  28.831749     0.0343  28.830360     5.6090     5.5736    -0.0004    98.6308 1.0000e-12  -63.47126  -61.78562 326.823627     100.00 1.8457e+03   1798.375      43162          6  0.000e+00
    278.732    275.844     0.0348  28.831866     0.0344  28.829905     5.6148     5.5731    -0.0077    98.6308 1.0000e-12  -63.47126  -61.78562 326.823628      99.98 1.8457e+03   1798.417      43163          6  0.000e+00
    278.725    275.838     0.0348  28.831633     0.0341  28.830132     5.6159     5.5734    -0.0004    98.6308 1.0000e-12  -63.47126  -61.78562 326.823628      99.98 1.8457e+03   1798.458      43164          6  0.000e+00
    278.726    275.838     0.0347  28.831924     0.0344  28.830588     5.6156     5.5737    -0.0077    98.6308 1.0000e-12  -63.47126  -61.78562 326.823628      99.98 1.8457e+03   1798.500      43165          6  0.000e+00
    278.774    275.885     0.0358  28.832915     0.0352  28.831726     5.6107     5.5787    -0.0004    98.6051 1.0000e-12  -63.47126  -61.78562 326.823629      99.98 1.8457e+03   1798.542      43166          6  0.000e+00
    278.774    275.885     0.0372  28.833789     0.0366  28.833262     5.6102     5.5741    -0.0077    98.6308 1.0000e-12  -63.47126  -61.78562 326.823629      99.98 1.8457e+03   1798.583      43167          6  0.000e+00
    278.781    275.892     0.0378  28.834779     0.0379  28.833718     5.6158     5.5734    -0.0077    98.6051 1.0000e-12  -63.47126  -61.78562 326.823630      99.95 1.8457e+03   1798.625      43168          6  0.000e+00
    278.829    275.940     0.0386  28.834896     0.0390  28.835084     5.6170     5.5727    -0.0077    98.6308 1.0000e-12  -63.47126  -61.78562 326.823630      99.98 1.8440e+03   1798.667      43169          6  0.000e+00
    278.877    275.987     0.0372  28.834430     0.0398  28.835994     5.6066     5.5730    -0.0077    98.6308 1.0000e-12  -63.47126  -61.78562 326.823631      99.98 1.8440e+03   1798.708      43170          6  0.000e+00
    278.829    275.940     0.0375  28.834488     0.0399  28.835880     5.6110     5.5734    -0.0004    98.6308 1.0000e-12  -63.47126  -61.78562 326.823631     100.00 1.8440e+03   1798.750      43171          6  0.000e+00
    278.932    276.042     0.0385  28.835129     0.0401  28.835824     5.6109     5.5739    -0.0077    98.6051 1.0000e-12  -63.47126  -61.78562 326.823632     100.00 1.8440e+03   1798.792      43172          6  0.000e+00
    278.932    276.042     0.0388  28.834954     0.0401  28.835824     5.6109     5.5745    -0.0077    98.6051 1.0000e-12  -63.47126  -61.78562 326.823632      99.98 1.8440e+03   1798.833      43173          6  0.000e+00
    278.932    276.042     0.0381  28.835013     0.0401  28.835596     5.6097     5.5750    -0.0004    98.6051 1.0000e-12  -63.47126  -61.78562 326.823633      99.98 1.8440e+03   1798.875      43174          6  0.000e+00
    278.980    276.090     0.0386  28.835246     0.0401  28.835767     5.6098     5.5812    -0.0077    98.6051 1.0000e-12  -63.47126  -61.78562 326.823633      99.98 1.8440e+03   1798.917      43175          6  0.000e+00
    278.980    276.090     0.0385  28.835362     0.0404  28.836564     5.6099     5.5761    -0.0077    98.6308 1.0000e-12  -63.47126  -61.78562 326.823634      99.95 1.8440e+03   1798.958      43176          6  0.000e+00
    278.980    276.090     0.0386  28.835537     0.0407  28.836905     5.6146     5.5757    -0.0077    98.6051 1.0000e-12  -63.47126  -61.78562 326.823634      99.98 1.8440e+03   1799.000      43177          6  0.000e+00
    279.035    276.144     0.0388  28.835654     0.0409  28.836450     5.6044     5.5754    -0.0004    98.6051 1.0000e-12  -63.47126  -61.78562 326.823635     100.00 1.8440e+03   1799.042      43178          6  0.000e+00
    279.083    276.192     0.0383  28.835188     0.0409  28.836621     5.6108     5.5751    -0.0077    98.6051 1.0000e-12  -63.47126  -61.78562 326.823635     100.00 1.8440e+03   1799.083      43179          6  0.000e+00
    279.090    276.199     0.0381  28.835479     0.0409  28.837019     5.6171     5.5748    -0.0004    98.6051 1.0000e-12  -63.47126  -61.78562 326.823636      99.95 1.8422e+03   1799.125      43180          6  0.000e+00
    279.139    276.246     0.0386  28.835654     0.0408  28.837190     5.6189     5.5745    -0.0077    98.6051 1.0000e-12  -63.47126  -61.78562 326.823636      99.95 1.8422e+03   1799.167      43181          6  0.000e+00
    279.139    276.246     0.0396  28.836237     0.0409  28.836906     5.6131     5.5742    -0.0077    98.6308 1.0000e-12  -63.47126  -61.78562 326.823637      99.98 1.8422e+03   1799.208      43182          6  0.000e+00
    279.139    276.246     0.0399  28.836819     0.0412  28.836905     5.6149     5.5738    -0.0077    98.6051 1.0000e-12  -63.47126  -61.78562 326.823637      99.98 1.8422e+03   1799.250      43183          6  0.000e+00
    279.187    276.294     0.0397  28.836586     0.0412  28.836849     5.6229     5.5791    -0.0077    98.6051 1.0000e-12  -63.47126  -61.78562 326.823638      99.98 1.8422e+03   1799.292      43184          6  0.000e+00
    279.235    276.341     0.0392  28.835829     0.0406  28.836337     5.6250     5.5807    -0.0004    98.6051 1.0000e-12  -63.47126  -61.78562 326.823638     100.00 1.8422e+03   1799.333      43185          6  0.000e+00
    279.242    276.348     0.0394  28.836004     0.0403  28.835483     5.6255     5.5813    -0.0077    98.6051 1.0000e-12  -63.47126  -61.78562 326.823639      99.98 1.8422e+03   1799.375      43186          6  0.000e+00
    279.235    276.342     0.0397  28.836353     0.0393  28.835312     5.6215     5.5819    -0.0004    98.6051 1.0000e-12  -63.47126  -61.78562 326.823639      99.98 1.8422e+03   1799.417      43187          6  0.000e+00
    279.290    276.396     0.0388  28.836004     0.0392  28.835483     5.6282     5.5768    -0.0077    98.6051 1.0000e-12  -63.47126  -61.78562 326.823640      99.98 1.8422e+03   1799.458      43188          6  0.000e+00
    279.290    276.396     0.0380  28.835247     0.0393  28.835995     5.6303     5.5819    -0.0004    98.6308 1.0000e-12  -63.47126  -61.78562 326.823640      99.98 1.8422e+03   1799.500      43189          6  0.000e+00
    279.338    276.444     0.0381  28.835655     0.0399  28.836052     5.6308     5.5776    -0.0077    98.6051 1.0000e-12  -63.47126  -61.78562 326.823641     100.00 1.8422e+03   1799.542      43190          6  0.000e+00
    279.393    276.498     0.0389  28.836063     0.0398  28.836110     5.6327     5.5837    -0.0004    98.6051 1.0000e-12  -63.47126  -61.78562 326.823641      99.98 1.8422e+03   1799.583      43191          6  0.000e+00
    279.345    276.450     0.0394  28.836354     0.0403  28.836052     5.6271     5.5785    -0.0077    98.6051 1.0000e-12  -63.47126  -61.78562 326.823641      99.95 1.8404e+03   1799.625      43192          6  0.000e+00
    279.441    276.546     0.0391  28.836005     0.0398  28.835882     5.6322     5.5782    -0.0077    98.3476 1.0000e-12  -63.47126  -61.78562 326.823642      99.98 1.8404e+03   1799.667      43193          6  0.000e+00
    279.393    276.498     0.0386  28.835713     0.0396  28.835483     5.6312     5.5778    -0.0004    98.0901 1.0000e-12  -63.47126  -61.78562 326.823642     100.00 1.8404e+03   1799.708      43194          6  0.000e+00
    279.497    276.600     0.0386  28.835422     0.0393  28.835484     5.6257     5.5774    -0.0077    98.0128 1.0000e-12  -63.47126  -61.78562 326.823643     100.00 1.8404e+03   1799.750      43195          6  0.000e+00
    279.497    276.600     0.0381  28.835364     0.0393  28.835598     5.6246     5.5779    -0.0077    98.0386 1.0000e-12  -63.47128  -61.78562 326.823643      99.98 1.8404e+03   1799.792      43196          6  0.000e+00
    279.497    276.600     0.0377  28.835364     0.0396  28.835768     5.6295     5.5774    -0.0077    98.0386 1.0000e-12  -63.47128  -61.78562 326.823644      99.98 1.8404e+03   1799.833      43197          6  0.000e+00
    279.497    276.600     0.0373  28.834956     0.0395  28.835825     5.6298     5.5826    -0.0004    98.0386 1.0000e-12  -63.47128  -61.78562 326.823644      99.98 1.8404e+03   1799.875      43198          6  0.000e+00
    279.545    276.648     0.0375  28.834607     0.0395  28.835598     5.6226     5.5785    -0.0004    98.0386 1.0000e-12  -63.47128  -61.78562 326.823645      99.98 1.8404e+03   1799.917      43199          6  0.000e+00
