NBP2113_155081_ctd/data/nbp2113_052.ros
* Sea-Bird SBE 9 Data File:
* FileName = D:\Data\raw\NBP2113_052.hex
* Software Version Seasave V 7.26.7.121
* Temperature SN = 2438
* Conductivity SN = 2067
* Number of Bytes Per Scan = 40
* Number of Voltage Words = 5
* Number of Scans Averaged by the Deck Unit = 1
* NMEA Latitude = 64 54.69 S
* NMEA Longitude = 064 40.23 W
* NMEA UTC (Time) = Dec 11 2021  16:24:27
* NMEA baud rate = 9600
** Ship: RVIB N.B. Palmer
** Cruise: NBP2113 LTER
** Station: 593.051
** Operator: S. Blackman
# nquan = 20
# nvalues = 1155                                  
# units = specified
# name 0 = prDM: Pressure, Digiquartz [db]
# name 1 = depSM: Depth [salt water, m]
# name 2 = t090C: Temperature [ITS-90, deg C]
# name 3 = c0mS/cm: Conductivity [mS/cm]
# name 4 = t190C: Temperature, 2 [ITS-90, deg C]
# name 5 = c1mS/cm: Conductivity, 2 [mS/cm]
# name 6 = sbeox0ML/L: Oxygen, SBE 43 [ml/l]
# name 7 = sbeox1ML/L: Oxygen, SBE 43, 2 [ml/l]
# name 8 = flECO-AFL: Fluorescence, WET Labs ECO-AFL/FL [mg/m^3]
# name 9 = CStarTr0: Beam Transmission, WET Labs C-Star [%]
# name 10 = par: PAR/Irradiance, Biospherical/Licor
# name 11 = latitude: Latitude [deg]
# name 12 = longitude: Longitude [deg]
# name 13 = timeJ: Julian Days
# name 14 = altM: Altimeter [m]
# name 15 = spar: SPAR, Biospherical/Licor
# name 16 = timeS: Time, Elapsed [seconds]
# name 17 = scan: Scan Count
# name 18 = nbf: Bottles Fired
# name 19 = flag:  0.000e+00
# interval = seconds: 0.0416667
# start_time = Dec 11 2021 16:24:27 [NMEA time, header]
# bad_flag = -9.990e-29
*END*
[from data line 797]
      8.540      8.456    -0.5037  27.650976    -0.4970  27.657412     7.9250     8.0668     1.3915    83.1553 1.1531e+02  -64.91188  -64.67144 345.720442      99.95 6.2053e+02   3179.167      76301         17  0.000e+00
      8.499      8.416    -0.5054  27.650861    -0.4935  27.654553     7.9290     8.0681     1.3915    83.1295 1.1499e+02  -64.91188  -64.67144 345.720442      99.95 6.2053e+02   3179.208      76302         17  0.000e+00
      8.499      8.416    -0.5069  27.650861    -0.4918  27.656346     7.9321     8.0695     1.3915    83.1295 1.1466e+02  -64.91188  -64.67144 345.720443      99.98 6.2053e+02   3179.250      76303         17  0.000e+00
      8.486      8.402    -0.5064  27.648624    -0.4908  27.659484     7.9311     8.0711     1.3842    83.1295 1.1466e+02  -64.91188  -64.67144 345.720443      99.98 6.2053e+02   3179.292      76304         17  0.000e+00
      8.499      8.416    -0.5059  27.647706    -0.4897  27.661558     7.9336     8.0721     1.3915    83.1295 1.1434e+02  -64.91188  -64.67144 345.720444      99.95 6.2053e+02   3179.333      76305         17  0.000e+00
      8.547      8.463    -0.5041  27.647993    -0.4922  27.664024     7.9349     8.0738     1.3915    83.1295 1.1402e+02  -64.91188  -64.67144 345.720444      99.93 6.2053e+02   3179.375      76306         17  0.000e+00
      8.486      8.402    -0.5036  27.648050    -0.4956  27.662847     7.9369     8.0759     1.3915    83.1295 1.1370e+02  -64.91188  -64.67144 345.720445      99.95 6.2053e+02   3179.417      76307         17  0.000e+00
      8.499      8.416    -0.5078  27.650058    -0.4984  27.659205     7.9400     8.0838     1.3842    83.1295 1.1337e+02  -64.91188  -64.67144 345.720445      99.98 6.2053e+02   3179.458      76308         17  0.000e+00
      8.547      8.463    -0.5125  27.649313    -0.5011  27.655843     7.9483     8.0808     1.3696    83.1295 1.1273e+02  -64.91188  -64.67144 345.720446      99.98 6.2053e+02   3179.500      76309         17  0.000e+00
      8.486      8.402    -0.5129  27.643060    -0.5064  27.652201     7.9462     8.0829     1.3622    83.1295 1.1242e+02  -64.91188  -64.67144 345.720446      99.98 6.2053e+02   3179.542      76310         17  0.000e+00
      8.547      8.463    -0.5101  27.639044    -0.5082  27.648784     7.9470     8.0845     1.3696    83.1295 1.1210e+02  -64.91188  -64.67144 345.720447      99.98 6.2053e+02   3179.583      76311         17  0.000e+00
      8.547      8.463    -0.5076  27.641166    -0.5071  27.643293     7.9418     8.0912     1.3622    83.1295 1.1178e+02  -64.91188  -64.67144 345.720447      99.98 6.2053e+02   3179.625      76312         17  0.000e+00
      8.588      8.504    -0.5060  27.645182    -0.5045  27.642789     7.9473     8.0927     1.3696    83.1295 1.1115e+02  -64.91188  -64.67144 345.720448      99.95 6.2053e+02   3179.667      76313         17  0.000e+00
      8.499      8.416    -0.5052  27.647993    -0.5002  27.646710     7.9488     8.0934     1.3696    83.1295 1.1084e+02  -64.91188  -64.67144 345.720448      99.95 6.2053e+02   3179.708      76314         17  0.000e+00
      8.602      8.517    -0.5065  27.649026    -0.4942  27.651920     7.9514     8.0939     1.3696    83.1810 1.1052e+02  -64.91188  -64.67144 345.720448      99.98 6.2053e+02   3179.750      76315         17  0.000e+00
      8.588      8.504    -0.5088  27.648854    -0.4879  27.657411     7.9603     8.0943     1.3696    83.2068 1.0990e+02  -64.91188  -64.67144 345.720449      99.98 6.2053e+02   3179.792      76316         17  0.000e+00
      8.602      8.517    -0.5088  27.645871    -0.4842  27.664415     7.9648     8.0942     1.3696    83.2068 1.0959e+02  -64.91188  -64.67144 345.720449      99.93 6.2053e+02   3179.833      76317         17  0.000e+00
      8.793      8.707    -0.5226  27.625682    -0.5355  27.624306     7.9855     8.1049     1.3696    83.2068 1.0504e+02  -64.91188  -64.67144 345.720454      99.95 6.2053e+02   3180.208      76326         18  0.000e+00
      8.752      8.666    -0.5220  27.628034    -0.5369  27.615457     7.9876     8.1108     1.3696    83.2068 1.0444e+02  -64.91188  -64.67144 345.720454      99.98 6.2053e+02   3180.250      76327         18  0.000e+00
      8.752      8.666    -0.5197  27.631188    -0.5408  27.611817     7.9939     8.1121     1.3696    83.2068 1.0415e+02  -64.91188  -64.67144 345.720455      99.98 6.2053e+02   3180.292      76328         18  0.000e+00
      8.896      8.809    -0.5207  27.631762    -0.5452  27.611034     7.9969     8.1135     1.3696    83.2068 1.0356e+02  -64.91188  -64.67144 345.720455      99.95 6.2053e+02   3180.333      76329         18  0.000e+00
      8.855      8.768    -0.5225  27.633310    -0.5460  27.605658     7.9985     8.1143     1.3696    83.2068 1.0298e+02  -64.91188  -64.67144 345.720456      99.93 6.2053e+02   3180.375      76330         18  0.000e+00
      8.896      8.809    -0.5222  27.631188    -0.5457  27.602186     7.9971     8.1148     1.3696    83.2068 1.0240e+02  -64.91188  -64.67144 345.720456      99.95 6.2053e+02   3180.417      76331         18  0.000e+00
      8.903      8.816    -0.5210  27.630443    -0.5460  27.602411     8.0045     8.1096     1.3696    83.2068 1.0211e+02  -64.91188  -64.67144 345.720457      99.98 6.2053e+02   3180.458      76332         18  0.000e+00
      8.958      8.870    -0.5236  27.631992    -0.5462  27.602971     8.0081     8.1090     1.3696    83.2068 1.0153e+02  -64.91188  -64.67144 345.720457      99.98 6.2053e+02   3180.500      76333         18  0.000e+00
      8.944      8.856    -0.5262  27.630959    -0.5459  27.602691     8.0105     8.1092     1.3622    83.2068 1.0124e+02  -64.91188  -64.67144 345.720458      99.98 6.2053e+02   3180.542      76334         18  0.000e+00
      9.006      8.917    -0.5273  27.627002    -0.5457  27.602971     8.0145     8.1141     1.3549    83.2583 1.0067e+02  -64.91188  -64.67144 345.720458      99.98 6.2053e+02   3180.583      76335         18  0.000e+00
      9.006      8.917    -0.5265  27.624938    -0.5477  27.603979     8.0224     8.1155     1.3476    83.2840 1.0039e+02  -64.91188  -64.67144 345.720459      99.98 6.2053e+02   3180.625      76336         18  0.000e+00
      9.047      8.958    -0.5257  27.625454    -0.5500  27.602187     8.0257     8.1164     1.3549    83.3098 1.0010e+02  -64.91188  -64.67144 345.720459      99.95 6.2053e+02   3180.667      76337         18  0.000e+00
      9.108      9.019    -0.5252  27.627002    -0.5506  27.599332     8.0217     8.1124     1.3549    83.3098 9.9539e+01  -64.91188  -64.67144 345.720460      99.98 6.2053e+02   3180.708      76338         18  0.000e+00
      9.108      9.019    -0.5282  27.628322    -0.5510  27.597484     8.0243     8.1128     1.3549    83.3098 9.9258e+01  -64.91188  -64.67144 345.720460      99.98 6.2053e+02   3180.750      76339         18  0.000e+00
      9.149      9.060    -0.5310  27.625971    -0.5483  27.597260     8.0329     8.1118     1.3549    83.3098 9.8977e+01  -64.91188  -64.67144 345.720461      99.98 6.2053e+02   3180.792      76340         18  0.000e+00
      9.156      9.066    -0.5310  27.622300    -0.5428  27.597260     8.0367     8.1101     1.3549    83.3098 9.8697e+01  -64.91188  -64.67144 345.720461      99.93 6.2053e+02   3180.833      76341         18  0.000e+00
      9.211      9.120    -0.5270  27.620178    -0.5397  27.602523     8.0338     8.1086     1.3549    83.3098 9.8418e+01  -64.91188  -64.67144 345.720462      99.95 6.2053e+02   3180.875      76342         18  0.000e+00
      9.245      9.154    -0.5228  27.622300    -0.5373  27.609186     8.0409     8.1125     1.3549    83.3098 9.8418e+01  -64.91188  -64.67144 345.720462      99.98 6.2053e+02   3180.917      76343         18  0.000e+00
      9.259      9.168    -0.5223  27.628322    -0.5315  27.611314     8.0439     8.1060     1.3549    83.3098 9.8140e+01  -64.91188  -64.67144 345.720462      99.98 6.2053e+02   3180.958      76344         18  0.000e+00
      9.259      9.168    -0.5200  27.630444    -0.5284  27.616242     8.0396     8.1044     1.3476    83.3098 9.7863e+01  -64.91188  -64.67144 345.720463      99.98 6.2053e+02   3181.000      76345         18  0.000e+00
      9.348      9.256    -0.5157  27.631189    -0.5227  27.620946     8.0397     8.1024     1.3476    83.3098 9.7586e+01  -64.91188  -64.67144 345.720463      99.98 6.1877e+02   3181.042      76346         18  0.000e+00
      9.361      9.270    -0.5083  27.635146    -0.5161  27.625874     8.0446     8.1001     1.3549    83.3098 9.7310e+01  -64.91188  -64.67144 345.720464      99.98 6.2053e+02   3181.083      76347         18  0.000e+00
      9.361      9.270    -0.4964  27.642200    -0.5113  27.633660     8.0439     8.0980     1.3549    83.3098 9.7310e+01  -64.91188  -64.67144 345.720464      99.98 6.1877e+02   3181.125      76348         18  0.000e+00
      9.403      9.310    -0.4931  27.654304    -0.5094  27.640214     8.0386     8.0965     1.3549    83.3098 9.7035e+01  -64.91188  -64.67144 345.720465      99.93 6.1877e+02   3181.167      76349         18  0.000e+00
      9.464      9.371    -0.4876  27.663083    -0.5102  27.643856     8.0376     8.0903     1.3549    83.3098 9.6761e+01  -64.91188  -64.67144 345.720465      99.95 6.1877e+02   3181.208      76350         18  0.000e+00
      9.512      9.419    -0.4767  27.665549    -0.5110  27.643296     8.0419     8.0946     1.3549    83.3098 9.6761e+01  -64.91188  -64.67144 345.720466      99.95 6.1877e+02   3181.250      76351         18  0.000e+00
      9.498      9.405    -0.4599  27.675245    -0.5114  27.642007     8.0341     8.0942     1.3549    83.3098 9.6487e+01  -64.91188  -64.67144 345.720466      99.98 6.1877e+02   3181.292      76352         18  0.000e+00
      9.512      9.419    -0.4451  27.692635    -0.5116  27.642288     8.0293     8.0936     1.3476    83.3098 9.6215e+01  -64.91188  -64.67144 345.720467      99.95 6.1877e+02   3181.333      76353         18  0.000e+00
      9.567      9.473    -0.4368  27.709971    -0.4982  27.640718     8.0256     8.0906     1.3549    83.3098 9.6215e+01  -64.91188  -64.67144 345.720467      99.93 6.1877e+02   3181.375      76354         18  0.000e+00
      9.601      9.507    -0.4355  27.723809    -0.4744  27.646430     8.0293     8.0851     1.3549    83.3098 9.5943e+01  -64.91188  -64.67144 345.720468      99.95 6.1877e+02   3181.417      76355         18  0.000e+00
      9.615      9.520    -0.4421  27.729667    -0.4513  27.668226     8.0304     8.0785     1.3549    83.3613 9.5671e+01  -64.91188  -64.67144 345.720468      99.98 6.1877e+02   3181.458      76356         18  0.000e+00
      9.656      9.561    -0.4513  27.725993    -0.4424  27.698103     8.0269     8.0749     1.3549    83.3870 9.5671e+01  -64.91188  -64.67144 345.720469      99.98 6.1877e+02   3181.500      76357         18  0.000e+00
      9.663      9.568    -0.4625  27.713648    -0.4511  27.714813     8.0302     8.0747     1.3476    83.3870 9.5401e+01  -64.91188  -64.67144 345.720469      99.98 6.1877e+02   3181.542      76358         18  0.000e+00
      9.717      9.622    -0.4707  27.700502    -0.4633  27.713805     8.0374     8.0765     1.3476    83.3870 9.5131e+01  -64.91188  -64.67144 345.720470      99.98 6.1877e+02   3181.583      76359         18  0.000e+00
      9.752      9.656    -0.4690  27.688906    -0.4653  27.697600     8.0380     8.0721     1.3549    83.3870 9.5131e+01  -64.91188  -64.67144 345.720470      99.98 6.1877e+02   3181.625      76360         18  0.000e+00
      9.717      9.622    -0.4532  27.683969    -0.4616  27.688966     8.0339     8.0716     1.3622    83.3870 9.4862e+01  -64.91188  -64.67144 345.720471      99.93 6.1877e+02   3181.667      76361         18  0.000e+00
      9.765      9.669    -0.4374  27.693668    -0.4505  27.693394     8.0243     8.0742     1.3622    83.3870 9.4594e+01  -64.91188  -64.67144 345.720471      99.95 6.1877e+02   3181.708      76362         18  0.000e+00
      9.854      9.757    -0.4301  27.716517    -0.4346  27.701522     8.0255     8.0712     1.3622    83.3870 9.4327e+01  -64.91188  -64.67144 345.720472      99.98 6.1877e+02   3181.750      76363         18  0.000e+00
      9.868      9.771    -0.4177  27.732308    -0.4277  27.716662     8.0216     8.0692     1.3696    83.3613 9.4060e+01  -64.91188  -64.67142 345.720472      99.98 6.1877e+02   3181.792      76364         18  0.000e+00
      9.820      9.724    -0.4118  27.740463    -0.4287  27.731637     8.0149     8.0688     1.3696    83.3870 9.3794e+01  -64.91188  -64.67142 345.720473      99.95 6.1877e+02   3181.833      76365         18  0.000e+00
      9.909      9.812    -0.4038  27.753904    -0.4204  27.734160     8.0178     8.0622     1.3696    83.3870 9.3529e+01  -64.91188  -64.67142 345.720473      99.95 6.1877e+02   3181.875      76366         18  0.000e+00
      9.916      9.818    -0.3951  27.763153    -0.4044  27.737300     8.0149     8.0588     1.3696    83.3870 9.3529e+01  -64.91188  -64.67142 345.720474      99.95 6.1877e+02   3181.917      76367         18  0.000e+00
      9.916      9.818    -0.3932  27.775794    -0.3943  27.751212     8.0130     8.0602     1.3696    83.3870 9.3264e+01  -64.91188  -64.67142 345.720474      99.98 6.1877e+02   3181.958      76368         18  0.000e+00
      9.957      9.859    -0.3940  27.779989    -0.3851  27.770851     8.0135     8.0578     1.3696    83.3613 9.3001e+01  -64.91188  -64.67142 345.720475      99.98 6.1877e+02   3182.000      76369         18  0.000e+00
     10.018      9.920    -0.3955  27.778955    -0.3897  27.788139     8.0202     8.0573     1.3696    83.3870 9.2738e+01  -64.91188  -64.67142 345.720475      99.98 6.1877e+02   3182.042      76370         18  0.000e+00
     10.005      9.907    -0.3966  27.775277    -0.4054  27.787186     8.0211     8.0601     1.3696    83.3613 9.2738e+01  -64.91188  -64.67142 345.720476      99.98 6.1877e+02   3182.083      76371         18  0.000e+00
     10.018      9.920    -0.3960  27.771542    -0.4153  27.763503     8.0157     8.0637     1.3696    83.3870 9.2475e+01  -64.91188  -64.67142 345.720476      99.98 6.1877e+02   3182.125      76372         18  0.000e+00
     10.073      9.974    -0.3937  27.769990    -0.4206  27.746502     8.0142     8.0659     1.3696    83.3613 9.2475e+01  -64.91188  -64.67142 345.720476      99.93 6.1877e+02   3182.167      76373         18  0.000e+00
     10.060      9.961    -0.3924  27.772346    -0.4277  27.740220     8.0196     8.0730     1.3696    83.3870 9.2214e+01  -64.91188  -64.67142 345.720477      99.95 6.1877e+02   3182.208      76374         18  0.000e+00
     10.162     10.062    -0.3765  27.790793    -0.4162  27.745212     8.0773     8.0979     1.4208    84.0308 9.1434e+01  -64.91188  -64.67142 345.720499      99.98 6.1701e+02   3184.125      76420         19  0.000e+00
     10.272     10.171    -0.3771  27.791598    -0.4234  27.746503     8.0699     8.0987     1.4208    84.0308 9.1693e+01  -64.91188  -64.67142 345.720500      99.93 6.1701e+02   3184.167      76421         19  0.000e+00
     10.121     10.022    -0.3785  27.792402    -0.4259  27.745156     8.0665     8.0984     1.4208    84.0308 9.1953e+01  -64.91188  -64.67142 345.720500      99.95 6.1701e+02   3184.208      76422         19  0.000e+00
     10.210     10.110    -0.3831  27.792115    -0.4202  27.737639     8.0652     8.0980     1.4208    84.0308 9.2475e+01  -64.91188  -64.67142 345.720501      99.98 6.1701e+02   3184.250      76423         19  0.000e+00
     10.224     10.123    -0.3968  27.787633    -0.4158  27.741509     8.0714     8.0915     1.4282    84.0308 9.2475e+01  -64.91188  -64.67142 345.720501      99.98 6.1701e+02   3184.292      76424         19  0.000e+00
