NBP2113_155081_ctd/data/nbp2113_036.ros
* Sea-Bird SBE 9 Data File:
* FileName = D:\Data\raw\NBP2113_036.hex
* Software Version Seasave V 7.26.7.121
* Temperature SN = 2438
* Conductivity SN = 2067
* Number of Bytes Per Scan = 40
* Number of Voltage Words = 5
* Number of Scans Averaged by the Deck Unit = 1
* NMEA Latitude = 64 56.01 S
* NMEA Longitude = 064 24.02 W
* NMEA UTC (Time) = Dec 09 2021  08:52:43
* NMEA baud rate = 9600
** Ship: RVIB N.B. Palmer
** Cruise: NBP2113 LTER
** Station: 600.040
** Operator: B. Urmston
# nquan = 20
# nvalues = 1114                                  
# units = specified
# name 0 = prDM: Pressure, Digiquartz [db]
# name 1 = depSM: Depth [salt water, m]
# name 2 = t090C: Temperature [ITS-90, deg C]
# name 3 = c0mS/cm: Conductivity [mS/cm]
# name 4 = t190C: Temperature, 2 [ITS-90, deg C]
# name 5 = c1mS/cm: Conductivity, 2 [mS/cm]
# name 6 = sbeox0ML/L: Oxygen, SBE 43 [ml/l]
# name 7 = sbeox1ML/L: Oxygen, SBE 43, 2 [ml/l]
# name 8 = flECO-AFL: Fluorescence, WET Labs ECO-AFL/FL [mg/m^3]
# name 9 = CStarTr0: Beam Transmission, WET Labs C-Star [%]
# name 10 = par: PAR/Irradiance, Biospherical/Licor
# name 11 = latitude: Latitude [deg]
# name 12 = longitude: Longitude [deg]
# name 13 = timeJ: Julian Days
# name 14 = altM: Altimeter [m]
# name 15 = spar: SPAR, Biospherical/Licor
# name 16 = timeS: Time, Elapsed [seconds]
# name 17 = scan: Scan Count
# name 18 = nbf: Bottles Fired
# name 19 = flag:  0.000e+00
# interval = seconds: 0.0416667
# start_time = Dec 09 2021 08:52:43 [NMEA time, header]
# bad_flag = -9.990e-29
*END*
[from data line 1014]
      3.567      3.532    -0.8671  27.244489    -0.8664  27.246986     8.1225     8.0329     1.3696    87.9190 1.0775e+02  -64.93360  -64.39998 343.420975      99.98 2.6796e+02   4409.250     105823         22  0.000e+00
      3.567      3.532    -0.8658  27.246087    -0.8665  27.246708     8.1421     8.0335     1.3622    87.9190 1.0836e+02  -64.93360  -64.39998 343.420976      99.95 2.6796e+02   4409.292     105824         22  0.000e+00
      3.513      3.478    -0.8646  27.246315    -0.8664  27.246206     8.1583     8.0339     1.3696    87.9190 1.0866e+02  -64.93360  -64.39998 343.420976      99.93 2.6796e+02   4409.333     105825         22  0.000e+00
      3.554      3.519    -0.8634  27.246885    -0.8667  27.246206     8.1606     8.0345     1.3696    87.9190 1.0928e+02  -64.93360  -64.39998 343.420977      99.95 2.6796e+02   4409.375     105826         22  0.000e+00
      3.465      3.431    -0.8626  27.247570    -0.8668  27.246206     8.1606     8.0348     1.3696    87.9190 1.0990e+02  -64.93360  -64.39998 343.420977      99.98 2.6796e+02   4409.417     105827         22  0.000e+00
      3.410      3.377    -0.8620  27.248597    -0.8670  27.245927     8.1658     8.0351     1.3696    87.9190 1.1021e+02  -64.93360  -64.39998 343.420978      99.98 2.6796e+02   4409.458     105828         22  0.000e+00
      3.362      3.329    -0.8615  27.249738    -0.8668  27.245927     8.1836     8.0354     1.3696    87.9190 1.1084e+02  -64.93360  -64.39998 343.420978      99.98 2.6796e+02   4409.500     105829         22  0.000e+00
      3.355      3.323    -0.8613  27.250194    -0.8665  27.245927     8.1904     8.0356     1.3696    87.9190 1.1115e+02  -64.93360  -64.39998 343.420978      99.98 2.6796e+02   4409.542     105830         22  0.000e+00
      3.314      3.282    -0.8607  27.250251    -0.8668  27.246986     8.2021     8.0358     1.3696    87.9190 1.1147e+02  -64.93360  -64.39998 343.420979      99.98 2.6796e+02   4409.583     105831         22  0.000e+00
      3.314      3.282    -0.8606  27.250422    -0.8667  27.246986     8.2160     8.0360     1.3696    87.9190 1.1178e+02  -64.93360  -64.39998 343.420979      99.95 2.6796e+02   4409.625     105832         22  0.000e+00
      3.260      3.228    -0.8610  27.250765    -0.8656  27.247487     8.2495     8.0359     1.3696    87.9190 1.1210e+02  -64.93360  -64.39998 343.420980      99.95 2.6796e+02   4409.667     105833         22  0.000e+00
      3.205      3.173    -0.8620  27.250936    -0.8655  27.247487     8.2581     8.0360     1.3696    87.9190 1.1210e+02  -64.93360  -64.39998 343.420980      99.98 2.6796e+02   4409.708     105834         22  0.000e+00
      3.157      3.126    -0.8632  27.251050    -0.8653  27.248768     8.2572     8.0359     1.3696    87.9190 1.1210e+02  -64.93360  -64.39998 343.420981      99.98 2.6796e+02   4409.750     105835         22  0.000e+00
      3.109      3.079    -0.8646  27.251963    -0.8657  27.249827     8.2584     8.0359     1.3696    87.9190 1.1210e+02  -64.93360  -64.39996 343.420981      99.95 2.6796e+02   4409.792     105836         22  0.000e+00
      3.054      3.024    -0.8657  27.251278    -0.8666  27.250607     8.2647     8.0360     1.3696    87.9190 1.1210e+02  -64.93360  -64.39996 343.420982      99.93 2.6796e+02   4409.833     105837         22  0.000e+00
      3.007      2.977    -0.8659  27.252533    -0.8672  27.249827     8.2700     8.0361     1.3696    87.8932 1.1210e+02  -64.93360  -64.39996 343.420982      99.95 2.6796e+02   4409.875     105838         22  0.000e+00
      3.048      3.018    -0.8661  27.252591    -0.8674  27.247988     8.2864     8.0363     1.3696    87.9190 1.1210e+02  -64.93360  -64.39996 343.420983      99.95 2.6796e+02   4409.917     105839         22  0.000e+00
      2.959      2.930    -0.8653  27.251791    -0.8674  27.247486     8.3197     8.0369     1.3696    87.9190 1.1305e+02  -64.93360  -64.39996 343.420984      99.98 2.6796e+02   4410.000     105841         23  0.000e+00
      2.801      2.774    -0.8648  27.250707    -0.8674  27.247207     8.3246     8.0366     1.3696    87.9190 1.1402e+02  -64.93360  -64.39996 343.420984      99.98 2.6796e+02   4410.042     105842         23  0.000e+00
      2.904      2.875    -0.8646  27.249908    -0.8673  27.246204     8.3241     8.0365     1.3696    87.9190 1.1499e+02  -64.93360  -64.39996 343.420985      99.98 2.6796e+02   4410.083     105843         23  0.000e+00
      2.699      2.672    -0.8648  27.248938    -0.8669  27.245424     8.3280     8.0360     1.3696    87.9190 1.1663e+02  -64.93360  -64.39996 343.420985      99.95 2.6796e+02   4410.125     105844         23  0.000e+00
      2.801      2.774    -0.8653  27.248082    -0.8672  27.245201     8.3548     8.0359     1.3476    87.9190 1.1795e+02  -64.93360  -64.39996 343.420986      99.95 2.6796e+02   4410.167     105845         23  0.000e+00
      2.651      2.625    -0.8656  27.246598    -0.8674  27.244142     8.3664     8.0355     1.2890    87.9190 1.1963e+02  -64.93360  -64.39996 343.420986      99.98 2.6796e+02   4410.208     105846         23  0.000e+00
      2.651      2.625    -0.8655  27.245742    -0.8676  27.244421     8.3837     8.0352     1.2743    87.8932 1.2168e+02  -64.93360  -64.39996 343.420987      99.98 2.6796e+02   4410.250     105847         23  0.000e+00
      2.644      2.618    -0.8654  27.245571    -0.8672  27.243863     8.4022     8.0347     1.2817    87.9190 1.2341e+02  -64.93360  -64.39996 343.420987      99.95 2.6796e+02   4410.292     105848         23  0.000e+00
      2.500      2.476    -0.8656  27.245742    -0.8676  27.243863     8.4053     8.0342     1.2817    87.9190 1.2552e+02  -64.93360  -64.39996 343.420988      99.93 2.6796e+02   4410.333     105849         23  0.000e+00
      2.548      2.523    -0.8663  27.245799    -0.8681  27.244142     8.4189     8.0338     1.2817    87.8932 1.2767e+02  -64.93360  -64.39996 343.420988      99.95 2.6796e+02   4410.375     105850         23  0.000e+00
      2.500      2.476    -0.8663  27.245514    -0.8681  27.244420     8.4291     8.0333     1.2817    87.9190 1.2948e+02  -64.93360  -64.39996 343.420989      99.98 2.6796e+02   4410.417     105851         23  0.000e+00
      2.452      2.428    -0.8663  27.245799    -0.8684  27.243361     8.4363     8.0328     1.2817    87.9190 1.3133e+02  -64.93360  -64.39996 343.420989      99.98 2.6796e+02   4410.458     105852         23  0.000e+00
      2.391      2.367    -0.8666  27.246826    -0.8702  27.243640     8.4302     8.0324     1.2817    87.9190 1.3282e+02  -64.93360  -64.39996 343.420990      99.98 2.6796e+02   4410.500     105853         23  0.000e+00
      2.350      2.327    -0.8681  27.247396    -0.8725  27.243083     8.4188     8.0323     1.2817    87.9190 1.3395e+02  -64.93360  -64.39996 343.420990      99.98 2.6796e+02   4410.542     105854         23  0.000e+00
      2.350      2.327    -0.8703  27.247568    -0.8737  27.240520     8.4284     8.0320     1.2817    87.9190 1.3433e+02  -64.93360  -64.39996 343.420991      99.98 2.6796e+02   4410.583     105855         23  0.000e+00
      2.295      2.273    -0.8707  27.245285    -0.8739  27.238235     8.4333     8.0324     1.2817    87.9190 1.3433e+02  -64.93360  -64.39996 343.420991      99.95 2.6796e+02   4410.625     105856         23  0.000e+00
      2.247      2.225    -0.8707  27.243459    -0.8740  27.237956     8.4290     8.0317     1.2817    87.9190 1.3357e+02  -64.93360  -64.39996 343.420992      99.95 2.6796e+02   4410.667     105857         23  0.000e+00
      2.193      2.171    -0.8721  27.243459    -0.8741  27.238235     8.4148     8.0318     1.2817    87.9190 1.3282e+02  -64.93360  -64.39996 343.420992      99.98 2.6972e+02   4410.708     105858         23  0.000e+00
      2.199      2.178    -0.8740  27.242889    -0.8735  27.238235     8.3967     8.0319     1.2817    87.9190 1.3244e+02  -64.93360  -64.39996 343.420992      99.98 2.6796e+02   4410.750     105859         23  0.000e+00
      2.145      2.124    -0.8751  27.240321    -0.8730  27.238959     8.3865     8.0309     1.2817    87.9190 1.3244e+02  -64.93360  -64.39994 343.420993      99.98 2.6796e+02   4410.792     105860         23  0.000e+00
      2.145      2.124    -0.8761  27.238495    -0.8727  27.239237     8.3795     8.0301     1.2817    87.9190 1.3244e+02  -64.93360  -64.39994 343.420993      99.93 2.6796e+02   4410.833     105861         23  0.000e+00
      2.042      2.022    -0.8766  27.237240    -0.8733  27.238959     8.3712     8.0302     1.2817    87.9190 1.3282e+02  -64.93360  -64.39994 343.420994      99.95 2.6796e+02   4410.875     105862         23  0.000e+00
      2.035      2.015    -0.8770  27.236441    -0.8742  27.238457     8.3693     8.0296     1.2817    87.9190 1.3320e+02  -64.93360  -64.39994 343.420994      99.98 2.6796e+02   4410.917     105863         23  0.000e+00
      2.042      2.022    -0.8769  27.235643    -0.8757  27.237176     8.3662     8.0292     1.2817    87.9190 1.3357e+02  -64.93360  -64.39994 343.420995      99.98 2.6796e+02   4410.958     105864         23  0.000e+00
      1.946      1.927    -0.8765  27.235928    -0.8761  27.236396     8.3368     8.0292     1.2817    87.9447 1.3471e+02  -64.93360  -64.39994 343.420995      99.98 2.6972e+02   4411.000     105865         23  0.000e+00
      1.994      1.975    -0.8758  27.235414    -0.8757  27.235393     8.3038     8.0293     1.2817    87.9190 1.3624e+02  -64.93360  -64.39994 343.420996      99.98 2.6972e+02   4411.042     105866         23  0.000e+00
      1.892      1.873    -0.8754  27.236156    -0.8757  27.235838     8.2832     8.0283     1.2817    87.9190 1.3779e+02  -64.93360  -64.39994 343.420996      99.98 2.6972e+02   4411.083     105867         23  0.000e+00
      1.940      1.921    -0.8752  27.237240    -0.8753  27.236674     8.2593     8.0273     1.2817    87.9190 1.3935e+02  -64.93360  -64.39994 343.420997      99.95 2.6972e+02   4411.125     105868         23  0.000e+00
      1.844      1.826    -0.8749  27.237468    -0.8757  27.236674     8.2180     8.0272     1.2817    87.9190 1.4134e+02  -64.93360  -64.39994 343.420997      99.95 2.6972e+02   4411.167     105869         23  0.000e+00
      1.844      1.826    -0.8749  27.237981    -0.8771  27.236674     8.1896     8.0274     1.2817    87.9190 1.4335e+02  -64.93360  -64.39994 343.420998      99.98 2.6972e+02   4411.208     105870         23  0.000e+00
      1.844      1.826    -0.8746  27.238266    -0.8785  27.235894     8.1681     8.0277     1.2670    87.9447 1.4580e+02  -64.93360  -64.39994 343.420998      99.98 2.6972e+02   4411.250     105871         23  0.000e+00
      1.789      1.772    -0.8738  27.238780    -0.8789  27.233832     8.1476     8.0279     1.1571    87.9447 1.4871e+02  -64.93360  -64.39994 343.420999      99.95 2.6972e+02   4411.292     105872         23  0.000e+00
      1.789      1.772    -0.8735  27.239008    -0.8785  27.232997     8.1226     8.0334     1.0912    87.9447 1.5125e+02  -64.93360  -64.39994 343.420999      99.93 2.6972e+02   4411.333     105873         23  0.000e+00
      1.782      1.765    -0.8733  27.238494    -0.8767  27.233554     8.1035     8.0338     1.0912    87.9447 1.5383e+02  -64.93360  -64.39994 343.421000      99.95 2.6972e+02   4411.375     105874         23  0.000e+00
      1.741      1.724    -0.8730  27.239008    -0.8750  27.235392     8.0769     8.0285     1.0985    87.9447 1.5602e+02  -64.93360  -64.39994 343.421000      99.98 2.6972e+02   4411.417     105875         24  0.000e+00
      1.741      1.724    -0.8733  27.239293    -0.8746  27.237175     8.0417     8.0282     1.0985    87.9447 1.5779e+02  -64.93360  -64.39994 343.421001      99.98 2.6972e+02   4411.458     105876         24  0.000e+00
      1.789      1.772    -0.8735  27.239521    -0.8744  27.237955     8.0096     8.0280     1.0985    87.9447 1.5869e+02  -64.93360  -64.39994 343.421001      99.98 2.6972e+02   4411.500     105877         24  0.000e+00
      1.693      1.677    -0.8742  27.239293    -0.8744  27.238233     7.9850     8.0278     1.0985    87.9447 1.5959e+02  -64.93360  -64.39994 343.421002      99.98 2.6972e+02   4411.542     105878         24  0.000e+00
      1.687      1.670    -0.8742  27.239293    -0.8751  27.237955     7.9664     8.0278     1.0985    87.9447 1.5959e+02  -64.93360  -64.39994 343.421002      99.98 2.6972e+02   4411.583     105879         24  0.000e+00
      1.693      1.677    -0.8745  27.239065    -0.8754  27.237676     7.9390     8.0278     1.0985    87.9447 1.5914e+02  -64.93360  -64.39994 343.421003      99.95 2.6972e+02   4411.625     105880         24  0.000e+00
      1.693      1.677    -0.8745  27.238779    -0.8752  27.237453     7.9119     8.0276     1.0985    87.9447 1.5824e+02  -64.93360  -64.39994 343.421003      99.95 2.6972e+02   4411.667     105881         24  0.000e+00
      1.741      1.724    -0.8746  27.238494    -0.8753  27.237955     7.8836     8.0276     1.0985    87.9447 1.5690e+02  -64.93360  -64.39994 343.421004      99.98 2.6972e+02   4411.708     105882         24  0.000e+00
      1.639      1.623    -0.8743  27.238494    -0.8754  27.237676     7.8575     8.0274     1.0985    87.9447 1.5602e+02  -64.93360  -64.39994 343.421004      99.98 2.6972e+02   4411.750     105883         24  0.000e+00
      1.734      1.717    -0.8733  27.238494    -0.8753  27.237676     7.8220     8.0274     1.0985    87.9447 1.5471e+02  -64.93358  -64.39994 343.421005      99.95 2.6972e+02   4411.792     105884         24  0.000e+00
      1.639      1.623    -0.8722  27.239007    -0.8746  27.237453     7.7887     8.0270     1.0985    87.9190 1.5427e+02  -64.93358  -64.39994 343.421005      99.93 2.6972e+02   4411.833     105885         24  0.000e+00
      1.693      1.677    -0.8714  27.241118    -0.8735  27.238233     7.7547     8.0323     1.0985    87.9447 1.5383e+02  -64.93358  -64.39994 343.421005      99.95 2.6972e+02   4411.875     105886         24  0.000e+00
      1.693      1.677    -0.8714  27.242659    -0.8722  27.239236     7.7320     8.0271     1.0985    87.9447 1.5383e+02  -64.93358  -64.39994 343.421006      99.98 2.6972e+02   4411.917     105887         24  0.000e+00
      1.693      1.677    -0.8714  27.242659    -0.8726  27.240518     7.7144     8.0269     1.0985    87.9447 1.5383e+02  -64.93358  -64.39994 343.421006      99.98 2.6972e+02   4411.958     105888         24  0.000e+00
      1.694      1.677    -0.8718  27.241860    -0.8730  27.241019     7.6975     8.0278     1.0985    87.9447 1.5427e+02  -64.93358  -64.39994 343.421007      99.98 2.6972e+02   4412.000     105889         24  0.000e+00
      1.632      1.616    -0.8709  27.241403    -0.8733  27.240295     7.6767     8.0277     1.0985    87.9447 1.5427e+02  -64.93358  -64.39994 343.421007      99.98 2.6972e+02   4412.042     105890         24  0.000e+00
      1.694      1.677    -0.8704  27.242145    -0.8735  27.239738     7.6616     8.0277     1.0985    87.9190 1.5514e+02  -64.93358  -64.39994 343.421008      99.98 2.6972e+02   4412.083     105891         24  0.000e+00
      1.639      1.623    -0.8712  27.243229    -0.8736  27.239236     7.6461     8.0332     1.0985    87.9190 1.5602e+02  -64.93358  -64.39994 343.421008      99.95 2.6972e+02   4412.125     105892         24  0.000e+00
      1.639      1.623    -0.8719  27.243172    -0.8733  27.239515     7.6317     8.0283     1.0985    87.9190 1.5690e+02  -64.93358  -64.39994 343.421009      99.95 2.6972e+02   4412.167     105893         24  0.000e+00
      1.639      1.623    -0.8712  27.242145    -0.8727  27.239738     7.6121     8.0280     1.0985    87.9190 1.5779e+02  -64.93358  -64.39994 343.421009      99.98 2.6972e+02   4412.208     105894         24  0.000e+00
