NBP2113_155081_ctd/data/nbp2113_010.ros
* Sea-Bird SBE 9 Data File:
* FileName = D:\Data\raw\NBP2113_010.hex
* Software Version Seasave V 7.26.7.121
* Temperature SN = 2438
* Conductivity SN = 2067
* Number of Bytes Per Scan = 40
* Number of Voltage Words = 5
* Number of Scans Averaged by the Deck Unit = 1
* NMEA Latitude = 64 34.40 S
* NMEA Longitude = 065 21.00 W
* NMEA UTC (Time) = Nov 25 2021  20:37:57
* NMEA baud rate = 9600
** Ship: RVIB N.B. Palmer
** Cruise: NBP2113 LTER
** Station: 600.100
** Operator: S. Blackman
# nquan = 20
# nvalues = 1162                                  
# units = specified
# name 0 = prDM: Pressure, Digiquartz [db]
# name 1 = depSM: Depth [salt water, m]
# name 2 = t090C: Temperature [ITS-90, deg C]
# name 3 = c0mS/cm: Conductivity [mS/cm]
# name 4 = t190C: Temperature, 2 [ITS-90, deg C]
# name 5 = c1mS/cm: Conductivity, 2 [mS/cm]
# name 6 = sbeox0ML/L: Oxygen, SBE 43 [ml/l]
# name 7 = sbeox1ML/L: Oxygen, SBE 43, 2 [ml/l]
# name 8 = flECO-AFL: Fluorescence, WET Labs ECO-AFL/FL [mg/m^3]
# name 9 = CStarTr0: Beam Transmission, WET Labs C-Star [%]
# name 10 = par: PAR/Irradiance, Biospherical/Licor
# name 11 = latitude: Latitude [deg]
# name 12 = longitude: Longitude [deg]
# name 13 = timeJ: Julian Days
# name 14 = altM: Altimeter [m]
# name 15 = spar: SPAR, Biospherical/Licor
# name 16 = timeS: Time, Elapsed [seconds]
# name 17 = scan: Scan Count
# name 18 = nbf: Bottles Fired
# name 19 = flag:  0.000e+00
# interval = seconds: 0.0416667
# start_time = Nov 25 2021 20:37:57 [NMEA time, header]
# bad_flag = -9.990e-29
*END*
[from data line 435]
     85.785     84.929    -0.3887  28.126825    -0.4140  28.093207     7.0644     6.9476     0.3073    95.5924 1.4935e-01  -64.57442  -65.34646 329.884070      99.98 3.5081e+02   2106.625      50560          9  0.000e+00
     85.737     84.882    -0.3895  28.125324    -0.4142  28.093263     7.0628     6.9457     0.3146    95.5924 1.4935e-01  -64.57442  -65.34646 329.884070      99.98 3.5081e+02   2106.667      50561          9  0.000e+00
     85.737     84.882    -0.3904  28.123823    -0.4136  28.094052     7.0713     6.9441     0.3219    95.5924 1.4935e-01  -64.57442  -65.34646 329.884071      99.98 3.5081e+02   2106.708      50562          9  0.000e+00
     85.717     84.862    -0.3918  28.121918    -0.4130  28.094446     7.0707     6.9477     0.3219    95.5924 1.4935e-01  -64.57442  -65.34646 329.884071      99.98 3.5081e+02   2106.750      50563          9  0.000e+00
     85.683     84.828    -0.3928  28.120590    -0.4133  28.094559     7.0695     6.9474     0.3146    95.5924 1.4935e-01  -64.57442  -65.34646 329.884072      99.95 3.5081e+02   2106.792      50564          9  0.000e+00
     85.737     84.882    -0.3943  28.119321    -0.4135  28.094559     7.0696     6.9468     0.3219    95.5924 1.4935e-01  -64.57442  -65.34646 329.884072      99.95 3.5081e+02   2106.833      50565          9  0.000e+00
     85.686     84.831    -0.4089  28.098601    -0.3945  28.114287     7.0798     6.9785     0.2926    95.5151 1.5166e-01  -64.57442  -65.34644 329.884157      99.98 3.5081e+02   2114.125      50740         10  0.000e+00
     85.665     84.811    -0.4089  28.098774    -0.3926  28.115696     7.0809     6.9782     0.2853    95.5151 1.5166e-01  -64.57442  -65.34644 329.884157      99.98 3.5081e+02   2114.167      50741         10  0.000e+00
     85.741     84.885    -0.4092  28.098370    -0.3930  28.115697     7.0776     6.9776     0.2853    95.5151 1.5166e-01  -64.57442  -65.34644 329.884158      99.98 3.5081e+02   2114.208      50742         10  0.000e+00
     85.741     84.885    -0.4091  28.098255    -0.3930  28.115809     7.0800     6.9776     0.2926    95.5151 1.5166e-01  -64.57442  -65.34644 329.884158      99.98 3.5081e+02   2114.250      50743         10  0.000e+00
     85.686     84.831    -0.4089  28.097851    -0.3932  28.115696     7.0792     6.9831     0.3513    95.5151 1.5166e-01  -64.57442  -65.34644 329.884158      99.95 3.5081e+02   2114.292      50744         10  0.000e+00
     85.768     84.912    -0.4092  28.097909    -0.3929  28.115415     7.0784     6.9839     0.3879    95.5151 1.5166e-01  -64.57442  -65.34644 329.884159      99.95 3.5081e+02   2114.333      50745         10  0.000e+00
     85.741     84.885    -0.4094  28.097793    -0.3940  28.114174     7.0820     6.9794     0.3952    95.5151 1.5166e-01  -64.57442  -65.34644 329.884159      99.98 3.5081e+02   2114.375      50746         10  0.000e+00
     85.789     84.933    -0.4097  28.097505    -0.3955  28.112427     7.0868     6.9851     0.3952    95.5151 1.5166e-01  -64.57442  -65.34644 329.884160      99.98 3.5081e+02   2114.417      50747         10  0.000e+00
     85.741     84.885    -0.4102  28.097447    -0.3958  28.112314     7.0854     6.9858     0.3879    95.5151 1.5166e-01  -64.57442  -65.34644 329.884160      99.98 3.5081e+02   2114.458      50748         10  0.000e+00
     85.823     84.967    -0.4106  28.096236    -0.3962  28.111469     7.0795     6.9865     0.3879    95.4894 1.5166e-01  -64.57442  -65.34644 329.884161      99.98 3.5081e+02   2114.500      50749         10  0.000e+00
     85.789     84.933    -0.4118  28.094677    -0.3974  28.109778     7.0838     6.9872     0.3879    95.4894 1.5166e-01  -64.57442  -65.34644 329.884161      99.98 3.5081e+02   2114.542      50750         10  0.000e+00
     85.837     84.980    -0.4134  28.093466    -0.4003  28.106734     7.0849     6.9884     0.3879    95.4894 1.5166e-01  -64.57442  -65.34644 329.884162      99.98 3.5081e+02   2114.583      50751         10  0.000e+00
     85.892     85.035    -0.4136  28.093408    -0.4026  28.104085     7.0856     6.9893     0.3952    95.4894 1.5166e-01  -64.57442  -65.34644 329.884162      99.95 3.5081e+02   2114.625      50752         10  0.000e+00
     85.823     84.967    -0.4125  28.094678    -0.4036  28.101886     7.0871     6.9898     0.3952    95.4894 1.5166e-01  -64.57442  -65.34644 329.884163      99.98 3.5081e+02   2114.667      50753         10  0.000e+00
     85.892     85.035    -0.4115  28.095832    -0.4052  28.100026     7.0813     6.9904     0.3879    95.4894 1.5166e-01  -64.57442  -65.34644 329.884163      99.98 3.5081e+02   2114.708      50754         10  0.000e+00
     85.892     85.035    -0.4112  28.095543    -0.4067  28.099350     7.0860     6.9908     0.3952    95.4894 1.5166e-01  -64.57442  -65.34644 329.884164      99.98 3.5081e+02   2114.750      50755         10  0.000e+00
     85.837     84.980    -0.4121  28.094562    -0.4050  28.102619     7.0861     6.9903     0.3952    95.4894 1.5166e-01  -64.57442  -65.34644 329.884164      99.98 3.5081e+02   2114.792      50756         10  0.000e+00
     86.077     85.218    -0.4120  28.094678    -0.4025  28.106115     7.0862     6.9899     0.3879    95.4894 1.5166e-01  -64.57442  -65.34644 329.884165      99.95 3.5081e+02   2114.833      50757         10  0.000e+00
     85.940     85.082    -0.4118  28.094966    -0.4025  28.105550     7.0871     6.9952     0.3879    95.4894 1.4935e-01  -64.57442  -65.34644 329.884165      99.98 3.5081e+02   2114.875      50758         10  0.000e+00
     86.043     85.184    -0.4111  28.095659    -0.4058  28.101323     7.1011     6.9912     0.3879    95.4894 1.4935e-01  -64.57442  -65.34644 329.884166      99.98 3.5081e+02   2114.917      50759         10  0.000e+00
     85.974     85.116    -0.4110  28.096063    -0.4102  28.096307     7.1001     6.9974     0.3879    95.4894 1.4935e-01  -64.57442  -65.34644 329.884166      99.98 3.5081e+02   2114.958      50760         10  0.000e+00
     86.091     85.231    -0.4110  28.096294    -0.4136  28.092869     7.0964     6.9988     0.3879    95.4894 1.4935e-01  -64.57442  -65.34644 329.884167      99.98 3.5081e+02   2115.000      50761         10  0.000e+00
     86.043     85.184    -0.4109  28.096756    -0.4149  28.090615     7.0954     6.9995     0.3879    95.4894 1.4935e-01  -64.57442  -65.34644 329.884167      99.98 3.5081e+02   2115.042      50762         10  0.000e+00
     86.091     85.231    -0.4106  28.097102    -0.4171  28.087459     7.0958     7.0003     0.3879    95.4894 1.4935e-01  -64.57442  -65.34644 329.884168      99.98 3.5081e+02   2115.083      50763         10  0.000e+00
     86.125     85.265    -0.4106  28.096352    -0.4189  28.085600     7.1006     7.0009     0.3879    95.4894 1.4935e-01  -64.57442  -65.34644 329.884168      99.95 3.5081e+02   2115.125      50764         10  0.000e+00
     86.145     85.286    -0.4111  28.095313    -0.4190  28.086670     7.1007     7.0009     0.3879    95.4894 1.4935e-01  -64.57442  -65.34644 329.884169      99.98 3.5081e+02   2115.167      50765         10  0.000e+00
     86.193     85.333    -0.4118  28.094679    -0.4184  28.087178     7.1007     7.0008     0.3879    95.4894 1.4935e-01  -64.57442  -65.34644 329.884169      99.98 3.5081e+02   2115.208      50766         10  0.000e+00
     86.248     85.388    -0.4120  28.094736    -0.4194  28.086727     7.0988     7.0017     0.3879    95.4894 1.4935e-01  -64.57442  -65.34644 329.884170      99.98 3.5081e+02   2115.250      50767         10  0.000e+00
     86.228     85.367    -0.4118  28.095371    -0.4213  28.085656     7.0908     7.0028     0.3952    95.4894 1.4706e-01  -64.57442  -65.34644 329.884170      99.98 3.5081e+02   2115.292      50768         10  0.000e+00
     86.248     85.388    -0.4118  28.095602    -0.4220  28.084924     7.1038     7.0035     0.3879    95.5409 1.4706e-01  -64.57442  -65.34644 329.884171      99.95 3.5081e+02   2115.333      50769         10  0.000e+00
     86.296     85.435    -0.4138  28.093006    -0.4234  28.083572     7.1099     7.0044     0.3439    95.5666 1.4706e-01  -64.57442  -65.34644 329.884171      99.98 3.5081e+02   2115.375      50770         10  0.000e+00
     86.331     85.469    -0.4180  28.089717    -0.4243  28.082445     7.1121     7.0051     0.2853    95.5666 1.4706e-01  -64.57442  -65.34644 329.884171      99.98 3.5081e+02   2115.417      50771         10  0.000e+00
     86.351     85.489    -0.4219  28.087582    -0.4239  28.081543     7.1202     7.0055     0.2707    95.5924 1.4706e-01  -64.57442  -65.34644 329.884172      99.98 3.5081e+02   2115.458      50772         10  0.000e+00
     86.399     85.537    -0.4247  28.086082    -0.4229  28.082107     7.1329     7.0056     0.2707    95.5666 1.4706e-01  -64.57442  -65.34644 329.884172      99.98 3.5081e+02   2115.500      50773         10  0.000e+00
     86.399     85.537    -0.4267  28.084929    -0.4228  28.082219     7.1382     7.0058     0.2707    95.5666 1.4477e-01  -64.57442  -65.34644 329.884173      99.98 3.5081e+02   2115.542      50774         10  0.000e+00
     86.481     85.618    -0.4280  28.084294    -0.4231  28.081938     7.1392     7.0061     0.2707    95.5666 1.4477e-01  -64.57442  -65.34644 329.884173      99.98 3.5081e+02   2115.583      50775         10  0.000e+00
     86.447     85.584    -0.4290  28.084006    -0.4237  28.081882     7.1341     7.0053     0.2780    95.5666 1.4477e-01  -64.57442  -65.34644 329.884174      99.95 3.5081e+02   2115.625      50776         10  0.000e+00
     86.502     85.639    -0.4296  28.083948    -0.4250  28.082220     7.1319     7.0046     0.2707    95.5666 1.4477e-01  -64.57442  -65.34644 329.884174      99.98 3.5081e+02   2115.667      50777         10  0.000e+00
     86.550     85.686    -0.4302  28.083718    -0.4267  28.082389     7.1414     7.0039     0.2780    95.5666 1.4477e-01  -64.57442  -65.34644 329.884175      99.98 3.5081e+02   2115.708      50778         10  0.000e+00
     86.529     85.666    -0.4304  28.083833    -0.4285  28.082615     7.1401     7.0039     0.2780    95.5666 1.4477e-01  -64.57442  -65.34644 329.884175      99.98 3.5081e+02   2115.750      50779         10  0.000e+00
     86.605     85.740    -0.4306  28.083949    -0.4294  28.082840     7.1445     7.0038     0.2780    95.5666 1.4248e-01  -64.57442  -65.34644 329.884176      99.95 3.5081e+02   2115.792      50780         10  0.000e+00
     86.605     85.740    -0.4307  28.083487    -0.4301  28.083122     7.1454     7.0035     0.2707    95.5666 1.4248e-01  -64.57442  -65.34644 329.884176      99.95 3.5081e+02   2115.833      50781         10  0.000e+00
     86.632     85.768    -0.4312  28.083545    -0.4309  28.083179     7.1505     7.0031     0.2780    95.5666 1.4248e-01  -64.57442  -65.34644 329.884177      99.98 3.5081e+02   2115.875      50782         10  0.000e+00
     86.701     85.835    -0.4312  28.084007    -0.4313  28.083574     7.1506     7.0027     0.2780    95.5666 1.4248e-01  -64.57442  -65.34644 329.884177      99.98 3.5081e+02   2115.917      50783         10  0.000e+00
     86.653     85.788    -0.4316  28.084526    -0.4315  28.083912     7.1503     7.0020     0.2780    95.5666 1.4248e-01  -64.57442  -65.34644 329.884178      99.98 3.5081e+02   2115.958      50784         10  0.000e+00
     86.756     85.890    -0.4312  28.084872    -0.4317  28.084194     7.1525     7.0015     0.2707    95.5666 1.4248e-01  -64.57442  -65.34644 329.884178      99.98 3.5081e+02   2116.000      50785         10  0.000e+00
     86.735     85.869    -0.4314  28.084988    -0.4317  28.084419     7.1530     7.0007     0.2780    95.5666 1.4248e-01  -64.57442  -65.34644 329.884179      99.98 3.5081e+02   2116.042      50786         10  0.000e+00
     86.756     85.890    -0.4319  28.085334    -0.4320  28.084701     7.1590     6.9999     0.2780    95.5666 1.4020e-01  -64.57442  -65.34644 329.884179      99.98 3.5081e+02   2116.083      50787         10  0.000e+00
     86.804     85.937    -0.4319  28.085334    -0.4319  28.084814     7.1529     6.9999     0.2780    95.5666 1.4020e-01  -64.57442  -65.34644 329.884180      99.95 3.5081e+02   2116.125      50788         10  0.000e+00
     65.850     65.196    -0.2531  28.141482    -0.2425  28.146588     7.8552     7.7589     1.0106    92.8629 6.5831e-01  -64.57442  -65.34640 329.884878      99.98 3.4905e+02   2176.458      52236         11  0.000e+00
     65.754     65.102    -0.2533  28.141655    -0.2428  28.146757     7.8581     7.7595     1.0106    92.8629 6.5831e-01  -64.57442  -65.34640 329.884878      99.98 3.4905e+02   2176.500      52237         11  0.000e+00
     65.850     65.196    -0.2521  28.142175    -0.2428  28.146644     7.8566     7.7604     1.0106    92.8629 6.6205e-01  -64.57442  -65.34640 329.884879      99.98 3.4905e+02   2176.542      52238         11  0.000e+00
     65.755     65.102    -0.2507  28.142694    -0.2423  28.147377     7.8563     7.7609     1.0106    92.8629 6.6205e-01  -64.57442  -65.34640 329.884879      99.98 3.4905e+02   2176.583      52239         11  0.000e+00
     65.803     65.149    -0.2495  28.143040    -0.2415  28.147828     7.8492     7.7616     1.0106    92.8629 6.5831e-01  -64.57442  -65.34640 329.884880      99.95 3.4905e+02   2176.625      52240         11  0.000e+00
     65.850     65.197    -0.2490  28.143733    -0.2411  28.148110     7.8482     7.7624     1.0106    92.8629 6.5831e-01  -64.57442  -65.34640 329.884880      99.98 3.4905e+02   2176.667      52241         11  0.000e+00
     65.809     65.156    -0.2477  28.144946    -0.2402  28.148561     7.8458     7.7622     1.0106    92.8629 6.5831e-01  -64.57442  -65.34640 329.884881      99.98 3.4905e+02   2176.708      52242         11  0.000e+00
     65.803     65.149    -0.2450  28.146678    -0.2394  28.148505     7.8389     7.7566     0.9886    92.8629 6.5831e-01  -64.57442  -65.34640 329.884881      99.98 3.4905e+02   2176.750      52243         11  0.000e+00
     65.851     65.197    -0.2427  28.148121    -0.2390  28.149013     7.8396     7.7557     0.9154    92.9144 6.5831e-01  -64.57442  -65.34638 329.884882      99.95 3.4905e+02   2176.792      52244         11  0.000e+00
     65.803     65.149    -0.2406  28.148987    -0.2383  28.149576     7.8493     7.7602     0.8861    92.9659 6.5831e-01  -64.57442  -65.34638 329.884882      99.95 3.4905e+02   2176.833      52245         11  0.000e+00
     65.851     65.197    -0.2394  28.149854    -0.2374  28.149746     7.8597     7.7601     0.8861    92.9659 6.5831e-01  -64.57442  -65.34638 329.884883      99.98 3.4905e+02   2176.875      52246         11  0.000e+00
     65.810     65.156    -0.2389  28.149853    -0.2372  28.150310     7.8646     7.7610     0.8934    92.9659 6.5831e-01  -64.57442  -65.34638 329.884883      99.98 3.4905e+02   2176.917      52247         11  0.000e+00
     65.851     65.197    -0.2395  28.149623    -0.2365  28.150704     7.8630     7.7610     0.8934    92.9659 6.5831e-01  -64.57442  -65.34638 329.884884      99.98 3.4905e+02   2176.958      52248         11  0.000e+00
     65.851     65.197    -0.2400  28.149565    -0.2358  28.150592     7.8530     7.7610     0.8934    92.9659 6.5831e-01  -64.57442  -65.34638 329.884884      99.98 3.4729e+02   2177.000      52249         11  0.000e+00
     65.851     65.197    -0.2398  28.149738    -0.2357  28.150535     7.8477     7.7610     0.8934    92.9659 6.5831e-01  -64.57442  -65.34638 329.884885      99.98 3.4905e+02   2177.042      52250         11  0.000e+00
     65.858     65.204    -0.2398  28.149623    -0.2365  28.149915     7.8576     7.7559     0.8934    92.9659 6.5831e-01  -64.57442  -65.34638 329.884885      99.98 3.4905e+02   2177.083      52251         11  0.000e+00
