NBP2113_155081_ctd/data/nbp2113_058.cnv
* Sea-Bird SBE 9 Data File:
* FileName = D:\Data\raw\NBP2113_058.hex
* Software Version Seasave V 7.26.7.121
* Temperature SN = 2438
* Conductivity SN = 2067
* Number of Bytes Per Scan = 40
* Number of Voltage Words = 5
* Number of Scans Averaged by the Deck Unit = 1
* NMEA Latitude = 64 56.50 S
* NMEA Longitude = 064 28.63 W
* NMEA UTC (Time) = Dec 12 2021  02:31:22
* NMEA baud rate = 9600
** Ship: RVIB N.B. Palmer
** Cruise: NBP2113 LTER
** Station: 597.042
** Operator: S. Blackman
# nquan = 25
# nvalues = 2292                        
# units = specified
# name 0 = prDM: Pressure, Digiquartz [db]
# name 1 = depSM: Depth [salt water, m]
# name 2 = t090C: Temperature [ITS-90, deg C]
# name 3 = c0mS/cm: Conductivity [mS/cm]
# name 4 = t190C: Temperature, 2 [ITS-90, deg C]
# name 5 = c1mS/cm: Conductivity, 2 [mS/cm]
# name 6 = sbeox0ML/L: Oxygen, SBE 43 [ml/l]
# name 7 = sbeox1ML/L: Oxygen, SBE 43, 2 [ml/l]
# name 8 = flECO-AFL: Fluorescence, WET Labs ECO-AFL/FL [mg/m^3]
# name 9 = CStarTr0: Beam Transmission, WET Labs C-Star [%]
# name 10 = par: PAR/Irradiance, Biospherical/Licor
# name 11 = latitude: Latitude [deg]
# name 12 = longitude: Longitude [deg]
# name 13 = timeJ: Julian Days
# name 14 = altM: Altimeter [m]
# name 15 = spar: SPAR, Biospherical/Licor
# name 16 = timeS: Time, Elapsed [seconds]
# name 17 = scan: Scan Count
# name 18 = density00: Density [density, kg/m^3]
# name 19 = density11: Density, 2 [density, kg/m^3]
# name 20 = sal00: Salinity, Practical [PSU]
# name 21 = sal11: Salinity, Practical, 2 [PSU]
# name 22 = oxsolML/L: Oxygen Saturation, Garcia & Gordon [ml/l]
# name 23 = nbin: number of scans per bin
# name 24 = flag: flag
# span 0 =      1.000,   1148.000       
# span 1 =      0.991,   1133.622       
# span 2 =    -0.6686,     1.4843       
# span 3 =  27.430063,  30.582023       
# span 4 =    -0.6680,     1.4841       
# span 5 =  27.427957,  30.580881       
# span 6 =     4.0402,     9.6974       
# span 7 =     4.1004,     9.9460       
# span 8 =    -0.0227,     2.4104       
# span 9 =    80.2960,    91.2146       
# span 10 = 1.0000e-12, 2.2112e+00      
# span 11 =  -64.94192,  -64.94172      
# span 12 =  -64.47760,  -64.47527      
# span 13 = 346.108846, 346.147547      
# span 14 =       8.10,     104.56      
# span 15 = 0.0000e+00, 1.7629e+00      
# span 16 =    322.326,   3666.074      
# span 17 =       7737,      87987      
# span 18 =  1026.9999,  1033.1090      
# span 19 =  1026.9982,  1033.1080      
# span 20 =    33.5826,    34.6773      
# span 21 =    33.5809,    34.6759      
# span 22 =    7.72750,    8.23053      
# span 23 =          1,         67      
# span 24 = 0.0000e+00, 0.0000e+00      
# interval = decibars: 1                
# start_time = Dec 12 2021 02:31:22 [NMEA time, header]
# bad_flag = -9.990e-29
*END*
[from data line 1218]
   1074.000   1060.735     1.4773  30.544217     1.4772  30.543094     4.0573     4.1101    -0.0060    91.0299 1.0000e-12  -64.94188  -64.47585 346.129956      82.65 0.0000e+00   2146.185      51509  1032.7681  1032.7670    34.6767    34.6754    7.72890         27 0.0000e+00
   1073.000   1059.750     1.4772  30.543703     1.4771  30.542555     4.0545     4.1173    -0.0036    91.0349 1.0000e-12  -64.94188  -64.47582 346.130004      83.72 0.0000e+00   2150.376      51610  1032.7634  1032.7624    34.6767    34.6753    7.72892         26 0.0000e+00
   1072.000   1058.765     1.4772  30.543301     1.4770  30.542051     4.0534     4.1116    -0.0128    91.0347 1.0000e-12  -64.94188  -64.47582 346.130013      84.57 0.0000e+00   2151.099      51627  1032.7588  1032.7578    34.6767    34.6753    7.72891         19 0.0000e+00
   1071.000   1057.778     1.4772  30.542866     1.4771  30.541599     4.0514     4.1106    -0.0134    91.0347 1.0000e-12  -64.94188  -64.47583 346.130021      85.65 0.0000e+00   2151.849      51645  1032.7542  1032.7530    34.6767    34.6752    7.72892         18 0.0000e+00
   1070.000   1056.795     1.4771  30.542351     1.4770  30.541126     4.0557     4.1119    -0.0129    91.0347 1.0000e-12  -64.94188  -64.47584 346.130030      86.30 0.0000e+00   2152.569      51663  1032.7496  1032.7485    34.6767    34.6753    7.72894         17 0.0000e+00
   1069.000   1055.809     1.4769  30.541702     1.4768  30.540576     4.0595     4.1130    -0.0040    91.0347 1.0000e-12  -64.94188  -64.47584 346.130038      87.63 0.0000e+00   2153.278      51680  1032.7450  1032.7439    34.6767    34.6753    7.72898         17 0.0000e+00
   1068.000   1054.824     1.4768  30.541235     1.4767  30.539971     4.0541     4.1102    -0.0035    91.0268 1.0000e-12  -64.94188  -64.47584 346.130047      88.55 0.0000e+00   2154.031      51698  1032.7404  1032.7393    34.6767    34.6753    7.72900         19 0.0000e+00
   1067.000   1053.837     1.4768  30.540675     1.4766  30.539492     4.0544     4.1088    -0.0044    91.0276 1.0000e-12  -64.94188  -64.47583 346.130056      89.64 0.0000e+00   2154.872      51718  1032.7357  1032.7347    34.6766    34.6754    7.72901         22 0.0000e+00
   1066.000   1052.853     1.4768  30.540274     1.4766  30.539103     4.0581     4.1148    -0.0100    91.0352 1.0000e-12  -64.94188  -64.47582 346.130069      90.88 0.0000e+00   2155.949      51744  1032.7311  1032.7301    34.6766    34.6753    7.72901         31 0.0000e+00
   1065.000   1051.868     1.4767  30.539753     1.4765  30.538585     4.0583     4.1120    -0.0088    91.0234 1.0000e-12  -64.94188  -64.47580 346.130088      91.83 0.0000e+00   2157.565      51783  1032.7265  1032.7255    34.6766    34.6753    7.72903         39 0.0000e+00
   1064.000   1050.884     1.4766  30.539227     1.4765  30.538096     4.0504     4.1125     0.0024    91.0453 1.0000e-12  -64.94188  -64.47580 346.130105      92.80 0.0000e+00   2159.113      51820  1032.7219  1032.7208    34.6766    34.6753    7.72905         32 0.0000e+00
   1063.000   1049.898     1.4764  30.538664     1.4763  30.537474     4.0562     4.1128    -0.0094    91.0505 1.0000e-12  -64.94188  -64.47580 346.130119      93.83 0.0000e+00   2160.318      51849  1032.7173  1032.7162    34.6766    34.6752    7.72908         26 0.0000e+00
   1062.000   1048.913     1.4763  30.538120     1.4761  30.536944     4.0549     4.1133     0.0049    91.0594 1.0000e-12  -64.94188  -64.47580 346.130132      94.85 0.0000e+00   2161.366      51874  1032.7127  1032.7117    34.6766    34.6753    7.72910         24 0.0000e+00
   1061.000   1047.927     1.4761  30.537506     1.4759  30.536362     4.0619     4.1095    -0.0002    91.0419 1.0000e-12  -64.94188  -64.47580 346.130144      95.87 0.0000e+00   2162.424      51899  1032.7081  1032.7071    34.6767    34.6753    7.72915         27 0.0000e+00
   1060.000   1046.942     1.4761  30.537041     1.4759  30.535770     4.0597     4.1100     0.0001    91.0314 1.0000e-12  -64.94188  -64.47578 346.130162      96.95 0.0000e+00   2163.978      51936  1032.7035  1032.7024    34.6766    34.6752    7.72915         43 0.0000e+00
   1059.000   1045.958     1.4759  30.536503     1.4758  30.535294     4.0560     4.1090    -0.0151    91.0406 1.0000e-12  -64.94188  -64.47576 346.130186      97.94 0.0000e+00   2166.098      51987  1032.6989  1032.6978    34.6766    34.6752    7.72917         34 0.0000e+00
   1058.000   1044.971     1.4759  30.535959     1.4758  30.534864     4.0589     4.1182    -0.0028    91.0405 1.0000e-12  -64.94188  -64.47576 346.130199      98.67 0.0000e+00   2167.184      52013  1032.6942  1032.6932    34.6765    34.6753    7.72919         22 0.0000e+00
   1057.000   1043.988     1.4757  30.535398     1.4756  30.534213     4.0466     4.1176    -0.0036    91.0518 1.0000e-12  -64.94188  -64.47578 346.130208      99.55 0.0000e+00   2168.016      52033  1032.6896  1032.6886    34.6766    34.6752    7.72922         18 0.0000e+00
   1056.000   1043.002     1.4755  30.534821     1.4755  30.533623     4.0496     4.1071    -0.0115    91.0693 1.0000e-12  -64.94188  -64.47577 346.130217      99.95 0.0000e+00   2168.742      52051  1032.6850  1032.6839    34.6766    34.6751    7.72926         17 0.0000e+00
   1055.000   1042.015     1.4754  30.534360     1.4753  30.533151     4.0549     4.1060    -0.0123    91.0541 1.0000e-12  -64.94188  -64.47576 346.130225      52.47 0.0000e+00   2169.432      52067  1032.6805  1032.6793    34.6766    34.6752    7.72928         16 0.0000e+00
   1054.000   1041.032     1.4754  30.533909     1.4753  30.532647     4.0572     4.1085    -0.0116    91.0470 1.0000e-12  -64.94188  -64.47578 346.130233      80.05 0.0000e+00   2170.159      52085  1032.6758  1032.6747    34.6766    34.6751    7.72928         19 0.0000e+00
   1053.000   1040.045     1.4753  30.533316     1.4751  30.532118     4.0600     4.1100     0.0050    91.0427 1.0000e-12  -64.94188  -64.47576 346.130243      91.79 0.0000e+00   2171.008      52105  1032.6711  1032.6701    34.6765    34.6752    7.72930         23 0.0000e+00
   1052.000   1039.060     1.4753  30.532901     1.4752  30.531688     4.0630     4.1137    -0.0022    91.0359 1.0000e-12  -64.94188  -64.47576 346.130258      75.62 0.0000e+00   2172.266      52135  1032.6666  1032.6655    34.6766    34.6752    7.72931         39 0.0000e+00
   1051.000   1038.076     1.4752  30.532392     1.4750  30.531154     4.0603     4.1131    -0.0087    91.0417 1.0000e-12  -64.94188  -64.47575 346.130280     100.50 0.0000e+00   2174.194      52182  1032.6620  1032.6609    34.6766    34.6752    7.72933         41 0.0000e+00
   1050.000   1037.091     1.4751  30.531876     1.4749  30.530602     4.0649     4.1106    -0.0117    91.0370 1.0000e-12  -64.94188  -64.47574 346.130298      99.97 0.0000e+00   2175.705      52218  1032.6574  1032.6562    34.6766    34.6751    7.72935         33 0.0000e+00
   1049.000   1036.105     1.4750  30.531359     1.4749  30.530120     4.0586     4.1133    -0.0128    91.0599 1.0000e-12  -64.94188  -64.47573 346.130313      99.97 0.0000e+00   2177.021      52249  1032.6527  1032.6516    34.6766    34.6752    7.72936         29 0.0000e+00
   1048.000   1035.120     1.4748  30.530734     1.4747  30.529555     4.0584     4.1146    -0.0137    91.0594 1.0000e-12  -64.94188  -64.47574 346.130326      99.97 0.0000e+00   2178.188      52278  1032.6481  1032.6471    34.6765    34.6752    7.72940         27 0.0000e+00
   1047.000   1034.134     1.4748  30.530256     1.4746  30.529016     4.0602     4.1167    -0.0049    91.0577 1.0000e-12  -64.94188  -64.47572 346.130339      99.97 0.0000e+00   2179.304      52304  1032.6435  1032.6424    34.6765    34.6751    7.72941         26 0.0000e+00
   1046.000   1033.150     1.4746  30.529677     1.4744  30.528445     4.0561     4.1148    -0.0054    91.0604 1.0000e-12  -64.94188  -64.47573 346.130353      99.97 0.0000e+00   2180.490      52333  1032.6389  1032.6378    34.6766    34.6751    7.72945         29 0.0000e+00
   1045.000   1032.164     1.4745  30.529203     1.4744  30.528050     4.0586     4.1125     0.0060    91.0604 1.0000e-12  -64.94188  -64.47572 346.130367      99.97 0.0000e+00   2181.701      52362  1032.6343  1032.6332    34.6766    34.6752    7.72946         28 0.0000e+00
   1044.000   1031.178     1.4745  30.528755     1.4744  30.527497     4.0545     4.1133     0.0008    91.0604 1.0000e-12  -64.94188  -64.47572 346.130379      99.97 0.0000e+00   2182.780      52388  1032.6296  1032.6286    34.6766    34.6751    7.72946         24 0.0000e+00
   1043.000   1030.195     1.4744  30.528239     1.4743  30.526991     4.0550     4.1182    -0.0038    91.0552 1.0000e-12  -64.94188  -64.47572 346.130390      99.97 0.0000e+00   2183.704      52410  1032.6251  1032.6239    34.6766    34.6751    7.72948         20 0.0000e+00
   1042.000   1029.208     1.4744  30.527764     1.4742  30.526529     4.0552     4.1205    -0.0030    91.0462 1.0000e-12  -64.94188  -64.47572 346.130400      99.97 0.0000e+00   2184.523      52430  1032.6204  1032.6193    34.6765    34.6751    7.72948         20 0.0000e+00
   1041.000   1028.223     1.4743  30.527247     1.4742  30.526095     4.0597     4.1186    -0.0023    91.0522 1.0000e-12  -64.94188  -64.47572 346.130409      99.97 0.0000e+00   2185.316      52449  1032.6157  1032.6147    34.6764    34.6751    7.72949         19 0.0000e+00
   1040.000   1027.238     1.4742  30.526826     1.4741  30.525628     4.0582     4.1182     0.0015    91.0614 1.0000e-12  -64.94190  -64.47572 346.130419      99.97 0.0000e+00   2186.168      52469  1032.6113  1032.6102    34.6766    34.6752    7.72951         22 0.0000e+00
   1039.000   1026.251     1.4742  30.526285     1.4741  30.525038     4.0548     4.1130    -0.0071    91.0584 1.0000e-12  -64.94190  -64.47570 346.130432      99.97 0.0000e+00   2187.344      52497  1032.6066  1032.6054    34.6765    34.6751    7.72953         27 0.0000e+00
   1038.000   1025.269     1.4741  30.525816     1.4739  30.524573     4.0602     4.1133    -0.0151    91.0555 1.0000e-12  -64.94190  -64.47568 346.130472      99.97 0.0000e+00   2190.763      52579  1032.6020  1032.6009    34.6766    34.6752    7.72954         31 0.0000e+00
   1037.000   1024.282     1.4741  30.525334     1.4739  30.524085     4.0567     4.1129    -0.0015    91.0593 1.0000e-12  -64.94190  -64.47568 346.130487      99.97 0.0000e+00   2192.110      52612  1032.5973  1032.5962    34.6765    34.6751    7.72954         21 0.0000e+00
   1036.000   1023.298     1.4740  30.524909     1.4738  30.523650     4.0657     4.1133     0.0039    91.0589 1.0000e-12  -64.94190  -64.47568 346.130496      99.97 0.0000e+00   2192.882      52630  1032.5928  1032.5917    34.6766    34.6752    7.72956         17 0.0000e+00
   1035.000   1022.311     1.4739  30.524313     1.4738  30.523141     4.0639     4.1143    -0.0018    91.0419 1.0000e-12  -64.94190  -64.47568 346.130504      99.97 0.0000e+00   2193.530      52646  1032.5881  1032.5870    34.6765    34.6752    7.72958         15 0.0000e+00
   1034.000   1021.325     1.4738  30.523747     1.4737  30.522533     4.0601     4.1150    -0.0028    91.0531 1.0000e-12  -64.94190  -64.47568 346.130511      99.97 0.0000e+00   2194.145      52660  1032.5835  1032.5824    34.6764    34.6750    7.72960         15 0.0000e+00
   1033.000   1020.340     1.4737  30.523364     1.4736  30.522133     4.0589     4.1178    -0.0111    91.0415 1.0000e-12  -64.94190  -64.47568 346.130518      99.97 0.0000e+00   2194.794      52676  1032.5789  1032.5778    34.6766    34.6752    7.72961         16 0.0000e+00
   1032.000   1019.356     1.4737  30.522879     1.4735  30.521548     4.0579     4.1191    -0.0038    91.0349 1.0000e-12  -64.94190  -64.47568 346.130528      99.97 0.0000e+00   2195.599      52695  1032.5743  1032.5732    34.6766    34.6751    7.72962         23 0.0000e+00
   1031.000   1018.370     1.4737  30.522329     1.4735  30.521095     4.0582     4.1141    -0.0043    91.0374 1.0000e-12  -64.94190  -64.47568 346.130545      99.97 0.0000e+00   2197.050      52730  1032.5696  1032.5685    34.6764    34.6751    7.72963         39 0.0000e+00
   1030.000   1017.385     1.4735  30.521778     1.4734  30.520559     4.0563     4.1204    -0.0122    91.0356 1.0000e-12  -64.94190  -64.47567 346.130562      99.97 0.0000e+00   2198.572      52767  1032.5650  1032.5639    34.6764    34.6751    7.72966         26 0.0000e+00
   1029.000   1016.399     1.4735  30.521325     1.4733  30.520131     4.0585     4.1150    -0.0028    91.0493 1.0000e-12  -64.94190  -64.47566 346.130574      99.97 0.0000e+00   2199.588      52791  1032.5604  1032.5593    34.6765    34.6751    7.72967         26 0.0000e+00
   1028.000   1015.414     1.4734  30.520773     1.4732  30.519572     4.0621     4.1139    -0.0056    91.0407 1.0000e-12  -64.94190  -64.47565 346.130594      99.97 0.0000e+00   2201.311      52832  1032.5558  1032.5547    34.6764    34.6751    7.72969         34 0.0000e+00
   1027.000   1014.429     1.4733  30.520292     1.4732  30.519104     4.0537     4.1156    -0.0140    91.0431 1.0000e-12  -64.94190  -64.47564 346.130625      99.97 0.0000e+00   2204.002      52897  1032.5511  1032.5501    34.6764    34.6750    7.72970         28 0.0000e+00
   1026.000   1013.444     1.4732  30.519775     1.4730  30.518504     4.0549     4.1115    -0.0121    91.0565 1.0000e-12  -64.94190  -64.47564 346.130634      99.97 0.0000e+00   2204.797      52916  1032.5465  1032.5455    34.6764    34.6751    7.72972         18 0.0000e+00
   1025.000   1012.458     1.4730  30.519187     1.4730  30.517998     4.0611     4.1131    -0.0146    91.0605 1.0000e-12  -64.94190  -64.47564 346.130642      99.97 0.0000e+00   2205.455      52932  1032.5420  1032.5408    34.6764    34.6750    7.72976         14 0.0000e+00
   1024.000   1011.472     1.4730  30.518785     1.4729  30.517549     4.0607     4.1201    -0.0203    91.0345 1.0000e-12  -64.94190  -64.47566 346.130649      99.97 0.0000e+00   2206.026      52946  1032.5374  1032.5362    34.6764    34.6750    7.72975         14 0.0000e+00
   1023.000   1010.490     1.4730  30.518278     1.4728  30.517058     4.0555     4.1215    -0.0117    91.0406 1.0000e-12  -64.94190  -64.47566 346.130655      99.97 0.0000e+00   2206.583      52959  1032.5327  1032.5316    34.6764    34.6750    7.72976         13 0.0000e+00
   1022.000   1009.500     1.4730  30.517793     1.4727  30.516590     4.0544     4.1199     0.0048    91.0449 1.0000e-12  -64.94190  -64.47564 346.130662      99.97 0.0000e+00   2207.160      52973  1032.5281  1032.5271    34.6764    34.6751    7.72977         15 0.0000e+00
   1021.000   1008.517     1.4729  30.517290     1.4727  30.515971     4.0592     4.1160    -0.0013    91.0351 1.0000e-12  -64.94190  -64.47564 346.130669      99.97 0.0000e+00   2207.848      52989  1032.5235  1032.5223    34.6764    34.6749    7.72979         19 0.0000e+00
   1020.000   1007.530     1.4728  30.516797     1.4726  30.515577     4.0633     4.1144    -0.0045    91.0384 1.0000e-12  -64.94190  -64.47561 346.130699      99.97 0.0000e+00   2210.358      53050  1032.5188  1032.5178    34.6764    34.6750    7.72980         28 0.0000e+00
   1019.000   1006.546     1.4728  30.516277     1.4725  30.515050     4.0683     4.1134    -0.0046    91.0347 1.0000e-12  -64.94190  -64.47558 346.130731      99.97 0.0000e+00   2213.111      53116  1032.5142  1032.5131    34.6763    34.6750    7.72981         19 0.0000e+00
   1018.000   1005.561     1.4727  30.515837     1.4725  30.514706     4.0643     4.1179    -0.0117    91.0347 1.0000e-12  -64.94190  -64.47559 346.130738      99.97 0.0000e+00   2213.804      53132  1032.5096  1032.5086    34.6764    34.6751    7.72983         16 0.0000e+00
