NBP2113_155081_ctd/data/nbp2113_032.cnv
* Sea-Bird SBE 9 Data File:
* FileName = D:\Data\raw\NBP2113_032.hex
* Software Version Seasave V 7.26.7.121
* Temperature SN = 2438
* Conductivity SN = 2067
* Number of Bytes Per Scan = 40
* Number of Voltage Words = 5
* Number of Scans Averaged by the Deck Unit = 1
* NMEA Latitude = 65 50.96 S
* NMEA Longitude = 071 22.70 W
* NMEA UTC (Time) = Dec 07 2021  06:49:20
* NMEA baud rate = 9600
** Ship: RVIB N.B. Palmer
** Cruise: NBP2113 LTER
** Station: 300.200
** Operator: B. Urmston
# nquan = 25
# nvalues = 6193                        
# units = specified
# name 0 = prDM: Pressure, Digiquartz [db]
# name 1 = depSM: Depth [salt water, m]
# name 2 = t090C: Temperature [ITS-90, deg C]
# name 3 = c0mS/cm: Conductivity [mS/cm]
# name 4 = t190C: Temperature, 2 [ITS-90, deg C]
# name 5 = c1mS/cm: Conductivity, 2 [mS/cm]
# name 6 = sbeox0ML/L: Oxygen, SBE 43 [ml/l]
# name 7 = sbeox1ML/L: Oxygen, SBE 43, 2 [ml/l]
# name 8 = flECO-AFL: Fluorescence, WET Labs ECO-AFL/FL [mg/m^3]
# name 9 = CStarTr0: Beam Transmission, WET Labs C-Star [%]
# name 10 = par: PAR/Irradiance, Biospherical/Licor
# name 11 = latitude: Latitude [deg]
# name 12 = longitude: Longitude [deg]
# name 13 = timeJ: Julian Days
# name 14 = altM: Altimeter [m]
# name 15 = spar: SPAR, Biospherical/Licor
# name 16 = timeS: Time, Elapsed [seconds]
# name 17 = scan: Scan Count
# name 18 = density00: Density [density, kg/m^3]
# name 19 = density11: Density, 2 [density, kg/m^3]
# name 20 = sal00: Salinity, Practical [PSU]
# name 21 = sal11: Salinity, Practical, 2 [PSU]
# name 22 = oxsolML/L: Oxygen Saturation, Garcia & Gordon [ml/l]
# name 23 = nbin: number of scans per bin
# name 24 = flag: flag
# span 0 =      1.000,   3101.000       
# span 1 =      0.986,   3048.007       
# span 2 =    -0.7633,     2.0337       
# span 3 =  27.681656,  30.764586       
# span 4 =    -0.7634,     2.0332       
# span 5 =  27.681603,  30.763305       
# span 6 =     3.8892,     9.6495       
# span 7 =     3.9450,     9.4562       
# span 8 =    -0.0250,     3.2232       
# span 9 =    89.2440,    96.2388       
# span 10 = 1.0000e-12, 1.0000e-12      
# span 11 =  -65.84929,  -65.84874      
# span 12 =  -71.37840,  -71.37770      
# span 13 = 341.286521, 341.375807      
# span 14 =      -5.76,     102.01      
# span 15 = 2.1537e+01, 1.8165e+02      
# span 16 =    195.450,   7909.685      
# span 17 =       4692,     189833      
# span 18 =  1027.2241,  1042.0899      
# span 19 =  1027.2234,  1042.0891      
# span 20 =    33.8734,    34.7306      
# span 21 =    33.8721,    34.7298      
# span 22 =    7.62252,    8.22958      
# span 23 =         10,         67      
# span 24 = 0.0000e+00, 0.0000e+00      
# interval = decibars: 1                
# start_time = Dec 07 2021 06:49:20 [NMEA time, header]
# bad_flag = -9.990e-29
*END*
[from data line 1450]
   1459.000   1439.571     1.1629  30.471834     1.1633  30.471088     4.3814     4.4115    -0.0181    96.2089 1.0000e-12  -65.84900  -71.37806 341.309049      99.97 4.2309e+01   2141.794      51404  1034.6087  1034.6077    34.7226    34.7213    7.78849         33 0.0000e+00
   1460.000   1440.553     1.1624  30.471746     1.1626  30.471046     4.3741     4.4107    -0.0141    96.2104 1.0000e-12  -65.84900  -71.37806 341.309062      99.98 4.2309e+01   2142.929      51431  1034.6134  1034.6125    34.7226    34.7214    7.78861         18 0.0000e+00
   1461.000   1441.540     1.1583  30.468424     1.1584  30.467612     4.3681     4.4146    -0.0128    96.2104 1.0000e-12  -65.84900  -71.37805 341.309070      99.97 4.2309e+01   2143.650      51449  1034.6183  1034.6174    34.7223    34.7212    7.78943         17 0.0000e+00
   1462.000   1442.520     1.1577  30.468439     1.1576  30.467593     4.3722     4.4163    -0.0133    96.2104 1.0000e-12  -65.84900  -71.37804 341.309078      99.98 4.2309e+01   2144.325      51465  1034.6231  1034.6223    34.7224    34.7214    7.78955         17 0.0000e+00
   1463.000   1443.506     1.1577  30.468880     1.1577  30.467906     4.3725     4.4142    -0.0132    96.2104 1.0000e-12  -65.84900  -71.37804 341.309086      99.97 4.2309e+01   2145.001      51481  1034.6276  1034.6267    34.7224    34.7213    7.78954         16 0.0000e+00
   1464.000   1444.488     1.1576  30.469155     1.1575  30.468158     4.3700     4.4158    -0.0150    96.2104 1.0000e-12  -65.84900  -71.37805 341.309094      99.97 4.2309e+01   2145.733      51499  1034.6322  1034.6312    34.7224    34.7212    7.78957         19 0.0000e+00
   1465.000   1445.472     1.1571  30.469119     1.1572  30.468242     4.3761     4.4192    -0.0182    96.2104 1.0000e-12  -65.84900  -71.37806 341.309104      99.97 4.2309e+01   2146.607      51520  1034.6368  1034.6358    34.7224    34.7212    7.78967         23 0.0000e+00
   1466.000   1446.455     1.1556  30.468306     1.1557  30.467358     4.3745     4.4177    -0.0032    96.2104 1.0000e-12  -65.84900  -71.37806 341.309119      99.97 4.2309e+01   2147.858      51550  1034.6416  1034.6405    34.7225    34.7211    7.78996         36 0.0000e+00
   1467.000   1447.439     1.1553  30.468385     1.1556  30.467515     4.3762     4.4159    -0.0120    96.2104 1.0000e-12  -65.84900  -71.37806 341.309153      99.97 4.2309e+01   2150.781      51620  1034.6461  1034.6450    34.7223    34.7209    7.79002         25 0.0000e+00
   1468.000   1448.421     1.1551  30.468636     1.1550  30.467626     4.3757     4.4077    -0.0035    96.2104 1.0000e-12  -65.84900  -71.37806 341.309169      99.97 4.2309e+01   2152.212      51654  1034.6507  1034.6497    34.7224    34.7211    7.79007         22 0.0000e+00
   1469.000   1449.404     1.1551  30.469097     1.1550  30.468071     4.3783     4.4139    -0.0047    96.2104 1.0000e-12  -65.84900  -71.37806 341.309179      99.97 4.2309e+01   2153.071      51675  1034.6553  1034.6543    34.7224    34.7212    7.79007         19 0.0000e+00
   1470.000   1450.387     1.1550  30.469425     1.1551  30.468522     4.3765     4.4191    -0.0111    96.2040 1.0000e-12  -65.84900  -71.37806 341.309188      99.98 4.2018e+01   2153.868      51694  1034.6599  1034.6589    34.7224    34.7211    7.79008         21 0.0000e+00
   1471.000   1451.370     1.1548  30.469560     1.1549  30.468687     4.3784     4.4177    -0.0174    96.2022 1.0000e-12  -65.84900  -71.37806 341.309199      99.98 4.0818e+01   2154.787      51716  1034.6644  1034.6634    34.7222    34.7211    7.79013         25 0.0000e+00
   1472.000   1452.354     1.1545  30.469731     1.1546  30.468788     4.3732     4.4105    -0.0143    96.2011 1.0000e-12  -65.84900  -71.37806 341.309215      99.97 4.1590e+01   2156.166      51749  1034.6690  1034.6680    34.7222    34.7210    7.79018         36 0.0000e+00
   1473.000   1453.337     1.1546  30.470239     1.1546  30.469263     4.3772     4.4201    -0.0131    96.2062 1.0000e-12  -65.84900  -71.37806 341.309230      99.97 4.1952e+01   2157.474      51780  1034.6736  1034.6726    34.7222    34.7210    7.79016         24 0.0000e+00
   1474.000   1454.318     1.1547  30.470721     1.1546  30.469848     4.3678     4.4127    -0.0111    96.2104 1.0000e-12  -65.84900  -71.37806 341.309240      99.98 4.1424e+01   2158.340      51801  1034.6782  1034.6774    34.7223    34.7213    7.79015         19 0.0000e+00
   1475.000   1455.304     1.1546  30.471035     1.1545  30.470092     4.3682     4.4156    -0.0077    96.2104 1.0000e-12  -65.84900  -71.37806 341.309249      99.97 4.0555e+01   2159.117      51820  1034.6827  1034.6818    34.7223    34.7211    7.79018         19 0.0000e+00
   1476.000   1456.288     1.1543  30.471305     1.1543  30.470297     4.3710     4.4161    -0.0031    96.2104 1.0000e-12  -65.84900  -71.37806 341.309259      99.97 4.0546e+01   2159.966      51840  1034.6875  1034.6864    34.7224    34.7211    7.79023         23 0.0000e+00
   1477.000   1457.270     1.1543  30.471593     1.1542  30.470649     4.3786     4.4154    -0.0093    96.2104 1.0000e-12  -65.84900  -71.37806 341.309290      99.97 4.0546e+01   2162.617      51904  1034.6919  1034.6910    34.7222    34.7211    7.79023         31 0.0000e+00
   1478.000   1458.251     1.1539  30.471545     1.1536  30.470590     4.3814     4.4123    -0.0177    96.2104 1.0000e-12  -65.84900  -71.37806 341.309314      99.97 4.0546e+01   2164.716      51954  1034.6965  1034.6957    34.7221    34.7211    7.79033         21 0.0000e+00
   1479.000   1459.236     1.1540  30.472159     1.1529  30.470430     4.3843     4.4186    -0.0155    96.2104 1.0000e-12  -65.84900  -71.37806 341.309322      99.97 4.0546e+01   2165.461      51972  1034.7011  1034.7004    34.7222    34.7212    7.79030         17 0.0000e+00
   1480.000   1460.221     1.1527  30.471583     1.1530  30.470801     4.3785     4.4168    -0.0033    96.2104 1.0000e-12  -65.84900  -71.37806 341.309330      99.97 4.0546e+01   2166.127      51988  1034.7059  1034.7049    34.7223    34.7211    7.79054         15 0.0000e+00
   1481.000   1461.201     1.1525  30.471705     1.1521  30.470447     4.3800     4.4098    -0.0083    96.2104 1.0000e-12  -65.84900  -71.37806 341.309337      99.98 4.0546e+01   2166.767      52003  1034.7105  1034.7096    34.7222    34.7210    7.79059         15 0.0000e+00
   1482.000   1462.185     1.1522  30.471806     1.1520  30.470832     4.3746     4.4119    -0.0120    96.2104 1.0000e-12  -65.84900  -71.37806 341.309345      99.98 4.0546e+01   2167.418      52019  1034.7150  1034.7142    34.7221    34.7211    7.79065         17 0.0000e+00
   1483.000   1463.170     1.1515  30.471688     1.1515  30.470783     4.3712     4.4114    -0.0122    96.2104 1.0000e-12  -65.84900  -71.37806 341.309354      99.98 4.0546e+01   2168.173      52037  1034.7197  1034.7188    34.7222    34.7210    7.79079         21 0.0000e+00
   1484.000   1464.151     1.1514  30.472077     1.1517  30.471277     4.3760     4.4133    -0.0101    96.1780 1.0000e-12  -65.84900  -71.37806 341.309383      99.97 4.0546e+01   2170.681      52097  1034.7243  1034.7232    34.7222    34.7209    7.79080         33 0.0000e+00
   1485.000   1465.135     1.1505  30.471556     1.1507  30.470899     4.3738     4.4163    -0.0119    96.1964 1.0000e-12  -65.84900  -71.37806 341.309408      99.97 4.0546e+01   2172.875      52150  1034.7289  1034.7280    34.7221    34.7210    7.79099         21 0.0000e+00
   1486.000   1466.119     1.1487  30.470300     1.1486  30.469488     4.3724     4.4185     0.0123    96.1674 1.0000e-12  -65.84900  -71.37806 341.309417      99.97 4.0546e+01   2173.605      52168  1034.7336  1034.7329    34.7219    34.7210    7.79136         18 0.0000e+00
   1487.000   1467.102     1.1472  30.469445     1.1471  30.468647     4.3683     4.4191     0.0032    96.1843 1.0000e-12  -65.84900  -71.37806 341.309425      99.98 4.0546e+01   2174.321      52185  1034.7384  1034.7376    34.7220    34.7210    7.79166         17 0.0000e+00
   1488.000   1468.085     1.1466  30.469373     1.1464  30.468444     4.3686     4.4198    -0.0110    96.2051 1.0000e-12  -65.84900  -71.37806 341.309433      99.97 4.0546e+01   2175.057      52202  1034.7431  1034.7423    34.7220    34.7210    7.79178         19 0.0000e+00
   1489.000   1469.067     1.1459  30.469233     1.1462  30.468494     4.3821     4.4197     0.0019    96.2105 1.0000e-12  -65.84900  -71.37806 341.309447      99.98 4.0546e+01   2176.213      52230  1034.7478  1034.7467    34.7220    34.7208    7.79191         25 0.0000e+00
   1490.000   1470.056     1.1450  30.468666     1.1452  30.468126     4.3783     4.4094    -0.0130    96.2104 1.0000e-12  -65.84900  -71.37806 341.309474      99.97 4.0546e+01   2178.529      52286  1034.7522  1034.7514    34.7217    34.7208    7.79210         26 0.0000e+00
   1491.000   1471.034     1.1441  30.468525     1.1440  30.467484     4.3684     4.4092    -0.0120    96.2104 1.0000e-12  -65.84900  -71.37806 341.309484      99.98 4.0546e+01   2179.387      52306  1034.7571  1034.7562    34.7220    34.7208    7.79226         17 0.0000e+00
   1492.000   1472.017     1.1436  30.468470     1.1436  30.467531     4.3775     4.4158    -0.0050    96.2104 1.0000e-12  -65.84900  -71.37806 341.309492      99.97 4.0546e+01   2180.097      52323  1034.7617  1034.7608    34.7220    34.7209    7.79237         17 0.0000e+00
   1493.000   1473.000     1.1429  30.468182     1.1429  30.467306     4.3756     4.4227    -0.0068    96.2104 1.0000e-12  -65.84900  -71.37806 341.309500      99.97 4.0546e+01   2180.794      52340  1034.7663  1034.7654    34.7219    34.7208    7.79252         18 0.0000e+00
   1494.000   1473.985     1.1414  30.467194     1.1414  30.466385     4.3755     4.4195    -0.0098    96.2104 1.0000e-12  -65.84900  -71.37807 341.309512      99.97 4.0546e+01   2181.871      52366  1034.7709  1034.7701    34.7217    34.7207    7.79282         28 0.0000e+00
   1495.000   1474.966     1.1410  30.467432     1.1417  30.466975     4.3738     4.4189    -0.0188    96.1995 1.0000e-12  -65.84900  -71.37806 341.309550      99.97 4.0546e+01   2185.128      52444  1034.7757  1034.7745    34.7220    34.7206    7.79289         32 0.0000e+00
   1496.000   1475.949     1.1396  30.466547     1.1396  30.465667     4.3772     4.4199    -0.0110    96.2106 1.0000e-12  -65.84900  -71.37806 341.309559      99.98 4.0546e+01   2185.860      52462  1034.7803  1034.7795    34.7218    34.7207    7.79317         19 0.0000e+00
   1497.000   1476.933     1.1396  30.466917     1.1395  30.465974     4.3702     4.4192    -0.0122    96.2060 1.0000e-12  -65.84900  -71.37806 341.309567      99.97 4.0546e+01   2186.621      52480  1034.7849  1034.7840    34.7218    34.7206    7.79319         18 0.0000e+00
   1498.000   1477.916     1.1397  30.467390     1.1395  30.466499     4.3739     4.4153    -0.0101    96.1859 1.0000e-12  -65.84900  -71.37806 341.309576      99.98 4.0546e+01   2187.361      52498  1034.7895  1034.7887    34.7218    34.7209    7.79317         18 0.0000e+00
   1499.000   1478.900     1.1394  30.467666     1.1395  30.466712     4.3775     4.4161    -0.0038    96.1999 1.0000e-12  -65.84900  -71.37806 341.309585      99.97 4.0546e+01   2188.136      52516  1034.7941  1034.7931    34.7218    34.7206    7.79321         20 0.0000e+00
   1500.000   1479.881     1.1386  30.467387     1.1385  30.466289     4.3774     4.4178    -0.0025    96.1859 1.0000e-12  -65.84900  -71.37806 341.309595      99.98 4.0546e+01   2189.049      52538  1034.7987  1034.7979    34.7218    34.7206    7.79337         24 0.0000e+00
   1501.000   1480.865     1.1367  30.466068     1.1366  30.465037     4.3770     4.4207    -0.0086    96.1866 1.0000e-12  -65.84900  -71.37806 341.309611      99.97 4.0546e+01   2190.358      52570  1034.8035  1034.8026    34.7217    34.7206    7.79375         37 0.0000e+00
   1502.000   1481.848     1.1363  30.466033     1.1365  30.465245     4.3829     4.4202    -0.0106    96.2018 1.0000e-12  -65.84900  -71.37807 341.309638      99.97 4.0546e+01   2192.697      52626  1034.8080  1034.8071    34.7216    34.7204    7.79384         40 0.0000e+00
   1503.000   1482.832     1.1360  30.466267     1.1359  30.465245     4.3834     4.4184    -0.0066    96.2052 1.0000e-12  -65.84900  -71.37806 341.309657      99.97 4.0546e+01   2194.389      52666  1034.8128  1034.8118    34.7218    34.7206    7.79390         29 0.0000e+00
   1504.000   1483.814     1.1360  30.466663     1.1359  30.465698     4.3733     4.4192    -0.0094    96.2081 1.0000e-12  -65.84900  -71.37806 341.309669      99.97 4.0546e+01   2195.410      52691  1034.8173  1034.8163    34.7217    34.7206    7.79390         22 0.0000e+00
   1505.000   1484.796     1.1357  30.466817     1.1358  30.466076     4.3771     4.4235    -0.0127    96.2104 1.0000e-12  -65.84900  -71.37806 341.309679      99.98 4.0546e+01   2196.247      52711  1034.8218  1034.8210    34.7216    34.7207    7.79395         19 0.0000e+00
   1506.000   1485.781     1.1352  30.466806     1.1352  30.465739     4.3826     4.4257    -0.0130    96.2104 1.0000e-12  -65.84900  -71.37806 341.309688      99.97 4.0546e+01   2197.024      52730  1034.8265  1034.8255    34.7217    34.7204    7.79406         18 0.0000e+00
   1507.000   1486.764     1.1346  30.466686     1.1346  30.465819     4.3768     4.4229    -0.0123    96.2104 1.0000e-12  -65.84900  -71.37806 341.309697      99.98 4.0546e+01   2197.858      52750  1034.8311  1034.8303    34.7217    34.7206    7.79418         22 0.0000e+00
   1508.000   1487.747     1.1336  30.466133     1.1337  30.465350     4.3730     4.4221    -0.0127    96.2104 1.0000e-12  -65.84900  -71.37806 341.309710      99.97 4.0546e+01   2198.953      52776  1034.8358  1034.8348    34.7216    34.7205    7.79439         28 0.0000e+00
   1509.000   1488.731     1.1320  30.465101     1.1321  30.464333     4.3834     4.4220    -0.0167    96.2104 1.0000e-12  -65.84900  -71.37807 341.309729      99.98 4.0546e+01   2200.560      52814  1034.8404  1034.8396    34.7214    34.7204    7.79471         36 0.0000e+00
   1510.000   1489.713     1.1310  30.464647     1.1309  30.463682     4.3793     4.4225    -0.0093    96.2104 1.0000e-12  -65.84900  -71.37808 341.309744      99.97 4.0546e+01   2201.910      52847  1034.8451  1034.8443    34.7214    34.7204    7.79491         29 0.0000e+00
   1511.000   1490.696     1.1307  30.464854     1.1306  30.463997     4.3749     4.4212    -0.0102    96.2104 1.0000e-12  -65.84900  -71.37806 341.309758      99.97 4.0546e+01   2203.105      52876  1034.8497  1034.8490    34.7215    34.7205    7.79496         29 0.0000e+00
   1512.000   1491.680     1.1309  30.465303     1.1307  30.464376     4.3817     4.4232    -0.0119    96.2104 1.0000e-12  -65.84900  -71.37806 341.309772      99.97 4.0546e+01   2204.299      52904  1034.8542  1034.8535    34.7213    34.7203    7.79493         28 0.0000e+00
   1513.000   1492.661     1.1306  30.465592     1.1306  30.464783     4.3883     4.4235    -0.0027    96.2094 1.0000e-12  -65.84900  -71.37806 341.309785      99.97 4.0546e+01   2205.426      52931  1034.8590  1034.8581    34.7215    34.7205    7.79499         25 0.0000e+00
   1514.000   1493.646     1.1300  30.465471     1.1298  30.464444     4.3785     4.4263    -0.0049    96.1922 1.0000e-12  -65.84900  -71.37806 341.309797      99.97 4.0546e+01   2206.431      52955  1034.8635  1034.8627    34.7214    34.7203    7.79510         23 0.0000e+00
   1515.000   1494.627     1.1288  30.464905     1.1287  30.463973     4.3829     4.4265    -0.0143    96.1964 1.0000e-12  -65.84900  -71.37806 341.309808      99.97 4.0546e+01   2207.421      52979  1034.8682  1034.8674    34.7215    34.7204    7.79534         26 0.0000e+00
