NBP2113_155081_ctd/data/nbp2113_065.cnv
* Sea-Bird SBE 9 Data File:
* FileName = D:\Data\raw\NBP2113_065.hex
* Software Version Seasave V 7.26.7.121
* Temperature SN = 2438
* Conductivity SN = 2067
* Number of Bytes Per Scan = 40
* Number of Voltage Words = 5
* Number of Scans Averaged by the Deck Unit = 1
* NMEA Latitude = 64 10.49 S
* NMEA Longitude = 061 56.61 W
* NMEA UTC (Time) = Dec 14 2021  14:58:16
* NMEA baud rate = 9600
** Ship: RVIB N.B. Palmer
** Cruise: NBP2113 LTER
** Station: 741.005
** Operator: B. Urmston
# nquan = 25
# nvalues = 1339                        
# units = specified
# name 0 = prDM: Pressure, Digiquartz [db]
# name 1 = depSM: Depth [salt water, m]
# name 2 = t090C: Temperature [ITS-90, deg C]
# name 3 = c0mS/cm: Conductivity [mS/cm]
# name 4 = t190C: Temperature, 2 [ITS-90, deg C]
# name 5 = c1mS/cm: Conductivity, 2 [mS/cm]
# name 6 = sbeox0ML/L: Oxygen, SBE 43 [ml/l]
# name 7 = sbeox1ML/L: Oxygen, SBE 43, 2 [ml/l]
# name 8 = flECO-AFL: Fluorescence, WET Labs ECO-AFL/FL [mg/m^3]
# name 9 = CStarTr0: Beam Transmission, WET Labs C-Star [%]
# name 10 = par: PAR/Irradiance, Biospherical/Licor
# name 11 = latitude: Latitude [deg]
# name 12 = longitude: Longitude [deg]
# name 13 = timeJ: Julian Days
# name 14 = altM: Altimeter [m]
# name 15 = spar: SPAR, Biospherical/Licor
# name 16 = timeS: Time, Elapsed [seconds]
# name 17 = scan: Scan Count
# name 18 = density00: Density [density, kg/m^3]
# name 19 = density11: Density, 2 [density, kg/m^3]
# name 20 = sal00: Salinity, Practical [PSU]
# name 21 = sal11: Salinity, Practical, 2 [PSU]
# name 22 = oxsolML/L: Oxygen Saturation, Garcia & Gordon [ml/l]
# name 23 = nbin: number of scans per bin
# name 24 = flag: flag
# span 0 =      1.000,    672.000       
# span 1 =      0.991,    664.374       
# span 2 =    -0.6483,     0.4539       
# span 3 =  28.425707,  29.126307       
# span 4 =    -0.6485,     0.4538       
# span 5 =  28.424814,  29.124899       
# span 6 =     5.2592,    20.6485       
# span 7 =     5.3832,     7.5813       
# span 8 =    -0.0298,     1.3733       
# span 9 =    83.5157,    89.7301       
# span 10 = 1.0000e-12, 6.9565e+02      
# span 11 =  -64.17472,  -64.17414      
# span 12 =  -61.94314,  -61.94192      
# span 13 = 348.626801, 348.648197      
# span 14 =       9.52,      99.97      
# span 15 = 4.8127e+02, 7.1198e+02      
# span 16 =    259.583,   2108.263      
# span 17 =       6231,      50599      
# span 18 =  1027.3291,  1030.9535      
# span 19 =  1027.3279,  1030.9522      
# span 20 =    34.0527,    34.5358      
# span 21 =    34.0512,    34.5343      
# span 22 =    7.94530,    8.17435      
# span 23 =         11,         53      
# span 24 = 0.0000e+00, 0.0000e+00      
# interval = decibars: 1                
# start_time = Dec 14 2021 14:58:16 [NMEA time, header]
# bad_flag = -9.990e-29
*END*
[from data line 116]
    121.000    119.787     0.1439  28.712171     0.1500  28.717311     6.0085     6.0564     0.0976    88.8202 1.8331e-02  -64.17462  -61.94292 348.629999      99.97 5.7117e+02    535.926      12863  1028.1382  1028.1376    34.3335    34.3334    8.01750         28 0.0000e+00
    122.000    120.776     0.1319  28.701360     0.1311  28.699677     6.0188     6.0694     0.0812    88.8350 1.5229e-02  -64.17462  -61.94292 348.630013      99.97 5.7117e+02    537.104      12891  1028.1425  1028.1415    34.3320    34.3306    8.02009         29 0.0000e+00
    123.000    121.764     0.1095  28.683284     0.1101  28.682516     6.0161     6.0716     0.0912    88.8579 1.2142e-02  -64.17462  -61.94292 348.630027      99.97 5.7123e+02    538.356      12922  1028.1493  1028.1478    34.3326    34.3309    8.02474         29 0.0000e+00
    124.000    122.755     0.0970  28.672252     0.0968  28.670835     6.0027     6.0626     0.0977    88.8437 9.0914e-03  -64.17463  -61.94293 348.630041      99.97 5.7286e+02    539.554      12950  1028.1538  1028.1525    34.3314    34.3297    8.02741         28 0.0000e+00
    125.000    123.745     0.0968  28.673635     0.0972  28.672683     5.9880     6.0536     0.0780    88.8719 6.0319e-03  -64.17464  -61.94294 348.630054      99.97 5.7294e+02    540.695      12978  1028.1594  1028.1580    34.3329    34.3312    8.02738         28 0.0000e+00
    126.000    124.734     0.1025  28.680521     0.1027  28.679379     5.9726     6.0465     0.0759    88.8884 3.3599e-03  -64.17464  -61.94294 348.630068      99.97 5.7294e+02    541.865      13006  1028.1651  1028.1637    34.3350    34.3332    8.02606         29 0.0000e+00
    127.000    125.723     0.0988  28.679517     0.0988  28.678177     5.9570     6.0358     0.0721    88.8837 8.2748e-04  -64.17464  -61.94294 348.630082      99.97 5.7338e+02    543.052      13034  1028.1717  1028.1703    34.3371    34.3354    8.02670         28 0.0000e+00
    128.000    126.714     0.1020  28.684318     0.1020  28.682972     5.9357     6.0174     0.0587    88.9103 1.4515e-07  -64.17464  -61.94294 348.630095      99.97 5.7470e+02    544.229      13062  1028.1777  1028.1763    34.3393    34.3375    8.02592         28 0.0000e+00
    129.000    127.704     0.1087  28.693299     0.1090  28.692344     5.9135     5.9996     0.0657    88.9081 1.0000e-12  -64.17464  -61.94294 348.630109      99.97 5.7470e+02    545.434      13091  1028.1848  1028.1835    34.3431    34.3414    8.02430         29 0.0000e+00
    130.000    128.693     0.1198  28.706433     0.1196  28.704995     5.9083     5.9913     0.0721    88.8973 1.0000e-12  -64.17464  -61.94294 348.630123      99.97 5.7521e+02    546.611      13120  1028.1920  1028.1907    34.3474    34.3457    8.02174         28 0.0000e+00
    131.000    129.683     0.1232  28.711231     0.1234  28.710244     5.9000     5.9771     0.0653    88.8974 1.0000e-12  -64.17464  -61.94294 348.630136      99.97 5.7638e+02    547.756      13147  1028.1981  1028.1967    34.3494    34.3478    8.02093         28 0.0000e+00
    132.000    130.671     0.1284  28.718328     0.1287  28.717181     5.8769     5.9658     0.0705    88.8974 1.0000e-12  -64.17464  -61.94294 348.630150      99.97 5.7646e+02    548.930      13175  1028.2046  1028.2032    34.3522    34.3505    8.01967         28 0.0000e+00
    133.000    131.662     0.1319  28.723817     0.1322  28.722636     5.8733     5.9565     0.0587    88.9036 1.0000e-12  -64.17464  -61.94294 348.630163      99.97 5.7646e+02    550.123      13204  1028.2113  1028.2098    34.3549    34.3531    8.01878         29 0.0000e+00
    134.000    132.652     0.1345  28.727695     0.1346  28.726271     5.8813     5.9492     0.0564    88.9294 1.0000e-12  -64.17464  -61.94294 348.630177      99.97 5.7790e+02    551.303      13232  1028.2172  1028.2156    34.3566    34.3547    8.01816         28 0.0000e+00
    135.000    133.641     0.1353  28.729193     0.1355  28.727997     5.8854     5.9563     0.0611    88.9429 1.0000e-12  -64.17464  -61.94296 348.630191      99.97 5.7823e+02    552.523      13262  1028.2223  1028.2208    34.3571    34.3553    8.01796         30 0.0000e+00
    136.000    134.630     0.1352  28.730336     0.1352  28.728968     5.8890     5.9489     0.0516    88.9471 1.0000e-12  -64.17464  -61.94296 348.630206      99.97 5.7823e+02    553.755      13291  1028.2278  1028.2264    34.3581    34.3563    8.01792         29 0.0000e+00
    137.000    135.620     0.1354  28.731235     0.1354  28.729542     5.8506     5.9314     0.0621    88.9499 1.0000e-12  -64.17464  -61.94296 348.630219      99.97 5.8002e+02    554.934      13319  1028.2329  1028.2311    34.3584    34.3562    8.01786         27 0.0000e+00
    138.000    136.609     0.1452  28.740919     0.1461  28.740397     5.8042     5.9034     0.0557    88.9826 1.0000e-12  -64.17464  -61.94296 348.630232      99.97 5.7999e+02    556.082      13347  1028.2378  1028.2364    34.3596    34.3579    8.01575         28 0.0000e+00
    139.000    137.600     0.1719  28.769450     0.1722  28.768247     5.8025     5.8886     0.0605    88.9996 1.0000e-12  -64.17464  -61.94296 348.630246      99.97 5.7999e+02    557.255      13375  1028.2462  1028.2446    34.3668    34.3649    8.00978         29 0.0000e+00
    140.000    138.589     0.1793  28.779624     0.1794  28.778353     5.8069     5.8849     0.0606    89.0038 1.0000e-12  -64.17464  -61.94296 348.630260      99.97 5.8144e+02    558.479      13404  1028.2541  1028.2527    34.3714    34.3696    8.00799         30 0.0000e+00
    141.000    139.578     0.1676  28.772313     0.1675  28.770883     5.7881     5.8744     0.0461    88.9954 1.0000e-12  -64.17464  -61.94296 348.630275      99.97 5.8175e+02    559.753      13435  1028.2623  1028.2609    34.3743    34.3724    8.01027         31 0.0000e+00
    142.000    140.568     0.1704  28.778075     0.1705  28.776739     5.7620     5.8567     0.0543    88.9841 1.0000e-12  -64.17464  -61.94296 348.630290      99.97 5.8339e+02    561.022      13466  1028.2700  1028.2685    34.3781    34.3762    8.00947         30 0.0000e+00
    143.000    141.558     0.1784  28.787060     0.1777  28.784793     5.7612     5.8478     0.0331    89.0292 1.0000e-12  -64.17464  -61.94298 348.630303      99.97 5.8351e+02    562.188      13494  1028.2760  1028.2743    34.3803    34.3782    8.00766         26 0.0000e+00
    144.000    142.547     0.1848  28.796268     0.1847  28.794793     5.7662     5.8403     0.0407    89.0493 1.0000e-12  -64.17464  -61.94296 348.630316      99.97 5.8530e+02    563.305      13520  1028.2839  1028.2824    34.3848    34.3829    8.00609         27 0.0000e+00
    145.000    143.537     0.1802  28.793270     0.1798  28.791587     5.7704     5.8424     0.0421    89.0451 1.0000e-12  -64.17464  -61.94298 348.630330      99.97 5.8528e+02    564.486      13549  1028.2896  1028.2881    34.3853    34.3835    8.00701         30 0.0000e+00
    146.000    144.526     0.1768  28.790812     0.1762  28.788852     5.7666     5.8400     0.0511    89.0723 1.0000e-12  -64.17464  -61.94298 348.630344      99.97 5.8528e+02    565.706      13578  1028.2947  1028.2932    34.3853    34.3834    8.00773         29 0.0000e+00
    147.000    145.515     0.1674  28.783487     0.1673  28.781987     5.7607     5.8392     0.0542    89.0777 1.0000e-12  -64.17464  -61.94298 348.630357      99.97 5.8705e+02    566.883      13606  1028.3004  1028.2989    34.3855    34.3837    8.00967         27 0.0000e+00
    148.000    146.506     0.1729  28.789903     0.1730  28.788512     5.7556     5.8328     0.0416    89.0945 1.0000e-12  -64.17464  -61.94298 348.630371      99.97 5.8704e+02    568.037      13634  1028.3061  1028.3046    34.3873    34.3854    8.00843         29 0.0000e+00
    149.000    147.495     0.1781  28.796157     0.1778  28.794280     5.7477     5.8296     0.0428    89.1227 1.0000e-12  -64.17464  -61.94298 348.630385      99.97 5.8836e+02    569.229      13662  1028.3119  1028.3102    34.3890    34.3869    8.00723         28 0.0000e+00
    150.000    148.484     0.1805  28.799027     0.1806  28.797585     5.7435     5.8225     0.0417    89.1059 1.0000e-12  -64.17464  -61.94298 348.630399      99.97 5.8903e+02    570.461      13692  1028.3169  1028.3153    34.3895    34.3876    8.00671         31 0.0000e+00
    151.000    149.474     0.1837  28.802674     0.1836  28.801169     5.7345     5.8111     0.0365    89.1325 1.0000e-12  -64.17464  -61.94298 348.630413      99.97 5.9050e+02    571.722      13722  1028.3219  1028.3204    34.3902    34.3883    8.00601         30 0.0000e+00
    152.000    150.464     0.1981  28.816363     0.1972  28.814010     5.7141     5.7978     0.0318    89.1395 1.0000e-12  -64.17465  -61.94298 348.630428      99.97 5.9063e+02    572.974      13752  1028.3266  1028.3249    34.3915    34.3894    8.00294         30 0.0000e+00
    153.000    151.452     0.2099  28.828900     0.2094  28.826911     5.7040     5.7837     0.0408    89.1451 1.0000e-12  -64.17464  -61.94298 348.630442      99.97 5.9233e+02    574.206      13782  1028.3326  1028.3309    34.3942    34.3921    8.00034         29 0.0000e+00
    154.000    152.442     0.2180  28.837817     0.2183  28.836592     5.6908     5.7712     0.0337    89.1548 1.0000e-12  -64.17466  -61.94298 348.630456      99.97 5.9233e+02    575.410      13811  1028.3384  1028.3368    34.3963    34.3943    7.99853         29 0.0000e+00
    155.000    153.432     0.2244  28.845522     0.2244  28.844035     5.6869     5.7670     0.0419    89.1540 1.0000e-12  -64.17466  -61.94298 348.630470      99.97 5.9233e+02    576.578      13839  1028.3447  1028.3431    34.3987    34.3967    7.99707         27 0.0000e+00
    156.000    154.422     0.2275  28.849492     0.2275  28.848084     5.6772     5.7668     0.0357    89.1336 1.0000e-12  -64.17466  -61.94298 348.630483      99.97 5.9233e+02    577.737      13867  1028.3503  1028.3488    34.3998    34.3980    7.99636         28 0.0000e+00
    157.000    155.411     0.2306  28.853499     0.2305  28.851997     5.6846     5.7570     0.0501    89.1535 1.0000e-12  -64.17466  -61.94298 348.630497      99.97 5.9303e+02    578.955      13896  1028.3558  1028.3544    34.4010    34.3992    7.99564         30 0.0000e+00
    158.000    156.401     0.2320  28.855437     0.2320  28.854073     5.6772     5.7472     0.0467    89.1732 1.0000e-12  -64.17466  -61.94300 348.630512      99.97 5.9410e+02    580.203      13926  1028.3610  1028.3595    34.4015    34.3997    7.99534         30 0.0000e+00
    159.000    157.390     0.2363  28.860671     0.2363  28.859240     5.6601     5.7344     0.0452    89.1740 1.0000e-12  -64.17466  -61.94300 348.630525      99.97 5.9409e+02    581.369      13954  1028.3666  1028.3651    34.4029    34.4011    7.99436         27 0.0000e+00
    160.000    158.379     0.2411  28.867075     0.2409  28.865480     5.6365     5.7166     0.0503    89.2061 1.0000e-12  -64.17466  -61.94300 348.630538      99.97 5.9409e+02    582.488      13981  1028.3730  1028.3715    34.4054    34.4035    7.99323         27 0.0000e+00
    161.000    159.369     0.2485  28.876134     0.2483  28.874554     5.6198     5.7001     0.0504    89.2232 1.0000e-12  -64.17466  -61.94300 348.630552      99.97 5.9409e+02    583.658      14009  1028.3797  1028.3782    34.4084    34.4065    7.99152         29 0.0000e+00
    162.000    160.358     0.2551  28.885414     0.2549  28.883793     5.6078     5.6925     0.0397    89.2210 1.0000e-12  -64.17466  -61.94300 348.630566      99.97 5.9566e+02    584.885      14038  1028.3874  1028.3859    34.4126    34.4107    7.98992         30 0.0000e+00
    163.000    161.348     0.2613  28.892326     0.2610  28.890569     5.5968     5.6844     0.0157    89.2151 1.0000e-12  -64.17466  -61.94300 348.630580      99.97 5.9591e+02    586.134      14068  1028.3930  1028.3915    34.4141    34.4122    7.98853         30 0.0000e+00
    164.000    162.338     0.2698  28.901297     0.2696  28.899787     5.5730     5.6591     0.0312    89.2431 1.0000e-12  -64.17466  -61.94300 348.630595      99.97 5.9761e+02    587.386      14098  1028.3985  1028.3971    34.4158    34.4141    7.98668         30 0.0000e+00
    165.000    163.327     0.2814  28.914630     0.2812  28.913230     5.5492     5.6417     0.0270    89.2490 1.0000e-12  -64.17466  -61.94300 348.630609      99.97 5.9876e+02    588.606      14128  1028.4057  1028.4043    34.4199    34.4182    7.98406         29 0.0000e+00
    166.000    164.316     0.2876  28.923875     0.2883  28.923632     5.5323     5.6338     0.0294    89.2331 1.0000e-12  -64.17466  -61.94300 348.630623      99.97 5.9950e+02    589.828      14157  1028.4137  1028.4127    34.4244    34.4233    7.98251         29 0.0000e+00
    167.000    165.305     0.2980  28.935163     0.2957  28.931768     5.5164     5.6174     0.0405    89.2384 1.0000e-12  -64.17466  -61.94300 348.630637      99.97 6.0101e+02    591.038      14186  1028.4198  1028.4185    34.4270    34.4251    7.98021         29 0.0000e+00
    168.000    166.295     0.3077  28.945490     0.3067  28.943295     5.5092     5.6079     0.0340    89.2579 1.0000e-12  -64.17466  -61.94300 348.630651      99.97 6.0219e+02    592.210      14214  1028.4256  1028.4243    34.4291    34.4274    7.97808         27 0.0000e+00
    169.000    167.285     0.3214  28.960984     0.3218  28.959810     5.5024     5.6029     0.0344    89.2801 1.0000e-12  -64.17466  -61.94300 348.630664      99.97 6.0323e+02    593.362      14242  1028.4329  1028.4313    34.4336    34.4316    7.97500         28 0.0000e+00
    170.000    168.274     0.3238  28.964553     0.3236  28.962910     5.4985     5.5883     0.0348    89.3047 1.0000e-12  -64.17466  -61.94300 348.630677      99.97 6.0461e+02    594.502      14269  1028.4388  1028.4373    34.4350    34.4331    7.97443         27 0.0000e+00
    171.000    169.264     0.3275  28.969068     0.3270  28.967218     5.4950     5.5734     0.0299    89.2836 1.0000e-12  -64.17466  -61.94300 348.630691      99.97 6.0558e+02    595.672      14297  1028.4444  1028.4429    34.4362    34.4343    7.97360         29 0.0000e+00
    172.000    170.252     0.3342  28.977294     0.3342  28.975396     5.4857     5.5657     0.0319    89.3026 1.0000e-12  -64.17466  -61.94300 348.630705      99.97 6.0642e+02    596.906      14327  1028.4508  1028.4489    34.4389    34.4364    7.97206         31 0.0000e+00
    173.000    171.242     0.3361  28.979514     0.3394  28.982379     5.4671     5.5544     0.0289    89.3229 1.0000e-12  -64.17466  -61.94300 348.630720      99.97 6.0686e+02    598.177      14357  1028.4558  1028.4555    34.4390    34.4391    7.97165         29 0.0000e+00
    174.000    172.232     0.3466  28.992564     0.3455  28.989891     5.4408     5.5443     0.0272    89.3083 1.0000e-12  -64.17466  -61.94300 348.630734      99.97 6.0822e+02    599.424      14387  1028.4637  1028.4619    34.4439    34.4416    7.96922         30 0.0000e+00
    175.000    173.222     0.3521  28.999814     0.3522  28.998812     5.4418     5.5347     0.0347    89.3318 1.0000e-12  -64.17466  -61.94302 348.630748      99.97 6.0819e+02    600.634      14416  1028.4703  1028.4691    34.4467    34.4452    7.96794         29 0.0000e+00
    176.000    174.209     0.3567  29.007039     0.3564  29.005606     5.4489     5.5306     0.0285    89.3217 1.0000e-12  -64.17466  -61.94302 348.630762      99.97 6.0979e+02    601.810      14444  1028.4778  1028.4766    34.4504    34.4488    7.96677         27 0.0000e+00
    177.000    175.201     0.3568  29.007650     0.3567  29.006276     5.4545     5.5300     0.0276    89.3584 1.0000e-12  -64.17466  -61.94302 348.630775      99.97 6.0996e+02    602.945      14472  1028.4828  1028.4814    34.4505    34.4487    7.96675         28 0.0000e+00
