NBP2113_155081_ctd/data/nbp2113_044.cnv
* Sea-Bird SBE 9 Data File:
* FileName = D:\Data\raw\NBP2113_044.hex
* Software Version Seasave V 7.26.7.121
* Temperature SN = 2438
* Conductivity SN = 2067
* Number of Bytes Per Scan = 40
* Number of Voltage Words = 5
* Number of Scans Averaged by the Deck Unit = 1
* NMEA Latitude = 64 55.93 S
* NMEA Longitude = 064 23.72 W
* NMEA UTC (Time) = Dec 11 2021  01:40:08
* NMEA baud rate = 9600
** Ship: RVIB N.B. Palmer
** Cruise: NBP2113 LTER
** Station: 600.040
** Operator: S. Blackman
# nquan = 25
# nvalues = 199                         
# units = specified
# name 0 = prDM: Pressure, Digiquartz [db]
# name 1 = depSM: Depth [salt water, m]
# name 2 = t090C: Temperature [ITS-90, deg C]
# name 3 = c0mS/cm: Conductivity [mS/cm]
# name 4 = t190C: Temperature, 2 [ITS-90, deg C]
# name 5 = c1mS/cm: Conductivity, 2 [mS/cm]
# name 6 = sbeox0ML/L: Oxygen, SBE 43 [ml/l]
# name 7 = sbeox1ML/L: Oxygen, SBE 43, 2 [ml/l]
# name 8 = flECO-AFL: Fluorescence, WET Labs ECO-AFL/FL [mg/m^3]
# name 9 = CStarTr0: Beam Transmission, WET Labs C-Star [%]
# name 10 = par: PAR/Irradiance, Biospherical/Licor
# name 11 = latitude: Latitude [deg]
# name 12 = longitude: Longitude [deg]
# name 13 = timeJ: Julian Days
# name 14 = altM: Altimeter [m]
# name 15 = spar: SPAR, Biospherical/Licor
# name 16 = timeS: Time, Elapsed [seconds]
# name 17 = scan: Scan Count
# name 18 = density00: Density [density, kg/m^3]
# name 19 = density11: Density, 2 [density, kg/m^3]
# name 20 = sal00: Salinity, Practical [PSU]
# name 21 = sal11: Salinity, Practical, 2 [PSU]
# name 22 = oxsolML/L: Oxygen Saturation, Garcia & Gordon [ml/l]
# name 23 = nbin: number of scans per bin
# name 24 = flag: flag
# span 0 =      1.000,    102.000       
# span 1 =      0.990,    100.962       
# span 2 =    -0.8593,     0.2319       
# span 3 =  27.219887,  28.786900       
# span 4 =    -0.8578,     0.2322       
# span 5 =  27.219379,  28.785477       
# span 6 =     5.4783,     8.7159       
# span 7 =     5.5683,     8.5339       
# span 8 =     0.0371,     1.9058       
# span 9 =    82.9502,    91.9073       
# span 10 = -1.664e-06, 1.7437e+01      
# span 11 =  -64.93254,  -64.93224      
# span 12 =  -64.39590,  -64.39540      
# span 13 = 345.073150, 345.079332      
# span 14 =      38.21,     106.68      
# span 15 = 5.2886e+00, 1.0577e+01      
# span 16 =    312.167,    846.291      
# span 17 =       7493,      20312      
# span 18 =  1026.9465,  1028.0530      
# span 19 =  1026.9505,  1028.0538      
# span 20 =    33.5206,    34.3527      
# span 21 =    33.5219,    34.3507      
# span 22 =    7.99845,    8.27885      
# span 23 =          7,         49      
# span 24 = 0.0000e+00, 0.0000e+00      
# interval = decibars: 1                
# start_time = Dec 11 2021 01:40:08 [NMEA time, header]
# bad_flag = -9.990e-29
*END*
[from data line 58]
     63.000     62.374    -0.0867  28.379415    -0.0865  28.377776     5.9121     5.9995     0.2181    91.3693 1.7356e-02  -64.93230  -64.39550 345.074992      99.97 1.0577e+01    471.341      11313  1027.7525  1027.7506    34.1860    34.1836    8.07423         31 0.0000e+00
     64.000     63.363    -0.0863  28.380347    -0.0861  28.378732     5.9371     5.9824     0.2566    91.3521 1.4971e-02  -64.93230  -64.39554 345.075055      99.97 1.0268e+01    476.726      11442  1027.7582  1027.7563    34.1862    34.1838    8.07414         33 0.0000e+00
     65.000     64.353    -0.0917  28.378641    -0.0918  28.376874     5.8698     5.9459     0.2017    91.3831 1.0570e-02  -64.93230  -64.39552 345.075075      99.97 1.0133e+01    478.476      11484  1027.7661  1027.7644    34.1893    34.1872    8.07510         28 0.0000e+00
     66.000     65.343    -0.1007  28.377570    -0.1006  28.376016     5.8190     5.9176     0.1865    91.4062 6.9641e-03  -64.93230  -64.39552 345.075088      99.97 9.4568e+00    479.637      11512  1027.7781  1027.7763    34.1974    34.1952    8.07654         31 0.0000e+00
     67.000     66.333    -0.0830  28.403196    -0.0830  28.401244     5.8536     5.9292     0.2150    91.4258 4.0179e-03  -64.93230  -64.39552 345.075107      99.97 9.0566e+00    481.276      11552  1027.7926  1027.7904    34.2111    34.2084    8.07204         32 0.0000e+00
     68.000     67.322    -0.0628  28.427588    -0.0624  28.426455     5.7191     5.8345     0.2116    91.4793 1.2577e-03  -64.93232  -64.39554 345.075171      99.97 8.9819e+00    486.798      11684  1027.8032  1027.8019    34.2201    34.2183    8.06725         32 0.0000e+00
     69.000     68.313    -0.0369  28.459193    -0.0362  28.458100     5.6958     5.8056     0.1278    91.5042 -1.664e-06  -64.93232  -64.39554 345.075192      99.97 8.8142e+00    488.590      11727  1027.8163  1027.8144    34.2326    34.2303    8.06110         39 0.0000e+00
     70.000     69.304    -0.0101  28.490552    -0.0098  28.489319     5.7316     5.8031     0.1335    91.5995 1.0000e-12  -64.93232  -64.39554 345.075218      99.97 8.8144e+00    490.805      11780  1027.8282  1027.8265    34.2435    34.2415    8.05484         32 0.0000e+00
     71.000     70.293     0.0040  28.507200     0.0041  28.505564     5.7160     5.7917     0.1324    91.6439 1.0000e-12  -64.93232  -64.39554 345.075249      99.97 8.8144e+00    493.477      11844  1027.8370  1027.8351    34.2492    34.2469    8.05155         49 0.0000e+00
     72.000     71.281     0.0084  28.512255     0.0084  28.510483     5.7310     5.7970     0.1215    91.6655 1.0000e-12  -64.93232  -64.39555 345.075296      99.97 8.8144e+00    497.554      11942  1027.8430  1027.8410    34.2504    34.2480    8.05056         33 0.0000e+00
     73.000     72.272     0.0071  28.511971     0.0074  28.510457     5.7420     5.8033     0.1060    91.6707 1.0000e-12  -64.93232  -64.39556 345.075323      99.97 8.8144e+00    499.937      11999  1027.8484  1027.8465    34.2508    34.2485    8.05080         33 0.0000e+00
     74.000     73.263     0.0056  28.511066     0.0063  28.509885     5.7475     5.8014     0.1062    91.6785 1.0000e-12  -64.93232  -64.39556 345.075341      99.97 8.8144e+00    501.470      12036  1027.8533  1027.8513    34.2507    34.2483    8.05112         40 0.0000e+00
     75.000     74.252     0.0101  28.516334     0.0104  28.514848     5.7230     5.7915     0.1383    91.6784 1.0000e-12  -64.93232  -64.39556 345.075375      99.97 8.8144e+00    504.390      12106  1027.8590  1027.8570    34.2521    34.2497    8.05010         39 0.0000e+00
     76.000     75.239     0.0288  28.538288     0.0294  28.536635     5.6640     5.7449     0.1660    91.6861 1.0000e-12  -64.93233  -64.39556 345.075414      99.97 8.8144e+00    507.779      12188  1027.8685  1027.8662    34.2596    34.2567    8.04575         28 0.0000e+00
     77.000     76.231     0.0486  28.560763     0.0497  28.559855     5.6236     5.7022     0.1142    91.6905 1.0000e-12  -64.93234  -64.39556 345.075452      99.97 8.8144e+00    511.063      12267  1027.8775  1027.8755    34.2665    34.2641    8.04119         39 0.0000e+00
     78.000     77.221     0.0584  28.572427     0.0582  28.570727     5.6009     5.6956     0.0863    91.7150 1.0000e-12  -64.93234  -64.39556 345.075467      99.97 8.8787e+00    512.333      12297  1027.8849  1027.8833    34.2705    34.2685    8.03893         30 0.0000e+00
     79.000     78.216     0.0740  28.590792     0.0743  28.589346     5.6053     5.6949     0.0829    91.7279 1.0000e-12  -64.93234  -64.39558 345.075488      99.97 9.5456e+00    514.203      12342  1027.8937  1027.8917    34.2767    34.2744    8.03531         28 0.0000e+00
     80.000     79.199     0.0876  28.606590     0.0878  28.605539     5.5926     5.6692     0.1051    91.7300 1.0000e-12  -64.93234  -64.39557 345.075548      99.97 9.6496e+00    519.368      12466  1027.9021  1027.9007    34.2817    34.2801    8.03217         36 0.0000e+00
     81.000     80.191     0.0937  28.614984     0.0939  28.613421     5.5861     5.6598     0.0901    91.7400 1.0000e-12  -64.93234  -64.39557 345.075572      99.97 1.0446e+01    521.406      12515  1027.9094  1027.9076    34.2854    34.2831    8.03068         41 0.0000e+00
     82.000     81.180     0.1047  28.629503     0.1049  28.627911     5.5642     5.6472     0.0817    91.7562 1.0000e-12  -64.93234  -64.39558 345.075593      99.97 1.0577e+01    523.238      12559  1027.9185  1027.9167    34.2916    34.2894    8.02803         41 0.0000e+00
     83.000     82.170     0.1196  28.647241     0.1198  28.645815     5.5554     5.6387     0.0725    91.7586 1.0000e-12  -64.93235  -64.39559 345.075614      99.97 1.0577e+01    525.047      12602  1027.9273  1027.9256    34.2979    34.2957    8.02457         36 0.0000e+00
     84.000     83.158     0.1360  28.666330     0.1353  28.664837     5.5408     5.6197     0.0933    91.8106 1.0000e-12  -64.93235  -64.39560 345.075676      99.97 1.0577e+01    530.388      12730  1027.9364  1027.9354    34.3041    34.3029    8.02078         27 0.0000e+00
     85.000     84.149     0.1626  28.698056     0.1619  28.695643     5.5194     5.5994     0.0782    91.8337 1.0000e-12  -64.93236  -64.39560 345.075713      99.97 1.0149e+01    533.633      12808  1027.9485  1027.9467    34.3156    34.3132    8.01458         34 0.0000e+00
     86.000     85.138     0.1658  28.701170     0.1655  28.699456     5.5060     5.5917     0.0657    91.8339 1.0000e-12  -64.93236  -64.39560 345.075726      99.97 9.7689e+00    534.754      12835  1027.9532  1027.9516    34.3156    34.3136    8.01393         26 0.0000e+00
     87.000     86.130     0.1738  28.709881     0.1736  28.708145     5.5104     5.5863     0.0617    91.8396 1.0000e-12  -64.93236  -64.39560 345.075740      99.97 9.9268e+00    535.910      12863  1027.9590  1027.9573    34.3175    34.3154    8.01215         30 0.0000e+00
     88.000     87.120     0.1852  28.723044     0.1851  28.721202     5.5191     5.5861     0.0697    91.8526 1.0000e-12  -64.93236  -64.39560 345.075758      99.97 1.0080e+01    537.526      12902  1027.9663  1027.9644    34.3215    34.3192    8.00954         35 0.0000e+00
     89.000     88.108     0.1867  28.725802     0.1862  28.723597     5.5566     5.6053     0.0751    91.8566 1.0000e-12  -64.93236  -64.39562 345.075829      99.97 9.6686e+00    543.591      13047  1027.9726  1027.9708    34.3228    34.3205    8.00915         30 0.0000e+00
     90.000     89.098     0.1859  28.726650     0.1861  28.725307     5.5664     5.6161     0.0660    91.8552 1.0000e-12  -64.93236  -64.39562 345.075850      99.97 9.1539e+00    545.475      13092  1027.9788  1027.9771    34.3242    34.3223    8.00924         30 0.0000e+00
     91.000     90.090     0.1877  28.729264     0.1875  28.727473     5.5596     5.6191     0.0657    91.8585 1.0000e-12  -64.93236  -64.39562 345.075865      99.97 8.8320e+00    546.770      13123  1027.9841  1027.9824    34.3251    34.3229    8.00883         36 0.0000e+00
     92.000     91.082     0.1905  28.733133     0.1894  28.730242     5.5665     5.6186     0.0589    91.8610 1.0000e-12  -64.93236  -64.39562 345.075899      99.97 8.9755e+00    549.657      13193  1027.9898  1027.9878    34.3264    34.3239    8.00816         31 0.0000e+00
     93.000     92.069     0.1971  28.740873     0.1975  28.739786     5.5523     5.6158     0.0637    91.8744 1.0000e-12  -64.93236  -64.39564 345.075922      99.97 9.4012e+00    551.643      13240  1027.9960  1027.9944    34.3287    34.3268    8.00667         36 0.0000e+00
     94.000     93.056     0.2059  28.751489     0.2056  28.749932     5.5151     5.5919     0.0537    91.8657 1.0000e-12  -64.93238  -64.39563 345.075973      99.97 9.0138e+00    556.035      13346  1028.0031  1028.0015    34.3323    34.3305    8.00464         24 0.0000e+00
     95.000     94.047     0.2136  28.760023     0.2128  28.757972     5.4860     5.5760     0.0371    91.8586 1.0000e-12  -64.93238  -64.39562 345.076003      99.97 8.8108e+00    558.651      13409  1028.0088  1028.0075    34.3343    34.3324    8.00292         18 0.0000e+00
     96.000     95.038     0.2225  28.768829     0.2218  28.766769     5.4783     5.5683     0.0584    91.8820 1.0000e-12  -64.93238  -64.39562 345.076011      99.97 8.8144e+00    559.384      13426  1028.0138  1028.0123    34.3353    34.3334    8.00101         19 0.0000e+00
     97.000     96.027     0.2280  28.775922     0.2281  28.774607     5.4816     5.5711     0.0637    91.8675 1.0000e-12  -64.93238  -64.39562 345.076022      99.97 8.8144e+00    560.334      13449  1028.0203  1028.0187    34.3379    34.3361    7.99972         28 0.0000e+00
     98.000     97.016     0.2239  28.772834     0.2219  28.768950     5.5523     5.5933     0.0591    91.8613 1.0000e-12  -64.93238  -64.39563 345.076093      99.97 8.8144e+00    566.440      13596  1028.0256  1028.0233    34.3378    34.3349    8.00058         38 0.0000e+00
     99.000     98.007     0.2319  28.786275     0.2322  28.784770     5.5971     5.6298     0.0684    91.8757 1.0000e-12  -64.93238  -64.39562 345.076118      99.97 8.8144e+00    568.553      13646  1028.0363  1028.0343    34.3460    34.3436    7.99845         41 0.0000e+00
    100.000     98.997     0.2270  28.786582     0.2271  28.785135     5.6237     5.6562     0.0682    91.8766 1.0000e-12  -64.93238  -64.39562 345.076136      99.97 8.8144e+00    570.192      13686  1028.0459  1028.0442    34.3513    34.3493    7.99918         36 0.0000e+00
    101.000     99.988     0.2256  28.786900     0.2257  28.785477     5.6047     5.6484     0.0607    91.8815 1.0000e-12  -64.93240  -64.39564 345.076202      99.97 8.8144e+00    575.813      13821  1028.0519  1028.0503    34.3527    34.3507    7.99940         36 0.0000e+00
    102.000    100.962     0.2218  28.780254     0.2245  28.783849     5.5156     5.6231     0.0696    91.9073 1.0000e-12  -64.93240  -64.39568 345.076565      99.97 8.8144e+00    607.226      14574  1028.0530  1028.0538    34.3476    34.3493    8.00047          7 0.0000e+00
    101.000     99.987     0.2188  28.775705     0.2215  28.778418     5.5611     5.6136     0.0452    91.8920 1.0000e-12  -64.93240  -64.39569 345.076422      99.97 8.8144e+00    594.819      14277  1028.0468  1028.0470    34.3456    34.3461    8.00122         36 0.0000e+00
    100.000     98.995     0.2170  28.771302     0.2144  28.766175     5.5774     5.6236     0.0481    91.9021 1.0000e-12  -64.93240  -64.39569 345.076436      99.97 8.8144e+00    596.072      14307  1028.0396  1028.0367    34.3423    34.3384    8.00176         28 0.0000e+00
     99.000     98.006     0.2221  28.778489     0.2213  28.774968     5.5639     5.6136     0.0521    91.8834 1.0000e-12  -64.93240  -64.39569 345.076452      99.97 8.8144e+00    597.422      14339  1028.0379  1028.0350    34.3467    34.3430    8.00045         32 0.0000e+00
     98.000     97.017     0.2228  28.778332     0.2230  28.776679     5.5417     5.6028     0.0636    91.8963 1.0000e-12  -64.93240  -64.39568 345.076471      99.97 8.8144e+00    599.073      14379  1028.0328  1028.0307    34.3463    34.3439    8.00034         40 0.0000e+00
     97.000     96.027     0.2259  28.779489     0.2265  28.779178     5.5393     5.5936     0.0627    91.8964 1.0000e-12  -64.93240  -64.39566 345.076490      99.97 8.8144e+00    600.776      14420  1028.0268  1028.0258    34.3450    34.3439    7.99977         41 0.0000e+00
     96.000     95.038     0.2273  28.778661     0.2268  28.776365     5.4985     5.5882     0.0553    91.9000 1.0000e-12  -64.93240  -64.39567 345.076510      99.97 8.8144e+00    602.474      14460  1028.0203  1028.0183    34.3430    34.3404    7.99959         35 0.0000e+00
     95.000     94.048     0.2262  28.775320     0.2262  28.772965     5.4907     5.5901     0.0658    91.8864 1.0000e-12  -64.93240  -64.39568 345.076527      99.97 8.8144e+00    603.968      14496  1028.0135  1028.0110    34.3404    34.3372    7.99996         31 0.0000e+00
     94.000     93.059     0.2200  28.767720     0.2188  28.764563     5.5173     5.6011     0.0609    91.8856 1.0000e-12  -64.93242  -64.39570 345.076539      99.97 8.8144e+00    605.010      14521  1028.0073  1028.0051    34.3379    34.3350    8.00139         21 0.0000e+00
     93.000     92.068     0.2133  28.759254     0.2137  28.758139     5.5389     5.6039     0.0568    91.8844 1.0000e-12  -64.93242  -64.39570 345.076549      99.97 8.8144e+00    605.815      14541  1028.0007  1027.9991    34.3349    34.3329    8.00296         17 0.0000e+00
     92.000     91.080     0.2063  28.750541     0.2069  28.749941     5.5369     5.6051     0.0508    91.8801 1.0000e-12  -64.93242  -64.39570 345.076557      99.97 8.8144e+00    606.529      14558  1027.9941  1027.9928    34.3318    34.3303    8.00459         18 0.0000e+00
     91.000     90.089     0.1991  28.741802     0.1989  28.740390     5.5385     5.6052     0.0556    91.8592 1.0000e-12  -64.93242  -64.39572 345.076565      99.97 8.8144e+00    607.253      14575  1027.9875  1027.9862    34.3289    34.3273    8.00624         18 0.0000e+00
     90.000     89.098     0.1945  28.735923     0.1988  28.738072     5.5461     5.6019     0.0613    91.8662 1.0000e-12  -64.93242  -64.39570 345.076576      99.97 8.8144e+00    608.145      14596  1027.9814  1027.9795    34.3269    34.3250    8.00731         26 0.0000e+00
     89.000     88.109     0.2021  28.743820     0.2023  28.742949     5.5482     5.5997     0.0647    91.8608 1.0000e-12  -64.93242  -64.39570 345.076592      99.97 8.8144e+00    609.537      14630  1027.9779  1027.9769    34.3294    34.3281    8.00558         39 0.0000e+00
     88.000     87.119     0.1996  28.740742     0.2012  28.740785     5.5463     5.5976     0.0532    91.8424 1.0000e-12  -64.93242  -64.39570 345.076613      99.97 8.8144e+00    611.395      14674  1027.9728  1027.9712    34.3287    34.3270    8.00614         38 0.0000e+00
     87.000     86.130     0.1974  28.738404     0.1966  28.735556     5.5358     5.5971     0.0745    91.8442 1.0000e-12  -64.93242  -64.39570 345.076630      99.97 8.8144e+00    612.875      14710  1027.9682  1027.9660    34.3287    34.3259    8.00660         32 0.0000e+00
     86.000     85.139     0.1888  28.727303     0.1882  28.725050     5.5359     5.6002     0.0625    91.8662 1.0000e-12  -64.93242  -64.39570 345.076646      99.97 8.8144e+00    614.226      14742  1027.9605  1027.9587    34.3243    34.3220    8.00864         34 0.0000e+00
     85.000     84.151     0.1829  28.720649     0.1773  28.712873     5.5326     5.6101     0.0813    91.8627 1.0000e-12  -64.93242  -64.39570 345.076663      99.97 8.8144e+00    615.648      14777  1027.9549  1027.9521    34.3227    34.3187    8.00996         32 0.0000e+00
