NBP2113_155081_ctd/data/nbp2113_049.cnv
* Sea-Bird SBE 9 Data File:
* FileName = D:\Data\raw\NBP2113_049.hex
* Software Version Seasave V 7.26.7.121
* Temperature SN = 2438
* Conductivity SN = 2067
* Number of Bytes Per Scan = 40
* Number of Voltage Words = 5
* Number of Scans Averaged by the Deck Unit = 1
* NMEA Latitude = 64 50.72 S
* NMEA Longitude = 064 06.15 W
* NMEA UTC (Time) = Dec 11 2021  08:50:11
* NMEA baud rate = 9600
** Ship: RVIB N.B. Palmer
** Cruise: NBP2113 LTER
** Station: 617.036
** Operator: B. Urmston
# nquan = 25
# nvalues = 1261                        
# units = specified
# name 0 = prDM: Pressure, Digiquartz [db]
# name 1 = depSM: Depth [salt water, m]
# name 2 = t090C: Temperature [ITS-90, deg C]
# name 3 = c0mS/cm: Conductivity [mS/cm]
# name 4 = t190C: Temperature, 2 [ITS-90, deg C]
# name 5 = c1mS/cm: Conductivity, 2 [mS/cm]
# name 6 = sbeox0ML/L: Oxygen, SBE 43 [ml/l]
# name 7 = sbeox1ML/L: Oxygen, SBE 43, 2 [ml/l]
# name 8 = flECO-AFL: Fluorescence, WET Labs ECO-AFL/FL [mg/m^3]
# name 9 = CStarTr0: Beam Transmission, WET Labs C-Star [%]
# name 10 = par: PAR/Irradiance, Biospherical/Licor
# name 11 = latitude: Latitude [deg]
# name 12 = longitude: Longitude [deg]
# name 13 = timeJ: Julian Days
# name 14 = altM: Altimeter [m]
# name 15 = spar: SPAR, Biospherical/Licor
# name 16 = timeS: Time, Elapsed [seconds]
# name 17 = scan: Scan Count
# name 18 = density00: Density [density, kg/m^3]
# name 19 = density11: Density, 2 [density, kg/m^3]
# name 20 = sal00: Salinity, Practical [PSU]
# name 21 = sal11: Salinity, Practical, 2 [PSU]
# name 22 = oxsolML/L: Oxygen Saturation, Garcia & Gordon [ml/l]
# name 23 = nbin: number of scans per bin
# name 24 = flag: flag
# span 0 =      1.000,    633.000       
# span 1 =      0.991,    625.849       
# span 2 =    -0.2465,     1.4170       
# span 3 =  28.059718,  30.279825       
# span 4 =    -0.2471,     1.4158       
# span 5 =  28.057637,  30.277188       
# span 6 =     4.1453,     9.7507       
# span 7 =     4.2004,     9.5724       
# span 8 =    -0.0227,     1.4585       
# span 9 =    86.6742,    91.3490       
# span 10 = -1.261e-06, 1.1447e+02      
# span 11 =  -64.84556,  -64.84484      
# span 12 =  -64.10277,  -64.10142      
# span 13 = 345.371415, 345.396484      
# span 14 =       8.24,     101.20      
# span 15 = 4.9361e+01, 8.6202e+01      
# span 16 =    279.222,   2445.228      
# span 17 =       6702,      58686      
# span 18 =  1027.2166,  1030.7179      
# span 19 =  1027.2154,  1030.7166      
# span 20 =    33.8886,    34.6669      
# span 21 =    33.8868,    34.6655      
# span 22 =    7.74127,    8.12092      
# span 23 =         14,         49      
# span 24 = 0.0000e+00, 0.0000e+00      
# interval = decibars: 1                
# start_time = Dec 11 2021 08:50:11 [NMEA time, header]
# bad_flag = -9.990e-29
*END*
[from data line 290]
    295.000    291.903     1.1918  29.904114     1.1912  29.902770     4.4322     4.4907    -0.0035    91.3490 1.0000e-12  -64.84544  -64.10254 345.377277      99.97 6.1701e+01    785.762      18859  1029.1135  1029.1127    34.6144    34.6133    7.78860         43 0.0000e+00
    296.000    292.890     1.1918  29.904363     1.1916  29.903404     4.4293     4.4894    -0.0027    91.3450 1.0000e-12  -64.84544  -64.10254 345.377299      99.97 6.1701e+01    787.644      18904  1029.1182  1029.1174    34.6142    34.6131    7.78862         34 0.0000e+00
    297.000    293.883     1.1958  29.909226     1.1954  29.907990     4.4102     4.4832    -0.0123    91.3374 1.0000e-12  -64.84544  -64.10254 345.377316      99.97 6.1701e+01    789.092      18939  1029.1235  1029.1226    34.6154    34.6142    7.78776         29 0.0000e+00
    298.000    294.869     1.1948  29.908950     1.1953  29.908414     4.3983     4.4696    -0.0106    91.3048 1.0000e-12  -64.84544  -64.10254 345.377328      99.97 6.1701e+01    790.156      18965  1029.1286  1029.1275    34.6155    34.6143    7.78794         23 0.0000e+00
    299.000    295.858     1.2074  29.921511     1.2100  29.922937     4.3913     4.4618    -0.0116    91.3438 1.0000e-12  -64.84544  -64.10254 345.377339      99.97 6.1701e+01    791.121      18988  1029.1333  1029.1322    34.6171    34.6161    7.78536         24 0.0000e+00
    300.000    296.847     1.2166  29.932572     1.2152  29.930027     4.3910     4.4580    -0.0114    91.1874 1.0000e-12  -64.84546  -64.10254 345.377352      99.97 6.1701e+01    792.210      19014  1029.1399  1029.1387    34.6205    34.6187    7.78334         28 0.0000e+00
    301.000    297.835     1.2200  29.936782     1.2197  29.935120     4.3982     4.4587    -0.0034    91.2608 1.0000e-12  -64.84546  -64.10254 345.377366      99.97 6.1701e+01    793.408      19043  1029.1452  1029.1438    34.6215    34.6198    7.78261         28 0.0000e+00
    302.000    298.824     1.2202  29.937611     1.2197  29.935908     4.3978     4.4601    -0.0045    91.3362 1.0000e-12  -64.84546  -64.10254 345.377379      99.97 6.1701e+01    794.527      19070  1029.1502  1029.1490    34.6217    34.6202    7.78256         25 0.0000e+00
    303.000    299.814     1.2152  29.932955     1.2147  29.931458     4.3952     4.4592    -0.0115    91.3313 1.0000e-12  -64.84546  -64.10254 345.377390      99.97 6.1701e+01    795.504      19093  1029.1547  1029.1537    34.6208    34.6194    7.78361         23 0.0000e+00
    304.000    300.802     1.2180  29.935627     1.2175  29.933929     4.3997     4.4575    -0.0122    91.3319 1.0000e-12  -64.84546  -64.10256 345.377401      99.97 6.1701e+01    796.453      19116  1029.1591  1029.1578    34.6206    34.6190    7.78307         24 0.0000e+00
    305.000    301.790     1.2198  29.938476     1.2203  29.937903     4.3958     4.4568    -0.0079    91.3372 1.0000e-12  -64.84546  -64.10255 345.377414      99.97 6.1701e+01    797.534      19142  1029.1645  1029.1633    34.6216    34.6203    7.78265         29 0.0000e+00
    306.000    302.780     1.2208  29.939412     1.2220  29.939445     4.3958     4.4538    -0.0117    91.3274 1.0000e-12  -64.84546  -64.10256 345.377431      99.97 6.1701e+01    799.067      19179  1029.1687  1029.1676    34.6211    34.6198    7.78248         36 0.0000e+00
    307.000    303.767     1.2221  29.941310     1.2252  29.943921     4.3889     4.4530    -0.0077    91.3120 1.0000e-12  -64.84546  -64.10256 345.377453      99.97 6.1701e+01    800.898      19223  1029.1736  1029.1733    34.6215    34.6215    7.78220         31 0.0000e+00
    308.000    304.757     1.2266  29.946282     1.2242  29.942764     4.3769     4.4533    -0.0077    91.3269 1.0000e-12  -64.84546  -64.10256 345.377469      99.97 6.1701e+01    802.302      19256  1029.1787  1029.1775    34.6224    34.6205    7.78127         29 0.0000e+00
    309.000    305.745     1.2232  29.944096     1.2263  29.946030     4.3852     4.4482    -0.0077    91.3321 1.0000e-12  -64.84546  -64.10256 345.377481      99.97 6.1701e+01    803.371      19282  1029.1841  1029.1830    34.6228    34.6218    7.78192         22 0.0000e+00
    310.000    306.736     1.2254  29.946357     1.2250  29.945093     4.3961     4.4513    -0.0077    91.3424 1.0000e-12  -64.84546  -64.10256 345.377491      99.97 6.1701e+01    804.262      19303  1029.1885  1029.1876    34.6226    34.6214    7.78149         22 0.0000e+00
    311.000    307.723     1.2236  29.945034     1.2242  29.944280     4.4012     4.4535    -0.0045    91.3437 1.0000e-12  -64.84546  -64.10256 345.377503      99.97 6.1765e+01    805.273      19328  1029.1932  1029.1919    34.6223    34.6207    7.78185         27 0.0000e+00
    312.000    308.712     1.2230  29.944768     1.2226  29.943404     4.3911     4.4503    -0.0087    91.3437 1.0000e-12  -64.84546  -64.10257 345.377518      99.97 6.2423e+01    806.555      19358  1029.1977  1029.1968    34.6220    34.6207    7.78199         34 0.0000e+00
    313.000    309.700     1.2222  29.943966     1.2222  29.943127     4.3807     4.4506    -0.0090    91.3476 1.0000e-12  -64.84546  -64.10256 345.377535      99.97 6.2341e+01    807.981      19393  1029.2020  1029.2011    34.6214    34.6202    7.78219         33 0.0000e+00
    314.000    310.690     1.2247  29.947276     1.2250  29.946398     4.3863     4.4494    -0.0077    91.3445 1.0000e-12  -64.84546  -64.10258 345.377550      99.97 6.2407e+01    809.283      19424  1029.2072  1029.2060    34.6222    34.6208    7.78164         30 0.0000e+00
    315.000    311.678     1.2256  29.948654     1.2253  29.947177     4.3922     4.4520    -0.0077    91.3198 1.0000e-12  -64.84546  -64.10258 345.377564      99.97 6.2581e+01    810.510      19453  1029.2120  1029.2108    34.6224    34.6208    7.78146         30 0.0000e+00
    316.000    312.666     1.2253  29.948711     1.2249  29.947275     4.3880     4.4497    -0.0077    91.3228 1.0000e-12  -64.84546  -64.10258 345.377579      99.97 6.3252e+01    811.848      19485  1029.2166  1029.2155    34.6222    34.6208    7.78152         32 0.0000e+00
    317.000    313.656     1.2270  29.950492     1.2275  29.950128     4.3798     4.4422    -0.0077    91.3439 1.0000e-12  -64.84546  -64.10258 345.377597      99.97 6.3466e+01    813.339      19521  1029.2210  1029.2201    34.6221    34.6211    7.78120         34 0.0000e+00
    318.000    314.644     1.2343  29.959089     1.2328  29.956691     4.3768     4.4383    -0.0203    91.3437 1.0000e-12  -64.84546  -64.10258 345.377613      99.97 6.3464e+01    814.737      19555  1029.2268  1029.2259    34.6244    34.6230    7.77962         31 0.0000e+00
    319.000    315.633     1.2331  29.958422     1.2325  29.956493     4.3685     4.4370    -0.0061    91.3437 1.0000e-12  -64.84546  -64.10258 345.377627      99.97 6.3464e+01    815.938      19584  1029.2316  1029.2302    34.6243    34.6225    7.77986         27 0.0000e+00
    320.000    316.621     1.2377  29.963435     1.2368  29.961424     4.3627     4.4320    -0.0008    91.3195 1.0000e-12  -64.84546  -64.10258 345.377638      99.97 6.3464e+01    816.950      19608  1029.2365  1029.2353    34.6251    34.6235    7.77892         23 0.0000e+00
    321.000    317.610     1.2412  29.968113     1.2413  29.966959     4.3652     4.4349    -0.0116    91.3180 1.0000e-12  -64.84546  -64.10259 345.377651      99.97 6.3464e+01    818.057      19634  1029.2420  1029.2408    34.6266    34.6250    7.77813         32 0.0000e+00
    322.000    318.600     1.2403  29.967081     1.2408  29.966700     4.3742     4.4313    -0.0073    91.3179 1.0000e-12  -64.84546  -64.10260 345.377671      99.97 6.3464e+01    819.787      19676  1029.2462  1029.2454    34.6257    34.6247    7.77837         44 0.0000e+00
    323.000    319.587     1.2405  29.968048     1.2395  29.965962     4.3774     4.4298    -0.0042    91.3179 1.0000e-12  -64.84546  -64.10259 345.377692      99.97 6.3464e+01    821.583      19719  1029.2513  1029.2502    34.6261    34.6246    7.77830         34 0.0000e+00
    324.000    320.575     1.2394  29.967501     1.2391  29.965903     4.3621     4.4270    -0.0135    91.3179 1.0000e-12  -64.84546  -64.10259 345.377705      99.97 6.2863e+01    822.693      19746  1029.2561  1029.2548    34.6261    34.6243    7.77853         21 0.0000e+00
    325.000    321.566     1.2391  29.967255     1.2401  29.967421     4.3601     4.4279    -0.0077    91.3179 1.0000e-12  -64.84546  -64.10258 345.377714      99.97 6.1905e+01    823.473      19764  1029.2604  1029.2595    34.6255    34.6246    7.77862         18 0.0000e+00
    326.000    322.553     1.2429  29.971595     1.2421  29.969976     4.3616     4.4263    -0.0077    91.3179 1.0000e-12  -64.84546  -64.10260 345.377722      99.97 6.2008e+01    824.180      19781  1029.2654  1029.2645    34.6263    34.6251    7.77782         17 0.0000e+00
    327.000    323.543     1.2448  29.974554     1.2444  29.972596     4.3689     4.4261    -0.0074    91.3313 1.0000e-12  -64.84547  -64.10260 345.377731      99.97 6.1877e+01    824.957      19800  1029.2708  1029.2691    34.6274    34.6253    7.77739         21 0.0000e+00
    328.000    324.531     1.2462  29.975813     1.2459  29.975047     4.3696     4.4262    -0.0077    91.3207 1.0000e-12  -64.84548  -64.10261 345.377747      99.97 6.1987e+01    826.345      19833  1029.2749  1029.2744    34.6269    34.6262    7.77714         37 0.0000e+00
    329.000    325.518     1.2477  29.977974     1.2467  29.976276     4.3766     4.4244    -0.0022    91.3243 1.0000e-12  -64.84548  -64.10261 345.377775      99.97 6.3244e+01    828.717      19890  1029.2799  1029.2791    34.6273    34.6263    7.77680         33 0.0000e+00
    330.000    326.507     1.2404  29.971532     1.2394  29.969430     4.3748     4.4203    -0.0071    91.3483 1.0000e-12  -64.84548  -64.10260 345.377788      99.97 6.3080e+01    829.886      19918  1029.2849  1029.2836    34.6267    34.6250    7.77830         23 0.0000e+00
    331.000    327.498     1.2415  29.972824     1.2414  29.971692     4.3725     4.4181    -0.0077    91.3225 1.0000e-12  -64.84548  -64.10260 345.377798      99.97 6.2429e+01    830.706      19938  1029.2893  1029.2882    34.6265    34.6252    7.77809         17 0.0000e+00
    332.000    328.486     1.2424  29.973820     1.2405  29.970619     4.3711     4.4249    -0.0091    91.3292 1.0000e-12  -64.84548  -64.10260 345.377806      99.97 6.2362e+01    831.401      19955  1029.2937  1029.2923    34.6263    34.6243    7.77793         16 0.0000e+00
    333.000    329.474     1.2445  29.976902     1.2446  29.975694     4.3750     4.4282    -0.0224    91.3288 1.0000e-12  -64.84548  -64.10260 345.377814      99.97 6.2443e+01    832.123      19972  1029.2989  1029.2977    34.6272    34.6256    7.77745         19 0.0000e+00
    334.000    330.463     1.2424  29.975230     1.2433  29.975050     4.3768     4.4354    -0.0109    91.3192 1.0000e-12  -64.84548  -64.10260 345.377825      99.97 6.3359e+01    833.115      19996  1029.3036  1029.3024    34.6269    34.6256    7.77789         31 0.0000e+00
    335.000    331.451     1.2382  29.970675     1.2382  29.969844     4.3717     4.4347    -0.0112    91.2993 1.0000e-12  -64.84548  -64.10262 345.377846      99.96 6.3462e+01    834.902      20039  1029.3073  1029.3065    34.6250    34.6240    7.77881         37 0.0000e+00
    336.000    332.440     1.2380  29.970954     1.2370  29.968962     4.3750     4.4343    -0.0051    91.3196 1.0000e-12  -64.84548  -64.10262 345.377869      99.97 6.3464e+01    836.841      20085  1029.3119  1029.3110    34.6250    34.6237    7.77885         38 0.0000e+00
    337.000    333.427     1.2368  29.970076     1.2363  29.968536     4.3798     4.4308    -0.0075    91.3378 1.0000e-12  -64.84548  -64.10260 345.377885      99.97 6.3464e+01    838.240      20119  1029.3165  1029.3154    34.6247    34.6233    7.77911         30 0.0000e+00
    338.000    334.418     1.2381  29.972018     1.2378  29.970686     4.3633     4.4172    -0.0151    91.3447 1.0000e-12  -64.84548  -64.10260 345.377899      99.97 6.3464e+01    839.460      20148  1029.3214  1029.3203    34.6252    34.6238    7.77884         28 0.0000e+00
    339.000    335.405     1.2407  29.975239     1.2402  29.973623     4.3542     4.4124    -0.0105    91.3403 1.0000e-12  -64.84548  -64.10260 345.377911      99.97 6.3464e+01    840.516      20173  1029.3264  1029.3252    34.6258    34.6243    7.77827         23 0.0000e+00
    340.000    336.393     1.2453  29.980070     1.2431  29.977027     4.3462     4.4109    -0.0103    91.2932 1.0000e-12  -64.84548  -64.10260 345.377921      99.97 6.3464e+01    841.378      20194  1029.3311  1029.3299    34.6264    34.6249    7.77734         20 0.0000e+00
    341.000    337.383     1.2592  29.994891     1.2597  29.994234     4.3274     4.4076    -0.0142    91.2958 1.0000e-12  -64.84548  -64.10262 345.377931      99.97 6.3464e+01    842.229      20215  1029.3367  1029.3356    34.6293    34.6279    7.77442         21 0.0000e+00
    342.000    338.371     1.2518  29.989519     1.2518  29.988721     4.3245     4.4086    -0.0078    91.3359 1.0000e-12  -64.84548  -64.10262 345.377941      99.97 6.3464e+01    843.144      20236  1029.3428  1029.3420    34.6301    34.6291    7.77585         22 0.0000e+00
    343.000    339.360     1.2675  30.004004     1.2601  29.995246     4.3305     4.4014    -0.0021    91.3194 1.0000e-12  -64.84548  -64.10262 345.377956      99.97 6.3464e+01    844.404      20267  1029.3464  1029.3448    34.6307    34.6277    7.77271         36 0.0000e+00
    344.000    340.346     1.2648  30.001959     1.2647  30.001451     4.3188     4.3902    -0.0031    91.3268 1.0000e-12  -64.84548  -64.10262 345.377978      99.97 6.3464e+01    846.299      20312  1029.3513  1029.3508    34.6305    34.6300    7.77325         35 0.0000e+00
    345.000    341.337     1.2714  30.010454     1.2703  30.008094     4.3215     4.3892    -0.0078    91.2882 1.0000e-12  -64.84548  -64.10262 345.377995      99.97 6.3464e+01    847.775      20348  1029.3578  1029.3565    34.6335    34.6317    7.77179         28 0.0000e+00
    346.000    342.325     1.2762  30.016032     1.2762  30.014821     4.3232     4.3880    -0.0077    91.2851 1.0000e-12  -64.84548  -64.10261 345.378007      99.97 6.3464e+01    848.792      20372  1029.3630  1029.3617    34.6347    34.6332    7.77076         22 0.0000e+00
    347.000    343.314     1.2740  30.014705     1.2741  30.013414     4.3208     4.3811    -0.0069    91.3119 1.0000e-12  -64.84548  -64.10261 345.378016      99.97 6.3464e+01    849.608      20392  1029.3681  1029.3668    34.6349    34.6331    7.77120         19 0.0000e+00
    348.000    344.304     1.2789  30.019256     1.2789  30.018632     4.3169     4.3787    -0.0183    91.3271 1.0000e-12  -64.84548  -64.10262 345.378027      99.97 6.3464e+01    850.491      20413  1029.3723  1029.3715    34.6346    34.6339    7.77023         24 0.0000e+00
    349.000    345.290     1.2841  30.025453     1.2835  30.023461     4.3206     4.3809    -0.0114    91.3016 1.0000e-12  -64.84548  -64.10263 345.378041      99.97 6.3464e+01    851.723      20442  1029.3778  1029.3764    34.6363    34.6345    7.76912         35 0.0000e+00
    350.000    346.280     1.2840  30.025997     1.2824  30.023610     4.3339     4.3891    -0.0077    91.3090 1.0000e-12  -64.84548  -64.10264 345.378058      99.97 6.3464e+01    853.198      20478  1029.3828  1029.3819    34.6365    34.6352    7.76913         35 0.0000e+00
    351.000    347.269     1.2753  30.017550     1.2739  30.014824     4.3345     4.3900    -0.0110    91.3269 1.0000e-12  -64.84548  -64.10264 345.378074      99.97 6.3464e+01    854.571      20511  1029.3870  1029.3856    34.6348    34.6328    7.77095         31 0.0000e+00
