NBP2113_155081_ctd/data/nbp2113_024.cnv
* Sea-Bird SBE 9 Data File:
* FileName = D:\Data\raw\NBP2113_024.hex
* Software Version Seasave V 7.26.7.121
* Temperature SN = 2438
* Conductivity SN = 2067
* Number of Bytes Per Scan = 40
* Number of Voltage Words = 5
* Number of Scans Averaged by the Deck Unit = 1
* NMEA Latitude = 67 06.83 S
* NMEA Longitude = 071 31.86 W
* NMEA UTC (Time) = Dec 02 2021  07:40:38
* NMEA baud rate = 9600
** Ship: RVIB N.B. Palmer
** Cruise: NBP2113 LTER
** Station: 200.100
** Operator: B. Urmston
# nquan = 25
# nvalues = 838                         
# units = specified
# name 0 = prDM: Pressure, Digiquartz [db]
# name 1 = depSM: Depth [salt water, m]
# name 2 = t090C: Temperature [ITS-90, deg C]
# name 3 = c0mS/cm: Conductivity [mS/cm]
# name 4 = t190C: Temperature, 2 [ITS-90, deg C]
# name 5 = c1mS/cm: Conductivity, 2 [mS/cm]
# name 6 = sbeox0ML/L: Oxygen, SBE 43 [ml/l]
# name 7 = sbeox1ML/L: Oxygen, SBE 43, 2 [ml/l]
# name 8 = flECO-AFL: Fluorescence, WET Labs ECO-AFL/FL [mg/m^3]
# name 9 = CStarTr0: Beam Transmission, WET Labs C-Star [%]
# name 10 = par: PAR/Irradiance, Biospherical/Licor
# name 11 = latitude: Latitude [deg]
# name 12 = longitude: Longitude [deg]
# name 13 = timeJ: Julian Days
# name 14 = altM: Altimeter [m]
# name 15 = spar: SPAR, Biospherical/Licor
# name 16 = timeS: Time, Elapsed [seconds]
# name 17 = scan: Scan Count
# name 18 = density00: Density [density, kg/m^3]
# name 19 = density11: Density, 2 [density, kg/m^3]
# name 20 = sal00: Salinity, Practical [PSU]
# name 21 = sal11: Salinity, Practical, 2 [PSU]
# name 22 = oxsolML/L: Oxygen Saturation, Garcia & Gordon [ml/l]
# name 23 = nbin: number of scans per bin
# name 24 = flag: flag
# span 0 =      1.000,    422.000       
# span 1 =      0.990,    417.380       
# span 2 =    -0.4946,     1.4783       
# span 3 =  27.886151,  30.208013       
# span 4 =    -0.4946,     1.4779       
# span 5 =  27.882935,  30.206382       
# span 6 =     3.5096,    17.6668       
# span 7 =     3.9074,     9.9644       
# span 8 =    -0.0148,     3.2440       
# span 9 =    87.7380,    97.3027       
# span 10 = -7.718e-06, 5.7867e+01      
# span 11 =  -67.11402,  -67.11380      
# span 12 =  -71.53106,  -71.52968      
# span 13 = 336.323486, 336.344568      
# span 14 =       8.43,     101.37      
# span 15 = 2.8141e+01, 6.5242e+01      
# span 16 =    311.291,   2132.679      
# span 17 =       7472,      51185      
# span 18 =  1027.3386,  1029.7721      
# span 19 =  1027.3372,  1029.7706      
# span 20 =    34.0145,    34.7102      
# span 21 =    34.0122,    34.7084      
# span 22 =    7.72767,    8.17097      
# span 23 =          1,         45      
# span 24 = 0.0000e+00, 0.0000e+00      
# interval = decibars: 1                
# start_time = Dec 02 2021 07:40:38 [NMEA time, header]
# bad_flag = -9.990e-29
*END*
[from data line 290]
    296.000    292.845     1.4361  30.179943     1.4356  30.177984     3.9473     3.9965     0.0134    97.2712 1.0000e-12  -67.11384  -71.52994 336.329872      99.98 5.4773e+01    862.917      20711  1029.1655  1029.1641    34.6960    34.6941    7.73596         30 0.0000e+00
    297.000    293.834     1.4352  30.179553     1.4350  30.177968     3.9449     3.9972     0.0008    97.2454 1.0000e-12  -67.11384  -71.52994 336.329886      99.97 5.4649e+01    864.192      20742  1029.1702  1029.1688    34.6960    34.6942    7.73614         30 0.0000e+00
    298.000    294.824     1.4347  30.179607     1.4343  30.177981     3.9421     3.9950    -0.0013    97.2593 1.0000e-12  -67.11384  -71.52994 336.329899      99.98 5.4649e+01    865.285      20768  1029.1750  1029.1737    34.6960    34.6944    7.73624         23 0.0000e+00
    299.000    295.812     1.4343  30.179831     1.4340  30.178099     3.9382     3.9925     0.0057    97.2660 1.0000e-12  -67.11384  -71.52994 336.329909      99.98 5.4649e+01    866.169      20789  1029.1798  1029.1783    34.6962    34.6942    7.73630         20 0.0000e+00
    300.000    296.801     1.4340  30.180110     1.4336  30.178353     3.9405     3.9894     0.0115    97.1654 1.0000e-12  -67.11384  -71.52994 336.329919      99.97 5.4649e+01    866.983      20809  1029.1845  1029.1831    34.6962    34.6944    7.73635         18 0.0000e+00
    301.000    297.789     1.4338  30.180371     1.4335  30.178725     3.9474     3.9920    -0.0067    97.2465 1.0000e-12  -67.11384  -71.52994 336.329928      99.98 5.4649e+01    867.758      20827  1029.1892  1029.1879    34.6962    34.6945    7.73639         19 0.0000e+00
    302.000    298.777     1.4333  30.180311     1.4329  30.178765     3.9467     3.9935    -0.0013    97.2687 1.0000e-12  -67.11384  -71.52994 336.329936      99.98 5.4649e+01    868.511      20845  1029.1939  1029.1927    34.6961    34.6946    7.73650         18 0.0000e+00
    303.000    299.769     1.4316  30.179650     1.4313  30.177891     3.9476     3.9957     0.0016    97.2536 1.0000e-12  -67.11384  -71.52994 336.329945      99.98 5.4649e+01    869.252      20863  1029.1991  1029.1976    34.6966    34.6947    7.73681         18 0.0000e+00
    304.000    300.754     1.4304  30.179071     1.4300  30.177547     3.9460     3.9948     0.0018    97.2420 1.0000e-12  -67.11384  -71.52996 336.329954      99.98 5.4649e+01    870.034      20882  1029.2039  1029.2027    34.6966    34.6951    7.73705         20 0.0000e+00
    305.000    301.746     1.4310  30.180135     1.4308  30.178567     3.9439     3.9906     0.0084    97.2316 1.0000e-12  -67.11385  -71.52997 336.329996      99.98 5.4649e+01    873.680      20969  1029.2085  1029.2071    34.6967    34.6949    7.73692         24 0.0000e+00
    306.000    302.729     1.4308  30.180505     1.4300  30.178494     3.9507     3.9841    -0.0037    97.2404 1.0000e-12  -67.11386  -71.52996 336.330038      99.98 5.4649e+01    877.256      21055  1029.2133  1029.2121    34.6968    34.6952    7.73695         14 0.0000e+00
    307.000    303.723     1.4302  30.180720     1.4297  30.178995     3.9519     3.9862    -0.0071    97.2403 1.0000e-12  -67.11386  -71.52996 336.330043      99.98 5.4649e+01    877.712      21066  1029.2183  1029.2170    34.6971    34.6955    7.73705         11 0.0000e+00
    308.000    304.709     1.4299  30.181184     1.4296  30.179577     3.9523     3.9898    -0.0013    97.2403 1.0000e-12  -67.11386  -71.52996 336.330049      99.98 5.4649e+01    878.211      21078  1029.2232  1029.2219    34.6974    34.6958    7.73709         12 0.0000e+00
    309.000    305.698     1.4277  30.179805     1.4274  30.178245     3.9484     3.9942     0.0019    97.2344 1.0000e-12  -67.11386  -71.52996 336.330054      95.93 5.4649e+01    878.709      21090  1029.2283  1029.2270    34.6976    34.6959    7.73752         13 0.0000e+00
    310.000    306.687     1.4265  30.179218     1.4261  30.177541     3.9492     3.9940     0.0009    97.1691 1.0000e-12  -67.11386  -71.52996 336.330060      10.96 5.4649e+01    879.198      21102  1029.2332  1029.2318    34.6976    34.6959    7.73776         11 0.0000e+00
    311.000    307.677     1.4253  30.178764     1.4252  30.177261     3.9490     3.9973    -0.0004    97.0926 1.0000e-12  -67.11386  -71.52997 336.330066      34.60 5.4649e+01    879.685      21113  1029.2380  1029.2366    34.6977    34.6960    7.73798         12 0.0000e+00
    312.000    308.661     1.4243  30.178286     1.4240  30.176814     3.9539     4.0014     0.0008    97.1928 1.0000e-12  -67.11386  -71.52998 336.330071      99.75 5.4649e+01    880.186      21125  1029.2428  1029.2415    34.6977    34.6961    7.73818         12 0.0000e+00
    313.000    309.652     1.4228  30.177615     1.4225  30.176091     3.9502     4.0007     0.0018    97.2441 1.0000e-12  -67.11386  -71.52998 336.330078      99.98 5.4649e+01    880.707      21138  1029.2478  1029.2466    34.6979    34.6963    7.73846         13 0.0000e+00
    314.000    310.643     1.4231  30.178235     1.4233  30.176871     3.9483     3.9985     0.0023    97.2167 1.0000e-12  -67.11386  -71.52999 336.330100      99.98 5.4320e+01    882.597      21183  1029.2523  1029.2508    34.6978    34.6959    7.73841         29 0.0000e+00
    315.000    311.629     1.4244  30.179670     1.4259  30.179438     3.9458     3.9978     0.0024    97.2086 1.0000e-12  -67.11386  -71.53000 336.330143      99.98 5.3514e+01    886.369      21274  1029.2566  1029.2549    34.6976    34.6957    7.73816         34 0.0000e+00
    316.000    312.619     1.4230  30.178880     1.4239  30.178228     3.9494     3.9982     0.0125    97.1900 1.0000e-12  -67.11386  -71.53002 336.330160      99.98 5.2936e+01    887.818      21309  1029.2614  1029.2599    34.6975    34.6957    7.73844         33 0.0000e+00
    317.000    313.605     1.4215  30.178284     1.4221  30.177432     3.9485     3.9934     0.0126    97.2092 1.0000e-12  -67.11386  -71.53004 336.330174      99.97 5.2884e+01    889.059      21338  1029.2666  1029.2651    34.6979    34.6961    7.73873         26 0.0000e+00
    318.000    314.595     1.4192  30.177050     1.4188  30.175366     3.9519     3.9918     0.0116    97.2029 1.0000e-12  -67.11386  -71.53006 336.330185      99.98 5.2886e+01    890.023      21362  1029.2718  1029.2705    34.6983    34.6966    7.73915         22 0.0000e+00
    319.000    315.583     1.4191  30.177469     1.4188  30.175765     3.9499     3.9962     0.0023    97.1892 1.0000e-12  -67.11386  -71.53006 336.330195      99.98 5.2886e+01    890.892      21382  1029.2764  1029.2751    34.6983    34.6965    7.73916         21 0.0000e+00
    320.000    316.573     1.4189  30.177728     1.4186  30.176032     3.9470     3.9976     0.0112    97.1888 1.0000e-12  -67.11386  -71.53006 336.330207      99.98 5.2886e+01    891.887      21406  1029.2812  1029.2798    34.6984    34.6965    7.73922         28 0.0000e+00
    321.000    317.560     1.4186  30.178109     1.4184  30.176484     3.9516     3.9881     0.0132    97.1868 1.0000e-12  -67.11386  -71.53004 336.330224      99.98 5.2886e+01    893.373      21442  1029.2860  1029.2846    34.6986    34.6967    7.73925         39 0.0000e+00
    322.000    318.549     1.4186  30.178675     1.4183  30.177070     3.9528     3.9916     0.0084    97.1957 1.0000e-12  -67.11387  -71.53003 336.330239      99.98 5.2886e+01    894.657      21473  1029.2909  1029.2895    34.6987    34.6970    7.73925         23 0.0000e+00
    323.000    319.538     1.4187  30.179297     1.4182  30.177611     3.9580     3.9965     0.0012    97.1886 1.0000e-12  -67.11388  -71.53002 336.330248      99.98 5.2886e+01    895.460      21492  1029.2956  1029.2944    34.6988    34.6972    7.73922         16 0.0000e+00
    324.000    320.524     1.4185  30.180026     1.4181  30.178269     3.9590     4.0009     0.0130    97.1888 1.0000e-12  -67.11388  -71.53002 336.330256      99.97 5.1074e+01    896.080      21507  1029.3008  1029.2994    34.6994    34.6976    7.73924         14 0.0000e+00
    325.000    321.515     1.4181  30.180338     1.4177  30.178637     3.9616     4.0074     0.0126    97.1888 1.0000e-12  -67.11388  -71.53002 336.330262      99.98 5.1124e+01    896.622      21520  1029.3057  1029.3043    34.6996    34.6979    7.73929         13 0.0000e+00
    326.000    322.503     1.4158  30.178786     1.4157  30.177355     3.9611     4.0102     0.0124    97.1932 1.0000e-12  -67.11388  -71.53002 336.330268      82.44 5.1124e+01    897.151      21533  1029.3107  1029.3093    34.6997    34.6980    7.73975         12 0.0000e+00
    327.000    323.492     1.4136  30.177397     1.4133  30.175852     3.9622     4.0119     0.0133    97.1733 1.0000e-12  -67.11388  -71.53003 336.330274       8.94 5.1124e+01    897.710      21546  1029.3157  1029.3143    34.6998    34.6981    7.74018         15 0.0000e+00
    328.000    324.481     1.4148  30.178857     1.4146  30.177227     3.9592     4.0055     0.0074    97.1793 1.0000e-12  -67.11387  -71.53008 336.330304      55.50 5.1124e+01    900.237      21607  1029.3201  1029.3187    34.6997    34.6979    7.73994         31 0.0000e+00
    329.000    325.469     1.4160  30.180110     1.4156  30.178377     3.9576     4.0046     0.0146    97.1660 1.0000e-12  -67.11386  -71.53012 336.330345      99.72 5.0623e+01    903.831      21693  1029.3244  1029.3231    34.6994    34.6976    7.73973         36 0.0000e+00
    330.000    326.457     1.4134  30.178444     1.4128  30.176607     3.9650     4.0106    -0.0010    97.1706 1.0000e-12  -67.11388  -71.53012 336.330363      99.98 4.9327e+01    905.373      21730  1029.3295  1029.3282    34.6996    34.6978    7.74023         35 0.0000e+00
    331.000    327.444     1.4125  30.178328     1.4122  30.176765     3.9619     4.0076    -0.0069    97.1629 1.0000e-12  -67.11388  -71.53010 336.330377      99.98 4.9361e+01    906.579      21759  1029.3345  1029.3331    34.6998    34.6981    7.74038         23 0.0000e+00
    332.000    328.434     1.4152  30.181792     1.4146  30.179967     3.9635     4.0020    -0.0049    97.1687 1.0000e-12  -67.11388  -71.53010 336.330387      99.92 4.9361e+01    907.448      21780  1029.3396  1029.3383    34.7007    34.6990    7.73981         19 0.0000e+00
    333.000    329.424     1.4284  30.194872     1.4283  30.193452     3.9630     4.0014    -0.0068    97.1840 1.0000e-12  -67.11388  -71.53010 336.330395      98.87 4.9361e+01    908.140      21796  1029.3440  1029.3427    34.7021    34.7005    7.73713         15 0.0000e+00
    334.000    330.410     1.4260  30.193076     1.4258  30.191646     3.9652     4.0067    -0.0061    97.1814 1.0000e-12  -67.11388  -71.53010 336.330402      98.06 4.9361e+01    908.752      21811  1029.3489  1029.3476    34.7020    34.7004    7.73763         14 0.0000e+00
    335.000    331.400     1.4212  30.189298     1.4205  30.187590     3.9688     4.0143     0.0008    97.1702 1.0000e-12  -67.11388  -71.53010 336.330409      97.29 4.9361e+01    909.326      21825  1029.3540  1029.3529    34.7019    34.7005    7.73857         14 0.0000e+00
    336.000    332.390     1.4176  30.186769     1.4172  30.185277     3.9731     4.0160     0.0049    97.1020 1.0000e-12  -67.11388  -71.53010 336.330416      96.45 4.9361e+01    909.910      21839  1029.3592  1029.3581    34.7020    34.7005    7.73926         15 0.0000e+00
    337.000    333.376     1.4197  30.189978     1.4199  30.188882     3.9749     4.0140     0.0127    97.1486 1.0000e-12  -67.11388  -71.53010 336.330423      95.44 4.9361e+01    910.533      21854  1029.3646  1029.3633    34.7032    34.7016    7.73878         15 0.0000e+00
    338.000    334.364     1.4247  30.195334     1.4242  30.193623     3.9712     4.0131     0.0062    97.1952 1.0000e-12  -67.11390  -71.53012 336.330432      93.96 4.9361e+01    911.284      21872  1029.3694  1029.3681    34.7040    34.7023    7.73777         22 0.0000e+00
    339.000    335.353     1.4244  30.195441     1.4244  30.194084     3.9653     4.0155     0.0094    97.2155 1.0000e-12  -67.11390  -71.53015 336.330451      92.54 4.8401e+01    912.986      21913  1029.3740  1029.3726    34.7039    34.7021    7.73784         29 0.0000e+00
    340.000    336.342     1.4237  30.195152     1.4236  30.193726     3.9672     4.0138    -0.0072    97.1284 1.0000e-12  -67.11389  -71.53016 336.330493      91.59 4.7581e+01    916.613      22000  1029.3787  1029.3773    34.7037    34.7019    7.73798         25 0.0000e+00
    341.000    337.330     1.4249  30.196976     1.4244  30.195226     3.9670     4.0147    -0.0042    97.2275 1.0000e-12  -67.11388  -71.53016 336.330503      90.66 4.7598e+01    917.494      22021  1029.3836  1029.3823    34.7041    34.7024    7.73772         21 0.0000e+00
    342.000    338.318     1.4240  30.196742     1.4236  30.194983     3.9630     4.0178     0.0013    97.2569 1.0000e-12  -67.11388  -71.53017 336.330515      89.81 4.7598e+01    918.459      22044  1029.3885  1029.3871    34.7042    34.7024    7.73789         28 0.0000e+00
    343.000    339.306     1.4239  30.196923     1.4237  30.195435     3.9683     4.0097    -0.0021    97.2537 1.0000e-12  -67.11390  -71.53018 336.330557      88.31 4.7095e+01    922.095      22131  1029.3931  1029.3917    34.7040    34.7023    7.73792         30 0.0000e+00
    344.000    340.295     1.4242  30.197826     1.4237  30.196129     3.9605     4.0092    -0.0008    97.2460 1.0000e-12  -67.11390  -71.53018 336.330567      87.62 4.5776e+01    923.008      22153  1029.3979  1029.3967    34.7042    34.7026    7.73785         17 0.0000e+00
    345.000    341.283     1.4244  30.198464     1.4240  30.196873     3.9650     4.0077    -0.0067    97.2607 1.0000e-12  -67.11390  -71.53018 336.330574      86.82 4.5835e+01    923.608      22168  1029.4026  1029.4014    34.7042    34.7027    7.73781         14 0.0000e+00
    346.000    342.272     1.4247  30.199239     1.4243  30.197591     3.9681     4.0100    -0.0041    97.2533 1.0000e-12  -67.11390  -71.53018 336.330580      86.22 4.5835e+01    924.139      22180  1029.4073  1029.4060    34.7043    34.7026    7.73775         12 0.0000e+00
    347.000    343.258     1.4252  30.200293     1.4248  30.198556     3.9687     4.0099     0.0014    97.2446 1.0000e-12  -67.11390  -71.53019 336.330586      85.14 4.5835e+01    924.648      22193  1029.4121  1029.4108    34.7045    34.7028    7.73764         12 0.0000e+00
    348.000    344.249     1.4255  30.201076     1.4250  30.199458     3.9656     4.0123     0.0014    97.2404 1.0000e-12  -67.11390  -71.53020 336.330592      84.20 4.5835e+01    925.139      22204  1029.4169  1029.4156    34.7046    34.7031    7.73758         12 0.0000e+00
    349.000    345.238     1.4256  30.201720     1.4253  30.200028     3.9649     4.0101     0.0008    97.2403 1.0000e-12  -67.11390  -71.53020 336.330598      82.79 4.5835e+01    925.631      22216  1029.4217  1029.4203    34.7048    34.7030    7.73755         12 0.0000e+00
    350.000    346.226     1.4253  30.201967     1.4249  30.200324     3.9629     4.0104     0.0018    97.2403 1.0000e-12  -67.11390  -71.53022 336.330603      81.76 4.5835e+01    926.140      22228  1029.4264  1029.4251    34.7049    34.7032    7.73761         13 0.0000e+00
    351.000    347.215     1.4245  30.201727     1.4242  30.200030     3.9662     4.0130     0.0094    97.2387 1.0000e-12  -67.11390  -71.53022 336.330615      80.36 4.5835e+01    927.124      22252  1029.4313  1029.4299    34.7049    34.7030    7.73777         28 0.0000e+00
    352.000    348.201     1.4252  30.202597     1.4250  30.201005     3.9685     4.0147     0.0121    97.1964 1.0000e-12  -67.11390  -71.53020 336.330667      79.20 4.5835e+01    931.610      22360  1029.4356  1029.4342    34.7045    34.7028    7.73763         26 0.0000e+00
