NBP2113_155081_ctd/data/nbp2113_015.cnv
* Sea-Bird SBE 9 Data File:
* FileName = D:\Data\raw\NBP2113_015.hex
* Software Version Seasave V 7.26.7.121
* Temperature SN = 2438
* Conductivity SN = 2067
* Number of Bytes Per Scan = 40
* Number of Voltage Words = 5
* Number of Scans Averaged by the Deck Unit = 1
* NMEA Latitude = 66 15.27 S
* NMEA Longitude = 067 20.33 W
* NMEA UTC (Time) = Nov 27 2021  19:51:53
* NMEA baud rate = 9600
** Ship: RVIB N.B. Palmer
** Cruise: NBP2113 LTER
** Station: 500.040
** Operator: S. Blackman
# nquan = 25
# nvalues = 397                         
# units = specified
# name 0 = prDM: Pressure, Digiquartz [db]
# name 1 = depSM: Depth [salt water, m]
# name 2 = t090C: Temperature [ITS-90, deg C]
# name 3 = c0mS/cm: Conductivity [mS/cm]
# name 4 = t190C: Temperature, 2 [ITS-90, deg C]
# name 5 = c1mS/cm: Conductivity, 2 [mS/cm]
# name 6 = sbeox0ML/L: Oxygen, SBE 43 [ml/l]
# name 7 = sbeox1ML/L: Oxygen, SBE 43, 2 [ml/l]
# name 8 = flECO-AFL: Fluorescence, WET Labs ECO-AFL/FL [mg/m^3]
# name 9 = CStarTr0: Beam Transmission, WET Labs C-Star [%]
# name 10 = par: PAR/Irradiance, Biospherical/Licor
# name 11 = latitude: Latitude [deg]
# name 12 = longitude: Longitude [deg]
# name 13 = timeJ: Julian Days
# name 14 = altM: Altimeter [m]
# name 15 = spar: SPAR, Biospherical/Licor
# name 16 = timeS: Time, Elapsed [seconds]
# name 17 = scan: Scan Count
# name 18 = density00: Density [density, kg/m^3]
# name 19 = density11: Density, 2 [density, kg/m^3]
# name 20 = sal00: Salinity, Practical [PSU]
# name 21 = sal11: Salinity, Practical, 2 [PSU]
# name 22 = oxsolML/L: Oxygen Saturation, Garcia & Gordon [ml/l]
# name 23 = nbin: number of scans per bin
# name 24 = flag: flag
# span 0 =      1.000,    201.000       
# span 1 =      0.989,    198.916       
# span 2 =    -1.3985,     0.7608       
# span 3 =  27.034742,  29.401090       
# span 4 =    -1.4015,     0.7552       
# span 5 =  27.033585,  29.393253       
# span 6 =     4.5829,     9.0878       
# span 7 =     4.8026,     8.3178       
# span 8 =    -0.0008,     1.5687       
# span 9 =    88.3627,    97.0095       
# span 10 = -1.852e-07, 4.9987e+02      
# span 11 =  -66.25470,  -66.25444      
# span 12 =  -67.33948,  -67.33831      
# span 13 = 331.831110, 331.845004      
# span 14 =       1.33,     100.02      
# span 15 = 3.4729e+02, 5.9685e+02      
# span 16 =    294.908,   1495.344      
# span 17 =       7079,      35889      
# span 18 =  1027.1028,  1028.6072      
# span 19 =  1027.1001,  1028.6044      
# span 20 =    33.6938,    34.4989      
# span 21 =    33.6905,    34.4978      
# span 22 =    7.88143,    8.38037      
# span 23 =         12,         61      
# span 24 = 0.0000e+00, 0.0000e+00      
# interval = decibars: 1                
# start_time = Nov 27 2021 19:51:53 [NMEA time, header]
# bad_flag = -9.990e-29
*END*
[from data line 290]
    107.000    105.914    -1.1531  27.323346    -1.1532  27.321997     7.2077     7.2030     0.1315    96.5194 1.5057e-02  -66.25456  -67.33896 331.839593      99.23 3.5610e+02   1027.812      24668  1027.8113  1027.8099    33.9354    33.9336    8.31978         12 0.0000e+00
    106.000    104.924    -1.1540  27.319842    -1.1530  27.319752     7.2020     7.1941     0.1348    96.5194 1.7498e-02  -66.25456  -67.33896 331.839599      99.87 3.5610e+02   1028.324      24681  1027.8039  1027.8028    33.9322    33.9309    8.32016         13 0.0000e+00
    105.000    103.936    -1.1488  27.321651    -1.1484  27.320704     7.1777     7.1803     0.1530    96.4835 2.0757e-02  -66.25456  -67.33895 331.839606      99.97 3.5610e+02   1028.920      24695  1027.7964  1027.7949    33.9294    33.9277    8.31918         16 0.0000e+00
    104.000    102.944    -1.1442  27.327610    -1.1445  27.325182     7.1129     7.1686     0.1694    96.4390 2.5595e-02  -66.25456  -67.33892 331.839642      99.97 3.5675e+02   1032.058      24770  1027.7938  1027.7915    33.9329    33.9300    8.31794         29 0.0000e+00
    103.000    101.956    -1.1379  27.336315    -1.1384  27.334172     7.1006     7.1833     0.1481    96.4574 3.2526e-02  -66.25456  -67.33892 331.839701      99.97 3.5788e+02   1037.206      24894  1027.7926  1027.7906    33.9384    33.9360    8.31622         31 0.0000e+00
    102.000    100.966    -1.1386  27.333528    -1.1399  27.331035     7.1351     7.1985     0.1843    96.4059 3.6324e-02  -66.25456  -67.33892 331.839717      99.98 3.5791e+02   1038.588      24927  1027.7859  1027.7843    33.9360    33.9340    8.31653         37 0.0000e+00
    101.000     99.975    -1.1422  27.324044    -1.1430  27.321696     7.2481     7.3228     0.2500    96.2609 4.0171e-02  -66.25454  -67.33885 331.839945      96.83 3.6406e+02   1058.216      25398  1027.7743  1027.7725    33.9277    33.9254    8.31780         32 0.0000e+00
    100.000     98.987    -1.1505  27.312520    -1.1489  27.313311     7.3167     7.3756     0.2857    96.1773 4.6490e-02  -66.25455  -67.33881 331.840064     100.02 3.6738e+02   1068.494      25645  1027.7654  1027.7646    33.9220    33.9212    8.31999         32 0.0000e+00
     99.000     97.998    -1.1573  27.303828    -1.1564  27.303549     7.4158     7.4447     0.3119    96.1317 5.3682e-02  -66.25454  -67.33882 331.840089      99.98 3.6852e+02   1070.693      25698  1027.7580  1027.7568    33.9184    33.9170    8.32171         31 0.0000e+00
     98.000     97.008    -1.1555  27.302951    -1.1575  27.300433     7.4610     7.4670     0.2550    96.1201 5.9492e-02  -66.25454  -67.33882 331.840100      99.98 3.6926e+02   1071.660      25721  1027.7510  1027.7502    33.9158    33.9146    8.32147         22 0.0000e+00
     97.000     96.017    -1.1457  27.308941    -1.1472  27.306195     7.4672     7.4767     0.2585    96.0679 6.5957e-02  -66.25454  -67.33882 331.840110      99.98 3.7020e+02   1072.513      25741  1027.7436  1027.7421    33.9135    33.9115    8.31942         20 0.0000e+00
     96.000     95.029    -1.1445  27.308725    -1.1447  27.307178     7.4668     7.4778     0.2912    95.9425 7.2142e-02  -66.25454  -67.33882 331.840120      99.98 3.7021e+02   1073.395      25762  1027.7380  1027.7365    33.9125    33.9106    8.31922         23 0.0000e+00
     95.000     94.038    -1.1518  27.301097    -1.1507  27.301351     7.4424     7.4743     0.3441    95.8534 7.8575e-02  -66.25454  -67.33881 331.840133      99.98 3.7156e+02   1074.509      25789  1027.7324  1027.7316    33.9109    33.9101    8.32093         33 0.0000e+00
     94.000     93.051    -1.1485  27.305138    -1.1471  27.305008     7.4022     7.4746     0.3379    95.9228 8.4413e-02  -66.25454  -67.33880 331.840162      99.97 3.7197e+02   1076.973      25848  1027.7293  1027.7278    33.9133    33.9116    8.32005         37 0.0000e+00
     93.000     92.059    -1.1502  27.302193    -1.1488  27.301969     7.3648     7.4515     0.3264    95.9262 9.0769e-02  -66.25454  -67.33880 331.840185      99.97 3.7197e+02   1079.027      25898  1027.7235  1027.7219    33.9119    33.9100    8.32052         27 0.0000e+00
     92.000     91.070    -1.1701  27.282061    -1.1694  27.282165     7.3619     7.4431     0.2894    95.9197 9.8826e-02  -66.25454  -67.33880 331.840196      99.97 3.7375e+02   1079.970      25920  1027.7164  1027.7159    33.9075    33.9068    8.32521         21 0.0000e+00
     91.000     90.080    -1.2412  27.215595    -1.2359  27.220250     7.3616     7.4359     0.2843    95.9319 1.0865e-01  -66.25454  -67.33880 331.840206      99.97 3.7373e+02   1080.823      25941  1027.7080  1027.7080    33.8975    33.8978    8.34165         21 0.0000e+00
     90.000     89.091    -1.2887  27.174492    -1.2958  27.166124     7.3620     7.4389     0.2892    96.1116 1.1896e-01  -66.25454  -67.33879 331.840218      99.97 3.7373e+02   1081.838      25965  1027.7041  1027.7020    33.8954    33.8921    8.35237         30 0.0000e+00
     89.000     88.103    -1.2547  27.205645    -1.2722  27.189316     7.3724     7.4361     0.3112    96.1861 1.3115e-01  -66.25454  -67.33878 331.840243      99.97 3.7458e+02   1084.027      26018  1027.7004  1027.6993    33.9003    33.8978    8.34448         35 0.0000e+00
     88.000     87.111    -1.2513  27.206910    -1.2534  27.202518     7.3962     7.4480     0.3118    96.1314 1.4189e-01  -66.25454  -67.33878 331.840272      99.97 3.7560e+02   1086.468      26076  1027.6937  1027.6908    33.8988    33.8953    8.34381         33 0.0000e+00
     87.000     86.121    -1.2841  27.176164    -1.2809  27.176328     7.4056     7.4606     0.2651    96.1751 1.5302e-01  -66.25454  -67.33879 331.840285      99.97 3.7707e+02   1087.616      26104  1027.6872  1027.6841    33.8945    33.8910    8.35141         26 0.0000e+00
     86.000     85.133    -1.2802  27.176743    -1.2786  27.177359     7.4122     7.4755     0.2648    96.1159 1.6481e-01  -66.25454  -67.33880 331.840297      99.97 3.7726e+02   1088.661      26129  1027.6795  1027.6785    33.8915    33.8905    8.35071         25 0.0000e+00
     85.000     84.142    -1.2513  27.199077    -1.2538  27.195868     7.4413     7.4838     0.2897    96.0167 1.7585e-01  -66.25454  -67.33880 331.840310      99.97 3.7881e+02   1089.756      26155  1027.6715  1027.6703    33.8900    33.8884    8.34434         28 0.0000e+00
     84.000     83.152    -1.2445  27.204470    -1.2436  27.204115     7.4355     7.4689     0.3387    95.9855 1.8637e-01  -66.25454  -67.33878 331.840325      99.97 3.7942e+02   1091.076      26187  1027.6665  1027.6651    33.8903    33.8888    8.34280         37 0.0000e+00
     83.000     82.163    -1.2610  27.190705    -1.2683  27.184523     7.4251     7.4812     0.3298    95.9697 2.0262e-01  -66.25452  -67.33875 331.840367      99.97 3.8196e+02   1094.690      26274  1027.6628  1027.6630    33.8908    33.8905    8.34646         30 0.0000e+00
     82.000     81.173    -1.2565  27.194495    -1.2510  27.197576     7.4556     7.5014     0.2959    95.9340 2.2635e-01  -66.25452  -67.33875 331.840392      99.97 3.8372e+02   1096.848      26325  1027.6582  1027.6561    33.8914    33.8895    8.34541         34 0.0000e+00
     81.000     80.183    -1.2414  27.205784    -1.2388  27.206323     7.4812     7.5250     0.2973    95.9049 2.4870e-01  -66.25452  -67.33876 331.840408      99.97 3.8539e+02   1098.290      26360  1027.6516  1027.6496    33.8905    33.8882    8.34210         39 0.0000e+00
     80.000     79.193    -1.2354  27.206565    -1.2367  27.205233     7.5202     7.5514     0.3737    95.8408 2.6187e-01  -66.25452  -67.33875 331.840432      99.97 3.8682e+02   1100.329      26409  1027.6425  1027.6422    33.8854    33.8850    8.34107         44 0.0000e+00
     79.000     78.204    -1.2611  27.177783    -1.2611  27.178028     7.5764     7.5983     0.4077    95.8380 2.6567e-01  -66.25452  -67.33874 331.840462      99.97 3.8901e+02   1102.959      26472  1027.6313  1027.6316    33.8756    33.8760    8.34737         37 0.0000e+00
     78.000     77.214    -1.3090  27.129519    -1.2931  27.143495     7.6063     7.6123     0.3334    95.8318 2.8098e-01  -66.25452  -67.33874 331.840481      99.97 3.9063e+02   1104.537      26510  1027.6201  1027.6201    33.8642    33.8654    8.35877         37 0.0000e+00
     77.000     76.224    -1.3138  27.124630    -1.3161  27.120877     7.5759     7.6105     0.3260    95.8410 3.1084e-01  -66.25452  -67.33873 331.840532      99.97 3.9312e+02   1108.941      26616  1027.6145  1027.6125    33.8635    33.8609    8.35989         39 0.0000e+00
     76.000     75.235    -1.3365  27.100955    -1.3372  27.099252     7.6178     7.6286     0.3276    95.8406 3.3668e-01  -66.25452  -67.33872 331.840639      99.98 3.9790e+02   1118.223      26838  1027.6057  1027.6043    33.8573    33.8558    8.36535         39 0.0000e+00
     75.000     74.244    -1.3848  27.049019    -1.3777  27.055768     7.6589     7.7129     0.3373    95.8089 3.9005e-01  -66.25451  -67.33866 331.840978      99.97 4.0383e+02   1147.528      27542  1027.5884  1027.5893    33.8411    33.8425    8.37714         28 0.0000e+00
     74.000     73.256    -1.3863  27.046601    -1.3817  27.050193     7.6710     7.7268     0.3874    95.7916 4.1440e-01  -66.25452  -67.33866 331.840993      99.97 4.0370e+02   1148.783      27572  1027.5829  1027.5826    33.8402    33.8399    8.37755         25 0.0000e+00
     73.000     72.265    -1.3880  27.043538    -1.3878  27.042295     7.6867     7.7211     0.4364    95.7935 4.3560e-01  -66.25452  -67.33867 331.841006      99.97 4.0370e+02   1149.939      27600  1027.5767  1027.5754    33.8385    33.8366    8.37802         32 0.0000e+00
     72.000     71.275    -1.3860  27.044810    -1.3838  27.046712     7.6668     7.7198     0.4490    95.7567 4.6056e-01  -66.25451  -67.33865 331.841038      99.97 4.0370e+02   1152.693      27666  1027.5718  1027.5719    33.8387    33.8388    8.37757         39 0.0000e+00
     71.000     70.286    -1.3857  27.044936    -1.3847  27.044984     7.7319     7.7473     0.3847    95.7531 5.1058e-01  -66.25450  -67.33866 331.841085      99.97 4.0370e+02   1156.715      27762  1027.5673  1027.5665    33.8391    33.8381    8.37748         45 0.0000e+00
     70.000     69.297    -1.3843  27.043475    -1.3843  27.042358     7.8245     7.8298     0.3583    95.7229 5.4377e-01  -66.25450  -67.33866 331.841103      99.97 4.0370e+02   1158.306      27800  1027.5599  1027.5588    33.8362    33.8346    8.37734         32 0.0000e+00
     69.000     68.306    -1.3735  27.048340    -1.3750  27.046601     7.9252     7.8982     0.3735    95.6391 5.7111e-01  -66.25450  -67.33866 331.841117      99.97 4.0370e+02   1159.505      27829  1027.5504  1027.5501    33.8312    33.8306    8.37520         26 0.0000e+00
     68.000     67.316    -1.3558  27.056844    -1.3549  27.056224     7.9569     7.9178     0.4101    95.4288 6.0030e-01  -66.25450  -67.33866 331.841129      99.97 4.0344e+02   1160.581      27855  1027.5383  1027.5368    33.8235    33.8216    8.37168         27 0.0000e+00
     67.000     66.325    -1.3454  27.062626    -1.3442  27.062044     7.9132     7.9090     0.4405    95.1500 6.3251e-01  -66.25450  -67.33865 331.841145      99.97 4.0204e+02   1161.939      27888  1027.5304  1027.5287    33.8203    33.8181    8.36954         31 0.0000e+00
     66.000     65.337    -1.3516  27.058523    -1.3559  27.054840     7.8592     7.9036     0.4799    95.1843 6.8526e-01  -66.25450  -67.33864 331.841198      99.97 4.0195e+02   1166.513      27997  1027.5280  1027.5280    33.8223    33.8221    8.37082         37 0.0000e+00
     65.000     64.348    -1.3494  27.059340    -1.3502  27.057896     7.8357     7.9075     0.4505    95.1838 7.3910e-01  -66.25450  -67.33864 331.841222      99.97 4.0194e+02   1168.598      28047  1027.5225  1027.5216    33.8216    33.8204    8.37037         37 0.0000e+00
     64.000     63.357    -1.3509  27.057891    -1.3541  27.054966     7.8956     7.9324     0.4564    95.1087 7.7282e-01  -66.25450  -67.33862 331.841275      99.97 4.0194e+02   1173.170      28157  1027.5182  1027.5180    33.8219    33.8215    8.37068         33 0.0000e+00
     63.000     62.368    -1.3430  27.061155    -1.3434  27.059866     7.8843     7.9436     0.4057    95.0710 8.2854e-01  -66.25450  -67.33864 331.841288      99.97 4.0194e+02   1174.269      28183  1027.5098  1027.5088    33.8180    33.8168    8.36913         24 0.0000e+00
     62.000     61.377    -1.3458  27.054105    -1.3457  27.053168     7.8936     7.9412     0.4246    95.0087 8.9143e-01  -66.25450  -67.33864 331.841299      99.97 4.0194e+02   1175.254      28207  1027.5005  1027.4993    33.8122    33.8108    8.37012         25 0.0000e+00
     61.000     60.388    -1.3508  27.046386    -1.3501  27.046116     7.9068     7.9368     0.4963    94.9152 9.5207e-01  -66.25450  -67.33861 331.841473      99.97 4.0170e+02   1190.247      28567  1027.4925  1027.4915    33.8079    33.8067    8.37150         32 0.0000e+00
     60.000     59.397    -1.3526  27.043026    -1.3528  27.041650     7.8879     7.9525     0.4851    94.8680 1.0098e+00  -66.25450  -67.33856 331.841788      99.97 4.0021e+02   1217.486      29221  1027.4862  1027.4848    33.8059    33.8041    8.37201         16 0.0000e+00
     59.000     58.407    -1.3530  27.040993    -1.3529  27.040368     7.9006     7.9529     0.5457    94.8080 1.0601e+00  -66.25450  -67.33856 331.841807      99.97 4.0017e+02   1219.120      29260  1027.4800  1027.4792    33.8041    33.8031    8.37221         30 0.0000e+00
     58.000     57.418    -1.3541  27.036997    -1.3543  27.036307     7.9056     7.9564     0.6316    94.8581 1.1419e+00  -66.25450  -67.33851 331.841862      99.97 3.9867e+02   1223.884      29374  1027.4724  1027.4718    33.8006    33.7998    8.37268         47 0.0000e+00
     57.000     56.429    -1.3539  27.034923    -1.3535  27.036029     7.9315     7.9747     0.5762    94.8490 1.2817e+00  -66.25450  -67.33851 331.841888      99.97 3.9841e+02   1226.113      29428  1027.4655  1027.4663    33.7981    33.7992    8.37277         38 0.0000e+00
     56.000     55.439    -1.3531  27.036937    -1.3537  27.035969     7.9954     8.0188     0.5755    94.8422 1.3649e+00  -66.25449  -67.33853 331.841905      99.97 3.9841e+02   1227.600      29463  1027.4627  1027.4622    33.8006    33.7999    8.37245         31 0.0000e+00
     55.000     54.448    -1.3474  27.038762    -1.3498  27.036529     8.0766     8.0769     0.5801    94.7490 1.4160e+00  -66.25448  -67.33854 331.841919      99.97 3.9841e+02   1228.791      29492  1027.4548  1027.4547    33.7973    33.7969    8.37136         26 0.0000e+00
     54.000     53.460    -1.3273  27.048217    -1.3288  27.046386     8.1162     8.1092     0.5954    94.5319 1.4621e+00  -66.25448  -67.33853 331.841931      99.97 3.9818e+02   1229.804      29516  1027.4414  1027.4408    33.7881    33.7873    8.36738         23 0.0000e+00
     53.000     52.469    -1.3121  27.055723    -1.3175  27.051684     8.0996     8.1160     0.5898    94.3360 1.5232e+00  -66.25449  -67.33851 331.841942      99.97 3.9840e+02   1230.781      29540  1027.4307  1027.4314    33.7819    33.7824    8.36436         26 0.0000e+00
     52.000     51.479    -1.3182  27.052388    -1.3156  27.052713     8.0990     8.1220     0.6498    94.1891 1.6533e+00  -66.25450  -67.33849 331.841984      99.97 3.9665e+02   1234.422      29627  1027.4290  1027.4268    33.7849    33.7824    8.36555         39 0.0000e+00
     51.000     50.490    -1.3074  27.057562    -1.3072  27.056621     8.1364     8.1551     0.6143    94.2045 1.8008e+00  -66.25450  -67.33848 331.842031      99.97 3.9489e+02   1238.476      29724  1027.4201  1027.4188    33.7804    33.7788    8.36340         30 0.0000e+00
