NBP2113_155081_ctd/data/nbp2113_063.ros
* Sea-Bird SBE 9 Data File:
* FileName = D:\Data\raw\NBP2113_063.hex
* Software Version Seasave V 7.26.7.121
* Temperature SN = 2438
* Conductivity SN = 2067
* Number of Bytes Per Scan = 40
* Number of Voltage Words = 5
* Number of Scans Averaged by the Deck Unit = 1
* NMEA Latitude = 64 46.92 S
* NMEA Longitude = 063 01.99 W
* NMEA UTC (Time) = Dec 14 2021  04:14:20
* NMEA baud rate = 9600
** Ship: RVIB N.B. Palmer
** Cruise: NBP2113 LTER
** Station: 655.002
** Operator: B. Urmston
# nquan = 20
# nvalues = 579                                   
# units = specified
# name 0 = prDM: Pressure, Digiquartz [db]
# name 1 = depSM: Depth [salt water, m]
# name 2 = t090C: Temperature [ITS-90, deg C]
# name 3 = c0mS/cm: Conductivity [mS/cm]
# name 4 = t190C: Temperature, 2 [ITS-90, deg C]
# name 5 = c1mS/cm: Conductivity, 2 [mS/cm]
# name 6 = sbeox0ML/L: Oxygen, SBE 43 [ml/l]
# name 7 = sbeox1ML/L: Oxygen, SBE 43, 2 [ml/l]
# name 8 = flECO-AFL: Fluorescence, WET Labs ECO-AFL/FL [mg/m^3]
# name 9 = CStarTr0: Beam Transmission, WET Labs C-Star [%]
# name 10 = par: PAR/Irradiance, Biospherical/Licor
# name 11 = latitude: Latitude [deg]
# name 12 = longitude: Longitude [deg]
# name 13 = timeJ: Julian Days
# name 14 = altM: Altimeter [m]
# name 15 = spar: SPAR, Biospherical/Licor
# name 16 = timeS: Time, Elapsed [seconds]
# name 17 = scan: Scan Count
# name 18 = nbf: Bottles Fired
# name 19 = flag:  0.000e+00
# interval = seconds: 0.0416667
# start_time = Dec 14 2021 04:14:20 [NMEA time, header]
# bad_flag = -9.990e-29
*END*
[from data line 362]
    100.713     99.703     0.4863  29.108341     0.4878  29.107761     5.2708     5.3424     0.0582    90.0819 1.0000e-12  -64.78200  -63.03346 348.190075      99.98 0.0000e+00   1162.500      27901          8  0.000e+00
    100.686     99.676     0.4863  29.107639     0.4880  29.107704     5.2706     5.3425     0.0582    90.0819 1.0000e-12  -64.78200  -63.03346 348.190076      99.98 0.0000e+00   1162.542      27902          8  0.000e+00
    100.713     99.703     0.4858  29.107639     0.4878  29.108275     5.2704     5.3425     0.0582    90.0819 1.0000e-12  -64.78200  -63.03346 348.190076      99.98 0.0000e+00   1162.583      27903          8  0.000e+00
    100.741     99.730     0.4855  29.107113     0.4873  29.108047     5.2660     5.3427     0.0582    90.0819 1.0000e-12  -64.78200  -63.03346 348.190077      99.93 0.0000e+00   1162.625      27904          8  0.000e+00
    100.659     99.649     0.4849  29.106996     0.4874  29.107761     5.2646     5.3427     0.0582    90.0819 1.0000e-12  -64.78200  -63.03346 348.190077      99.95 0.0000e+00   1162.667      27905          8  0.000e+00
    100.686     99.676     0.4847  29.106528     0.4877  29.107190     5.2690     5.3428     0.0582    90.0819 1.0000e-12  -64.78200  -63.03346 348.190078      99.98 0.0000e+00   1162.708      27906          8  0.000e+00
    100.713     99.703     0.4849  29.106002     0.4877  29.107761     5.2633     5.3375     0.0582    90.0819 1.0000e-12  -64.78200  -63.03346 348.190078      99.98 0.0000e+00   1162.750      27907          8  0.000e+00
    100.713     99.703     0.4847  29.106002     0.4878  29.107761     5.2621     5.3421     0.0729    90.0819 1.0000e-12  -64.78200  -63.03346 348.190079      99.98 0.0000e+00   1162.792      27908          8  0.000e+00
    100.686     99.676     0.4846  29.105476     0.4878  29.107476     5.2635     5.3422     0.0729    90.0819 1.0000e-12  -64.78200  -63.03346 348.190079      99.98 0.0000e+00   1162.833      27909          8  0.000e+00
    100.713     99.703     0.4869  29.105066     0.4877  29.107419     5.2692     5.3424     0.0729    90.0819 1.0000e-12  -64.78200  -63.03346 348.190080      99.98 0.0000e+00   1162.875      27910          8  0.000e+00
    100.686     99.676     0.4888  29.105475     0.4875  29.106962     5.2636     5.3425     0.0729    90.0819 1.0000e-12  -64.78200  -63.03346 348.190080      99.95 0.0000e+00   1162.917      27911          8  0.000e+00
    100.713     99.703     0.4896  29.105475     0.4867  29.106105     5.2626     5.3427     0.0729    90.0819 1.0000e-12  -64.78200  -63.03346 348.190081      99.95 0.0000e+00   1162.958      27912          8  0.000e+00
    100.686     99.676     0.4888  29.106528     0.4866  29.106105     5.2574     5.3428     0.0729    90.0562 1.0000e-12  -64.78200  -63.03346 348.190081      99.98 0.0000e+00   1163.000      27913          8  0.000e+00
    100.713     99.703     0.4879  29.106411     0.4870  29.105534     5.2611     5.3429     0.0729    90.0562 1.0000e-12  -64.78200  -63.03346 348.190082      99.98 0.0000e+00   1163.042      27914          8  0.000e+00
    100.741     99.730     0.4872  29.106821     0.4869  29.105305     5.2605     5.3431     0.0729    90.0304 1.0000e-12  -64.78200  -63.03346 348.190082      99.98 0.0000e+00   1163.083      27915          8  0.000e+00
    100.713     99.703     0.4872  29.107113     0.4852  29.104506     5.2598     5.3434     0.0729    90.0304 1.0000e-12  -64.78200  -63.03346 348.190082      99.93 0.0000e+00   1163.125      27916          8  0.000e+00
    100.686     99.676     0.4866  29.106820     0.4831  29.104506     5.2537     5.3429     0.0729    90.0304 1.0000e-12  -64.78200  -63.03346 348.190083      99.95 0.0000e+00   1163.167      27917          8  0.000e+00
    100.713     99.703     0.4869  29.106996     0.4819  29.103136     5.2589     5.3432     0.0729    90.0304 1.0000e-12  -64.78200  -63.03346 348.190083      99.98 0.0000e+00   1163.208      27918          8  0.000e+00
    100.686     99.676     0.4863  29.106820     0.4829  29.102336     5.2586     5.3432     0.0729    90.0304 1.0000e-12  -64.78200  -63.03346 348.190084      99.98 0.0000e+00   1163.250      27919          8  0.000e+00
    100.713     99.703     0.4861  29.106528     0.4841  29.102336     5.2583     5.3422     0.0729    90.0562 1.0000e-12  -64.78200  -63.03346 348.190084      99.98 0.0000e+00   1163.292      27920          8  0.000e+00
    100.713     99.703     0.4857  29.106294     0.4848  29.102850     5.2538     5.3422     0.0729    90.0562 1.0000e-12  -64.78200  -63.03346 348.190085      99.98 0.0000e+00   1163.333      27921          8  0.000e+00
    100.686     99.676     0.4843  29.105593     0.4839  29.102621     5.2582     5.3423     0.0729    90.0304 1.0000e-12  -64.78200  -63.03346 348.190085      99.98 0.0000e+00   1163.375      27922          8  0.000e+00
    100.713     99.703     0.4838  29.106002     0.4826  29.102850     5.2639     5.3425     0.0729    90.0304 1.0000e-12  -64.78200  -63.03346 348.190086      99.95 0.0000e+00   1163.417      27923          8  0.000e+00
    100.686     99.676     0.4846  29.106821     0.4824  29.102336     5.2593     5.3426     0.0729    90.0304 1.0000e-12  -64.78200  -63.03346 348.190086      99.95 0.0000e+00   1163.458      27924          8  0.000e+00
    100.713     99.703     0.4860  29.106821     0.4819  29.101765     5.2605     5.3427     0.0729    90.0304 1.0000e-12  -64.78200  -63.03346 348.190087      99.98 0.0000e+00   1163.500      27925          8  0.000e+00
    100.686     99.676     0.4869  29.106996     0.4820  29.101765     5.2604     5.3374     0.0729    90.0562 1.0000e-12  -64.78200  -63.03346 348.190087      99.98 0.0000e+00   1163.542      27926          8  0.000e+00
    100.713     99.703     0.4888  29.107347     0.4832  29.101479     5.2604     5.3419     0.0729    90.0304 1.0000e-12  -64.78200  -63.03346 348.190088      99.98 0.0000e+00   1163.583      27927          8  0.000e+00
    100.741     99.730     0.4899  29.107639     0.4833  29.101536     5.2661     5.3419     0.0729    90.0304 1.0000e-12  -64.78200  -63.03346 348.190088      99.93 0.0000e+00   1163.625      27928          8  0.000e+00
    100.659     99.649     0.4901  29.107931     0.4829  29.101765     5.2619     5.3420     0.0729    90.0304 1.0000e-12  -64.78200  -63.03346 348.190089      99.95 0.0000e+00   1163.667      27929          8  0.000e+00
    100.741     99.731     0.4891  29.108457     0.4827  29.101536     5.2636     5.3421     0.0729    90.0304 1.0000e-12  -64.78200  -63.03346 348.190089      99.98 0.0000e+00   1163.708      27930          8  0.000e+00
     40.553     40.152     0.1366  28.567893     0.1356  28.565180     6.3698     6.3891     0.7981    87.5070 1.0000e-12  -64.78200  -63.03342 348.191425      99.93 0.0000e+00   1279.125      30700          9  0.000e+00
     40.450     40.051     0.1368  28.568474     0.1356  28.565179     6.3683     6.3885     0.7981    87.5070 1.0000e-12  -64.78200  -63.03342 348.191426      99.95 0.0000e+00   1279.167      30701          9  0.000e+00
     40.450     40.051     0.1370  28.567835     0.1354  28.565180     6.3720     6.3873     0.7981    87.5070 1.0000e-12  -64.78200  -63.03342 348.191426      99.98 0.0000e+00   1279.208      30702          9  0.000e+00
     40.450     40.051     0.1368  28.568183     0.1357  28.564669     6.3650     6.3917     0.7981    87.4812 1.0000e-12  -64.78200  -63.03342 348.191427      99.98 0.0000e+00   1279.250      30703          9  0.000e+00
     40.519     40.118     0.1370  28.568184     0.1358  28.565463     6.3675     6.3908     0.7981    87.4812 1.0000e-12  -64.78200  -63.03342 348.191427      99.98 0.0000e+00   1279.292      30704          9  0.000e+00
     40.498     40.098     0.1365  28.568184     0.1356  28.565463     6.3606     6.3894     0.7981    87.4812 1.0000e-12  -64.78200  -63.03342 348.191427      99.98 0.0000e+00   1279.333      30705          9  0.000e+00
     40.450     40.051     0.1365  28.568358     0.1357  28.565463     6.3702     6.3880     0.7981    87.5070 1.0000e-12  -64.78200  -63.03342 348.191428      99.98 0.0000e+00   1279.375      30706          9  0.000e+00
     40.498     40.098     0.1366  28.567661     0.1356  28.565747     6.3705     6.3915     0.7981    87.4812 1.0000e-12  -64.78200  -63.03342 348.191428      99.95 0.0000e+00   1279.417      30707          9  0.000e+00
     40.450     40.051     0.1364  28.567371     0.1357  28.565973     6.3689     6.3906     0.7981    87.4812 1.0000e-12  -64.78200  -63.03342 348.191429      99.95 0.0000e+00   1279.458      30708          9  0.000e+00
     40.498     40.098     0.1362  28.567080     0.1357  28.565747     6.3693     6.3945     0.7981    87.4812 1.0000e-12  -64.78200  -63.03342 348.191429      99.98 0.0000e+00   1279.500      30709          9  0.000e+00
     40.450     40.051     0.1361  28.566732     0.1357  28.565463     6.3692     6.3932     0.7981    87.5070 1.0000e-12  -64.78200  -63.03342 348.191430      99.98 0.0000e+00   1279.542      30710          9  0.000e+00
     40.498     40.098     0.1363  28.566848     0.1357  28.565180     6.3741     6.3922     0.7981    87.5070 1.0000e-12  -64.78200  -63.03342 348.191430      99.98 0.0000e+00   1279.583      30711          9  0.000e+00
     40.498     40.098     0.1359  28.566558     0.1361  28.565463     6.3672     6.3966     0.7981    87.4812 1.0000e-12  -64.78200  -63.03342 348.191431      99.93 0.0000e+00   1279.625      30712          9  0.000e+00
     40.464     40.064     0.1361  28.566732     0.1359  28.565463     6.3666     6.3959     0.7981    87.4812 1.0000e-12  -64.78200  -63.03342 348.191431      99.95 0.0000e+00   1279.667      30713          9  0.000e+00
     40.450     40.051     0.1361  28.566267     0.1360  28.565973     6.3769     6.3946     0.7981    87.4812 1.0000e-12  -64.78200  -63.03342 348.191432      99.98 0.0000e+00   1279.708      30714          9  0.000e+00
     40.450     40.051     0.1360  28.566267     0.1361  28.566257     6.3709     6.3936     0.7981    87.4812 1.0000e-12  -64.78200  -63.03342 348.191432      99.98 0.0000e+00   1279.750      30715          9  0.000e+00
     40.553     40.152     0.1361  28.566268     0.1361  28.566030     6.3744     6.3920     0.7981    87.5070 1.0000e-12  -64.78200  -63.03342 348.191433      99.98 0.0000e+00   1279.792      30716          9  0.000e+00
     40.450     40.051     0.1361  28.566209     0.1359  28.566767     6.3697     6.3906     0.7981    87.4812 1.0000e-12  -64.78200  -63.03342 348.191433      99.98 0.0000e+00   1279.833      30717          9  0.000e+00
     40.498     40.098     0.1358  28.565745     0.1360  28.565747     6.3691     6.3941     0.7981    87.4812 1.0000e-12  -64.78200  -63.03342 348.191434      99.98 0.0000e+00   1279.875      30718          9  0.000e+00
     40.450     40.051     0.1359  28.566035     0.1359  28.566030     6.3722     6.3925     0.7981    87.4812 1.0000e-12  -64.78200  -63.03342 348.191434      99.95 0.0000e+00   1279.917      30719          9  0.000e+00
     40.498     40.098     0.1361  28.565745     0.1357  28.566257     6.3717     6.3911     0.7981    87.4812 1.0000e-12  -64.78200  -63.03342 348.191435      99.95 0.0000e+00   1279.958      30720          9  0.000e+00
     40.498     40.098     0.1358  28.565106     0.1359  28.565747     6.3651     6.3946     0.8055    87.5070 1.0000e-12  -64.78200  -63.03342 348.191435      99.98 0.0000e+00   1280.000      30721          9  0.000e+00
     40.450     40.051     0.1357  28.564932     0.1359  28.565747     6.3693     6.3937     0.8201    87.4812 1.0000e-12  -64.78200  -63.03342 348.191436      99.98 0.0000e+00   1280.042      30722          9  0.000e+00
     40.464     40.064     0.1361  28.565513     0.1360  28.565747     6.3743     6.3915     0.8201    87.4812 1.0000e-12  -64.78200  -63.03342 348.191436      99.98 0.0000e+00   1280.083      30723          9  0.000e+00
     40.498     40.098     0.1358  28.565513     0.1357  28.565747     6.3731     6.3949     0.8201    87.5070 1.0000e-12  -64.78200  -63.03342 348.191437      99.93 0.0000e+00   1280.125      30724          9  0.000e+00
     40.498     40.098     0.1359  28.565397     0.1359  28.565180     6.3656     6.3941     0.8201    87.5070 1.0000e-12  -64.78200  -63.03342 348.191437      99.95 0.0000e+00   1280.167      30725          9  0.000e+00
     40.450     40.051     0.1360  28.565513     0.1361  28.566030     6.3646     6.3926     0.8201    87.5070 1.0000e-12  -64.78200  -63.03342 348.191438      99.98 0.0000e+00   1280.208      30726          9  0.000e+00
     40.450     40.051     0.1359  28.565222     0.1356  28.565463     6.3732     6.3916     0.8201    87.4812 1.0000e-12  -64.78200  -63.03342 348.191438      99.98 0.0000e+00   1280.250      30727          9  0.000e+00
     40.498     40.098     0.1359  28.565745     0.1356  28.565463     6.3725     6.3909     0.8201    87.4812 1.0000e-12  -64.78200  -63.03342 348.191439      99.98 0.0000e+00   1280.292      30728          9  0.000e+00
     40.498     40.098     0.1361  28.565106     0.1353  28.564386     6.3668     6.3951     0.8201    87.4812 1.0000e-12  -64.78200  -63.03342 348.191439      99.98 0.0000e+00   1280.333      30729          9  0.000e+00
     40.450     40.051     0.1360  28.565513     0.1359  28.564385     6.3664     6.3940     0.8201    87.4812 1.0000e-12  -64.78200  -63.03342 348.191440      99.98 0.0000e+00   1280.375      30730          9  0.000e+00
     40.450     40.051     0.1364  28.565745     0.1357  28.564953     6.3711     6.3926     0.8201    87.4812 1.0000e-12  -64.78200  -63.03342 348.191440      99.95 0.0000e+00   1280.417      30731          9  0.000e+00
     40.519     40.118     0.1364  28.566268     0.1358  28.564953     6.3724     6.3960     0.8201    87.5070 1.0000e-12  -64.78200  -63.03342 348.191440      99.95 0.0000e+00   1280.458      30732          9  0.000e+00
     40.450     40.051     0.1366  28.566441     0.1357  28.564953     6.3705     6.3898     0.8201    87.4812 1.0000e-12  -64.78200  -63.03342 348.191441      99.98 0.0000e+00   1280.500      30733          9  0.000e+00
     40.498     40.098     0.1365  28.567080     0.1359  28.564953     6.3652     6.3930     0.8201    87.5070 1.0000e-12  -64.78200  -63.03342 348.191441      99.98 0.0000e+00   1280.542      30734          9  0.000e+00
     40.450     40.051     0.1365  28.567080     0.1357  28.564953     6.3681     6.3921     0.8201    87.5070 1.0000e-12  -64.78200  -63.03342 348.191442      99.98 0.0000e+00   1280.583      30735          9  0.000e+00
     40.450     40.051     0.1364  28.567371     0.1357  28.564953     6.3662     6.3906     0.8201    87.5070 1.0000e-12  -64.78200  -63.03342 348.191442      99.93 0.0000e+00   1280.625      30736          9  0.000e+00
     40.498     40.098     0.1365  28.567255     0.1357  28.564953     6.3639     6.3949     0.8201    87.5070 1.0000e-12  -64.78200  -63.03342 348.191443      99.95 0.0000e+00   1280.667      30737          9  0.000e+00
     40.498     40.098     0.1367  28.567080     0.1356  28.565463     6.3637     6.3942     0.8201    87.4812 1.0000e-12  -64.78200  -63.03342 348.191443      99.98 0.0000e+00   1280.708      30738          9  0.000e+00
     40.450     40.051     0.1367  28.567080     0.1354  28.564953     6.3675     6.3930     0.8201    87.5070 1.0000e-12  -64.78200  -63.03342 348.191444      99.98 0.0000e+00   1280.750      30739          9  0.000e+00
     40.498     40.098     0.1364  28.567080     0.1356  28.564953     6.3665     6.3914     0.8201    87.5070 1.0000e-12  -64.78200  -63.03342 348.191444      99.98 0.0000e+00   1280.792      30740          9  0.000e+00
     40.450     40.051     0.1363  28.566732     0.1357  28.564953     6.3649     6.3900     0.8201    87.4812 1.0000e-12  -64.78200  -63.03342 348.191445      99.98 0.0000e+00   1280.833      30741          9  0.000e+00
