NBP2113_155081_ctd/data/nbp2113_068.cnv
* Sea-Bird SBE 9 Data File:
* FileName = D:\Data\raw\NBP2113_068.hex
* Software Version Seasave V 7.26.7.121
* Temperature SN = 2438
* Conductivity SN = 2067
* Number of Bytes Per Scan = 40
* Number of Voltage Words = 5
* Number of Scans Averaged by the Deck Unit = 1
* NMEA Latitude = 63 34.55 S
* NMEA Longitude = 060 41.64 W
* NMEA UTC (Time) = Dec 15 2021  00:43:21
* NMEA baud rate = 9600
** Ship: RVIB N.B. Palmer
** Cruise: NBP2113 LTER
** Station: 831.-002
** Operator: S. Blackman
# nquan = 25
# nvalues = 1144                        
# units = specified
# name 0 = prDM: Pressure, Digiquartz [db]
# name 1 = depSM: Depth [salt water, m]
# name 2 = t090C: Temperature [ITS-90, deg C]
# name 3 = c0mS/cm: Conductivity [mS/cm]
# name 4 = t190C: Temperature, 2 [ITS-90, deg C]
# name 5 = c1mS/cm: Conductivity, 2 [mS/cm]
# name 6 = sbeox0ML/L: Oxygen, SBE 43 [ml/l]
# name 7 = sbeox1ML/L: Oxygen, SBE 43, 2 [ml/l]
# name 8 = flECO-AFL: Fluorescence, WET Labs ECO-AFL/FL [mg/m^3]
# name 9 = CStarTr0: Beam Transmission, WET Labs C-Star [%]
# name 10 = par: PAR/Irradiance, Biospherical/Licor
# name 11 = latitude: Latitude [deg]
# name 12 = longitude: Longitude [deg]
# name 13 = timeJ: Julian Days
# name 14 = altM: Altimeter [m]
# name 15 = spar: SPAR, Biospherical/Licor
# name 16 = timeS: Time, Elapsed [seconds]
# name 17 = scan: Scan Count
# name 18 = density00: Density [density, kg/m^3]
# name 19 = density11: Density, 2 [density, kg/m^3]
# name 20 = sal00: Salinity, Practical [PSU]
# name 21 = sal11: Salinity, Practical, 2 [PSU]
# name 22 = oxsolML/L: Oxygen Saturation, Garcia & Gordon [ml/l]
# name 23 = nbin: number of scans per bin
# name 24 = flag: flag
# span 0 =      1.000,    577.000       
# span 1 =      0.990,    570.606       
# span 2 =    -1.1726,     0.0050       
# span 3 =  27.755287,  28.443284       
# span 4 =    -1.1746,     0.0046       
# span 5 =  27.753990,  28.440998       
# span 6 =     5.4760,    16.5101       
# span 7 =     6.7772,     9.1118       
# span 8 =    -0.0146,     1.9024       
# span 9 =    81.2310,    89.7946       
# span 10 = -5.999e-05, 2.0674e+01      
# span 11 =  -63.57604,  -63.57525      
# span 12 =  -60.69408,  -60.69382      
# span 13 = 349.034353, 349.057509      
# span 14 =      -0.14,     100.73      
# span 15 = 1.7629e+01, 4.4094e+01      
# span 16 =    367.091,   2367.766      
# span 17 =       8811,      56827      
# span 18 =  1027.4628,  1030.5115      
# span 19 =  1027.4614,  1030.5092      
# span 20 =    34.1958,    34.5049      
# span 21 =    34.1940,    34.5027      
# span 22 =    8.05433,    8.29064      
# span 23 =         14,         48      
# span 24 = 0.0000e+00, 0.0000e+00      
# interval = decibars: 1                
# start_time = Dec 15 2021 00:43:21 [NMEA time, header]
# bad_flag = -9.990e-29
*END*
[from data line 464]
    474.000    468.864    -1.1644  27.894195    -1.1645  27.892882     6.7485     6.8150    -0.0118    89.7746 1.0000e-12  -63.57574  -60.69398 349.042684      99.97 2.9969e+01   1086.928      26087  1030.0206  1030.0192    34.5019    34.5002    8.28896         29 0.0000e+00
    475.000    469.852    -1.1643  27.894897    -1.1640  27.893930     6.7535     6.8149    -0.0004    89.7806 1.0000e-12  -63.57572  -60.69398 349.042698      77.67 2.9969e+01   1088.088      26115  1030.0256  1030.0241    34.5021    34.5004    8.28892         27 0.0000e+00
    476.000    470.840    -1.1648  27.894934    -1.1645  27.893875     6.7492     6.8127    -0.0004    89.7586 1.0000e-12  -63.57572  -60.69398 349.042711      79.79 2.9969e+01   1089.209      26142  1030.0303  1030.0288    34.5021    34.5003    8.28902         27 0.0000e+00
    477.000    471.829    -1.1651  27.895124    -1.1650  27.893915     6.7448     6.8152    -0.0004    89.7472 1.0000e-12  -63.57572  -60.69398 349.042724      99.96 2.9969e+01   1090.333      26169  1030.0351  1030.0336    34.5021    34.5003    8.28909         27 0.0000e+00
    478.000    472.817    -1.1648  27.895830    -1.1646  27.894622     6.7385     6.8122     0.0018    89.7689 1.0000e-12  -63.57572  -60.69396 349.042736      99.97 2.9969e+01   1091.433      26195  1030.0397  1030.0382    34.5020    34.5002    8.28902         26 0.0000e+00
    479.000    473.805    -1.1628  27.897938    -1.1624  27.896920     6.7454     6.8126     0.0013    89.7568 1.0000e-12  -63.57572  -60.69396 349.042750      99.97 2.9969e+01   1092.586      26223  1030.0443  1030.0428    34.5020    34.5002    8.28858         30 0.0000e+00
    480.000    474.792    -1.1647  27.896951    -1.1642  27.895994     6.7425     6.8083    -0.0028    89.7633 1.0000e-12  -63.57572  -60.69396 349.042768      99.97 2.9969e+01   1094.148      26261  1030.0494  1030.0479    34.5023    34.5004    8.28899         43 0.0000e+00
    481.000    475.781    -1.1642  27.897669    -1.1640  27.896590     6.7423     6.8099     0.0057    89.7338 1.0000e-12  -63.57572  -60.69396 349.042789      99.97 2.9969e+01   1096.004      26305  1030.0539  1030.0525    34.5021    34.5003    8.28889         29 0.0000e+00
    482.000    476.771    -1.1627  27.899453    -1.1622  27.898589     6.7446     6.8127    -0.0033    89.7678 1.0000e-12  -63.57570  -60.69396 349.042807      63.82 2.9969e+01   1097.503      26341  1030.0586  1030.0573    34.5021    34.5004    8.28854         32 0.0000e+00
    483.000    477.757    -1.1629  27.899821    -1.1627  27.898717     6.7425     6.8037    -0.0009    89.7877 1.0000e-12  -63.57570  -60.69395 349.042821     100.08 2.9969e+01   1098.775      26372  1030.0635  1030.0621    34.5022    34.5006    8.28858         28 0.0000e+00
    484.000    478.744    -1.1624  27.900530    -1.1623  27.899396     6.7428     6.8064    -0.0077    89.7373 1.0000e-12  -63.57570  -60.69394 349.042834      99.97 2.9969e+01   1099.895      26398  1030.0681  1030.0668    34.5021    34.5004    8.28849         26 0.0000e+00
    485.000    479.733    -1.1615  27.901942    -1.1610  27.901048     6.7504     6.8096    -0.0077    89.7471 1.0000e-12  -63.57570  -60.69393 349.042847      99.97 2.9969e+01   1100.990      26425  1030.0730  1030.0716    34.5024    34.5006    8.28827         27 0.0000e+00
    486.000    480.721    -1.1650  27.899186    -1.1644  27.898666     6.7518     6.8137    -0.0077    89.7453 1.0000e-12  -63.57570  -60.69392 349.042860      91.89 2.9969e+01   1102.112      26452  1030.0778  1030.0766    34.5020    34.5006    8.28907         27 0.0000e+00
    487.000    481.710    -1.1656  27.898973    -1.1656  27.897893     6.7521     6.8143    -0.0077    89.7689 1.0000e-12  -63.57570  -60.69392 349.042873      99.43 2.9969e+01   1103.226      26478  1030.0824  1030.0812    34.5018    34.5003    8.28922         26 0.0000e+00
    488.000    482.697    -1.1666  27.898393    -1.1666  27.897166     6.7386     6.8134    -0.0005    89.7710 1.0000e-12  -63.57570  -60.69392 349.042886      98.56 2.9969e+01   1104.340      26505  1030.0870  1030.0856    34.5016    34.4998    8.28946         28 0.0000e+00
    489.000    483.685    -1.1680  27.897766    -1.1680  27.896546     6.7315     6.8158     0.0058    89.7346 1.0000e-12  -63.57568  -60.69391 349.042902      97.38 2.9969e+01   1105.697      26538  1030.0919  1030.0906    34.5017    34.5000    8.28975         33 0.0000e+00
    490.000    484.672    -1.1682  27.897953    -1.1683  27.896612     6.7427     6.8192     0.0114    89.7614 1.0000e-12  -63.57568  -60.69392 349.042928      96.33 2.9969e+01   1107.982      26593  1030.0966  1030.0951    34.5016    34.4998    8.28981         44 0.0000e+00
    491.000    485.661    -1.1674  27.898998    -1.1674  27.897720     6.7487     6.8128    -0.0039    89.7629 1.0000e-12  -63.57568  -60.69392 349.042946      95.38 2.9969e+01   1109.560      26630  1030.1011  1030.0998    34.5014    34.4997    8.28963         28 0.0000e+00
    492.000    486.647    -1.1666  27.900167    -1.1668  27.898777     6.7532     6.8111    -0.0142    89.7934 1.0000e-12  -63.57568  -60.69392 349.042958      94.51 2.9969e+01   1110.581      26655  1030.1059  1030.1046    34.5015    34.4998    8.28946         22 0.0000e+00
    493.000    487.637    -1.1667  27.900564    -1.1669  27.899273     6.7522     6.8105    -0.0062    89.7728 1.0000e-12  -63.57568  -60.69392 349.042968      93.70 2.9969e+01   1111.441      26676  1030.1107  1030.1094    34.5016    34.5000    8.28948         20 0.0000e+00
    494.000    488.624    -1.1669  27.900830    -1.1669  27.899659     6.7555     6.8159    -0.0005    89.7706 1.0000e-12  -63.57566  -60.69392 349.042978      92.65 2.9586e+01   1112.294      26696  1030.1155  1030.1142    34.5015    34.5000    8.28952         22 0.0000e+00
    495.000    489.612    -1.1672  27.900993    -1.1674  27.899668     6.7513     6.8152    -0.0024    89.7443 1.0000e-12  -63.57566  -60.69390 349.042989      91.62 2.8566e+01   1113.284      26720  1030.1202  1030.1189    34.5015    34.4999    8.28959         25 0.0000e+00
    496.000    490.600    -1.1679  27.900881    -1.1680  27.899676     6.7603     6.8169    -0.0058    89.7567 1.0000e-12  -63.57566  -60.69390 349.043002      90.52 2.8337e+01   1114.374      26746  1030.1250  1030.1237    34.5016    34.4999    8.28975         27 0.0000e+00
    497.000    491.588    -1.1676  27.901682    -1.1681  27.899978     6.7474     6.8124     0.0017    89.7445 1.0000e-12  -63.57566  -60.69391 349.043015      89.31 2.8659e+01   1115.485      26773  1030.1299  1030.1285    34.5017    34.5000    8.28967         27 0.0000e+00
    498.000    492.575    -1.1677  27.902069    -1.1675  27.900900     6.7416     6.8097     0.0068    89.7598 1.0000e-12  -63.57566  -60.69393 349.043030      88.46 2.9897e+01   1116.771      26804  1030.1346  1030.1331    34.5017    34.4999    8.28970         32 0.0000e+00
    499.000    493.566    -1.1667  27.903666    -1.1653  27.903376     6.7379     6.8134     0.0069    89.7733 1.0000e-12  -63.57566  -60.69394 349.043054      87.16 2.9971e+01   1118.863      26854  1030.1396  1030.1379    34.5021    34.5001    8.28944         40 0.0000e+00
    500.000    494.552    -1.1636  27.906675    -1.1640  27.904963     6.7420     6.8108     0.0005    89.7848 1.0000e-12  -63.57565  -60.69395 349.043076      86.49 2.9125e+01   1120.752      26899  1030.1441  1030.1426    34.5021    34.5002    8.28876         32 0.0000e+00
    501.000    495.540    -1.1632  27.907227    -1.1630  27.906195     6.7434     6.8035     0.0005    89.7946 1.0000e-12  -63.57564  -60.69394 349.043090      85.26 2.8187e+01   1121.962      26928  1030.1486  1030.1473    34.5017    34.5001    8.28869         24 0.0000e+00
    502.000    496.527    -1.1634  27.907577    -1.1629  27.906750     6.7445     6.8112     0.0075    89.7720 1.0000e-12  -63.57564  -60.69393 349.043101      84.51 2.8206e+01   1122.891      26950  1030.1534  1030.1520    34.5018    34.5002    8.28872         20 0.0000e+00
    503.000    497.517    -1.1631  27.908156    -1.1629  27.907192     6.7485     6.8138     0.0008    89.7729 1.0000e-12  -63.57564  -60.69393 349.043109      83.63 2.8499e+01   1123.643      26968  1030.1580  1030.1568    34.5017    34.5001    8.28867         18 0.0000e+00
    504.000    498.504    -1.1626  27.908990    -1.1627  27.907772     6.7494     6.8105    -0.0028    89.7743 1.0000e-12  -63.57564  -60.69394 349.043118      82.61 2.9270e+01   1124.383      26986  1030.1627  1030.1615    34.5016    34.5001    8.28856         18 0.0000e+00
    505.000    499.491    -1.1625  27.909661    -1.1627  27.908347     6.7483     6.8091    -0.0064    89.7740 1.0000e-12  -63.57564  -60.69394 349.043128      81.44 2.9944e+01   1125.239      27007  1030.1676  1030.1664    34.5018    34.5003    8.28852         24 0.0000e+00
    506.000    500.480    -1.1629  27.909666    -1.1630  27.908340     6.7488     6.8103     0.0027    89.7428 1.0000e-12  -63.57564  -60.69396 349.043143      80.09 2.9969e+01   1126.545      27038  1030.1723  1030.1706    34.5017    34.5000    8.28863         36 0.0000e+00
    507.000    501.467    -1.1649  27.908473    -1.1646  27.907349     6.7504     6.8156     0.0066    89.7429 1.0000e-12  -63.57564  -60.69396 349.043161      79.10 2.9969e+01   1128.120      27076  1030.1772  1030.1757    34.5017    34.4998    8.28907         36 0.0000e+00
    508.000    502.455    -1.1637  27.909905    -1.1640  27.908223     6.7483     6.8160     0.0027    89.7701 1.0000e-12  -63.57563  -60.69396 349.043181      78.01 2.9969e+01   1129.809      27116  1030.1819  1030.1803    34.5017    34.4997    8.28881         43 0.0000e+00
    509.000    503.442    -1.1609  27.912686    -1.1581  27.913425     6.7420     6.8042     0.0010    89.7624 1.0000e-12  -63.57562  -60.69396 349.043201      76.98 2.9969e+01   1131.538      27158  1030.1864  1030.1844    34.5017    34.4995    8.28818         32 0.0000e+00
    510.000    504.432    -1.1540  27.918445    -1.1564  27.915175     6.7373     6.8028    -0.0004    89.7831 1.0000e-12  -63.57562  -60.69396 349.043215      76.04 2.9969e+01   1132.759      27187  1030.1901  1030.1888    34.5011    34.4993    8.28670         24 0.0000e+00
    511.000    505.418    -1.1529  27.920314    -1.1527  27.919159     6.7399     6.8027    -0.0004    89.7460 1.0000e-12  -63.57562  -60.69395 349.043225      75.20 2.9969e+01   1133.622      27208  1030.1953  1030.1938    34.5017    34.4999    8.28641         19 0.0000e+00
    512.000    506.408    -1.1557  27.918301    -1.1554  27.917506     6.7371     6.8077    -0.0004    89.7409 1.0000e-12  -63.57562  -60.69394 349.043233      74.34 2.9969e+01   1134.339      27225  1030.2002  1030.1990    34.5015    34.5002    8.28704         16 0.0000e+00
    513.000    507.395    -1.1560  27.918702    -1.1556  27.917706     6.7342     6.8094    -0.0004    89.7305 1.0000e-12  -63.57562  -60.69396 349.043241      73.49 2.9969e+01   1135.040      27242  1030.2052  1030.2036    34.5018    34.5000    8.28709         17 0.0000e+00
    514.000    508.382    -1.1576  27.917397    -1.1572  27.916805     6.7338     6.8084    -0.0004    89.7217 1.0000e-12  -63.57562  -60.69396 349.043251      72.23 2.9969e+01   1135.865      27262  1030.2096  1030.2086    34.5012    34.5000    8.28747         24 0.0000e+00
    515.000    509.370    -1.1535  27.921411    -1.1555  27.918583     6.7385     6.8046     0.0036    89.7227 1.0000e-12  -63.57561  -60.69397 349.043267      70.92 2.9969e+01   1137.255      27295  1030.2142  1030.2131    34.5014    34.4999    8.28656         39 0.0000e+00
    516.000    510.358    -1.1537  27.921707    -1.1544  27.919745     6.7418     6.8073     0.0033    89.7477 1.0000e-12  -63.57560  -60.69398 349.043289      69.82 2.9969e+01   1139.213      27342  1030.2190  1030.2176    34.5015    34.4996    8.28661         42 0.0000e+00
    517.000    511.346    -1.1536  27.922336    -1.1542  27.920611     6.7489     6.8062     0.0086    89.7472 1.0000e-12  -63.57560  -60.69397 349.043311      68.85 2.9969e+01   1141.077      27387  1030.2239  1030.2226    34.5016    34.4999    8.28657         38 0.0000e+00
    518.000    512.334    -1.1577  27.919289    -1.1582  27.917590     6.7465     6.7996     0.0011    89.7491 1.0000e-12  -63.57560  -60.69395 349.043328      67.98 2.9969e+01   1142.496      27421  1030.2290  1030.2275    34.5016    34.4997    8.28749         28 0.0000e+00
    519.000    513.321    -1.1577  27.920075    -1.1572  27.919103     6.7467     6.8057    -0.0004    89.7709 1.0000e-12  -63.57560  -60.69394 349.043339      67.02 2.9969e+01   1143.507      27445  1030.2341  1030.2324    34.5019    34.5000    8.28745         20 0.0000e+00
    520.000    514.309    -1.1610  27.917580    -1.1608  27.916496     6.7522     6.8014    -0.0049    89.7181 1.0000e-12  -63.57560  -60.69394 349.043348      66.19 2.9969e+01   1144.278      27464  1030.2388  1030.2375    34.5017    34.5000    8.28820         17 0.0000e+00
    521.000    515.296    -1.1567  27.920875    -1.1571  27.919429     6.7431     6.7975    -0.0077    89.7229 1.0000e-12  -63.57560  -60.69394 349.043356      65.32 2.9969e+01   1144.965      27480  1030.2424  1030.2413    34.5007    34.4992    8.28731         17 0.0000e+00
    522.000    516.287    -1.1526  27.925924    -1.1543  27.923086     6.7302     6.8017    -0.0007    89.7215 1.0000e-12  -63.57560  -60.69394 349.043365      64.21 2.9406e+01   1145.696      27498  1030.2482  1030.2467    34.5023    34.5003    8.28632         20 0.0000e+00
    523.000    517.272    -1.1498  27.927985    -1.1593  27.919278     6.7260     6.8061     0.0067    89.7214 1.0000e-12  -63.57559  -60.69394 349.043378      62.68 2.8272e+01   1146.896      27527  1030.2519  1030.2517    34.5012    34.5003    8.28575         36 0.0000e+00
    524.000    518.259    -1.1445  27.933244    -1.1555  27.921942     6.7248     6.7981     0.0012    89.7214 1.0000e-12  -63.57558  -60.69394 349.043401      61.61 2.8206e+01   1148.813      27573  1030.2567  1030.2552    34.5018    34.4990    8.28456         43 0.0000e+00
    525.000    519.250    -1.1289  27.946465    -1.1313  27.942535     6.7278     6.7919     0.0011    89.7119 1.0000e-12  -63.57558  -60.69394 349.043419      60.70 2.8206e+01   1150.394      27610  1030.2599  1030.2579    34.5014    34.4987    8.28114         33 0.0000e+00
    526.000    520.235    -1.1287  27.947527    -1.1293  27.945560     6.7253     6.7903     0.0043    89.6866 1.0000e-12  -63.57558  -60.69391 349.043434      59.48 2.8206e+01   1151.713      27642  1030.2652  1030.2635    34.5019    34.4999    8.28105         30 0.0000e+00
    527.000    521.225    -1.1249  27.950628    -1.1286  27.946643     6.7173     6.7889     0.0029    89.7073 1.0000e-12  -63.57558  -60.69390 349.043448      58.65 2.8206e+01   1152.922      27671  1030.2691  1030.2684    34.5012    34.5000    8.28025         29 0.0000e+00
    528.000    522.211    -1.1195  27.956193    -1.1266  27.948204     6.7162     6.7801     0.0031    89.7119 1.0000e-12  -63.57558  -60.69390 349.043462      57.44 2.8206e+01   1154.093      27699  1030.2742  1030.2724    34.5020    34.4992    8.27902         27 0.0000e+00
    529.000    523.200    -1.1166  27.958817    -1.1178  27.956641     6.7229     6.7776     0.0073    89.7434 1.0000e-12  -63.57558  -60.69390 349.043474      56.60 2.8206e+01   1155.195      27726  1030.2785  1030.2772    34.5016    34.5001    8.27839         26 0.0000e+00
    530.000    524.187    -1.1196  27.957219    -1.1192  27.956275     6.7243     6.7802     0.0107    89.7257 1.0000e-12  -63.57556  -60.69390 349.043487      55.61 2.8206e+01   1156.240      27751  1030.2841  1030.2826    34.5024    34.5006    8.27903         25 0.0000e+00
