NBP2113_155081_ctd/data/nbp2113_006.cnv
* Sea-Bird SBE 9 Data File:
* FileName = D:\Data\raw\NBP2113_006.hex
* Software Version Seasave V 7.26.7.121
* Temperature SN = 2438
* Conductivity SN = 2067
* Number of Bytes Per Scan = 40
* Number of Voltage Words = 5
* Number of Scans Averaged by the Deck Unit = 1
* NMEA Latitude = 64 34.93 S
* NMEA Longitude = 064 20.17 W
* NMEA UTC (Time) = Nov 24 2021  19:52:36
* NMEA baud rate = 9600
** Ship: RVIB N.B. Palmer
** Cruise: NBP2113 LTER
** Station: 625.073
** Operator: S.Blackman
# nquan = 25
# nvalues = 393                         
# units = specified
# name 0 = prDM: Pressure, Digiquartz [db]
# name 1 = depSM: Depth [salt water, m]
# name 2 = t090C: Temperature [ITS-90, deg C]
# name 3 = c0mS/cm: Conductivity [mS/cm]
# name 4 = t190C: Temperature, 2 [ITS-90, deg C]
# name 5 = c1mS/cm: Conductivity, 2 [mS/cm]
# name 6 = sbeox0ML/L: Oxygen, SBE 43 [ml/l]
# name 7 = sbeox1ML/L: Oxygen, SBE 43, 2 [ml/l]
# name 8 = flECO-AFL: Fluorescence, WET Labs ECO-AFL/FL [mg/m^3]
# name 9 = CStarTr0: Beam Transmission, WET Labs C-Star [%]
# name 10 = par: PAR/Irradiance, Biospherical/Licor
# name 11 = latitude: Latitude [deg]
# name 12 = longitude: Longitude [deg]
# name 13 = timeJ: Julian Days
# name 14 = altM: Altimeter [m]
# name 15 = spar: SPAR, Biospherical/Licor
# name 16 = timeS: Time, Elapsed [seconds]
# name 17 = scan: Scan Count
# name 18 = density00: Density [density, kg/m^3]
# name 19 = density11: Density, 2 [density, kg/m^3]
# name 20 = sal00: Salinity, Practical [PSU]
# name 21 = sal11: Salinity, Practical, 2 [PSU]
# name 22 = oxsolML/L: Oxygen Saturation, Garcia & Gordon [ml/l]
# name 23 = nbin: number of scans per bin
# name 24 = flag: flag
# span 0 =      1.000,    199.000       
# span 1 =      0.993,    196.960       
# span 2 =    -0.0529,     1.0214       
# span 3 =  28.368240,  29.675541       
# span 4 =    -0.0528,     1.0218       
# span 5 =  28.366063,  29.674467       
# span 6 =     4.8213,     7.5985       
# span 7 =     4.7879,     7.4468       
# span 8 =     0.0300,     0.9418       
# span 9 =    92.5500,    97.4183       
# span 10 = -2.816e-05, 7.0859e+02      
# span 11 =  -64.58226,  -64.58194      
# span 12 =  -64.33790,  -64.33564      
# span 13 = 328.832803, 328.840902      
# span 14 =       8.38,     121.58      
# span 15 = 3.7697e+02, 4.2332e+02      
# span 16 =    398.183,   1097.937      
# span 17 =       9557,      26351      
# span 18 =  1027.4249,  1028.6364      
# span 19 =  1027.4223,  1028.6346      
# span 20 =    34.1479,    34.5673      
# span 21 =    34.1432,    34.5655      
# span 22 =    7.82514,    8.06871      
# span 23 =         17,         49      
# span 24 = 0.0000e+00, 0.0000e+00      
# interval = decibars: 1                
# start_time = Nov 24 2021 19:52:36 [NMEA time, header]
# bad_flag = -9.990e-29
*END*
      5.000      4.958    -0.0300  28.374972    -0.0308  28.372024     7.5211     7.4295     0.6673    92.6573 1.5088e+02  -64.58226  -64.33564 328.832803      99.97 4.2332e+02    398.183       9557  1027.4471  1027.4446    34.1520    34.1489    8.06420         18 0.0000e+00
      6.000      5.936    -0.0320  28.373822    -0.0313  28.372157     7.5173     7.4410     0.6842    92.6544 1.3099e+02  -64.58226  -64.33564 328.832872      99.97 4.2163e+02    404.102       9699  1027.4519  1027.4496    34.1521    34.1491    8.06461         22 0.0000e+00
      7.000      6.932    -0.0324  28.373750    -0.0320  28.371891     7.5449     7.4351     0.6536    92.6509 1.1852e+02  -64.58226  -64.33565 328.832917      99.97 4.2133e+02    407.990       9793  1027.4566  1027.4542    34.1518    34.1489    8.06471         43 0.0000e+00
      8.000      7.923    -0.0333  28.373546    -0.0328  28.371650     7.4864     7.4362     0.6244    92.6494 1.0664e+02  -64.58226  -64.33564 328.832948      99.97 4.2133e+02    410.701       9858  1027.4615  1027.4590    34.1519    34.1488    8.06489         31 0.0000e+00
      9.000      8.912    -0.0378  28.370282    -0.0361  28.369382     7.5418     7.4349     0.7041    92.6874 9.5852e+01  -64.58226  -64.33564 328.832984      99.97 4.2133e+02    413.827       9933  1027.4667  1027.4640    34.1520    34.1489    8.06583         45 0.0000e+00
     10.000      9.902    -0.0345  28.373481    -0.0337  28.371695     7.5305     7.4338     0.7588    92.6531 8.7231e+01  -64.58226  -64.33566 328.833030      99.97 4.1991e+02    417.777      10028  1027.4711  1027.4685    34.1520    34.1487    8.06514         32 0.0000e+00
     11.000     10.892    -0.0307  28.377019    -0.0305  28.374861     7.5174     7.4323     0.7008    92.6773 7.6864e+01  -64.58226  -64.33565 328.833064      99.97 4.1956e+02    420.769      10099  1027.4755  1027.4730    34.1519    34.1488    8.06436         42 0.0000e+00
     12.000     11.883    -0.0304  28.377306    -0.0294  28.375982     7.5262     7.4428     0.7407    92.6779 7.0105e+01  -64.58226  -64.33565 328.833099      99.97 4.1957e+02    423.747      10171  1027.4798  1027.4774    34.1513    34.1484    8.06433         43 0.0000e+00
     13.000     12.875    -0.0371  28.372747    -0.0328  28.373761     7.5158     7.4277     0.7503    92.6468 6.5055e+01  -64.58226  -64.33566 328.833140      99.97 4.1957e+02    427.312      10256  1027.4858  1027.4827    34.1521    34.1486    8.06569         39 0.0000e+00
     14.000     13.863    -0.0357  28.374347    -0.0367  28.371375     7.5155     7.4338     0.6972    92.6986 5.8807e+01  -64.58226  -64.33566 328.833178      99.97 4.1957e+02    430.611      10336  1027.4903  1027.4882    34.1520    34.1492    8.06539         43 0.0000e+00
     15.000     14.853    -0.0322  28.377345    -0.0314  28.375751     7.5357     7.4368     0.7213    92.6434 5.3956e+01  -64.58226  -64.33566 328.833205      99.97 4.1871e+02    432.923      10391  1027.4944  1027.4920    34.1515    34.1485    8.06469         45 0.0000e+00
     16.000     15.842    -0.0326  28.377444    -0.0313  28.376227     7.5194     7.4342     0.7401    92.6657 5.0692e+01  -64.58226  -64.33566 328.833235      99.97 4.1775e+02    435.541      10454  1027.4992  1027.4966    34.1515    34.1484    8.06477         38 0.0000e+00
     17.000     16.834    -0.0329  28.377588    -0.0331  28.375140     7.5274     7.4468     0.7757    92.6693 4.7514e+01  -64.58226  -64.33568 328.833265      99.97 4.1780e+02    438.133      10516  1027.5039  1027.5015    34.1513    34.1483    8.06483         42 0.0000e+00
     18.000     17.822    -0.0322  28.378322    -0.0314  28.376729     7.5239     7.4382     0.7754    92.6307 4.2875e+01  -64.58226  -64.33567 328.833291      99.97 4.1780e+02    440.374      10570  1027.5083  1027.5059    34.1510    34.1480    8.06472         35 0.0000e+00
     19.000     18.814    -0.0310  28.379813    -0.0321  28.376717     7.5376     7.4347     0.7987    92.6107 3.9405e+01  -64.58226  -64.33566 328.833330      99.97 4.1780e+02    443.694      10650  1027.5130  1027.5107    34.1510    34.1481    8.06446         43 0.0000e+00
     20.000     19.803    -0.0353  28.376967    -0.0350  28.375016     7.4948     7.4327     0.8104    92.6753 3.6613e+01  -64.58226  -64.33567 328.833357      99.97 4.1773e+02    446.040      10706  1027.5184  1027.5160    34.1514    34.1485    8.06534         29 0.0000e+00
     21.000     20.793    -0.0373  28.375827    -0.0369  28.374346     7.5123     7.4288     0.7979    92.6187 3.4475e+01  -64.58226  -64.33568 328.833408      99.97 4.1596e+02    450.473      10812  1027.5235  1027.5215    34.1515    34.1491    8.06576         25 0.0000e+00
     22.000     21.785    -0.0434  28.372339    -0.0439  28.370153     7.4403     7.3711     0.8009    92.6742 3.1101e+01  -64.58226  -64.33568 328.833444      99.97 4.1604e+02    453.576      10887  1027.5299  1027.5280    34.1531    34.1507    8.06696         31 0.0000e+00
     23.000     22.774    -0.0529  28.368240    -0.0528  28.366063     7.3989     7.3431     0.8245    92.7620 2.9080e+01  -64.58226  -64.33568 328.833470      99.97 4.1604e+02    455.843      10941  1027.5391  1027.5366    34.1577    34.1547    8.06871         40 0.0000e+00
     24.000     23.765    -0.0518  28.370451    -0.0511  28.368926     7.4167     7.3457     0.8160    92.9635 2.7590e+01  -64.58224  -64.33569 328.833515      99.97 4.1604e+02    459.676      11033  1027.5444  1027.5421    34.1588    34.1560    8.06841         20 0.0000e+00
     25.000     24.755    -0.0517  28.371131    -0.0511  28.369576     7.4222     7.3452     0.8104    93.1287 2.5092e+01  -64.58224  -64.33570 328.833559      99.97 4.1604e+02    463.452      11124  1027.5493  1027.5470    34.1590    34.1562    8.06838         33 0.0000e+00
     26.000     25.744    -0.0513  28.372397    -0.0504  28.370940     7.4239     7.3381     0.8511    93.1201 2.3097e+01  -64.58224  -64.33570 328.833585      99.97 4.1604e+02    465.749      11179  1027.5545  1027.5521    34.1596    34.1567    8.06825         47 0.0000e+00
     27.000     26.736    -0.0509  28.373609    -0.0501  28.372188     7.4218     7.3326     0.8025    93.1126 2.1720e+01  -64.58224  -64.33570 328.833617      99.97 4.1560e+02    468.493      11245  1027.5596  1027.5574    34.1601    34.1573    8.06813         22 0.0000e+00
     28.000     27.726    -0.0508  28.374254    -0.0501  28.372755     7.4237     7.3266     0.8004    93.1559 2.0472e+01  -64.58224  -64.33572 328.833667      99.97 4.1432e+02    472.784      11348  1027.5645  1027.5622    34.1602    34.1574    8.06811         35 0.0000e+00
     29.000     28.715    -0.0504  28.375193    -0.0496  28.373749     7.4206     7.3233     0.8563    93.1763 1.8997e+01  -64.58224  -64.33572 328.833699      99.97 4.1428e+02    475.590      11415  1027.5694  1027.5671    34.1604    34.1576    8.06801         35 0.0000e+00
     30.000     29.705    -0.0496  28.376925    -0.0491  28.374957     7.4107     7.3176     0.8075    93.2001 1.7647e+01  -64.58224  -64.33572 328.833736      99.97 4.1428e+02    478.784      11492  1027.5748  1027.5722    34.1613    34.1581    8.06780         35 0.0000e+00
     31.000     30.695    -0.0478  28.380288    -0.0470  28.378697     7.3796     7.3236     0.7712    93.1864 1.6635e+01  -64.58224  -64.33572 328.833761      99.97 4.1428e+02    480.969      11544  1027.5809  1027.5784    34.1631    34.1601    8.06732         44 0.0000e+00
     32.000     31.686    -0.0442  28.386393    -0.0437  28.384695     7.2936     7.2385     0.8066    93.1114 1.5588e+01  -64.58222  -64.33574 328.833814      99.97 4.1428e+02    485.544      11654  1027.5882  1027.5859    34.1666    34.1638    8.06636         31 0.0000e+00
     33.000     32.675    -0.0390  28.398262    -0.0382  28.396223     6.9915     7.0550     0.8133    93.1251 1.4212e+01  -64.58222  -64.33574 328.833845      99.97 4.1428e+02    488.236      11719  1027.6002  1027.5972    34.1759    34.1723    8.06474         44 0.0000e+00
     34.000     33.668     0.0078  28.466933     0.0096  28.465209     6.8609     6.9267     0.8347    93.1165 1.3331e+01  -64.58222  -64.33574 328.833874      99.97 4.1428e+02    490.753      11779  1027.6322  1027.6287    34.2141    34.2098    8.05273         34 0.0000e+00
     35.000     34.654     0.0272  28.493301     0.0269  28.490291     6.9087     6.8920     0.8091    93.5147 1.3080e+01  -64.58222  -64.33576 328.833909      99.97 4.1428e+02    493.702      11850  1027.6461  1027.6432    34.2266    34.2230    8.04793         34 0.0000e+00
     36.000     35.644     0.0253  28.490509     0.0275  28.490803     6.9547     6.8976     0.7801    94.1097 1.1753e+01  -64.58222  -64.33576 328.833961      99.97 4.1428e+02    498.190      11958  1027.6499  1027.6480    34.2245    34.2224    8.04847         40 0.0000e+00
     37.000     36.635     0.0253  28.491196     0.0265  28.490116     6.9593     6.8929     0.6981    94.1497 1.0799e+01  -64.58222  -64.33576 328.833986      99.97 4.1428e+02    500.394      12010  1027.6550  1027.6527    34.2248    34.2220    8.04845         45 0.0000e+00
     38.000     37.625     0.0265  28.492788     0.0255  28.488842     6.9608     6.8994     0.7573    94.0961 1.0263e+01  -64.58222  -64.33576 328.834011      99.97 4.1428e+02    502.549      12062  1027.6599  1027.6568    34.2249    34.2209    8.04818         39 0.0000e+00
     39.000     38.612     0.0253  28.491344     0.0258  28.489658     6.9619     6.8903     0.7629    94.1441 9.8763e+00  -64.58222  -64.33579 328.834060      99.97 4.1345e+02    506.763      12163  1027.6640  1027.6617    34.2237    34.2210    8.04850         32 0.0000e+00
     40.000     39.604     0.0278  28.495154     0.0286  28.493812     6.9485     6.8769     0.7425    94.1525 9.0616e+00  -64.58222  -64.33580 328.834100      99.97 4.1425e+02    510.268      12247  1027.6700  1027.6678    34.2254    34.2228    8.04788         34 0.0000e+00
     41.000     40.594     0.0295  28.498435     0.0300  28.496811     6.9497     6.8675     0.7155    94.1863 8.4934e+00  -64.58222  -64.33580 328.834128      99.97 4.1428e+02    512.636      12304  1027.6762  1027.6739    34.2273    34.2245    8.04743         39 0.0000e+00
     42.000     41.586     0.0293  28.498569     0.0298  28.496868     6.9557     6.8720     0.6796    94.2156 8.0278e+00  -64.58222  -64.33580 328.834147      99.97 4.1428e+02    514.287      12344  1027.6808  1027.6785    34.2270    34.2243    8.04748         40 0.0000e+00
     43.000     42.576     0.0296  28.499859     0.0305  28.498368     6.9344     6.8568     0.6720    94.2614 7.5951e+00  -64.58222  -64.33583 328.834208      99.97 4.1310e+02    519.533      12470  1027.6862  1027.6838    34.2278    34.2249    8.04736         37 0.0000e+00
     44.000     43.567     0.0323  28.503565     0.0330  28.502016     6.9284     6.8543     0.7174    94.2605 7.0196e+00  -64.58222  -64.33583 328.834240      99.97 4.1251e+02    522.333      12537  1027.6918  1027.6895    34.2290    34.2262    8.04673         36 0.0000e+00
     45.000     44.555     0.0337  28.505567     0.0350  28.504950     6.9226     6.8602     0.7223    94.3075 6.6094e+00  -64.58222  -64.33584 328.834263      99.97 4.1251e+02    524.329      12585  1027.6969  1027.6950    34.2296    34.2273    8.04642         45 0.0000e+00
     46.000     45.546     0.0345  28.506980     0.0337  28.503749     6.9329     6.8600     0.6926    94.2759 6.2807e+00  -64.58222  -64.33585 328.834299      99.97 4.1284e+02    527.418      12659  1027.7020  1027.6994    34.2300    34.2266    8.04623         31 0.0000e+00
     47.000     46.535     0.0358  28.508996     0.0364  28.507278     6.9220     6.8494     0.6778    94.2462 5.8408e+00  -64.58222  -64.33586 328.834345      99.97 4.1418e+02    531.397      12755  1027.7071  1027.7047    34.2305    34.2275    8.04591         46 0.0000e+00
     48.000     47.524     0.0372  28.510950     0.0375  28.509016     6.9271     6.8426     0.7073    94.3138 5.4431e+00  -64.58222  -64.33586 328.834377      99.97 4.1266e+02    534.190      12822  1027.7122  1027.7098    34.2310    34.2280    8.04560         38 0.0000e+00
     49.000     48.515     0.0376  28.511978     0.0387  28.511152     6.8840     6.8195     0.7217    94.2860 5.2075e+00  -64.58222  -64.33586 328.834405      99.97 4.1251e+02    536.627      12880  1027.7172  1027.7152    34.2313    34.2289    8.04550         40 0.0000e+00
     50.000     49.506     0.0454  28.522291     0.0483  28.522590     6.8898     6.8224     0.6740    94.2864 4.9022e+00  -64.58222  -64.33588 328.834436      99.97 4.1251e+02    539.310      12944  1027.7248  1027.7223    34.2356    34.2327    8.04361         39 0.0000e+00
     51.000     50.496     0.0436  28.520157     0.0455  28.520424     6.8908     6.8092     0.6715    94.2791 4.5238e+00  -64.58222  -64.33590 328.834494      99.97 4.1251e+02    544.292      13064  1027.7287  1027.7271    34.2342    34.2324    8.04408         31 0.0000e+00
     52.000     51.485     0.0487  28.526919     0.0475  28.523274     6.8408     6.8021     0.6868    94.3161 4.2378e+00  -64.58222  -64.33590 328.834510      99.97 4.1251e+02    545.635      13096  1027.7352  1027.7325    34.2369    34.2334    8.04286         37 0.0000e+00
     53.000     52.475     0.0512  28.530343     0.0507  28.527384     6.8853     6.8057     0.6902    94.3670 4.0451e+00  -64.58222  -64.33591 328.834544      99.97 4.1251e+02    548.588      13167  1027.7408  1027.7382    34.2380    34.2346    8.04227         35 0.0000e+00
     54.000     53.463     0.0573  28.538627     0.0590  28.538315     6.8481     6.7723     0.7141    94.4892 3.7574e+00  -64.58222  -64.33592 328.834605      99.97 4.1251e+02    553.839      13293  1027.7480  1027.7460    34.2415    34.2392    8.04078         37 0.0000e+00
     55.000     54.455     0.0606  28.543000     0.0608  28.541195     6.8188     6.7473     0.6590    94.5125 3.5298e+00  -64.58222  -64.33592 328.834628      99.97 4.1251e+02    555.886      13342  1027.7538  1027.7517    34.2430    34.2404    8.04001         35 0.0000e+00
     56.000     55.445     0.0676  28.551958     0.0685  28.550797     6.8189     6.7469     0.7152    94.5164 3.3218e+00  -64.58222  -64.33594 328.834647      99.97 4.1251e+02    557.484      13381  1027.7608  1027.7587    34.2464    34.2438    8.03836         42 0.0000e+00
     57.000     56.434     0.0684  28.553275     0.0701  28.553055     6.8257     6.7372     0.6862    94.5409 3.1484e+00  -64.58222  -64.33595 328.834697      99.97 4.1251e+02    561.802      13484  1027.7659  1027.7639    34.2466    34.2444    8.03817         36 0.0000e+00
     58.000     57.426     0.0722  28.558296     0.0737  28.557767     6.7817     6.7289     0.6730    94.5845 2.9344e+00  -64.58222  -64.33596 328.834728      99.97 4.1251e+02    564.467      13548  1027.7718  1027.7698    34.2484    34.2461    8.03727         38 0.0000e+00
     59.000     58.413     0.0814  28.570066     0.0828  28.569151     6.7623     6.6925     0.6765    94.5975 2.7636e+00  -64.58222  -64.33597 328.834771      99.97 4.1131e+02    568.238      13639  1027.7798  1027.7774    34.2531    34.2503    8.03509         37 0.0000e+00
     60.000     59.405     0.0873  28.577173     0.0878  28.575727     6.7515     6.6876     0.6197    94.5991 2.5934e+00  -64.58222  -64.33598 328.834798      99.97 4.1092e+02    570.555      13694  1027.7860  1027.7839    34.2553    34.2529    8.03373         40 0.0000e+00
     61.000     60.393     0.0844  28.574161     0.0879  28.576705     6.7935     6.6914     0.6995    94.6482 2.4224e+00  -64.58222  -64.33598 328.834823      99.97 4.1073e+02    572.690      13746  1027.7899  1027.7892    34.2539    34.2534    8.03440         38 0.0000e+00
