NBP2113_155081_ctd/data/nbp2113_014.cnv
* Sea-Bird SBE 9 Data File:
* FileName = D:\Data\raw\NBP2113_014.hex
* Software Version Seasave V 7.26.7.121
* Temperature SN = 2438
* Conductivity SN = 2067
* Number of Bytes Per Scan = 40
* Number of Voltage Words = 5
* Number of Scans Averaged by the Deck Unit = 1
* NMEA Latitude = 65 28.72 S
* NMEA Longitude = 066 08.92 W
* NMEA UTC (Time) = Nov 27 2021  11:12:57
* NMEA baud rate = 9600
** Ship: RVIB N.B. Palmer
** Cruise: NBP2113 LTER
** Station: 500.060
** Operator: B. Urmston
# nquan = 25
# nvalues = 608                         
# units = specified
# name 0 = prDM: Pressure, Digiquartz [db]
# name 1 = depSM: Depth [salt water, m]
# name 2 = t090C: Temperature [ITS-90, deg C]
# name 3 = c0mS/cm: Conductivity [mS/cm]
# name 4 = t190C: Temperature, 2 [ITS-90, deg C]
# name 5 = c1mS/cm: Conductivity, 2 [mS/cm]
# name 6 = sbeox0ML/L: Oxygen, SBE 43 [ml/l]
# name 7 = sbeox1ML/L: Oxygen, SBE 43, 2 [ml/l]
# name 8 = flECO-AFL: Fluorescence, WET Labs ECO-AFL/FL [mg/m^3]
# name 9 = CStarTr0: Beam Transmission, WET Labs C-Star [%]
# name 10 = par: PAR/Irradiance, Biospherical/Licor
# name 11 = latitude: Latitude [deg]
# name 12 = longitude: Longitude [deg]
# name 13 = timeJ: Julian Days
# name 14 = altM: Altimeter [m]
# name 15 = spar: SPAR, Biospherical/Licor
# name 16 = timeS: Time, Elapsed [seconds]
# name 17 = scan: Scan Count
# name 18 = density00: Density [density, kg/m^3]
# name 19 = density11: Density, 2 [density, kg/m^3]
# name 20 = sal00: Salinity, Practical [PSU]
# name 21 = sal11: Salinity, Practical, 2 [PSU]
# name 22 = oxsolML/L: Oxygen Saturation, Garcia & Gordon [ml/l]
# name 23 = nbin: number of scans per bin
# name 24 = flag: flag
# span 0 =      1.000,    306.000       
# span 1 =      0.988,    302.767       
# span 2 =    -1.3368,     1.3198       
# span 3 =  27.166280,  30.049096       
# span 4 =    -1.3343,     1.3197       
# span 5 =  27.167017,  30.048324       
# span 6 =     4.3260,     9.7249       
# span 7 =     4.3164,     9.5421       
# span 8 =    -0.0172,     1.7164       
# span 9 =    89.3752,    97.4266       
# span 10 = 1.0000e-12, 1.8249e+02      
# span 11 =  -65.47883,  -65.47864      
# span 12 =  -66.14942,  -66.14826      
# span 13 = 331.471157, 331.489994      
# span 14 =       6.00,     102.37      
# span 15 = 1.6518e+02, 2.6974e+02      
# span 16 =    330.979,   1958.469      
# span 17 =       7945,      47004      
# span 18 =  1027.1715,  1029.1865      
# span 19 =  1027.1675,  1029.1855      
# span 20 =    33.7853,    34.6526      
# span 21 =    33.7830,    34.6517      
# span 22 =    7.76119,    8.36013      
# span 23 =         11,         50      
# span 24 = 0.0000e+00, 0.0000e+00      
# interval = decibars: 1                
# start_time = Nov 27 2021 11:12:57 [NMEA time, header]
# bad_flag = -9.990e-29
*END*
[from data line 406]
    202.000    199.916     0.9355  29.591504     0.9352  29.590105     4.7329     4.7175     0.0039    97.0465 1.0000e-12  -65.47882  -66.14932 331.482385      99.98 1.9634e+02   1301.052      31226  1028.6454  1028.6441    34.5507    34.5493    7.84328         34 0.0000e+00
    201.000    198.927     0.9513  29.608421     0.9340  29.588298     4.7772     4.7475     0.0106    97.0600 1.0000e-12  -65.47883  -66.14933 331.482437      99.98 1.9743e+02   1305.540      31334  1028.6429  1028.6387    34.5557    34.5489    7.83985         32 0.0000e+00
    200.000    197.937     0.9417  29.596474     0.9377  29.592006     4.8111     4.7564     0.0098    97.0601 1.0000e-12  -65.47882  -66.14934 331.482452      99.98 1.9863e+02   1306.830      31365  1028.6354  1028.6345    34.5514    34.5501    7.84200         23 0.0000e+00
    199.000    196.949     0.9325  29.587327     0.9267  29.580501     4.9147     4.8228     0.0042    97.0601 1.0000e-12  -65.47882  -66.14935 331.482461      99.98 1.9921e+02   1307.668      31385  1028.6307  1028.6290    34.5504    34.5480    7.84390         19 0.0000e+00
    198.000    195.958     0.9218  29.573780     0.9203  29.571966     4.9813     4.8573    -0.0004    97.0710 1.0000e-12  -65.47882  -66.14936 331.482470      99.98 1.9921e+02   1308.410      31403  1028.6229  1028.6222    34.5455    34.5447    7.84633         17 0.0000e+00
    197.000    194.970     0.8729  29.521382     0.8835  29.531401     4.9931     4.8653    -0.0067    97.0869 1.0000e-12  -65.47882  -66.14936 331.482478      99.98 1.9921e+02   1309.107      31420  1028.6125  1028.6122    34.5326    34.5338    7.85688         17 0.0000e+00
    196.000    193.979     0.8133  29.456150     0.8125  29.455686     4.9788     4.8659    -0.0029    97.1070 1.0000e-12  -65.47882  -66.14936 331.482487      99.98 1.9988e+02   1309.842      31437  1028.5990  1028.5992    34.5150    34.5153    7.86988         18 0.0000e+00
    195.000    192.990     0.7741  29.417150     0.7878  29.431521     4.9538     4.8640     0.0067    97.1569 1.0000e-12  -65.47882  -66.14936 331.482497      99.98 2.0095e+02   1310.732      31459  1028.5927  1028.5939    34.5086    34.5120    7.87817         25 0.0000e+00
    194.000    192.002     0.8262  29.468573     0.8291  29.474334     4.9295     4.8584     0.0071    97.1997 1.0000e-12  -65.47882  -66.14936 331.482512      99.97 2.0118e+02   1312.062      31490  1028.5895  1028.5927    34.5179    34.5221    7.86711         40 0.0000e+00
    193.000    191.012     0.8278  29.473365     0.8444  29.490317     4.8491     4.8177     0.0125    97.1531 1.0000e-12  -65.47882  -66.14936 331.482537      99.97 2.0289e+02   1314.186      31541  1028.5883  1028.5895    34.5230    34.5265    7.86652         50 0.0000e+00
    192.000    190.022     0.8735  29.522366     0.8573  29.505344     4.8664     4.8443     0.0071    97.1677 1.0000e-12  -65.47882  -66.14936 331.482570      99.98 2.0443e+02   1317.065      31611  1028.5894  1028.5879    34.5361    34.5321    7.85656         39 0.0000e+00
    191.000    189.034     0.8642  29.509485     0.8511  29.496615     5.0201     4.9261     0.0069    97.1350 1.0000e-12  -65.47882  -66.14937 331.482592      99.97 2.0588e+02   1318.948      31656  1028.5810  1028.5806    34.5304    34.5283    7.85876         33 0.0000e+00
    190.000    188.045     0.7647  29.402350     0.7912  29.430005     5.0972     4.9875     0.0005    97.1625 1.0000e-12  -65.47882  -66.14938 331.482607      99.98 2.0626e+02   1320.266      31687  1028.5634  1028.5660    34.5028    34.5092    7.88038         29 0.0000e+00
    189.000    187.055     0.7222  29.357557     0.7194  29.354207     5.1111     5.0037     0.0202    97.2452 1.0000e-12  -65.47882  -66.14938 331.482620      99.97 2.0694e+02   1321.395      31714  1028.5540  1028.5533    34.4925    34.4913    7.88958         26 0.0000e+00
    188.000    186.065     0.7046  29.339585     0.7041  29.337209     5.0745     5.0016    -0.0043    97.2674 1.0000e-12  -65.47882  -66.14939 331.482634      99.98 2.0800e+02   1322.540      31742  1028.5478  1028.5459    34.4893    34.4868    7.89332         30 0.0000e+00
    187.000    185.077     0.7153  29.351637     0.7063  29.339724     5.0346     5.0068     0.0108    97.2778 1.0000e-12  -65.47882  -66.14940 331.482651      99.98 2.0833e+02   1324.016      31777  1028.5450  1028.5414    34.4937    34.4882    7.89091         39 0.0000e+00
    186.000    184.088     0.7269  29.362279     0.7047  29.336423     5.0477     5.0041     0.0117    97.2889 1.0000e-12  -65.47882  -66.14940 331.482671      99.98 2.0976e+02   1325.758      31819  1028.5399  1028.5348    34.4953    34.4864    7.88848         37 0.0000e+00
    185.000    183.098     0.7318  29.368681     0.7130  29.345844     5.0378     4.9993     0.0062    97.2725 1.0000e-12  -65.47882  -66.14940 331.482705      99.97 2.1017e+02   1328.683      31889  1028.5370  1028.5316    34.4986    34.4899    7.88729         30 0.0000e+00
    184.000    182.109     0.7252  29.358724     0.7159  29.349220     5.0725     5.0119     0.0057    97.2600 1.0000e-12  -65.47882  -66.14940 331.482752      99.98 2.1159e+02   1332.817      31989  1028.5285  1028.5276    34.4937    34.4917    7.88891         18 0.0000e+00
    183.000    181.120     0.7027  29.335081     0.7034  29.335026     5.0983     5.0153    -0.0005    97.2909 1.0000e-12  -65.47882  -66.14940 331.482759      99.98 2.1155e+02   1333.413      32003  1028.5217  1028.5208    34.4886    34.4877    7.89376         16 0.0000e+00
    182.000    180.130     0.6974  29.328437     0.6983  29.328730     5.0860     5.0167     0.0037    97.2933 1.0000e-12  -65.47882  -66.14942 331.482768      99.98 2.1155e+02   1334.115      32020  1028.5156  1028.5149    34.4864    34.4858    7.89495         18 0.0000e+00
    181.000    179.141     0.6865  29.316235     0.6916  29.321053     5.0711     5.0170     0.0094    97.3163 1.0000e-12  -65.47882  -66.14942 331.482778      99.98 2.1155e+02   1335.033      32042  1028.5092  1028.5091    34.4833    34.4839    7.89734         29 0.0000e+00
    180.000    178.153     0.7024  29.333299     0.6984  29.327618     5.0808     5.0323     0.0025    97.2959 1.0000e-12  -65.47882  -66.14942 331.482861      99.98 2.1600e+02   1342.190      32214  1028.5065  1028.5044    34.4884    34.4854    7.89383         29 0.0000e+00
    179.000    177.161     0.7020  29.332036     0.6963  29.325069     5.1113     5.0527     0.0052    97.3067 1.0000e-12  -65.47882  -66.14942 331.482885      99.97 2.1685e+02   1344.243      32263  1028.5012  1028.4994    34.4878    34.4850    7.89395         21 0.0000e+00
    178.000    176.174     0.6780  29.305251     0.6782  29.304610     5.1148     5.0532     0.0062    97.3174 1.0000e-12  -65.47882  -66.14942 331.482894      99.97 2.1788e+02   1345.051      32282  1028.4927  1028.4917    34.4803    34.4792    7.89924         20 0.0000e+00
    177.000    175.184     0.6659  29.291765     0.6659  29.290807     5.1053     5.0449     0.0060    97.3317 1.0000e-12  -65.47882  -66.14942 331.482904      99.98 2.1858e+02   1345.932      32303  1028.4861  1028.4851    34.4767    34.4756    7.90189         23 0.0000e+00
    176.000    174.194     0.6484  29.272074     0.6478  29.270433     5.1193     5.0606     0.0088    97.3469 1.0000e-12  -65.47882  -66.14940 331.483107      99.98 2.2305e+02   1363.425      32723  1028.4778  1028.4766    34.4712    34.4697    7.90576         34 0.0000e+00
    175.000    173.204     0.6327  29.253843     0.6319  29.251887     5.1459     5.0912     0.0094    97.3930 1.0000e-12  -65.47883  -66.14936 331.483402      99.98 2.2737e+02   1388.912      33335  1028.4691  1028.4678    34.4656    34.4639    7.90928         44 0.0000e+00
    174.000    172.216     0.6297  29.249822     0.6334  29.253320     5.1582     5.0977     0.0187    97.3601 1.0000e-12  -65.47882  -66.14933 331.483439      99.97 2.2579e+02   1392.090      33411  1028.4634  1028.4634    34.4643    34.4647    7.90996         36 0.0000e+00
    173.000    171.228     0.6304  29.250329     0.6350  29.254534     5.1814     5.1319     0.0237    97.3738 1.0000e-12  -65.47882  -66.14932 331.483470      99.98 2.2425e+02   1394.767      33475  1028.4589  1028.4588    34.4647    34.4652    7.90979         29 0.0000e+00
    172.000    170.237     0.6277  29.246690     0.6293  29.247274     5.3488     5.2492     0.0050    97.3948 1.0000e-12  -65.47882  -66.14932 331.483490      99.98 2.2388e+02   1396.514      33517  1028.4534  1028.4524    34.4637    34.4626    7.91041         28 0.0000e+00
    171.000    169.248     0.5577  29.168196     0.5267  29.134830     5.4563     5.3066     0.0065    97.3755 1.0000e-12  -65.47882  -66.14932 331.483501      99.97 2.2389e+02   1397.479      33541  1028.4360  1028.4318    34.4399    34.4308    7.92603         20 0.0000e+00
    170.000    168.260     0.4767  29.085554     0.4764  29.085622     5.5033     5.3445     0.0065    97.4185 1.0000e-12  -65.47882  -66.14934 331.483510      99.97 2.2350e+02   1398.259      33559  1028.4247  1028.4250    34.4229    34.4233    7.94359         18 0.0000e+00
    169.000    167.269     0.4341  29.040968     0.4300  29.037137     5.4894     5.3561     0.0206    97.4266 1.0000e-12  -65.47882  -66.14934 331.483518      99.98 2.2224e+02   1398.993      33577  1028.4152  1028.4151    34.4126    34.4122    7.95291         17 0.0000e+00
    168.000    166.278     0.4175  29.024056     0.4189  29.024808     5.4506     5.3504     0.0182    97.4050 1.0000e-12  -65.47882  -66.14933 331.483527      99.98 2.2212e+02   1399.746      33595  1028.4089  1028.4082    34.4095    34.4089    7.95650         19 0.0000e+00
    167.000    165.291     0.4071  29.012745     0.4065  29.011618     5.4162     5.3345     0.0189    97.3950 1.0000e-12  -65.47882  -66.14932 331.483537      99.97 2.2212e+02   1400.590      33615  1028.4025  1028.4018    34.4069    34.4062    7.95878         22 0.0000e+00
    166.000    164.301     0.4501  29.059106     0.4269  29.032209     5.4273     5.3544     0.0328    97.3948 1.0000e-12  -65.47882  -66.14932 331.483549      99.98 2.2212e+02   1401.660      33641  1028.4040  1028.3985    34.4203    34.4109    7.94920         29 0.0000e+00
    165.000    163.312     0.4259  29.031445     0.4328  29.037598     5.4442     5.3651     0.0289    97.3948 1.0000e-12  -65.47882  -66.14932 331.483567      99.97 2.2212e+02   1403.223      33678  1028.3940  1028.3935    34.4116    34.4120    7.95465         38 0.0000e+00
    164.000    162.321     0.4199  29.024285     0.4116  29.015481     5.5926     5.4607     0.0354    97.3680 1.0000e-12  -65.47882  -66.14932 331.483584      99.98 2.2185e+02   1404.644      33712  1028.3876  1028.3864    34.4095    34.4073    7.95600         27 0.0000e+00
    163.000    161.334     0.3808  28.984137     0.3937  28.997222     5.7121     5.5281     0.0362    97.3703 1.0000e-12  -65.47882  -66.14932 331.483595      99.98 2.2035e+02   1405.589      33735  1028.3792  1028.3802    34.4012    34.4040    7.96453         21 0.0000e+00
    162.000    160.344     0.2722  28.869035     0.2717  28.868054     5.7601     5.5600     0.0235    97.3520 1.0000e-12  -65.47882  -66.14932 331.483604      99.98 2.2036e+02   1406.393      33754  1028.3602  1028.3597    34.3719    34.3712    7.98865         19 0.0000e+00
    161.000    159.354     0.2121  28.810025     0.2135  28.811017     5.7432     5.5774     0.0207    97.3413 1.0000e-12  -65.47882  -66.14932 331.483614      99.97 2.2036e+02   1407.240      33775  1028.3520  1028.3517    34.3621    34.3619    8.00168         22 0.0000e+00
    160.000    158.365     0.2288  28.826933     0.2272  28.824386     5.6066     5.5144     0.0395    97.3327 1.0000e-12  -65.47882  -66.14930 331.483631      99.98 2.2036e+02   1408.694      33810  1028.3481  1028.3470    34.3662    34.3647    7.99798         32 0.0000e+00
    159.000    157.376     0.3638  28.965163     0.3433  28.942086     5.6347     5.5783     0.0267    97.3369 1.0000e-12  -65.47882  -66.14930 331.483667      99.98 2.2036e+02   1411.859      33886  1028.3554  1028.3513    34.3977    34.3903    7.96823         34 0.0000e+00
    158.000    156.385     0.2456  28.841576     0.2298  28.826065     5.7515     5.6265     0.0278    97.3434 1.0000e-12  -65.47881  -66.14931 331.483678      99.97 2.2036e+02   1412.745      33907  1028.3370  1028.3361    34.3679    34.3652    7.99439         20 0.0000e+00
    157.000    155.397     0.1955  28.792135     0.1946  28.790355     5.7812     5.6402     0.0285    97.3368 1.0000e-12  -65.47880  -66.14932 331.483686      99.98 2.2036e+02   1413.490      33925  1028.3295  1028.3283    34.3595    34.3581    8.00527         16 0.0000e+00
    156.000    154.406     0.1781  28.774527     0.1775  28.773207     5.7902     5.6584     0.0390    97.2661 1.0000e-12  -65.47880  -66.14932 331.483694      99.97 2.2036e+02   1414.146      33941  1028.3233  1028.3224    34.3563    34.3553    8.00907         16 0.0000e+00
    155.000    153.418     0.1686  28.764144     0.1693  28.764003     5.8188     5.6739     0.0435    97.2830 1.0000e-12  -65.47880  -66.14932 331.483701      99.98 2.2036e+02   1414.781      33956  1028.3170  1028.3161    34.3539    34.3529    8.01120         15 0.0000e+00
    154.000    152.429     0.1544  28.749208     0.1559  28.749902     5.8421     5.6941     0.0503    97.2964 1.0000e-12  -65.47880  -66.14932 331.483709      99.97 2.2036e+02   1415.427      33971  1028.3105  1028.3097    34.3507    34.3499    8.01434         16 0.0000e+00
    153.000    151.439     0.1417  28.735678     0.1439  28.737319     5.8534     5.6967     0.0509    97.2920 1.0000e-12  -65.47880  -66.14932 331.483717      99.97 2.2036e+02   1416.117      33988  1028.3040  1028.3035    34.3476    34.3474    8.01716         18 0.0000e+00
    152.000    150.448     0.1178  28.710111     0.1344  28.726142     5.8340     5.6877     0.0509    97.2904 1.0000e-12  -65.47880  -66.14932 331.483725      99.98 2.2036e+02   1416.879      34006  1028.2957  1028.2963    34.3412    34.3438    8.02251         18 0.0000e+00
    151.000    149.460     0.1028  28.695226     0.1081  28.700526     5.7959     5.6866     0.0650    97.2550 1.0000e-12  -65.47880  -66.14931 331.483736      99.98 2.2066e+02   1417.761      34027  1028.2899  1028.2903    34.3390    34.3401    8.02577         23 0.0000e+00
    150.000    148.470     0.1238  28.715741     0.1402  28.732754     5.7745     5.6720     0.0525    97.2235 1.0000e-12  -65.47880  -66.14930 331.483749      99.98 2.2191e+02   1418.923      34055  1028.2861  1028.2881    34.3431    34.3473    8.02115         33 0.0000e+00
    149.000    147.480     0.1413  28.734412     0.1512  28.743495     5.7398     5.6743     0.0487    97.2117 1.0000e-12  -65.47881  -66.14928 331.483785      99.98 2.2212e+02   1422.047      34130  1028.2836  1028.2835    34.3488    34.3497    8.01717         36 0.0000e+00
    148.000    146.492     0.1570  28.750332     0.1606  28.752932     5.8666     5.7818     0.0483    97.2757 1.0000e-12  -65.47882  -66.14929 331.483816      99.97 2.2212e+02   1424.680      34193  1028.2803  1028.2796    34.3529    34.3523    8.01368         25 0.0000e+00
    147.000    145.501     0.1269  28.715477     0.1390  28.728898     6.0317     5.8739     0.0431    97.2600 1.0000e-12  -65.47882  -66.14930 331.483825      99.97 2.2390e+02   1425.503      34213  1028.2687  1028.2710    34.3412    34.3453    8.02062         17 0.0000e+00
    146.000    144.514     0.0574  28.644007     0.0515  28.636587     6.1501     5.9354     0.0431    97.2400 1.0000e-12  -65.47880  -66.14930 331.483833      99.98 2.2389e+02   1426.175      34229  1028.2567  1028.2547    34.3252    34.3219    8.03606         15 0.0000e+00
