NBP2113_155081_ctd/data/nbp2113_027.cnv
* Sea-Bird SBE 9 Data File:
* FileName = D:\Data\raw\NBP2113_027.hex
* Software Version Seasave V 7.26.7.121
* Temperature SN = 2438
* Conductivity SN = 2067
* Number of Bytes Per Scan = 40
* Number of Voltage Words = 5
* Number of Scans Averaged by the Deck Unit = 1
* NMEA Latitude = 68 01.82 S
* NMEA Longitude = 069 17.07 W
* NMEA UTC (Time) = Dec 04 2021  08:59:20
* NMEA baud rate = 9600
** Ship: RVIB N.B. Palmer
** Cruise: NBP2113 LTER
** Station: 200.-040
** Operator: B. Urmston
# nquan = 25
# nvalues = 853                         
# units = specified
# name 0 = prDM: Pressure, Digiquartz [db]
# name 1 = depSM: Depth [salt water, m]
# name 2 = t090C: Temperature [ITS-90, deg C]
# name 3 = c0mS/cm: Conductivity [mS/cm]
# name 4 = t190C: Temperature, 2 [ITS-90, deg C]
# name 5 = c1mS/cm: Conductivity, 2 [mS/cm]
# name 6 = sbeox0ML/L: Oxygen, SBE 43 [ml/l]
# name 7 = sbeox1ML/L: Oxygen, SBE 43, 2 [ml/l]
# name 8 = flECO-AFL: Fluorescence, WET Labs ECO-AFL/FL [mg/m^3]
# name 9 = CStarTr0: Beam Transmission, WET Labs C-Star [%]
# name 10 = par: PAR/Irradiance, Biospherical/Licor
# name 11 = latitude: Latitude [deg]
# name 12 = longitude: Longitude [deg]
# name 13 = timeJ: Julian Days
# name 14 = altM: Altimeter [m]
# name 15 = spar: SPAR, Biospherical/Licor
# name 16 = timeS: Time, Elapsed [seconds]
# name 17 = scan: Scan Count
# name 18 = density00: Density [density, kg/m^3]
# name 19 = density11: Density, 2 [density, kg/m^3]
# name 20 = sal00: Salinity, Practical [PSU]
# name 21 = sal11: Salinity, Practical, 2 [PSU]
# name 22 = oxsolML/L: Oxygen Saturation, Garcia & Gordon [ml/l]
# name 23 = nbin: number of scans per bin
# name 24 = flag: flag
# span 0 =      1.000,    429.000       
# span 1 =      0.990,    424.269       
# span 2 =    -1.1608,     1.3729       
# span 3 =  27.229793,  30.161229       
# span 4 =    -1.1648,     1.3721       
# span 5 =  27.229728,  30.160289       
# span 6 =     4.0084,     9.6185       
# span 7 =     4.0664,    10.1505       
# span 8 =    -0.0179,     2.4802       
# span 9 =    88.6156,    96.6807       
# span 10 = -5.397e-06, 1.3894e+02      
# span 11 =  -68.03038,  -68.02988      
# span 12 =  -69.28466,  -69.28402      
# span 13 = 338.377040, 338.398510      
# span 14 =       0.97,     103.54      
# span 15 = 1.3220e+02, 1.4489e+02      
# span 16 =    216.292,   2071.290      
# span 17 =       5192,      49712      
# span 18 =  1027.1866,  1029.7783      
# span 19 =  1027.1855,  1029.7774      
# span 20 =    33.8026,    34.6756      
# span 21 =    33.8003,    34.6743      
# span 22 =    7.74955,    8.32648      
# span 23 =         14,         49      
# span 24 = 0.0000e+00, 0.0000e+00      
# interval = decibars: 1                
# start_time = Dec 04 2021 08:59:20 [NMEA time, header]
# bad_flag = -9.990e-29
*END*
[from data line 696]
    157.000    155.370    -0.8546  27.692089    -0.9019  27.633526     7.3439     7.4334     0.3561    95.1634 1.0000e-12  -68.03018  -69.28446 338.392569      99.97 1.4279e+02   1557.933      37391  1028.1468  1028.1291    34.0692    34.0432    8.24608         35 0.0000e+00
    156.000    154.381    -0.8702  27.668706    -0.8944  27.641697     7.4788     7.4542     0.3237    95.2347 1.0000e-12  -68.03018  -69.28446 338.392587      99.97 1.4294e+02   1559.503      37429  1028.1321  1028.1258    34.0558    34.0464    8.25030         37 0.0000e+00
    155.000    153.390    -0.9091  27.623720    -0.9034  27.629147     7.5294     7.4820     0.3150    95.2177 1.0000e-12  -68.03018  -69.28446 338.392602      99.97 1.4306e+02   1560.795      37460  1028.1162  1028.1162    34.0392    34.0401    8.25978         26 0.0000e+00
    154.000    152.404    -0.9146  27.617537    -0.9144  27.616902     7.5228     7.4950     0.2821    95.2196 1.0000e-12  -68.03018  -69.28446 338.392613      99.97 1.4407e+02   1561.763      37483  1028.1102  1028.1091    34.0376    34.0365    8.26108         21 0.0000e+00
    153.000    151.412    -0.9231  27.606598    -0.9244  27.604370     7.5071     7.4976     0.2564    95.2306 1.0000e-12  -68.03018  -69.28446 338.392623      99.97 1.4323e+02   1562.665      37505  1028.1021  1028.1007    34.0330    34.0314    8.26322         24 0.0000e+00
    152.000    150.424    -0.9196  27.609897    -0.9246  27.603901     7.5064     7.5038     0.2756    95.2086 1.0000e-12  -68.03018  -69.28446 338.392637      99.97 1.4281e+02   1563.862      37534  1028.0976  1028.0957    34.0342    34.0316    8.26240         31 0.0000e+00
    151.000    149.434    -0.9217  27.607503    -0.9213  27.606898     7.5139     7.5106     0.3232    95.2455 1.0000e-12  -68.03018  -69.28446 338.392659      99.97 1.4279e+02   1565.739      37579  1028.0924  1028.0911    34.0339    34.0326    8.26287         41 0.0000e+00
    150.000    148.446    -0.9244  27.603374    -0.9301  27.595901     7.5133     7.5158     0.2975    95.2698 1.0000e-12  -68.03018  -69.28446 338.392675      99.98 1.4363e+02   1567.087      37611  1028.0859  1028.0832    34.0319    34.0283    8.26357         25 0.0000e+00
    149.000    147.457    -0.9381  27.587196    -0.9371  27.587547     7.4854     7.5200     0.2651    95.2562 1.0000e-12  -68.03018  -69.28446 338.392685      99.97 1.4431e+02   1568.011      37633  1028.0773  1028.0764    34.0261    34.0254    8.26694         21 0.0000e+00
    148.000    146.467    -0.9492  27.575862    -0.9542  27.569844     7.4916     7.5330     0.2418    95.2381 1.0000e-12  -68.03018  -69.28446 338.392695      99.97 1.4439e+02   1568.873      37654  1028.0712  1028.0693    34.0238    34.0213    8.26949         21 0.0000e+00
    147.000    145.477    -0.9559  27.568191    -0.9575  27.565232     7.5379     7.5432     0.2490    95.2275 1.0000e-12  -68.03018  -69.28446 338.392706      99.97 1.4379e+02   1569.787      37676  1028.0648  1028.0631    34.0216    34.0194    8.27111         23 0.0000e+00
    146.000    144.488    -0.9553  27.566740    -0.9565  27.564817     7.5539     7.5504     0.3040    95.2289 1.0000e-12  -68.03018  -69.28446 338.392718      99.97 1.4300e+02   1570.803      37700  1028.0582  1028.0571    34.0196    34.0182    8.27110         26 0.0000e+00
    145.000    143.499    -0.9551  27.565108    -0.9553  27.564647     7.5570     7.5532     0.3353    95.2511 1.0000e-12  -68.03018  -69.28446 338.392731      99.97 1.4285e+02   1571.941      37728  1028.0517  1028.0512    34.0177    34.0173    8.27116         29 0.0000e+00
    144.000    142.509    -0.9508  27.569785    -0.9494  27.571028     7.5489     7.5566     0.3772    95.2589 1.0000e-12  -68.03018  -69.28446 338.392746      99.97 1.4322e+02   1573.285      37760  1028.0481  1028.0479    34.0198    34.0199    8.27009         36 0.0000e+00
    143.000    141.519    -0.9480  27.571761    -0.9482  27.570473     7.5553     7.5747     0.3400    95.2450 1.0000e-12  -68.03018  -69.28446 338.392766      99.97 1.4443e+02   1574.975      37800  1028.0430  1028.0418    34.0200    34.0184    8.26946         34 0.0000e+00
    142.000    140.531    -0.9602  27.556447    -0.9551  27.561909     7.5849     7.6035     0.2924    95.2010 1.0000e-12  -68.03018  -69.28446 338.392782      99.97 1.4456e+02   1576.399      37835  1028.0338  1028.0348    34.0135    34.0152    8.27252         28 0.0000e+00
    141.000    139.542    -0.9615  27.554698    -0.9617  27.553293     7.6186     7.6158     0.2998    95.2050 1.0000e-12  -68.03018  -69.28444 338.392794      99.97 1.4456e+02   1577.417      37859  1028.0288  1028.0274    34.0133    34.0116    8.27283         22 0.0000e+00
    140.000    138.553    -0.9662  27.548164    -0.9669  27.546360     7.6110     7.6211     0.2415    95.1847 1.0000e-12  -68.03018  -69.28446 338.392805      99.97 1.4456e+02   1578.337      37881  1028.0218  1028.0205    34.0103    34.0086    8.27403         23 0.0000e+00
    139.000    137.564    -0.9664  27.547265    -0.9668  27.545317     7.6297     7.6179     0.2742    95.1728 1.0000e-12  -68.03018  -69.28446 338.392816      99.97 1.4456e+02   1579.318      37905  1028.0167  1028.0150    34.0099    34.0078    8.27410         24 0.0000e+00
    138.000    136.573    -0.9686  27.543527    -0.9687  27.542589     7.6025     7.6246     0.2960    95.0724 1.0000e-12  -68.03018  -69.28446 338.392829      99.97 1.4456e+02   1580.390      37930  1028.0103  1028.0093    34.0080    34.0067    8.27470         28 0.0000e+00
    137.000    135.585    -0.9691  27.542663    -0.9732  27.537398     7.5650     7.6133     0.3318    95.1253 1.0000e-12  -68.03018  -69.28446 338.392842      99.97 1.4456e+02   1581.582      37959  1028.0055  1028.0037    34.0080    34.0054    8.27482         30 0.0000e+00
    136.000    134.595    -0.9699  27.543042    -0.9743  27.536034     7.5398     7.6103     0.3293    95.1110 1.0000e-12  -68.03018  -69.28446 338.392859      99.97 1.4456e+02   1583.009      37993  1028.0023  1027.9989    34.0100    34.0054    8.27487         36 0.0000e+00
    135.000    133.605    -0.9747  27.536228    -0.9717  27.538447     7.5493     7.6122     0.4244    95.0775 1.0000e-12  -68.03018  -69.28446 338.392876      99.97 1.4456e+02   1584.489      38029  1027.9952  1027.9945    34.0067    34.0063    8.27611         31 0.0000e+00
    134.000    132.616    -0.9845  27.525283    -0.9828  27.525856     7.5863     7.6343     0.4074    95.0335 1.0000e-12  -68.03018  -69.28446 338.392889      99.97 1.4456e+02   1585.576      38055  1027.9883  1027.9873    34.0035    34.0024    8.27845         22 0.0000e+00
    133.000    131.628    -0.9837  27.524594    -0.9834  27.522703     7.6024     7.6381     0.3108    95.0284 1.0000e-12  -68.03018  -69.28446 338.392899      99.97 1.4456e+02   1586.442      38076  1027.9824  1027.9801    34.0023    33.9994    8.27835         20 0.0000e+00
    132.000    130.636    -0.9837  27.522091    -0.9841  27.520648     7.6053     7.6472     0.2595    95.0455 1.0000e-12  -68.03016  -69.28444 338.392909      99.97 1.4456e+02   1587.299      38096  1027.9753  1027.9741    33.9995    33.9980    8.27851         22 0.0000e+00
    131.000    129.649    -0.9829  27.522525    -0.9859  27.517432     7.6110     7.6503     0.3146    95.0418 1.0000e-12  -68.03016  -69.28444 338.392921      99.97 1.4456e+02   1588.372      38122  1027.9707  1027.9680    33.9999    33.9963    8.27833         31 0.0000e+00
    130.000    128.658    -0.9832  27.521939    -0.9856  27.517352     7.6188     7.6485     0.3509    95.0022 1.0000e-12  -68.03016  -69.28444 338.392938      99.97 1.4456e+02   1589.849      38157  1027.9660  1027.9632    34.0000    33.9964    8.27839         35 0.0000e+00
    129.000    127.670    -0.9834  27.520873    -0.9853  27.517208     7.6334     7.6498     0.3552    94.9100 1.0000e-12  -68.03016  -69.28444 338.392955      99.97 1.4456e+02   1591.284      38192  1027.9606  1027.9584    33.9994    33.9966    8.27846         32 0.0000e+00
    128.000    126.680    -0.9876  27.513980    -0.9868  27.514378     7.6487     7.6687     0.3839    94.9715 1.0000e-12  -68.03016  -69.28444 338.392970      99.97 1.4456e+02   1592.608      38224  1027.9528  1027.9524    33.9954    33.9950    8.27962         30 0.0000e+00
    127.000    125.692    -0.9874  27.513462    -0.9880  27.510970     7.6726     7.6825     0.3496    94.9830 1.0000e-12  -68.03016  -69.28444 338.392985      99.97 1.4456e+02   1593.904      38255  1027.9477  1027.9455    33.9950    33.9923    8.27959         30 0.0000e+00
    126.000    124.701    -0.9889  27.509496    -0.9893  27.507831     7.6528     7.6885     0.3453    94.9193 1.0000e-12  -68.03016  -69.28444 338.392999      99.97 1.4456e+02   1595.080      38283  1027.9404  1027.9390    33.9920    33.9902    8.28011         27 0.0000e+00
    125.000    123.711    -0.9898  27.507677    -0.9900  27.506329     7.6670     7.6923     0.3528    94.8446 1.0000e-12  -68.03016  -69.28444 338.393011      99.97 1.4456e+02   1596.167      38309  1027.9350  1027.9337    33.9911    33.9895    8.28035         25 0.0000e+00
    124.000    122.723    -0.9909  27.505546    -0.9914  27.503894     7.6672     7.6969     0.3637    94.8038 1.0000e-12  -68.03016  -69.28444 338.393024      99.97 1.4456e+02   1597.235      38335  1027.9294  1027.9280    33.9901    33.9884    8.28065         26 0.0000e+00
    123.000    121.733    -0.9915  27.504446    -0.9920  27.502567     7.6770     7.7000     0.3872    94.7951 1.0000e-12  -68.03016  -69.28446 338.393036      99.97 1.4456e+02   1598.282      38360  1027.9244  1027.9229    33.9898    33.9879    8.28079         24 0.0000e+00
    122.000    120.744    -0.9925  27.502516    -0.9923  27.501884     7.6677     7.6975     0.3856    94.7840 1.0000e-12  -68.03016  -69.28444 338.393047      99.98 1.4456e+02   1599.277      38384  1027.9190  1027.9181    33.9890    33.9879    8.28107         25 0.0000e+00
    121.000    119.753    -0.9952  27.498178    -0.9958  27.496163     7.6737     7.6961     0.3857    94.7535 1.0000e-12  -68.03016  -69.28446 338.393060      99.97 1.4456e+02   1600.417      38411  1027.9125  1027.9109    33.9868    33.9847    8.28180         30 0.0000e+00
    120.000    118.767    -0.9945  27.498480    -0.9936  27.498752     7.6612     7.7006     0.4226    94.6896 1.0000e-12  -68.03016  -69.28444 338.393081      99.98 1.4456e+02   1602.187      38453  1027.9078  1027.9072    33.9870    33.9864    8.28163         34 0.0000e+00
    119.000    117.775    -0.9942  27.498588    -0.9919  27.500891     7.6561     7.6977     0.4137    94.7348 1.0000e-12  -68.03016  -69.28443 338.393129      99.97 1.4456e+02   1606.385      38554  1027.9033  1027.9036    33.9874    33.9880    8.28153         41 0.0000e+00
    118.000    116.786    -0.9955  27.495858    -0.9960  27.494011     7.6626     7.7094     0.3505    94.7411 1.0000e-12  -68.03016  -69.28443 338.393150      99.97 1.4456e+02   1608.127      38596  1027.8972  1027.8958    33.9858    33.9839    8.28193         31 0.0000e+00
    117.000    115.796    -1.0011  27.487447    -1.0030  27.484028     7.6568     7.7135     0.3248    94.6691 1.0000e-12  -68.03016  -69.28444 338.393163      99.97 1.4456e+02   1609.238      38623  1027.8892  1027.8873    33.9813    33.9788    8.28343         24 0.0000e+00
    116.000    114.807    -1.0113  27.474702    -1.0149  27.469789     7.6687     7.7203     0.3503    94.5966 1.0000e-12  -68.03016  -69.28444 338.393174      99.97 1.4456e+02   1610.276      38648  1027.8808  1027.8789    33.9761    33.9735    8.28598         26 0.0000e+00
    115.000    113.817    -1.0147  27.469633    -1.0133  27.469645     7.6645     7.7283     0.3602    94.5616 1.0000e-12  -68.03016  -69.28444 338.393188      99.97 1.4456e+02   1611.406      38675  1027.8742  1027.8728    33.9736    33.9721    8.28687         30 0.0000e+00
    114.000    112.830    -1.0105  27.474038    -1.0061  27.476174     7.6738     7.7195     0.4245    94.5071 1.0000e-12  -68.03016  -69.28443 338.393227      99.97 1.4456e+02   1614.854      38757  1027.8705  1027.8686    33.9755    33.9735    8.28583         38 0.0000e+00
    113.000    111.838    -1.0071  27.477272    -1.0069  27.476945     7.7113     7.7367     0.3821    94.6217 1.0000e-12  -68.03016  -69.28442 338.393283      99.97 1.4456e+02   1619.648      38873  1027.8664  1027.8657    33.9767    33.9760    8.28502         34 0.0000e+00
    112.000    110.850    -1.0047  27.478455    -1.0042  27.477741     7.7377     7.7529     0.3594    94.5440 1.0000e-12  -68.03016  -69.28444 338.393297      99.97 1.4456e+02   1620.829      38901  1027.8610  1027.8597    33.9762    33.9746    8.28452         28 0.0000e+00
    111.000    109.860    -0.9931  27.486395    -0.9908  27.486832     7.7463     7.7598     0.3789    94.4442 1.0000e-12  -68.03016  -69.28444 338.393309      99.97 1.4456e+02   1621.937      38927  1027.8540  1027.8523    33.9745    33.9726    8.28205         27 0.0000e+00
    110.000    108.870    -0.9899  27.488109    -0.9886  27.488028     7.7469     7.7582     0.4607    94.3729 1.0000e-12  -68.03016  -69.28444 338.393328      99.97 1.4456e+02   1623.555      38966  1027.8485  1027.8473    33.9738    33.9724    8.28138         29 0.0000e+00
    109.000    107.880    -0.9934  27.485168    -0.9933  27.484253     7.7293     7.7619     0.4340    94.4354 1.0000e-12  -68.03016  -69.28443 338.393384      99.97 1.4456e+02   1628.411      39083  1027.8446  1027.8435    33.9745    33.9731    8.28213         36 0.0000e+00
    108.000    106.891    -0.9919  27.485344    -0.9922  27.484157     7.7160     7.7725     0.3900    94.4375 1.0000e-12  -68.03016  -69.28443 338.393399      99.97 1.4456e+02   1629.705      39114  1027.8391  1027.8381    33.9736    33.9724    8.28185         33 0.0000e+00
    107.000    105.903    -0.9926  27.484049    -0.9907  27.484664     7.7405     7.7818     0.4535    94.3507 1.0000e-12  -68.03015  -69.28443 338.393415      99.97 1.4456e+02   1631.062      39146  1027.8340  1027.8329    33.9732    33.9719    8.28201         33 0.0000e+00
    106.000    104.912    -0.9835  27.491280    -0.9817  27.491950     7.7572     7.7863     0.4636    94.3896 1.0000e-12  -68.03015  -69.28443 338.393455      99.97 1.4456e+02   1634.478      39228  1027.8288  1027.8279    33.9734    33.9723    8.27999         38 0.0000e+00
    105.000    103.923    -0.9815  27.492814    -0.9830  27.490444     7.8192     7.8145     0.3919    94.3700 1.0000e-12  -68.03014  -69.28444 338.393510      99.97 1.4456e+02   1639.300      39344  1027.8244  1027.8233    33.9739    33.9724    8.27954         30 0.0000e+00
    104.000    102.933    -0.9598  27.510310    -0.9605  27.508774     7.8356     7.8278     0.4342    94.3201 1.0000e-12  -68.03014  -69.28444 338.393524      99.97 1.4456e+02   1640.466      39372  1027.8181  1027.8171    33.9739    33.9725    8.27476         28 0.0000e+00
    103.000    101.945    -0.9550  27.513635    -0.9543  27.513027     7.7974     7.8239     0.5015    94.2544 1.0000e-12  -68.03014  -69.28444 338.393538      99.97 1.4456e+02   1641.690      39402  1027.8129  1027.8116    33.9736    33.9719    8.27372         31 0.0000e+00
    102.000    100.953    -0.9602  27.508032    -0.9627  27.504626     7.7978     7.8233     0.5558    94.2614 1.0000e-12  -68.03014  -69.28444 338.393574      99.97 1.4456e+02   1644.841      39477  1027.8077  1027.8064    33.9724    33.9706    8.27493         33 0.0000e+00
    101.000     99.965    -0.9948  27.473589    -0.9895  27.477770     7.7181     7.7696     0.4550    94.3173 1.0000e-12  -68.03012  -69.28440 338.394258      99.98 1.4334e+02   1703.861      40894  1027.7991  1027.7985    33.9652    33.9649    8.28298         31 0.0000e+00
