NBP2113_155081_ctd/data/nbp2113_059.cnv
* Sea-Bird SBE 9 Data File:
* FileName = D:\Data\raw\NBP2113_059.hex
* Software Version Seasave V 7.26.7.121
* Temperature SN = 2438
* Conductivity SN = 2067
* Number of Bytes Per Scan = 40
* Number of Voltage Words = 5
* Number of Scans Averaged by the Deck Unit = 1
* NMEA Latitude = 64 45.55 S
* NMEA Longitude = 063 08.87 W
* NMEA UTC (Time) = Dec 13 2021  21:27:01
* NMEA baud rate = 9600
** Ship: RVIB N.B. Palmer
** Cruise: NBP2113 LTER
** Station: 653.008
** Operator: S. Blackman
# nquan = 25
# nvalues = 264                         
# units = specified
# name 0 = prDM: Pressure, Digiquartz [db]
# name 1 = depSM: Depth [salt water, m]
# name 2 = t090C: Temperature [ITS-90, deg C]
# name 3 = c0mS/cm: Conductivity [mS/cm]
# name 4 = t190C: Temperature, 2 [ITS-90, deg C]
# name 5 = c1mS/cm: Conductivity, 2 [mS/cm]
# name 6 = sbeox0ML/L: Oxygen, SBE 43 [ml/l]
# name 7 = sbeox1ML/L: Oxygen, SBE 43, 2 [ml/l]
# name 8 = flECO-AFL: Fluorescence, WET Labs ECO-AFL/FL [mg/m^3]
# name 9 = CStarTr0: Beam Transmission, WET Labs C-Star [%]
# name 10 = par: PAR/Irradiance, Biospherical/Licor
# name 11 = latitude: Latitude [deg]
# name 12 = longitude: Longitude [deg]
# name 13 = timeJ: Julian Days
# name 14 = altM: Altimeter [m]
# name 15 = spar: SPAR, Biospherical/Licor
# name 16 = timeS: Time, Elapsed [seconds]
# name 17 = scan: Scan Count
# name 18 = density00: Density [density, kg/m^3]
# name 19 = density11: Density, 2 [density, kg/m^3]
# name 20 = sal00: Salinity, Practical [PSU]
# name 21 = sal11: Salinity, Practical, 2 [PSU]
# name 22 = oxsolML/L: Oxygen Saturation, Garcia & Gordon [ml/l]
# name 23 = nbin: number of scans per bin
# name 24 = flag: flag
# span 0 =      1.000,    134.000       
# span 1 =      0.990,    132.646       
# span 2 =    -0.2079,     0.5495       
# span 3 =  27.999031,  29.118359       
# span 4 =    -0.2076,     0.5508       
# span 5 =  27.997554,  29.118023       
# span 6 =     5.4528,     7.7340       
# span 7 =     5.5893,     7.6146       
# span 8 =     0.0724,     1.8711       
# span 9 =    85.1674,    90.6678       
# span 10 = 1.0000e-12, 7.4583e+02      
# span 11 =  -64.75944,  -64.75928      
# span 12 =  -63.14776,  -63.14768      
# span 13 = 347.903869, 347.911775      
# span 14 =      10.00,     100.89      
# span 15 = 4.8467e+02, 5.3592e+02      
# span 16 =    873.265,   1556.376      
# span 17 =      20959,      37354      
# span 18 =  1027.1913,  1028.2320      
# span 19 =  1027.1895,  1028.2304      
# span 20 =    33.8434,    34.4061      
# span 21 =    33.8460,    34.4041      
# span 22 =    7.92958,    8.11914      
# span 23 =         13,         49      
# span 24 = 0.0000e+00, 0.0000e+00      
# interval = decibars: 1                
# start_time = Dec 13 2021 21:27:01 [NMEA time, header]
# bad_flag = -9.990e-29
*END*
[from data line 58]
     62.000     61.384     0.0187  28.393314     0.0188  28.391815     6.7184     6.9061     1.1655    88.0101 5.3238e-01  -64.75936  -63.14770 347.905584      81.67 5.1119e+02   1021.444      24516  1027.6634  1027.6617    34.0873    34.0852    8.05759         32 0.0000e+00
     63.000     62.375     0.0221  28.403349     0.0219  28.401673     6.7173     6.8907     1.0293    88.2187 4.9377e-01  -64.75936  -63.14770 347.905599      80.00 5.1124e+02   1022.739      24547  1027.6752  1027.6736    34.0962    34.0942    8.05638         31 0.0000e+00
     64.000     63.364     0.0536  28.437901     0.0534  28.436275     6.7036     6.8831     0.9650    88.3668 4.5815e-01  -64.75936  -63.14770 347.905614      79.53 5.1124e+02   1024.019      24577  1027.6856  1027.6841    34.1062    34.1042    8.04918         30 0.0000e+00
     65.000     64.353     0.0735  28.461546     0.0744  28.461324     6.7158     6.8800     0.9646    88.4282 4.2659e-01  -64.75936  -63.14770 347.905628      78.77 5.1301e+02   1025.259      24607  1027.6959  1027.6947    34.1147    34.1134    8.04454         29 0.0000e+00
     66.000     65.344     0.0861  28.474915     0.0854  28.472577     6.7428     6.8833     0.8628    88.4142 3.9727e-01  -64.75936  -63.14770 347.905642      77.46 5.1300e+02   1026.480      24637  1027.7024  1027.7006    34.1178    34.1154    8.04172         29 0.0000e+00
     67.000     66.334     0.0840  28.474268     0.0850  28.473892     6.7423     6.8777     0.8971    88.5294 3.6982e-01  -64.75936  -63.14770 347.905656      76.74 5.1458e+02   1027.671      24665  1027.7083  1027.7068    34.1186    34.1170    8.04211         29 0.0000e+00
     68.000     67.323     0.0903  28.480217     0.0876  28.476205     6.7458     6.8670     0.8867    88.6628 3.4380e-01  -64.75936  -63.14770 347.905669      74.72 5.1476e+02   1028.825      24693  1027.7129  1027.7113    34.1189    34.1166    8.04077         27 0.0000e+00
     69.000     68.314     0.0926  28.482342     0.0918  28.480138     6.7346     6.8557     0.7054    88.7112 3.1909e-01  -64.75937  -63.14770 347.905683      74.38 5.1565e+02   1029.990      24721  1027.7174  1027.7159    34.1185    34.1165    8.04031         28 0.0000e+00
     70.000     69.303     0.1000  28.490337     0.1001  28.489078     6.7112     6.8465     0.7422    88.8942 2.9519e-01  -64.75938  -63.14770 347.905697      73.18 5.1653e+02   1031.194      24750  1027.7232  1027.7217    34.1203    34.1185    8.03867         30 0.0000e+00
     71.000     70.293     0.1103  28.502645     0.1099  28.500837     6.6371     6.7958     0.7235    88.9677 2.7419e-01  -64.75938  -63.14770 347.905711      72.35 5.1652e+02   1032.387      24778  1027.7306  1027.7291    34.1244    34.1225    8.03626         28 0.0000e+00
     72.000     71.284     0.1170  28.511682     0.1174  28.510664     6.5210     6.7218     0.7231    89.1118 2.5357e-01  -64.75938  -63.14770 347.905724      70.81 5.1652e+02   1033.571      24807  1027.7381  1027.7367    34.1282    34.1265    8.03464         28 0.0000e+00
     73.000     72.272     0.1516  28.554544     0.1516  28.553806     6.3759     6.6280     0.7347    89.1349 2.3511e-01  -64.75938  -63.14770 347.905738      70.40 5.1792e+02   1034.739      24835  1027.7544  1027.7536    34.1458    34.1448    8.02643         28 0.0000e+00
     74.000     73.263     0.1848  28.600365     0.1843  28.598496     6.2983     6.5574     0.7183    89.1648 2.1744e-01  -64.75938  -63.14770 347.905751      69.59 5.1829e+02   1035.922      24863  1027.7751  1027.7736    34.1685    34.1667    8.01820         29 0.0000e+00
     75.000     74.252     0.2185  28.648284     0.2176  28.645720     6.2995     6.5264     0.7019    89.2107 2.0110e-01  -64.75938  -63.14770 347.905766      68.84 5.1829e+02   1037.146      24893  1027.7977  1027.7959    34.1936    34.1913    8.00977         30 0.0000e+00
     76.000     75.243     0.2246  28.659015     0.2249  28.657928     6.3240     6.5223     0.5554    89.3738 1.8501e-01  -64.75938  -63.14770 347.905780      67.43 5.1829e+02   1038.402      24923  1027.8079  1027.8064    34.2004    34.1986    8.00813         30 0.0000e+00
     77.000     76.232     0.2258  28.661327     0.2255  28.659406     6.3398     6.5160     0.5195    89.3815 1.7144e-01  -64.75938  -63.14770 347.905795      67.03 5.1841e+02   1039.645      24952  1027.8139  1027.8121    34.2015    34.1992    8.00782         30 0.0000e+00
     78.000     77.222     0.2272  28.663772     0.2270  28.661955     6.3407     6.5047     0.5210    89.3225 1.5916e-01  -64.75938  -63.14770 347.905808      65.59 5.1992e+02   1040.850      24981  1027.8198  1027.8180    34.2026    34.2003    8.00747         28 0.0000e+00
     79.000     78.212     0.2317  28.670167     0.2314  28.668242     6.3368     6.4976     0.4541    89.4764 1.4760e-01  -64.75938  -63.14770 347.905822      64.63 5.2005e+02   1042.025      25010  1027.8267  1027.8249    34.2054    34.2032    8.00638         28 0.0000e+00
     80.000     79.202     0.2336  28.675105     0.2337  28.673610     6.3426     6.4967     0.4363    89.5411 1.4201e-01  -64.75938  -63.14770 347.905835      63.42 5.2005e+02   1043.186      25037  1027.8346  1027.8329    34.2091    34.2070    8.00576         28 0.0000e+00
     81.000     80.191     0.2341  28.676439     0.2343  28.674844     6.3301     6.4798     0.4290    89.5696 1.2828e-01  -64.75938  -63.14770 347.905849      62.71 5.2005e+02   1044.354      25065  1027.8399  1027.8381    34.2097    34.2074    8.00562         28 0.0000e+00
     82.000     81.182     0.2361  28.679063     0.2358  28.677070     6.2892     6.4506     0.3930    89.5549 1.1718e-01  -64.75938  -63.14770 347.905863      61.70 5.2005e+02   1045.525      25094  1027.8453  1027.8434    34.2104    34.2080    8.00518         28 0.0000e+00
     83.000     82.171     0.2459  28.692213     0.2459  28.690450     6.2511     6.4230     0.3814    89.6380 1.0765e-01  -64.75938  -63.14770 347.905876      60.81 5.2005e+02   1046.696      25122  1027.8541  1027.8523    34.2161    34.2139    8.00281         29 0.0000e+00
     84.000     83.161     0.2580  28.710779     0.2579  28.708881     6.2254     6.4050     0.3626    89.7380 9.7678e-02  -64.75938  -63.14770 347.905890      59.82 5.2005e+02   1047.874      25150  1027.8663  1027.8644    34.2265    34.2241    7.99971         28 0.0000e+00
     85.000     84.150     0.2646  28.719493     0.2645  28.717635     6.2298     6.3941     0.3246    89.7591 8.9544e-02  -64.75938  -63.14770 347.905903      58.89 5.2005e+02   1049.060      25178  1027.8737  1027.8717    34.2300    34.2276    7.99815         28 0.0000e+00
     86.000     85.141     0.2673  28.724088     0.2676  28.722572     6.2296     6.3785     0.2981    89.7658 8.1684e-02  -64.75938  -63.14770 347.905917      58.15 5.2005e+02   1050.242      25207  1027.8803  1027.8784    34.2324    34.2301    7.99744         29 0.0000e+00
     87.000     86.131     0.2705  28.728547     0.2708  28.727281     6.2205     6.3664     0.3280    89.8136 7.5177e-02  -64.75938  -63.14770 347.905931      57.25 5.2044e+02   1051.409      25235  1027.8863  1027.8848    34.2341    34.2322    7.99669         27 0.0000e+00
     88.000     87.120     0.2749  28.736064     0.2751  28.734659     6.2265     6.3643     0.2970    89.8521 6.8040e-02  -64.75938  -63.14770 347.905944      55.85 5.2102e+02   1052.588      25263  1027.8944  1027.8928    34.2385    34.2364    7.99553         29 0.0000e+00
     89.000     88.110     0.2758  28.737643     0.2760  28.736203     6.2240     6.3559     0.2744    89.7927 6.1807e-02  -64.75938  -63.14770 347.905958      55.13 5.2042e+02   1053.781      25292  1027.8996  1027.8979    34.2390    34.2369    7.99532         28 0.0000e+00
     90.000     89.099     0.2772  28.739885     0.2772  28.738176     6.2181     6.3471     0.3079    89.9805 5.5269e-02  -64.75938  -63.14770 347.905972      54.07 5.2004e+02   1054.980      25321  1027.9050  1027.9032    34.2397    34.2375    7.99498         29 0.0000e+00
     91.000     90.090     0.2791  28.742574     0.2793  28.741140     6.1956     6.3285     0.2775    89.9171 4.9739e-02  -64.75938  -63.14770 347.905986      53.05 5.2005e+02   1056.177      25349  1027.9104  1027.9087    34.2406    34.2384    7.99454         29 0.0000e+00
     92.000     91.081     0.2839  28.748508     0.2847  28.747787     6.1708     6.3165     0.2974    90.0026 4.4807e-02  -64.75938  -63.14770 347.906000      52.07 5.2005e+02   1057.371      25378  1027.9164  1027.9148    34.2424    34.2406    7.99344         29 0.0000e+00
     93.000     92.068     0.2908  28.757765     0.2910  28.756262     6.1523     6.3039     0.2853    90.0073 3.9692e-02  -64.75938  -63.14770 347.906013      50.92 5.2005e+02   1058.566      25407  1027.9238  1027.9220    34.2463    34.2442    7.99179         29 0.0000e+00
     94.000     93.062     0.2964  28.765292     0.2968  28.763880     6.1400     6.2964     0.2526    90.0427 3.4693e-02  -64.75938  -63.14770 347.906027      50.20 5.2005e+02   1059.766      25435  1027.9306  1027.9288    34.2493    34.2471    7.99045         26 0.0000e+00
     95.000     94.049     0.3020  28.772151     0.3020  28.770522     6.1351     6.2895     0.2680    90.0473 3.0223e-02  -64.75938  -63.14770 347.906041      48.99 5.2005e+02   1060.970      25464  1027.9369  1027.9351    34.2516    34.2494    7.98918         29 0.0000e+00
     96.000     95.037     0.3072  28.778899     0.3074  28.777333     6.1058     6.2632     0.2760    90.0891 2.5864e-02  -64.75938  -63.14770 347.906055      48.12 5.2005e+02   1062.169      25493  1027.9433  1027.9414    34.2541    34.2518    7.98796         29 0.0000e+00
     97.000     96.029     0.3124  28.785580     0.3126  28.783758     6.0818     6.2446     0.2498    90.0874 2.2001e-02  -64.75938  -63.14770 347.906069      46.85 5.2005e+02   1063.364      25522  1027.9497  1027.9475    34.2565    34.2538    7.98676         28 0.0000e+00
     98.000     97.018     0.3253  28.802468     0.3256  28.801124     6.0844     6.2388     0.2274    90.0977 1.7743e-02  -64.75938  -63.14770 347.906083      46.03 5.2005e+02   1064.540      25550  1027.9592  1027.9575    34.2636    34.2616    7.98367         28 0.0000e+00
     99.000     98.008     0.3257  28.803587     0.3262  28.802440     6.0764     6.2254     0.2587    90.0966 1.4364e-02  -64.75938  -63.14770 347.906096      45.20 5.2005e+02   1065.690      25578  1027.9645  1027.9627    34.2640    34.2620    7.98356         28 0.0000e+00
    100.000     98.996     0.3266  28.804669     0.3271  28.803751     6.0636     6.2102     0.2558    90.0948 1.0727e-02  -64.75938  -63.14770 347.906109      44.26 5.2005e+02   1066.838      25605  1027.9691  1027.9676    34.2639    34.2621    7.98339         28 0.0000e+00
    101.000     99.988     0.3351  28.815795     0.3352  28.814103     6.0138     6.1783     0.2874    90.1427 7.5304e-03  -64.75938  -63.14770 347.906123      43.25 5.2005e+02   1068.001      25633  1027.9769  1027.9751    34.2685    34.2661    7.98138         28 0.0000e+00
    102.000    100.977     0.3425  28.824846     0.3391  28.819335     5.9638     6.1442     0.2897    90.1964 4.1872e-03  -64.75938  -63.14770 347.906136      42.25 5.2005e+02   1069.176      25661  1027.9837  1027.9811    34.2715    34.2680    7.97968         28 0.0000e+00
    103.000    101.966     0.3603  28.851023     0.3586  28.846157     5.9263     6.1100     0.2460    90.1749 1.8488e-03  -64.75938  -63.14770 347.906150      41.37 5.2005e+02   1070.348      25689  1027.9982  1027.9947    34.2854    34.2809    7.97522         28 0.0000e+00
    104.000    102.956     0.3633  28.856080     0.3636  28.854168     5.8999     6.0845     0.2205    90.1980 2.3011e-05  -64.75938  -63.14770 347.906163      40.02 5.2005e+02   1071.527      25718  1028.0051  1028.0028    34.2881    34.2853    7.97444         29 0.0000e+00
    105.000    103.946     0.3716  28.873937     0.3716  28.872347     5.9051     6.0739     0.2037    90.1677 1.0000e-12  -64.75938  -63.14770 347.906177      39.06 5.2005e+02   1072.731      25747  1028.0202  1028.0185    34.3017    34.2996    7.97197         29 0.0000e+00
    106.000    104.936     0.3720  28.876840     0.3710  28.874394     5.8997     6.0599     0.2147    90.2059 1.0000e-12  -64.75938  -63.14770 347.906192      38.14 5.2005e+02   1073.947      25776  1028.0273  1028.0258    34.3045    34.3024    7.97173         29 0.0000e+00
    107.000    105.925     0.3733  28.879910     0.3739  28.878906     5.9034     6.0498     0.1716    90.2768 1.0000e-12  -64.75938  -63.14770 347.906206      37.20 5.2005e+02   1075.159      25805  1028.0337  1028.0321    34.3064    34.3044    7.97135         29 0.0000e+00
    108.000    106.915     0.3779  28.887100     0.3776  28.885359     5.8962     6.0444     0.1388    90.2190 1.0000e-12  -64.75938  -63.14770 347.906219      36.14 5.1974e+02   1076.354      25833  1028.0412  1028.0396    34.3101    34.3081    7.97019         28 0.0000e+00
    109.000    107.905     0.3775  28.887115     0.3781  28.886253     5.8960     6.0386     0.1510    90.2108 1.0000e-12  -64.75938  -63.14770 347.906233      35.26 5.1964e+02   1077.555      25862  1028.0460  1028.0446    34.3100    34.3082    7.97029         30 0.0000e+00
    110.000    108.893     0.3807  28.890529     0.3814  28.889624     5.8614     6.0083     0.1707    90.2917 1.0000e-12  -64.75938  -63.14770 347.906247      34.31 5.1921e+02   1078.769      25891  1028.0509  1028.0492    34.3104    34.3083    7.96962         29 0.0000e+00
    111.000    109.886     0.3878  28.899125     0.3866  28.896424     5.8125     5.9717     0.1616    90.3283 1.0000e-12  -64.75938  -63.14770 347.906261      33.35 5.1904e+02   1079.974      25920  1028.0573  1028.0557    34.3130    34.3109    7.96798         28 0.0000e+00
    112.000    110.874     0.3975  28.917042     0.3975  28.916248     5.7870     5.9516     0.1660    90.3625 1.0000e-12  -64.75938  -63.14770 347.906275      32.44 5.1936e+02   1081.147      25949  1028.0711  1028.0703    34.3252    34.3241    7.96532         28 0.0000e+00
    113.000    111.863     0.4014  28.927088     0.4018  28.926295     5.7893     5.9412     0.1303    90.4108 1.0000e-12  -64.75938  -63.14770 347.906289      31.36 5.1949e+02   1082.326      25977  1028.0823  1028.0811    34.3334    34.3319    7.96405         28 0.0000e+00
    114.000    112.853     0.4031  28.931244     0.4034  28.930171     5.7991     5.9457     0.1717    90.4141 1.0000e-12  -64.75938  -63.14770 347.906302      30.16 5.1959e+02   1083.526      26006  1028.0894  1028.0879    34.3363    34.3346    7.96354         30 0.0000e+00
    115.000    113.844     0.4046  28.932515     0.4042  28.930933     5.8070     5.9356     0.1458    90.4481 1.0000e-12  -64.75938  -63.14770 347.906316      29.48 5.2005e+02   1084.733      26035  1028.0937  1028.0923    34.3358    34.3341    7.96326         28 0.0000e+00
    116.000    114.832     0.4039  28.932025     0.4044  28.931279     5.8021     5.9371     0.1213    90.4298 1.0000e-12  -64.75938  -63.14770 347.906330      28.19 5.2005e+02   1085.931      26063  1028.0981  1028.0969    34.3352    34.3337    7.96343         29 0.0000e+00
    117.000    115.821     0.4053  28.935386     0.4040  28.933749     5.8039     5.9421     0.1251    90.5052 1.0000e-12  -64.75938  -63.14770 347.906344      27.44 5.2005e+02   1087.121      26092  1028.1047  1028.1042    34.3376    34.3368    7.96302         29 0.0000e+00
    118.000    116.812     0.3979  28.930853     0.3968  28.928440     5.8152     5.9406     0.1344    90.5116 1.0000e-12  -64.75938  -63.14770 347.906358      26.55 5.2005e+02   1088.320      26121  1028.1115  1028.1100    34.3392    34.3372    7.96445         29 0.0000e+00
