NBP2113_155081_ctd/data/nbp2113_018.ros
* Sea-Bird SBE 9 Data File:
* FileName = D:\Data\raw\NBP2113_018.hex
* Software Version Seasave V 7.26.7.121
* Temperature SN = 2438
* Conductivity SN = 2067
* Number of Bytes Per Scan = 40
* Number of Voltage Words = 5
* Number of Scans Averaged by the Deck Unit = 1
* NMEA Latitude = 65 50.87 S
* NMEA Longitude = 071 22.66 W
* NMEA UTC (Time) = Nov 28 2021  20:11:54
* NMEA baud rate = 9600
** Ship: RVIB N.B. Palmer
** Cruise: NBP2113 LTER
** Station: 300.200
** Operator: S. Blackman
# nquan = 20
# nvalues = 1144                                  
# units = specified
# name 0 = prDM: Pressure, Digiquartz [db]
# name 1 = depSM: Depth [salt water, m]
# name 2 = t090C: Temperature [ITS-90, deg C]
# name 3 = c0mS/cm: Conductivity [mS/cm]
# name 4 = t190C: Temperature, 2 [ITS-90, deg C]
# name 5 = c1mS/cm: Conductivity, 2 [mS/cm]
# name 6 = sbeox0ML/L: Oxygen, SBE 43 [ml/l]
# name 7 = sbeox1ML/L: Oxygen, SBE 43, 2 [ml/l]
# name 8 = flECO-AFL: Fluorescence, WET Labs ECO-AFL/FL [mg/m^3]
# name 9 = CStarTr0: Beam Transmission, WET Labs C-Star [%]
# name 10 = par: PAR/Irradiance, Biospherical/Licor
# name 11 = latitude: Latitude [deg]
# name 12 = longitude: Longitude [deg]
# name 13 = timeJ: Julian Days
# name 14 = altM: Altimeter [m]
# name 15 = spar: SPAR, Biospherical/Licor
# name 16 = timeS: Time, Elapsed [seconds]
# name 17 = scan: Scan Count
# name 18 = nbf: Bottles Fired
# name 19 = flag:  0.000e+00
# interval = seconds: 0.0416667
# start_time = Nov 28 2021 20:11:54 [NMEA time, header]
# bad_flag = -9.990e-29
*END*
[from data line 507]
     75.066     74.312    -0.8442  27.691983    -0.8409  27.692369     7.0709     7.1578     2.0582    94.3049 1.0000e-12  -65.84764  -71.37866 332.932955      99.98 3.7021e+02   7893.333     189441         11  0.000e+00
     75.114     74.359    -0.8440  27.690721    -0.8411  27.692089     7.0664     7.1609     2.0582    94.3306 1.0000e-12  -65.84764  -71.37866 332.932956      99.98 3.7021e+02   7893.375     189442         11  0.000e+00
     75.073     74.319    -0.8451  27.689400    -0.8412  27.692201     7.0589     7.1588     2.3586    94.3306 1.0000e-12  -65.84764  -71.37866 332.932956      99.98 3.7021e+02   7893.417     189443         11  0.000e+00
     75.066     74.312    -0.8458  27.688941    -0.8409  27.692313     7.0525     7.1561     2.5417    94.3049 1.0000e-12  -65.84764  -71.37866 332.932957      99.98 3.7021e+02   7893.458     189444         11  0.000e+00
     75.114     74.360    -0.8459  27.689228    -0.8407  27.692481     7.0413     7.1538     2.5637    94.3049 1.0000e-12  -65.84764  -71.37866 332.932957      99.98 3.7021e+02   7893.500     189445         11  0.000e+00
     75.066     74.312    -0.8460  27.689974    -0.8403  27.692930     7.0417     7.1509     2.5491    94.3049 1.0000e-12  -65.84764  -71.37866 332.932958      99.98 3.7021e+02   7893.542     189446         11  0.000e+00
     75.066     74.312    -0.8453  27.691180    -0.8400  27.692873     7.0374     7.1486     2.5417    94.3049 1.0000e-12  -65.84764  -71.37866 332.932958      99.95 3.7021e+02   7893.583     189447         11  0.000e+00
     75.114     74.360    -0.8436  27.692902    -0.8400  27.692818     7.0314     7.1459     2.5344    94.3049 1.0000e-12  -65.84764  -71.37866 332.932959      99.95 3.7021e+02   7893.625     189448         11  0.000e+00
     75.066     74.312    -0.8412  27.694336    -0.8390  27.693378     7.0309     7.1434     2.5417    94.3049 1.0000e-12  -65.84764  -71.37866 332.932959      99.98 3.7021e+02   7893.667     189449         11  0.000e+00
     75.114     74.360    -0.8402  27.695427    -0.8383  27.694163     7.0275     7.1406     2.5417    94.3049 1.0000e-12  -65.84764  -71.37866 332.932960      99.98 3.7021e+02   7893.708     189450         11  0.000e+00
     75.066     74.312    -0.8408  27.695083    -0.8377  27.694779     7.0227     7.1429     2.5417    94.3049 1.0000e-12  -65.84764  -71.37866 332.932960      99.95 3.7021e+02   7893.750     189451         11  0.000e+00
     75.066     74.312    -0.8439  27.694279    -0.8377  27.694723     7.0182     7.1413     2.5417    94.3049 1.0000e-12  -65.84764  -71.37866 332.932961      99.95 3.7021e+02   7893.792     189452         11  0.000e+00
     75.114     74.360    -0.8430  27.693304    -0.8381  27.694275     7.0098     7.1393     2.5417    94.3049 1.0000e-12  -65.84764  -71.37866 332.932961      99.98 3.7021e+02   7893.833     189453         11  0.000e+00
     75.073     74.319    -0.8427  27.692270    -0.8386  27.693714     7.0089     7.1369     2.5417    94.3049 1.0000e-12  -65.84764  -71.37866 332.932962      99.98 3.7021e+02   7893.875     189454         11  0.000e+00
     75.114     74.360    -0.8436  27.690663    -0.8394  27.692986     7.0068     7.1351     2.5417    94.3049 1.0000e-12  -65.84764  -71.37866 332.932962      99.98 3.7021e+02   7893.917     189455         11  0.000e+00
     75.114     74.360    -0.8447  27.688195    -0.8406  27.691640     6.9989     7.1331     2.5417    94.3049 1.0000e-12  -65.84764  -71.37866 332.932962      99.98 3.7021e+02   7893.958     189456         11  0.000e+00
     75.114     74.360    -0.8481  27.684924    -0.8430  27.690856     6.9945     7.1317     2.5417    94.3049 1.0000e-12  -65.84764  -71.37866 332.932963      99.98 3.7021e+02   7894.000     189457         11  0.000e+00
     75.114     74.360    -0.8507  27.683145    -0.8434  27.690575     6.9959     7.1297     2.5417    94.3049 1.0000e-12  -65.84764  -71.37866 332.932963      99.98 3.7021e+02   7894.042     189458         11  0.000e+00
     75.114     74.360    -0.8511  27.683202    -0.8441  27.688277     6.9921     7.1275     2.5417    94.3049 1.0000e-12  -65.84764  -71.37866 332.932964      99.95 3.7021e+02   7894.083     189459         11  0.000e+00
     75.169     74.414    -0.8516  27.683547    -0.8490  27.682672     6.9869     7.1259     2.5417    94.1504 1.0000e-12  -65.84764  -71.37866 332.932964      99.98 3.7021e+02   7894.125     189460         11  0.000e+00
     75.114     74.360    -0.8495  27.684178    -0.8540  27.677515     6.9825     7.1249     2.5417    94.0731 1.0000e-12  -65.84764  -71.37866 332.932965      99.98 3.7021e+02   7894.167     189461         11  0.000e+00
     75.169     74.414    -0.8478  27.685957    -0.8576  27.674825     6.9840     7.1232     2.5417    94.0474 1.0000e-12  -65.84764  -71.37866 332.932965      99.98 3.7021e+02   7894.208     189462         11  0.000e+00
     75.169     74.414    -0.8458  27.687507    -0.8579  27.671519     6.9749     7.1207     2.5417    94.0474 1.0000e-12  -65.84764  -71.37866 332.932966      99.95 3.7021e+02   7894.250     189463         11  0.000e+00
     75.128     74.373    -0.8450  27.688597    -0.8629  27.662776     6.9600     7.1199     2.5417    94.0474 1.0000e-12  -65.84764  -71.37866 332.932966      99.95 3.7021e+02   7894.292     189464         11  0.000e+00
     75.217     74.462    -0.8445  27.688081    -0.8699  27.657790     6.9635     7.1200     2.5417    94.0474 1.0000e-12  -65.84764  -71.37866 332.932967      99.98 3.7021e+02   7894.333     189465         11  0.000e+00
     75.169     74.414    -0.8447  27.686990    -0.8699  27.660760     6.9626     7.1171     2.5417    94.0474 1.0000e-12  -65.84764  -71.37866 332.932967      99.98 3.7021e+02   7894.375     189466         11  0.000e+00
     75.169     74.414    -0.8463  27.685785    -0.8663  27.665803     6.9593     7.1142     2.5417    94.0474 1.0000e-12  -65.84764  -71.37866 332.932968      99.98 3.7021e+02   7894.417     189467         11  0.000e+00
     75.217     74.462    -0.8470  27.686014    -0.8612  27.670510     6.9498     7.1108     2.5417    94.0474 1.0000e-12  -65.84764  -71.37866 332.932968      99.98 3.7021e+02   7894.458     189468         11  0.000e+00
     75.217     74.462    -0.8470  27.684465    -0.8572  27.673817     6.9510     7.1075     2.3293    94.0474 1.0000e-12  -65.84764  -71.37866 332.932969      99.98 3.7021e+02   7894.500     189469         11  0.000e+00
     75.169     74.414    -0.8516  27.681079    -0.8550  27.675554     6.9484     7.1043     2.0509    94.0474 1.0000e-12  -65.84764  -71.37866 332.932969      99.98 3.7021e+02   7894.542     189470         11  0.000e+00
     75.272     74.516    -0.8510  27.682169    -0.8542  27.676058     6.9390     7.0967     1.9850    94.0474 1.0000e-12  -65.84764  -71.37866 332.932970      99.95 3.7021e+02   7894.583     189471         11  0.000e+00
     75.217     74.462    -0.8501  27.676889    -0.8544  27.677123     6.9419     7.0992     1.9996    94.0474 1.0000e-12  -65.84764  -71.37866 332.932970      99.95 3.7021e+02   7894.625     189472         11  0.000e+00
     75.740     74.979    -0.9158  27.593613    -0.9124  27.597581     7.4145     7.2510     2.1974    93.5839 1.0000e-12  -65.84764  -71.37866 332.933031      99.98 3.7197e+02   7899.875     189598         12  0.000e+00
     75.678     74.918    -0.9159  27.593613    -0.9137  27.596853     7.4261     7.2513     2.1974    93.5839 1.0000e-12  -65.84764  -71.37866 332.933031      99.98 3.7197e+02   7899.917     189599         12  0.000e+00
     75.726     74.965    -0.9160  27.593957    -0.9139  27.596237     7.4334     7.2575     2.2194    93.5839 1.0000e-12  -65.84764  -71.37866 332.933032      99.98 3.7197e+02   7899.958     189600         12  0.000e+00
     75.726     74.965    -0.9159  27.593728    -0.9136  27.595733     7.4332     7.2583     2.5784    93.6354 1.0000e-12  -65.84764  -71.37866 332.933032      99.98 3.7197e+02   7900.000     189601         12  0.000e+00
     75.678     74.918    -0.9157  27.593556    -0.9139  27.595229     7.4345     7.2586     2.7835    93.7899 1.0000e-12  -65.84764  -71.37866 332.933033      99.98 3.7197e+02   7900.042     189602         12  0.000e+00
     75.781     75.020    -0.9159  27.593613    -0.9141  27.594669     7.4466     7.2586     2.8055    93.8414 1.0000e-12  -65.84764  -71.37866 332.933033      99.95 3.7197e+02   7900.083     189603         12  0.000e+00
     75.726     74.965    -0.9158  27.593327    -0.9141  27.594613     7.4480     7.2587     2.7835    93.8414 1.0000e-12  -65.84764  -71.37866 332.933034      99.95 3.7197e+02   7900.125     189604         12  0.000e+00
     75.726     74.965    -0.9159  27.593384    -0.9143  27.594165     7.4481     7.2641     2.7762    93.8156 1.0000e-12  -65.84764  -71.37866 332.933034      99.98 3.7197e+02   7900.167     189605         12  0.000e+00
     75.781     75.020    -0.9160  27.593499    -0.9151  27.594054     7.4528     7.2644     2.7835    93.8156 1.0000e-12  -65.84764  -71.37866 332.933035      99.98 3.7197e+02   7900.208     189606         12  0.000e+00
     75.781     75.020    -0.9159  27.593212    -0.9150  27.593830     7.4514     7.2639     2.7762    93.8156 1.0000e-12  -65.84764  -71.37866 332.933035      99.95 3.7197e+02   7900.250     189607         12  0.000e+00
     75.781     75.020    -0.9160  27.593441    -0.9150  27.593606     7.4485     7.2630     2.7835    93.8156 1.0000e-12  -65.84764  -71.37866 332.933036      99.95 3.7197e+02   7900.292     189608         12  0.000e+00
     75.781     75.020    -0.9158  27.593441    -0.9150  27.593718     7.4456     7.2680     2.7835    93.8156 1.0000e-12  -65.84764  -71.37866 332.933036      99.98 3.7197e+02   7900.333     189609         12  0.000e+00
     75.788     75.027    -0.9158  27.593900    -0.9151  27.593606     7.4561     7.2678     2.7835    93.8156 1.0000e-12  -65.84764  -71.37866 332.933037      99.98 3.7197e+02   7900.375     189610         12  0.000e+00
     75.829     75.067    -0.9159  27.593728    -0.9154  27.593158     7.4503     7.2672     2.7835    93.8156 1.0000e-12  -65.84764  -71.37866 332.933037      99.98 3.7197e+02   7900.417     189611         12  0.000e+00
     75.829     75.067    -0.9161  27.593728    -0.9156  27.593214     7.4536     7.2726     2.7835    93.8156 1.0000e-12  -65.84764  -71.37866 332.933038      99.98 3.7197e+02   7900.458     189612         12  0.000e+00
     75.829     75.067    -0.9161  27.593270    -0.9156  27.593494     7.4449     7.2726     2.7835    93.8156 1.0000e-12  -65.84764  -71.37866 332.933038      99.98 3.7197e+02   7900.500     189613         12  0.000e+00
     75.884     75.122    -0.9160  27.593442    -0.9153  27.593326     7.4514     7.2722     2.7835    93.8156 1.0000e-12  -65.84764  -71.37866 332.933039      99.98 3.7197e+02   7900.542     189614         12  0.000e+00
     75.829     75.067    -0.9161  27.593442    -0.9156  27.593270     7.4472     7.2722     2.7835    93.8156 1.0000e-12  -65.84764  -71.37866 332.933039      99.95 3.7197e+02   7900.583     189615         12  0.000e+00
     75.884     75.122    -0.9163  27.593098    -0.9154  27.593438     7.4373     7.2773     2.7762    93.8156 1.0000e-12  -65.84764  -71.37866 332.933040      99.95 3.7197e+02   7900.625     189616         12  0.000e+00
     75.884     75.122    -0.9161  27.593327    -0.9154  27.593550     7.4362     7.2771     2.7762    93.8156 1.0000e-12  -65.84764  -71.37866 332.933040      99.98 3.7197e+02   7900.667     189617         12  0.000e+00
     75.884     75.122    -0.9158  27.593499    -0.9156  27.593326     7.4459     7.2765     2.7762    93.8156 1.0000e-12  -65.84764  -71.37866 332.933041      99.98 3.7197e+02   7900.708     189618         12  0.000e+00
     75.932     75.169    -0.9158  27.593442    -0.9151  27.593606     7.4514     7.2761     2.7835    93.8156 1.0000e-12  -65.84764  -71.37866 332.933041      99.98 3.7197e+02   7900.750     189619         12  0.000e+00
     75.932     75.169    -0.9160  27.593671    -0.9153  27.593774     7.4496     7.2754     2.7762    93.8156 1.0000e-12  -65.84764  -71.37868 332.933042      99.93 3.7197e+02   7900.792     189620         12  0.000e+00
     75.932     75.169    -0.9159  27.593671    -0.9151  27.593774     7.4523     7.2741     2.7762    93.7899 1.0000e-12  -65.84764  -71.37868 332.933042      99.95 3.7197e+02   7900.833     189621         12  0.000e+00
     75.932     75.169    -0.9158  27.593728    -0.9150  27.594222     7.4550     7.2789     2.7835    93.5839 1.0000e-12  -65.84764  -71.37868 332.933043      99.98 3.7197e+02   7900.875     189622         12  0.000e+00
     75.993     75.230    -0.9158  27.593671    -0.9150  27.594110     7.4518     7.2786     2.7835    93.4809 1.0000e-12  -65.84764  -71.37868 332.933043      99.98 3.7197e+02   7900.917     189623         12  0.000e+00
     75.980     75.217    -0.9157  27.594130    -0.9150  27.594390     7.4469     7.2833     2.7762    93.4809 1.0000e-12  -65.84764  -71.37868 332.933043      99.98 3.7197e+02   7900.958     189624         12  0.000e+00
     75.980     75.217    -0.9158  27.594015    -0.9150  27.594558     7.4556     7.2828     2.7762    93.4809 1.0000e-12  -65.84764  -71.37868 332.933044      99.98 3.7197e+02   7901.000     189625         12  0.000e+00
     75.980     75.217    -0.9158  27.593786    -0.9148  27.594558     7.4536     7.2761     2.7762    93.4809 1.0000e-12  -65.84764  -71.37868 332.933044      99.98 3.7197e+02   7901.042     189626         12  0.000e+00
     76.035     75.271    -0.9156  27.593671    -0.9150  27.594390     7.4622     7.2794     2.4831    93.4809 1.0000e-12  -65.84764  -71.37868 332.933045      99.95 3.7197e+02   7901.083     189627         12  0.000e+00
     76.035     75.271    -0.9155  27.593958    -0.9145  27.594670     7.4600     7.2838     2.1608    93.4809 1.0000e-12  -65.84764  -71.37868 332.933045      99.98 3.7197e+02   7901.125     189628         12  0.000e+00
     76.035     75.271    -0.9156  27.594187    -0.9147  27.594838     7.4666     7.2831     2.0875    93.4809 1.0000e-12  -65.84764  -71.37868 332.933046      99.98 3.7197e+02   7901.167     189629         12  0.000e+00
     76.083     75.318    -0.9155  27.594245    -0.9143  27.595006     7.4672     7.2828     2.1022    93.4809 1.0000e-12  -65.84764  -71.37868 332.933046      99.98 3.7197e+02   7901.208     189630         12  0.000e+00
     76.035     75.271    -0.9156  27.594245    -0.9145  27.595118     7.4633     7.2764     2.1168    93.4809 1.0000e-12  -65.84764  -71.37868 332.933047      99.95 3.7197e+02   7901.250     189631         12  0.000e+00
     76.083     75.319    -0.9152  27.594474    -0.9142  27.595118     7.4581     7.2798     2.1241    93.4809 1.0000e-12  -65.84764  -71.37868 332.933047      99.95 3.7197e+02   7901.292     189632         12  0.000e+00
     76.083     75.319    -0.9152  27.594703    -0.9145  27.595286     7.4623     7.2903     2.1241    93.4809 1.0000e-12  -65.84764  -71.37868 332.933048      99.95 3.7197e+02   7901.333     189633         12  0.000e+00
     76.083     75.319    -0.9151  27.594818    -0.9142  27.595342     7.4621     7.2795     2.1168    93.4809 1.0000e-12  -65.84764  -71.37868 332.933048      99.98 3.7197e+02   7901.375     189634         12  0.000e+00
     76.138     75.373    -0.9152  27.595162    -0.9143  27.595174     7.4609     7.2834     2.1241    93.4809 1.0000e-12  -65.84764  -71.37868 332.933049      99.98 3.7197e+02   7901.417     189635         12  0.000e+00
     76.083     75.319    -0.9151  27.595334    -0.9141  27.595454     7.4553     7.2829     2.1168    93.4809 1.0000e-12  -65.84764  -71.37868 332.933049      99.98 3.7197e+02   7901.458     189636         12  0.000e+00
     76.144     75.380    -0.9147  27.595277    -0.9142  27.595398     7.4593     7.2821     2.1168    93.4809 1.0000e-12  -65.84764  -71.37868 332.933050      99.98 3.7197e+02   7901.500     189637         12  0.000e+00
