NBP2113_155081_ctd/data/nbp2113_035.cnv
* Sea-Bird SBE 9 Data File:
* FileName = D:\Data\raw\NBP2113_035.hex
* Software Version Seasave V 7.26.7.121
* Temperature SN = 2438
* Conductivity SN = 2067
* Number of Bytes Per Scan = 40
* Number of Voltage Words = 5
* Number of Scans Averaged by the Deck Unit = 1
* NMEA Latitude = 64 56.00 S
* NMEA Longitude = 064 23.93 W
* NMEA UTC (Time) = Dec 09 2021  05:14:22
* NMEA baud rate = 9600
** Ship: RVIB N.B. Palmer
** Cruise: NBP2113 LTER
** Station: 600.040
** Operator: B. Urmston
# nquan = 25
# nvalues = 241                         
# units = specified
# name 0 = prDM: Pressure, Digiquartz [db]
# name 1 = depSM: Depth [salt water, m]
# name 2 = t090C: Temperature [ITS-90, deg C]
# name 3 = c0mS/cm: Conductivity [mS/cm]
# name 4 = t190C: Temperature, 2 [ITS-90, deg C]
# name 5 = c1mS/cm: Conductivity, 2 [mS/cm]
# name 6 = sbeox0ML/L: Oxygen, SBE 43 [ml/l]
# name 7 = sbeox1ML/L: Oxygen, SBE 43, 2 [ml/l]
# name 8 = flECO-AFL: Fluorescence, WET Labs ECO-AFL/FL [mg/m^3]
# name 9 = CStarTr0: Beam Transmission, WET Labs C-Star [%]
# name 10 = par: PAR/Irradiance, Biospherical/Licor
# name 11 = latitude: Latitude [deg]
# name 12 = longitude: Longitude [deg]
# name 13 = timeJ: Julian Days
# name 14 = altM: Altimeter [m]
# name 15 = spar: SPAR, Biospherical/Licor
# name 16 = timeS: Time, Elapsed [seconds]
# name 17 = scan: Scan Count
# name 18 = density00: Density [density, kg/m^3]
# name 19 = density11: Density, 2 [density, kg/m^3]
# name 20 = sal00: Salinity, Practical [PSU]
# name 21 = sal11: Salinity, Practical, 2 [PSU]
# name 22 = oxsolML/L: Oxygen Saturation, Garcia & Gordon [ml/l]
# name 23 = nbin: number of scans per bin
# name 24 = flag: flag
# span 0 =      1.000,    123.000       
# span 1 =      0.991,    121.758       
# span 2 =    -0.9686,     0.2360       
# span 3 =  27.170866,  28.833658       
# span 4 =    -0.9681,     0.2330       
# span 5 =  27.169479,  28.828895       
# span 6 =     5.6388,     9.2262       
# span 7 =     5.7026,     9.9121       
# span 8 =     0.0159,     1.7635       
# span 9 =    88.4164,    95.5653       
# span 10 = -1.139e-05, 4.2827e+00      
# span 11 =  -64.93360,  -64.93352      
# span 12 =  -64.40202,  -64.40025      
# span 13 = 343.221557, 343.229317      
# span 14 =      -5.30,     107.23      
# span 15 = 0.0000e+00, 0.0000e+00      
# span 16 =    280.553,    951.009      
# span 17 =       6734,      22825      
# span 18 =  1027.0054,  1028.1855      
# span 19 =  1027.0039,  1028.1833      
# span 20 =    33.5790,    34.3894      
# span 21 =    33.5734,    34.3871      
# span 22 =    7.99519,    8.29979      
# span 23 =         12,         47      
# span 24 = 0.0000e+00, 0.0000e+00      
# interval = decibars: 1                
# start_time = Dec 09 2021 05:14:22 [NMEA time, header]
# bad_flag = -9.990e-29
*END*
[from data line 116]
    121.000    119.780     0.2276  28.823992     0.2273  28.822636     5.6502     5.7084     0.0456    95.5320 1.0000e-12  -64.93360  -64.40144 343.225824      99.97 0.0000e+00    649.192      15582  1028.1746  1028.1734    34.3872    34.3858    7.99704         22 0.0000e+00
    122.000    120.769     0.2330  28.830054     0.2329  28.828895     5.6584     5.7073     0.0491    95.5310 1.0000e-12  -64.93360  -64.40146 343.225894      99.97 0.0000e+00    655.238      15727  1028.1800  1028.1789    34.3885    34.3871    7.99584         39 0.0000e+00
    123.000    121.758     0.2360  28.833658     0.2330  28.828761     5.6576     5.7042     0.0394    95.5653 1.0000e-12  -64.93360  -64.40168 343.226544      99.98 0.0000e+00    711.391      17074  1028.1855  1028.1833    34.3894    34.3863    7.99519         24 0.0000e+00
    122.000    120.769     0.2267  28.823611     0.2273  28.823079     5.6602     5.7122     0.0248    95.5482 1.0000e-12  -64.93358  -64.40162 343.226345      99.97 0.0000e+00    694.181      16661  1028.1796  1028.1784    34.3872    34.3857    7.99724         27 0.0000e+00
    121.000    119.779     0.2257  28.821093     0.2259  28.820149     5.6786     5.7082     0.0245    95.5410 1.0000e-12  -64.93360  -64.40162 343.226355      99.97 0.0000e+00    695.107      16684  1028.1736  1028.1724    34.3855    34.3840    7.99753         23 0.0000e+00
    120.000    118.790     0.2255  28.820576     0.2255  28.819436     5.6803     5.7088     0.0275    95.5507 1.0000e-12  -64.93360  -64.40164 343.226401      99.97 0.0000e+00    699.036      16778  1028.1690  1028.1678    34.3856    34.3842    7.99756         37 0.0000e+00
    119.000    117.799     0.2249  28.819795     0.2252  28.818750     5.6681     5.7148     0.0431    95.5607 1.0000e-12  -64.93360  -64.40168 343.226555      99.97 0.0000e+00    712.322      17097  1028.1645  1028.1631    34.3860    34.3842    7.99769         39 0.0000e+00
    118.000    116.811     0.2262  28.820224     0.2265  28.819186     5.6698     5.7113     0.0417    95.5474 1.0000e-12  -64.93360  -64.40171 343.226596      99.97 0.0000e+00    715.906      17183  1028.1593  1028.1580    34.3856    34.3840    7.99742         42 0.0000e+00
    117.000    115.821     0.2280  28.820807     0.2281  28.819296     5.6697     5.7109     0.0382    95.5549 1.0000e-12  -64.93360  -64.40172 343.226618      99.97 0.0000e+00    717.808      17228  1028.1540  1028.1523    34.3850    34.3829    7.99709         34 0.0000e+00
    116.000    114.831     0.2278  28.819033     0.2279  28.818395     5.6765     5.7114     0.0353    95.5430 1.0000e-12  -64.93360  -64.40174 343.226640      99.97 0.0000e+00    719.678      17273  1028.1480  1028.1472    34.3835    34.3825    7.99721         41 0.0000e+00
    115.000    113.842     0.2231  28.814122     0.2260  28.816335     5.7040     5.7307     0.0570    95.5252 1.0000e-12  -64.93360  -64.40174 343.226676      99.97 0.0000e+00    722.811      17348  1028.1431  1028.1426    34.3828    34.3825    7.99822         30 0.0000e+00
    114.000    112.852     0.2187  28.808120     0.2227  28.811142     5.7275     5.7532     0.0336    95.5022 1.0000e-12  -64.93360  -64.40176 343.226695      99.98 0.0000e+00    724.461      17388  1028.1369  1028.1362    34.3805    34.3800    7.99927         23 0.0000e+00
    113.000    111.862     0.2093  28.798798     0.2108  28.799545     5.7319     5.7619     0.0284    95.4964 1.0000e-12  -64.93360  -64.40176 343.226705      99.97 0.0000e+00    725.284      17408  1028.1320  1028.1314    34.3794    34.3787    8.00130         18 0.0000e+00
    112.000    110.873     0.2033  28.790064     0.2027  28.787709     5.7226     5.7664     0.0312    95.5067 1.0000e-12  -64.93360  -64.40176 343.226714      99.97 0.0000e+00    726.085      17427  1028.1243  1028.1224    34.3751    34.3728    8.00277         22 0.0000e+00
    111.000    109.882     0.2086  28.794880     0.2069  28.791649     5.7473     5.7758     0.0364    95.4713 1.0000e-12  -64.93360  -64.40177 343.226743      99.97 0.0000e+00    728.575      17487  1028.1198  1028.1181    34.3762    34.3739    8.00162         31 0.0000e+00
    110.000    108.894     0.2085  28.795377     0.2069  28.792145     5.8365     5.8411     0.0159    95.4861 1.0000e-12  -64.93360  -64.40180 343.226785      99.97 0.0000e+00    732.251      17575  1028.1161  1028.1142    34.3776    34.3750    8.00156         22 0.0000e+00
    109.000    107.904     0.1917  28.776117     0.1894  28.772333     5.8842     5.8638     0.0267    95.4823 1.0000e-12  -64.93360  -64.40180 343.226795      99.97 0.0000e+00    733.111      17596  1028.1079  1028.1061    34.3716    34.3691    8.00540         22 0.0000e+00
    108.000    106.913     0.1676  28.746171     0.1662  28.744025     5.8859     5.8570     0.0331    95.4278 1.0000e-12  -64.93360  -64.40180 343.226807      99.97 0.0000e+00    734.156      17621  1028.0955  1028.0945    34.3596    34.3584    8.01108         29 0.0000e+00
    107.000    105.924     0.1657  28.744094     0.1695  28.745964     5.8769     5.8664     0.0546    95.3927 1.0000e-12  -64.93360  -64.40180 343.226824      99.97 0.0000e+00    735.547      17654  1028.0906  1028.0888    34.3596    34.3579    8.01147         38 0.0000e+00
    106.000    104.936     0.1583  28.735501     0.1652  28.741780     5.9240     5.9070     0.0554    95.3674 1.0000e-12  -64.93360  -64.40180 343.226850      99.97 0.0000e+00    737.879      17710  1028.0842  1028.0841    34.3572    34.3577    8.01316         34 0.0000e+00
    105.000    103.945     0.1461  28.718450     0.1524  28.726036     5.9783     5.9809     0.0469    95.3667 1.0000e-12  -64.93360  -64.40182 343.226878      99.97 0.0000e+00    740.236      17767  1028.0737  1028.0755    34.3490    34.3519    8.01617         29 0.0000e+00
    104.000    102.954     0.1450  28.718240     0.1468  28.719236     5.9900     6.0086     0.0424    95.3617 1.0000e-12  -64.93360  -64.40184 343.226889      99.97 0.0000e+00    741.202      17790  1028.0700  1028.0694    34.3505    34.3498    8.01630         21 0.0000e+00
    103.000    101.966     0.1255  28.692570     0.1206  28.686735     5.9966     6.0102     0.0436    95.3449 1.0000e-12  -64.93360  -64.40184 343.226899      99.97 0.0000e+00    742.034      17810  1028.0577  1028.0562    34.3391    34.3368    8.02103         21 0.0000e+00
    102.000    100.974     0.1238  28.689594     0.1185  28.682218     6.0154     6.0135     0.0460    95.3330 1.0000e-12  -64.93360  -64.40184 343.226911      99.97 0.0000e+00    743.090      17835  1028.0516  1028.0491    34.3376    34.3338    8.02146         27 0.0000e+00
    101.000     99.985     0.1145  28.677712     0.1180  28.681928     6.0089     6.0242     0.0625    95.3083 1.0000e-12  -64.93360  -64.40184 343.226951      99.97 0.0000e+00    746.589      17919  1028.0434  1028.0444    34.3329    34.3346    8.02366         32 0.0000e+00
    100.000     98.996     0.1165  28.679344     0.1155  28.676967     6.0030     6.0398     0.0493    95.3041 1.0000e-12  -64.93360  -64.40186 343.226973      99.97 0.0000e+00    748.493      17965  1028.0387  1028.0372    34.3335    34.3315    8.02322         31 0.0000e+00
     99.000     98.007     0.1132  28.676008     0.1125  28.674123     6.0130     6.0611     0.0560    95.3166 1.0000e-12  -64.93360  -64.40187 343.226987      99.98 0.0000e+00    749.690      17994  1028.0341  1028.0328    34.3334    34.3317    8.02392         25 0.0000e+00
     98.000     97.017     0.1047  28.664214     0.1006  28.657505     6.0520     6.0793     0.0471    95.3054 1.0000e-12  -64.93360  -64.40188 343.226998      99.97 0.0000e+00    750.663      18017  1028.0255  1028.0224    34.3279    34.3236    8.02600         22 0.0000e+00
     97.000     96.026     0.0991  28.655923     0.0980  28.653198     6.0624     6.0892     0.0557    95.3221 1.0000e-12  -64.93360  -64.40188 343.227008      99.98 0.0000e+00    751.526      18038  1028.0179  1028.0161    34.3238    34.3215    8.02740         20 0.0000e+00
     96.000     95.037     0.0961  28.651279     0.0936  28.646858     6.0729     6.0882     0.0478    95.2826 1.0000e-12  -64.93360  -64.40188 343.227019      99.97 0.0000e+00    752.410      18059  1028.0115  1028.0093    34.3216    34.3186    8.02815         23 0.0000e+00
     95.000     94.047     0.0949  28.649769     0.0954  28.648868     6.0901     6.0893     0.0588    95.2615 1.0000e-12  -64.93360  -64.40188 343.227032      99.97 0.0000e+00    753.527      18086  1028.0066  1028.0051    34.3215    34.3198    8.02840         32 0.0000e+00
     94.000     93.058     0.0915  28.644266     0.0941  28.646728     6.1196     6.1019     0.0709    95.2765 1.0000e-12  -64.93360  -64.40188 343.227052      99.97 0.0000e+00    755.287      18128  1027.9997  1027.9998    34.3187    34.3190    8.02928         39 0.0000e+00
     93.000     92.071     0.0837  28.633349     0.0875  28.637647     6.1333     6.1396     0.0656    95.2426 1.0000e-12  -64.93360  -64.40189 343.227084      99.97 0.0000e+00    758.103      18195  1027.9912  1027.9921    34.3136    34.3151    8.03119         36 0.0000e+00
     92.000     91.078     0.0836  28.632035     0.0845  28.632270     6.1538     6.1955     0.0558    95.2061 1.0000e-12  -64.93360  -64.40190 343.227111      99.97 0.0000e+00    760.426      18251  1027.9854  1027.9850    34.3126    34.3120    8.03127         36 0.0000e+00
     91.000     90.089     0.0837  28.631218     0.0807  28.626150     6.2483     6.2503     0.0554    95.2328 1.0000e-12  -64.93360  -64.40191 343.227128      99.97 0.0000e+00    761.835      18285  1027.9802  1027.9778    34.3121    34.3087    8.03129         29 0.0000e+00
     90.000     89.098     0.0734  28.616180     0.0666  28.605937     6.2781     6.2673     0.0571    95.1723 1.0000e-12  -64.93360  -64.40193 343.227141      99.97 0.0000e+00    762.982      18313  1027.9699  1027.9658    34.3042    34.2984    8.03387         26 0.0000e+00
     89.000     88.110     0.0560  28.595616     0.0495  28.587538     6.2683     6.2779     0.0643    95.1568 1.0000e-12  -64.93359  -64.40194 343.227153      99.97 0.0000e+00    764.020      18337  1027.9608  1027.9586    34.2972    34.2938    8.03793         24 0.0000e+00
     88.000     87.118     0.0495  28.587530     0.0442  28.580084     6.2700     6.2758     0.0725    95.1546 1.0000e-12  -64.93358  -64.40193 343.227164      99.97 0.0000e+00    764.991      18361  1027.9542  1027.9515    34.2944    34.2904    8.03945         23 0.0000e+00
     87.000     86.131     0.0471  28.583861     0.0400  28.575324     6.2586     6.2733     0.0630    95.1928 1.0000e-12  -64.93358  -64.40192 343.227175      99.97 0.0000e+00    765.926      18383  1027.9483  1027.9460    34.2928    34.2895    8.04004         22 0.0000e+00
     86.000     85.139     0.0464  28.582962     0.0411  28.574630     6.2734     6.2652     0.0711    95.2091 1.0000e-12  -64.93359  -64.40192 343.227188      99.97 0.0000e+00    767.019      18409  1027.9435  1027.9398    34.2930    34.2879    8.04017         33 0.0000e+00
     85.000     84.152     0.0415  28.575881     0.0417  28.575319     6.2656     6.2991     0.0689    95.1842 1.0000e-12  -64.93360  -64.40195 343.227234      99.97 0.0000e+00    771.045      18506  1027.9361  1027.9352    34.2897    34.2887    8.04139         22 0.0000e+00
     84.000     83.162     0.0416  28.576156     0.0429  28.576754     6.2836     6.3147     0.0445    95.1804 1.0000e-12  -64.93360  -64.40196 343.227252      99.97 0.0000e+00    772.599      18543  1027.9319  1027.9313    34.2906    34.2899    8.04132         19 0.0000e+00
     83.000     82.169     0.0384  28.570535     0.0379  28.568786     6.3054     6.3210     0.0440    95.1804 1.0000e-12  -64.93360  -64.40196 343.227261      99.97 0.0000e+00    773.358      18562  1027.9248  1027.9234    34.2873    34.2855    8.04217         18 0.0000e+00
     82.000     81.181     0.0388  28.569943     0.0377  28.567385     6.3150     6.3280     0.0583    95.1804 1.0000e-12  -64.93358  -64.40196 343.227271      99.97 0.0000e+00    774.248      18583  1027.9194  1027.9178    34.2867    34.2846    8.04212         26 0.0000e+00
     81.000     80.190     0.0373  28.567888     0.0373  28.566520     6.3237     6.3419     0.0600    95.1701 1.0000e-12  -64.93358  -64.40196 343.227296      99.97 0.0000e+00    776.343      18633  1027.9143  1027.9128    34.2862    34.2844    8.04246         34 0.0000e+00
     80.000     79.203     0.0302  28.557780     0.0347  28.562629     6.3427     6.3558     0.0727    95.1730 1.0000e-12  -64.93358  -64.40196 343.227318      99.97 0.0000e+00    778.250      18679  1027.9062  1027.9069    34.2815    34.2828    8.04423         24 0.0000e+00
     79.000     78.210     0.0340  28.562717     0.0323  28.560488     6.3428     6.3609     0.0515    95.1836 1.0000e-12  -64.93358  -64.40196 343.227327      99.97 0.0000e+00    779.054      18698  1027.9034  1027.9027    34.2843    34.2833    8.04327         17 0.0000e+00
     78.000     77.221     0.0263  28.553046     0.0195  28.544554     6.3202     6.3570     0.0520    95.1855 1.0000e-12  -64.93358  -64.40196 343.227336      99.97 0.0000e+00    779.800      18716  1027.8963  1027.8939    34.2807    34.2770    8.04508         20 0.0000e+00
     77.000     76.232     0.0266  28.552681     0.0203  28.544546     6.3066     6.3510     0.0687    95.1741 1.0000e-12  -64.93358  -64.40196 343.227352      99.97 0.0000e+00    781.226      18750  1027.8913  1027.8888    34.2805    34.2768    8.04503         32 0.0000e+00
     76.000     75.242     0.0280  28.554804     0.0294  28.555415     6.3331     6.3695     0.0711    95.1805 1.0000e-12  -64.93358  -64.40199 343.227403      99.97 0.0000e+00    785.626      18856  1027.8878  1027.8870    34.2824    34.2816    8.04463         28 0.0000e+00
     75.000     74.252     0.0142  28.538586     0.0151  28.539112     6.3455     6.3828     0.0607    95.1814 1.0000e-12  -64.93358  -64.40200 343.227415      99.97 0.0000e+00    786.685      18881  1027.8797  1027.8794    34.2769    34.2767    8.04783         25 0.0000e+00
     74.000     73.261    -0.0028  28.518875    -0.0013  28.519318     6.3299     6.3885     0.0668    95.1592 1.0000e-12  -64.93358  -64.40200 343.227426      99.97 0.0000e+00    787.627      18904  1027.8710  1027.8700    34.2705    34.2693    8.05178         20 0.0000e+00
     73.000     72.274    -0.0018  28.519480    -0.0127  28.506920     6.3411     6.3893     0.0655    95.1544 1.0000e-12  -64.93358  -64.40200 343.227435      99.97 0.0000e+00    788.424      18923  1027.8663  1027.8637    34.2708    34.2664    8.05155         18 0.0000e+00
     72.000     71.283    -0.0104  28.509359    -0.0181  28.499933     6.3613     6.3964     0.0595    95.1546 1.0000e-12  -64.93358  -64.40200 343.227444      99.97 0.0000e+00    789.124      18940  1027.8597  1027.8571    34.2676    34.2637    8.05353         17 0.0000e+00
     71.000     70.290    -0.0133  28.505868    -0.0195  28.497436     6.3655     6.3925     0.0534    95.1546 1.0000e-12  -64.93358  -64.40200 343.227452      99.98 0.0000e+00    789.844      18957  1027.8544  1027.8514    34.2668    34.2626    8.05419         18 0.0000e+00
     70.000     69.302    -0.0194  28.499512    -0.0190  28.496710     6.3624     6.3821     0.0761    95.1546 1.0000e-12  -64.93358  -64.40199 343.227465      99.97 0.0000e+00    790.944      18984  1027.8491  1027.8458    34.2658    34.2617    8.05552         30 0.0000e+00
     69.000     68.313    -0.0202  28.496543    -0.0182  28.497623     6.3310     6.3900     0.0641    95.1388 1.0000e-12  -64.93358  -64.40200 343.227538      99.97 0.0000e+00    797.308      19136  1027.8420  1027.8412    34.2634    34.2626    8.05583         25 0.0000e+00
