NBP2113_155081_ctd/data/nbp2113_018.cnv
* Sea-Bird SBE 9 Data File:
* FileName = D:\Data\raw\NBP2113_018.hex
* Software Version Seasave V 7.26.7.121
* Temperature SN = 2438
* Conductivity SN = 2067
* Number of Bytes Per Scan = 40
* Number of Voltage Words = 5
* Number of Scans Averaged by the Deck Unit = 1
* NMEA Latitude = 65 50.87 S
* NMEA Longitude = 071 22.66 W
* NMEA UTC (Time) = Nov 28 2021  20:11:54
* NMEA baud rate = 9600
** Ship: RVIB N.B. Palmer
** Cruise: NBP2113 LTER
** Station: 300.200
** Operator: S. Blackman
# nquan = 25
# nvalues = 6199                        
# units = specified
# name 0 = prDM: Pressure, Digiquartz [db]
# name 1 = depSM: Depth [salt water, m]
# name 2 = t090C: Temperature [ITS-90, deg C]
# name 3 = c0mS/cm: Conductivity [mS/cm]
# name 4 = t190C: Temperature, 2 [ITS-90, deg C]
# name 5 = c1mS/cm: Conductivity, 2 [mS/cm]
# name 6 = sbeox0ML/L: Oxygen, SBE 43 [ml/l]
# name 7 = sbeox1ML/L: Oxygen, SBE 43, 2 [ml/l]
# name 8 = flECO-AFL: Fluorescence, WET Labs ECO-AFL/FL [mg/m^3]
# name 9 = CStarTr0: Beam Transmission, WET Labs C-Star [%]
# name 10 = par: PAR/Irradiance, Biospherical/Licor
# name 11 = latitude: Latitude [deg]
# name 12 = longitude: Longitude [deg]
# name 13 = timeJ: Julian Days
# name 14 = altM: Altimeter [m]
# name 15 = spar: SPAR, Biospherical/Licor
# name 16 = timeS: Time, Elapsed [seconds]
# name 17 = scan: Scan Count
# name 18 = density00: Density [density, kg/m^3]
# name 19 = density11: Density, 2 [density, kg/m^3]
# name 20 = sal00: Salinity, Practical [PSU]
# name 21 = sal11: Salinity, Practical, 2 [PSU]
# name 22 = oxsolML/L: Oxygen Saturation, Garcia & Gordon [ml/l]
# name 23 = nbin: number of scans per bin
# name 24 = flag: flag
# span 0 =      1.000,   3102.000       
# span 1 =      0.988,   3048.984       
# span 2 =    -0.9604,     1.9842       
# span 3 =  27.559609,  30.707609       
# span 4 =    -0.9587,     1.9832       
# span 5 =  27.559233,  30.706539       
# span 6 =     3.8782,     8.4841       
# span 7 =     3.9346,     8.4608       
# span 8 =    -0.0220,    10.1452       
# span 9 =    85.2241,    97.8607       
# span 10 = 1.0000e-12, 1.0000e-12      
# span 11 =  -65.84838,  -65.84748      
# span 12 =  -71.37883,  -71.37718      
# span 13 = 332.844803, 332.936425      
# span 14 =       1.14,     108.25      
# span 15 = 1.8334e+02, 6.2851e+02      
# span 16 =    276.952,   8193.091      
# span 17 =       6648,     196635      
# span 18 =  1027.2925,  1042.0975      
# span 19 =  1027.2915,  1042.0969      
# span 20 =    33.9515,    34.7290      
# span 21 =    33.9504,    34.7284      
# span 22 =    7.63105,    8.26876      
# span 23 =         10,         69      
# span 24 = 0.0000e+00, 0.0000e+00      
# interval = decibars: 1                
# start_time = Nov 28 2021 20:11:54 [NMEA time, header]
# bad_flag = -9.990e-29
*END*
[from data line 464]
    469.000    463.849     1.9353  30.695501     1.9351  30.694914     3.9986     4.0447    -0.0090    97.8068 1.0000e-12  -65.84802  -71.37772 332.853444      99.98 5.2534e+02   1023.557      24566  1029.9356  1029.9352    34.7003    34.6998    7.63876         37 0.0000e+00
    470.000    464.837     1.9362  30.697425     1.9358  30.696460     3.9932     4.0412    -0.0045    97.8068 1.0000e-12  -65.84802  -71.37772 332.853458      99.98 5.2469e+02   1024.801      24596  1029.9408  1029.9402    34.7011    34.7004    7.63854         26 0.0000e+00
    471.000    465.824     1.9347  30.696839     1.9344  30.696031     3.9974     4.0392    -0.0008    97.8068 1.0000e-12  -65.84803  -71.37771 332.853469      99.98 5.2358e+02   1025.729      24618  1029.9459  1029.9453    34.7015    34.7008    7.63881         20 0.0000e+00
    472.000    466.814     1.9341  30.696865     1.9338  30.695976     3.9976     4.0463     0.0027    97.8213 1.0000e-12  -65.84804  -71.37770 332.853480      99.98 5.2381e+02   1026.706      24642  1029.9507  1029.9501    34.7016    34.7008    7.63892         29 0.0000e+00
    473.000    467.800     1.9332  30.696584     1.9327  30.695590     4.0113     4.0481    -0.0085    97.8003 1.0000e-12  -65.84804  -71.37770 332.853498      99.98 5.2442e+02   1028.267      24679  1029.9556  1029.9550    34.7017    34.7010    7.63909         41 0.0000e+00
    474.000    468.788     1.9325  30.696662     1.9322  30.695809     4.0116     4.0487    -0.0048    97.8120 1.0000e-12  -65.84804  -71.37768 332.853514      99.97 5.2356e+02   1029.632      24712  1029.9605  1029.9599    34.7020    34.7013    7.63921         26 0.0000e+00
    475.000    469.776     1.9323  30.697089     1.9320  30.696247     4.0116     4.0481    -0.0053    97.8342 1.0000e-12  -65.84804  -71.37768 332.853525      99.98 5.2358e+02   1030.530      24734  1029.9653  1029.9647    34.7021    34.7014    7.63923         18 0.0000e+00
    476.000    470.765     1.9321  30.697491     1.9318  30.696624     4.0023     4.0486    -0.0017    97.8057 1.0000e-12  -65.84804  -71.37770 332.853533      99.98 5.2358e+02   1031.263      24751  1029.9702  1029.9695    34.7024    34.7016    7.63927         18 0.0000e+00
    477.000    471.753     1.9316  30.697531     1.9314  30.696626     4.0032     4.0489    -0.0029    97.8169 1.0000e-12  -65.84804  -71.37770 332.853544      99.98 5.2358e+02   1032.160      24773  1029.9749  1029.9741    34.7024    34.7015    7.63936         28 0.0000e+00
    478.000    472.741     1.9317  30.698024     1.9314  30.697160     4.0053     4.0473    -0.0060    97.8127 1.0000e-12  -65.84804  -71.37768 332.853574      99.98 5.2358e+02   1034.782      24836  1029.9794  1029.9789    34.7023    34.7016    7.63934         27 0.0000e+00
    479.000    473.727     1.9317  30.698627     1.9315  30.697925     4.0066     4.0501     0.0020    97.8225 1.0000e-12  -65.84806  -71.37768 332.853589      99.98 5.2358e+02   1036.120      24868  1029.9843  1029.9837    34.7026    34.7018    7.63934         22 0.0000e+00
    480.000    474.714     1.9323  30.699910     1.9322  30.699276     4.0102     4.0491     0.0109    97.8189 1.0000e-12  -65.84806  -71.37768 332.853598      99.98 5.2358e+02   1036.877      24886  1029.9891  1029.9886    34.7029    34.7022    7.63919         17 0.0000e+00
    481.000    475.703     1.9322  30.700509     1.9320  30.699676     4.0153     4.0494     0.0133    97.8070 1.0000e-12  -65.84806  -71.37768 332.853606      99.98 5.2358e+02   1037.550      24902  1029.9940  1029.9934    34.7032    34.7024    7.63920         16 0.0000e+00
    482.000    476.694     1.9317  30.700803     1.9314  30.699928     4.0108     4.0508     0.0206    97.8068 1.0000e-12  -65.84806  -71.37768 332.853614      99.97 5.2358e+02   1038.234      24919  1029.9991  1029.9984    34.7036    34.7028    7.63928         17 0.0000e+00
    483.000    477.680     1.9302  30.700172     1.9300  30.699366     4.0165     4.0531     0.0037    97.8068 1.0000e-12  -65.84806  -71.37768 332.853625      99.98 5.2358e+02   1039.168      24941  1030.0040  1030.0035    34.7038    34.7030    7.63954         30 0.0000e+00
    484.000    478.668     1.9301  30.700497     1.9297  30.699532     4.0103     4.0573    -0.0027    97.8068 1.0000e-12  -65.84806  -71.37768 332.853652      99.98 5.2494e+02   1041.496      24997  1030.0087  1030.0081    34.7038    34.7031    7.63957         44 0.0000e+00
    485.000    479.654     1.9293  30.700409     1.9289  30.699511     4.0142     4.0579    -0.0079    97.8068 1.0000e-12  -65.84806  -71.37768 332.853673      99.98 5.2624e+02   1043.360      25042  1030.0137  1030.0131    34.7040    34.7034    7.63972         29 0.0000e+00
    486.000    480.642     1.9275  30.699736     1.9273  30.698947     4.0134     4.0605    -0.0186    97.8068 1.0000e-12  -65.84806  -71.37766 332.853685      99.97 5.2714e+02   1044.377      25066  1030.0190  1030.0183    34.7046    34.7038    7.64004         21 0.0000e+00
    487.000    481.632     1.9269  30.699869     1.9268  30.699118     4.0197     4.0575    -0.0146    97.8068 1.0000e-12  -65.84808  -71.37766 332.853694      99.98 5.2841e+02   1045.178      25085  1030.0238  1030.0232    34.7048    34.7040    7.64013         19 0.0000e+00
    488.000    482.618     1.9261  30.699795     1.9259  30.698978     4.0228     4.0586    -0.0150    97.8068 1.0000e-12  -65.84808  -71.37766 332.853704      99.98 5.2886e+02   1045.983      25105  1030.0287  1030.0281    34.7050    34.7042    7.64027         20 0.0000e+00
    489.000    483.607     1.9255  30.699944     1.9254  30.699110     4.0151     4.0605    -0.0069    97.8099 1.0000e-12  -65.84808  -71.37765 332.853714      99.98 5.2886e+02   1046.909      25127  1030.0337  1030.0329    34.7053    34.7044    7.64037         25 0.0000e+00
    490.000    484.593     1.9256  30.700341     1.9253  30.699527     4.0148     4.0643    -0.0052    97.8100 1.0000e-12  -65.84808  -71.37764 332.853728      99.98 5.3026e+02   1048.077      25155  1030.0382  1030.0376    34.7052    34.7044    7.64036         32 0.0000e+00
    491.000    485.582     1.9257  30.700838     1.9253  30.699990     4.0177     4.0584    -0.0050    97.8217 1.0000e-12  -65.84808  -71.37765 332.853745      99.98 5.3143e+02   1049.599      25191  1030.0428  1030.0423    34.7051    34.7044    7.64035         41 0.0000e+00
    492.000    486.570     1.9255  30.701207     1.9253  30.700375     4.0208     4.0628    -0.0142    97.8155 1.0000e-12  -65.84808  -71.37764 332.853769      99.98 5.3238e+02   1051.653      25241  1030.0476  1030.0469    34.7052    34.7044    7.64038         39 0.0000e+00
    493.000    487.557     1.9256  30.701813     1.9253  30.700961     4.0196     4.0621    -0.0001    97.8258 1.0000e-12  -65.84810  -71.37764 332.853789      99.98 5.3073e+02   1053.363      25282  1030.0523  1030.0518    34.7054    34.7046    7.64036         28 0.0000e+00
    494.000    488.546     1.9254  30.702403     1.9253  30.701588     4.0269     4.0665     0.0048    97.8092 1.0000e-12  -65.84810  -71.37764 332.853800      99.98 5.3025e+02   1054.271      25304  1030.0573  1030.0566    34.7057    34.7048    7.64037         19 0.0000e+00
    495.000    489.532     1.9252  30.702601     1.9250  30.701894     4.0332     4.0713    -0.0063    97.8120 1.0000e-12  -65.84810  -71.37764 332.853807      99.97 5.2886e+02   1054.961      25320  1030.0619  1030.0614    34.7057    34.7050    7.64042         15 0.0000e+00
    496.000    490.520     1.9249  30.702989     1.9248  30.702199     4.0313     4.0718    -0.0043    97.8292 1.0000e-12  -65.84810  -71.37764 332.853815      99.98 5.2886e+02   1055.585      25335  1030.0668  1030.0661    34.7058    34.7050    7.64046         15 0.0000e+00
    497.000    491.509     1.9242  30.702858     1.9240  30.702153     4.0285     4.0715    -0.0009    97.8309 1.0000e-12  -65.84810  -71.37762 332.853822      99.98 5.2886e+02   1056.213      25350  1030.0715  1030.0710    34.7059    34.7053    7.64059         16 0.0000e+00
    498.000    492.498     1.9222  30.702003     1.9220  30.701147     4.0264     4.0698     0.0132    97.8243 1.0000e-12  -65.84810  -71.37762 332.853831      99.97 5.2759e+02   1056.962      25368  1030.0769  1030.0762    34.7065    34.7056    7.64095         21 0.0000e+00
    499.000    493.484     1.9222  30.702397     1.9221  30.701514     4.0275     4.0694    -0.0009    97.8089 1.0000e-12  -65.84810  -71.37762 332.853858      99.98 5.2661e+02   1059.302      25424  1030.0814  1030.0807    34.7064    34.7054    7.64095         35 0.0000e+00
    500.000    494.471     1.9225  30.703005     1.9223  30.702169     4.0244     4.0689    -0.0014    97.8067 1.0000e-12  -65.84810  -71.37762 332.853887      99.98 5.2517e+02   1061.803      25484  1030.0860  1030.0854    34.7063    34.7055    7.64091         28 0.0000e+00
    501.000    495.459     1.9194  30.701085     1.9191  30.700251     4.0237     4.0631     0.0279    97.8110 1.0000e-12  -65.84811  -71.37761 332.853897      99.98 5.2352e+02   1062.741      25507  1030.0913  1030.0907    34.7067    34.7059    7.64147         19 0.0000e+00
    502.000    496.447     1.9176  30.700107     1.9175  30.699323     4.0260     4.0683     0.0032    97.8269 1.0000e-12  -65.84812  -71.37760 332.853906      99.97 5.2358e+02   1063.481      25525  1030.0963  1030.0956    34.7068    34.7060    7.64181         18 0.0000e+00
    503.000    497.437     1.9175  30.700504     1.9173  30.699666     4.0213     4.0687     0.0090    97.8070 1.0000e-12  -65.84812  -71.37760 332.853914      99.98 5.2235e+02   1064.200      25542  1030.1010  1030.1003    34.7070    34.7061    7.64184         17 0.0000e+00
    504.000    498.423     1.9173  30.700647     1.9171  30.699862     4.0206     4.0659     0.0071    97.8254 1.0000e-12  -65.84812  -71.37760 332.853924      99.98 5.2184e+02   1065.038      25562  1030.1055  1030.1050    34.7068    34.7060    7.64188         25 0.0000e+00
    505.000    499.409     1.9175  30.701081     1.9172  30.700195     4.0217     4.0671    -0.0004    97.8080 1.0000e-12  -65.84812  -71.37760 332.853941      99.98 5.2181e+02   1066.465      25596  1030.1100  1030.1094    34.7065    34.7058    7.64185         41 0.0000e+00
    506.000    500.399     1.9171  30.701434     1.9168  30.700513     4.0293     4.0686     0.0021    97.7731 1.0000e-12  -65.84812  -71.37760 332.853958      99.98 5.2181e+02   1067.949      25632  1030.1149  1030.1142    34.7068    34.7060    7.64191         30 0.0000e+00
    507.000    501.385     1.9162  30.701532     1.9161  30.700701     4.0250     4.0688    -0.0149    97.7790 1.0000e-12  -65.84812  -71.37760 332.853971      99.98 5.2085e+02   1069.074      25659  1030.1201  1030.1194    34.7074    34.7065    7.64206         24 0.0000e+00
    508.000    502.375     1.9152  30.701335     1.9151  30.700522     4.0330     4.0728    -0.0214    97.8167 1.0000e-12  -65.84812  -71.37760 332.853981      78.96 5.2005e+02   1070.001      25681  1030.1251  1030.1244    34.7077    34.7068    7.64224         21 0.0000e+00
    509.000    503.361     1.9147  30.701440     1.9146  30.700588     4.0338     4.0712    -0.0210    97.8239 1.0000e-12  -65.84812  -71.37760 332.853992      62.33 5.2005e+02   1070.862      25702  1030.1299  1030.1292    34.7078    34.7069    7.64232         21 0.0000e+00
    510.000    504.349     1.9137  30.700924     1.9135  30.700096     4.0269     4.0706    -0.0055    97.8291 1.0000e-12  -65.84812  -71.37760 332.854004      98.34 5.2158e+02   1071.931      25727  1030.1346  1030.1339    34.7077    34.7069    7.64252         32 0.0000e+00
    511.000    505.337     1.9131  30.700874     1.9128  30.699900     4.0305     4.0733    -0.0004    97.8170 1.0000e-12  -65.84812  -71.37759 332.854025      99.98 5.2400e+02   1073.752      25771  1030.1393  1030.1386    34.7077    34.7069    7.64264         43 0.0000e+00
    512.000    506.324     1.9123  30.700572     1.9119  30.699760     4.0279     4.0725     0.0013    97.8190 1.0000e-12  -65.84812  -71.37758 332.854047      99.98 5.2538e+02   1075.662      25817  1030.1440  1030.1435    34.7076    34.7070    7.64279         36 0.0000e+00
    513.000    507.313     1.9119  30.700877     1.9116  30.700062     4.0381     4.0768    -0.0134    97.8317 1.0000e-12  -65.84813  -71.37758 332.854061      99.98 5.2491e+02   1076.891      25846  1030.1489  1030.1483    34.7080    34.7072    7.64286         25 0.0000e+00
    514.000    508.299     1.9108  30.700900     1.9107  30.700036     4.0452     4.0839    -0.0033    97.8326 1.0000e-12  -65.84814  -71.37759 332.854072      99.98 5.2355e+02   1077.852      25869  1030.1541  1030.1534    34.7085    34.7076    7.64302         21 0.0000e+00
    515.000    509.287     1.9099  30.701064     1.9097  30.700244     4.0453     4.0835    -0.0196    97.8312 1.0000e-12  -65.84814  -71.37760 332.854082      99.98 5.2273e+02   1078.681      25889  1030.1595  1030.1588    34.7092    34.7084    7.64317         19 0.0000e+00
    516.000    510.276     1.9096  30.701407     1.9094  30.700574     4.0416     4.0837    -0.0207    97.8326 1.0000e-12  -65.84814  -71.37760 332.854092      99.98 5.2205e+02   1079.510      25909  1030.1643  1030.1636    34.7094    34.7086    7.64322         21 0.0000e+00
    517.000    511.263     1.9088  30.701327     1.9087  30.700482     4.0445     4.0878    -0.0187    97.8326 1.0000e-12  -65.84814  -71.37760 332.854102      99.98 5.2334e+02   1080.421      25931  1030.1691  1030.1685    34.7096    34.7087    7.64336         24 0.0000e+00
    518.000    512.252     1.9081  30.701085     1.9079  30.700260     4.0485     4.0906    -0.0101    97.8326 1.0000e-12  -65.84814  -71.37758 332.854115      99.98 5.2220e+02   1081.559      25958  1030.1739  1030.1732    34.7096    34.7087    7.64350         31 0.0000e+00
    519.000    513.239     1.9078  30.701324     1.9075  30.700391     4.0415     4.0879    -0.0064    97.8326 1.0000e-12  -65.84815  -71.37757 332.854135      99.98 5.2181e+02   1083.305      26000  1030.1786  1030.1779    34.7096    34.7087    7.64356         47 0.0000e+00
    520.000    514.225     1.9076  30.701655     1.9073  30.700809     4.0456     4.0878    -0.0099    97.8326 1.0000e-12  -65.84816  -71.37756 332.854156      99.98 5.2181e+02   1085.050      26042  1030.1833  1030.1828    34.7096    34.7090    7.64359         35 0.0000e+00
    521.000    515.213     1.9070  30.701761     1.9068  30.701020     4.0418     4.0901    -0.0051    97.8326 1.0000e-12  -65.84816  -71.37756 332.854170      99.98 5.2181e+02   1086.294      26072  1030.1882  1030.1876    34.7099    34.7092    7.64370         26 0.0000e+00
    522.000    516.203     1.9060  30.701654     1.9059  30.700866     4.0444     4.0937    -0.0001    97.8184 1.0000e-12  -65.84816  -71.37756 332.854181      99.98 5.2006e+02   1087.243      26095  1030.1932  1030.1926    34.7102    34.7094    7.64386         21 0.0000e+00
    523.000    517.188     1.9056  30.701659     1.9054  30.700804     4.0546     4.0933    -0.0015    97.7944 1.0000e-12  -65.84816  -71.37758 332.854193      99.97 5.2116e+02   1088.250      26119  1030.1979  1030.1972    34.7102    34.7094    7.64395         27 0.0000e+00
    524.000    518.177     1.9054  30.701882     1.9051  30.701091     4.0535     4.0878    -0.0013    97.8133 1.0000e-12  -65.84816  -71.37758 332.854207      99.98 5.2203e+02   1089.480      26149  1030.2025  1030.2019    34.7101    34.7094    7.64399         32 0.0000e+00
    525.000    519.164     1.9052  30.702248     1.9050  30.701399     4.0416     4.0863    -0.0055    97.8136 1.0000e-12  -65.84816  -71.37757 332.854223      99.98 5.2356e+02   1090.835      26181  1030.2072  1030.2066    34.7102    34.7094    7.64401         34 0.0000e+00
