NBP2113_155081_ctd/data/nbp2113_057.ros
* Sea-Bird SBE 9 Data File:
* FileName = D:\Data\raw\NBP2113_057.hex
* Software Version Seasave V 7.26.7.121
* Temperature SN = 2438
* Conductivity SN = 2067
* Number of Bytes Per Scan = 40
* Number of Voltage Words = 5
* Number of Scans Averaged by the Deck Unit = 1
* NMEA Latitude = 64 55.49 S
* NMEA Longitude = 064 36.97 W
* NMEA UTC (Time) = Dec 12 2021  00:03:38
* NMEA baud rate = 9600
** Ship: RVIB N.B. Palmer
** Cruise: NBP2113 LTER
** Station: 594.048
** Operator: S. Blackman
# nquan = 20
# nvalues = 779                                   
# units = specified
# name 0 = prDM: Pressure, Digiquartz [db]
# name 1 = depSM: Depth [salt water, m]
# name 2 = t090C: Temperature [ITS-90, deg C]
# name 3 = c0mS/cm: Conductivity [mS/cm]
# name 4 = t190C: Temperature, 2 [ITS-90, deg C]
# name 5 = c1mS/cm: Conductivity, 2 [mS/cm]
# name 6 = sbeox0ML/L: Oxygen, SBE 43 [ml/l]
# name 7 = sbeox1ML/L: Oxygen, SBE 43, 2 [ml/l]
# name 8 = flECO-AFL: Fluorescence, WET Labs ECO-AFL/FL [mg/m^3]
# name 9 = CStarTr0: Beam Transmission, WET Labs C-Star [%]
# name 10 = par: PAR/Irradiance, Biospherical/Licor
# name 11 = latitude: Latitude [deg]
# name 12 = longitude: Longitude [deg]
# name 13 = timeJ: Julian Days
# name 14 = altM: Altimeter [m]
# name 15 = spar: SPAR, Biospherical/Licor
# name 16 = timeS: Time, Elapsed [seconds]
# name 17 = scan: Scan Count
# name 18 = nbf: Bottles Fired
# name 19 = flag:  0.000e+00
# interval = seconds: 0.0416667
# start_time = Dec 12 2021 00:03:38 [NMEA time, header]
# bad_flag = -9.990e-29
*END*
[from data line 145]
    308.396    305.146     1.2246  29.943264     1.2319  29.949942     4.3575     4.4029    -0.0150    90.7257 1.0000e-12  -64.92492  -64.61532 346.042478      99.95 2.1155e+01   3452.125      82852          3  0.000e+00
    308.471    305.221     1.2243  29.943737     1.2319  29.950000     4.3582     4.4034    -0.0150    90.7257 1.0000e-12  -64.92492  -64.61532 346.042479      99.98 2.1155e+01   3452.167      82853          3  0.000e+00
    308.623    305.371     1.2258  29.944387     1.2242  29.941688     4.3502     4.4044    -0.0077    90.6999 1.0000e-12  -64.92492  -64.61532 346.042505      99.98 2.1155e+01   3454.458      82908          4  0.000e+00
    308.602    305.351     1.2258  29.944623     1.2243  29.941977     4.3552     4.4043    -0.0077    90.6999 1.0000e-12  -64.92492  -64.61532 346.042506      99.98 2.1155e+01   3454.500      82909          4  0.000e+00
    308.575    305.324     1.2260  29.944919     1.2242  29.942439     4.3557     4.4042    -0.0077    90.7257 1.0000e-12  -64.92492  -64.61532 346.042506      99.98 2.1155e+01   3454.542      82910          4  0.000e+00
    308.623    305.371     1.2257  29.944623     1.2243  29.942266     4.3550     4.4041    -0.0077    90.7257 1.0000e-12  -64.92492  -64.61532 346.042507      99.95 2.1155e+01   3454.583      82911          4  0.000e+00
    308.602    305.351     1.2251  29.944919     1.2245  29.941919     4.3556     4.4040    -0.0077    90.6999 1.0000e-12  -64.92492  -64.61532 346.042507      99.95 2.1155e+01   3454.625      82912          4  0.000e+00
    308.575    305.324     1.2244  29.944387     1.2249  29.941977     4.3562     4.4092    -0.0077    90.6999 1.0000e-12  -64.92492  -64.61532 346.042508      99.98 2.1155e+01   3454.667      82913          4  0.000e+00
    308.706    305.453     1.2244  29.944092     1.2244  29.942266     4.3568     4.4046    -0.0077    90.6999 1.0000e-12  -64.92492  -64.61532 346.042508      99.98 2.1155e+01   3454.708      82914          4  0.000e+00
    308.623    305.371     1.2241  29.943501     1.2242  29.941631     4.3560     4.4045    -0.0077    90.6999 1.0000e-12  -64.92492  -64.61532 346.042509      99.95 2.1155e+01   3454.750      82915          4  0.000e+00
    308.651    305.398     1.2236  29.942969     1.2239  29.941977     4.3566     4.4097    -0.0077    90.6999 1.0000e-12  -64.92492  -64.61532 346.042509      99.93 2.1155e+01   3454.792      82916          4  0.000e+00
    308.623    305.371     1.2236  29.942969     1.2238  29.941688     4.3571     4.4050    -0.0077    90.6742 1.0000e-12  -64.92492  -64.61532 346.042510      99.95 2.1155e+01   3454.833      82917          4  0.000e+00
    308.678    305.426     1.2233  29.942319     1.2241  29.941342     4.3576     4.4049    -0.0077    90.6742 1.0000e-12  -64.92492  -64.61532 346.042510      99.98 2.1155e+01   3454.875      82918          4  0.000e+00
    308.651    305.398     1.2231  29.942378     1.2240  29.941977     4.3568     4.4046    -0.0077    90.6742 1.0000e-12  -64.92492  -64.61532 346.042511      99.98 2.1155e+01   3454.917      82919          4  0.000e+00
    308.623    305.371     1.2230  29.942378     1.2241  29.941631     4.3515     4.4045    -0.0077    90.6742 1.0000e-12  -64.92492  -64.61532 346.042511      99.98 2.1155e+01   3454.958      82920          4  0.000e+00
    308.706    305.453     1.2227  29.942142     1.2249  29.942497     4.3565     4.4096    -0.0077    90.6742 1.0000e-12  -64.92492  -64.61532 346.042512      99.98 2.1155e+01   3455.000      82921          4  0.000e+00
    308.726    305.473     1.2225  29.941551     1.2253  29.942497     4.3557     4.4102    -0.0077    90.6742 1.0000e-12  -64.92492  -64.61532 346.042512      99.98 2.1155e+01   3455.042      82922          4  0.000e+00
    308.706    305.453     1.2225  29.941846     1.2252  29.943016     4.3561     4.4054    -0.0077    90.6742 1.0000e-12  -64.92492  -64.61532 346.042513      99.95 2.1155e+01   3455.083      82923          4  0.000e+00
    308.678    305.426     1.2224  29.941315     1.2251  29.942497     4.3622     4.4052    -0.0077    90.6742 1.0000e-12  -64.92492  -64.61532 346.042513      99.95 2.1155e+01   3455.125      82924          4  0.000e+00
    308.726    305.473     1.2224  29.940724     1.2249  29.942728     4.3582     4.4103    -0.0077    90.6742 1.0000e-12  -64.92492  -64.61532 346.042514      99.98 2.1155e+01   3455.167      82925          4  0.000e+00
    308.706    305.453     1.2224  29.941315     1.2240  29.942266     4.3629     4.4056    -0.0077    90.6742 1.0000e-12  -64.92492  -64.61532 346.042514      99.98 2.1155e+01   3455.208      82926          4  0.000e+00
    308.726    305.473     1.2225  29.941019     1.2233  29.941977     4.3588     4.4054    -0.0077    90.6742 1.0000e-12  -64.92492  -64.61532 346.042514      99.95 2.1155e+01   3455.250      82927          4  0.000e+00
    308.706    305.453     1.2225  29.940724     1.2231  29.941054     4.3648     4.4052    -0.0077    90.6742 1.0000e-12  -64.92492  -64.61532 346.042515      99.93 2.1155e+01   3455.292      82928          4  0.000e+00
    308.726    305.473     1.2225  29.941551     1.2229  29.940881     4.3662     4.4049    -0.0077    90.6484 1.0000e-12  -64.92492  -64.61532 346.042515      99.95 2.1155e+01   3455.333      82929          4  0.000e+00
    308.754    305.501     1.2227  29.941315     1.2226  29.940592     4.3607     4.4047    -0.0077    90.6742 1.0000e-12  -64.92492  -64.61532 346.042516      99.98 2.1155e+01   3455.375      82930          4  0.000e+00
    308.726    305.473     1.2227  29.940960     1.2225  29.940246     4.3621     4.4045    -0.0077    90.6742 1.0000e-12  -64.92492  -64.61532 346.042516      99.98 2.1155e+01   3455.417      82931          4  0.000e+00
    308.830    305.575     1.2228  29.941020     1.2226  29.940015     4.3680     4.4096    -0.0077    90.6742 1.0000e-12  -64.92492  -64.61532 346.042517      99.98 2.1155e+01   3455.458      82932          4  0.000e+00
    308.754    305.501     1.2227  29.941315     1.2225  29.940246     4.3694     4.4047    -0.0077    90.6742 1.0000e-12  -64.92492  -64.61532 346.042517      99.98 2.1155e+01   3455.500      82933          4  0.000e+00
    308.781    305.528     1.2227  29.941315     1.2224  29.940015     4.3694     4.4044    -0.0077    90.6742 1.0000e-12  -64.92492  -64.61532 346.042518      99.98 2.1155e+01   3455.542      82934          4  0.000e+00
    308.754    305.501     1.2225  29.941315     1.2225  29.940015     4.3649     4.4041    -0.0077    90.6742 1.0000e-12  -64.92492  -64.61532 346.042518      99.95 2.1155e+01   3455.583      82935          4  0.000e+00
    308.830    305.575     1.2229  29.941020     1.2221  29.939957     4.3706     4.4039    -0.0077    90.6742 1.0000e-12  -64.92492  -64.61532 346.042519      99.98 2.1155e+01   3455.625      82936          4  0.000e+00
    308.726    305.473     1.2228  29.941019     1.2223  29.940015     4.3704     4.4035    -0.0077    90.6999 1.0000e-12  -64.92492  -64.61532 346.042519      99.98 2.1155e+01   3455.667      82937          4  0.000e+00
    308.857    305.603     1.2225  29.941315     1.2223  29.940246     4.3702     4.4086    -0.0077    90.6999 1.0000e-12  -64.92492  -64.61532 346.042520      99.98 2.1155e+01   3455.708      82938          4  0.000e+00
    308.830    305.575     1.2228  29.941315     1.2223  29.940015     4.3725     4.4091    -0.0077    90.6999 1.0000e-12  -64.92492  -64.61532 346.042520      99.95 2.1155e+01   3455.750      82939          4  0.000e+00
    308.809    305.555     1.2227  29.941315     1.2222  29.939784     4.3734     4.4095    -0.0077    90.6999 1.0000e-12  -64.92492  -64.61532 346.042521      99.93 2.1155e+01   3455.792      82940          4  0.000e+00
    308.830    305.575     1.2228  29.941315     1.2223  29.939957     4.3743     4.4099    -0.0077    90.6999 1.0000e-12  -64.92492  -64.61532 346.042521      99.95 2.1155e+01   3455.833      82941          4  0.000e+00
    308.809    305.555     1.2229  29.941551     1.2220  29.939784     4.3738     4.4103    -0.0077    90.6999 1.0000e-12  -64.92492  -64.61532 346.042522      99.98 2.1155e+01   3455.875      82942          4  0.000e+00
    308.885    305.630     1.2230  29.941020     1.2223  29.939958     4.3690     4.4107    -0.0077    90.6999 1.0000e-12  -64.92492  -64.61532 346.042522      99.98 2.1155e+01   3455.917      82943          4  0.000e+00
    308.830    305.576     1.2230  29.941019     1.2224  29.939784     4.3741     4.4056    -0.0077    90.6999 1.0000e-12  -64.92492  -64.61532 346.042523      99.98 2.1155e+01   3455.958      82944          4  0.000e+00
    308.857    305.603     1.2227  29.941492     1.2223  29.940015     4.3734     4.4105    -0.0077    90.6999 1.0000e-12  -64.92492  -64.61532 346.042523      99.98 2.1155e+01   3456.000      82945          4  0.000e+00
    308.830    305.576     1.2228  29.941551     1.2223  29.939957     4.3727     4.4107    -0.0077    90.6999 1.0000e-12  -64.92492  -64.61532 346.042524      99.98 2.1155e+01   3456.042      82946          4  0.000e+00
    308.912    305.657     1.2229  29.941315     1.2220  29.940015     4.3675     4.4110    -0.0077    90.6999 1.0000e-12  -64.92492  -64.61532 346.042524      99.95 2.1155e+01   3456.083      82947          4  0.000e+00
    308.830    305.576     1.2230  29.941315     1.2223  29.939669     4.3723     4.4121    -0.0077    90.6999 1.0000e-12  -64.92492  -64.61532 346.042525      99.98 2.1155e+01   3456.125      82948          4  0.000e+00
    308.912    305.657     1.2228  29.941315     1.2225  29.940304     4.3728     4.4123    -0.0077    90.6999 1.0000e-12  -64.92492  -64.61532 346.042525      99.98 2.1155e+01   3456.167      82949          4  0.000e+00
    308.830    305.576     1.2230  29.941315     1.2226  29.940015     4.3745     4.4124    -0.0077    90.6999 1.0000e-12  -64.92492  -64.61532 346.042526      99.98 2.1155e+01   3456.208      82950          4  0.000e+00
    308.885    305.630     1.2228  29.941315     1.2224  29.940535     4.3806     4.4134    -0.0077    90.6999 1.0000e-12  -64.92492  -64.61532 346.042526      99.95 2.1155e+01   3456.250      82951          4  0.000e+00
    308.912    305.657     1.2228  29.941552     1.2226  29.940304     4.3765     4.4144    -0.0077    90.6999 1.0000e-12  -64.92492  -64.61532 346.042527      99.93 2.1155e+01   3456.292      82952          4  0.000e+00
    308.885    305.630     1.2225  29.941315     1.2226  29.939958     4.3754     4.4146    -0.0077    90.6999 1.0000e-12  -64.92492  -64.61532 346.042527      99.95 2.1155e+01   3456.333      82953          4  0.000e+00
    308.912    305.657     1.2227  29.941552     1.2226  29.940304     4.3768     4.4147    -0.0077    90.6999 1.0000e-12  -64.92492  -64.61532 346.042527      99.98 2.1155e+01   3456.375      82954          4  0.000e+00
    308.885    305.630     1.2228  29.941315     1.2226  29.940015     4.3826     4.4147    -0.0077    90.6999 1.0000e-12  -64.92492  -64.61532 346.042528      99.98 2.1155e+01   3456.417      82955          4  0.000e+00
    308.857    305.603     1.2228  29.941020     1.2229  29.940535     4.3768     4.4147    -0.0077    90.6999 1.0000e-12  -64.92492  -64.61532 346.042528      99.98 2.1155e+01   3456.458      82956          4  0.000e+00
    201.926    199.849     0.9419  29.602693     0.9479  29.604946     4.7521     4.7811     0.0069    90.4682 1.0000e-12  -64.92492  -64.61568 346.044513      99.98 2.6443e+01   3627.917      87071          5  0.000e+00
    201.926    199.849     0.9426  29.602222     0.9475  29.604026     4.7531     4.7863     0.0069    90.4682 1.0000e-12  -64.92492  -64.61568 346.044513      99.98 2.6443e+01   3627.958      87072          5  0.000e+00
    201.926    199.849     0.9416  29.601869     0.9475  29.604831     4.7473     4.7868     0.0069    90.4682 1.0000e-12  -64.92492  -64.61568 346.044514      99.98 2.6443e+01   3628.000      87073          5  0.000e+00
    201.871    199.795     0.9426  29.601574     0.9478  29.604371     4.7468     4.7863     0.0069    90.4682 1.0000e-12  -64.92492  -64.61568 346.044514      99.98 2.6443e+01   3628.042      87074          5  0.000e+00
    201.926    199.849     0.9411  29.600751     0.9464  29.604026     4.7579     4.7869     0.0069    90.4682 1.0000e-12  -64.92492  -64.61568 346.044515      99.95 2.6443e+01   3628.083      87075          5  0.000e+00
    201.926    199.849     0.9328  29.600222     0.9452  29.603739     4.7551     4.7873     0.0069    90.4682 1.0000e-12  -64.92492  -64.61568 346.044515      99.95 2.6443e+01   3628.125      87076          5  0.000e+00
    201.871    199.795     0.9295  29.597751     0.9431  29.603279     4.7561     4.7877     0.0069    90.4682 1.0000e-12  -64.92492  -64.61568 346.044516      99.98 2.6443e+01   3628.167      87077          5  0.000e+00
    201.974    199.897     0.9333  29.595221     0.9408  29.602647     4.7563     4.7882     0.0069    90.4682 1.0000e-12  -64.92492  -64.61568 346.044516      99.98 2.6443e+01   3628.208      87078          5  0.000e+00
    201.823    199.748     0.9366  29.593338     0.9405  29.601038     4.7564     4.7874     0.0069    90.4682 1.0000e-12  -64.92492  -64.61568 346.044517      99.95 2.6443e+01   3628.250      87079          5  0.000e+00
    201.974    199.897     0.9346  29.591750     0.9426  29.599428     4.7500     4.7873     0.0069    90.4682 1.0000e-12  -64.92492  -64.61568 346.044517      99.93 2.6443e+01   3628.292      87080          5  0.000e+00
    201.871    199.795     0.9323  29.591103     0.9433  29.598566     4.7491     4.7871    -0.0004    90.4682 1.0000e-12  -64.92492  -64.61568 346.044518      99.95 2.6443e+01   3628.333      87081          5  0.000e+00
    201.871    199.795     0.9301  29.589985     0.9372  29.597992     4.7539     4.7876    -0.0004    90.4424 1.0000e-12  -64.92492  -64.61568 346.044518      99.98 2.6443e+01   3628.375      87082          5  0.000e+00
    201.926    199.849     0.9284  29.588044     0.9317  29.596671     4.7542     4.7880    -0.0004    90.4424 1.0000e-12  -64.92492  -64.61568 346.044519      99.98 2.6443e+01   3628.417      87083          5  0.000e+00
    201.926    199.849     0.9193  29.585868     0.9304  29.594429     4.7538     4.7880    -0.0004    90.4424 1.0000e-12  -64.92492  -64.61568 346.044519      99.98 2.6443e+01   3628.458      87084          5  0.000e+00
    201.871    199.795     0.9174  29.582809     0.9311  29.592245     4.7495     4.7876    -0.0004    90.4424 1.0000e-12  -64.92492  -64.61568 346.044520      99.98 2.6443e+01   3628.500      87085          5  0.000e+00
    201.926    199.849     0.9209  29.581692     0.9296  29.590923     4.7533     4.7874    -0.0004    90.4424 1.0000e-12  -64.92492  -64.61568 346.044520      99.98 2.6443e+01   3628.542      87086          5  0.000e+00
    201.926    199.849     0.9222  29.581986     0.9294  29.589487     4.7528     4.7870    -0.0004    90.4682 1.0000e-12  -64.92492  -64.61568 346.044521      99.95 2.6443e+01   3628.583      87087          5  0.000e+00
    201.871    199.795     0.9230  29.583632     0.9287  29.587590     4.7465     4.7918    -0.0004    90.4424 1.0000e-12  -64.92492  -64.61568 346.044521      99.98 2.6443e+01   3628.625      87088          5  0.000e+00
    201.926    199.849     0.9254  29.585279     0.9255  29.586499     4.7444     4.7924    -0.0004    90.4424 1.0000e-12  -64.92492  -64.61568 346.044522      99.98 2.6443e+01   3628.667      87089          5  0.000e+00
    201.919    199.843     0.9271  29.586926     0.9257  29.585120     4.7479     4.7880    -0.0004    90.4424 1.0000e-12  -64.92492  -64.61568 346.044522      99.98 2.6443e+01   3628.708      87090          5  0.000e+00
    201.926    199.849     0.9260  29.587397     0.9267  29.584602     4.7473     4.7871    -0.0004    90.4424 1.0000e-12  -64.92492  -64.61568 346.044523      99.95 2.6443e+01   3628.750      87091          5  0.000e+00
