NBP2113_155081_ctd/data/nbp2113_011.cnv
* Sea-Bird SBE 9 Data File:
* FileName = D:\Data\raw\NBP2113_011.hex
* Software Version Seasave V 7.26.7.121
* Temperature SN = 2438
* Conductivity SN = 2067
* Number of Bytes Per Scan = 40
* Number of Voltage Words = 5
* Number of Scans Averaged by the Deck Unit = 1
* NMEA Latitude = 63 57.92 S
* NMEA Longitude = 066 51.27 W
* NMEA UTC (Time) = Nov 26 2021  05:08:42
* NMEA baud rate = 9600
** Ship: RVIB N.B. Palmer
** Cruise: NBP2113 LTER
** Station: 600.200
** Operator: B. Urmston
# nquan = 25
# nvalues = 6192                        
# units = specified
# name 0 = prDM: Pressure, Digiquartz [db]
# name 1 = depSM: Depth [salt water, m]
# name 2 = t090C: Temperature [ITS-90, deg C]
# name 3 = c0mS/cm: Conductivity [mS/cm]
# name 4 = t190C: Temperature, 2 [ITS-90, deg C]
# name 5 = c1mS/cm: Conductivity, 2 [mS/cm]
# name 6 = sbeox0ML/L: Oxygen, SBE 43 [ml/l]
# name 7 = sbeox1ML/L: Oxygen, SBE 43, 2 [ml/l]
# name 8 = flECO-AFL: Fluorescence, WET Labs ECO-AFL/FL [mg/m^3]
# name 9 = CStarTr0: Beam Transmission, WET Labs C-Star [%]
# name 10 = par: PAR/Irradiance, Biospherical/Licor
# name 11 = latitude: Latitude [deg]
# name 12 = longitude: Longitude [deg]
# name 13 = timeJ: Julian Days
# name 14 = altM: Altimeter [m]
# name 15 = spar: SPAR, Biospherical/Licor
# name 16 = timeS: Time, Elapsed [seconds]
# name 17 = scan: Scan Count
# name 18 = density00: Density [density, kg/m^3]
# name 19 = density11: Density, 2 [density, kg/m^3]
# name 20 = sal00: Salinity, Practical [PSU]
# name 21 = sal11: Salinity, Practical, 2 [PSU]
# name 22 = oxsolML/L: Oxygen Saturation, Garcia & Gordon [ml/l]
# name 23 = nbin: number of scans per bin
# name 24 = flag: flag
# span 0 =      1.000,   3098.000       
# span 1 =      0.994,   3045.486       
# span 2 =    -1.2048,     2.0379       
# span 3 =  27.308759,  30.722632       
# span 4 =    -1.1900,     2.0382       
# span 5 =  27.323530,  30.722628       
# span 6 =     3.9792,     9.8840       
# span 7 =     3.9759,     9.9490       
# span 8 =    -0.0227,     7.5176       
# span 9 =    88.4704,    97.9357       
# span 10 = 1.0000e-12, 1.0000e-12      
# span 11 =  -63.96602,  -63.96546      
# span 12 =  -66.85634,  -66.85472      
# span 13 = 330.217781, 330.313487      
# span 14 =       6.63,     100.85      
# span 15 = 0.0000e+00, 7.2274e+01      
# span 16 =    294.277,   8563.305      
# span 17 =       7064,     205520      
# span 18 =  1027.2359,  1042.0775      
# span 19 =  1027.2298,  1042.0764      
# span 20 =    33.8825,    34.7289      
# span 21 =    33.8790,    34.7276      
# span 22 =    7.62144,    8.32646      
# span 23 =         13,         49      
# span 24 = 0.0000e+00, 0.0000e+00      
# interval = decibars: 1                
# start_time = Nov 26 2021 05:08:42 [NMEA time, header]
# bad_flag = -9.990e-29
*END*
[from data line 3189]
   3003.000   2952.742     0.4560  30.456816     0.4572  30.456955     4.6408     4.6672    -0.0094    97.5884 1.0000e-12  -63.96592  -66.85618 330.266123      98.96 7.0515e+00   4471.021     107305  1041.6557  1041.6548    34.6992    34.6981    7.93251         21 0.0000e+00
   3002.000   2951.767     0.4580  30.458192     0.4587  30.457999     4.6337     4.6648    -0.0158    97.5985 1.0000e-12  -63.96592  -66.85618 330.266133      99.72 7.0515e+00   4471.889     107326  1041.6510  1041.6501    34.6993    34.6982    7.93211         21 0.0000e+00
   3001.000   2950.788     0.4582  30.458035     0.4591  30.458016     4.6345     4.6655    -0.0079    97.6021 1.0000e-12  -63.96592  -66.85618 330.266143      99.98 7.0515e+00   4472.767     107347  1041.6466  1041.6456    34.6993    34.6982    7.93206         21 0.0000e+00
   3000.000   2949.813     0.4585  30.457975     0.4592  30.457792     4.6373     4.6676    -0.0077    97.6031 1.0000e-12  -63.96592  -66.85618 330.266154      99.97 7.0515e+00   4473.673     107369  1041.6422  1041.6412    34.6994    34.6983    7.93200         22 0.0000e+00
   2999.000   2948.836     0.4586  30.457644     0.4592  30.457384     4.6349     4.6661    -0.0084    97.6170 1.0000e-12  -63.96592  -66.85618 330.266164      99.97 7.0515e+00   4474.592     107391  1041.6376  1041.6368    34.6993    34.6983    7.93197         22 0.0000e+00
   2998.000   2947.859     0.4595  30.458138     0.4599  30.457710     4.6332     4.6614    -0.0083    97.6043 1.0000e-12  -63.96592  -66.85618 330.266175      99.98 7.0515e+00   4475.543     107414  1041.6332  1041.6323    34.6995    34.6985    7.93179         24 0.0000e+00
   2997.000   2946.883     0.4609  30.459193     0.4615  30.458896     4.6309     4.6658    -0.0112    97.6240 1.0000e-12  -63.96592  -66.85618 330.266188      99.98 7.0515e+00   4476.641     107440  1041.6286  1041.6278    34.6997    34.6986    7.93148         30 0.0000e+00
   2996.000   2945.906     0.4593  30.457224     0.4597  30.456715     4.6358     4.6633    -0.0106    97.6266 1.0000e-12  -63.96592  -66.85618 330.266205      99.97 7.0515e+00   4478.151     107477  1041.6243  1041.6234    34.6995    34.6984    7.93183         41 0.0000e+00
   2995.000   2944.930     0.4592  30.456912     0.4593  30.456113     4.6346     4.6625    -0.0152    97.6266 1.0000e-12  -63.96592  -66.85618 330.266224      99.98 7.0515e+00   4479.783     107516  1041.6200  1041.6191    34.6996    34.6985    7.93183         31 0.0000e+00
   2994.000   2943.954     0.4609  30.458080     0.4616  30.457809     4.6254     4.6645    -0.0123    97.6266 1.0000e-12  -63.96592  -66.85618 330.266238      99.97 7.0515e+00   4480.990     107545  1041.6154  1041.6144    34.6997    34.6986    7.93148         27 0.0000e+00
   2993.000   2942.977     0.4614  30.458299     0.4623  30.458249     4.6333     4.6618    -0.0080    97.6266 1.0000e-12  -63.96592  -66.85616 330.266252      99.98 7.0515e+00   4482.145     107572  1041.6110  1041.6101    34.6999    34.6989    7.93136         29 0.0000e+00
   2992.000   2942.002     0.4618  30.458203     0.4630  30.458394     4.6299     4.6600    -0.0117    97.6205 1.0000e-12  -63.96592  -66.85618 330.266270      99.97 7.0515e+00   4483.746     107611  1041.6064  1041.6055    34.6998    34.6988    7.93129         39 0.0000e+00
   2991.000   2941.026     0.4602  30.456283     0.4619  30.457057     4.6290     4.6584    -0.0078    97.6481 1.0000e-12  -63.96592  -66.85618 330.266295      99.98 7.0515e+00   4485.874     107662  1041.6021  1041.6012    34.6996    34.6988    7.93163         31 0.0000e+00
   2990.000   2940.047     0.4646  30.460263     0.4655  30.460178     4.6280     4.6594    -0.0015    97.6486 1.0000e-12  -63.96592  -66.85618 330.266307      99.97 7.0515e+00   4486.913     107687  1041.5975  1041.5965    34.7004    34.6993    7.93069         21 0.0000e+00
   2989.000   2939.073     0.4656  30.460753     0.4666  30.460841     4.6308     4.6590    -0.0089    97.6566 1.0000e-12  -63.96592  -66.85618 330.266316      99.97 7.0515e+00   4487.725     107706  1041.5929  1041.5920    34.7004    34.6994    7.93049         18 0.0000e+00
   2988.000   2938.092     0.4658  30.460546     0.4667  30.460506     4.6249     4.6570    -0.0142    97.6618 1.0000e-12  -63.96592  -66.85618 330.266325      99.98 7.0515e+00   4488.500     107725  1041.5884  1041.5875    34.7004    34.6993    7.93044         19 0.0000e+00
   2987.000   2937.119     0.4665  30.460937     0.4676  30.460973     4.6232     4.6555    -0.0077    97.6769 1.0000e-12  -63.96592  -66.85618 330.266335      99.97 7.0515e+00   4489.336     107745  1041.5840  1041.5830    34.7006    34.6995    7.93029         21 0.0000e+00
   2986.000   2936.141     0.4675  30.461485     0.4689  30.461886     4.6266     4.6556    -0.0077    97.6791 1.0000e-12  -63.96592  -66.85618 330.266346      99.97 7.0515e+00   4490.285     107768  1041.5795  1041.5785    34.7006    34.6996    7.93007         25 0.0000e+00
   2985.000   2935.165     0.4685  30.461954     0.4694  30.462013     4.6294     4.6570    -0.0147    97.6781 1.0000e-12  -63.96592  -66.85618 330.266359      99.97 7.0515e+00   4491.389     107794  1041.5749  1041.5740    34.7007    34.6997    7.92988         28 0.0000e+00
   2984.000   2934.189     0.4688  30.461985     0.4690  30.461272     4.6247     4.6537    -0.0094    97.7039 1.0000e-12  -63.96592  -66.85618 330.266373      99.97 7.0515e+00   4492.609     107824  1041.5705  1041.5696    34.7008    34.6997    7.92979         30 0.0000e+00
   2983.000   2933.212     0.4691  30.461875     0.4701  30.462000     4.6298     4.6522    -0.0152    97.7038 1.0000e-12  -63.96592  -66.85618 330.266388      99.97 7.0515e+00   4493.911     107855  1041.5661  1041.5652    34.7008    34.6999    7.92974         29 0.0000e+00
   2982.000   2932.235     0.4690  30.461332     0.4700  30.461471     4.6248     4.6537    -0.0089    97.7038 1.0000e-12  -63.96592  -66.85618 330.266404      99.97 7.0515e+00   4495.263     107887  1041.5616  1041.5607    34.7007    34.6998    7.92976         31 0.0000e+00
   2981.000   2931.259     0.4694  30.461376     0.4697  30.460813     4.6245     4.6545    -0.0047    97.7038 1.0000e-12  -63.96592  -66.85617 330.266418      99.98 7.2476e+00   4496.501     107917  1041.5571  1041.5563    34.7008    34.6998    7.92967         27 0.0000e+00
   2980.000   2930.283     0.4712  30.462811     0.4713  30.461916     4.6207     4.6510    -0.0084    97.7038 1.0000e-12  -63.96592  -66.85617 330.266430      99.97 7.4370e+00   4497.554     107942  1041.5526  1041.5517    34.7012    34.6999    7.92929         23 0.0000e+00
   2979.000   2929.306     0.4723  30.463421     0.4726  30.462722     4.6199     4.6472    -0.0046    97.7038 1.0000e-12  -63.96592  -66.85616 330.266442      99.97 7.6446e+00   4498.547     107966  1041.5480  1041.5471    34.7012    34.7000    7.92906         24 0.0000e+00
   2978.000   2928.327     0.4724  30.463096     0.4730  30.462759     4.6247     4.6553    -0.0083    97.7054 1.0000e-12  -63.96592  -66.85617 330.266456      99.98 7.5483e+00   4499.761     107995  1041.5436  1041.5427    34.7012    34.7001    7.92904         32 0.0000e+00
   2977.000   2927.352     0.4717  30.462124     0.4722  30.461592     4.6270     4.6514    -0.0152    97.7115 1.0000e-12  -63.96592  -66.85618 330.266482      99.98 7.3165e+00   4502.023     108050  1041.5393  1041.5383    34.7012    34.7000    7.92918         40 0.0000e+00
   2976.000   2926.376     0.4719  30.461789     0.4723  30.461396     4.6179     4.6502    -0.0087    97.7167 1.0000e-12  -63.96592  -66.85618 330.266500      99.97 7.4937e+00   4503.617     108088  1041.5347  1041.5339    34.7010    34.7001    7.92916         28 0.0000e+00
   2975.000   2925.399     0.4725  30.461918     0.4731  30.461718     4.6282     4.6487    -0.0139    97.7158 1.0000e-12  -63.96592  -66.85618 330.266513      99.97 8.1183e+00   4504.764     108115  1041.5302  1041.5294    34.7011    34.7001    7.92904         28 0.0000e+00
   2974.000   2924.423     0.4721  30.461349     0.4729  30.461158     4.6231     4.6467    -0.0077    97.7229 1.0000e-12  -63.96592  -66.85618 330.266527      99.98 7.9010e+00   4505.913     108143  1041.5258  1041.5249    34.7012    34.7001    7.92910         27 0.0000e+00
   2973.000   2923.446     0.4721  30.460910     0.4728  30.460707     4.6198     4.6498    -0.0077    97.7297 1.0000e-12  -63.96592  -66.85619 330.266539      99.98 8.1284e+00   4506.976     108168  1041.5213  1041.5205    34.7011    34.7002    7.92910         23 0.0000e+00
   2972.000   2922.469     0.4728  30.460983     0.4732  30.460692     4.6264     4.6503    -0.0077    97.7257 1.0000e-12  -63.96592  -66.85619 330.266549      99.98 8.5578e+00   4507.871     108190  1041.5167  1041.5160    34.7009    34.7001    7.92897         20 0.0000e+00
   2971.000   2921.495     0.4732  30.461040     0.4736  30.460620     4.6349     4.6497    -0.0077    97.7210 1.0000e-12  -63.96592  -66.85619 330.266559      99.98 8.2263e+00   4508.647     108209  1041.5122  1041.5115    34.7011    34.7001    7.92889         18 0.0000e+00
   2970.000   2920.515     0.4732  30.460758     0.4738  30.460432     4.6257     4.6495    -0.0077    97.7266 1.0000e-12  -63.96592  -66.85620 330.266567      99.97 7.7754e+00   4509.378     108226  1041.5079  1041.5070    34.7012    34.7001    7.92888         17 0.0000e+00
   2969.000   2919.540     0.4733  30.460443     0.4739  30.460093     4.6235     4.6497    -0.0077    97.7242 1.0000e-12  -63.96592  -66.85618 330.266575      99.97 7.7937e+00   4510.120     108244  1041.5034  1041.5025    34.7011    34.7001    7.92886         19 0.0000e+00
   2968.000   2918.563     0.4732  30.460034     0.4737  30.459572     4.6318     4.6531    -0.0077    97.7283 1.0000e-12  -63.96592  -66.85618 330.266585      99.98 7.4594e+00   4510.961     108264  1041.4990  1041.4980    34.7012    34.7000    7.92888         22 0.0000e+00
   2967.000   2917.586     0.4730  30.459381     0.4735  30.459027     4.6172     4.6432    -0.0068    97.7175 1.0000e-12  -63.96592  -66.85617 330.266599      99.98 7.6567e+00   4512.130     108292  1041.4945  1041.4937    34.7011    34.7001    7.92893         32 0.0000e+00
   2966.000   2916.611     0.4724  30.458601     0.4731  30.458334     4.6283     4.6464    -0.0081    97.7293 1.0000e-12  -63.96592  -66.85616 330.266629      99.97 7.9743e+00   4514.787     108356  1041.4902  1041.4893    34.7012    34.7001    7.92904         36 0.0000e+00
   2965.000   2915.634     0.4723  30.458145     0.4733  30.458111     4.6255     4.6529    -0.0079    97.7296 1.0000e-12  -63.96592  -66.85616 330.266649      99.97 8.5573e+00   4516.456     108396  1041.4858  1041.4848    34.7012    34.7001    7.92906         29 0.0000e+00
   2964.000   2914.657     0.4728  30.458214     0.4735  30.457930     4.6252     4.6625    -0.0137    97.7296 1.0000e-12  -63.96592  -66.85617 330.266662      99.97 8.8196e+00   4517.585     108423  1041.4813  1041.4803    34.7012    34.7001    7.92896         26 0.0000e+00
   2963.000   2913.680     0.4732  30.458091     0.4738  30.457791     4.6233     4.6505    -0.0094    97.7296 1.0000e-12  -63.96592  -66.85617 330.266674      99.97 8.8144e+00   4518.640     108448  1041.4767  1041.4758    34.7011    34.7001    7.92889         25 0.0000e+00
   2962.000   2912.703     0.4733  30.457901     0.4740  30.457645     4.6321     4.6517    -0.0080    97.7296 1.0000e-12  -63.96592  -66.85618 330.266686      99.97 8.8144e+00   4519.669     108473  1041.4723  1041.4713    34.7013    34.7001    7.92886         25 0.0000e+00
   2961.000   2911.727     0.4736  30.457773     0.4742  30.457430     4.6244     4.6505    -0.0026    97.7296 1.0000e-12  -63.96592  -66.85618 330.266698      99.97 8.7505e+00   4520.747     108499  1041.4678  1041.4669    34.7012    34.7002    7.92880         28 0.0000e+00
   2960.000   2910.750     0.4736  30.457385     0.4741  30.457049     4.6194     4.6481    -0.0125    97.7296 1.0000e-12  -63.96592  -66.85618 330.266714      99.98 8.0741e+00   4522.111     108532  1041.4633  1041.4625    34.7012    34.7002    7.92880         39 0.0000e+00
   2959.000   2909.774     0.4734  30.456888     0.4740  30.456523     4.6258     4.6461    -0.0153    97.7296 1.0000e-12  -63.96592  -66.85618 330.266734      99.97 8.6373e+00   4523.775     108572  1041.4590  1041.4580    34.7013    34.7002    7.92883         35 0.0000e+00
   2958.000   2908.797     0.4735  30.456564     0.4741  30.456169     4.6225     4.6548    -0.0072    97.7296 1.0000e-12  -63.96592  -66.85618 330.266747      99.97 8.8207e+00   4524.976     108600  1041.4544  1041.4534    34.7012    34.7000    7.92881         24 0.0000e+00
   2957.000   2907.820     0.4739  30.456482     0.4743  30.455987     4.6202     4.6456    -0.0060    97.7296 1.0000e-12  -63.96592  -66.85619 330.266758      99.97 8.8144e+00   4525.880     108622  1041.4499  1041.4490    34.7012    34.7001    7.92874         21 0.0000e+00
   2956.000   2906.844     0.4744  30.456559     0.4750  30.456128     4.6222     4.6449    -0.0150    97.7296 1.0000e-12  -63.96592  -66.85620 330.266767      99.98 8.8144e+00   4526.691     108642  1041.4454  1041.4444    34.7012    34.7000    7.92863         18 0.0000e+00
   2955.000   2905.866     0.4744  30.456027     0.4750  30.455869     4.6298     4.6561    -0.0081    97.7296 1.0000e-12  -63.96592  -66.85620 330.266776      99.97 8.8144e+00   4527.456     108660  1041.4408  1041.4400    34.7010    34.7002    7.92865         19 0.0000e+00
   2954.000   2904.890     0.4746  30.455973     0.4753  30.455792     4.6354     4.6554    -0.0077    97.7296 1.0000e-12  -63.96592  -66.85618 330.266785      99.97 8.8144e+00   4528.246     108679  1041.4363  1041.4355    34.7011    34.7002    7.92859         19 0.0000e+00
   2953.000   2903.913     0.4752  30.456053     0.4758  30.455852     4.6323     4.6517    -0.0102    97.7318 1.0000e-12  -63.96592  -66.85618 330.266795      99.97 8.8144e+00   4529.117     108700  1041.4319  1041.4310    34.7011    34.7002    7.92848         23 0.0000e+00
   2952.000   2902.937     0.4748  30.455429     0.4756  30.455283     4.6302     4.6512    -0.0121    97.7313 1.0000e-12  -63.96592  -66.85618 330.266808      99.98 8.8144e+00   4530.223     108726  1041.4275  1041.4266    34.7012    34.7002    7.92854         31 0.0000e+00
   2951.000   2901.959     0.4744  30.454723     0.4752  30.454525     4.6242     4.6461    -0.0126    97.7374 1.0000e-12  -63.96592  -66.85616 330.266826      99.97 8.8144e+00   4531.762     108763  1041.4231  1041.4222    34.7012    34.7001    7.92863         40 0.0000e+00
   2950.000   2900.984     0.4744  30.454348     0.4752  30.454256     4.6199     4.6518    -0.0151    97.7382 1.0000e-12  -63.96592  -66.85616 330.266846      99.98 8.8144e+00   4533.532     108806  1041.4186  1041.4178    34.7012    34.7002    7.92863         39 0.0000e+00
   2949.000   2900.007     0.4739  30.453554     0.4743  30.453025     4.6272     4.6482    -0.0122    97.7388 1.0000e-12  -63.96592  -66.85616 330.266874      99.97 8.8144e+00   4535.942     108864  1041.4142  1041.4134    34.7012    34.7001    7.92873         42 0.0000e+00
   2948.000   2899.031     0.4744  30.453615     0.4747  30.453047     4.6217     4.6470    -0.0089    97.7520 1.0000e-12  -63.96592  -66.85618 330.266894      99.97 8.8144e+00   4537.620     108904  1041.4098  1041.4089    34.7013    34.7002    7.92863         29 0.0000e+00
   2947.000   2898.053     0.4747  30.453504     0.4753  30.453153     4.6281     4.6469    -0.0153    97.7497 1.0000e-12  -63.96592  -66.85619 330.266906      99.97 8.8144e+00   4538.658     108929  1041.4053  1041.4043    34.7012    34.7002    7.92857         23 0.0000e+00
