NBP2113_155081_ctd/data/unbp2113_014.cnv
* Sea-Bird SBE 9 Data File:
* FileName = D:\Data\raw\NBP2113_014.hex
* Software Version Seasave V 7.26.7.121
* Temperature SN = 2438
* Conductivity SN = 2067
* Number of Bytes Per Scan = 40
* Number of Voltage Words = 5
* Number of Scans Averaged by the Deck Unit = 1
* NMEA Latitude = 65 28.72 S
* NMEA Longitude = 066 08.92 W
* NMEA UTC (Time) = Nov 27 2021  11:12:57
* NMEA baud rate = 9600
** Ship: RVIB N.B. Palmer
** Cruise: NBP2113 LTER
** Station: 500.060
** Operator: B. Urmston
# nquan = 25
# nvalues = 305                         
# units = specified
# name 0 = prDM: Pressure, Digiquartz [db]
# name 1 = depSM: Depth [salt water, m]
# name 2 = t090C: Temperature [ITS-90, deg C]
# name 3 = c0mS/cm: Conductivity [mS/cm]
# name 4 = t190C: Temperature, 2 [ITS-90, deg C]
# name 5 = c1mS/cm: Conductivity, 2 [mS/cm]
# name 6 = sbeox0ML/L: Oxygen, SBE 43 [ml/l]
# name 7 = sbeox1ML/L: Oxygen, SBE 43, 2 [ml/l]
# name 8 = flECO-AFL: Fluorescence, WET Labs ECO-AFL/FL [mg/m^3]
# name 9 = CStarTr0: Beam Transmission, WET Labs C-Star [%]
# name 10 = par: PAR/Irradiance, Biospherical/Licor
# name 11 = latitude: Latitude [deg]
# name 12 = longitude: Longitude [deg]
# name 13 = timeJ: Julian Days
# name 14 = altM: Altimeter [m]
# name 15 = spar: SPAR, Biospherical/Licor
# name 16 = timeS: Time, Elapsed [seconds]
# name 17 = scan: Scan Count
# name 18 = density00: Density [density, kg/m^3]
# name 19 = density11: Density, 2 [density, kg/m^3]
# name 20 = sal00: Salinity, Practical [PSU]
# name 21 = sal11: Salinity, Practical, 2 [PSU]
# name 22 = oxsolML/L: Oxygen Saturation, Garcia & Gordon [ml/l]
# name 23 = nbin: number of scans per bin
# name 24 = flag: flag
# span 0 =      1.000,    305.000       
# span 1 =      0.988,    301.776       
# span 2 =    -1.3094,     1.3188       
# span 3 =  27.186826,  30.046896       
# span 4 =    -1.3128,     1.3189       
# span 5 =  27.182700,  30.046049       
# span 6 =     4.3260,     9.7249       
# span 7 =     4.3164,     9.5421       
# span 8 =    -0.0172,     1.7086       
# span 9 =    89.6077,    97.4266       
# span 10 = 1.0000e-12, 1.8249e+02      
# span 11 =  -65.47883,  -65.47876      
# span 12 =  -66.14942,  -66.14898      
# span 13 = 331.478821, 331.489994      
# span 14 =       6.40,      99.98      
# span 15 = 1.8679e+02, 2.4504e+02      
# span 16 =    993.117,   1958.469      
# span 17 =      23836,      47004      
# span 18 =  1027.1715,  1029.1816      
# span 19 =  1027.1675,  1029.1805      
# span 20 =    33.7913,    34.6525      
# span 21 =    33.7874,    34.6513      
# span 22 =    7.76138,    8.35398      
# span 23 =         11,         50      
# span 24 = 0.0000e+00, 0.0000e+00      
# interval = decibars: 1                
# start_time = Nov 27 2021 11:12:57 [NMEA time, header]
# bad_flag = -9.990e-29
*END*
[from data line 58]
    247.000    244.423     1.2249  29.920988     1.2237  29.918849     4.4489     4.4141    -0.0074    97.0086 1.0000e-12  -65.47882  -66.14930 331.481785      62.32 2.0802e+02   1249.233      29983  1028.8964  1028.8954    34.6273    34.6259    7.78133         23 0.0000e+00
    246.000    243.437     1.2191  29.914659     1.2255  29.920620     4.4452     4.4146    -0.0136    96.9828 1.0000e-12  -65.47882  -66.14928 331.481797      63.70 2.0802e+02   1250.277      30008  1028.8914  1028.8912    34.6262    34.6267    7.78255         26 0.0000e+00
    245.000    242.446     1.2262  29.920983     1.2256  29.919898     4.4374     4.4143     0.0023    97.0049 1.0000e-12  -65.47882  -66.14927 331.481816      65.01 2.0802e+02   1251.928      30047  1028.8866  1028.8861    34.6270    34.6263    7.78109         35 0.0000e+00
    244.000    241.457     1.2299  29.925223     1.2302  29.924539     4.4481     4.4215    -0.0064    97.0086 1.0000e-12  -65.47882  -66.14927 331.481858      65.82 2.0624e+02   1255.550      30134  1028.8830  1028.8821    34.6289    34.6278    7.78025         42 0.0000e+00
    243.000    240.470     1.2261  29.920441     1.2278  29.921541     4.4752     4.4414    -0.0049    97.0086 1.0000e-12  -65.47882  -66.14928 331.481878      66.47 2.0626e+02   1257.301      30176  1028.8776  1028.8771    34.6276    34.6271    7.78108         29 0.0000e+00
    242.000    239.478     1.2149  29.907719     1.2176  29.909642     4.5235     4.4681    -0.0023    97.0086 1.0000e-12  -65.47882  -66.14930 331.481890      67.43 2.0626e+02   1258.277      30200  1028.8714  1028.8708    34.6243    34.6238    7.78348         18 0.0000e+00
    241.000    238.489     1.1948  29.885105     1.1971  29.886928     4.5413     4.4798    -0.0149    97.0046 1.0000e-12  -65.47882  -66.14930 331.481897      67.81 2.0599e+02   1258.913      30215  1028.8637  1028.8634    34.6181    34.6179    7.78780         13 0.0000e+00
    240.000    237.500     1.1789  29.867739     1.1771  29.865460     4.5451     4.4856    -0.0107    96.9957 1.0000e-12  -65.47882  -66.14930 331.481903      68.81 2.0508e+02   1259.437      30227  1028.8574  1028.8569    34.6141    34.6132    7.79118         12 0.0000e+00
    239.000    236.513     1.1684  29.856259     1.1687  29.855837     4.5497     4.4895     0.0100    96.9876 1.0000e-12  -65.47882  -66.14932 331.481909      69.92 2.0450e+02   1259.912      30239  1028.8516  1028.8510    34.6115    34.6107    7.79340         11 0.0000e+00
    238.000    235.523     1.1623  29.849130     1.1622  29.848453     4.5418     4.4926     0.0076    96.9850 1.0000e-12  -65.47882  -66.14932 331.481914      71.00 2.0449e+02   1260.383      30250  1028.8460  1028.8454    34.6097    34.6090    7.79472         12 0.0000e+00
    237.000    234.535     1.1571  29.842825     1.1573  29.842310     4.5409     4.4951    -0.0053    97.0055 1.0000e-12  -65.47882  -66.14931 331.481920      71.95 2.0449e+02   1260.875      30262  1028.8404  1028.8396    34.6080    34.6070    7.79585         12 0.0000e+00
    236.000    233.545     1.1509  29.836025     1.1524  29.836728     4.5291     4.4902    -0.0076    97.0067 1.0000e-12  -65.47882  -66.14930 331.481926      73.14 2.0449e+02   1261.417      30275  1028.8351  1028.8344    34.6067    34.6060    7.79715         14 0.0000e+00
    235.000    232.556     1.1530  29.838137     1.1592  29.843879     4.5135     4.4849    -0.0006    97.0123 1.0000e-12  -65.47882  -66.14930 331.481934      74.74 2.0449e+02   1262.122      30292  1028.8308  1028.8306    34.6077    34.6082    7.79668         20 0.0000e+00
    234.000    231.567     1.1613  29.846647     1.1609  29.845283     4.5141     4.4870    -0.0024    97.0170 1.0000e-12  -65.47882  -66.14928 331.481973      75.81 2.0142e+02   1265.464      30372  1028.8267  1028.8258    34.6100    34.6087    7.79490         34 0.0000e+00
    233.000    230.578     1.1631  29.848118     1.1623  29.846465     4.5267     4.4967    -0.0066    97.0083 1.0000e-12  -65.47882  -66.14929 331.482012      76.26 1.9914e+02   1268.794      30452  1028.8219  1028.8210    34.6104    34.6092    7.79451         24 0.0000e+00
    232.000    229.590     1.1604  29.844949     1.1579  29.841349     4.5454     4.5148     0.0017    97.0216 1.0000e-12  -65.47882  -66.14930 331.482021      77.32 1.9921e+02   1269.570      30471  1028.8171  1028.8158    34.6100    34.6081    7.79508         18 0.0000e+00
    231.000    228.599     1.1559  29.839375     1.1550  29.837650     4.5736     4.5313     0.0069    97.0207 1.0000e-12  -65.47882  -66.14930 331.482029      78.34 1.9921e+02   1270.283      30488  1028.8115  1028.8106    34.6085    34.6072    7.79607         17 0.0000e+00
    230.000    227.611     1.1466  29.828598     1.1490  29.830481     4.6019     4.5488    -0.0003    97.0088 1.0000e-12  -65.47882  -66.14932 331.482037      79.00 1.9790e+02   1270.968      30504  1028.8053  1028.8049    34.6054    34.6052    7.79807         16 0.0000e+00
    229.000    226.623     1.1196  29.798997     1.1229  29.801610     4.6113     4.5591     0.0040    97.0171 1.0000e-12  -65.47882  -66.14931 331.482044      79.79 1.9744e+02   1271.623      30520  1028.7972  1028.7967    34.5979    34.5977    7.80386         15 0.0000e+00
    228.000    225.631     1.1001  29.778304     1.0998  29.777132     4.6053     4.5669     0.0075    97.0189 1.0000e-12  -65.47882  -66.14930 331.482052      80.95 1.9744e+02   1272.261      30535  1028.7908  1028.7899    34.5935    34.5924    7.80798         15 0.0000e+00
    227.000    224.644     1.0921  29.768979     1.0885  29.764369     4.5945     4.5682     0.0014    97.0119 1.0000e-12  -65.47882  -66.14930 331.482059      81.96 1.9744e+02   1272.888      30550  1028.7848  1028.7835    34.5910    34.5890    7.80972         15 0.0000e+00
    226.000    223.655     1.0824  29.758448     1.0840  29.759514     4.6072     4.5679     0.0000    97.0252 1.0000e-12  -65.47882  -66.14930 331.482066      83.25 1.9744e+02   1273.541      30566  1028.7790  1028.7785    34.5888    34.5884    7.81177         17 0.0000e+00
    225.000    222.665     1.0971  29.772284     1.0850  29.760280     4.6104     4.5672     0.0069    97.0264 1.0000e-12  -65.47882  -66.14930 331.482076      84.05 1.9744e+02   1274.340      30585  1028.7744  1028.7739    34.5909    34.5889    7.80873         23 0.0000e+00
    224.000    221.676     1.1078  29.784863     1.1062  29.782248     4.5865     4.5531    -0.0049    97.0095 1.0000e-12  -65.47882  -66.14929 331.482101      85.46 1.9593e+02   1276.541      30638  1028.7721  1028.7710    34.5957    34.5942    7.80632         35 0.0000e+00
    223.000    220.688     1.1174  29.794971     1.1195  29.795771     4.6011     4.5642     0.0015    97.0128 1.0000e-12  -65.47882  -66.14928 331.482131      86.13 1.9567e+02   1279.098      30699  1028.7687  1028.7673    34.5988    34.5974    7.80426         27 0.0000e+00
    222.000    219.698     1.1010  29.776272     1.0999  29.774117     4.6112     4.5716     0.0077    97.0154 1.0000e-12  -65.47882  -66.14929 331.482141      87.09 1.9568e+02   1279.960      30720  1028.7613  1028.7601    34.5935    34.5919    7.80782         19 0.0000e+00
    221.000    218.709     1.0820  29.755952     1.0832  29.756516     4.6234     4.5749    -0.0000    97.0184 1.0000e-12  -65.47882  -66.14930 331.482150      87.94 1.9551e+02   1280.789      30740  1028.7548  1028.7541    34.5890    34.5883    7.81185         21 0.0000e+00
    220.000    217.720     1.0794  29.753161     1.0810  29.753593     4.6215     4.5806    -0.0004    97.0272 1.0000e-12  -65.47882  -66.14930 331.482164      89.04 1.9402e+02   1281.934      30767  1028.7500  1028.7490    34.5888    34.5877    7.81237         34 0.0000e+00
    219.000    216.732     1.0785  29.751527     1.0799  29.752334     4.6604     4.6143    -0.0068    97.0205 1.0000e-12  -65.47882  -66.14932 331.482192      90.47 1.9392e+02   1284.373      30826  1028.7447  1028.7442    34.5883    34.5878    7.81258         35 0.0000e+00
    218.000    215.740     1.0705  29.741541     1.0762  29.747361     4.7010     4.6497    -0.0078    97.0259 1.0000e-12  -65.47882  -66.14934 331.482203      90.86 1.9392e+02   1285.364      30850  1028.7380  1028.7384    34.5849    34.5862    7.81436         18 0.0000e+00
    217.000    214.754     1.0378  29.706264     1.0464  29.714062     4.7359     4.6668    -0.0130    97.0438 1.0000e-12  -65.47882  -66.14934 331.482211      91.51 1.9392e+02   1285.991      30865  1028.7295  1028.7292    34.5763    34.5768    7.82136         14 0.0000e+00
    216.000    213.766     1.0090  29.675591     1.0060  29.671848     4.7555     4.6756    -0.0150    97.0493 1.0000e-12  -65.47882  -66.14934 331.482216      92.06 1.9392e+02   1286.513      30877  1028.7220  1028.7212    34.5694    34.5679    7.82751         12 0.0000e+00
    215.000    212.776     1.0048  29.671016     1.0040  29.669414     4.7723     4.6792    -0.0059    97.0494 1.0000e-12  -65.47882  -66.14934 331.482223      93.02 1.9392e+02   1287.021      30890  1028.7170  1028.7162    34.5688    34.5676    7.82839         12 0.0000e+00
    214.000    211.782     0.9993  29.664190     1.0025  29.666974     4.7706     4.6807    -0.0004    97.0522 1.0000e-12  -65.47882  -66.14934 331.482228      93.80 1.9392e+02   1287.542      30902  1028.7111  1028.7107    34.5667    34.5667    7.82961         13 0.0000e+00
    213.000    210.797     0.9835  29.646366     0.9860  29.648230     4.7535     4.6698    -0.0004    97.0481 1.0000e-12  -65.47882  -66.14932 331.482235      95.51 1.9392e+02   1288.119      30916  1028.7037  1028.7033    34.5618    34.5614    7.83304         15 0.0000e+00
    212.000    209.806     0.9626  29.625208     0.9758  29.638654     4.7169     4.6640    -0.0004    97.0359 1.0000e-12  -65.47882  -66.14931 331.482244      96.43 1.9392e+02   1288.851      30933  1028.6980  1028.6989    34.5583    34.5610    7.83743         21 0.0000e+00
    211.000    208.817     0.9974  29.660854     0.9961  29.658789     4.7042     4.6676     0.0047    97.0507 1.0000e-12  -65.47883  -66.14931 331.482277      97.54 1.9454e+02   1291.697      31002  1028.6958  1028.6948    34.5662    34.5650    7.83001         32 0.0000e+00
    210.000    207.830     0.9967  29.660195     0.9811  29.642702     4.7431     4.7028     0.0067    97.0577 1.0000e-12  -65.47883  -66.14934 331.482324      98.40 1.9573e+02   1295.790      31100  1028.6910  1028.6881    34.5668    34.5615    7.83013         19 0.0000e+00
    209.000    206.840     1.0003  29.664077     0.9978  29.660270     4.7796     4.7239    -0.0079    97.0460 1.0000e-12  -65.47882  -66.14934 331.482330      99.35 1.9568e+02   1296.301      31112  1028.6871  1028.6855    34.5683    34.5663    7.82931         13 0.0000e+00
    208.000    205.851     0.9941  29.656209     0.9893  29.650133     4.7940     4.7308    -0.0040    97.0538 1.0000e-12  -65.47882  -66.14935 331.482336      99.96 1.9568e+02   1296.824      31125  1028.6809  1028.6791    34.5657    34.5631    7.83071         12 0.0000e+00
    207.000    204.860     0.9803  29.640701     0.9808  29.640629     4.7968     4.7407    -0.0004    97.0515 1.0000e-12  -65.47882  -66.14936 331.482341      99.95 1.9568e+02   1297.310      31136  1028.6742  1028.6734    34.5616    34.5610    7.83370         12 0.0000e+00
    206.000    203.873     0.9571  29.615005     0.9574  29.614462     4.8060     4.7475     0.0009    97.0414 1.0000e-12  -65.47882  -66.14935 331.482347      99.97 1.9568e+02   1297.787      31148  1028.6662  1028.6651    34.5547    34.5537    7.83872         11 0.0000e+00
    205.000    202.883     0.9302  29.586354     0.9281  29.583533     4.8124     4.7489     0.0067    97.0345 1.0000e-12  -65.47882  -66.14934 331.482353      99.98 1.9568e+02   1298.278      31160  1028.6587  1028.6576    34.5482    34.5469    7.84448         13 0.0000e+00
    204.000    201.894     0.9187  29.574283     0.9128  29.567012     4.8097     4.7438     0.0089    97.0575 1.0000e-12  -65.47882  -66.14934 331.482359      99.98 1.9568e+02   1298.836      31173  1028.6531  1028.6513    34.5460    34.5432    7.84692         14 0.0000e+00
    203.000    200.903     0.9370  29.594199     0.9311  29.585822     4.7823     4.7276     0.0141    97.0588 1.0000e-12  -65.47882  -66.14933 331.482367      99.98 1.9568e+02   1299.552      31190  1028.6512  1028.6482    34.5520    34.5477    7.84291         21 0.0000e+00
    202.000    199.916     0.9355  29.591504     0.9352  29.590105     4.7329     4.7175     0.0039    97.0465 1.0000e-12  -65.47882  -66.14932 331.482385      99.98 1.9634e+02   1301.052      31226  1028.6454  1028.6441    34.5507    34.5493    7.84328         34 0.0000e+00
    201.000    198.927     0.9513  29.608421     0.9340  29.588298     4.7772     4.7475     0.0106    97.0600 1.0000e-12  -65.47883  -66.14933 331.482437      99.98 1.9743e+02   1305.540      31334  1028.6429  1028.6387    34.5557    34.5489    7.83985         32 0.0000e+00
    200.000    197.937     0.9417  29.596474     0.9377  29.592006     4.8111     4.7564     0.0098    97.0601 1.0000e-12  -65.47882  -66.14934 331.482452      99.98 1.9863e+02   1306.830      31365  1028.6354  1028.6345    34.5514    34.5501    7.84200         23 0.0000e+00
    199.000    196.949     0.9325  29.587327     0.9267  29.580501     4.9147     4.8228     0.0042    97.0601 1.0000e-12  -65.47882  -66.14935 331.482461      99.98 1.9921e+02   1307.668      31385  1028.6307  1028.6290    34.5504    34.5480    7.84390         19 0.0000e+00
    198.000    195.958     0.9218  29.573780     0.9203  29.571966     4.9813     4.8573    -0.0004    97.0710 1.0000e-12  -65.47882  -66.14936 331.482470      99.98 1.9921e+02   1308.410      31403  1028.6229  1028.6222    34.5455    34.5447    7.84633         17 0.0000e+00
    197.000    194.970     0.8729  29.521382     0.8835  29.531401     4.9931     4.8653    -0.0067    97.0869 1.0000e-12  -65.47882  -66.14936 331.482478      99.98 1.9921e+02   1309.107      31420  1028.6125  1028.6122    34.5326    34.5338    7.85688         17 0.0000e+00
    196.000    193.979     0.8133  29.456150     0.8125  29.455686     4.9788     4.8659    -0.0029    97.1070 1.0000e-12  -65.47882  -66.14936 331.482487      99.98 1.9988e+02   1309.842      31437  1028.5990  1028.5992    34.5150    34.5153    7.86988         18 0.0000e+00
    195.000    192.990     0.7741  29.417150     0.7878  29.431521     4.9538     4.8640     0.0067    97.1569 1.0000e-12  -65.47882  -66.14936 331.482497      99.98 2.0095e+02   1310.732      31459  1028.5927  1028.5939    34.5086    34.5120    7.87817         25 0.0000e+00
    194.000    192.002     0.8262  29.468573     0.8291  29.474334     4.9295     4.8584     0.0071    97.1997 1.0000e-12  -65.47882  -66.14936 331.482512      99.97 2.0118e+02   1312.062      31490  1028.5895  1028.5927    34.5179    34.5221    7.86711         40 0.0000e+00
    193.000    191.012     0.8278  29.473365     0.8444  29.490317     4.8491     4.8177     0.0125    97.1531 1.0000e-12  -65.47882  -66.14936 331.482537      99.97 2.0289e+02   1314.186      31541  1028.5883  1028.5895    34.5230    34.5265    7.86652         50 0.0000e+00
    192.000    190.022     0.8735  29.522366     0.8573  29.505344     4.8664     4.8443     0.0071    97.1677 1.0000e-12  -65.47882  -66.14936 331.482570      99.98 2.0443e+02   1317.065      31611  1028.5894  1028.5879    34.5361    34.5321    7.85656         39 0.0000e+00
    191.000    189.034     0.8642  29.509485     0.8511  29.496615     5.0201     4.9261     0.0069    97.1350 1.0000e-12  -65.47882  -66.14937 331.482592      99.97 2.0588e+02   1318.948      31656  1028.5810  1028.5806    34.5304    34.5283    7.85876         33 0.0000e+00
