NBP2113_155081_ctd/data/unbp2113_049.cnv
* Sea-Bird SBE 9 Data File:
* FileName = D:\Data\raw\NBP2113_049.hex
* Software Version Seasave V 7.26.7.121
* Temperature SN = 2438
* Conductivity SN = 2067
* Number of Bytes Per Scan = 40
* Number of Voltage Words = 5
* Number of Scans Averaged by the Deck Unit = 1
* NMEA Latitude = 64 50.72 S
* NMEA Longitude = 064 06.15 W
* NMEA UTC (Time) = Dec 11 2021  08:50:11
* NMEA baud rate = 9600
** Ship: RVIB N.B. Palmer
** Cruise: NBP2113 LTER
** Station: 617.036
** Operator: B. Urmston
# nquan = 25
# nvalues = 632                         
# units = specified
# name 0 = prDM: Pressure, Digiquartz [db]
# name 1 = depSM: Depth [salt water, m]
# name 2 = t090C: Temperature [ITS-90, deg C]
# name 3 = c0mS/cm: Conductivity [mS/cm]
# name 4 = t190C: Temperature, 2 [ITS-90, deg C]
# name 5 = c1mS/cm: Conductivity, 2 [mS/cm]
# name 6 = sbeox0ML/L: Oxygen, SBE 43 [ml/l]
# name 7 = sbeox1ML/L: Oxygen, SBE 43, 2 [ml/l]
# name 8 = flECO-AFL: Fluorescence, WET Labs ECO-AFL/FL [mg/m^3]
# name 9 = CStarTr0: Beam Transmission, WET Labs C-Star [%]
# name 10 = par: PAR/Irradiance, Biospherical/Licor
# name 11 = latitude: Latitude [deg]
# name 12 = longitude: Longitude [deg]
# name 13 = timeJ: Julian Days
# name 14 = altM: Altimeter [m]
# name 15 = spar: SPAR, Biospherical/Licor
# name 16 = timeS: Time, Elapsed [seconds]
# name 17 = scan: Scan Count
# name 18 = density00: Density [density, kg/m^3]
# name 19 = density11: Density, 2 [density, kg/m^3]
# name 20 = sal00: Salinity, Practical [PSU]
# name 21 = sal11: Salinity, Practical, 2 [PSU]
# name 22 = oxsolML/L: Oxygen Saturation, Garcia & Gordon [ml/l]
# name 23 = nbin: number of scans per bin
# name 24 = flag: flag
# span 0 =      1.000,    632.000       
# span 1 =      0.991,    624.857       
# span 2 =    -0.1410,     1.4096       
# span 3 =  28.151152,  30.278245       
# span 4 =    -0.1418,     1.4090       
# span 5 =  28.148785,  30.276778       
# span 6 =     4.1453,     9.7507       
# span 7 =     4.2128,     9.5724       
# span 8 =    -0.0227,     1.4289       
# span 9 =    86.8458,    91.3455       
# span 10 = 1.0000e-12, 1.1447e+02      
# span 11 =  -64.84542,  -64.84484      
# span 12 =  -64.10244,  -64.10142      
# span 13 = 345.382404, 345.396484      
# span 14 =       9.12,      99.97      
# span 15 = 6.8752e+01, 8.6202e+01      
# span 16 =   1228.673,   2445.228      
# span 17 =      29489,      58686      
# span 18 =  1027.2166,  1030.7131      
# span 19 =  1027.2154,  1030.7119      
# span 20 =    33.8886,    34.6656      
# span 21 =    33.8868,    34.6640      
# span 22 =    7.74279,    8.09802      
# span 23 =         14,         49      
# span 24 = 0.0000e+00, 0.0000e+00      
# interval = decibars: 1                
# start_time = Dec 11 2021 08:50:11 [NMEA time, header]
# bad_flag = -9.990e-29
*END*
[from data line 290]
    342.000    338.370     1.2511  29.987867     1.2506  29.986358     4.3607     4.4110    -0.0131    91.3179 1.0000e-12  -64.84486  -64.10144 345.388115      99.97 7.5804e+01   1722.126      41332  1029.3423  1029.3412    34.6288    34.6273    7.77606         15 0.0000e+00
    341.000    337.384     1.2463  29.982597     1.2452  29.980541     4.3590     4.4166    -0.0137    91.3179 1.0000e-12  -64.84486  -64.10143 345.388123      99.97 7.5804e+01   1722.785      41348  1029.3373  1029.3364    34.6278    34.6265    7.77705         17 0.0000e+00
    340.000    336.393     1.2421  29.977588     1.2417  29.976116     4.3603     4.4151    -0.0075    91.3179 1.0000e-12  -64.84486  -64.10142 345.388131      99.97 7.5804e+01   1723.499      41365  1029.3321  1029.3310    34.6267    34.6253    7.77795         18 0.0000e+00
    339.000    335.405     1.2402  29.974724     1.2411  29.974553     4.3539     4.4074    -0.0077    91.3179 1.0000e-12  -64.84486  -64.10144 345.388141      99.97 7.5804e+01   1724.393      41386  1029.3267  1029.3257    34.6257    34.6245    7.77838         25 0.0000e+00
    338.000    334.417     1.2458  29.980245     1.2444  29.977939     4.3517     4.4044    -0.0019    91.3258 1.0000e-12  -64.84486  -64.10142 345.388156      99.97 7.5804e+01   1725.647      41417  1029.3226  1029.3216    34.6272    34.6258    7.77719         33 0.0000e+00
    337.000    333.428     1.2435  29.977608     1.2426  29.975537     4.3459     4.4083    -0.0041    91.3007 1.0000e-12  -64.84486  -64.10142 345.388178      99.97 7.5804e+01   1727.579      41463  1029.3179  1029.3167    34.6269    34.6253    7.77766         49 0.0000e+00
    336.000    332.440     1.2453  29.978995     1.2439  29.976511     4.3631     4.4192    -0.0074    91.3164 1.0000e-12  -64.84486  -64.10142 345.388201      99.97 7.5804e+01   1729.558      41510  1029.3132  1029.3121    34.6272    34.6256    7.77728         35 0.0000e+00
    335.000    331.452     1.2408  29.974203     1.2418  29.974039     4.3666     4.4266    -0.0077    91.3180 1.0000e-12  -64.84486  -64.10143 345.388215      99.97 7.5804e+01   1730.786      41540  1029.3085  1029.3074    34.6267    34.6254    7.77821         25 0.0000e+00
    334.000    330.462     1.2324  29.964933     1.2334  29.964898     4.3647     4.4269    -0.0103    91.3179 1.0000e-12  -64.84486  -64.10144 345.388226      99.97 7.5804e+01   1731.691      41562  1029.3031  1029.3021    34.6247    34.6236    7.77998         20 0.0000e+00
    333.000    329.475     1.2303  29.961752     1.2304  29.960939     4.3601     4.4220    -0.0149    91.3179 1.0000e-12  -64.84486  -64.10144 345.388235      99.97 7.5804e+01   1732.507      41581  1029.2977  1029.2967    34.6236    34.6224    7.78046         20 0.0000e+00
    332.000    328.485     1.2308  29.961875     1.2304  29.960419     4.3620     4.4193    -0.0150    91.3179 1.0000e-12  -64.84486  -64.10142 345.388245      99.97 7.5649e+01   1733.368      41602  1029.2930  1029.2919    34.6238    34.6223    7.78036         22 0.0000e+00
    331.000    327.496     1.2314  29.962055     1.2319  29.961395     4.3712     4.4216    -0.0150    91.3179 1.0000e-12  -64.84486  -64.10142 345.388257      99.97 7.4797e+01   1734.427      41627  1029.2883  1029.2871    34.6239    34.6224    7.78023         29 0.0000e+00
    330.000    326.508     1.2325  29.962938     1.2330  29.962371     4.3684     4.4248    -0.0118    91.3058 1.0000e-12  -64.84486  -64.10142 345.388273      99.97 7.4169e+01   1735.758      41659  1029.2838  1029.2828    34.6244    34.6231    7.77999         31 0.0000e+00
    329.000    325.520     1.2301  29.959940     1.2300  29.958710     4.3645     4.4209    -0.0028    91.3322 1.0000e-12  -64.84486  -64.10142 345.388288      99.97 7.4096e+01   1737.099      41691  1029.2789  1029.2778    34.6238    34.6224    7.78049         33 0.0000e+00
    328.000    324.531     1.2311  29.960407     1.2305  29.958983     4.3681     4.4266    -0.0110    91.3172 1.0000e-12  -64.84486  -64.10142 345.388309      99.97 7.4038e+01   1738.937      41735  1029.2740  1029.2731    34.6238    34.6227    7.78028         37 0.0000e+00
    327.000    323.542     1.2315  29.960324     1.2308  29.958631     4.3701     4.4268    -0.0076    91.3186 1.0000e-12  -64.84486  -64.10142 345.388336      99.97 7.4269e+01   1741.204      41790  1029.2693  1029.2682    34.6239    34.6225    7.78021         39 0.0000e+00
    326.000    322.554     1.2306  29.959115     1.2306  29.958011     4.3717     4.4244    -0.0094    91.3239 1.0000e-12  -64.84486  -64.10142 345.388351      99.97 7.5817e+01   1742.491      41821  1029.2647  1029.2636    34.6239    34.6225    7.78038         26 0.0000e+00
    325.000    321.565     1.2309  29.959054     1.2307  29.957831     4.3634     4.4199    -0.0135    91.3169 1.0000e-12  -64.84486  -64.10143 345.388363      99.97 7.5804e+01   1743.539      41846  1029.2600  1029.2590    34.6240    34.6227    7.78031         25 0.0000e+00
    324.000    320.576     1.2311  29.958791     1.2306  29.957271     4.3654     4.4194    -0.0079    91.3397 1.0000e-12  -64.84486  -64.10143 345.388376      99.97 7.5804e+01   1744.658      41873  1029.2554  1029.2543    34.6242    34.6227    7.78028         30 0.0000e+00
    323.000    319.588     1.2312  29.958266     1.2307  29.956802     4.3725     4.4212    -0.0116    91.3274 1.0000e-12  -64.84486  -64.10143 345.388393      99.97 7.5804e+01   1746.152      41909  1029.2505  1029.2495    34.6239    34.6226    7.78027         42 0.0000e+00
    322.000    318.599     1.2307  29.957391     1.2300  29.955661     4.3669     4.4268    -0.0078    91.2968 1.0000e-12  -64.84486  -64.10142 345.388414      99.97 7.5804e+01   1747.995      41953  1029.2458  1029.2448    34.6239    34.6225    7.78036         37 0.0000e+00
    321.000    317.610     1.2272  29.953321     1.2288  29.953979     4.3702     4.4257    -0.0108    91.3131 1.0000e-12  -64.84486  -64.10142 345.388435      99.97 7.5804e+01   1749.778      41996  1029.2409  1029.2400    34.6232    34.6222    7.78110         32 0.0000e+00
    320.000    316.621     1.2301  29.955899     1.2302  29.954946     4.3691     4.4256    -0.0110    91.3161 1.0000e-12  -64.84486  -64.10142 345.388480      99.97 7.5804e+01   1753.714      42090  1029.2364  1029.2354    34.6238    34.6225    7.78049         33 0.0000e+00
    319.000    315.634     1.2291  29.954468     1.2285  29.952763     4.3771     4.4338    -0.0046    91.3370 1.0000e-12  -64.84486  -64.10142 345.388504      99.97 7.5804e+01   1755.780      42140  1029.2317  1029.2305    34.6237    34.6222    7.78069         32 0.0000e+00
    318.000    314.643     1.2267  29.951681     1.2264  29.950313     4.3731     4.4320    -0.0038    91.3218 1.0000e-12  -64.84486  -64.10142 345.388518      99.97 7.5804e+01   1756.963      42168  1029.2269  1029.2258    34.6233    34.6219    7.78118         28 0.0000e+00
    317.000    313.656     1.2252  29.949014     1.2247  29.947943     4.3790     4.4362    -0.0075    91.3412 1.0000e-12  -64.84486  -64.10142 345.388533      99.97 7.5804e+01   1758.226      42198  1029.2215  1029.2208    34.6222    34.6213    7.78155         35 0.0000e+00
    316.000    312.667     1.2262  29.950053     1.2257  29.948555     4.3756     4.4329    -0.0098    91.3213 1.0000e-12  -64.84486  -64.10142 345.388557      99.97 7.5804e+01   1760.292      42248  1029.2172  1029.2162    34.6229    34.6216    7.78130         40 0.0000e+00
    315.000    311.681     1.2257  29.949088     1.2258  29.947956     4.3696     4.4325    -0.0046    91.3222 1.0000e-12  -64.84486  -64.10142 345.388585      99.97 7.5804e+01   1762.758      42307  1029.2125  1029.2113    34.6228    34.6214    7.78141         36 0.0000e+00
    314.000    310.685     1.2256  29.948528     1.2252  29.946949     4.3766     4.4342    -0.0040    91.3216 1.0000e-12  -64.84485  -64.10143 345.388621      99.97 7.5804e+01   1765.882      42382  1029.2078  1029.2066    34.6229    34.6213    7.78144         35 0.0000e+00
    313.000    309.701     1.2237  29.946089     1.2235  29.944853     4.3803     4.4387    -0.0123    91.3273 1.0000e-12  -64.84486  -64.10144 345.388644      99.97 7.5804e+01   1767.845      42429  1029.2030  1029.2018    34.6224    34.6210    7.78184         36 0.0000e+00
    312.000    308.711     1.2237  29.945581     1.2231  29.944016     4.3689     4.4312    -0.0119    91.3233 1.0000e-12  -64.84486  -64.10142 345.388663      99.97 7.5804e+01   1769.490      42469  1029.1982  1029.1971    34.6224    34.6210    7.78184         43 0.0000e+00
    311.000    307.723     1.2236  29.945110     1.2232  29.943618     4.3807     4.4353     0.0038    91.3293 1.0000e-12  -64.84486  -64.10143 345.388706      99.97 7.7387e+01   1773.179      42557  1029.1935  1029.1923    34.6224    34.6209    7.78186         33 0.0000e+00
    310.000    306.734     1.2238  29.944885     1.2233  29.943412     4.3777     4.4391    -0.0064    91.3072 1.0000e-12  -64.84486  -64.10143 345.388726      99.97 7.7570e+01   1774.894      42598  1029.1888  1029.1877    34.6225    34.6211    7.78181         28 0.0000e+00
    309.000    305.744     1.2235  29.944260     1.2228  29.942532     4.3684     4.4395    -0.0077    91.3228 1.0000e-12  -64.84486  -64.10142 345.388739      99.97 7.7567e+01   1776.045      42626  1029.1842  1029.1831    34.6226    34.6211    7.78186         29 0.0000e+00
    308.000    304.759     1.2230  29.943072     1.2223  29.941345     4.3746     4.4371    -0.0117    91.3369 1.0000e-12  -64.84485  -64.10142 345.388769      99.97 7.7567e+01   1778.675      42689  1029.1793  1029.1782    34.6222    34.6208    7.78198         36 0.0000e+00
    307.000    303.768     1.2231  29.942820     1.2227  29.941271     4.3758     4.4387    -0.0118    91.3182 1.0000e-12  -64.84486  -64.10142 345.388812      99.97 7.7567e+01   1782.339      42777  1029.1747  1029.1735    34.6224    34.6208    7.78196         36 0.0000e+00
    306.000    302.780     1.2216  29.940783     1.2214  29.939580     4.3819     4.4432    -0.0090    91.3244 1.0000e-12  -64.84486  -64.10142 345.388828      99.97 7.7567e+01   1783.757      42811  1029.1699  1029.1687    34.6220    34.6206    7.78228         35 0.0000e+00
    305.000    301.792     1.2197  29.938341     1.2197  29.937384     4.3879     4.4419    -0.0116    91.3409 1.0000e-12  -64.84486  -64.10142 345.388851      99.97 7.7567e+01   1785.688      42858  1029.1650  1029.1640    34.6216    34.6203    7.78268         34 0.0000e+00
    304.000    300.803     1.2164  29.934479     1.2200  29.937184     4.3873     4.4430    -0.0049    91.3242 1.0000e-12  -64.84484  -64.10143 345.388892      99.97 7.7567e+01   1789.266      42943  1029.1600  1029.1592    34.6208    34.6203    7.78337         33 0.0000e+00
    303.000    299.814     1.2133  29.930921     1.2129  29.929366     4.3786     4.4458    -0.0086    91.3334 1.0000e-12  -64.84485  -64.10142 345.388970      99.97 7.7034e+01   1796.042      43106  1029.1550  1029.1538    34.6203    34.6188    7.78401         40 0.0000e+00
    302.000    298.825     1.2114  29.928232     1.2109  29.926552     4.4050     4.4625    -0.0138    91.3455 1.0000e-12  -64.84484  -64.10142 345.389138      99.97 7.5873e+01   1810.535      43454  1029.1497  1029.1484    34.6195    34.6179    7.78443         31 0.0000e+00
    301.000    297.836     1.2067  29.923776     1.2070  29.922931     4.4359     4.4893    -0.0096    91.3427 1.0000e-12  -64.84486  -64.10142 345.389169      99.97 7.5804e+01   1813.163      43517  1029.1456  1029.1444    34.6196    34.6182    7.78537         28 0.0000e+00
    300.000    296.846     1.1878  29.902679     1.1881  29.902278     4.4710     4.5096    -0.0025    91.3363 1.0000e-12  -64.84486  -64.10142 345.389180      99.97 7.5804e+01   1814.127      43540  1029.1383  1029.1377    34.6140    34.6132    7.78941         21 0.0000e+00
    299.000    295.859     1.1810  29.896040     1.1755  29.889141     4.4984     4.5239    -0.0033    91.3194 1.0000e-12  -64.84486  -64.10142 345.389189      99.97 7.5804e+01   1814.971      43560  1029.1339  1029.1323    34.6136    34.6109    7.79078         20 0.0000e+00
    298.000    294.869     1.1519  29.864290     1.1551  29.866881     4.5067     4.5306    -0.0076    91.3347 1.0000e-12  -64.84486  -64.10142 345.389199      99.97 7.5804e+01   1815.812      43580  1029.1258  1029.1254    34.6057    34.6055    7.79700         21 0.0000e+00
    297.000    293.881     1.1427  29.853297     1.1412  29.851221     4.5121     4.5397    -0.0077    91.3274 1.0000e-12  -64.84485  -64.10142 345.389210      99.97 7.5804e+01   1816.721      43602  1029.1193  1029.1185    34.6024    34.6014    7.79901         22 0.0000e+00
    296.000    292.891     1.1370  29.847433     1.1383  29.846946     4.5083     4.5418    -0.0148    91.3188 1.0000e-12  -64.84484  -64.10142 345.389222      99.97 7.5804e+01   1817.745      43627  1029.1143  1029.1126    34.6018    34.5997    7.80019         26 0.0000e+00
    295.000    291.903     1.1328  29.841692     1.1337  29.841832     4.5110     4.5505    -0.0079    91.3189 1.0000e-12  -64.84484  -64.10142 345.389234      99.97 7.5804e+01   1818.822      43653  1029.1082  1029.1074    34.5997    34.5988    7.80114         26 0.0000e+00
    294.000    290.914     1.1272  29.835367     1.1264  29.833652     4.4899     4.5450    -0.0216    91.3041 1.0000e-12  -64.84484  -64.10142 345.389247      99.97 7.5804e+01   1819.896      43679  1029.1029  1029.1018    34.5983    34.5970    7.80233         26 0.0000e+00
    293.000    289.925     1.1275  29.835261     1.1259  29.832299     4.4792     4.5419    -0.0087    91.3208 1.0000e-12  -64.84484  -64.10142 345.389261      99.97 7.5804e+01   1821.117      43708  1029.0980  1029.0965    34.5984    34.5964    7.80226         32 0.0000e+00
    292.000    288.937     1.1387  29.847710     1.1334  29.839909     4.5033     4.5560    -0.0077    91.2945 1.0000e-12  -64.84485  -64.10142 345.389279      99.97 7.5804e+01   1822.683      43745  1029.0954  1029.0925    34.6026    34.5985    7.79981         39 0.0000e+00
    291.000    287.948     1.1160  29.823095     1.1223  29.828503     4.5443     4.5766    -0.0077    91.2903 1.0000e-12  -64.84486  -64.10142 345.389296      99.97 7.5804e+01   1824.140      43780  1029.0880  1029.0873    34.5966    34.5966    7.80464         30 0.0000e+00
    290.000    286.959     1.1055  29.811179     1.1044  29.808680     4.5645     4.5941    -0.0135    91.3121 1.0000e-12  -64.84486  -64.10142 345.389308      99.97 7.5804e+01   1825.181      43805  1029.0818  1029.0804    34.5936    34.5916    7.80691         21 0.0000e+00
    289.000    285.971     1.0859  29.789822     1.0837  29.786907     4.5627     4.5924    -0.0150    91.2971 1.0000e-12  -64.84486  -64.10142 345.389318      99.97 7.5804e+01   1826.037      43826  1029.0749  1029.0740    34.5885    34.5871    7.81110         20 0.0000e+00
    288.000    284.980     1.0806  29.783591     1.0822  29.783987     4.5572     4.5935    -0.0133    91.3057 1.0000e-12  -64.84486  -64.10142 345.389327      99.97 7.5804e+01   1826.877      43846  1029.0692  1029.0681    34.5869    34.5856    7.81224         21 0.0000e+00
    287.000    283.991     1.0823  29.784450     1.0826  29.783454     4.5492     4.5952    -0.0103    91.3105 1.0000e-12  -64.84486  -64.10142 345.389340      99.97 7.5804e+01   1827.937      43871  1029.0640  1029.0627    34.5867    34.5851    7.81191         32 0.0000e+00
    286.000    283.004     1.0833  29.785287     1.0836  29.785695     4.5566     4.5990    -0.0146    91.2936 1.0000e-12  -64.84486  -64.10142 345.389359      99.97 7.5804e+01   1829.623      43912  1029.0594  1029.0594    34.5873    34.5874    7.81169         45 0.0000e+00
