NBP2113_155081_ctd/data/unbp2113_005.cnv
* Sea-Bird SBE 9 Data File:
* FileName = D:\Data\raw\NBP2113_005.hex
* Software Version Seasave V 7.26.7.121
* Temperature SN = 2438
* Conductivity SN = 2067
* Number of Bytes Per Scan = 40
* Number of Voltage Words = 5
* Number of Scans Averaged by the Deck Unit = 1
* NMEA Latitude = 64 04.86 S
* NMEA Longitude = 063 46.34 W
* NMEA UTC (Time) = Nov 23 2021  13:58:01
* NMEA baud rate = 9600
** Ship: RVIB N.B. Palmer
** Cruise: NBP2113 LTER
** Station: 692.080
** Operator: B. Urmston
# nquan = 25
# nvalues = 520                         
# units = specified
# name 0 = prDM: Pressure, Digiquartz [db]
# name 1 = depSM: Depth [salt water, m]
# name 2 = t090C: Temperature [ITS-90, deg C]
# name 3 = c0mS/cm: Conductivity [mS/cm]
# name 4 = t190C: Temperature, 2 [ITS-90, deg C]
# name 5 = c1mS/cm: Conductivity, 2 [mS/cm]
# name 6 = sbeox0ML/L: Oxygen, SBE 43 [ml/l]
# name 7 = sbeox1ML/L: Oxygen, SBE 43, 2 [ml/l]
# name 8 = flECO-AFL: Fluorescence, WET Labs ECO-AFL/FL [mg/m^3]
# name 9 = CStarTr0: Beam Transmission, WET Labs C-Star [%]
# name 10 = par: PAR/Irradiance, Biospherical/Licor
# name 11 = latitude: Latitude [deg]
# name 12 = longitude: Longitude [deg]
# name 13 = timeJ: Julian Days
# name 14 = altM: Altimeter [m]
# name 15 = spar: SPAR, Biospherical/Licor
# name 16 = timeS: Time, Elapsed [seconds]
# name 17 = scan: Scan Count
# name 18 = density00: Density [density, kg/m^3]
# name 19 = density11: Density, 2 [density, kg/m^3]
# name 20 = sal00: Salinity, Practical [PSU]
# name 21 = sal11: Salinity, Practical, 2 [PSU]
# name 22 = oxsolML/L: Oxygen Saturation, Garcia & Gordon [ml/l]
# name 23 = nbin: number of scans per bin
# name 24 = flag: flag
# span 0 =      1.000,    520.000       
# span 1 =      0.990,    514.291       
# span 2 =    -0.2806,     1.5249       
# span 3 =  28.027077,  30.366895       
# span 4 =    -0.2805,     1.5249       
# span 5 =  28.023703,  30.365745       
# span 6 =     4.1730,     9.4463       
# span 7 =     4.1632,     9.1059       
# span 8 =    -0.0226,     1.8547       
# span 9 =    86.9965,    98.9707       
# span 10 = 1.0000e-12, 6.4146e+02      
# span 11 =  -64.08194,  -64.08164      
# span 12 =  -63.77180,  -63.77140      
# span 13 = 327.600031, 327.612468      
# span 14 =       8.43,      99.99      
# span 15 = 3.3847e+02, 4.9541e+02      
# span 16 =   1561.694,   2636.194      
# span 17 =      37482,      63270      
# span 18 =  1027.2244,  1030.2183      
# span 19 =  1027.2204,  1030.2171      
# span 20 =    33.8825,    34.7106      
# span 21 =    33.8804,    34.7090      
# span 22 =    7.71809,    8.12270      
# span 23 =         15,         51      
# span 24 = 0.0000e+00, 0.0000e+00      
# interval = decibars: 1                
# start_time = Nov 23 2021 13:58:01 [NMEA time, header]
# bad_flag = -9.990e-29
*END*
[from data line 290]
    230.000    227.634     1.2222  29.910604     1.2065  29.893526     4.5116     4.4636    -0.0077    98.6299 1.0000e-12  -64.08178  -63.77162 327.605246      99.98 3.7897e+02   2012.281      48296  1028.8168  1028.8147    34.6269    34.6224    7.78189         36 0.0000e+00
    229.000    226.644     1.2062  29.893818     1.2033  29.889351     4.5267     4.4653    -0.0031    98.6252 1.0000e-12  -64.08178  -63.77162 327.605267      99.98 3.8051e+02   2014.082      48339  1028.8110  1028.8091    34.6237    34.6212    7.78523         42 0.0000e+00
    228.000    225.655     1.1936  29.878324     1.2051  29.889713     4.5410     4.4778    -0.0093    98.6105 1.0000e-12  -64.08178  -63.77162 327.605285      99.98 3.8079e+02   2015.624      48376  1028.8031  1028.8034    34.6184    34.6202    7.78803         31 0.0000e+00
    227.000    224.666     1.1860  29.870754     1.1894  29.873330     4.5474     4.4871    -0.0135    98.6576 1.0000e-12  -64.08178  -63.77162 327.605299      99.98 3.8078e+02   2016.819      48405  1028.7984  1028.7976    34.6176    34.6172    7.78957         27 0.0000e+00
    226.000    223.678     1.1816  29.864790     1.1757  29.857358     4.5444     4.4951    -0.0091    98.6566 1.0000e-12  -64.08178  -63.77162 327.605311      99.98 3.8078e+02   2017.890      48430  1028.7923  1028.7903    34.6155    34.6124    7.79058         25 0.0000e+00
    225.000    222.687     1.1736  29.855649     1.1718  29.852654     4.5606     4.4990    -0.0147    98.6566 1.0000e-12  -64.08178  -63.77162 327.605322      99.98 3.8078e+02   2018.861      48454  1028.7863  1028.7850    34.6131    34.6113    7.79228         22 0.0000e+00
    224.000    221.698     1.1717  29.853172     1.1705  29.850747     4.5556     4.5012    -0.0077    98.6566 1.0000e-12  -64.08178  -63.77162 327.605333      99.98 3.8246e+02   2019.747      48475  1028.7814  1028.7799    34.6128    34.6109    7.79269         21 0.0000e+00
    223.000    220.709     1.1698  29.850653     1.1695  29.849268     4.5481     4.4966    -0.0136    98.6668 1.0000e-12  -64.08178  -63.77162 327.605343      99.98 3.8255e+02   2020.638      48496  1028.7762  1028.7750    34.6122    34.6107    7.79310         22 0.0000e+00
    222.000    219.720     1.1713  29.851795     1.1694  29.848790     4.5494     4.4962    -0.0050    98.6631 1.0000e-12  -64.08178  -63.77162 327.605355      99.98 3.8427e+02   2021.667      48521  1028.7716  1028.7703    34.6126    34.6108    7.79278         28 0.0000e+00
    221.000    218.732     1.1741  29.854816     1.1724  29.851644     4.5497     4.5023     0.0033    98.6778 1.0000e-12  -64.08178  -63.77161 327.605373      99.98 3.8513e+02   2023.203      48558  1028.7675  1028.7659    34.6139    34.6118    7.79214         44 0.0000e+00
    220.000    217.742     1.1701  29.850016     1.1701  29.848838     4.5742     4.5135    -0.0107    98.6817 1.0000e-12  -64.08178  -63.77162 327.605399      99.98 3.8610e+02   2025.455      48612  1028.7621  1028.7608    34.6127    34.6112    7.79300         38 0.0000e+00
    219.000    216.753     1.1552  29.832963     1.1623  29.839678     4.6225     4.5536    -0.0039    98.6823 1.0000e-12  -64.08178  -63.77162 327.605413      99.98 3.8607e+02   2026.724      48642  1028.7550  1028.7548    34.6080    34.6087    7.79623         24 0.0000e+00
    218.000    215.763     1.1363  29.812282     1.1359  29.810474     4.6372     4.5691    -0.0150    98.6823 1.0000e-12  -64.08178  -63.77162 327.605423      99.98 3.8627e+02   2027.566      48663  1028.7480  1028.7465    34.6030    34.6011    7.80027         18 0.0000e+00
    217.000    214.774     1.1153  29.790108     1.1032  29.776889     4.6305     4.5658    -0.0025    98.6823 1.0000e-12  -64.08178  -63.77162 327.605432      99.98 3.8782e+02   2028.306      48680  1028.7416  1028.7398    34.5983    34.5947    7.80470         18 0.0000e+00
    216.000    213.785     1.1007  29.774753     1.0981  29.771101     4.6237     4.5633    -0.0040    98.6797 1.0000e-12  -64.08178  -63.77162 327.605441      99.98 3.8783e+02   2029.099      48699  1028.7357  1028.7345    34.5953    34.5935    7.80777         20 0.0000e+00
    215.000    212.795     1.1015  29.775591     1.1022  29.774866     4.6244     4.5635    -0.0048    98.6544 1.0000e-12  -64.08178  -63.77162 327.605452      99.98 3.8937e+02   2030.081      48723  1028.7313  1028.7299    34.5962    34.5944    7.80757         28 0.0000e+00
    214.000    211.806     1.1126  29.787026     1.1137  29.785928     4.6197     4.5607    -0.0004    98.6653 1.0000e-12  -64.08177  -63.77162 327.605468      99.98 3.9088e+02   2031.467      48756  1028.7276  1028.7253    34.5991    34.5964    7.80519         38 0.0000e+00
    213.000    210.817     1.1087  29.781465     1.1073  29.779206     4.6417     4.5664    -0.0072    98.6772 1.0000e-12  -64.08178  -63.77162 327.605486      99.98 3.9137e+02   2032.999      48793  1028.7214  1028.7203    34.5969    34.5955    7.80609         33 0.0000e+00
    212.000    209.827     1.0957  29.767957     1.0989  29.769905     4.6397     4.5823    -0.0062    98.6636 1.0000e-12  -64.08178  -63.77162 327.605501      99.98 3.9314e+02   2034.262      48823  1028.7158  1028.7146    34.5945    34.5934    7.80881         29 0.0000e+00
    211.000    208.840     1.0941  29.765813     1.0922  29.762793     4.6374     4.5908    -0.0004    98.6822 1.0000e-12  -64.08178  -63.77162 327.605514      99.98 3.9312e+02   2035.452      48852  1028.7108  1028.7096    34.5942    34.5924    7.80916         29 0.0000e+00
    210.000    207.850     1.0879  29.759072     1.0828  29.752824     4.6416     4.5957    -0.0004    98.6588 1.0000e-12  -64.08178  -63.77162 327.605528      99.98 3.9312e+02   2036.660      48881  1028.7056  1028.7041    34.5929    34.5905    7.81046         27 0.0000e+00
    209.000    206.861     1.0866  29.757348     1.0801  29.749612     4.6540     4.5996    -0.0072    98.6566 1.0000e-12  -64.08178  -63.77162 327.605542      99.98 3.9474e+02   2037.851      48909  1028.7006  1028.6991    34.5927    34.5900    7.81072         28 0.0000e+00
    208.000    205.871     1.0830  29.753258     1.0768  29.745859     4.6579     4.6030    -0.0074    98.6566 1.0000e-12  -64.08178  -63.77162 327.605556      99.98 3.9563e+02   2039.003      48937  1028.6956  1028.6941    34.5920    34.5894    7.81148         28 0.0000e+00
    207.000    204.882     1.0759  29.745561     1.0728  29.741223     4.6568     4.6007    -0.0004    98.6566 1.0000e-12  -64.08178  -63.77162 327.605569      99.98 3.9664e+02   2040.180      48965  1028.6903  1028.6888    34.5906    34.5884    7.81298         28 0.0000e+00
    206.000    203.893     1.0720  29.741110     1.0713  29.739431     4.6574     4.6017    -0.0052    98.6527 1.0000e-12  -64.08176  -63.77162 327.605583      99.98 3.9665e+02   2041.369      48994  1028.6853  1028.6841    34.5898    34.5884    7.81381         29 0.0000e+00
    205.000    202.903     1.0724  29.741086     1.0700  29.737544     4.6597     4.6098    -0.0079    98.6356 1.0000e-12  -64.08178  -63.77162 327.605597      99.98 3.9708e+02   2042.546      49022  1028.6804  1028.6791    34.5899    34.5880    7.81371         28 0.0000e+00
    204.000    201.914     1.0707  29.738833     1.0668  29.733816     4.6617     4.6146     0.0041    98.6556 1.0000e-12  -64.08178  -63.77162 327.605610      99.98 3.9840e+02   2043.745      49051  1028.6755  1028.6741    34.5895    34.5873    7.81409         29 0.0000e+00
    203.000    200.924     1.0661  29.733707     1.0646  29.731120     4.6722     4.6139     0.0004    98.6531 1.0000e-12  -64.08178  -63.77162 327.605624      99.98 3.9926e+02   2044.953      49080  1028.6704  1028.6691    34.5886    34.5869    7.81505         29 0.0000e+00
    202.000    199.935     1.0647  29.731776     1.0619  29.727824     4.6720     4.6191    -0.0004    98.6411 1.0000e-12  -64.08178  -63.77162 327.605638      99.98 4.0017e+02   2046.080      49107  1028.6654  1028.6640    34.5882    34.5862    7.81534         25 0.0000e+00
    201.000    198.946     1.0611  29.727601     1.0577  29.723014     4.6667     4.6199    -0.0074    98.6655 1.0000e-12  -64.08178  -63.77162 327.605650      99.98 4.0017e+02   2047.146      49133  1028.6603  1028.6588    34.5874    34.5853    7.81611         26 0.0000e+00
    200.000    197.956     1.0571  29.723058     1.0558  29.720737     4.6746     4.6164    -0.0077    98.6521 1.0000e-12  -64.08178  -63.77162 327.605663      99.98 4.0133e+02   2048.319      49161  1028.6552  1028.6540    34.5866    34.5850    7.81695         29 0.0000e+00
    199.000    196.968     1.0572  29.723016     1.0561  29.720579     4.6732     4.6231    -0.0079    98.6315 1.0000e-12  -64.08178  -63.77162 327.605680      99.98 4.0194e+02   2049.710      49194  1028.6507  1028.6492    34.5870    34.5851    7.81691         35 0.0000e+00
    198.000    195.979     1.0557  29.720810     1.0537  29.717599     4.6846     4.6253    -0.0045    98.6462 1.0000e-12  -64.08178  -63.77162 327.605695      99.98 4.0194e+02   2051.029      49226  1028.6456  1028.6442    34.5864    34.5845    7.81724         26 0.0000e+00
    197.000    194.989     1.0538  29.718268     1.0522  29.715562     4.6705     4.6220    -0.0004    98.6555 1.0000e-12  -64.08178  -63.77162 327.605707      99.98 4.0247e+02   2052.081      49251  1028.6405  1028.6393    34.5859    34.5841    7.81765         23 0.0000e+00
    196.000    193.998     1.0514  29.715158     1.0503  29.713160     4.6729     4.6217    -0.0027    98.6566 1.0000e-12  -64.08178  -63.77162 327.605718      99.98 4.0369e+02   2053.016      49273  1028.6354  1028.6343    34.5851    34.5837    7.81818         22 0.0000e+00
    195.000    193.009     1.0505  29.713933     1.0501  29.712548     4.6873     4.6273    -0.0064    98.6418 1.0000e-12  -64.08178  -63.77162 327.605729      99.98 4.0442e+02   2053.966      49296  1028.6308  1028.6296    34.5852    34.5837    7.81836         24 0.0000e+00
    194.000    192.020     1.0529  29.716094     1.0499  29.711762     4.6745     4.6260    -0.0005    98.6310 1.0000e-12  -64.08178  -63.77162 327.605743      99.98 4.0544e+02   2055.156      49325  1028.6263  1028.6247    34.5858    34.5836    7.81783         33 0.0000e+00
    193.000    191.032     1.0515  29.714116     1.0513  29.712737     4.6740     4.6303    -0.0082    98.6308 1.0000e-12  -64.08178  -63.77162 327.605764      99.98 4.0620e+02   2056.977      49368  1028.6213  1028.6200    34.5854    34.5838    7.81814         39 0.0000e+00
    192.000    190.043     1.0499  29.711916     1.0503  29.711355     4.6900     4.6304     0.0024    98.6400 1.0000e-12  -64.08178  -63.77162 327.605782      99.98 4.0726e+02   2058.549      49406  1028.6163  1028.6153    34.5849    34.5838    7.81848         29 0.0000e+00
    191.000    189.053     1.0482  29.709598     1.0485  29.708753     4.6870     4.6372     0.0038    98.6369 1.0000e-12  -64.08178  -63.77162 327.605793      99.98 4.0723e+02   2059.564      49431  1028.6113  1028.6102    34.5844    34.5830    7.81885         21 0.0000e+00
    190.000    188.062     1.0446  29.705298     1.0429  29.702670     4.6909     4.6429    -0.0077    98.6553 1.0000e-12  -64.08178  -63.77164 327.605803      99.98 4.0723e+02   2060.397      49451  1028.6062  1028.6051    34.5835    34.5820    7.81963         20 0.0000e+00
    189.000    187.074     1.0421  29.702372     1.0413  29.700368     4.6930     4.6423    -0.0012    98.6431 1.0000e-12  -64.08178  -63.77164 327.605813      99.98 4.0723e+02   2061.203      49470  1028.6014  1028.6001    34.5831    34.5814    7.82015         19 0.0000e+00
    188.000    186.085     1.0399  29.699766     1.0378  29.696499     4.6900     4.6355    -0.0004    98.6320 1.0000e-12  -64.08178  -63.77162 327.605822      99.98 4.0767e+02   2062.059      49490  1028.5965  1028.5951    34.5828    34.5808    7.82061         22 0.0000e+00
    187.000    185.095     1.0418  29.701351     1.0387  29.696968     4.6979     4.6402    -0.0004    98.6308 1.0000e-12  -64.08178  -63.77162 327.605835      99.98 4.0894e+02   2063.163      49517  1028.5920  1028.5905    34.5833    34.5811    7.82019         33 0.0000e+00
    186.000    184.106     1.0390  29.697939     1.0393  29.697108     4.6960     4.6416    -0.0034    98.6308 1.0000e-12  -64.08178  -63.77161 327.605857      99.98 4.1014e+02   2065.029      49562  1028.5869  1028.5857    34.5825    34.5811    7.82079         41 0.0000e+00
    185.000    183.118     1.0403  29.698548     1.0400  29.697296     4.7199     4.6573     0.0006    98.6308 1.0000e-12  -64.08178  -63.77162 327.605881      99.98 4.1079e+02   2067.132      49612  1028.5820  1028.5809    34.5825    34.5812    7.82054         37 0.0000e+00
    184.000    182.127     1.0344  29.691957     1.0351  29.691538     4.7603     4.6822     0.0046    98.6308 1.0000e-12  -64.08178  -63.77162 327.605894      99.98 4.1075e+02   2068.242      49639  1028.5767  1028.5756    34.5812    34.5798    7.82179         22 0.0000e+00
    183.000    181.137     1.0162  29.671898     1.0135  29.667710     4.7572     4.6946    -0.0074    98.6308 1.0000e-12  -64.08178  -63.77162 327.605903      99.98 4.1075e+02   2069.044      49658  1028.5696  1028.5680    34.5761    34.5737    7.82571         18 0.0000e+00
    182.000    180.149     0.9967  29.651206     0.9935  29.646850     4.7603     4.6953    -0.0027    98.6308 1.0000e-12  -64.08178  -63.77163 327.605912      99.98 4.1075e+02   2069.767      49675  1028.5632  1028.5618    34.5717    34.5696    7.82986         16 0.0000e+00
    181.000    179.159     0.9934  29.646842     0.9922  29.644315     4.7629     4.6903    -0.0004    98.6250 1.0000e-12  -64.08178  -63.77164 327.605920      99.98 4.1075e+02   2070.506      49693  1028.5575  1028.5561    34.5703    34.5684    7.83060         19 0.0000e+00
    180.000    178.169     0.9940  29.646760     0.9927  29.644082     4.7564     4.6884    -0.0013    98.6057 1.0000e-12  -64.08178  -63.77162 327.605930      99.98 4.1246e+02   2071.390      49714  1028.5525  1028.5510    34.5701    34.5681    7.83048         25 0.0000e+00
    179.000    177.180     1.0002  29.651106     0.9981  29.649948     4.7504     4.6903    -0.0075    98.6051 1.0000e-12  -64.08178  -63.77162 327.605945      99.98 4.1251e+02   2072.678      49745  1028.5465  1028.5473    34.5694    34.5702    7.82928         38 0.0000e+00
    178.000    176.191     0.9945  29.646417     0.9940  29.645102     4.7454     4.6938    -0.0068    98.6093 1.0000e-12  -64.08178  -63.77160 327.605965      99.98 4.1251e+02   2074.409      49787  1028.5429  1028.5420    34.5703    34.5691    7.83038         39 0.0000e+00
    177.000    175.202     0.9964  29.647441     0.9945  29.645106     4.7594     4.6959     0.0114    98.6270 1.0000e-12  -64.08178  -63.77160 327.605984      99.98 4.1251e+02   2075.975      49824  1028.5377  1028.5371    34.5701    34.5691    7.83001         37 0.0000e+00
    176.000    174.212     0.9957  29.645727     0.9949  29.644076     4.7550     4.6963     0.0020    98.6455 1.0000e-12  -64.08178  -63.77161 327.606002      99.98 4.1251e+02   2077.569      49863  1028.5323  1028.5312    34.5692    34.5679    7.83019         36 0.0000e+00
    175.000    173.223     0.9971  29.645568     0.9962  29.644394     4.7575     4.7057    -0.0072    98.6483 1.0000e-12  -64.08178  -63.77162 327.606019      99.98 4.1313e+02   2079.032      49898  1028.5264  1028.5260    34.5681    34.5675    7.82998         31 0.0000e+00
    174.000    172.233     0.9950  29.642132     0.9902  29.634942     4.7693     4.7233    -0.0024    98.6308 1.0000e-12  -64.08178  -63.77162 327.606032      99.98 4.1428e+02   2080.190      49926  1028.5206  1028.5178    34.5666    34.5626    7.83048         26 0.0000e+00
