NBP2113_155081_ctd/data/unbp2113_032.cnv
* Sea-Bird SBE 9 Data File:
* FileName = D:\Data\raw\NBP2113_032.hex
* Software Version Seasave V 7.26.7.121
* Temperature SN = 2438
* Conductivity SN = 2067
* Number of Bytes Per Scan = 40
* Number of Voltage Words = 5
* Number of Scans Averaged by the Deck Unit = 1
* NMEA Latitude = 65 50.96 S
* NMEA Longitude = 071 22.70 W
* NMEA UTC (Time) = Dec 07 2021  06:49:20
* NMEA baud rate = 9600
** Ship: RVIB N.B. Palmer
** Cruise: NBP2113 LTER
** Station: 300.200
** Operator: B. Urmston
# nquan = 25
# nvalues = 3100                        
# units = specified
# name 0 = prDM: Pressure, Digiquartz [db]
# name 1 = depSM: Depth [salt water, m]
# name 2 = t090C: Temperature [ITS-90, deg C]
# name 3 = c0mS/cm: Conductivity [mS/cm]
# name 4 = t190C: Temperature, 2 [ITS-90, deg C]
# name 5 = c1mS/cm: Conductivity, 2 [mS/cm]
# name 6 = sbeox0ML/L: Oxygen, SBE 43 [ml/l]
# name 7 = sbeox1ML/L: Oxygen, SBE 43, 2 [ml/l]
# name 8 = flECO-AFL: Fluorescence, WET Labs ECO-AFL/FL [mg/m^3]
# name 9 = CStarTr0: Beam Transmission, WET Labs C-Star [%]
# name 10 = par: PAR/Irradiance, Biospherical/Licor
# name 11 = latitude: Latitude [deg]
# name 12 = longitude: Longitude [deg]
# name 13 = timeJ: Julian Days
# name 14 = altM: Altimeter [m]
# name 15 = spar: SPAR, Biospherical/Licor
# name 16 = timeS: Time, Elapsed [seconds]
# name 17 = scan: Scan Count
# name 18 = density00: Density [density, kg/m^3]
# name 19 = density11: Density, 2 [density, kg/m^3]
# name 20 = sal00: Salinity, Practical [PSU]
# name 21 = sal11: Salinity, Practical, 2 [PSU]
# name 22 = oxsolML/L: Oxygen Saturation, Garcia & Gordon [ml/l]
# name 23 = nbin: number of scans per bin
# name 24 = flag: flag
# span 0 =      1.000,   3100.000       
# span 1 =      0.986,   3047.032       
# span 2 =    -0.7213,     2.0337       
# span 3 =  27.681656,  30.755689       
# span 4 =    -0.7209,     2.0332       
# span 5 =  27.681603,  30.754434       
# span 6 =     3.8892,     9.6495       
# span 7 =     3.9481,     9.4562       
# span 8 =    -0.0222,     3.2232       
# span 9 =    89.2440,    96.1844       
# span 10 = 1.0000e-12, 1.0000e-12      
# span 11 =  -65.84929,  -65.84874      
# span 12 =  -71.37828,  -71.37770      
# span 13 = 341.332330, 341.375807      
# span 14 =       9.60,     101.29      
# span 15 = 4.4072e+01, 1.8165e+02      
# span 16 =   4153.280,   7909.685      
# span 17 =      99680,     189833      
# span 18 =  1027.2241,  1042.0855      
# span 19 =  1027.2234,  1042.0845      
# span 20 =    33.8734,    34.7306      
# span 21 =    33.8721,    34.7298      
# span 22 =    7.62309,    8.22324      
# span 23 =         10,         46      
# span 24 = 0.0000e+00, 0.0000e+00      
# interval = decibars: 1                
# start_time = Dec 07 2021 06:49:20 [NMEA time, header]
# bad_flag = -9.990e-29
*END*
[from data line 928]
   2172.000   2139.486     0.7661  30.410426     0.7664  30.409932     4.4997     4.5668    -0.0171    96.1589 1.0000e-12  -65.84874  -71.37774 341.345020      99.97 8.2983e+01   5249.704     125994  1037.8922  1037.8915    34.7094    34.7085    7.86878         18 0.0000e+00
   2171.000   2138.507     0.7673  30.410994     0.7673  30.410344     4.5012     4.5627    -0.0122    96.1589 1.0000e-12  -65.84874  -71.37774 341.345028      99.97 8.4224e+01   5250.436     126011  1037.8875  1037.8868    34.7094    34.7085    7.86854         18 0.0000e+00
   2170.000   2137.529     0.7678  30.410998     0.7676  30.410222     4.4995     4.5639    -0.0112    96.1589 1.0000e-12  -65.84874  -71.37774 341.345037      99.97 8.3708e+01   5251.183     126029  1037.8829  1037.8822    34.7094    34.7085    7.86845         19 0.0000e+00
   2169.000   2136.545     0.7678  30.410709     0.7678  30.410117     4.5027     4.5629    -0.0169    96.1589 1.0000e-12  -65.84874  -71.37772 341.345047      99.97 8.3989e+01   5252.040     126050  1037.8784  1037.8778    34.7095    34.7087    7.86844         23 0.0000e+00
   2168.000   2135.566     0.7673  30.409814     0.7674  30.409289     4.4964     4.5612    -0.0122    96.1589 1.0000e-12  -65.84874  -71.37772 341.345066      99.97 8.4504e+01   5253.700     126090  1037.8739  1037.8732    34.7093    34.7086    7.86854         37 0.0000e+00
   2167.000   2134.588     0.7672  30.409195     0.7671  30.408577     4.4927     4.5647    -0.0115    96.1589 1.0000e-12  -65.84874  -71.37772 341.345094      99.97 8.4625e+01   5256.119     126148  1037.8693  1037.8687    34.7092    34.7085    7.86857         27 0.0000e+00
   2166.000   2133.605     0.7680  30.409736     0.7678  30.408800     4.4981     4.5699    -0.0139    96.1589 1.0000e-12  -65.84874  -71.37773 341.345103      99.98 8.4618e+01   5256.921     126167  1037.8649  1037.8641    34.7095    34.7085    7.86839         19 0.0000e+00
   2165.000   2132.628     0.7693  30.410358     0.7691  30.409640     4.4934     4.5706    -0.0184    96.1589 1.0000e-12  -65.84874  -71.37774 341.345112      99.97 8.4618e+01   5257.661     126185  1037.8601  1037.8595    34.7094    34.7087    7.86814         17 0.0000e+00
   2164.000   2131.646     0.7705  30.411089     0.7704  30.410274     4.4958     4.5701    -0.0166    96.1589 1.0000e-12  -65.84874  -71.37774 341.345120      99.97 8.4618e+01   5258.396     126203  1037.8554  1037.8547    34.7095    34.7085    7.86789         18 0.0000e+00
   2163.000   2130.667     0.7710  30.411160     0.7710  30.410540     4.5019     4.5617    -0.0116    96.1589 1.0000e-12  -65.84874  -71.37774 341.345130      99.97 8.4618e+01   5259.235     126223  1037.8509  1037.8503    34.7095    34.7088    7.86778         23 0.0000e+00
   2162.000   2129.685     0.7705  30.410279     0.7698  30.409095     4.4995     4.5632    -0.0093    96.1589 1.0000e-12  -65.84874  -71.37774 341.345144      99.97 8.4618e+01   5260.405     126251  1037.8464  1037.8459    34.7095    34.7087    7.86789         34 0.0000e+00
   2161.000   2128.707     0.7705  30.409879     0.7704  30.409188     4.5035     4.5650    -0.0165    96.1589 1.0000e-12  -65.84874  -71.37774 341.345164      99.97 8.4618e+01   5262.161     126293  1037.8419  1037.8413    34.7095    34.7087    7.86789         38 0.0000e+00
   2160.000   2127.727     0.7710  30.409857     0.7708  30.409161     4.4974     4.5638    -0.0121    96.1589 1.0000e-12  -65.84876  -71.37774 341.345179      99.97 8.4618e+01   5263.466     126324  1037.8373  1037.8368    34.7094    34.7088    7.86779         26 0.0000e+00
   2159.000   2126.745     0.7721  30.410550     0.7723  30.410043     4.5053     4.5615    -0.0102    96.1589 1.0000e-12  -65.84876  -71.37772 341.345191      99.97 8.4618e+01   5264.514     126349  1037.8327  1037.8320    34.7096    34.7088    7.86755         26 0.0000e+00
   2158.000   2125.766     0.7718  30.409802     0.7723  30.409632     4.4969     4.5619    -0.0109    96.1589 1.0000e-12  -65.84876  -71.37772 341.345205      99.97 8.4618e+01   5265.752     126379  1037.8282  1037.8275    34.7095    34.7088    7.86763         32 0.0000e+00
   2157.000   2124.787     0.7716  30.409188     0.7716  30.408661     4.4859     4.5629    -0.0048    96.1417 1.0000e-12  -65.84876  -71.37774 341.345226      99.97 8.4618e+01   5267.510     126421  1037.8236  1037.8231    34.7094    34.7088    7.86767         37 0.0000e+00
   2156.000   2123.805     0.7743  30.411210     0.7746  30.410712     4.4850     4.5622    -0.0095    96.1525 1.0000e-12  -65.84876  -71.37774 341.345241      99.97 8.5149e+01   5268.771     126452  1037.8188  1037.8180    34.7095    34.7086    7.86711         20 0.0000e+00
   2155.000   2122.824     0.7756  30.411927     0.7752  30.411124     4.4807     4.5701    -0.0084    96.1577 1.0000e-12  -65.84876  -71.37774 341.345250      99.97 8.6224e+01   5269.606     126472  1037.8141  1037.8137    34.7096    34.7089    7.86685         19 0.0000e+00
   2154.000   2121.847     0.7766  30.412398     0.7765  30.411724     4.4863     4.5611    -0.0174    96.1589 1.0000e-12  -65.84876  -71.37774 341.345259      99.97 8.6282e+01   5270.349     126489  1037.8095  1037.8089    34.7096    34.7088    7.86665         18 0.0000e+00
   2153.000   2120.864     0.7767  30.412086     0.7766  30.411505     4.4923     4.5610    -0.0181    96.1589 1.0000e-12  -65.84876  -71.37774 341.345268      99.97 8.6379e+01   5271.113     126508  1037.8050  1037.8044    34.7096    34.7089    7.86664         19 0.0000e+00
   2152.000   2119.887     0.7766  30.411666     0.7762  30.410726     4.4974     4.5647    -0.0147    96.1589 1.0000e-12  -65.84876  -71.37774 341.345278      99.97 8.6381e+01   5272.043     126530  1037.8005  1037.8000    34.7097    34.7089    7.86665         25 0.0000e+00
   2151.000   2118.905     0.7762  30.410929     0.7762  30.410225     4.4965     4.5612    -0.0089    96.1589 1.0000e-12  -65.84876  -71.37774 341.345298      99.97 8.6381e+01   5273.762     126571  1037.7961  1037.7954    34.7097    34.7088    7.86673         28 0.0000e+00
   2150.000   2117.926     0.7760  30.410390     0.7760  30.409648     4.4949     4.5600    -0.0054    96.1580 1.0000e-12  -65.84876  -71.37774 341.345318      99.97 8.6381e+01   5275.440     126612  1037.7916  1037.7909    34.7097    34.7088    7.86677         29 0.0000e+00
   2149.000   2116.944     0.7761  30.410025     0.7760  30.409317     4.4976     4.5631    -0.0052    96.1569 1.0000e-12  -65.84876  -71.37774 341.345330      99.97 8.6381e+01   5276.541     126638  1037.7871  1037.7864    34.7097    34.7089    7.86675         26 0.0000e+00
   2148.000   2115.964     0.7759  30.409533     0.7759  30.408817     4.4971     4.5632    -0.0129    96.1419 1.0000e-12  -65.84876  -71.37774 341.345344      99.97 8.6381e+01   5277.711     126666  1037.7826  1037.7819    34.7098    34.7088    7.86679         30 0.0000e+00
   2147.000   2114.985     0.7758  30.409022     0.7758  30.408296     4.4948     4.5608    -0.0160    96.1593 1.0000e-12  -65.84876  -71.37774 341.345359      99.97 8.6381e+01   5279.005     126697  1037.7781  1037.7774    34.7097    34.7087    7.86680         30 0.0000e+00
   2146.000   2114.004     0.7759  30.408636     0.7758  30.407981     4.4783     4.5612    -0.0053    96.1589 1.0000e-12  -65.84876  -71.37774 341.345372      99.97 8.6381e+01   5280.106     126724  1037.7735  1037.7729    34.7096    34.7088    7.86679         23 0.0000e+00
   2145.000   2113.025     0.7761  30.408518     0.7761  30.407797     4.4877     4.5616    -0.0051    96.1589 1.0000e-12  -65.84876  -71.37776 341.345382      99.97 8.6381e+01   5280.994     126745  1037.7690  1037.7683    34.7097    34.7088    7.86674         20 0.0000e+00
   2144.000   2112.045     0.7774  30.409161     0.7772  30.408360     4.4923     4.5539    -0.0077    96.1589 1.0000e-12  -65.84876  -71.37775 341.345391      99.97 8.6381e+01   5281.788     126764  1037.7642  1037.7636    34.7096    34.7089    7.86648         19 0.0000e+00
   2143.000   2111.063     0.7782  30.409451     0.7782  30.408760     4.4882     4.5545    -0.0012    96.1589 1.0000e-12  -65.84876  -71.37775 341.345400      99.97 8.6381e+01   5282.582     126783  1037.7596  1037.7589    34.7097    34.7088    7.86633         19 0.0000e+00
   2142.000   2110.085     0.7782  30.409111     0.7783  30.408571     4.4938     4.5574    -0.0142    96.1540 1.0000e-12  -65.84877  -71.37775 341.345411      99.97 8.6381e+01   5283.509     126805  1037.7551  1037.7545    34.7097    34.7089    7.86632         26 0.0000e+00
   2141.000   2109.105     0.7772  30.407855     0.7770  30.407066     4.5012     4.5605    -0.0148    96.1536 1.0000e-12  -65.84878  -71.37775 341.345445      99.97 8.6950e+01   5286.450     126876  1037.7507  1037.7501    34.7097    34.7089    7.86651         35 0.0000e+00
   2140.000   2108.124     0.7774  30.407609     0.7776  30.406990     4.4951     4.5689    -0.0093    96.1590 1.0000e-12  -65.84876  -71.37774 341.345467      99.97 8.8168e+01   5288.374     126922  1037.7462  1037.7454    34.7097    34.7088    7.86648         21 0.0000e+00
   2139.000   2107.144     0.7780  30.407746     0.7780  30.407114     4.4844     4.5624    -0.0090    96.1589 1.0000e-12  -65.84876  -71.37776 341.345476      99.97 8.8144e+01   5289.135     126940  1037.7415  1037.7409    34.7097    34.7089    7.86635         17 0.0000e+00
   2138.000   2106.164     0.7786  30.407798     0.7786  30.407031     4.4919     4.5610    -0.0150    96.1589 1.0000e-12  -65.84876  -71.37776 341.345484      99.97 8.8144e+01   5289.835     126957  1037.7369  1037.7362    34.7097    34.7087    7.86625         17 0.0000e+00
   2137.000   2105.181     0.7790  30.407765     0.7789  30.407045     4.4914     4.5631    -0.0173    96.1589 1.0000e-12  -65.84876  -71.37776 341.345492      99.97 8.8144e+01   5290.514     126973  1037.7324  1037.7317    34.7097    34.7088    7.86616         16 0.0000e+00
   2136.000   2104.203     0.7793  30.407785     0.7794  30.407015     4.4915     4.5596    -0.0178    96.1589 1.0000e-12  -65.84878  -71.37776 341.345500      99.97 8.8144e+01   5291.189     126990  1037.7279  1037.7271    34.7098    34.7088    7.86608         16 0.0000e+00
   2135.000   2103.224     0.7796  30.407564     0.7795  30.406840     4.4939     4.5572    -0.0120    96.1589 1.0000e-12  -65.84878  -71.37775 341.345508      99.97 8.8144e+01   5291.909     127007  1037.7233  1037.7226    34.7098    34.7089    7.86603         19 0.0000e+00
   2134.000   2102.242     0.7800  30.407572     0.7798  30.406803     4.4958     4.5592    -0.0094    96.1589 1.0000e-12  -65.84878  -71.37775 341.345518      99.97 8.8144e+01   5292.748     127027  1037.7187  1037.7182    34.7098    34.7091    7.86594         22 0.0000e+00
   2133.000   2101.263     0.7790  30.406189     0.7788  30.405409     4.4906     4.5585    -0.0103    96.1589 1.0000e-12  -65.84878  -71.37775 341.345543      99.98 8.8144e+01   5294.878     127078  1037.7143  1037.7137    34.7097    34.7089    7.86616         28 0.0000e+00
   2132.000   2100.282     0.7784  30.405212     0.7784  30.404635     4.4966     4.5638    -0.0099    96.1589 1.0000e-12  -65.84878  -71.37776 341.345576      99.97 8.8144e+01   5297.727     127146  1037.7098  1037.7092    34.7096    34.7089    7.86628         26 0.0000e+00
   2131.000   2099.302     0.7789  30.405283     0.7789  30.404669     4.4875     4.5638    -0.0150    96.1589 1.0000e-12  -65.84878  -71.37776 341.345586      99.97 8.8144e+01   5298.631     127168  1037.7052  1037.7046    34.7097    34.7089    7.86618         19 0.0000e+00
   2130.000   2098.323     0.7810  30.406931     0.7811  30.406350     4.4853     4.5614    -0.0154    96.1589 1.0000e-12  -65.84878  -71.37776 341.345595      99.97 8.8144e+01   5299.407     127187  1037.7006  1037.6999    34.7100    34.7091    7.86573         18 0.0000e+00
   2129.000   2097.342     0.7838  30.408853     0.7842  30.408526     4.4887     4.5621    -0.0095    96.1589 1.0000e-12  -65.84878  -71.37776 341.345603      99.97 8.8144e+01   5300.118     127204  1037.6957  1037.6949    34.7099    34.7090    7.86518         17 0.0000e+00
   2128.000   2096.360     0.7860  30.410431     0.7856  30.409403     4.4869     4.5595    -0.0049    96.1589 1.0000e-12  -65.84878  -71.37776 341.345611      99.98 8.8144e+01   5300.822     127221  1037.6909  1037.6902    34.7100    34.7092    7.86473         16 0.0000e+00
   2127.000   2095.383     0.7863  30.410267     0.7862  30.409557     4.4858     4.5571    -0.0025    96.1589 1.0000e-12  -65.84878  -71.37776 341.345620      99.97 8.8144e+01   5301.554     127238  1037.6862  1037.6857    34.7099    34.7092    7.86466         18 0.0000e+00
   2126.000   2094.400     0.7867  30.410280     0.7863  30.409245     4.4973     4.5575    -0.0014    96.1589 1.0000e-12  -65.84878  -71.37774 341.345630      99.98 8.8144e+01   5302.392     127258  1037.6818  1037.6811    34.7100    34.7092    7.86458         23 0.0000e+00
   2125.000   2093.422     0.7855  30.408772     0.7851  30.407857     4.4951     4.5579    -0.0068    96.1589 1.0000e-12  -65.84878  -71.37774 341.345644      99.97 8.8250e+01   5303.672     127289  1037.6773  1037.6768    34.7099    34.7092    7.86483         33 0.0000e+00
   2124.000   2092.440     0.7844  30.407278     0.7842  30.406635     4.4939     4.5562    -0.0152    96.1589 1.0000e-12  -65.84879  -71.37776 341.345679      99.97 8.9824e+01   5306.664     127361  1037.6730  1037.6724    34.7098    34.7092    7.86507         33 0.0000e+00
   2123.000   2091.460     0.7849  30.407411     0.7854  30.407154     4.4897     4.5559    -0.0165    96.1589 1.0000e-12  -65.84878  -71.37776 341.345696      99.97 8.9907e+01   5308.140     127396  1037.6685  1037.6677    34.7099    34.7091    7.86496         26 0.0000e+00
   2122.000   2090.480     0.7862  30.408234     0.7861  30.407458     4.4849     4.5540    -0.0106    96.1589 1.0000e-12  -65.84878  -71.37776 341.345707      99.97 8.9907e+01   5309.126     127420  1037.6638  1037.6631    34.7100    34.7091    7.86469         22 0.0000e+00
   2121.000   2089.500     0.7887  30.410098     0.7881  30.408894     4.4814     4.5597    -0.0158    96.1589 1.0000e-12  -65.84878  -71.37776 341.345717      99.97 8.9907e+01   5309.940     127440  1037.6589  1037.6584    34.7101    34.7093    7.86417         18 0.0000e+00
   2120.000   2088.518     0.7910  30.411655     0.7911  30.411090     4.4849     4.5601    -0.0154    96.1589 1.0000e-12  -65.84878  -71.37776 341.345725      99.97 8.9907e+01   5310.660     127457  1037.6541  1037.6534    34.7101    34.7093    7.86371         17 0.0000e+00
   2119.000   2087.539     0.7928  30.412775     0.7923  30.411671     4.4909     4.5540    -0.0168    96.1589 1.0000e-12  -65.84878  -71.37776 341.345733      99.97 8.9907e+01   5311.348     127473  1037.6493  1037.6487    34.7101    34.7093    7.86335         16 0.0000e+00
   2118.000   2086.558     0.7945  30.413977     0.7940  30.412970     4.4870     4.5516    -0.0092    96.1589 1.0000e-12  -65.84880  -71.37776 341.345741      99.97 8.9907e+01   5312.060     127490  1037.6447  1037.6441    34.7102    34.7095    7.86299         17 0.0000e+00
   2117.000   2085.578     0.7954  30.414262     0.7944  30.412717     4.4861     4.5512    -0.0139    96.1589 1.0000e-12  -65.84880  -71.37776 341.345751      99.97 8.9907e+01   5312.905     127511  1037.6400  1037.6394    34.7102    34.7093    7.86283         24 0.0000e+00
   2116.000   2084.599     0.7916  30.410553     0.7912  30.409663     4.4876     4.5594    -0.0125    96.1589 1.0000e-12  -65.84880  -71.37775 341.345777      99.98 8.9907e+01   5315.124     127564  1037.6360  1037.6355    34.7101    34.7094    7.86359         29 0.0000e+00
