NBP2113_155081_ctd/data/unbp2113_042.cnv
* Sea-Bird SBE 9 Data File:
* FileName = D:\Data\raw\NBP2113_042.hex
* Software Version Seasave V 7.26.7.121
* Temperature SN = 2438
* Conductivity SN = 2067
* Number of Bytes Per Scan = 40
* Number of Voltage Words = 5
* Number of Scans Averaged by the Deck Unit = 1
* NMEA Latitude = 64 49.83 S
* NMEA Longitude = 063 54.10 W
* NMEA UTC (Time) = Dec 10 2021  15:52:47
* NMEA baud rate = 9600
** Ship: RVIB N.B. Palmer
** Cruise: NBP2113 LTER
** Station: 624.030
** Operator: S. Blackman
# nquan = 25
# nvalues = 407                         
# units = specified
# name 0 = prDM: Pressure, Digiquartz [db]
# name 1 = depSM: Depth [salt water, m]
# name 2 = t090C: Temperature [ITS-90, deg C]
# name 3 = c0mS/cm: Conductivity [mS/cm]
# name 4 = t190C: Temperature, 2 [ITS-90, deg C]
# name 5 = c1mS/cm: Conductivity, 2 [mS/cm]
# name 6 = sbeox0ML/L: Oxygen, SBE 43 [ml/l]
# name 7 = sbeox1ML/L: Oxygen, SBE 43, 2 [ml/l]
# name 8 = flECO-AFL: Fluorescence, WET Labs ECO-AFL/FL [mg/m^3]
# name 9 = CStarTr0: Beam Transmission, WET Labs C-Star [%]
# name 10 = par: PAR/Irradiance, Biospherical/Licor
# name 11 = latitude: Latitude [deg]
# name 12 = longitude: Longitude [deg]
# name 13 = timeJ: Julian Days
# name 14 = altM: Altimeter [m]
# name 15 = spar: SPAR, Biospherical/Licor
# name 16 = timeS: Time, Elapsed [seconds]
# name 17 = scan: Scan Count
# name 18 = density00: Density [density, kg/m^3]
# name 19 = density11: Density, 2 [density, kg/m^3]
# name 20 = sal00: Salinity, Practical [PSU]
# name 21 = sal11: Salinity, Practical, 2 [PSU]
# name 22 = oxsolML/L: Oxygen Saturation, Garcia & Gordon [ml/l]
# name 23 = nbin: number of scans per bin
# name 24 = flag: flag
# span 0 =      1.000,    407.000       
# span 1 =      0.989,    402.619       
# span 2 =    -0.3913,     1.1575       
# span 3 =  27.880583,  29.916241       
# span 4 =    -0.3882,     1.1571       
# span 5 =  27.878704,  29.914897       
# span 6 =     4.4699,     9.5381       
# span 7 =     4.5359,     9.8822       
# span 8 =    -0.0152,     1.8417       
# span 9 =    84.7100,    91.9834       
# span 10 = 1.0000e-12, 2.4163e+03      
# span 11 =  -64.83128,  -64.83080      
# span 12 =  -63.90174,  -63.90163      
# span 13 = 344.672539, 344.684065      
# span 14 =       6.12,     100.48      
# span 15 = 1.3120e+03, 1.5849e+03      
# span 16 =    940.391,   1936.228      
# span 17 =      22570,      46470      
# span 18 =  1027.1171,  1029.6342      
# span 19 =  1027.1155,  1029.6332      
# span 20 =    33.7531,    34.6033      
# span 21 =    33.7512,    34.6019      
# span 22 =    7.79602,    8.14915      
# span 23 =         16,         49      
# span 24 = 0.0000e+00, 0.0000e+00      
# interval = decibars: 1                
# start_time = Dec 10 2021 15:52:47 [NMEA time, header]
# bad_flag = -9.990e-29
*END*
    407.000    402.619     1.1573  29.916241     1.1569  29.914897     4.4790     4.5421     0.0001    91.8718 1.0000e-12  -64.83106  -63.90166 344.672539       9.69 1.3132e+03    940.391      22570  1029.6342  1029.6332    34.6032    34.6019    7.79606         41 0.0000e+00
    406.000    401.628     1.1573  29.915746     1.1567  29.914065     4.4750     4.5422     0.0020    91.8415 1.0000e-12  -64.83106  -63.90166 344.672588      10.77 1.3254e+03    944.590      22671  1029.6294  1029.6283    34.6032    34.6017    7.79607         35 0.0000e+00
    405.000    400.644     1.1575  29.915486     1.1571  29.913983     4.4699     4.5377     0.0000    91.8329 1.0000e-12  -64.83106  -63.90166 344.672693      11.51 1.3515e+03    953.686      22889  1029.6247  1029.6236    34.6032    34.6017    7.79602         18 0.0000e+00
    404.000    399.654     1.1574  29.914979     1.1571  29.913446     4.4755     4.5400    -0.0004    91.8288 1.0000e-12  -64.83106  -63.90166 344.672703      12.42 1.3540e+03    954.511      22909  1029.6201  1029.6188    34.6033    34.6017    7.79605         19 0.0000e+00
    403.000    398.665     1.1568  29.913918     1.1565  29.912576     4.4773     4.5359    -0.0004    91.8036 1.0000e-12  -64.83106  -63.90166 344.672712      13.51 1.3559e+03    955.356      22930  1029.6153  1029.6142    34.6031    34.6017    7.79616         22 0.0000e+00
    402.000    397.677     1.1555  29.912140     1.1555  29.911022     4.4762     4.5383    -0.0004    91.7901 1.0000e-12  -64.83106  -63.90166 344.672724      14.62 1.3574e+03    956.368      22954  1029.6106  1029.6094    34.6028    34.6014    7.79644         28 0.0000e+00
    401.000    396.688     1.1552  29.911314     1.1558  29.910943     4.4778     4.5410    -0.0028    91.8145 1.0000e-12  -64.83105  -63.90164 344.672743      15.90 1.3574e+03    957.960      22992  1029.6057  1029.6048    34.6027    34.6015    7.79650         32 0.0000e+00
    400.000    395.700     1.1563  29.912133     1.1564  29.911116     4.4780     4.5410    -0.0071    91.8295 1.0000e-12  -64.83104  -63.90163 344.672785      16.98 1.3610e+03    961.609      23080  1029.6013  1029.6001    34.6031    34.6017    7.79626         34 0.0000e+00
    399.000    394.711     1.1567  29.911982     1.1564  29.910540     4.4894     4.5485     0.0042    91.7922 1.0000e-12  -64.83104  -63.90164 344.672803      17.79 1.3643e+03    963.194      23118  1029.5965  1029.5954    34.6031    34.6016    7.79619         27 0.0000e+00
    398.000    393.726     1.1549  29.909814     1.1545  29.908415     4.4933     4.5503     0.0102    91.8235 1.0000e-12  -64.83104  -63.90164 344.672814      18.64 1.3654e+03    964.139      23140  1029.5918  1029.5908    34.6029    34.6015    7.79656         21 0.0000e+00
    397.000    392.735     1.1524  29.906576     1.1520  29.905176     4.4921     4.5539     0.0100    91.8301 1.0000e-12  -64.83104  -63.90164 344.672824      19.49 1.3662e+03    964.953      23160  1029.5868  1029.5857    34.6021    34.6007    7.79711         19 0.0000e+00
    396.000    391.748     1.1517  29.905470     1.1515  29.904217     4.4863     4.5520    -0.0058    91.8143 1.0000e-12  -64.83104  -63.90165 344.672833      20.59 1.3671e+03    965.731      23179  1029.5820  1029.5810    34.6020    34.6006    7.79725         19 0.0000e+00
    395.000    390.759     1.1514  29.904662     1.1512  29.903378     4.4822     4.5476    -0.0115    91.8073 1.0000e-12  -64.83104  -63.90166 344.672842      21.58 1.3680e+03    966.534      23198  1029.5773  1029.5762    34.6019    34.6004    7.79732         19 0.0000e+00
    394.000    389.772     1.1512  29.904009     1.1510  29.902640     4.4798     4.5465    -0.0147    91.8037 1.0000e-12  -64.83104  -63.90166 344.672852      22.60 1.3680e+03    967.398      23219  1029.5725  1029.5714    34.6018    34.6003    7.79735         22 0.0000e+00
    393.000    388.781     1.1511  29.903498     1.1508  29.902068     4.4828     4.5485    -0.0138    91.8050 1.0000e-12  -64.83104  -63.90164 344.672863      23.65 1.3680e+03    968.351      23241  1029.5679  1029.5667    34.6019    34.6003    7.79737         24 0.0000e+00
    392.000    387.794     1.1512  29.903127     1.1508  29.901684     4.4827     4.5476    -0.0022    91.8337 1.0000e-12  -64.83104  -63.90164 344.672877      24.77 1.3680e+03    969.546      23270  1029.5631  1029.5621    34.6018    34.6004    7.79735         34 0.0000e+00
    391.000    386.806     1.1515  29.902967     1.1511  29.901455     4.4815     4.5494    -0.0012    91.8287 1.0000e-12  -64.83104  -63.90164 344.672908      25.96 1.3691e+03    972.246      23335  1029.5585  1029.5573    34.6019    34.6004    7.79729         28 0.0000e+00
    390.000    385.819     1.1513  29.902332     1.1511  29.901090     4.4758     4.5455     0.0043    91.8063 1.0000e-12  -64.83104  -63.90164 344.672931      26.86 1.3715e+03    974.267      23383  1029.5537  1029.5527    34.6018    34.6005    7.79733         26 0.0000e+00
    389.000    384.830     1.1509  29.901559     1.1504  29.899936     4.4754     4.5508     0.0050    91.8072 1.0000e-12  -64.83104  -63.90164 344.672942      27.51 1.3706e+03    975.148      23405  1029.5491  1029.5480    34.6019    34.6003    7.79740         19 0.0000e+00
    388.000    383.840     1.1501  29.900241     1.1498  29.898879     4.4739     4.5578    -0.0078    91.8194 1.0000e-12  -64.83104  -63.90164 344.672950      28.33 1.3698e+03    975.882      23422  1029.5444  1029.5432    34.6017    34.6002    7.79759         17 0.0000e+00
    387.000    382.852     1.1497  29.899309     1.1494  29.898018     4.4768     4.5566    -0.0068    91.8329 1.0000e-12  -64.83104  -63.90164 344.672958      29.62 1.3698e+03    976.583      23439  1029.5396  1029.5385    34.6015    34.6001    7.79768         17 0.0000e+00
    386.000    381.865     1.1496  29.898682     1.1492  29.897332     4.4819     4.5496    -0.0054    91.8396 1.0000e-12  -64.83104  -63.90164 344.672967      30.43 1.3698e+03    977.324      23457  1029.5349  1029.5337    34.6014    34.6001    7.79770         19 0.0000e+00
    385.000    380.876     1.1493  29.898064     1.1491  29.896777     4.4827     4.5491    -0.0012    91.8579 1.0000e-12  -64.83104  -63.90164 344.672976      31.57 1.3698e+03    978.153      23477  1029.5302  1029.5291    34.6015    34.6001    7.79775         22 0.0000e+00
    384.000    379.887     1.1493  29.897646     1.1490  29.896271     4.4865     4.5507    -0.0076    91.8275 1.0000e-12  -64.83104  -63.90164 344.672987      32.67 1.3698e+03    979.091      23499  1029.5255  1029.5244    34.6015    34.6001    7.79775         22 0.0000e+00
    383.000    378.900     1.1490  29.896894     1.1489  29.895586     4.4788     4.5493     0.0087    91.8092 1.0000e-12  -64.83104  -63.90164 344.672999      33.52 1.3705e+03    980.084      23523  1029.5208  1029.5196    34.6015    34.6000    7.79781         25 0.0000e+00
    382.000    377.910     1.1489  29.896269     1.1486  29.895001     4.4842     4.5476     0.0144    91.8224 1.0000e-12  -64.83104  -63.90164 344.673011      34.49 1.3705e+03    981.156      23549  1029.5161  1029.5150    34.6014    34.6001    7.79784         28 0.0000e+00
    381.000    376.922     1.1490  29.895878     1.1488  29.894622     4.4836     4.5543     0.0008    91.8332 1.0000e-12  -64.83103  -63.90164 344.673027      35.89 1.3698e+03    982.574      23583  1029.5114  1029.5102    34.6014    34.6000    7.79782         39 0.0000e+00
    380.000    375.935     1.1492  29.895598     1.1487  29.894146     4.4825     4.5529    -0.0059    91.8529 1.0000e-12  -64.83102  -63.90164 344.673052      36.89 1.3705e+03    984.667      23633  1029.5066  1029.5056    34.6014    34.6000    7.79779         37 0.0000e+00
    379.000    374.946     1.1489  29.894938     1.1486  29.893557     4.4864     4.5502    -0.0078    91.8411 1.0000e-12  -64.83102  -63.90164 344.673069      38.01 1.3728e+03    986.203      23670  1029.5020  1029.5008    34.6014    34.6000    7.79784         30 0.0000e+00
    378.000    373.957     1.1488  29.894366     1.1484  29.893088     4.4826     4.5533    -0.0077    91.8669 1.0000e-12  -64.83102  -63.90164 344.673082      38.90 1.3728e+03    987.287      23696  1029.4973  1029.4963    34.6014    34.6001    7.79786         24 0.0000e+00
    377.000    372.969     1.1474  29.892675     1.1475  29.891753     4.4852     4.5591    -0.0077    91.8586 1.0000e-12  -64.83102  -63.90164 344.673094      39.71 1.3715e+03    988.278      23720  1029.4926  1029.4915    34.6013    34.6000    7.79814         24 0.0000e+00
    376.000    371.979     1.1466  29.891392     1.1464  29.889986     4.4776     4.5568    -0.0059    91.8587 1.0000e-12  -64.83102  -63.90164 344.673105      40.83 1.3702e+03    989.273      23744  1029.4878  1029.4866    34.6011    34.5995    7.79831         24 0.0000e+00
    375.000    370.993     1.1461  29.890330     1.1459  29.889014     4.4884     4.5535    -0.0004    91.8587 1.0000e-12  -64.83102  -63.90166 344.673117      41.62 1.3698e+03    990.300      23768  1029.4830  1029.4819    34.6009    34.5995    7.79842         25 0.0000e+00
    374.000    370.003     1.1459  29.889697     1.1457  29.888428     4.4883     4.5529    -0.0013    91.8533 1.0000e-12  -64.83102  -63.90166 344.673129      43.04 1.3698e+03    991.331      23793  1029.4783  1029.4772    34.6009    34.5995    7.79846         25 0.0000e+00
    373.000    369.015     1.1459  29.889200     1.1457  29.887853     4.4824     4.5564    -0.0077    91.6516 1.0000e-12  -64.83102  -63.90166 344.673140      44.20 1.3698e+03    992.318      23817  1029.4736  1029.4724    34.6008    34.5993    7.79846         22 0.0000e+00
    372.000    368.027     1.1458  29.888642     1.1456  29.887325     4.4873     4.5521     0.0092    91.8793 1.0000e-12  -64.83102  -63.90164 344.673151      45.28 1.3698e+03    993.242      23839  1029.4689  1029.4677    34.6008    34.5994    7.79849         22 0.0000e+00
    371.000    367.039     1.1458  29.888179     1.1453  29.886562     4.4840     4.5517     0.0018    91.8717 1.0000e-12  -64.83102  -63.90164 344.673162      46.19 1.3698e+03    994.203      23862  1029.4642  1029.4630    34.6008    34.5993    7.79849         26 0.0000e+00
    370.000    366.049     1.1459  29.887867     1.1456  29.886464     4.4908     4.5549    -0.0069    91.8839 1.0000e-12  -64.83101  -63.90164 344.673177      47.46 1.3691e+03    995.512      23893  1029.4595  1029.4583    34.6009    34.5994    7.79846         35 0.0000e+00
    369.000    365.060     1.1458  29.887391     1.1451  29.885579     4.4922     4.5561    -0.0073    91.8776 1.0000e-12  -64.83100  -63.90164 344.673202      48.30 1.3682e+03    997.635      23944  1029.4548  1029.4536    34.6009    34.5993    7.79848         35 0.0000e+00
    368.000    364.070     1.1453  29.886266     1.1449  29.884837     4.4910     4.5543    -0.0037    91.8806 1.0000e-12  -64.83100  -63.90164 344.673221      49.22 1.3698e+03    999.280      23984  1029.4500  1029.4489    34.6007    34.5992    7.79860         27 0.0000e+00
    367.000    363.084     1.1444  29.885050     1.1440  29.883514     4.4849     4.5514    -0.0078    91.9050 1.0000e-12  -64.83100  -63.90164 344.673234      50.27 1.3698e+03   1000.395      24010  1029.4454  1029.4442    34.6006    34.5991    7.79877         23 0.0000e+00
    366.000    362.097     1.1455  29.885514     1.1450  29.883838     4.4874     4.5508    -0.0074    91.8889 1.0000e-12  -64.83100  -63.90164 344.673245      51.18 1.3693e+03   1001.335      24033  1029.4405  1029.4393    34.6006    34.5990    7.79856         23 0.0000e+00
    365.000    361.107     1.1474  29.887251     1.1467  29.885499     4.4755     4.5466    -0.0077    91.9349 1.0000e-12  -64.83100  -63.90164 344.673255      52.18 1.3670e+03   1002.271      24055  1029.4362  1029.4350    34.6013    34.5998    7.79814         23 0.0000e+00
    364.000    360.119     1.1476  29.887172     1.1474  29.885849     4.4769     4.5483    -0.0068    91.9314 1.0000e-12  -64.83100  -63.90164 344.673268      53.54 1.3640e+03   1003.335      24081  1029.4317  1029.4304    34.6016    34.6000    7.79809         28 0.0000e+00
    363.000    359.130     1.1470  29.886049     1.1463  29.884242     4.4750     4.5532     0.0042    91.9290 1.0000e-12  -64.83100  -63.90164 344.673282      54.70 1.3627e+03   1004.564      24111  1029.4269  1029.4257    34.6014    34.5998    7.79822         30 0.0000e+00
    362.000    358.143     1.1475  29.886089     1.1472  29.884617     4.4717     4.5502    -0.0044    91.9412 1.0000e-12  -64.83100  -63.90164 344.673297      55.36 1.3627e+03   1005.829      24141  1029.4222  1029.4210    34.6014    34.5999    7.79811         30 0.0000e+00
    361.000    357.153     1.1474  29.885527     1.1471  29.884217     4.4798     4.5545    -0.0037    91.9466 1.0000e-12  -64.83100  -63.90164 344.673311      56.37 1.3627e+03   1007.050      24170  1029.4175  1029.4164    34.6015    34.6000    7.79814         29 0.0000e+00
    360.000    356.164     1.1460  29.883756     1.1459  29.882579     4.4882     4.5599    -0.0031    91.9056 1.0000e-12  -64.83100  -63.90164 344.673325      57.54 1.3627e+03   1008.278      24200  1029.4128  1029.4117    34.6012    34.5998    7.79842         30 0.0000e+00
    359.000    355.177     1.1449  29.882045     1.1450  29.881106     4.4922     4.5564    -0.0056    91.9194 1.0000e-12  -64.83100  -63.90164 344.673339      58.42 1.3617e+03   1009.483      24229  1029.4079  1029.4068    34.6008    34.5995    7.79866         28 0.0000e+00
    358.000    354.188     1.1439  29.880503     1.1440  29.879490     4.4954     4.5607    -0.0077    91.9386 1.0000e-12  -64.83099  -63.90164 344.673352      59.35 1.3609e+03   1010.639      24256  1029.4031  1029.4020    34.6006    34.5992    7.79888         28 0.0000e+00
    357.000    353.200     1.1426  29.878768     1.1428  29.877895     4.4953     4.5635    -0.0015    91.9359 1.0000e-12  -64.83098  -63.90164 344.673366      60.67 1.3595e+03   1011.782      24284  1029.3983  1029.3972    34.6004    34.5990    7.79915         27 0.0000e+00
    356.000    352.211     1.1415  29.877057     1.1415  29.876089     4.4975     4.5601     0.0005    91.9359 1.0000e-12  -64.83098  -63.90164 344.673380      61.44 1.3580e+03   1013.004      24313  1029.3934  1029.3924    34.6000    34.5987    7.79939         32 0.0000e+00
    355.000    351.222     1.1410  29.876106     1.1417  29.875770     4.4951     4.5666     0.0097    91.9367 1.0000e-12  -64.83098  -63.90164 344.673396      62.48 1.3553e+03   1014.385      24346  1029.3887  1029.3877    34.5999    34.5987    7.79949         33 0.0000e+00
    354.000    350.233     1.1400  29.874584     1.1407  29.874435     4.4998     4.5617     0.0013    91.9025 1.0000e-12  -64.83098  -63.90164 344.673412      63.90 1.3501e+03   1015.758      24379  1029.3839  1029.3830    34.5996    34.5987    7.79971         30 0.0000e+00
    353.000    349.246     1.1398  29.873971     1.1400  29.873070     4.4988     4.5607     0.0028    91.9358 1.0000e-12  -64.83098  -63.90164 344.673426      64.91 1.3455e+03   1017.009      24409  1029.3792  1029.3780    34.5996    34.5982    7.79974         28 0.0000e+00
    352.000    348.257     1.1391  29.872762     1.1389  29.871588     4.4959     4.5635    -0.0065    91.9256 1.0000e-12  -64.83098  -63.90164 344.673440      65.87 1.3404e+03   1018.191      24438  1029.3744  1029.3733    34.5994    34.5981    7.79990         30 0.0000e+00
    351.000    347.268     1.1392  29.872459     1.1389  29.871144     4.4890     4.5662    -0.0035    91.9259 1.0000e-12  -64.83098  -63.90164 344.673454      66.65 1.3374e+03   1019.445      24468  1029.3697  1029.3686    34.5995    34.5981    7.79987         31 0.0000e+00
