NBP2113_155081_ctd/data/unbp2113_024.cnv
* Sea-Bird SBE 9 Data File:
* FileName = D:\Data\raw\NBP2113_024.hex
* Software Version Seasave V 7.26.7.121
* Temperature SN = 2438
* Conductivity SN = 2067
* Number of Bytes Per Scan = 40
* Number of Voltage Words = 5
* Number of Scans Averaged by the Deck Unit = 1
* NMEA Latitude = 67 06.83 S
* NMEA Longitude = 071 31.86 W
* NMEA UTC (Time) = Dec 02 2021  07:40:38
* NMEA baud rate = 9600
** Ship: RVIB N.B. Palmer
** Cruise: NBP2113 LTER
** Station: 200.100
** Operator: B. Urmston
# nquan = 25
# nvalues = 421                         
# units = specified
# name 0 = prDM: Pressure, Digiquartz [db]
# name 1 = depSM: Depth [salt water, m]
# name 2 = t090C: Temperature [ITS-90, deg C]
# name 3 = c0mS/cm: Conductivity [mS/cm]
# name 4 = t190C: Temperature, 2 [ITS-90, deg C]
# name 5 = c1mS/cm: Conductivity, 2 [mS/cm]
# name 6 = sbeox0ML/L: Oxygen, SBE 43 [ml/l]
# name 7 = sbeox1ML/L: Oxygen, SBE 43, 2 [ml/l]
# name 8 = flECO-AFL: Fluorescence, WET Labs ECO-AFL/FL [mg/m^3]
# name 9 = CStarTr0: Beam Transmission, WET Labs C-Star [%]
# name 10 = par: PAR/Irradiance, Biospherical/Licor
# name 11 = latitude: Latitude [deg]
# name 12 = longitude: Longitude [deg]
# name 13 = timeJ: Julian Days
# name 14 = altM: Altimeter [m]
# name 15 = spar: SPAR, Biospherical/Licor
# name 16 = timeS: Time, Elapsed [seconds]
# name 17 = scan: Scan Count
# name 18 = density00: Density [density, kg/m^3]
# name 19 = density11: Density, 2 [density, kg/m^3]
# name 20 = sal00: Salinity, Practical [PSU]
# name 21 = sal11: Salinity, Practical, 2 [PSU]
# name 22 = oxsolML/L: Oxygen Saturation, Garcia & Gordon [ml/l]
# name 23 = nbin: number of scans per bin
# name 24 = flag: flag
# span 0 =      1.000,    421.000       
# span 1 =      0.990,    416.390       
# span 2 =    -0.4943,     1.4683       
# span 3 =  27.886151,  30.199828       
# span 4 =    -0.4946,     1.4675       
# span 5 =  27.882935,  30.198172       
# span 6 =     3.8460,    17.6668       
# span 7 =     3.9074,     9.9644       
# span 8 =    -0.0148,     3.2440       
# span 9 =    87.7380,    97.2708       
# span 10 = 1.0000e-12, 5.7867e+01      
# span 11 =  -67.11402,  -67.11382      
# span 12 =  -71.53106,  -71.53022      
# span 13 = 336.331947, 336.344568      
# span 14 =       9.01,     100.64      
# span 15 = 4.5830e+01, 5.8175e+01      
# span 16 =   1042.232,   2132.679      
# span 17 =      25015,      51185      
# span 18 =  1027.3386,  1029.7676      
# span 19 =  1027.3372,  1029.7660      
# span 20 =    34.0145,    34.7101      
# span 21 =    34.0122,    34.7082      
# span 22 =    7.72970,    8.17097      
# span 23 =          8,         45      
# span 24 = 0.0000e+00, 0.0000e+00      
# interval = decibars: 1                
# start_time = Dec 02 2021 07:40:38 [NMEA time, header]
# bad_flag = -9.990e-29
*END*
[from data line 290]
    131.000    129.657     1.3592  29.993946     1.3578  29.991082     3.8946     3.9653     0.0008    97.2385 1.0000e-12  -67.11390  -71.53072 336.339816      99.98 4.5835e+01   1722.099      41331  1028.3498  1028.3483    34.6398    34.6377    7.75409         24 0.0000e+00
    130.000    128.667     1.3501  29.982255     1.3503  29.981477     3.8897     3.9659     0.0009    97.2282 1.0000e-12  -67.11390  -71.53073 336.339825      99.98 4.5835e+01   1722.920      41351  1028.3426  1028.3416    34.6356    34.6343    7.75612         17 0.0000e+00
    129.000    127.678     1.3440  29.975095     1.3442  29.974176     3.8891     3.9599     0.0022    97.2183 1.0000e-12  -67.11390  -71.53074 336.339833      99.97 4.5835e+01   1723.563      41367  1028.3370  1028.3359    34.6337    34.6324    7.75742         14 0.0000e+00
    128.000    126.689     1.3407  29.970876     1.3416  29.970671     3.8840     3.9531     0.0015    97.2392 1.0000e-12  -67.11390  -71.53074 336.339840      99.98 4.5835e+01   1724.183      41381  1028.3316  1028.3305    34.6326    34.6313    7.75813         15 0.0000e+00
    127.000    125.695     1.3368  29.966037     1.3377  29.965969     3.8899     3.9514     0.0005    97.2403 1.0000e-12  -67.11390  -71.53074 336.339848      99.98 4.5835e+01   1724.832      41397  1028.3263  1028.3253    34.6313    34.6302    7.75897         17 0.0000e+00
    126.000    124.709     1.3325  29.960876     1.3355  29.962971     3.9015     3.9559    -0.0010    97.2403 1.0000e-12  -67.11391  -71.53073 336.339856      99.98 4.5835e+01   1725.599      41415  1028.3209  1028.3201    34.6301    34.6294    7.75990         21 0.0000e+00
    125.000    123.719     1.3362  29.964724     1.3403  29.967837     3.9117     3.9589    -0.0031    97.2194 1.0000e-12  -67.11392  -71.53071 336.339870      99.97 4.5835e+01   1726.806      41444  1028.3169  1028.3161    34.6315    34.6310    7.75908         35 0.0000e+00
    124.000    122.732     1.3391  29.967871     1.3385  29.966076     3.9023     3.9591     0.0016    97.2374 1.0000e-12  -67.11392  -71.53066 336.339907      99.98 4.5835e+01   1729.934      41519  1028.3128  1028.3116    34.6328    34.6312    7.75843         31 0.0000e+00
    123.000    121.741     1.3386  29.966403     1.3392  29.965664     3.9102     3.9638     0.0014    97.2303 1.0000e-12  -67.11392  -71.53064 336.339923      99.98 4.5835e+01   1731.342      41553  1028.3076  1028.3063    34.6321    34.6305    7.75858         21 0.0000e+00
    122.000    120.752     1.3324  29.958605     1.3334  29.958726     3.9130     3.9638    -0.0147    97.2156 1.0000e-12  -67.11392  -71.53064 336.339932      99.97 4.5835e+01   1732.111      41572  1028.3014  1028.3005    34.6296    34.6286    7.75993         17 0.0000e+00
    121.000    119.759     1.3158  29.939889     1.3173  29.940459     3.9151     3.9628    -0.0049    97.2178 1.0000e-12  -67.11392  -71.53064 336.339940      99.98 4.5835e+01   1732.775      41588  1028.2943  1028.2935    34.6246    34.6237    7.76348         16 0.0000e+00
    120.000    118.773     1.3060  29.928865     1.3099  29.931899     3.9172     3.9647     0.0017    97.2160 1.0000e-12  -67.11392  -71.53064 336.339948      99.98 4.5835e+01   1733.480      41605  1028.2884  1028.2876    34.6219    34.6215    7.76556         18 0.0000e+00
    119.000    117.782     1.3006  29.922706     1.3061  29.928083     3.9169     3.9711     0.0121    97.2157 1.0000e-12  -67.11392  -71.53064 336.339957      99.98 4.5835e+01   1734.327      41625  1028.2830  1028.2831    34.6206    34.6214    7.76669         24 0.0000e+00
    118.000    116.793     1.3105  29.932911     1.3072  29.928396     3.9187     3.9689     0.0140    97.2028 1.0000e-12  -67.11390  -71.53066 336.339972      99.98 4.5835e+01   1735.555      41654  1028.2794  1028.2780    34.6234    34.6212    7.76460         34 0.0000e+00
    117.000    115.802     1.3073  29.929434     1.3053  29.926561     3.9253     3.9684     0.0137    97.2125 1.0000e-12  -67.11390  -71.53065 336.339991      99.98 4.5835e+01   1737.208      41694  1028.2746  1028.2736    34.6230    34.6215    7.76525         39 0.0000e+00
    116.000    114.814     1.3075  29.929499     1.3058  29.925954     3.9151     3.9688     0.0121    97.2146 1.0000e-12  -67.11390  -71.53064 336.340011      99.98 4.5835e+01   1738.930      41735  1028.2701  1028.2681    34.6235    34.6208    7.76518         35 0.0000e+00
    115.000    113.824     1.2899  29.909408     1.2921  29.909756     3.8970     3.9638     0.0051    97.2146 1.0000e-12  -67.11390  -71.53062 336.340031      99.98 4.5835e+01   1740.707      41778  1028.2625  1028.2606    34.6178    34.6158    7.76897         40 0.0000e+00
    114.000    112.836     1.2785  29.896560     1.2853  29.902823     3.8784     3.9498     0.0788    97.2202 1.0000e-12  -67.11390  -71.53060 336.340049      99.98 4.5835e+01   1742.262      41815  1028.2562  1028.2559    34.6146    34.6151    7.77140         30 0.0000e+00
    113.000    111.847     1.2693  29.886243     1.2891  29.906188     3.8660     3.9424     0.1261    97.2086 1.0000e-12  -67.11390  -71.53060 336.340061      99.97 4.5835e+01   1743.258      41839  1028.2502  1028.2512    34.6121    34.6158    7.77335         19 0.0000e+00
    112.000    110.856     1.2595  29.875568     1.2677  29.882631     3.8665     3.9360     0.0151    97.2048 1.0000e-12  -67.11390  -71.53060 336.340069      99.98 4.5835e+01   1743.967      41856  1028.2446  1028.2439    34.6098    34.6099    7.77541         16 0.0000e+00
    111.000    109.865     1.2524  29.867024     1.2551  29.868559     3.8577     3.9364     0.0158    97.1885 1.0000e-12  -67.11390  -71.53060 336.340076      99.98 4.5835e+01   1744.575      41871  1028.2385  1028.2375    34.6074    34.6064    7.77695         14 0.0000e+00
    110.000    108.878     1.2404  29.853762     1.2432  29.855758     3.8711     3.9351     0.0127    97.1366 1.0000e-12  -67.11390  -71.53060 336.340083      99.98 4.5835e+01   1745.154      41885  1028.2324  1028.2317    34.6043    34.6037    7.77951         14 0.0000e+00
    109.000    107.885     1.2270  29.839258     1.2315  29.842804     3.8796     3.9359     0.0032    97.1551 1.0000e-12  -67.11390  -71.53059 336.340090      99.97 4.5835e+01   1745.773      41900  1028.2263  1028.2256    34.6011    34.6007    7.78233         16 0.0000e+00
    108.000    106.898     1.2254  29.837322     1.2387  29.851074     3.8869     3.9339     0.0076    97.1373 1.0000e-12  -67.11390  -71.53058 336.340099      99.98 4.5835e+01   1746.581      41919  1028.2215  1028.2225    34.6010    34.6038    7.78266         25 0.0000e+00
    107.000    105.907     1.2411  29.853896     1.2394  29.850458     3.8630     3.9324     0.0110    97.1402 1.0000e-12  -67.11390  -71.53056 336.340148      99.97 4.5835e+01   1750.781      42020  1028.2182  1028.2164    34.6054    34.6029    7.77930         28 0.0000e+00
    106.000    104.918     1.2371  29.848390     1.2328  29.843065     3.8622     3.9245     0.0012    97.1557 1.0000e-12  -67.11390  -71.53056 336.340159      99.98 4.5835e+01   1751.752      42043  1028.2122  1028.2110    34.6034    34.6013    7.78021         20 0.0000e+00
    105.000    103.929     1.2095  29.819430     1.2177  29.827230     3.8664     3.9212     0.0017    97.1481 1.0000e-12  -67.11389  -71.53056 336.340169      99.98 4.5835e+01   1752.635      42064  1028.2052  1028.2053    34.5974    34.5983    7.78600         24 0.0000e+00
    104.000    102.940     1.2140  29.824854     1.2205  29.829303     3.8594     3.9148     0.0181    97.1081 1.0000e-12  -67.11389  -71.53055 336.340188      99.98 4.5835e+01   1754.233      42103  1028.2020  1028.2001    34.6000    34.5985    7.78498         30 0.0000e+00
    103.000    101.951     1.1896  29.798243     1.1949  29.802419     3.8555     3.9104     0.0160    97.1328 1.0000e-12  -67.11390  -71.53050 336.340223      99.97 4.5835e+01   1757.265      42175  1028.1940  1028.1931    34.5935    34.5929    7.79017         38 0.0000e+00
    102.000    100.961     1.2059  29.814819     1.2002  29.807819     3.8460     3.9091     0.0306    97.1236 1.0000e-12  -67.11390  -71.53048 336.340237      99.97 4.6085e+01   1758.510      42205  1028.1905  1028.1890    34.5973    34.5946    7.78673         25 0.0000e+00
    101.000     99.970     1.1809  29.787674     1.1858  29.791909     3.8550     3.9113     0.0348    97.0966 1.0000e-12  -67.11390  -71.53048 336.340248      99.97 4.6002e+01   1759.425      42227  1028.1830  1028.1825    34.5907    34.5907    7.79205         21 0.0000e+00
    100.000     98.981     1.1707  29.776855     1.1797  29.785220     3.8623     3.9140     0.0195    97.0839 1.0000e-12  -67.11388  -71.53050 336.340258      99.98 4.6198e+01   1760.336      42249  1028.1774  1028.1772    34.5887    34.5894    7.79418         24 0.0000e+00
     99.000     97.992     1.1705  29.776578     1.1836  29.789097     3.8659     3.9074     0.0151    97.0617 1.0000e-12  -67.11388  -71.53050 336.340279      99.98 4.6818e+01   1762.082      42291  1028.1728  1028.1729    34.5891    34.5907    7.79420         35 0.0000e+00
     98.000     97.003     1.1541  29.758663     1.1526  29.755900     3.8716     3.9208     0.0297    97.0781 1.0000e-12  -67.11388  -71.53044 336.340386      99.97 4.7641e+01   1771.342      42513  1028.1653  1028.1639    34.5849    34.5830    7.79769         18 0.0000e+00
     97.000     96.012     1.1478  29.751114     1.1532  29.755764     3.8792     3.9273     0.0289    97.0840 1.0000e-12  -67.11388  -71.53044 336.340388      99.97 4.7598e+01   1771.514      42517  1028.1595  1028.1590    34.5828    34.5828    7.79906         13 0.0000e+00
     96.000     95.024     1.1373  29.739870     1.1444  29.745737     3.8893     3.9298     0.0166    97.0599 1.0000e-12  -67.11388  -71.53044 336.340394      99.98 4.7598e+01   1772.025      42530  1028.1541  1028.1531    34.5806    34.5803    7.80128         12 0.0000e+00
     95.000     94.037     1.1333  29.735521     1.1339  29.734807     3.8997     3.9311     0.0129    97.0601 1.0000e-12  -67.11388  -71.53044 336.340399      99.98 4.7598e+01   1772.503      42541  1028.1491  1028.1478    34.5799    34.5784    7.80209         11 0.0000e+00
     94.000     93.039     1.1302  29.731508     1.1294  29.729580     3.8964     3.9297     0.0270    97.0578 1.0000e-12  -67.11388  -71.53044 336.340405      99.97 4.7598e+01   1772.940      42552  1028.1437  1028.1425    34.5789    34.5772    7.80278         11 0.0000e+00
     93.000     92.058     1.1159  29.716073     1.1169  29.715489     3.8917     3.9259     0.0437    97.0407 1.0000e-12  -67.11388  -71.53044 336.340410      99.97 4.7598e+01   1773.439      42564  1028.1376  1028.1360    34.5755    34.5736    7.80581         12 0.0000e+00
     92.000     91.063     1.0962  29.694933     1.0991  29.697238     3.8841     3.9224     0.0320    97.0260 1.0000e-12  -67.11388  -71.53044 336.340417      99.97 4.7598e+01   1774.050      42578  1028.1308  1028.1304    34.5707    34.5705    7.81000         18 0.0000e+00
     91.000     90.076     1.0866  29.686131     1.0899  29.686736     3.9017     3.9435     0.0302    96.9513 1.0000e-12  -67.11387  -71.53040 336.340505      99.98 4.5898e+01   1781.607      42760  1028.1263  1028.1237    34.5706    34.5677    7.81192         25 0.0000e+00
     90.000     89.084     1.0731  29.670357     1.0645  29.660153     3.9186     3.9610     0.0354    96.9308 1.0000e-12  -67.11386  -71.53040 336.340548      99.97 4.5830e+01   1785.369      42850  1028.1188  1028.1167    34.5659    34.5623    7.81488         16 0.0000e+00
     89.000     88.096     1.0437  29.640479     1.0285  29.623836     3.9236     3.9564     0.0336    96.9403 1.0000e-12  -67.11386  -71.53040 336.340555      99.97 4.5835e+01   1785.959      42864  1028.1125  1028.1102    34.5606    34.5560    7.82105         19 0.0000e+00
     88.000     87.105     1.0541  29.652118     1.0378  29.632063     3.9110     3.9492     0.0289    96.9616 1.0000e-12  -67.11386  -71.53039 336.340566      99.98 4.5835e+01   1786.904      42887  1028.1098  1028.1050    34.5646    34.5569    7.81874         27 0.0000e+00
     87.000     86.116     1.0089  29.604956     1.0059  29.600665     3.9182     3.9633     0.0524    96.9708 1.0000e-12  -67.11384  -71.53023 336.340938      99.98 4.9295e+01   1819.073      43659  1028.0991  1028.0976    34.5546    34.5523    7.82834         26 0.0000e+00
     86.000     85.126     0.9962  29.591511     0.9901  29.584491     3.9181     3.9672     0.0365    96.9571 1.0000e-12  -67.11384  -71.53023 336.340959      99.98 4.9361e+01   1820.872      43702  1028.0933  1028.0921    34.5519    34.5497    7.83103         31 0.0000e+00
     85.000     84.137     0.9766  29.572409     0.9870  29.580898     3.9344     3.9653     0.0581    96.9356 1.0000e-12  -67.11382  -71.53026 336.340974      99.98 4.9361e+01   1822.179      43733  1028.0885  1028.0870    34.5497    34.5491    7.83509         32 0.0000e+00
     84.000     83.147     0.9756  29.574450     0.9838  29.578856     3.9330     3.9765     0.0582    96.8832 1.0000e-12  -67.11382  -71.53027 336.340990      99.98 4.9361e+01   1823.541      43766  1028.0871  1028.0836    34.5540    34.5506    7.83506         33 0.0000e+00
     83.000     82.157     0.8826  29.476284     0.8851  29.476204     4.0153     4.0715     0.0574    96.8299 1.0000e-12  -67.11383  -71.53025 336.341050      99.98 5.0552e+01   1828.680      43889  1028.0713  1028.0689    34.5310    34.5281    7.85504         36 0.0000e+00
     82.000     81.168     0.9091  29.501750     0.9196  29.511721     4.2089     4.2425     0.0658    96.8332 1.0000e-12  -67.11383  -71.53025 336.341085      99.97 5.1142e+01   1831.782      43964  1028.0663  1028.0665    34.5351    34.5363    7.84945         22 0.0000e+00
     81.000     80.180     0.8404  29.428569     0.8143  29.398820     4.3101     4.3117     0.0509    96.8511 1.0000e-12  -67.11382  -71.53026 336.341094      99.97 5.1124e+01   1832.501      43981  1028.0538  1028.0489    34.5173    34.5078    7.86427         17 0.0000e+00
     80.000     79.189     0.7740  29.358984     0.7225  29.305236     4.3780     4.3420     0.0640    96.8354 1.0000e-12  -67.11382  -71.53026 336.341101      99.98 5.1124e+01   1833.162      43997  1028.0421  1028.0370    34.5015    34.4890    7.87857         15 0.0000e+00
     79.000     78.198     0.6961  29.278985     0.6346  29.211698     4.4454     4.3461     0.0807    96.8203 1.0000e-12  -67.11382  -71.53026 336.341109      99.98 5.1124e+01   1833.813      44013  1028.0310  1028.0213    34.4849    34.4659    7.89530         16 0.0000e+00
     78.000     77.211     0.6536  29.231858     0.6184  29.198223     4.4537     4.3285     0.0982    96.7425 1.0000e-12  -67.11382  -71.53026 336.341118      99.98 5.1124e+01   1834.574      44031  1028.0188  1028.0181    34.4716    34.4669    7.90470         22 0.0000e+00
     77.000     76.220     0.7208  29.301975     0.7192  29.301338     4.3896     4.3997     0.1009    96.6810 1.0000e-12  -67.11383  -71.53025 336.341165      99.97 5.1124e+01   1838.658      44129  1028.0195  1028.0199    34.4884    34.4894    7.89008         32 0.0000e+00
     76.000     75.229     0.6576  29.235107     0.5843  29.157497     4.5881     4.4609     0.1078    96.6565 1.0000e-12  -67.11384  -71.53025 336.341199      99.97 5.1124e+01   1841.564      44199  1028.0067  1027.9972    34.4725    34.4530    7.90383         33 0.0000e+00
     75.000     74.240     0.5507  29.124097     0.6001  29.174166     4.9974     4.4826     0.1412    96.5308 1.0000e-12  -67.11384  -71.53025 336.341220      99.97 5.1124e+01   1843.406      44243  1027.9908  1027.9938    34.4474    34.4577    7.92705         44 0.0000e+00
