NBP2113_155081_ctd/data/unbp2113_052.cnv
* Sea-Bird SBE 9 Data File:
* FileName = D:\Data\raw\NBP2113_052.hex
* Software Version Seasave V 7.26.7.121
* Temperature SN = 2438
* Conductivity SN = 2067
* Number of Bytes Per Scan = 40
* Number of Voltage Words = 5
* Number of Scans Averaged by the Deck Unit = 1
* NMEA Latitude = 64 54.69 S
* NMEA Longitude = 064 40.23 W
* NMEA UTC (Time) = Dec 11 2021  16:24:27
* NMEA baud rate = 9600
** Ship: RVIB N.B. Palmer
** Cruise: NBP2113 LTER
** Station: 593.051
** Operator: S. Blackman
# nquan = 25
# nvalues = 955                         
# units = specified
# name 0 = prDM: Pressure, Digiquartz [db]
# name 1 = depSM: Depth [salt water, m]
# name 2 = t090C: Temperature [ITS-90, deg C]
# name 3 = c0mS/cm: Conductivity [mS/cm]
# name 4 = t190C: Temperature, 2 [ITS-90, deg C]
# name 5 = c1mS/cm: Conductivity, 2 [mS/cm]
# name 6 = sbeox0ML/L: Oxygen, SBE 43 [ml/l]
# name 7 = sbeox1ML/L: Oxygen, SBE 43, 2 [ml/l]
# name 8 = flECO-AFL: Fluorescence, WET Labs ECO-AFL/FL [mg/m^3]
# name 9 = CStarTr0: Beam Transmission, WET Labs C-Star [%]
# name 10 = par: PAR/Irradiance, Biospherical/Licor
# name 11 = latitude: Latitude [deg]
# name 12 = longitude: Longitude [deg]
# name 13 = timeJ: Julian Days
# name 14 = altM: Altimeter [m]
# name 15 = spar: SPAR, Biospherical/Licor
# name 16 = timeS: Time, Elapsed [seconds]
# name 17 = scan: Scan Count
# name 18 = density00: Density [density, kg/m^3]
# name 19 = density11: Density, 2 [density, kg/m^3]
# name 20 = sal00: Salinity, Practical [PSU]
# name 21 = sal11: Salinity, Practical, 2 [PSU]
# name 22 = oxsolML/L: Oxygen Saturation, Garcia & Gordon [ml/l]
# name 23 = nbin: number of scans per bin
# name 24 = flag: flag
# span 0 =      1.000,    955.000       
# span 1 =      0.989,    943.477       
# span 2 =    -0.7368,     1.4836       
# span 3 =  27.374513,  30.503059       
# span 4 =    -0.7448,     1.4834       
# span 5 =  27.362356,  30.501669       
# span 6 =     4.0474,     8.0729       
# span 7 =     4.1128,     8.1737       
# span 8 =    -0.0227,     1.7120       
# span 9 =    81.8827,    91.8546       
# span 10 = 1.0000e-12, 7.8527e+02      
# span 11 =  -64.91190,  -64.91178      
# span 12 =  -64.67152,  -64.67096      
# span 13 = 345.703514, 345.720935      
# span 14 =       8.39,     100.51      
# span 15 = 5.9603e+02, 1.3186e+03      
# span 16 =   1716.628,   3221.801      
# span 17 =      41200,      77324      
# span 18 =  1027.0247,  1032.2221      
# span 19 =  1027.0223,  1032.2210      
# span 20 =    33.6017,    34.6828      
# span 21 =    33.5931,    34.6813      
# span 22 =    7.72734,    8.24752      
# span 23 =          9,         44      
# span 24 = 0.0000e+00, 0.0000e+00      
# interval = decibars: 1                
# start_time = Dec 11 2021 16:24:27 [NMEA time, header]
# bad_flag = -9.990e-29
*END*
[from data line 464]
    491.000    485.613     1.3900  30.201304     1.3891  30.199376     4.1566     4.2193    -0.0077    91.8329 1.0000e-12  -64.91180  -64.67110 345.710050      99.97 1.1371e+03   2281.361      54754  1030.0558  1030.0547    34.6622    34.6607    7.74683         23 0.0000e+00
    490.000    484.625     1.3912  30.201779     1.3893  30.198885     4.1567     4.2162    -0.0077    91.8329 1.0000e-12  -64.91180  -64.67108 345.710063      99.97 1.1357e+03   2282.472      54780  1030.0509  1030.0498    34.6621    34.6605    7.74660         31 0.0000e+00
    489.000    483.638     1.3906  30.201031     1.3904  30.199753     4.1620     4.2218    -0.0068    91.8158 1.0000e-12  -64.91180  -64.67108 345.710079      99.97 1.1337e+03   2283.836      54813  1030.0465  1030.0454    34.6623    34.6609    7.74671         32 0.0000e+00
    488.000    482.650     1.3905  30.200344     1.3885  30.197348     4.1649     4.2191    -0.0060    91.8180 1.0000e-12  -64.91180  -64.67106 345.710094      99.97 1.1318e+03   2285.137      54844  1030.0416  1030.0406    34.6621    34.6605    7.74673         31 0.0000e+00
    487.000    481.662     1.3886  30.198171     1.3873  30.195537     4.1692     4.2233    -0.0121    91.8327 1.0000e-12  -64.91180  -64.67106 345.710109      99.97 1.1318e+03   2286.444      54876  1030.0371  1030.0357    34.6620    34.6601    7.74712         33 0.0000e+00
    486.000    480.674     1.3882  30.197182     1.3883  30.196282     4.1671     4.2228    -0.0077    91.8322 1.0000e-12  -64.91180  -64.67106 345.710127      99.97 1.1307e+03   2287.940      54912  1030.0323  1030.0311    34.6618    34.6605    7.74721         38 0.0000e+00
    485.000    479.686     1.3880  30.196535     1.3866  30.194020     4.1657     4.2259    -0.0077    91.7892 1.0000e-12  -64.91180  -64.67108 345.710144      99.97 1.1283e+03   2289.435      54947  1030.0275  1030.0263    34.6617    34.6601    7.74725         31 0.0000e+00
    484.000    478.698     1.3863  30.194187     1.3862  30.193093     4.1701     4.2278    -0.0077    91.8328 1.0000e-12  -64.91180  -64.67108 345.710157      99.97 1.1258e+03   2290.590      54975  1030.0226  1030.0215    34.6612    34.6599    7.74761         24 0.0000e+00
    483.000    477.711     1.3860  30.193462     1.3858  30.192154     4.1703     4.2229    -0.0077    91.8258 1.0000e-12  -64.91180  -64.67108 345.710168      99.97 1.1247e+03   2291.529      54998  1030.0179  1030.0168    34.6612    34.6597    7.74767         22 0.0000e+00
    482.000    476.723     1.3859  30.192901     1.3854  30.191379     4.1649     4.2228    -0.0126    91.8293 1.0000e-12  -64.91180  -64.67108 345.710179      99.97 1.1247e+03   2292.422      55019  1030.0133  1030.0121    34.6612    34.6597    7.74770         22 0.0000e+00
    481.000    475.735     1.3857  30.192239     1.3853  30.190797     4.1669     4.2249    -0.0141    91.8297 1.0000e-12  -64.91180  -64.67108 345.710190      99.97 1.1247e+03   2293.385      55042  1030.0085  1030.0074    34.6611    34.6597    7.74774         24 0.0000e+00
    480.000    474.746     1.3856  30.191701     1.3853  30.190312     4.1713     4.2289    -0.0092    91.8134 1.0000e-12  -64.91180  -64.67108 345.710203      99.97 1.1263e+03   2294.500      55069  1030.0039  1030.0027    34.6611    34.6596    7.74776         29 0.0000e+00
    479.000    473.760     1.3856  30.191277     1.3853  30.189834     4.1732     4.2271    -0.0070    91.8287 1.0000e-12  -64.91180  -64.67108 345.710217      99.97 1.1249e+03   2295.745      55099  1029.9991  1029.9980    34.6611    34.6596    7.74775         31 0.0000e+00
    478.000    472.770     1.3857  30.190793     1.3854  30.189461     4.1714     4.2247    -0.0077    91.8328 1.0000e-12  -64.91180  -64.67108 345.710232      99.97 1.1247e+03   2297.026      55130  1029.9944  1029.9933    34.6610    34.6596    7.74775         31 0.0000e+00
    477.000    471.783     1.3858  30.190514     1.3855  30.189148     4.1632     4.2252    -0.0077    91.8186 1.0000e-12  -64.91180  -64.67108 345.710248      99.97 1.1241e+03   2298.394      55162  1029.9897  1029.9885    34.6611    34.6596    7.74772         34 0.0000e+00
    476.000    470.795     1.3857  30.190039     1.3853  30.188564     4.1721     4.2237    -0.0113    91.8049 1.0000e-12  -64.91180  -64.67106 345.710265      99.97 1.1230e+03   2299.863      55198  1029.9851  1029.9840    34.6611    34.6597    7.74773         36 0.0000e+00
    475.000    469.808     1.3855  30.189270     1.3852  30.187861     4.1739     4.2322    -0.0190    91.7761 1.0000e-12  -64.91180  -64.67107 345.710283      99.97 1.1230e+03   2301.431      55235  1029.9803  1029.9792    34.6609    34.6595    7.74778         36 0.0000e+00
    474.000    468.820     1.3855  30.188773     1.3851  30.187347     4.1678     4.2286    -0.0183    91.8109 1.0000e-12  -64.91180  -64.67108 345.710304      99.97 1.1230e+03   2303.245      55279  1029.9756  1029.9745    34.6609    34.6595    7.74779         40 0.0000e+00
    473.000    467.832     1.3851  30.187994     1.3846  30.186492     4.1611     4.2368    -0.0166    91.8049 1.0000e-12  -64.91180  -64.67108 345.710319      99.97 1.1247e+03   2304.522      55310  1029.9710  1029.9699    34.6609    34.6595    7.74787         23 0.0000e+00
    472.000    466.844     1.3850  30.187380     1.3846  30.186036     4.1647     4.2329    -0.0081    91.7951 1.0000e-12  -64.91180  -64.67108 345.710328      99.97 1.1247e+03   2305.333      55329  1029.9662  1029.9652    34.6608    34.6595    7.74789         17 0.0000e+00
    471.000    465.854     1.3854  30.187284     1.3851  30.185949     4.1652     4.2297     0.0019    91.8171 1.0000e-12  -64.91180  -64.67108 345.710336      99.97 1.1247e+03   2305.988      55345  1029.9615  1029.9604    34.6609    34.6595    7.74782         15 0.0000e+00
    470.000    464.868     1.3855  30.186877     1.3850  30.185386     4.1725     4.2300    -0.0091    91.8254 1.0000e-12  -64.91180  -64.67108 345.710342      99.97 1.1247e+03   2306.593      55359  1029.9567  1029.9557    34.6607    34.6595    7.74779         14 0.0000e+00
    469.000    463.879     1.3850  30.185948     1.3845  30.184402     4.1702     4.2302    -0.0144    91.8060 1.0000e-12  -64.91180  -64.67108 345.710350      99.97 1.1247e+03   2307.217      55374  1029.9520  1029.9509    34.6607    34.6593    7.74789         16 0.0000e+00
    468.000    462.891     1.3846  30.185057     1.3842  30.183527     4.1734     4.2313     0.0009    91.7954 1.0000e-12  -64.91180  -64.67108 345.710358      99.97 1.1247e+03   2307.928      55391  1029.9473  1029.9462    34.6606    34.6591    7.74798         19 0.0000e+00
    467.000    461.907     1.3849  30.184819     1.3843  30.183308     4.1761     4.2292    -0.0053    91.7995 1.0000e-12  -64.91180  -64.67108 345.710373      99.98 1.1241e+03   2309.181      55421  1029.9425  1029.9415    34.6605    34.6592    7.74792         26 0.0000e+00
    466.000    460.916     1.3849  30.184505     1.3846  30.183208     4.1701     4.2259    -0.0082    91.7939 1.0000e-12  -64.91182  -64.67106 345.710410      99.97 1.1216e+03   2312.433      55499  1029.9381  1029.9370    34.6607    34.6594    7.74792         33 0.0000e+00
    465.000    459.928     1.3848  30.184079     1.3844  30.182577     4.1737     4.2275    -0.0051    91.7881 1.0000e-12  -64.91180  -64.67106 345.710425      99.97 1.1238e+03   2313.750      55531  1029.9334  1029.9323    34.6608    34.6594    7.74792         31 0.0000e+00
    464.000    458.939     1.3846  30.183305     1.3840  30.181738     4.1758     4.2353    -0.0056    91.7922 1.0000e-12  -64.91180  -64.67106 345.710441      99.97 1.1247e+03   2315.103      55563  1029.9287  1029.9276    34.6607    34.6593    7.74798         31 0.0000e+00
    463.000    457.952     1.3836  30.181940     1.3825  30.179796     4.1792     4.2400    -0.0115    91.7808 1.0000e-12  -64.91180  -64.67108 345.710455      99.97 1.1247e+03   2316.345      55593  1029.9239  1029.9229    34.6605    34.6591    7.74817         23 0.0000e+00
    462.000    456.964     1.3820  30.179889     1.3805  30.177286     4.1776     4.2411    -0.0061    91.8052 1.0000e-12  -64.91180  -64.67108 345.710466      99.97 1.1247e+03   2317.252      55615  1029.9193  1029.9181    34.6603    34.6586    7.74851         20 0.0000e+00
    461.000    455.973     1.3798  30.177182     1.3791  30.175313     4.1786     4.2358    -0.0068    91.8072 1.0000e-12  -64.91180  -64.67108 345.710475      99.97 1.1247e+03   2317.997      55633  1029.9144  1029.9132    34.6599    34.6582    7.74897         17 0.0000e+00
    460.000    454.990     1.3793  30.176097     1.3788  30.174505     4.1777     4.2344    -0.0132    91.7908 1.0000e-12  -64.91180  -64.67108 345.710483      99.97 1.1247e+03   2318.696      55650  1029.9096  1029.9085    34.6596    34.6581    7.74908         17 0.0000e+00
    459.000    453.999     1.3790  30.175247     1.3786  30.173813     4.1829     4.2332    -0.0120    91.7831 1.0000e-12  -64.91180  -64.67108 345.710491      99.97 1.1247e+03   2319.428      55667  1029.9048  1029.9037    34.6594    34.6580    7.74915         19 0.0000e+00
    458.000    453.012     1.3790  30.174811     1.3789  30.173654     4.1824     4.2340    -0.0085    91.7860 1.0000e-12  -64.91180  -64.67108 345.710502      99.97 1.1247e+03   2320.360      55690  1029.9001  1029.8990    34.6594    34.6581    7.74914         27 0.0000e+00
    457.000    452.023     1.3798  30.175238     1.3789  30.173372     4.1804     4.2334    -0.0116    91.7873 1.0000e-12  -64.91182  -64.67106 345.710518      99.97 1.1247e+03   2321.792      55724  1029.8955  1029.8945    34.6597    34.6582    7.74898         35 0.0000e+00
    456.000    451.036     1.3791  30.174126     1.3788  30.172712     4.1801     4.2394    -0.0064    91.7931 1.0000e-12  -64.91181  -64.67106 345.710541      99.97 1.1247e+03   2323.787      55772  1029.8908  1029.8897    34.6596    34.6581    7.74912         44 0.0000e+00
    455.000    450.047     1.3791  30.173676     1.3788  30.172378     4.1811     4.2397    -0.0119    91.7921 1.0000e-12  -64.91180  -64.67106 345.710564      99.97 1.1247e+03   2325.733      55819  1029.8861  1029.8851    34.6596    34.6582    7.74912         36 0.0000e+00
    454.000    449.059     1.3783  30.172364     1.3782  30.171341     4.1822     4.2461    -0.0046    91.8058 1.0000e-12  -64.91180  -64.67106 345.710580      99.97 1.1247e+03   2327.076      55851  1029.8814  1029.8804    34.6593    34.6582    7.74928         26 0.0000e+00
    453.000    448.072     1.3762  30.169837     1.3759  30.168709     4.1803     4.2428     0.0000    91.8072 1.0000e-12  -64.91180  -64.67106 345.710590      99.97 1.1247e+03   2327.993      55873  1029.8767  1029.8758    34.6591    34.6579    7.74972         20 0.0000e+00
    452.000    447.084     1.3743  30.167239     1.3741  30.165912     4.1828     4.2407    -0.0150    91.7900 1.0000e-12  -64.91180  -64.67106 345.710599      99.97 1.1247e+03   2328.771      55891  1029.8717  1029.8706    34.6584    34.6570    7.75013         18 0.0000e+00
    451.000    446.095     1.3750  30.167297     1.3748  30.166091     4.1946     4.2398    -0.0097    91.7815 1.0000e-12  -64.91180  -64.67106 345.710608      99.97 1.1247e+03   2329.533      55910  1029.8668  1029.8658    34.6583    34.6569    7.75000         19 0.0000e+00
    450.000    445.108     1.3753  30.167264     1.3751  30.165919     4.1916     4.2400     0.0015    91.7814 1.0000e-12  -64.91180  -64.67106 345.710618      99.97 1.1247e+03   2330.422      55931  1029.8622  1029.8610    34.6585    34.6570    7.74993         25 0.0000e+00
    449.000    444.120     1.3755  30.167103     1.3751  30.165649     4.1875     4.2422     0.0012    91.7814 1.0000e-12  -64.91180  -64.67106 345.710634      99.97 1.1247e+03   2331.765      55963  1029.8576  1029.8564    34.6586    34.6571    7.74988         37 0.0000e+00
    448.000    443.131     1.3751  30.166099     1.3750  30.165092     4.1862     4.2379    -0.0127    91.7814 1.0000e-12  -64.91180  -64.67106 345.710654      99.97 1.1247e+03   2333.518      56005  1029.8528  1029.8518    34.6584    34.6571    7.74998         36 0.0000e+00
    447.000    442.143     1.3754  30.165984     1.3754  30.164889     4.1883     4.2432    -0.0132    91.7814 1.0000e-12  -64.91180  -64.67106 345.710670      99.97 1.1247e+03   2334.873      56038  1029.8481  1029.8469    34.6584    34.6570    7.74991         28 0.0000e+00
    446.000    441.155     1.3764  30.166338     1.3759  30.164912     4.1891     4.2441    -0.0190    91.7814 1.0000e-12  -64.91180  -64.67106 345.710682      99.97 1.1234e+03   2335.934      56063  1029.8432  1029.8423    34.6584    34.6571    7.74972         23 0.0000e+00
    445.000    440.166     1.3776  30.166940     1.3772  30.165406     4.1864     4.2484    -0.0141    91.7814 1.0000e-12  -64.91180  -64.67106 345.710693      99.97 1.1234e+03   2336.890      56086  1029.8384  1029.8373    34.6584    34.6569    7.74948         24 0.0000e+00
    444.000    439.179     1.3773  30.166206     1.3769  30.164655     4.1834     4.2424    -0.0150    91.7814 1.0000e-12  -64.91180  -64.67106 345.710705      99.97 1.1250e+03   2337.942      56112  1029.8337  1029.8326    34.6583    34.6568    7.74953         28 0.0000e+00
    443.000    438.191     1.3769  30.165389     1.3763  30.163758     4.1884     4.2367    -0.0101    91.7156 1.0000e-12  -64.91180  -64.67106 345.710723      99.97 1.1265e+03   2339.440      56148  1029.8291  1029.8280    34.6583    34.6569    7.74961         39 0.0000e+00
    442.000    437.203     1.3769  30.164906     1.3764  30.163265     4.1930     4.2463    -0.0120    91.7751 1.0000e-12  -64.91180  -64.67106 345.710743      99.97 1.1265e+03   2341.198      56190  1029.8244  1029.8232    34.6582    34.6567    7.74962         38 0.0000e+00
    441.000    436.215     1.3767  30.164163     1.3763  30.162656     4.1948     4.2453    -0.0062    91.7941 1.0000e-12  -64.91180  -64.67106 345.710759      99.97 1.1265e+03   2342.569      56223  1029.8195  1029.8184    34.6581    34.6566    7.74966         28 0.0000e+00
    440.000    435.227     1.3765  30.163449     1.3760  30.161834     4.1854     4.2518    -0.0094    91.7868 1.0000e-12  -64.91180  -64.67106 345.710771      99.97 1.1265e+03   2343.617      56248  1029.8148  1029.8137    34.6580    34.6565    7.74971         23 0.0000e+00
    439.000    434.237     1.3762  30.162649     1.3758  30.161181     4.1843     4.2485    -0.0144    91.7813 1.0000e-12  -64.91180  -64.67106 345.710781      99.97 1.1275e+03   2344.495      56269  1029.8100  1029.8089    34.6578    34.6564    7.74977         20 0.0000e+00
    438.000    433.250     1.3765  30.162390     1.3762  30.161083     4.1887     4.2453    -0.0146    91.7814 1.0000e-12  -64.91180  -64.67106 345.710791      99.97 1.1282e+03   2345.311      56288  1029.8053  1029.8042    34.6578    34.6564    7.74973         20 0.0000e+00
    437.000    432.262     1.3764  30.161855     1.3761  30.160514     4.1906     4.2446    -0.0150    91.7766 1.0000e-12  -64.91180  -64.67106 345.710800      99.97 1.1282e+03   2346.154      56309  1029.8006  1029.7995    34.6577    34.6564    7.74974         21 0.0000e+00
    436.000    431.274     1.3762  30.161255     1.3759  30.159922     4.1857     4.2464    -0.0150    91.7669 1.0000e-12  -64.91180  -64.67106 345.710812      99.97 1.1285e+03   2347.167      56333  1029.7960  1029.7949    34.6578    34.6565    7.74978         28 0.0000e+00
    435.000    430.286     1.3763  30.160841     1.3760  30.159535     4.1903     4.2477    -0.0089    91.7682 1.0000e-12  -64.91180  -64.67105 345.710829      99.97 1.1291e+03   2348.627      56368  1029.7913  1029.7902    34.6578    34.6565    7.74977         41 0.0000e+00
