NBP2113_155081_ctd/data/unbp2113_043.cnv
* Sea-Bird SBE 9 Data File:
* FileName = D:\Data\raw\NBP2113_043.hex
* Software Version Seasave V 7.26.7.121
* Temperature SN = 2438
* Conductivity SN = 2067
* Number of Bytes Per Scan = 40
* Number of Voltage Words = 5
* Number of Scans Averaged by the Deck Unit = 1
* NMEA Latitude = 64 55.34 S
* NMEA Longitude = 064 19.20 W
* NMEA UTC (Time) = Dec 10 2021  20:08:03
* NMEA baud rate = 9600
** Ship: RVIB N.B. Palmer
** Cruise: NBP2113 LTER
** Station: 600.040
** Operator: S. Blackman
# nquan = 25
# nvalues = 101                         
# units = specified
# name 0 = prDM: Pressure, Digiquartz [db]
# name 1 = depSM: Depth [salt water, m]
# name 2 = t090C: Temperature [ITS-90, deg C]
# name 3 = c0mS/cm: Conductivity [mS/cm]
# name 4 = t190C: Temperature, 2 [ITS-90, deg C]
# name 5 = c1mS/cm: Conductivity, 2 [mS/cm]
# name 6 = sbeox0ML/L: Oxygen, SBE 43 [ml/l]
# name 7 = sbeox1ML/L: Oxygen, SBE 43, 2 [ml/l]
# name 8 = flECO-AFL: Fluorescence, WET Labs ECO-AFL/FL [mg/m^3]
# name 9 = CStarTr0: Beam Transmission, WET Labs C-Star [%]
# name 10 = par: PAR/Irradiance, Biospherical/Licor
# name 11 = latitude: Latitude [deg]
# name 12 = longitude: Longitude [deg]
# name 13 = timeJ: Julian Days
# name 14 = altM: Altimeter [m]
# name 15 = spar: SPAR, Biospherical/Licor
# name 16 = timeS: Time, Elapsed [seconds]
# name 17 = scan: Scan Count
# name 18 = density00: Density [density, kg/m^3]
# name 19 = density11: Density, 2 [density, kg/m^3]
# name 20 = sal00: Salinity, Practical [PSU]
# name 21 = sal11: Salinity, Practical, 2 [PSU]
# name 22 = oxsolML/L: Oxygen Saturation, Garcia & Gordon [ml/l]
# name 23 = nbin: number of scans per bin
# name 24 = flag: flag
# span 0 =      1.000,    101.000       
# span 1 =      0.990,     99.985       
# span 2 =    -0.7017,     0.3303       
# span 3 =  27.407584,  28.874617       
# span 4 =    -0.7016,     0.3321       
# span 5 =  27.404712,  28.875717       
# span 6 =     5.3591,     8.0894       
# span 7 =     5.4447,     8.1215       
# span 8 =     0.0582,     1.3149       
# span 9 =    83.9633,    92.0801       
# span 10 = 4.3628e-01, 7.2102e+02      
# span 11 =  -64.92252,  -64.92248      
# span 12 =  -64.31994,  -64.31986      
# span 13 = 344.846060, 344.848863      
# span 14 =      99.96,      99.97      
# span 15 = 6.3862e+02, 7.2631e+02      
# span 16 =    616.551,    858.730      
# span 17 =      14798,      20611      
# span 18 =  1027.0195,  1028.0413      
# span 19 =  1027.0162,  1028.0431      
# span 20 =    33.6086,    34.3529      
# span 21 =    33.6045,    34.3522      
# span 22 =    7.97767,    8.23946      
# span 23 =         16,         47      
# span 24 = 0.0000e+00, 0.0000e+00      
# interval = decibars: 1                
# start_time = Dec 10 2021 20:08:03 [NMEA time, header]
# bad_flag = -9.990e-29
*END*
[from data line 58]
     43.000     42.574    -0.0055  28.340345    -0.0080  28.336697     7.5361     7.5714     0.5267    90.4190 8.0099e+00  -64.92250  -64.31992 344.846962      99.97 6.9986e+02    694.532      16670  1027.5501  1027.5488    34.0556    34.0535    8.06448         43 0.0000e+00
     42.000     41.586     0.0015  28.343339    -0.0059  28.337342     7.6183     7.6293     0.5422    90.4848 8.4838e+00  -64.92250  -64.31992 344.846980      99.97 6.9986e+02    696.052      16706  1027.5420  1027.5429    34.0523    34.0526    8.06319         26 0.0000e+00
     41.000     40.594     0.0164  28.352211     0.0132  28.348555     7.6578     7.6663     0.5383    90.4377 9.1179e+00  -64.92250  -64.31992 344.846992      99.97 6.9986e+02    697.115      16732  1027.5326  1027.5319    34.0481    34.0469    8.06029         24 0.0000e+00
     40.000     39.605     0.0349  28.361573     0.0305  28.357501     7.6679     7.6843     0.5532    90.2846 9.7811e+00  -64.92250  -64.31992 344.847004      99.97 6.9824e+02    698.142      16756  1027.5202  1027.5202    34.0405    34.0400    8.05682         26 0.0000e+00
     39.000     38.614     0.0406  28.364398     0.0406  28.362782     7.6526     7.6906     0.6178    90.2466 1.0364e+01  -64.92250  -64.31992 344.847018      99.97 6.9810e+02    699.315      16785  1027.5135  1027.5118    34.0386    34.0364    8.05575         30 0.0000e+00
     38.000     37.624     0.0404  28.362841     0.0397  28.361277     7.6567     7.7017     0.6419    90.1830 1.0854e+01  -64.92250  -64.31992 344.847032      99.97 6.9810e+02    700.561      16814  1027.5079  1027.5068    34.0373    34.0360    8.05586         29 0.0000e+00
     37.000     36.634     0.0357  28.356166     0.0371  28.357236     7.6483     7.6996     0.6649    90.1711 1.1396e+01  -64.92250  -64.31992 344.847045      99.97 6.9810e+02    701.717      16842  1027.5010  1027.5008    34.0343    34.0341    8.05701         29 0.0000e+00
     36.000     35.645     0.0305  28.349097     0.0311  28.348624     7.6519     7.7030     0.7483    90.1497 1.2044e+01  -64.92250  -64.31992 344.847061      99.97 6.9810e+02    703.108      16876  1027.4944  1027.4932    34.0314    34.0301    8.05828         37 0.0000e+00
     35.000     34.655     0.0320  28.352495     0.0320  28.350655     7.6539     7.7072     0.7207    90.1394 1.2752e+01  -64.92250  -64.31992 344.847087      99.97 6.9629e+02    705.302      16928  1027.4922  1027.4902    34.0348    34.0323    8.05776         41 0.0000e+00
     34.000     33.664     0.0290  28.347128     0.0299  28.347036     7.6557     7.7231     0.6508    90.1324 1.3394e+01  -64.92250  -64.31992 344.847111      99.97 6.9634e+02    707.369      16978  1027.4851  1027.4841    34.0315    34.0305    8.05857         32 0.0000e+00
     33.000     32.675     0.0244  28.340710     0.0252  28.340545     7.6631     7.7319     0.6159    90.1261 1.4208e+01  -64.92250  -64.31992 344.847125      99.97 6.9634e+02    708.561      17006  1027.4784  1027.4775    34.0288    34.0277    8.05969         25 0.0000e+00
     32.000     31.684    -0.0004  28.314446    -0.0027  28.310592     7.6557     7.7346     0.6100    90.1517 1.5201e+01  -64.92250  -64.31992 344.847137      99.97 6.9496e+02    709.640      17032  1027.4704  1027.4685    34.0222    34.0197    8.06530         28 0.0000e+00
     31.000     30.692    -0.0042  28.309380    -0.0113  28.301506     7.6417     7.7294     0.5593    90.2703 1.6414e+01  -64.92250  -64.31992 344.847154      99.97 6.9446e+02    711.088      17067  1027.4641  1027.4627    34.0203    34.0178    8.06620         32 0.0000e+00
     30.000     29.705     0.0061  28.319964     0.0045  28.317433     7.6740     7.7220     0.6265    90.2383 1.6995e+01  -64.92250  -64.31992 344.847196      99.97 6.9291e+02    714.712      17154  1027.4609  1027.4597    34.0235    34.0219    8.06385         33 0.0000e+00
     29.000     28.714    -0.0219  28.288828    -0.0000  28.313575     7.7158     7.7404     0.6517    90.2419 1.8302e+01  -64.92250  -64.31993 344.847234      99.96 6.9182e+02    717.992      17233  1027.4511  1027.4561    34.0140    34.0224    8.07029         35 0.0000e+00
     28.000     27.724    -0.0619  28.243011    -0.0335  28.274581     7.7530     7.8089     0.6217    90.2535 1.9828e+01  -64.92250  -64.31994 344.847264      99.97 6.9105e+02    720.626      17296  1027.4359  1027.4422    33.9984    34.0086    8.07962         36 0.0000e+00
     27.000     26.735    -0.0404  28.265601    -0.0516  28.248655     7.7828     7.8288     0.6348    90.2426 2.1262e+01  -64.92250  -64.31994 344.847282      99.97 6.9105e+02    722.187      17333  1027.4345  1027.4277    34.0050    33.9950    8.07471         38 0.0000e+00
     26.000     25.743    -0.0579  28.235933    -0.0584  28.233781     7.7451     7.8277     0.7313    89.7872 2.2730e+01  -64.92250  -64.31992 344.847312      99.97 6.8824e+02    724.759      17395  1027.4152  1027.4133    33.9857    33.9834    8.07949         22 0.0000e+00
     25.000     24.755    -0.0539  28.244016    -0.0665  28.222712     7.7552     7.8497     0.6891    89.9134 2.4880e+01  -64.92250  -64.31993 344.847374      99.97 6.8628e+02    730.085      17523  1027.4154  1027.4047    33.9926    33.9784    8.07826         25 0.0000e+00
     24.000     23.763    -0.0640  28.229643    -0.0732  28.216729     7.8200     7.8907     0.7428    89.8225 2.5526e+01  -64.92250  -64.31993 344.847403      99.97 6.8551e+02    732.631      17584  1027.4054  1027.4004    33.9853    33.9784    8.08080         37 0.0000e+00
     23.000     22.774    -0.1073  28.180514    -0.1205  28.160675     7.8671     7.9082     0.8176    89.6053 2.7759e+01  -64.92250  -64.31992 344.847422      99.97 6.8359e+02    734.275      17624  1027.3906  1027.3819    33.9689    33.9572    8.09092         37 0.0000e+00
     22.000     21.784    -0.1429  28.128060    -0.1579  28.110078     7.8182     7.8943     0.8570    89.2830 3.1347e+01  -64.92251  -64.31992 344.847448      99.97 6.8175e+02    736.538      17678  1027.3642  1027.3591    33.9394    33.9322    8.10013         33 0.0000e+00
     21.000     20.791    -0.1292  28.148024    -0.1436  28.129606     7.8536     7.9309     0.9895    89.2384 3.2678e+01  -64.92250  -64.31993 344.847505      99.97 6.8134e+02    741.469      17796  1027.3676  1027.3612    33.9513    33.9428    8.09654         35 0.0000e+00
     20.000     19.805    -0.1700  28.091376    -0.1754  28.083013     7.8848     7.9553     1.1224    88.8349 3.7451e+01  -64.92251  -64.31991 344.847682      99.97 6.7559e+02    756.741      18163  1027.3405  1027.3368    33.9220    33.9169    8.10688         31 0.0000e+00
     19.000     18.812    -0.1711  28.090793    -0.1723  28.086794     7.9532     8.0015     1.0949    88.7435 4.1093e+01  -64.92252  -64.31990 344.847883      99.97 6.6972e+02    774.088      18579  1027.3356  1027.3325    33.9230    33.9191    8.10705         38 0.0000e+00
     18.000     17.824    -0.2334  28.008283    -0.2316  28.009687     7.9131     8.0015     1.0804    88.5487 4.3366e+01  -64.92252  -64.31990 344.847895      99.97 6.6989e+02    775.091      18603  1027.3033  1027.3030    33.8830    33.8829    8.12260         32 0.0000e+00
     17.000     16.832    -0.2411  27.998829    -0.2350  28.000453     7.9029     7.9856     1.1906    87.5811 4.6948e+01  -64.92252  -64.31992 344.847920      99.96 6.6920e+02    777.297      18656  1027.2961  1027.2917    33.8796    33.8750    8.12444         37 0.0000e+00
     16.000     15.843    -0.2898  27.933152    -0.2707  27.960799     7.9628     8.0127     1.2015    87.5109 5.1450e+01  -64.92252  -64.31990 344.847947      99.97 6.6714e+02    779.612      18712  1027.2678  1027.2788    33.8468    33.8623    8.13671         34 0.0000e+00
     15.000     14.851    -0.3301  27.884700    -0.3234  27.890653     7.9610     7.9982     1.3149    87.3248 5.8206e+01  -64.92252  -64.31990 344.847964      99.97 6.6636e+02    781.084      18747  1027.2499  1027.2500    33.8274    33.8279    8.14644         35 0.0000e+00
     14.000     13.862    -0.3339  27.877004    -0.3067  27.908231     7.9338     8.0179     1.2684    86.9751 6.6840e+01  -64.92252  -64.31990 344.847993      99.97 6.6637e+02    783.621      18808  1027.2403  1027.2479    33.8220    33.8335    8.14757         38 0.0000e+00
     13.000     12.872    -0.3814  27.817904    -0.3650  27.833982     8.0837     8.0769     1.2745    86.3476 7.2202e+01  -64.92252  -64.31991 344.848018      99.97 6.6637e+02    785.750      18859  1027.2177  1027.2195    33.7964    33.7996    8.15923         38 0.0000e+00
     12.000     11.882    -0.5303  27.630763    -0.5035  27.664392     8.0233     8.0709     1.3003    86.0265 8.2918e+01  -64.92252  -64.31992 344.848036      99.97 6.6548e+02    787.296      18896  1027.1541  1027.1650    33.7117    33.7269    8.19625         37 0.0000e+00
     11.000     10.891    -0.5550  27.599242    -0.5418  27.610134     8.0693     8.0930     1.2716    85.5712 9.0883e+01  -64.92252  -64.31992 344.848067      99.96 6.6462e+02    790.005      18961  1027.1369  1027.1376    33.6974    33.6974    8.20241         34 0.0000e+00
     10.000      9.903    -0.5682  27.574815    -0.5645  27.579592     8.0138     8.1065     1.2274    85.3179 1.0033e+02  -64.92252  -64.31991 344.848097      99.97 6.6461e+02    792.584      19023  1027.1181  1027.1199    33.6798    33.6821    8.20628         42 0.0000e+00
      9.000      8.912    -0.6145  27.517275    -0.6139  27.517789     8.0894     8.0965     1.2290    84.7877 1.1524e+02  -64.92252  -64.31991 344.848113      99.96 6.6348e+02    793.938      19056  1027.0955  1027.0957    33.6546    33.6546    8.21779         27 0.0000e+00
      8.000      7.921    -0.6477  27.481318    -0.6379  27.488235     8.0753     8.1076     1.1688    84.4758 1.3307e+02  -64.92252  -64.31991 344.848126      99.97 6.6244e+02    795.054      19082  1027.0832  1027.0815    33.6436    33.6420    8.22564         29 0.0000e+00
      7.000      6.934    -0.6173  27.511620    -0.6108  27.519545     8.0479     8.1111     1.0748    84.3091 1.4843e+02  -64.92252  -64.31992 344.848161      99.97 6.6110e+02    798.115      19156  1027.0820  1027.0839    33.6513    33.6547    8.21859         37 0.0000e+00
      6.000      5.940    -0.6426  27.484584    -0.6559  27.467263     8.0561     8.1210     1.0593    84.3658 1.6872e+02  -64.92252  -64.31994 344.848209      99.97 6.6018e+02    802.253      19255  1027.0709  1027.0648    33.6436    33.6350    8.22454         36 0.0000e+00
      5.000      4.951    -0.6732  27.446299    -0.6769  27.440446     8.0383     8.1215     0.9799    84.2633 1.9249e+02  -64.92252  -64.31992 344.848358      99.97 6.5440e+02    815.142      19564  1027.0527  1027.0498    33.6267    33.6229    8.23219         34 0.0000e+00
      4.000      3.961    -0.6910  27.423649    -0.6922  27.420096     8.0459     8.1198     0.8044    84.1074 2.3057e+02  -64.92250  -64.31992 344.848820      99.97 6.4050e+02    855.050      20522  1027.0397  1027.0368    33.6165    33.6130    8.23667         37 0.0000e+00
      3.000      2.972    -0.6972  27.415359    -0.6976  27.413501 -9.990e-29 -9.990e-29     0.7777    84.0614 2.5059e+02  -64.92250  -64.31992 344.848847      99.97 6.3989e+02    857.393      20578  1027.0323  1027.0306    33.6128    33.6108    8.23823         19 0.0000e+00
      2.000      1.980    -0.6999  27.411168    -0.6995  27.410203 -9.990e-29 -9.990e-29     0.7678    84.0340 3.2125e+02  -64.92250  -64.31990 344.848854      99.97 6.3981e+02    858.011      20593  1027.0261  1027.0245    33.6108    33.6091    8.23893         18 0.0000e+00
      1.000      0.990    -0.7017  27.407584    -0.7016  27.404712 -9.990e-29 -9.990e-29     0.7549    83.9633 7.2102e+02  -64.92250  -64.31990 344.848863      99.96 6.3862e+02    858.730      20611  1027.0195  1027.0162    33.6086    33.6045    8.23946         18 0.0000e+00
