NBP2113_155081_ctd/data/unbp2113_021.cnv
* Sea-Bird SBE 9 Data File:
* FileName = D:\Data\raw\NBP2113_021.hex
* Software Version Seasave V 7.26.7.121
* Temperature SN = 2438
* Conductivity SN = 2067
* Number of Bytes Per Scan = 40
* Number of Voltage Words = 5
* Number of Scans Averaged by the Deck Unit = 1
* NMEA Latitude = 68 01.86 S
* NMEA Longitude = 069 17.12 W
* NMEA UTC (Time) = Nov 30 2021  19:30:12
* NMEA baud rate = 9600
** Ship: RVIB N.B. Palmer
** Cruise: NBP2113 LTER
** Station: 200.-040
** Operator: S. Blackman
# nquan = 25
# nvalues = 458                         
# units = specified
# name 0 = prDM: Pressure, Digiquartz [db]
# name 1 = depSM: Depth [salt water, m]
# name 2 = t090C: Temperature [ITS-90, deg C]
# name 3 = c0mS/cm: Conductivity [mS/cm]
# name 4 = t190C: Temperature, 2 [ITS-90, deg C]
# name 5 = c1mS/cm: Conductivity, 2 [mS/cm]
# name 6 = sbeox0ML/L: Oxygen, SBE 43 [ml/l]
# name 7 = sbeox1ML/L: Oxygen, SBE 43, 2 [ml/l]
# name 8 = flECO-AFL: Fluorescence, WET Labs ECO-AFL/FL [mg/m^3]
# name 9 = CStarTr0: Beam Transmission, WET Labs C-Star [%]
# name 10 = par: PAR/Irradiance, Biospherical/Licor
# name 11 = latitude: Latitude [deg]
# name 12 = longitude: Longitude [deg]
# name 13 = timeJ: Julian Days
# name 14 = altM: Altimeter [m]
# name 15 = spar: SPAR, Biospherical/Licor
# name 16 = timeS: Time, Elapsed [seconds]
# name 17 = scan: Scan Count
# name 18 = density00: Density [density, kg/m^3]
# name 19 = density11: Density, 2 [density, kg/m^3]
# name 20 = sal00: Salinity, Practical [PSU]
# name 21 = sal11: Salinity, Practical, 2 [PSU]
# name 22 = oxsolML/L: Oxygen Saturation, Garcia & Gordon [ml/l]
# name 23 = nbin: number of scans per bin
# name 24 = flag: flag
# span 0 =      1.000,    458.000       
# span 1 =      0.988,    452.916       
# span 2 =    -1.2803,     1.3801       
# span 3 =  27.108473,  30.203296       
# span 4 =    -1.2687,     1.3800       
# span 5 =  27.118866,  30.202343       
# span 6 =     3.9917,     9.8232       
# span 7 =     4.0611,     8.5145       
# span 8 =    -0.0166,     2.9800       
# span 9 =    85.6770,    97.2845       
# span 10 = 1.0000e-12, 3.6841e+02      
# span 11 =  -68.03100,  -68.03060      
# span 12 =  -69.28626,  -69.28540      
# span 13 = 334.824376, 334.831107      
# span 14 =      10.39,     105.42      
# span 15 = 2.8733e+02, 3.2444e+02      
# span 16 =   1014.084,   1595.678      
# span 17 =      24339,      38297      
# span 18 =  1027.1700,  1029.9280      
# span 19 =  1027.1686,  1029.9270      
# span 20 =    33.7926,    34.6950      
# span 21 =    33.7910,    34.6939      
# span 22 =    7.74703,    8.35462      
# span 23 =         12,         48      
# span 24 = 0.0000e+00, 0.0000e+00      
# interval = decibars: 1                
# start_time = Nov 30 2021 19:30:12 [NMEA time, header]
# bad_flag = -9.990e-29
*END*
[from data line 174]
    284.000    280.965     1.1882  29.905264     1.1874  29.903510     4.1515     4.2137    -0.0064    97.2227 1.0000e-12  -68.03062  -69.28618 334.826893      99.97 3.1558e+02   1231.550      29558  1029.0727  1029.0717    34.6263    34.6249    7.78868         23 0.0000e+00
    283.000    279.977     1.1812  29.897230     1.1821  29.897449     4.1635     4.2250     0.0012    97.2331 1.0000e-12  -68.03062  -69.28616 334.826902      99.98 3.1556e+02   1232.323      29577  1029.0670  1029.0663    34.6243    34.6235    7.79018         17 0.0000e+00
    282.000    278.988     1.1676  29.882092     1.1693  29.883097     4.1675     4.2206    -0.0039    97.2251 1.0000e-12  -68.03062  -69.28618 334.826910      99.98 3.1556e+02   1233.004      29593  1029.0607  1029.0600    34.6205    34.6200    7.79308         17 0.0000e+00
    281.000    277.999     1.1577  29.870879     1.1597  29.872226     4.1733     4.2191    -0.0076    97.2386 1.0000e-12  -68.03062  -69.28618 334.826918      99.98 3.1556e+02   1233.714      29610  1029.0546  1029.0540    34.6176    34.6171    7.79520         18 0.0000e+00
    280.000    277.011     1.1543  29.866720     1.1581  29.870041     4.1712     4.2203    -0.0149    97.2162 1.0000e-12  -68.03062  -69.28618 334.826927      99.98 3.1556e+02   1234.528      29630  1029.0493  1029.0490    34.6166    34.6167    7.79593         21 0.0000e+00
    279.000    276.022     1.1473  29.858633     1.1586  29.870540     4.1676     4.2223    -0.0150    97.2099 1.0000e-12  -68.03062  -69.28620 334.826939      99.97 3.1634e+02   1235.536      29654  1029.0436  1029.0447    34.6146    34.6174    7.79744         27 0.0000e+00
    278.000    275.034     1.1468  29.857244     1.1508  29.861522     4.1714     4.2239     0.0004    97.2109 1.0000e-12  -68.03062  -69.28620 334.826952      99.98 3.1732e+02   1236.686      29681  1029.0383  1029.0388    34.6140    34.6151    7.79758         28 0.0000e+00
    277.000    274.044     1.1374  29.846587     1.1383  29.846742     4.1722     4.2283    -0.0064    97.2146 1.0000e-12  -68.03062  -69.28620 334.826966      99.98 3.1732e+02   1237.834      29709  1029.0322  1029.0316    34.6113    34.6105    7.79959         27 0.0000e+00
    276.000    273.057     1.1303  29.838464     1.1306  29.838012     4.1763     4.2319    -0.0068    97.2146 1.0000e-12  -68.03062  -69.28620 334.826978      99.98 3.1732e+02   1238.910      29735  1029.0265  1029.0258    34.6093    34.6084    7.80111         25 0.0000e+00
    275.000    272.067     1.1244  29.831699     1.1278  29.834562     4.1675     4.2286     0.0092    97.2146 1.0000e-12  -68.03063  -69.28619 334.826991      99.98 3.1732e+02   1240.004      29761  1029.0210  1029.0206    34.6078    34.6077    7.80237         29 0.0000e+00
    274.000    271.078     1.1290  29.836168     1.1299  29.836534     4.1703     4.2311     0.0052    97.2231 1.0000e-12  -68.03064  -69.28617 334.827009      99.97 3.1741e+02   1241.539      29798  1029.0167  1029.0161    34.6090    34.6084    7.80139         37 0.0000e+00
    273.000    270.090     1.1243  29.831308     1.1208  29.826300     4.1664     4.2344    -0.0032    97.2296 1.0000e-12  -68.03064  -69.28613 334.827039      99.98 3.1900e+02   1244.135      29860  1029.0118  1029.0101    34.6086    34.6059    7.80236         40 0.0000e+00
    272.000    269.101     1.1191  29.824493     1.1214  29.825425     4.1625     4.2287    -0.0086    97.2368 1.0000e-12  -68.03064  -69.28614 334.827057      99.97 3.1908e+02   1245.732      29899  1029.0056  1029.0043    34.6062    34.6048    7.80352         28 0.0000e+00
    271.000    268.114     1.1154  29.819668     1.1129  29.816371     4.1488     4.2210    -0.0151    97.2156 1.0000e-12  -68.03064  -69.28615 334.827068      99.98 3.1908e+02   1246.717      29922  1028.9999  1028.9990    34.6046    34.6031    7.80433         21 0.0000e+00
    270.000    267.123     1.1086  29.811398     1.1106  29.813152     4.1469     4.2214    -0.0073    97.2078 1.0000e-12  -68.03064  -69.28616 334.827078      99.98 3.1908e+02   1247.542      29942  1028.9939  1028.9937    34.6021    34.6021    7.80583         19 0.0000e+00
    269.000    266.136     1.1070  29.809298     1.1066  29.808223     4.1404     4.2220    -0.0025    97.2400 1.0000e-12  -68.03064  -69.28616 334.827087      99.98 3.1908e+02   1248.306      29960  1028.9890  1028.9883    34.6018    34.6008    7.80617         18 0.0000e+00
    268.000    265.146     1.1068  29.808639     1.1064  29.807562     4.1426     4.2207     0.0004    97.2389 1.0000e-12  -68.03064  -69.28618 334.827096      99.98 3.1908e+02   1249.060      29978  1028.9842  1028.9834    34.6018    34.6007    7.80621         18 0.0000e+00
    267.000    264.159     1.1064  29.807768     1.1062  29.806854     4.1423     4.2212     0.0007    97.2327 1.0000e-12  -68.03064  -69.28618 334.827105      99.98 3.1908e+02   1249.843      29997  1028.9793  1028.9786    34.6016    34.6007    7.80629         20 0.0000e+00
    266.000    263.169     1.1062  29.807154     1.1061  29.806375     4.1527     4.2202    -0.0045    97.2342 1.0000e-12  -68.03064  -69.28618 334.827115      99.98 3.1957e+02   1250.694      30018  1028.9746  1028.9739    34.6017    34.6008    7.80634         21 0.0000e+00
    265.000    262.181     1.1064  29.806854     1.1060  29.805780     4.1623     4.2126    -0.0071    97.2467 1.0000e-12  -68.03064  -69.28617 334.827126      99.98 3.2075e+02   1251.688      30042  1028.9698  1028.9691    34.6016    34.6007    7.80629         27 0.0000e+00
    264.000    261.191     1.1077  29.807792     1.1071  29.806663     4.1612     4.2162    -0.0071    97.2457 1.0000e-12  -68.03064  -69.28615 334.827142      99.97 3.2084e+02   1253.088      30075  1028.9652  1028.9646    34.6020    34.6012    7.80602         38 0.0000e+00
    263.000    260.203     1.1066  29.806392     1.1062  29.805223     4.1603     4.2184    -0.0130    97.2242 1.0000e-12  -68.03065  -69.28612 334.827171      99.98 3.2084e+02   1255.550      30134  1028.9604  1028.9596    34.6019    34.6009    7.80623         41 0.0000e+00
    262.000    259.215     1.1067  29.805937     1.1062  29.804748     4.1520     4.2143    -0.0089    97.2312 1.0000e-12  -68.03066  -69.28612 334.827192      99.98 3.2084e+02   1257.387      30178  1028.9556  1028.9548    34.6018    34.6009    7.80622         28 0.0000e+00
    261.000    258.225     1.1060  29.804612     1.1059  29.803830     4.1491     4.2161    -0.0132    97.2437 1.0000e-12  -68.03066  -69.28612 334.827204      99.97 3.2084e+02   1258.450      30204  1028.9507  1028.9499    34.6015    34.6006    7.80638         24 0.0000e+00
    260.000    257.238     1.1047  29.802708     1.1048  29.802138     4.1470     4.2175    -0.0150    97.2403 1.0000e-12  -68.03066  -69.28612 334.827215      99.98 3.2084e+02   1259.406      30227  1028.9457  1028.9450    34.6011    34.6003    7.80666         22 0.0000e+00
    259.000    256.248     1.1014  29.798669     1.1021  29.798565     4.1421     4.2169    -0.0101    97.2518 1.0000e-12  -68.03064  -69.28614 334.827226      99.98 3.2084e+02   1260.354      30249  1028.9405  1028.9398    34.6001    34.5992    7.80736         23 0.0000e+00
    258.000    255.260     1.0967  29.792833     1.0972  29.792883     4.1493     4.2207    -0.0037    97.2544 1.0000e-12  -68.03064  -69.28614 334.827237      99.98 3.2222e+02   1261.276      30272  1028.9349  1028.9344    34.5984    34.5979    7.80840         22 0.0000e+00
    257.000    254.271     1.0907  29.785619     1.0889  29.782996     4.1553     4.2260     0.0011    97.2596 1.0000e-12  -68.03064  -69.28614 334.827247      99.98 3.2261e+02   1262.144      30292  1028.9292  1028.9282    34.5964    34.5950    7.80971         20 0.0000e+00
    256.000    253.281     1.0851  29.779221     1.0838  29.777157     4.1585     4.2250     0.0023    97.2556 1.0000e-12  -68.03064  -69.28614 334.827257      99.98 3.2261e+02   1263.018      30313  1028.9238  1028.9230    34.5950    34.5938    7.81090         22 0.0000e+00
    255.000    252.293     1.0790  29.771826     1.0842  29.777105     4.1635     4.2172     0.0010    97.2150 1.0000e-12  -68.03066  -69.28614 334.827270      99.98 3.2261e+02   1264.112      30340  1028.9179  1028.9182    34.5928    34.5939    7.81224         33 0.0000e+00
    254.000    251.305     1.0857  29.778711     1.0853  29.778167     4.1531     4.2161     0.0069    97.2458 1.0000e-12  -68.03066  -69.28612 334.827291      99.98 3.2261e+02   1265.968      30384  1028.9140  1028.9138    34.5948    34.5946    7.81079         38 0.0000e+00
    253.000    250.316     1.0824  29.774542     1.0785  29.769613     4.1775     4.2287    -0.0001    97.2442 1.0000e-12  -68.03066  -69.28612 334.827309      99.98 3.2444e+02   1267.496      30421  1028.9087  1028.9074    34.5937    34.5916    7.81152         26 0.0000e+00
    252.000    249.327     1.0664  29.756642     1.0654  29.754996     4.1824     4.2325    -0.0074    97.2551 1.0000e-12  -68.03066  -69.28612 334.827320      99.97 3.2437e+02   1268.418      30443  1028.9017  1028.9009    34.5890    34.5880    7.81496         21 0.0000e+00
    251.000    248.335     1.0380  29.725616     1.0452  29.732445     4.1858     4.2327    -0.0013    97.2352 1.0000e-12  -68.03066  -69.28612 334.827330      99.97 3.2437e+02   1269.282      30464  1028.8934  1028.8934    34.5812    34.5819    7.82107         22 0.0000e+00
    250.000    247.349     1.0340  29.721984     1.0367  29.724747     4.1702     4.2279    -0.0043    97.2377 1.0000e-12  -68.03066  -69.28612 334.827342      99.98 3.2437e+02   1270.368      30490  1028.8892  1028.8894    34.5815    34.5821    7.82186         31 0.0000e+00
    249.000    246.361     1.0560  29.744355     1.0629  29.750214     4.1751     4.2404    -0.0053    97.2148 1.0000e-12  -68.03067  -69.28611 334.827361      99.98 3.2437e+02   1271.964      30528  1028.8861  1028.8854    34.5864    34.5863    7.81717         42 0.0000e+00
    248.000    245.372     1.0492  29.736294     1.0444  29.730966     4.2044     4.2520     0.0105    97.2400 1.0000e-12  -68.03068  -69.28610 334.827379      99.98 3.2437e+02   1273.550      30566  1028.8801  1028.8794    34.5843    34.5827    7.81867         34 0.0000e+00
    247.000    244.382     1.0231  29.708108     1.0190  29.702801     4.2181     4.2598    -0.0071    97.2388 1.0000e-12  -68.03068  -69.28610 334.827395      99.98 3.2437e+02   1274.940      30600  1028.8725  1028.8710    34.5775    34.5752    7.82426         34 0.0000e+00
    246.000    243.394     1.0079  29.690561     1.0096  29.691936     4.2270     4.2789    -0.0085    97.2404 1.0000e-12  -68.03068  -69.28610 334.827411      99.98 3.2437e+02   1276.330      30633  1028.8649  1028.8647    34.5723    34.5723    7.82758         29 0.0000e+00
    245.000    242.406     0.9810  29.660782     0.9846  29.663756     4.2302     4.2912    -0.0145    97.2622 1.0000e-12  -68.03068  -69.28610 334.827424      99.98 3.2437e+02   1277.449      30660  1028.8562  1028.8559    34.5643    34.5642    7.83340         23 0.0000e+00
    244.000    241.416     0.9636  29.641839     0.9638  29.641170     4.2416     4.3002    -0.0071    97.2442 1.0000e-12  -68.03066  -69.28612 334.827434      99.97 3.2437e+02   1278.288      30680  1028.8494  1028.8486    34.5598    34.5588    7.83714         18 0.0000e+00
    243.000    240.427     0.9556  29.633025     0.9544  29.631103     4.2478     4.3009    -0.0077    97.2371 1.0000e-12  -68.03066  -69.28612 334.827442      99.98 3.2437e+02   1278.979      30697  1028.8438  1028.8430    34.5579    34.5568    7.83885         16 0.0000e+00
    242.000    239.439     0.9491  29.625569     0.9480  29.623900     4.2514     4.2975    -0.0072    97.2335 1.0000e-12  -68.03066  -69.28612 334.827449      99.98 3.2437e+02   1279.623      30712  1028.8381  1028.8374    34.5561    34.5551    7.84025         15 0.0000e+00
    241.000    238.450     0.9437  29.619378     0.9435  29.618295     4.2532     4.2977    -0.0009    97.2371 1.0000e-12  -68.03066  -69.28612 334.827457      99.97 3.2437e+02   1280.269      30727  1028.8326  1028.8317    34.5547    34.5535    7.84142         16 0.0000e+00
    240.000    237.460     0.9435  29.618916     0.9398  29.614755     4.2452     4.2955    -0.0022    97.2289 1.0000e-12  -68.03068  -69.28612 334.827465      99.98 3.2333e+02   1281.009      30745  1028.8278  1028.8272    34.5549    34.5536    7.84145         20 0.0000e+00
    239.000    236.472     0.9486  29.623962     0.9515  29.625895     4.2383     4.2903    -0.0042    97.2201 1.0000e-12  -68.03068  -69.28612 334.827479      99.98 3.2374e+02   1282.158      30773  1028.8235  1028.8227    34.5564    34.5556    7.84035         34 0.0000e+00
    238.000    235.484     0.9649  29.641739     0.9641  29.639831     4.2384     4.2973     0.0033    97.2355 1.0000e-12  -68.03070  -69.28605 334.827536      99.97 3.2389e+02   1287.091      30891  1028.8209  1028.8198    34.5618    34.5602    7.83678         34 0.0000e+00
    237.000    234.494     0.9531  29.627996     0.9545  29.629171     4.2662     4.3146     0.0007    97.2260 1.0000e-12  -68.03068  -69.28606 334.827548      99.98 3.2259e+02   1288.126      30916  1028.8140  1028.8139    34.5577    34.5576    7.83936         20 0.0000e+00
    236.000    233.506     0.9443  29.618332     0.9501  29.623700     4.2954     4.3235     0.0001    97.2163 1.0000e-12  -68.03068  -69.28607 334.827556      99.98 3.2261e+02   1288.824      30933  1028.8084  1028.8083    34.5556    34.5562    7.84124         14 0.0000e+00
    235.000    232.517     0.9339  29.606459     0.9360  29.608106     4.2996     4.3311     0.0002    97.2146 1.0000e-12  -68.03068  -69.28608 334.827562      99.98 3.2261e+02   1289.386      30946  1028.8021  1028.8018    34.5524    34.5523    7.84351         13 0.0000e+00
    234.000    231.527     0.9217  29.593597     0.9209  29.592029     4.3023     4.3340     0.0013    97.2262 1.0000e-12  -68.03068  -69.28610 334.827568      99.98 3.2261e+02   1289.904      30959  1028.7966  1028.7958    34.5500    34.5489    7.84610         13 0.0000e+00
    233.000    230.540     0.9155  29.586537     0.9149  29.585365     4.3003     4.3341     0.0002    97.2339 1.0000e-12  -68.03068  -69.28610 334.827575      99.98 3.2261e+02   1290.438      30972  1028.7910  1028.7905    34.5483    34.5475    7.84744         12 0.0000e+00
    232.000    229.548     0.9097  29.580187     0.9120  29.581989     4.2930     4.3332     0.0060    97.2403 1.0000e-12  -68.03068  -69.28612 334.827581      99.98 3.2261e+02   1291.017      30985  1028.7858  1028.7855    34.5471    34.5469    7.84867         16 0.0000e+00
    231.000    228.560     0.9148  29.585575     0.9134  29.583554     4.2872     4.3323     0.0063    97.2058 1.0000e-12  -68.03068  -69.28611 334.827590      99.98 3.2261e+02   1291.781      31004  1028.7820  1028.7813    34.5491    34.5479    7.84755         23 0.0000e+00
    230.000    227.574     0.9184  29.588850     0.9208  29.591294     4.2816     4.3261     0.0025    97.1980 1.0000e-12  -68.03069  -69.28608 334.827618      99.98 3.2261e+02   1294.190      31062  1028.7772  1028.7775    34.5498    34.5503    7.84677         34 0.0000e+00
    229.000    226.584     0.9278  29.597504     0.9324  29.602087     4.2757     4.3391    -0.0060    97.2120 1.0000e-12  -68.03070  -69.28604 334.827640      99.98 3.2261e+02   1296.117      31108  1028.7726  1028.7728    34.5512    34.5519    7.84481         27 0.0000e+00
    228.000    225.594     0.9158  29.585056     0.9208  29.589596     4.2921     4.3645    -0.0010    97.2146 1.0000e-12  -68.03070  -69.28604 334.827652      99.98 3.2261e+02   1297.156      31133  1028.7672  1028.7671    34.5490    34.5493    7.84734         25 0.0000e+00
