NBP2113_155081_ctd/data/unbp2113_042.cnv
* Sea-Bird SBE 9 Data File:
* FileName = D:\Data\raw\NBP2113_042.hex
* Software Version Seasave V 7.26.7.121
* Temperature SN = 2438
* Conductivity SN = 2067
* Number of Bytes Per Scan = 40
* Number of Voltage Words = 5
* Number of Scans Averaged by the Deck Unit = 1
* NMEA Latitude = 64 49.83 S
* NMEA Longitude = 063 54.10 W
* NMEA UTC (Time) = Dec 10 2021  15:52:47
* NMEA baud rate = 9600
** Ship: RVIB N.B. Palmer
** Cruise: NBP2113 LTER
** Station: 624.030
** Operator: S. Blackman
# nquan = 25
# nvalues = 407                         
# units = specified
# name 0 = prDM: Pressure, Digiquartz [db]
# name 1 = depSM: Depth [salt water, m]
# name 2 = t090C: Temperature [ITS-90, deg C]
# name 3 = c0mS/cm: Conductivity [mS/cm]
# name 4 = t190C: Temperature, 2 [ITS-90, deg C]
# name 5 = c1mS/cm: Conductivity, 2 [mS/cm]
# name 6 = sbeox0ML/L: Oxygen, SBE 43 [ml/l]
# name 7 = sbeox1ML/L: Oxygen, SBE 43, 2 [ml/l]
# name 8 = flECO-AFL: Fluorescence, WET Labs ECO-AFL/FL [mg/m^3]
# name 9 = CStarTr0: Beam Transmission, WET Labs C-Star [%]
# name 10 = par: PAR/Irradiance, Biospherical/Licor
# name 11 = latitude: Latitude [deg]
# name 12 = longitude: Longitude [deg]
# name 13 = timeJ: Julian Days
# name 14 = altM: Altimeter [m]
# name 15 = spar: SPAR, Biospherical/Licor
# name 16 = timeS: Time, Elapsed [seconds]
# name 17 = scan: Scan Count
# name 18 = density00: Density [density, kg/m^3]
# name 19 = density11: Density, 2 [density, kg/m^3]
# name 20 = sal00: Salinity, Practical [PSU]
# name 21 = sal11: Salinity, Practical, 2 [PSU]
# name 22 = oxsolML/L: Oxygen Saturation, Garcia & Gordon [ml/l]
# name 23 = nbin: number of scans per bin
# name 24 = flag: flag
# span 0 =      1.000,    407.000       
# span 1 =      0.989,    402.619       
# span 2 =    -0.3913,     1.1575       
# span 3 =  27.880583,  29.916241       
# span 4 =    -0.3882,     1.1571       
# span 5 =  27.878704,  29.914897       
# span 6 =     4.4699,     9.5381       
# span 7 =     4.5359,     9.8822       
# span 8 =    -0.0152,     1.8417       
# span 9 =    84.7100,    91.9834       
# span 10 = 1.0000e-12, 2.4163e+03      
# span 11 =  -64.83128,  -64.83080      
# span 12 =  -63.90174,  -63.90163      
# span 13 = 344.672539, 344.684065      
# span 14 =       6.12,     100.48      
# span 15 = 1.3120e+03, 1.5849e+03      
# span 16 =    940.391,   1936.228      
# span 17 =      22570,      46470      
# span 18 =  1027.1171,  1029.6342      
# span 19 =  1027.1155,  1029.6332      
# span 20 =    33.7531,    34.6033      
# span 21 =    33.7512,    34.6019      
# span 22 =    7.79602,    8.14915      
# span 23 =         16,         49      
# span 24 = 0.0000e+00, 0.0000e+00      
# interval = decibars: 1                
# start_time = Dec 10 2021 15:52:47 [NMEA time, header]
# bad_flag = -9.990e-29
*END*
[from data line 116]
    291.000    287.948     1.1233  29.829211     1.1231  29.827877     4.5129     4.5803    -0.0033    91.9362 1.0000e-12  -64.83094  -63.90170 344.674310      99.97 1.3587e+03   1093.366      26242  1029.0863  1029.0852    34.5965    34.5950    7.80320         34 0.0000e+00
    290.000    286.959     1.1234  29.828818     1.1233  29.827601     4.5128     4.5790    -0.0028    91.9474 1.0000e-12  -64.83094  -63.90169 344.674329      99.97 1.3595e+03   1095.010      26281  1029.0816  1029.0804    34.5964    34.5950    7.80319         39 0.0000e+00
    289.000    285.970     1.1233  29.828288     1.1233  29.827108     4.5211     4.5804    -0.0003    91.9591 1.0000e-12  -64.83094  -63.90168 344.674364      99.97 1.3670e+03   1098.052      26354  1029.0769  1029.0757    34.5964    34.5949    7.80320         35 0.0000e+00
    288.000    284.982     1.1239  29.828564     1.1237  29.827374     4.5104     4.5783    -0.0060    91.9085 1.0000e-12  -64.83094  -63.90169 344.674398      99.97 1.3723e+03   1101.005      26425  1029.0723  1029.0713    34.5967    34.5954    7.80306         48 0.0000e+00
    287.000    283.993     1.1244  29.828626     1.1242  29.827313     4.5144     4.5764     0.0015    91.9440 1.0000e-12  -64.83094  -63.90170 344.674428      99.97 1.3763e+03   1103.606      26488  1029.0676  1029.0665    34.5968    34.5953    7.80296         49 0.0000e+00
    286.000    283.004     1.1273  29.831131     1.1273  29.830090     4.5077     4.5775    -0.0014    91.9284 1.0000e-12  -64.83094  -63.90170 344.674456      99.97 1.3815e+03   1105.968      26544  1029.0632  1029.0620    34.5974    34.5960    7.80236         40 0.0000e+00
    285.000    282.014     1.1295  29.833016     1.1291  29.831695     4.5056     4.5760    -0.0050    91.8768 1.0000e-12  -64.83094  -63.90170 344.674480      99.97 1.3821e+03   1108.071      26595  1029.0587  1029.0578    34.5980    34.5968    7.80188         37 0.0000e+00
    284.000    281.029     1.1269  29.829706     1.1272  29.828975     4.5124     4.5791    -0.0022    91.9206 1.0000e-12  -64.83094  -63.90170 344.674541      99.97 1.3871e+03   1113.362      26722  1029.0537  1029.0526    34.5972    34.5959    7.80245         34 0.0000e+00
    283.000    280.037     1.1282  29.830826     1.1277  29.829186     4.5074     4.5781     0.0074    91.9336 1.0000e-12  -64.83094  -63.90170 344.674566      99.97 1.3878e+03   1115.488      26773  1029.0493  1029.0481    34.5978    34.5962    7.80216         36 0.0000e+00
    282.000    279.049     1.1270  29.829177     1.1273  29.828328     4.5114     4.5752    -0.0038    91.9286 1.0000e-12  -64.83094  -63.90171 344.674589      93.52 1.3893e+03   1117.474      26820  1029.0446  1029.0434    34.5976    34.5961    7.80241         30 0.0000e+00
    281.000    278.058     1.1257  29.827298     1.1247  29.825321     4.5201     4.5805    -0.0028    91.9265 1.0000e-12  -64.83094  -63.90170 344.674647     100.14 1.3921e+03   1122.479      26940  1029.0397  1029.0385    34.5972    34.5957    7.80269         33 0.0000e+00
    280.000    277.071     1.1237  29.824628     1.1237  29.823633     4.5125     4.5784    -0.0121    91.9508 1.0000e-12  -64.83094  -63.90170 344.674681      99.97 1.3955e+03   1125.426      27011  1029.0346  1029.0336    34.5966    34.5952    7.80312         33 0.0000e+00
    279.000    276.082     1.1230  29.823623     1.1226  29.822176     4.5142     4.5806    -0.0130    91.9446 1.0000e-12  -64.83094  -63.90170 344.674699      99.97 1.3969e+03   1126.957      27048  1029.0301  1029.0289    34.5966    34.5952    7.80326         33 0.0000e+00
    278.000    275.092     1.1237  29.823890     1.1237  29.822763     4.5181     4.5810    -0.0038    91.9345 1.0000e-12  -64.83094  -63.90170 344.674932      99.97 1.4174e+03   1147.109      27532  1029.0253  1029.0242    34.5967    34.5954    7.80310         38 0.0000e+00
    277.000    274.104     1.1237  29.823496     1.1234  29.822083     4.5218     4.5838     0.0029    91.9589 1.0000e-12  -64.83094  -63.90170 344.675196      99.97 1.4313e+03   1169.936      28079  1029.0207  1029.0196    34.5968    34.5954    7.80310         34 0.0000e+00
    276.000    273.115     1.1229  29.822220     1.1224  29.820507     4.5180     4.5810    -0.0044    91.9313 1.0000e-12  -64.83094  -63.90172 344.675211      99.97 1.4297e+03   1171.263      28111  1029.0159  1029.0147    34.5966    34.5950    7.80327         32 0.0000e+00
    275.000    272.126     1.1218  29.820623     1.1209  29.818600     4.5277     4.5861    -0.0046    91.9411 1.0000e-12  -64.83094  -63.90172 344.675226      99.97 1.4276e+03   1172.508      28141  1029.0111  1029.0100    34.5964    34.5949    7.80350         26 0.0000e+00
    274.000    271.137     1.1169  29.815069     1.1177  29.814807     4.5325     4.5912    -0.0077    91.9568 1.0000e-12  -64.83094  -63.90171 344.675238      99.97 1.4253e+03   1173.576      28167  1029.0060  1029.0050    34.5953    34.5941    7.80454         27 0.0000e+00
    273.000    270.148     1.1110  29.808430     1.1128  29.809162     4.5396     4.5893    -0.0028    91.9834 1.0000e-12  -64.83094  -63.90170 344.675252      99.97 1.4202e+03   1174.811      28196  1029.0008  1028.9997    34.5939    34.5929    7.80579         36 0.0000e+00
    272.000    269.159     1.1139  29.811046     1.1162  29.812285     4.5397     4.5991    -0.0033    91.9603 1.0000e-12  -64.83094  -63.90169 344.675278      99.97 1.4141e+03   1177.046      28250  1028.9962  1028.9953    34.5946    34.5937    7.80517         43 0.0000e+00
    271.000    268.170     1.1136  29.810294     1.1141  29.809728     4.5785     4.6251    -0.0025    91.9646 1.0000e-12  -64.83094  -63.90170 344.675303      99.97 1.4155e+03   1179.204      28302  1028.9915  1028.9905    34.5946    34.5933    7.80525         34 0.0000e+00
    270.000    267.183     1.0955  29.790892     1.0926  29.786392     4.5974     4.6420    -0.0142    91.9616 1.0000e-12  -64.83094  -63.90170 344.675318      99.97 1.4138e+03   1180.489      28333  1028.9853  1028.9834    34.5903    34.5877    7.80909         27 0.0000e+00
    269.000    266.193     1.0787  29.773133     1.0798  29.773057     4.6085     4.6472    -0.0027    91.9617 1.0000e-12  -64.83094  -63.90170 344.675330      99.97 1.4124e+03   1181.485      28357  1028.9791  1028.9780    34.5867    34.5854    7.81263         22 0.0000e+00
    268.000    265.203     1.0749  29.767888     1.0756  29.767550     4.6140     4.6549     0.0039    91.9617 1.0000e-12  -64.83094  -63.90172 344.675340      99.97 1.4109e+03   1182.345      28377  1028.9732  1028.9721    34.5847    34.5835    7.81350         20 0.0000e+00
    267.000    264.214     1.0693  29.761761     1.0707  29.762118     4.6107     4.6565     0.0027    91.9617 1.0000e-12  -64.83094  -63.90172 344.675349      99.97 1.4103e+03   1183.155      28397  1028.9680  1028.9671    34.5836    34.5826    7.81468         19 0.0000e+00
    266.000    263.228     1.0640  29.755428     1.0649  29.755544     4.6047     4.6530    -0.0147    91.9541 1.0000e-12  -64.83094  -63.90171 344.675358      99.97 1.4095e+03   1183.965      28416  1028.9624  1028.9617    34.5819    34.5811    7.81583         20 0.0000e+00
    265.000    262.237     1.0631  29.753786     1.0658  29.755271     4.6002     4.6551     0.0055    91.9366 1.0000e-12  -64.83094  -63.90170 344.675369      99.97 1.4082e+03   1184.902      28439  1028.9572  1028.9561    34.5814    34.5803    7.81604         26 0.0000e+00
    264.000    261.249     1.0702  29.760528     1.0687  29.758538     4.5969     4.6551    -0.0067    91.9285 1.0000e-12  -64.83094  -63.90169 344.675386      99.97 1.4060e+03   1186.323      28473  1028.9528  1028.9522    34.5828    34.5818    7.81455         37 0.0000e+00
    263.000    260.259     1.0686  29.758840     1.0677  29.756746     4.5911     4.6557    -0.0108    91.9337 1.0000e-12  -64.83094  -63.90168 344.675413      99.97 1.4046e+03   1188.682      28529  1028.9482  1028.9470    34.5830    34.5813    7.81486         32 0.0000e+00
    262.000    259.270     1.0684  29.758315     1.0684  29.757378     4.6122     4.6647    -0.0024    91.9389 1.0000e-12  -64.83094  -63.90168 344.675433      99.97 1.4055e+03   1190.451      28572  1028.9436  1028.9426    34.5831    34.5819    7.81489         34 0.0000e+00
    261.000    258.281     1.0575  29.746560     1.0589  29.746743     4.6174     4.6720    -0.0055    91.9524 1.0000e-12  -64.83095  -63.90168 344.675450      99.97 1.4071e+03   1191.892      28606  1028.9379  1028.9367    34.5807    34.5793    7.81720         32 0.0000e+00
    260.000    257.292     1.0543  29.742877     1.0560  29.743634     4.6113     4.6793     0.0029    91.9512 1.0000e-12  -64.83096  -63.90170 344.675464      99.97 1.4086e+03   1193.127      28636  1028.9329  1028.9320    34.5800    34.5792    7.81787         27 0.0000e+00
    259.000    256.303     1.0502  29.737859     1.0497  29.736350     4.6117     4.6857     0.0019    91.9452 1.0000e-12  -64.83096  -63.90170 344.675476      99.97 1.4091e+03   1194.119      28660  1028.9275  1028.9264    34.5787    34.5773    7.81876         22 0.0000e+00
    258.000    255.316     1.0478  29.735016     1.0474  29.733598     4.6182     4.6837    -0.0150    91.9565 1.0000e-12  -64.83096  -63.90170 344.675486      99.97 1.4103e+03   1194.979      28680  1028.9226  1028.9215    34.5783    34.5769    7.81927         20 0.0000e+00
    257.000    254.325     1.0450  29.731552     1.0451  29.730530     4.6288     4.6831    -0.0006    91.9415 1.0000e-12  -64.83096  -63.90170 344.675495      99.97 1.4103e+03   1195.803      28700  1028.9175  1028.9164    34.5775    34.5761    7.81986         20 0.0000e+00
    256.000    253.337     1.0437  29.729807     1.0436  29.728621     4.6266     4.6837     0.0054    91.9361 1.0000e-12  -64.83096  -63.90170 344.675506      99.97 1.4103e+03   1196.702      28722  1028.9127  1028.9116    34.5774    34.5759    7.82014         22 0.0000e+00
    255.000    252.347     1.0429  29.728434     1.0462  29.730699     4.6256     4.6814    -0.0034    91.9359 1.0000e-12  -64.83096  -63.90170 344.675519      99.97 1.4103e+03   1197.839      28749  1028.9077  1028.9068    34.5770    34.5763    7.82031         31 0.0000e+00
    254.000    251.359     1.0455  29.730622     1.0443  29.728404     4.6341     4.6854    -0.0072    91.9359 1.0000e-12  -64.83096  -63.90168 344.675537      99.97 1.4105e+03   1199.367      28786  1028.9031  1028.9020    34.5776    34.5760    7.81977         36 0.0000e+00
    253.000    250.370     1.0373  29.721869     1.0390  29.722709     4.6525     4.6953     0.0079    91.9335 1.0000e-12  -64.83096  -63.90168 344.675554      83.99 1.4121e+03   1200.865      28822  1028.8979  1028.8970    34.5760    34.5751    7.82149         33 0.0000e+00
    252.000    249.380     1.0277  29.711014     1.0330  29.715294     4.6590     4.7098     0.0054    91.9427 1.0000e-12  -64.83096  -63.90168 344.675570      80.57 1.4137e+03   1202.217      28854  1028.8917  1028.8910    34.5732    34.5728    7.82356         34 0.0000e+00
    251.000    248.391     1.0260  29.709468     1.0276  29.709970     4.6777     4.7290    -0.0060    91.9638 1.0000e-12  -64.83096  -63.90168 344.675586     100.48 1.4145e+03   1203.669      28889  1028.8875  1028.8865    34.5736    34.5726    7.82387         33 0.0000e+00
    250.000    247.405     1.0112  29.692847     1.0117  29.692882     4.6930     4.7404     0.0028    91.9405 1.0000e-12  -64.83096  -63.90170 344.675603      99.97 1.4156e+03   1205.099      28923  1028.8806  1028.8802    34.5693    34.5687    7.82708         29 0.0000e+00
    249.000    246.412     1.0054  29.686317     1.0011  29.680850     4.7209     4.7599     0.0046    91.9474 1.0000e-12  -64.83096  -63.90170 344.675617      99.97 1.4168e+03   1206.272      28952  1028.8753  1028.8738    34.5679    34.5656    7.82832         25 0.0000e+00
    248.000    245.426     0.9919  29.671853     0.9932  29.672107     4.7259     4.7683    -0.0005    91.9540 1.0000e-12  -64.83096  -63.90170 344.675628      99.97 1.4174e+03   1207.267      28975  1028.8693  1028.8682    34.5648    34.5636    7.83119         23 0.0000e+00
    247.000    244.435     0.9844  29.663342     0.9842  29.662025     4.7226     4.7595     0.0031    91.9370 1.0000e-12  -64.83096  -63.90168 344.675639      99.97 1.4188e+03   1208.248      28999  1028.8635  1028.8623    34.5628    34.5612    7.83282         25 0.0000e+00
    246.000    243.446     0.9823  29.660175     0.9833  29.659648     4.7010     4.7533     0.0098    91.9155 1.0000e-12  -64.83096  -63.90168 344.675653      99.97 1.4195e+03   1209.394      29026  1028.8578  1028.8563    34.5615    34.5597    7.83329         30 0.0000e+00
    245.000    242.457     0.9879  29.665971     0.9977  29.675218     4.7158     4.7638    -0.0002    91.9007 1.0000e-12  -64.83097  -63.90168 344.675671      99.96 1.4214e+03   1210.938      29064  1028.8539  1028.8538    34.5635    34.5645    7.83208         34 0.0000e+00
    244.000    241.468     0.9847  29.662569     0.9849  29.661063     4.7210     4.7735     0.0010    91.8837 1.0000e-12  -64.83098  -63.90169 344.675689      99.97 1.4236e+03   1212.525      29102  1028.8491  1028.8475    34.5631    34.5610    7.83272         33 0.0000e+00
    243.000    240.479     0.9789  29.655432     0.9784  29.653773     4.7130     4.7790     0.0038    91.9053 1.0000e-12  -64.83098  -63.90170 344.675703      99.97 1.4244e+03   1213.735      29131  1028.8432  1028.8420    34.5610    34.5594    7.83401         26 0.0000e+00
    242.000    239.491     0.9768  29.652985     0.9765  29.651666     4.7140     4.7796    -0.0077    91.8947 1.0000e-12  -64.83098  -63.90170 344.675715      99.97 1.4244e+03   1214.795      29156  1028.8383  1028.8373    34.5607    34.5594    7.83444         25 0.0000e+00
    241.000    238.501     0.9750  29.650383     0.9744  29.648797     4.7192     4.7828    -0.0077    91.9059 1.0000e-12  -64.83098  -63.90170 344.675727      99.97 1.4244e+03   1215.809      29180  1028.8331  1028.8321    34.5600    34.5586    7.83485         24 0.0000e+00
    240.000    237.512     0.9738  29.648753     0.9734  29.647299     4.7298     4.7828    -0.0071    91.9081 1.0000e-12  -64.83098  -63.90170 344.675739      99.97 1.4244e+03   1216.834      29205  1028.8283  1028.8272    34.5598    34.5583    7.83510         25 0.0000e+00
    239.000    236.523     0.9714  29.645832     0.9708  29.644103     4.7279     4.7877     0.0074    91.8835 1.0000e-12  -64.83098  -63.90170 344.675752      99.97 1.4244e+03   1217.938      29232  1028.8233  1028.8222    34.5593    34.5577    7.83561         28 0.0000e+00
    238.000    235.534     0.9706  29.644417     0.9703  29.643074     4.7145     4.7856     0.0091    91.8836 1.0000e-12  -64.83098  -63.90168 344.675766      99.97 1.4244e+03   1219.195      29262  1028.8184  1028.8173    34.5589    34.5576    7.83579         33 0.0000e+00
    237.000    234.545     0.9705  29.643913     0.9709  29.643237     4.7180     4.7872     0.0186    91.8851 1.0000e-12  -64.83098  -63.90168 344.675783      99.97 1.4243e+03   1220.675      29297  1028.8136  1028.8125    34.5589    34.5577    7.83580         38 0.0000e+00
    236.000    233.556     0.9680  29.640889     0.9744  29.646446     4.7233     4.7855    -0.0001    91.8844 1.0000e-12  -64.83098  -63.90168 344.675802      99.97 1.4244e+03   1222.301      29336  1028.8086  1028.8080    34.5584    34.5585    7.83634         36 0.0000e+00
    235.000    232.567     0.9673  29.639584     0.9733  29.644555     4.7401     4.7946     0.0071    91.8650 1.0000e-12  -64.83098  -63.90168 344.675821      99.97 1.4261e+03   1223.901      29375  1028.8035  1028.8029    34.5581    34.5579    7.83649         36 0.0000e+00
