NBP2113_155081_ctd/data/unbp2113_050.cnv
* Sea-Bird SBE 9 Data File:
* FileName = D:\Data\raw\NBP2113_050.hex
* Software Version Seasave V 7.26.7.121
* Temperature SN = 2438
* Conductivity SN = 2067
* Number of Bytes Per Scan = 40
* Number of Voltage Words = 5
* Number of Scans Averaged by the Deck Unit = 1
* NMEA Latitude = 64 56.46 S
* NMEA Longitude = 064 42.01 W
* NMEA UTC (Time) = Dec 11 2021  13:44:32
* NMEA baud rate = 9600
** Ship: RVIB N.B. Palmer
** Cruise: NBP2113 LTER
** Station: 590.050
** Operator: B. Urmston
# nquan = 25
# nvalues = 394                         
# units = specified
# name 0 = prDM: Pressure, Digiquartz [db]
# name 1 = depSM: Depth [salt water, m]
# name 2 = t090C: Temperature [ITS-90, deg C]
# name 3 = c0mS/cm: Conductivity [mS/cm]
# name 4 = t190C: Temperature, 2 [ITS-90, deg C]
# name 5 = c1mS/cm: Conductivity, 2 [mS/cm]
# name 6 = sbeox0ML/L: Oxygen, SBE 43 [ml/l]
# name 7 = sbeox1ML/L: Oxygen, SBE 43, 2 [ml/l]
# name 8 = flECO-AFL: Fluorescence, WET Labs ECO-AFL/FL [mg/m^3]
# name 9 = CStarTr0: Beam Transmission, WET Labs C-Star [%]
# name 10 = par: PAR/Irradiance, Biospherical/Licor
# name 11 = latitude: Latitude [deg]
# name 12 = longitude: Longitude [deg]
# name 13 = timeJ: Julian Days
# name 14 = altM: Altimeter [m]
# name 15 = spar: SPAR, Biospherical/Licor
# name 16 = timeS: Time, Elapsed [seconds]
# name 17 = scan: Scan Count
# name 18 = density00: Density [density, kg/m^3]
# name 19 = density11: Density, 2 [density, kg/m^3]
# name 20 = sal00: Salinity, Practical [PSU]
# name 21 = sal11: Salinity, Practical, 2 [PSU]
# name 22 = oxsolML/L: Oxygen Saturation, Garcia & Gordon [ml/l]
# name 23 = nbin: number of scans per bin
# name 24 = flag: flag
# span 0 =      1.000,    394.000       
# span 1 =      0.989,    389.770       
# span 2 =    -0.9844,     1.3610       
# span 3 =  27.333559,  30.126600       
# span 4 =    -0.9820,     1.3607       
# span 5 =  27.331849,  30.125138       
# span 6 =     4.1804,     8.6449       
# span 7 =     4.2428,     8.5360       
# span 8 =    -0.0227,     1.3956       
# span 9 =    82.1989,    92.0056       
# span 10 = 1.0000e-12, 1.0082e+03      
# span 11 =  -64.94108,  -64.94072      
# span 12 =  -64.70039,  -64.69986      
# span 13 = 345.583510, 345.593043      
# span 14 =       7.47,      99.99      
# span 15 = 9.3079e+02, 1.0137e+03      
# span 16 =    943.287,   1766.881      
# span 17 =      22640,      42406      
# span 18 =  1027.0033,  1029.5997      
# span 19 =  1027.0016,  1029.5984      
# span 20 =    33.5842,    34.6569      
# span 21 =    33.5822,    34.6553      
# span 22 =    7.75283,    8.28986      
# span 23 =         11,         47      
# span 24 = 0.0000e+00, 0.0000e+00      
# interval = decibars: 1                
# start_time = Dec 11 2021 13:44:32 [NMEA time, header]
# bad_flag = -9.990e-29
*END*
[from data line 290]
    104.000    102.954     0.4527  29.009863     0.4495  29.005237     5.1460     5.1821     0.0361    91.7822 8.0289e-01  -64.94096  -64.70014 345.589440      99.97 9.6253e+02   1455.594      34935  1028.0839  1028.0821    34.3901    34.3875    7.95034         31 0.0000e+00
    103.000    101.965     0.4627  29.021231     0.4603  29.017058     5.1467     5.1852     0.0338    91.7749 8.2023e-01  -64.94096  -64.70012 345.589494      99.97 9.6209e+02   1460.294      35048  1028.0814  1028.0793    34.3944    34.3915    7.94804         39 0.0000e+00
    102.000    100.975     0.4492  29.005096     0.4509  29.005652     5.1453     5.1856     0.0312    91.7766 8.6796e-01  -64.94095  -64.70011 345.589541      99.97 9.6076e+02   1464.339      35145  1028.0732  1028.0721    34.3889    34.3877    7.95111         32 0.0000e+00
    101.000     99.985     0.4518  29.007511     0.4510  29.005698     5.1374     5.1884     0.0345    91.7895 9.0104e-01  -64.94094  -64.70012 345.589587      99.97 9.6077e+02   1468.304      35240  1028.0687  1028.0675    34.3897    34.3882    7.95053         40 0.0000e+00
    100.000     98.998     0.4505  29.005758     0.4492  29.002966     5.1432     5.1912     0.0328    91.7672 9.3614e-01  -64.94093  -64.70010 345.589700      99.97 9.5836e+02   1478.123      35476  1028.0637  1028.0620    34.3895    34.3873    7.95081         34 0.0000e+00
     99.000     98.006     0.4435  28.997650     0.4434  28.996691     5.1455     5.1973     0.0288    91.7816 9.7981e-01  -64.94092  -64.70006 345.589864      99.97 9.5544e+02   1492.221      35814  1028.0576  1028.0566    34.3873    34.3861    7.95238         18 0.0000e+00
     98.000     97.015     0.4426  28.996249     0.4411  28.993437     5.1352     5.1939     0.0289    91.7814 1.0209e+00  -64.94092  -64.70006 345.589870      99.97 9.5548e+02   1492.741      35827  1028.0527  1028.0513    34.3871    34.3851    7.95258         16 0.0000e+00
     97.000     96.028     0.4409  28.993743     0.4391  28.990687     5.1427     5.1925     0.0289    91.7814 1.0674e+00  -64.94092  -64.70006 345.589878      99.97 9.5548e+02   1493.436      35843  1028.0475  1028.0460    34.3863    34.3842    7.95298         18 0.0000e+00
     96.000     95.037     0.4398  28.992207     0.4383  28.989402     5.1487     5.1936     0.0416    91.7814 1.1163e+00  -64.94092  -64.70004 345.589889      99.97 9.5548e+02   1494.377      35866  1028.0427  1028.0412    34.3861    34.3841    7.95321         29 0.0000e+00
     95.000     94.046     0.4420  28.994082     0.4415  28.992220     5.1468     5.1969     0.0371    91.7814 1.1498e+00  -64.94092  -64.70001 345.589925      99.97 9.5394e+02   1497.563      35943  1028.0382  1028.0367    34.3867    34.3848    7.95273         35 0.0000e+00
     94.000     93.058     0.4406  28.992108     0.4403  28.990684     5.1614     5.2137     0.0287    91.7814 1.2016e+00  -64.94092  -64.70002 345.589946      99.97 9.5372e+02   1499.355      35986  1028.0332  1028.0320    34.3863    34.3847    7.95303         28 0.0000e+00
     93.000     92.068     0.4395  28.990515     0.4389  28.988833     5.1841     5.2233     0.0289    91.7794 1.2657e+00  -64.94090  -64.70002 345.589959      99.97 9.5547e+02   1500.431      36011  1028.0283  1028.0272    34.3860    34.3845    7.95327         26 0.0000e+00
     92.000     91.078     0.4258  28.975707     0.4116  28.958987     5.1954     5.2307     0.0300    91.7795 1.3270e+00  -64.94090  -64.70002 345.589972      99.97 9.5496e+02   1501.539      36038  1028.0219  1028.0182    34.3825    34.3764    7.95629         27 0.0000e+00
     91.000     90.087     0.4084  28.955670     0.3985  28.942456     5.2048     5.2356     0.0362    91.7769 1.3828e+00  -64.94090  -64.70002 345.589984      99.97 9.5379e+02   1502.587      36063  1028.0135  1028.0094    34.3762    34.3700    7.96022         23 0.0000e+00
     90.000     89.099     0.4042  28.948910     0.3839  28.926595     5.2019     5.2326     0.0362    91.7625 1.4365e+00  -64.94090  -64.70002 345.589994      99.97 9.5372e+02   1503.457      36084  1028.0063  1028.0026    34.3727    34.3661    7.96129         19 0.0000e+00
     89.000     88.110     0.3773  28.919119     0.3651  28.904091     5.2123     5.2306     0.0265    91.7419 1.4960e+00  -64.94090  -64.70002 345.590003      99.97 9.5372e+02   1504.259      36103  1027.9972  1027.9929    34.3643    34.3581    7.96732         19 0.0000e+00
     88.000     87.118     0.3658  28.904869     0.3585  28.895069     5.2110     5.2343     0.0274    91.7292 1.5640e+00  -64.94090  -64.70002 345.590013      99.97 9.5365e+02   1505.143      36124  1027.9887  1027.9854    34.3590    34.3543    7.96998         25 0.0000e+00
     87.000     86.128     0.3731  28.913065     0.3686  28.904955     5.1954     5.2447     0.0348    91.7213 1.6451e+00  -64.94090  -64.70000 345.590033      99.97 9.5200e+02   1506.860      36166  1027.9856  1027.9813    34.3622    34.3565    7.96829         35 0.0000e+00
     86.000     85.140     0.3664  28.905119     0.3736  28.912030     5.2393     5.2852     0.0502    91.7111 1.7156e+00  -64.94090  -64.70000 345.590062      99.97 9.5196e+02   1509.389      36226  1027.9791  1027.9793    34.3598    34.3608    7.96980         30 0.0000e+00
     85.000     84.150     0.3486  28.883137     0.3591  28.894663     5.2947     5.3375     0.0359    91.7230 1.7895e+00  -64.94090  -64.70000 345.590072      99.97 9.5196e+02   1510.212      36246  1027.9693  1027.9710    34.3514    34.3548    7.97395         18 0.0000e+00
     84.000     83.161     0.3041  28.838400     0.3025  28.837106     5.3066     5.3429     0.0308    91.7042 1.8696e+00  -64.94090  -64.70000 345.590080      99.97 9.5196e+02   1510.876      36262  1027.9611  1027.9613    34.3429    34.3430    7.98364         15 0.0000e+00
     83.000     82.170     0.2752  28.800500     0.2677  28.792367     5.3196     5.3355     0.0289    91.6770 1.9542e+00  -64.94090  -64.70000 345.590087      99.97 9.5196e+02   1511.516      36277  1027.9451  1027.9438    34.3260    34.3237    7.99059         16 0.0000e+00
     82.000     81.180     0.2660  28.788700     0.2543  28.776443     5.3261     5.3335     0.0289    91.6560 2.0426e+00  -64.94090  -64.70000 345.590095      99.97 9.5196e+02   1512.228      36294  1027.9370  1027.9355    34.3213    34.3183    7.99275         19 0.0000e+00
     81.000     80.190     0.2996  28.824676     0.2810  28.801854     5.3228     5.3444     0.0586    91.6528 2.1191e+00  -64.94088  -64.70000 345.590106      99.97 9.5196e+02   1513.198      36318  1027.9376  1027.9315    34.3318    34.3224    7.98521         29 0.0000e+00
     80.000     79.200     0.2694  28.792974     0.2711  28.794247     5.3128     5.3459     0.0509    91.6646 2.1740e+00  -64.94088  -64.69998 345.590124      99.97 9.5196e+02   1514.676      36353  1027.9290  1027.9286    34.3243    34.3242    7.99187         38 0.0000e+00
     79.000     78.211     0.2765  28.800530     0.2641  28.785740     5.4182     5.3888     0.0515    91.6607 2.2485e+00  -64.94088  -64.69998 345.590142      99.97 9.5196e+02   1516.298      36392  1027.9253  1027.9218    34.3269    34.3214    7.99025         35 0.0000e+00
     78.000     77.221     0.2532  28.776796     0.2600  28.782546     5.5926     5.4100     0.0533    91.6438 2.3926e+00  -64.94088  -64.69997 345.590160      99.97 9.5182e+02   1517.840      36429  1027.9185  1027.9178    34.3223    34.3223    7.99535         36 0.0000e+00
     77.000     76.232     0.2110  28.734979     0.2646  28.786822     5.7574     5.6357     0.0660    91.6266 2.5738e+00  -64.94088  -64.69996 345.590180      99.97 9.5016e+02   1519.534      36470  1027.9109  1027.9132    34.3151    34.3235    8.00454         41 0.0000e+00
     76.000     75.242     0.1848  28.706449     0.1824  28.707757     5.8945     5.8255     0.0795    91.6388 2.7158e+00  -64.94088  -64.69997 345.590198      99.97 9.5019e+02   1521.079      36507  1027.9016  1027.9056    34.3073    34.3118    8.01043         29 0.0000e+00
     75.000     74.251     0.1619  28.683831     0.1463  28.666779     5.9957     5.8885     0.0658    91.6265 2.8100e+00  -64.94088  -64.70000 345.590210      99.97 9.5019e+02   1522.137      36532  1027.8953  1027.8929    34.3037    34.2986    8.01541         22 0.0000e+00
     74.000     73.262     0.1413  28.662440     0.1023  28.618210     6.0624     5.9302     0.0706    91.6285 2.8896e+00  -64.94088  -64.70000 345.590219      99.96 9.5019e+02   1522.903      36551  1027.8887  1027.8798    34.2991    34.2843    8.01997         16 0.0000e+00
     73.000     72.272     0.0902  28.605968     0.0820  28.594263     6.1094     5.9706     0.0730    91.6269 2.9667e+00  -64.94088  -64.70000 345.590226      99.97 9.5019e+02   1523.535      36566  1027.8741  1027.8696    34.2823    34.2759    8.03160         14 0.0000e+00
     72.000     71.283     0.0739  28.584314     0.0716  28.580497     6.1365     6.0027     0.0786    91.6196 3.0522e+00  -64.94088  -64.70000 345.590233      99.97 9.5019e+02   1524.099      36579  1027.8624  1027.8606    34.2724    34.2699    8.03556         14 0.0000e+00
     71.000     70.293     0.0676  28.576701     0.0635  28.570782     6.1443     6.0164     0.0796    91.6015 3.1452e+00  -64.94088  -64.70000 345.590239      99.97 9.5019e+02   1524.637      36592  1027.8558  1027.8536    34.2700    34.2669    8.03701         12 0.0000e+00
     70.000     69.303     0.0601  28.567372     0.0600  28.565641     6.1104     6.0022     0.0792    91.5756 3.2492e+00  -64.94088  -64.70000 345.590245      99.97 9.5019e+02   1525.183      36605  1027.8488  1027.8470    34.2667    34.2645    8.03877         14 0.0000e+00
     69.000     68.312     0.0487  28.555334     0.0473  28.553414     6.0446     5.9716     0.0829    91.5295 3.3702e+00  -64.94088  -64.69999 345.590253      99.97 9.5057e+02   1525.835      36621  1027.8424  1027.8417    34.2641    34.2631    8.04131         18 0.0000e+00
     68.000     67.319     0.0560  28.562362     0.0550  28.560264     6.0641     6.0199     0.0868    91.5390 3.5999e+00  -64.94087  -64.69997 345.590281      99.97 9.4953e+02   1528.254      36679  1027.8374  1027.8363    34.2659    34.2642    8.03968         22 0.0000e+00
     67.000     66.333     0.0556  28.562799     0.0562  28.562298     6.4851     6.3016     0.0634    91.5457 3.9394e+00  -64.94086  -64.69996 345.590329      99.97 9.4838e+02   1532.434      36779  1027.8330  1027.8319    34.2675    34.2662    8.03968         12 0.0000e+00
     66.000     65.343     0.0480  28.553507     0.0526  28.557383     6.6890     6.4282     0.0723    91.5144 4.1014e+00  -64.94086  -64.69997 345.590333      99.97 9.4811e+02   1532.795      36788  1027.8262  1027.8258    34.2643    34.2643    8.04145         11 0.0000e+00
     65.000     64.352     0.0368  28.541284     0.0383  28.543018     6.8794     6.5341     0.0729    91.4858 4.2561e+00  -64.94086  -64.69998 345.590339      99.97 9.4680e+02   1533.260      36799  1027.8198  1027.8200    34.2612    34.2619    8.04397         11 0.0000e+00
     64.000     63.366    -0.0143  28.487653     0.0141  28.516985     6.9725     6.6046     0.0729    91.4865 4.4085e+00  -64.94086  -64.69998 345.590344      99.97 9.4715e+02   1533.712      36810  1027.8081  1027.8116    34.2480    34.2551    8.05546         11 0.0000e+00
     63.000     62.373    -0.0461  28.447238    -0.0472  28.445833     7.0148     6.6484     0.0756    91.4722 4.5616e+00  -64.94086  -64.69998 345.590349      99.97 9.4844e+02   1534.172      36821  1027.7916  1027.7915    34.2306    34.2300    8.06314         11 0.0000e+00
     62.000     61.383    -0.0886  28.390897    -0.0894  28.390763     6.9760     6.6501     0.0766    91.4442 4.6984e+00  -64.94086  -64.69997 345.590355      99.97 9.4843e+02   1534.651      36833  1027.7691  1027.7694    34.2040    34.2047    8.07361         12 0.0000e+00
     61.000     60.393    -0.1105  28.361661    -0.1110  28.357619     6.8554     6.5978     0.0891    91.3178 4.8370e+00  -64.94086  -64.69996 345.590361      99.97 9.4843e+02   1535.188      36846  1027.7543  1027.7506    34.1903    34.1854    8.07902         14 0.0000e+00
     60.000     59.402    -0.1085  28.350439    -0.0947  28.363272     6.6451     6.4896     0.1076    91.2399 4.9716e+00  -64.94086  -64.69995 345.590369      99.97 9.4843e+02   1535.847      36861  1027.7357  1027.7358    34.1737    34.1753    8.07953         19 0.0000e+00
     59.000     58.417    -0.0591  28.415026    -0.0646  28.412621     6.5193     6.4773     0.1186    91.2557 5.2863e+00  -64.94085  -64.69993 345.590403      99.97 9.4757e+02   1538.785      36932  1027.7506  1027.7536    34.2048    34.2078    8.06734         26 0.0000e+00
     58.000     57.423    -0.0578  28.418013    -0.0596  28.413880     6.7096     6.6243     0.1024    91.2949 5.8221e+00  -64.94084  -64.69993 345.590448      99.97 9.4668e+02   1542.724      37026  1027.7475  1027.7447    34.2080    34.2045    8.06689         16 0.0000e+00
     57.000     56.433    -0.0747  28.390428    -0.0647  28.402896     6.7008     6.6446     0.1036    91.2718 6.0930e+00  -64.94084  -64.69994 345.590456      99.97 9.4667e+02   1543.411      37043  1027.7302  1027.7337    34.1908    34.1962    8.07142         15 0.0000e+00
     56.000     55.443    -0.0779  28.385839    -0.0632  28.406886     6.6917     6.6577     0.1095    91.2649 6.3465e+00  -64.94084  -64.69992 345.590464      99.97 9.4792e+02   1544.086      37059  1027.7240  1027.7321    34.1889    34.2004    8.07221         17 0.0000e+00
     55.000     54.453    -0.0787  28.382509    -0.0731  28.392485     6.7246     6.6837     0.1313    91.2391 6.5517e+00  -64.94084  -64.69992 345.590474      99.97 9.4842e+02   1544.918      37079  1027.7168  1027.7220    34.1860    34.1930    8.07254         24 0.0000e+00
     54.000     53.464    -0.0780  28.383985    -0.0881  28.367421     6.7996     6.8178     0.1419    91.1978 6.6901e+00  -64.94084  -64.69991 345.590500      99.97 9.4668e+02   1547.156      37133  1027.7129  1027.7052    34.1877    34.1771    8.07229         35 0.0000e+00
     53.000     52.474    -0.0936  28.356831    -0.1133  28.325521     6.7346     6.8241     0.1425    91.2672 7.2345e+00  -64.94084  -64.69991 345.590541      99.97 9.4667e+02   1550.785      37220  1027.6945  1027.6800    34.1698    34.1502    8.07661         41 0.0000e+00
     52.000     51.484    -0.1050  28.347221    -0.0979  28.352457     6.4975     6.6692     0.1387    91.2656 7.6884e+00  -64.94084  -64.69992 345.590560      99.97 9.4667e+02   1552.395      37258  1027.6909  1027.6894    34.1704    34.1694    8.07899         34 0.0000e+00
     51.000     50.494    -0.1904  28.259258    -0.1594  28.289236     6.3432     6.5452     0.1559    91.2035 7.9833e+00  -64.94082  -64.69992 345.590575      99.97 9.4667e+02   1553.654      37289  1027.6755  1027.6775    34.1496    34.1547    8.09828         28 0.0000e+00
     50.000     49.504    -0.4179  28.011939    -0.4265  28.003605     6.3367     6.5134     0.1871    91.1591 8.3150e+00  -64.94082  -64.69992 345.590588      99.97 9.4667e+02   1554.781      37316  1027.6273  1027.6267    34.0746    34.0731    8.15112         27 0.0000e+00
     49.000     48.514    -0.4949  27.917235    -0.4982  27.913275     6.3580     6.4971     0.2206    91.0699 8.6974e+00  -64.94082  -64.69992 345.590603      99.97 9.4667e+02   1556.096      37347  1027.5939  1027.5927    34.0345    34.0330    8.16996         39 0.0000e+00
     48.000     47.525    -0.4657  27.947983    -0.4677  27.942260     6.5209     6.5705     0.2802    91.0174 9.3526e+00  -64.94082  -64.69992 345.590653      99.97 9.4647e+02   1560.465      37452  1027.5903  1027.5860    34.0437    34.0383    8.16315         36 0.0000e+00
