NBP2113_155081_ctd/data/unbp2113_034.cnv
* Sea-Bird SBE 9 Data File:
* FileName = D:\Data\raw\NBP2113_034.hex
* Software Version Seasave V 7.26.7.121
* Temperature SN = 2438
* Conductivity SN = 2067
* Number of Bytes Per Scan = 40
* Number of Voltage Words = 5
* Number of Scans Averaged by the Deck Unit = 1
* NMEA Latitude = 64 56.01 S
* NMEA Longitude = 064 23.98 W
* NMEA UTC (Time) = Dec 08 2021  22:30:19
* NMEA baud rate = 9600
** Ship: RVIB N.B. Palmer
** Cruise: NBP2113 LTER
** Station: 600.040
** Operator: S. Blackman
# nquan = 25
# nvalues = 1316                        
# units = specified
# name 0 = prDM: Pressure, Digiquartz [db]
# name 1 = depSM: Depth [salt water, m]
# name 2 = t090C: Temperature [ITS-90, deg C]
# name 3 = c0mS/cm: Conductivity [mS/cm]
# name 4 = t190C: Temperature, 2 [ITS-90, deg C]
# name 5 = c1mS/cm: Conductivity, 2 [mS/cm]
# name 6 = sbeox0ML/L: Oxygen, SBE 43 [ml/l]
# name 7 = sbeox1ML/L: Oxygen, SBE 43, 2 [ml/l]
# name 8 = flECO-AFL: Fluorescence, WET Labs ECO-AFL/FL [mg/m^3]
# name 9 = CStarTr0: Beam Transmission, WET Labs C-Star [%]
# name 10 = par: PAR/Irradiance, Biospherical/Licor
# name 11 = latitude: Latitude [deg]
# name 12 = longitude: Longitude [deg]
# name 13 = timeJ: Julian Days
# name 14 = altM: Altimeter [m]
# name 15 = spar: SPAR, Biospherical/Licor
# name 16 = timeS: Time, Elapsed [seconds]
# name 17 = scan: Scan Count
# name 18 = density00: Density [density, kg/m^3]
# name 19 = density11: Density, 2 [density, kg/m^3]
# name 20 = sal00: Salinity, Practical [PSU]
# name 21 = sal11: Salinity, Practical, 2 [PSU]
# name 22 = oxsolML/L: Oxygen Saturation, Garcia & Gordon [ml/l]
# name 23 = nbin: number of scans per bin
# name 24 = flag: flag
# span 0 =      1.000,   1316.000       
# span 1 =      0.990,   1299.000       
# span 2 =    -1.0208,     1.4957       
# span 3 =  27.110147,  30.664199       
# span 4 =    -1.0207,     1.4957       
# span 5 =  27.108688,  30.663162       
# span 6 =     4.0267,     9.5103       
# span 7 =     4.0938,     9.9217       
# span 8 =    -0.0224,     1.6580       
# span 9 =    87.6697,    96.0291       
# span 10 = 1.0000e-12, 5.6141e+01      
# span 11 =  -64.93354,  -64.93326      
# span 12 =  -64.39982,  -64.39924      
# span 13 = 342.962559, 342.985489      
# span 14 =       7.32,     101.02      
# span 15 = 4.0512e+01, 8.2856e+01      
# span 16 =   2146.069,   4127.244      
# span 17 =      51507,      99055      
# span 18 =  1026.9886,  1033.8812      
# span 19 =  1026.9870,  1033.8803      
# span 20 =    33.5563,    34.6780      
# span 21 =    33.5541,    34.6767      
# span 22 =    7.72523,    8.31269      
# span 23 =          9,         47      
# span 24 = 0.0000e+00, 0.0000e+00      
# interval = decibars: 1                
# start_time = Dec 08 2021 22:30:19 [NMEA time, header]
# bad_flag = -9.990e-29
*END*
[from data line 1102]
    214.000    211.792     0.9118  29.573322     0.9115  29.572088     4.7535     4.7966    -0.0019    95.6727 1.0000e-12  -64.93340  -64.39942 342.979074      99.98 4.4174e+01   3572.967      85752  1028.6992  1028.6982    34.5465    34.5453    7.84829         15 0.0000e+00
    213.000    210.803     0.9103  29.571321     0.9104  29.570413     4.7641     4.7996    -0.0076    95.6697 1.0000e-12  -64.93340  -64.39942 342.979081      99.98 4.4074e+01   3573.571      85767  1028.6943  1028.6933    34.5462    34.5450    7.84860         15 0.0000e+00
    212.000    209.817     0.9022  29.563045     0.9033  29.561950     4.7664     4.7991    -0.0051    95.6641 1.0000e-12  -64.93338  -64.39944 342.979088      99.98 4.4072e+01   3574.188      85782  1028.6895  1028.6871    34.5451    34.5424    7.85030         14 0.0000e+00
    211.000    208.825     0.8905  29.549989     0.8921  29.550032     4.7564     4.7971    -0.0004    95.6621 1.0000e-12  -64.93339  -64.39944 342.979095      99.98 4.4072e+01   3574.829      85797  1028.6831  1028.6817    34.5418    34.5401    7.85283         17 0.0000e+00
    210.000    207.836     0.8890  29.546989     0.8865  29.543600     4.7599     4.8013    -0.0004    95.6722 1.0000e-12  -64.93340  -64.39944 342.979104      99.97 4.4072e+01   3575.547      85814  1028.6772  1028.6762    34.5401    34.5386    7.85322         18 0.0000e+00
    209.000    206.847     0.8904  29.547196     0.8927  29.549324     4.7643     4.8008    -0.0004    95.6953 1.0000e-12  -64.93340  -64.39944 342.979114      99.97 4.4072e+01   3576.427      85835  1028.6717  1028.6716    34.5394    34.5397    7.85297         22 0.0000e+00
    208.000    205.858     0.8920  29.549642     0.8942  29.550914     4.7490     4.7920    -0.0004    95.7037 1.0000e-12  -64.93341  -64.39942 342.979130      99.97 4.4072e+01   3577.793      85868  1028.6683  1028.6675    34.5414    34.5406    7.85254         39 0.0000e+00
    207.000    204.868     0.9012  29.558625     0.9009  29.557938     4.7419     4.8004    -0.0036    95.6990 1.0000e-12  -64.93341  -64.39941 342.979162      99.97 4.4072e+01   3580.599      85935  1028.6643  1028.6638    34.5434    34.5429    7.85059         35 0.0000e+00
    206.000    203.881     0.8983  29.555580     0.8997  29.556455     4.7701     4.8168     0.0000    95.6753 1.0000e-12  -64.93340  -64.39942 342.979181      99.98 4.4072e+01   3582.193      85974  1028.6596  1028.6592    34.5433    34.5429    7.85118         24 0.0000e+00
    205.000    202.890     0.8898  29.546844     0.8865  29.541002     4.7921     4.8278    -0.0031    95.6942 1.0000e-12  -64.93340  -64.39942 342.979191      99.98 4.4072e+01   3583.146      85996  1028.6547  1028.6520    34.5420    34.5382    7.85295         22 0.0000e+00
    204.000    201.902     0.8669  29.522268     0.8676  29.520682     4.8038     4.8314    -0.0042    95.7005 1.0000e-12  -64.93340  -64.39944 342.979203      99.98 4.4072e+01   3584.117      86020  1028.6475  1028.6452    34.5363    34.5335    7.85789         25 0.0000e+00
    203.000    200.911     0.8556  29.508687     0.8581  29.510237     4.8062     4.8359    -0.0004    95.7295 1.0000e-12  -64.93340  -64.39944 342.979216      99.98 4.4072e+01   3585.232      86047  1028.6402  1028.6394    34.5318    34.5311    7.86041         28 0.0000e+00
    202.000    199.923     0.8524  29.504806     0.8540  29.505712     4.7998     4.8441     0.0036    95.7260 1.0000e-12  -64.93340  -64.39944 342.979229      99.98 4.4072e+01   3586.381      86074  1028.6349  1028.6343    34.5309    34.5303    7.86110         26 0.0000e+00
    201.000    198.934     0.8505  29.502220     0.8523  29.503099     4.8015     4.8450     0.0036    95.7413 1.0000e-12  -64.93340  -64.39946 342.979240      99.98 4.4072e+01   3587.373      86098  1028.6297  1028.6289    34.5303    34.5295    7.86153         22 0.0000e+00
    200.000    197.945     0.8506  29.501838     0.8493  29.499440     4.7989     4.8406    -0.0016    95.7401 1.0000e-12  -64.93340  -64.39946 342.979250      99.97 4.4072e+01   3588.215      86118  1028.6249  1028.6237    34.5303    34.5287    7.86151         19 0.0000e+00
    199.000    196.955     0.8460  29.496825     0.8469  29.496594     4.7996     4.8405    -0.0077    95.7293 1.0000e-12  -64.93340  -64.39946 342.979259      99.97 4.4072e+01   3588.995      86137  1028.6199  1028.6188    34.5295    34.5283    7.86248         19 0.0000e+00
    198.000    195.966     0.8453  29.495440     0.8451  29.494537     4.7957     4.8389    -0.0134    95.7452 1.0000e-12  -64.93340  -64.39945 342.979268      99.97 4.4072e+01   3589.793      86156  1028.6147  1028.6141    34.5291    34.5282    7.86264         20 0.0000e+00
    197.000    194.976     0.8472  29.496769     0.8471  29.496290     4.7924     4.8391    -0.0062    95.7468 1.0000e-12  -64.93340  -64.39944 342.979280      99.97 4.4072e+01   3590.772      86180  1028.6100  1028.6095    34.5294    34.5287    7.86225         28 0.0000e+00
    196.000    193.987     0.8477  29.497113     0.8479  29.496478     4.7994     4.8415    -0.0003    95.6671 1.0000e-12  -64.93340  -64.39944 342.979298      99.97 4.4072e+01   3592.312      86216  1028.6055  1028.6046    34.5298    34.5287    7.86212         31 0.0000e+00
    195.000    192.998     0.8478  29.496634     0.8475  29.495777     4.7955     4.8365    -0.0089    95.7374 1.0000e-12  -64.93340  -64.39944 342.979321      99.97 4.4072e+01   3594.348      86265  1028.6006  1028.6000    34.5297    34.5289    7.86211         32 0.0000e+00
    194.000    192.009     0.8481  29.496651     0.8476  29.495388     4.7920     4.8405     0.0020    95.7435 1.0000e-12  -64.93340  -64.39945 342.979339      99.97 4.4072e+01   3595.916      86303  1028.5959  1028.5951    34.5299    34.5288    7.86203         31 0.0000e+00
    193.000    191.019     0.8466  29.494611     0.8473  29.494517     4.8035     4.8468     0.0026    95.7469 1.0000e-12  -64.93340  -64.39946 342.979352      99.97 4.4072e+01   3597.023      86330  1028.5910  1028.5901    34.5295    34.5286    7.86236         24 0.0000e+00
    192.000    190.031     0.8415  29.489230     0.8421  29.488568     4.8126     4.8491    -0.0078    95.7469 1.0000e-12  -64.93340  -64.39947 342.979363      99.98 4.4072e+01   3597.943      86352  1028.5861  1028.5849    34.5288    34.5273    7.86342         20 0.0000e+00
    191.000    189.041     0.8402  29.487230     0.8402  29.486453     4.8168     4.8510    -0.0003    95.7469 1.0000e-12  -64.93340  -64.39948 342.979373      99.97 4.4072e+01   3598.787      86372  1028.5810  1028.5802    34.5282    34.5272    7.86371         20 0.0000e+00
    190.000    188.052     0.8390  29.485729     0.8389  29.484686     4.8171     4.8529    -0.0004    95.7469 1.0000e-12  -64.93340  -64.39948 342.979382      99.97 4.4072e+01   3599.610      86392  1028.5763  1028.5754    34.5282    34.5271    7.86395         20 0.0000e+00
    189.000    187.063     0.8374  29.483764     0.8373  29.482691     4.8077     4.8553    -0.0004    95.7469 1.0000e-12  -64.93340  -64.39948 342.979392      99.98 4.4072e+01   3600.470      86412  1028.5716  1028.5706    34.5281    34.5269    7.86429         22 0.0000e+00
    188.000    186.072     0.8361  29.481907     0.8356  29.480720     4.8103     4.8565     0.0019    95.7469 1.0000e-12  -64.93340  -64.39948 342.979403      99.98 4.4072e+01   3601.436      86435  1028.5667  1028.5660    34.5278    34.5268    7.86458         25 0.0000e+00
    187.000    185.085     0.8379  29.483294     0.8369  29.481644     4.8029     4.8572     0.0039    95.7469 1.0000e-12  -64.93340  -64.39946 342.979416      99.98 4.4072e+01   3602.578      86463  1028.5620  1028.5613    34.5281    34.5271    7.86419         30 0.0000e+00
    186.000    184.094     0.8366  29.481589     0.8388  29.483010     4.8116     4.8567    -0.0003    95.7469 1.0000e-12  -64.93340  -64.39946 342.979432      99.97 4.4072e+01   3603.915      86495  1028.5572  1028.5565    34.5279    34.5273    7.86446         31 0.0000e+00
    185.000    183.105     0.8364  29.480942     0.8387  29.482310     4.8218     4.8597    -0.0004    95.7461 1.0000e-12  -64.93340  -64.39946 342.979448      99.97 4.4072e+01   3605.335      86529  1028.5524  1028.5516    34.5279    34.5271    7.86450         32 0.0000e+00
    184.000    182.116     0.8366  29.480534     0.8374  29.480528     4.8117     4.8591    -0.0004    95.7320 1.0000e-12  -64.93340  -64.39947 342.979464      99.97 4.4072e+01   3606.710      86562  1028.5475  1028.5468    34.5277    34.5268    7.86447         33 0.0000e+00
    183.000    181.127     0.8385  29.481919     0.8370  29.479630     4.8236     4.8648    -0.0004    95.7672 1.0000e-12  -64.93340  -64.39948 342.979481      99.97 4.4072e+01   3608.159      86597  1028.5429  1028.5420    34.5281    34.5268    7.86408         35 0.0000e+00
    182.000    180.138     0.8252  29.468689     0.8272  29.469420     4.8477     4.8818     0.0051    95.7478 1.0000e-12  -64.93340  -64.39949 342.979498      99.97 4.4072e+01   3609.670      86633  1028.5380  1028.5367    34.5262    34.5249    7.86686         33 0.0000e+00
    181.000    179.148     0.8042  29.446748     0.8083  29.449737     4.8540     4.8891     0.0069    95.7738 1.0000e-12  -64.93340  -64.39950 342.979511      99.98 4.4072e+01   3610.773      86660  1028.5316  1028.5306    34.5218    34.5211    7.87135         22 0.0000e+00
    180.000    178.157     0.8017  29.443538     0.8030  29.443807     4.8598     4.8961    -0.0026    95.7941 1.0000e-12  -64.93340  -64.39950 342.979521      99.98 4.4072e+01   3611.592      86679  1028.5263  1028.5253    34.5210    34.5199    7.87190         17 0.0000e+00
    179.000    177.171     0.8008  29.441878     0.7999  29.440198     4.8594     4.9018    -0.0073    95.8030 1.0000e-12  -64.93340  -64.39950 342.979529      99.97 4.4072e+01   3612.297      86696  1028.5212  1028.5203    34.5204    34.5192    7.87211         17 0.0000e+00
    178.000    176.181     0.7978  29.438093     0.7976  29.436972     4.8583     4.8983    -0.0004    95.7984 1.0000e-12  -64.93340  -64.39950 342.979537      99.98 4.4072e+01   3612.978      86712  1028.5159  1028.5149    34.5195    34.5183    7.87277         16 0.0000e+00
    177.000    175.189     0.7965  29.436127     0.7973  29.436289     4.8652     4.8942    -0.0045    95.7854 1.0000e-12  -64.93340  -64.39950 342.979546      99.98 4.4072e+01   3613.736      86731  1028.5108  1028.5101    34.5190    34.5182    7.87307         20 0.0000e+00
    176.000    174.201     0.7988  29.437783     0.7962  29.434623     4.8561     4.8976    -0.0040    95.7748 1.0000e-12  -64.93340  -64.39949 342.979557      99.98 4.4072e+01   3614.737      86755  1028.5059  1028.5052    34.5191    34.5179    7.87258         31 0.0000e+00
    175.000    173.212     0.7995  29.438447     0.7993  29.437525     4.8456     4.8963    -0.0055    95.7642 1.0000e-12  -64.93342  -64.39948 342.979582      99.98 4.4072e+01   3616.913      86807  1028.5014  1028.5007    34.5198    34.5188    7.87241         35 0.0000e+00
    174.000    172.222     0.8010  29.439695     0.8001  29.438060     4.8525     4.9086    -0.0050    95.7723 1.0000e-12  -64.93341  -64.39949 342.979607      99.97 4.4072e+01   3619.081      86859  1028.4969  1028.4961    34.5203    34.5192    7.87208         33 0.0000e+00
    173.000    171.235     0.7956  29.433682     0.7954  29.431997     4.8761     4.9176    -0.0003    95.7713 1.0000e-12  -64.93340  -64.39950 342.979619      99.98 4.4072e+01   3620.089      86883  1028.4917  1028.4902    34.5191    34.5172    7.87323         20 0.0000e+00
    172.000    170.243     0.7865  29.423854     0.7861  29.421474     4.8857     4.9260    -0.0004    95.7571 1.0000e-12  -64.93340  -64.39950 342.979628      99.97 4.4072e+01   3620.854      86902  1028.4862  1028.4840    34.5171    34.5144    7.87519         17 0.0000e+00
    171.000    169.256     0.7744  29.409773     0.7759  29.410027     4.8881     4.9251     0.0068    95.7710 1.0000e-12  -64.93340  -64.39950 342.979636      99.97 4.4072e+01   3621.536      86918  1028.4791  1028.4779    34.5129    34.5116    7.87787         17 0.0000e+00
    170.000    168.265     0.7717  29.405981     0.7712  29.404485     4.8870     4.9228     0.0069    95.7773 1.0000e-12  -64.93340  -64.39950 342.979644      99.97 4.4072e+01   3622.220      86934  1028.4735  1028.4725    34.5116    34.5102    7.87849         16 0.0000e+00
    169.000    167.275     0.7692  29.402598     0.7697  29.402281     4.8925     4.9207     0.0069    95.7637 1.0000e-12  -64.93340  -64.39950 342.979652      99.97 4.4072e+01   3622.976      86952  1028.4681  1028.4674    34.5105    34.5097    7.87905         20 0.0000e+00
    168.000    166.286     0.7704  29.403202     0.7708  29.403320     4.8926     4.9230     0.0069    95.7513 1.0000e-12  -64.93341  -64.39950 342.979663      99.97 4.4072e+01   3623.904      86975  1028.4632  1028.4630    34.5106    34.5103    7.87881         26 0.0000e+00
    167.000    165.297     0.7729  29.405678     0.7735  29.405440     4.8766     4.9235     0.0042    95.7482 1.0000e-12  -64.93342  -64.39948 342.979682      99.97 4.4072e+01   3625.525      87014  1028.4589  1028.4581    34.5116    34.5106    7.87824         34 0.0000e+00
    166.000    164.308     0.7738  29.406201     0.7733  29.405193     4.8773     4.9332    -0.0007    95.7521 1.0000e-12  -64.93342  -64.39948 342.979710      99.97 4.4072e+01   3627.932      87071  1028.4542  1028.4537    34.5119    34.5112    7.87805         36 0.0000e+00
    165.000    163.318     0.7709  29.402809     0.7711  29.402070     4.9311     4.9453    -0.0058    95.7548 1.0000e-12  -64.93342  -64.39950 342.979724      99.98 4.4072e+01   3629.123      87100  1028.4492  1028.4483    34.5113    34.5101    7.87866         26 0.0000e+00
    164.000    162.329     0.7670  29.398300     0.7683  29.398400     4.9857     4.9845    -0.0041    95.7651 1.0000e-12  -64.93342  -64.39950 342.979735      99.98 4.4072e+01   3630.144      87124  1028.4440  1028.4430    34.5103    34.5091    7.87950         24 0.0000e+00
    163.000    161.339     0.7495  29.380788     0.7540  29.383017     5.0125     5.0202     0.0028    95.7242 1.0000e-12  -64.93342  -64.39950 342.979747      99.98 4.4072e+01   3631.166      87149  1028.4388  1028.4366    34.5078    34.5056    7.88320         25 0.0000e+00
    162.000    160.351     0.7270  29.357557     0.7284  29.356159     5.0629     5.0490     0.0073    95.7131 1.0000e-12  -64.93340  -64.39950 342.979759      99.98 4.4072e+01   3632.186      87173  1028.4324  1028.4296    34.5032    34.4998    7.88802         23 0.0000e+00
    161.000    159.359     0.7110  29.339869     0.7139  29.341231     5.0834     5.0696     0.0069    95.6939 1.0000e-12  -64.93342  -64.39950 342.979770      99.98 4.3178e+01   3633.097      87195  1028.4253  1028.4239    34.4986    34.4972    7.89152         21 0.0000e+00
    160.000    158.373     0.6984  29.326888     0.6973  29.323961     5.0668     5.0753     0.0069    95.6996 1.0000e-12  -64.93342  -64.39950 342.979779      99.98 4.2317e+01   3633.888      87214  1028.4198  1028.4179    34.4964    34.4938    7.89420         18 0.0000e+00
    159.000    157.380     0.6886  29.315909     0.6908  29.316674     5.0494     5.0774     0.0012    95.7111 1.0000e-12  -64.93342  -64.39950 342.979787      99.97 4.2309e+01   3634.643      87232  1028.4136  1028.4122    34.4936    34.4922    7.89635         18 0.0000e+00
    158.000    156.392     0.6827  29.308490     0.6829  29.307980     5.0472     5.0820     0.0020    95.6738 1.0000e-12  -64.93342  -64.39950 342.979797      99.98 4.2309e+01   3635.447      87252  1028.4072  1028.4065    34.4911    34.4902    7.89769         21 0.0000e+00
