NBP2113_155081_ctd/data/unbp2113_046.cnv
* Sea-Bird SBE 9 Data File:
* FileName = D:\Data\raw\NBP2113_046.hex
* Software Version Seasave V 7.26.7.121
* Temperature SN = 2438
* Conductivity SN = 2067
* Number of Bytes Per Scan = 40
* Number of Voltage Words = 5
* Number of Scans Averaged by the Deck Unit = 1
* NMEA Latitude = 64 52.22 S
* NMEA Longitude = 063 49.73 W
* NMEA UTC (Time) = Dec 11 2021  05:17:37
* NMEA baud rate = 9600
** Ship: RVIB N.B. Palmer
** Cruise: NBP2113 LTER
** Station: 623.024
** Operator: B. Urmston
# nquan = 25
# nvalues = 573                         
# units = specified
# name 0 = prDM: Pressure, Digiquartz [db]
# name 1 = depSM: Depth [salt water, m]
# name 2 = t090C: Temperature [ITS-90, deg C]
# name 3 = c0mS/cm: Conductivity [mS/cm]
# name 4 = t190C: Temperature, 2 [ITS-90, deg C]
# name 5 = c1mS/cm: Conductivity, 2 [mS/cm]
# name 6 = sbeox0ML/L: Oxygen, SBE 43 [ml/l]
# name 7 = sbeox1ML/L: Oxygen, SBE 43, 2 [ml/l]
# name 8 = flECO-AFL: Fluorescence, WET Labs ECO-AFL/FL [mg/m^3]
# name 9 = CStarTr0: Beam Transmission, WET Labs C-Star [%]
# name 10 = par: PAR/Irradiance, Biospherical/Licor
# name 11 = latitude: Latitude [deg]
# name 12 = longitude: Longitude [deg]
# name 13 = timeJ: Julian Days
# name 14 = altM: Altimeter [m]
# name 15 = spar: SPAR, Biospherical/Licor
# name 16 = timeS: Time, Elapsed [seconds]
# name 17 = scan: Scan Count
# name 18 = density00: Density [density, kg/m^3]
# name 19 = density11: Density, 2 [density, kg/m^3]
# name 20 = sal00: Salinity, Practical [PSU]
# name 21 = sal11: Salinity, Practical, 2 [PSU]
# name 22 = oxsolML/L: Oxygen Saturation, Garcia & Gordon [ml/l]
# name 23 = nbin: number of scans per bin
# name 24 = flag: flag
# span 0 =      1.000,    573.000       
# span 1 =      0.990,    566.605       
# span 2 =    -0.2124,     1.2926       
# span 3 =  27.935586,  30.130814       
# span 4 =    -0.2127,     1.2926       
# span 5 =  27.933862,  30.129449       
# span 6 =     4.2881,     8.7092       
# span 7 =     4.3577,    10.0201       
# span 8 =    -0.0199,     1.9964       
# span 9 =    84.7222,    91.2379       
# span 10 = 1.0000e-12, 5.9547e+00      
# span 11 =  -64.87088,  -64.87040      
# span 12 =  -63.82976,  -63.82891      
# span 13 = 345.236029, 345.250665      
# span 14 =       1.05,     100.92      
# span 15 = 0.0000e+00, 0.0000e+00      
# span 16 =   1335.931,   2600.416      
# span 17 =      32063,      62411      
# span 18 =  1027.1315,  1030.4249      
# span 19 =  1027.1299,  1030.4237      
# span 20 =    33.7684,    34.6351      
# span 21 =    33.7666,    34.6334      
# span 22 =    7.76753,    8.12465      
# span 23 =         16,         50      
# span 24 = 0.0000e+00, 0.0000e+00      
# interval = decibars: 1                
# start_time = Dec 11 2021 05:17:37 [NMEA time, header]
# bad_flag = -9.990e-29
*END*
[from data line 58]
    515.000    509.324     1.2898  30.103675     1.2896  30.102163     4.2939     4.3648    -0.0092    91.0728 1.0000e-12  -64.87042  -63.82896 345.236967      66.17 0.0000e+00   1416.941      34008  1030.1544  1030.1530    34.6346    34.6329    7.76809         23 0.0000e+00
    514.000    508.336     1.2905  30.104041     1.2915  30.103731     4.2971     4.3644    -0.0113    91.0733 1.0000e-12  -64.87042  -63.82896 345.236977      67.00 0.0000e+00   1417.852      34029  1030.1498  1030.1486    34.6348    34.6334    7.76792         20 0.0000e+00
    513.000    507.347     1.2911  30.104291     1.2900  30.101838     4.2994     4.3640    -0.0098    91.0715 1.0000e-12  -64.87042  -63.82896 345.236987      67.65 0.0000e+00   1418.698      34050  1030.1452  1030.1439    34.6351    34.6332    7.76780         21 0.0000e+00
    512.000    506.359     1.2903  30.103038     1.2887  30.100138     4.3023     4.3613    -0.0005    91.0803 1.0000e-12  -64.87042  -63.82896 345.236998      69.07 0.0000e+00   1419.598      34071  1030.1406  1030.1392    34.6350    34.6330    7.76797         22 0.0000e+00
    511.000    505.371     1.2890  30.101242     1.2877  30.098507     4.3008     4.3615    -0.0070    91.0548 1.0000e-12  -64.87042  -63.82896 345.237010      70.13 0.0000e+00   1420.704      34098  1030.1358  1030.1343    34.6347    34.6326    7.76824         31 0.0000e+00
    510.000    504.385     1.2886  30.100238     1.2888  30.099347     4.3024     4.3606     0.0028    91.0957 1.0000e-12  -64.87042  -63.82895 345.237027      70.83 0.0000e+00   1422.161      34133  1030.1309  1030.1298    34.6344    34.6330    7.76833         33 0.0000e+00
    509.000    503.395     1.2878  30.099012     1.2884  30.098416     4.3041     4.3664    -0.0032    91.0105 1.0000e-12  -64.87042  -63.82895 345.237045      71.94 0.0000e+00   1423.729      34170  1030.1263  1030.1251    34.6343    34.6329    7.76849         37 0.0000e+00
    508.000    502.408     1.2873  30.097999     1.2871  30.096571     4.3021     4.3706    -0.0071    91.0995 1.0000e-12  -64.87042  -63.82896 345.237062      73.23 0.0000e+00   1425.153      34205  1030.1215  1030.1202    34.6342    34.6325    7.76861         31 0.0000e+00
    507.000    501.421     1.2867  30.096928     1.2850  30.094064     4.3062     4.3659    -0.0069    91.0937 1.0000e-12  -64.87042  -63.82896 345.237076      74.19 0.0000e+00   1426.386      34234  1030.1168  1030.1155    34.6340    34.6322    7.76873         27 0.0000e+00
    506.000    500.432     1.2840  30.093953     1.2824  30.090572     4.3127     4.3715    -0.0046    91.0616 1.0000e-12  -64.87042  -63.82896 345.237089      74.95 0.0000e+00   1427.514      34261  1030.1121  1030.1103    34.6337    34.6312    7.76927         26 0.0000e+00
    505.000    499.445     1.2831  30.092137     1.2830  30.090837     4.3073     4.3702    -0.0018    91.0804 1.0000e-12  -64.87042  -63.82897 345.237102      76.09 0.0000e+00   1428.616      34288  1030.1070  1030.1057    34.6330    34.6314    7.76950         26 0.0000e+00
    504.000    498.456     1.2834  30.092177     1.2832  30.090648     4.3071     4.3710    -0.0075    91.1112 1.0000e-12  -64.87042  -63.82897 345.237114      77.14 0.0000e+00   1429.657      34313  1030.1025  1030.1011    34.6333    34.6315    7.76942         24 0.0000e+00
    503.000    497.469     1.2836  30.091882     1.2839  30.091010     4.3075     4.3685    -0.0077    91.0940 1.0000e-12  -64.87042  -63.82897 345.237125      77.81 0.0000e+00   1430.627      34336  1030.0977  1030.0965    34.6332    34.6318    7.76938         23 0.0000e+00
    502.000    496.482     1.2838  30.091681     1.2839  30.090533     4.3030     4.3716    -0.0071    91.0440 1.0000e-12  -64.87042  -63.82897 345.237136      78.67 0.0000e+00   1431.577      34359  1030.0931  1030.0918    34.6334    34.6318    7.76934         23 0.0000e+00
    501.000    495.493     1.2841  30.091509     1.2841  30.090316     4.2992     4.3747    -0.0002    91.0726 1.0000e-12  -64.87042  -63.82897 345.237148      79.98 0.0000e+00   1432.575      34383  1030.0884  1030.0872    34.6334    34.6318    7.76928         25 0.0000e+00
    500.000    494.505     1.2836  30.090695     1.2834  30.089149     4.2947     4.3713    -0.0146    91.0470 1.0000e-12  -64.87042  -63.82897 345.237161      81.53 0.0000e+00   1433.715      34410  1030.0838  1030.0825    34.6334    34.6318    7.76937         30 0.0000e+00
    499.000    493.519     1.2851  30.091583     1.2837  30.089013     4.3042     4.3714    -0.0038    91.0880 1.0000e-12  -64.87042  -63.82896 345.237178      82.07 0.0000e+00   1435.196      34446  1030.0791  1030.0778    34.6335    34.6317    7.76908         37 0.0000e+00
    498.000    492.531     1.2860  30.092294     1.2846  30.089495     4.3101     4.3734    -0.0042    90.9579 1.0000e-12  -64.87042  -63.82896 345.237200      82.98 0.0000e+00   1437.056      34490  1030.0746  1030.0731    34.6340    34.6319    7.76887         38 0.0000e+00
    497.000    491.542     1.2825  30.088170     1.2855  30.090171     4.3218     4.3930     0.0036    91.0461 1.0000e-12  -64.87042  -63.82898 345.237217      83.79 0.0000e+00   1438.545      34526  1030.0697  1030.0687    34.6331    34.6324    7.76960         29 0.0000e+00
    496.000    490.554     1.2761  30.081356     1.2712  30.075853     4.3390     4.4005     0.0054    91.0824 1.0000e-12  -64.87042  -63.82898 345.237229      84.82 0.0000e+00   1439.605      34552  1030.0648  1030.0641    34.6321    34.6305    7.77093         23 0.0000e+00
    495.000    489.567     1.2726  30.077195     1.2587  30.060797     4.3494     4.4040    -0.0137    91.0961 1.0000e-12  -64.87042  -63.82898 345.237240      85.32 0.0000e+00   1440.506      34573  1030.0598  1030.0568    34.6312    34.6256    7.77167         21 0.0000e+00
    494.000    488.579     1.2630  30.066511     1.2552  30.056480     4.3562     4.4094    -0.0070    91.0913 1.0000e-12  -64.87042  -63.82900 345.237250      86.81 0.0000e+00   1441.357      34594  1030.0542  1030.0516    34.6287    34.6245    7.77370         20 0.0000e+00
    493.000    487.590     1.2545  30.056678     1.2533  30.054056     4.3556     4.4072    -0.0199    91.0978 1.0000e-12  -64.87042  -63.82900 345.237259      87.44 0.0000e+00   1442.220      34614  1030.0483  1030.0467    34.6261    34.6241    7.77553         22 0.0000e+00
    492.000    486.603     1.2539  30.055368     1.2531  30.053440     4.3466     4.4084    -0.0172    91.0729 1.0000e-12  -64.87042  -63.82900 345.237270      88.68 0.0000e+00   1443.160      34637  1030.0432  1030.0420    34.6257    34.6241    7.77567         24 0.0000e+00
    491.000    485.615     1.2564  30.057683     1.2526  30.052605     4.3468     4.4008    -0.0101    91.0911 1.0000e-12  -64.87042  -63.82900 345.237283      90.28 0.0000e+00   1444.269      34663  1030.0388  1030.0373    34.6265    34.6242    7.77514         29 0.0000e+00
    490.000    484.627     1.2548  30.055814     1.2562  30.055833     4.3547     4.4079    -0.0076    91.0981 1.0000e-12  -64.87043  -63.82898 345.237300      91.13 0.0000e+00   1445.706      34698  1030.0342  1030.0327    34.6264    34.6249    7.77546         34 0.0000e+00
    489.000    483.639     1.2503  30.050831     1.2538  30.052841     4.3601     4.4065    -0.0041    91.0979 1.0000e-12  -64.87044  -63.82898 345.237318      91.69 0.0000e+00   1447.280      34736  1030.0292  1030.0278    34.6255    34.6243    7.77638         33 0.0000e+00
    488.000    482.651     1.2487  30.048079     1.2494  30.047686     4.3545     4.4087     0.0001    91.1120 1.0000e-12  -64.87044  -63.82900 345.237333      92.41 0.0000e+00   1448.569      34767  1030.0237  1030.0226    34.6244    34.6232    7.77677         28 0.0000e+00
    487.000    481.665     1.2501  30.049309     1.2494  30.047447     4.3499     4.4053    -0.0041    91.1090 1.0000e-12  -64.87044  -63.82900 345.237346      93.86 0.0000e+00   1449.714      34794  1030.0193  1030.0180    34.6250    34.6234    7.77646         27 0.0000e+00
    486.000    480.675     1.2509  30.049510     1.2496  30.047117     4.3387     4.4073    -0.0077    91.1236 1.0000e-12  -64.87044  -63.82900 345.237360      95.05 0.0000e+00   1450.922      34823  1030.0145  1030.0132    34.6250    34.6233    7.77631         29 0.0000e+00
    485.000    479.687     1.2513  30.049758     1.2505  30.047706     4.3438     4.4109    -0.0077    91.0989 1.0000e-12  -64.87044  -63.82900 345.237376      95.85 0.0000e+00   1452.254      34855  1030.0101  1030.0087    34.6254    34.6237    7.77620         30 0.0000e+00
    484.000    478.700     1.2510  30.049088     1.2509  30.047694     4.3479     4.4177    -0.0077    91.1211 1.0000e-12  -64.87044  -63.82902 345.237390      96.33 0.0000e+00   1453.495      34885  1030.0054  1030.0040    34.6255    34.6238    7.77626         27 0.0000e+00
    483.000    477.712     1.2507  30.048238     1.2500  30.046364     4.3556     4.4223    -0.0077    91.1116 1.0000e-12  -64.87044  -63.82902 345.237402      97.85 0.0000e+00   1454.532      34910  1030.0006  1029.9993    34.6253    34.6236    7.77633         23 0.0000e+00
    482.000    476.724     1.2491  30.046505     1.2455  30.041393     4.3657     4.4207    -0.0070    91.1155 1.0000e-12  -64.87044  -63.82902 345.237413      98.11 0.0000e+00   1455.446      34932  1029.9961  1029.9945    34.6254    34.6228    7.77663         21 0.0000e+00
    481.000    475.737     1.2447  30.041030     1.2408  30.035846     4.3647     4.4255     0.0060    91.1131 1.0000e-12  -64.87044  -63.82902 345.237423      99.04 0.0000e+00   1456.339      34953  1029.9908  1029.9892    34.6238    34.6215    7.77760         21 0.0000e+00
    480.000    474.749     1.2416  30.037450     1.2389  30.033316     4.3664     4.4246     0.0106    91.0958 1.0000e-12  -64.87044  -63.82902 345.237434      99.87 0.0000e+00   1457.275      34976  1029.9858  1029.9842    34.6232    34.6210    7.77823         24 0.0000e+00
    479.000    473.760     1.2408  30.036071     1.2394  30.033246     4.3630     4.4251     0.0010    91.0958 1.0000e-12  -64.87044  -63.82902 345.237447      92.71 0.0000e+00   1458.410      35003  1029.9810  1029.9794    34.6230    34.6208    7.77841         32 0.0000e+00
    478.000    472.772     1.2398  30.034564     1.2413  30.034917     4.3646     4.4226    -0.0087    91.0838 1.0000e-12  -64.87044  -63.82901 345.237465      43.43 0.0000e+00   1459.953      35040  1029.9761  1029.9749    34.6227    34.6215    7.77863         35 0.0000e+00
    477.000    471.785     1.2378  30.031967     1.2398  30.032932     4.3608     4.4234    -0.0113    91.1025 1.0000e-12  -64.87044  -63.82902 345.237484     100.92 0.0000e+00   1461.611      35080  1029.9712  1029.9702    34.6222    34.6212    7.77905         37 0.0000e+00
    476.000    470.796     1.2377  30.031208     1.2388  30.031367     4.3599     4.4275    -0.0069    91.1128 1.0000e-12  -64.87044  -63.82902 345.237499      99.97 0.0000e+00   1462.936      35111  1029.9663  1029.9653    34.6219    34.6209    7.77909         28 0.0000e+00
    475.000    469.809     1.2387  30.032109     1.2359  30.027921     4.3652     4.4257    -0.0018    91.1178 1.0000e-12  -64.87044  -63.82902 345.237512      99.97 0.0000e+00   1464.062      35138  1029.9619  1029.9603    34.6225    34.6202    7.77886         26 0.0000e+00
    474.000    468.820     1.2359  30.028808     1.2349  30.026377     4.3757     4.4254    -0.0106    91.0443 1.0000e-12  -64.87044  -63.82904 345.237525      99.97 0.0000e+00   1465.119      35164  1029.9570  1029.9555    34.6219    34.6199    7.77944         25 0.0000e+00
    473.000    467.833     1.2344  30.026611     1.2341  30.025209     4.3714     4.4304    -0.0099    91.1039 1.0000e-12  -64.87044  -63.82902 345.237537      51.90 0.0000e+00   1466.187      35189  1029.9520  1029.9508    34.6214    34.6199    7.77977         26 0.0000e+00
    472.000    466.844     1.2338  30.025640     1.2345  30.025107     4.3702     4.4281    -0.0017    91.1137 1.0000e-12  -64.87044  -63.82904 345.237550      99.98 0.0000e+00   1467.313      35217  1029.9473  1029.9462    34.6213    34.6199    7.77988         28 0.0000e+00
    471.000    465.858     1.2334  30.024572     1.2332  30.023324     4.3737     4.4328     0.0002    91.1119 1.0000e-12  -64.87044  -63.82904 345.237563      99.97 0.0000e+00   1468.443      35244  1029.9425  1029.9414    34.6211    34.6196    7.77999         26 0.0000e+00
    470.000    464.868     1.2331  30.023983     1.2330  30.022633     4.3727     4.4369    -0.0108    91.1245 1.0000e-12  -64.87044  -63.82904 345.237575      99.97 0.0000e+00   1469.522      35270  1029.9378  1029.9366    34.6211    34.6196    7.78003         25 0.0000e+00
    469.000    463.882     1.2318  30.022144     1.2320  30.021240     4.3686     4.4377    -0.0150    91.1020 1.0000e-12  -64.87044  -63.82904 345.237588      97.25 0.0000e+00   1470.561      35294  1029.9330  1029.9319    34.6208    34.6194    7.78031         26 0.0000e+00
    468.000    462.893     1.2325  30.022329     1.2316  30.020214     4.3668     4.4384    -0.0078    91.1109 1.0000e-12  -64.87044  -63.82904 345.237601      99.92 0.0000e+00   1471.687      35321  1029.9283  1029.9270    34.6208    34.6191    7.78017         29 0.0000e+00
    467.000    461.904     1.2328  30.022414     1.2325  30.020681     4.3758     4.4342    -0.0077    91.1266 1.0000e-12  -64.87044  -63.82904 345.237616      99.97 0.0000e+00   1473.038      35354  1029.9238  1029.9224    34.6212    34.6193    7.78009         35 0.0000e+00
    466.000    460.917     1.2298  30.018945     1.2317  30.019606     4.3825     4.4347    -0.0077    91.1018 1.0000e-12  -64.87044  -63.82904 345.237633      99.97 0.0000e+00   1474.495      35389  1029.9190  1029.9177    34.6207    34.6194    7.78072         34 0.0000e+00
    465.000    459.930     1.2282  30.016454     1.2294  30.016721     4.3824     4.4434    -0.0077    91.1375 1.0000e-12  -64.87044  -63.82904 345.237648      99.97 0.0000e+00   1475.797      35420  1029.9138  1029.9129    34.6198    34.6189    7.78109         28 0.0000e+00
    464.000    458.941     1.2286  30.016639     1.2267  30.013348     4.3829     4.4443    -0.0077    91.1197 1.0000e-12  -64.87044  -63.82905 345.237661      99.97 0.0000e+00   1476.904      35447  1029.9093  1029.9079    34.6201    34.6181    7.78098         26 0.0000e+00
    463.000    457.953     1.2271  30.014720     1.2252  30.011320     4.3806     4.4473    -0.0077    91.1120 1.0000e-12  -64.87044  -63.82905 345.237673      99.97 0.0000e+00   1477.920      35471  1029.9046  1029.9030    34.6200    34.6177    7.78130         24 0.0000e+00
    462.000    456.965     1.2251  30.012002     1.2251  30.010760     4.3739     4.4449    -0.0051    91.1369 1.0000e-12  -64.87044  -63.82905 345.237685      99.97 0.0000e+00   1478.956      35496  1029.8996  1029.8983    34.6193    34.6176    7.78173         23 0.0000e+00
    461.000    455.977     1.2266  30.013006     1.2236  30.008686     4.3867     4.4417    -0.0033    91.1248 1.0000e-12  -64.87044  -63.82904 345.237698      99.97 0.0000e+00   1480.103      35523  1029.8948  1029.8934    34.6194    34.6173    7.78141         30 0.0000e+00
    460.000    454.988     1.2234  30.009391     1.2239  30.008690     4.3961     4.4488    -0.0032    91.1399 1.0000e-12  -64.87045  -63.82905 345.237713      99.97 0.0000e+00   1481.436      35555  1029.8900  1029.8889    34.6189    34.6175    7.78208         34 0.0000e+00
    459.000    454.002     1.2135  29.998659     1.2216  30.006431     4.3937     4.4494    -0.0062    91.1508 1.0000e-12  -64.87046  -63.82905 345.237730      99.97 0.0000e+00   1482.839      35589  1029.8846  1029.8845    34.6167    34.6177    7.78416         32 0.0000e+00
