NBP2113_155081_ctd/data/unbp2113_040.cnv
* Sea-Bird SBE 9 Data File:
* FileName = D:\Data\raw\NBP2113_040.hex
* Software Version Seasave V 7.26.7.121
* Temperature SN = 2438
* Conductivity SN = 2067
* Number of Bytes Per Scan = 40
* Number of Voltage Words = 5
* Number of Scans Averaged by the Deck Unit = 1
* NMEA Latitude = 64 51.74 S
* NMEA Longitude = 063 55.31 W
* NMEA UTC (Time) = Dec 10 2021  12:43:38
* NMEA baud rate = 9600
** Ship: RVIB N.B. Palmer
** Cruise: NBP2113 LTER
** Station: 621.028
** Operator: B. Urmston
# nquan = 25
# nvalues = 377                         
# units = specified
# name 0 = prDM: Pressure, Digiquartz [db]
# name 1 = depSM: Depth [salt water, m]
# name 2 = t090C: Temperature [ITS-90, deg C]
# name 3 = c0mS/cm: Conductivity [mS/cm]
# name 4 = t190C: Temperature, 2 [ITS-90, deg C]
# name 5 = c1mS/cm: Conductivity, 2 [mS/cm]
# name 6 = sbeox0ML/L: Oxygen, SBE 43 [ml/l]
# name 7 = sbeox1ML/L: Oxygen, SBE 43, 2 [ml/l]
# name 8 = flECO-AFL: Fluorescence, WET Labs ECO-AFL/FL [mg/m^3]
# name 9 = CStarTr0: Beam Transmission, WET Labs C-Star [%]
# name 10 = par: PAR/Irradiance, Biospherical/Licor
# name 11 = latitude: Latitude [deg]
# name 12 = longitude: Longitude [deg]
# name 13 = timeJ: Julian Days
# name 14 = altM: Altimeter [m]
# name 15 = spar: SPAR, Biospherical/Licor
# name 16 = timeS: Time, Elapsed [seconds]
# name 17 = scan: Scan Count
# name 18 = density00: Density [density, kg/m^3]
# name 19 = density11: Density, 2 [density, kg/m^3]
# name 20 = sal00: Salinity, Practical [PSU]
# name 21 = sal11: Salinity, Practical, 2 [PSU]
# name 22 = oxsolML/L: Oxygen Saturation, Garcia & Gordon [ml/l]
# name 23 = nbin: number of scans per bin
# name 24 = flag: flag
# span 0 =      1.000,    377.000       
# span 1 =      0.988,    372.969       
# span 2 =    -0.3617,     1.2709       
# span 3 =  27.899808,  30.020904       
# span 4 =    -0.3609,     1.2707       
# span 5 =  27.897651,  30.019758       
# span 6 =     4.3210,     9.2503       
# span 7 =     4.3863,     9.9552       
# span 8 =    -0.0151,     1.8783       
# span 9 =    88.4251,    94.7529       
# span 10 = 1.0000e-12, 5.1464e+02      
# span 11 =  -64.86224,  -64.86194      
# span 12 =  -63.92210,  -63.92190      
# span 13 = 344.542113, 344.552546      
# span 14 =       0.69,     103.60      
# span 15 = 2.8206e+02, 4.0197e+02      
# span 16 =   1020.525,   1921.942      
# span 17 =      24494,      46128      
# span 18 =  1027.1548,  1029.5069      
# span 19 =  1027.1534,  1029.5059      
# span 20 =    33.7969,    34.6324      
# span 21 =    33.7945,    34.6310      
# span 22 =    7.77195,    8.14608      
# span 23 =         15,         49      
# span 24 = 0.0000e+00, 0.0000e+00      
# interval = decibars: 1                
# start_time = Dec 10 2021 12:43:38 [NMEA time, header]
# bad_flag = -9.990e-29
*END*
[from data line 174]
    203.000    200.913     0.7817  29.430547     0.7811  29.429026     4.9559     4.9994     0.0068    94.6475 1.0000e-12  -64.86206  -63.92200 344.546999      99.97 3.1908e+02   1442.714      34626  1028.6302  1028.6292    34.5128    34.5115    7.87639         27 0.0000e+00
    202.000    199.925     0.7786  29.424994     0.7743  29.419820     4.9484     5.0005     0.0050    94.6607 1.0000e-12  -64.86208  -63.92199 344.547112      99.97 3.1606e+02   1452.486      34861  1028.6228  1028.6216    34.5096    34.5077    7.87720         39 0.0000e+00
    201.000    198.935     0.7708  29.417412     0.7721  29.417723     4.9525     5.0095    -0.0036    94.6901 1.0000e-12  -64.86212  -63.92198 344.547381      99.97 3.1203e+02   1475.710      35418  1028.6173  1028.6164    34.5091    34.5080    7.87881         25 0.0000e+00
    200.000    197.945     0.7685  29.414557     0.7671  29.412272     4.9548     5.0155     0.0086    94.6823 1.0000e-12  -64.86212  -63.92198 344.547392      99.97 3.1143e+02   1476.694      35442  1028.6123  1028.6114    34.5085    34.5071    7.87931         23 0.0000e+00
    199.000    196.956     0.7637  29.409197     0.7632  29.407441     4.9607     5.0190     0.0106    94.6841 1.0000e-12  -64.86212  -63.92198 344.547404      99.97 3.1029e+02   1477.708      35466  1028.6072  1028.6059    34.5074    34.5058    7.88033         26 0.0000e+00
    198.000    195.967     0.7634  29.408191     0.7624  29.405997     4.9542     5.0227     0.0030    94.6769 1.0000e-12  -64.86212  -63.92198 344.547419      99.97 3.1027e+02   1478.995      35497  1028.6021  1028.6009    34.5071    34.5053    7.88041         34 0.0000e+00
    197.000    194.979     0.7651  29.409223     0.7605  29.403588     4.9453     5.0191     0.0120    94.6806 1.0000e-12  -64.86212  -63.92198 344.547437      99.97 3.1027e+02   1480.542      35534  1028.5973  1028.5959    34.5071    34.5049    7.88007         34 0.0000e+00
    196.000    193.989     0.7627  29.406556     0.7603  29.403051     4.9604     5.0234     0.0069    94.6805 1.0000e-12  -64.86212  -63.92198 344.547452      99.97 3.1027e+02   1481.878      35566  1028.5926  1028.5913    34.5069    34.5050    7.88057         29 0.0000e+00
    195.000    192.999     0.7583  29.401562     0.7552  29.397228     4.9684     5.0278     0.0142    94.6703 1.0000e-12  -64.86212  -63.92198 344.547466      99.97 3.1027e+02   1483.030      35594  1028.5875  1028.5860    34.5060    34.5037    7.88152         27 0.0000e+00
    194.000    192.010     0.7530  29.395319     0.7523  29.393425     4.9729     5.0277     0.0143    94.7013 1.0000e-12  -64.86212  -63.92198 344.547479      99.97 3.1027e+02   1484.188      35622  1028.5819  1028.5806    34.5043    34.5027    7.88268         28 0.0000e+00
    193.000    191.020     0.7523  29.394137     0.7503  29.390912     4.9718     5.0390     0.0143    94.6795 1.0000e-12  -64.86212  -63.92198 344.547493      99.97 3.0907e+02   1485.420      35651  1028.5771  1028.5757    34.5042    34.5023    7.88283         30 0.0000e+00
    192.000    190.031     0.7505  29.391881     0.7466  29.386695     4.9775     5.0530     0.0113    94.6964 1.0000e-12  -64.86214  -63.92197 344.547508      99.97 3.0849e+02   1486.659      35681  1028.5722  1028.5706    34.5038    34.5014    7.88321         30 0.0000e+00
    191.000    189.042     0.7450  29.385547     0.7414  29.380954     5.0012     5.0622     0.0064    94.6840 1.0000e-12  -64.86214  -63.92196 344.547522      99.97 3.0850e+02   1487.874      35710  1028.5667  1028.5655    34.5023    34.5004    7.88440         29 0.0000e+00
    190.000    188.052     0.7344  29.374606     0.7303  29.368958     5.0191     5.0649     0.0061    94.6725 1.0000e-12  -64.86214  -63.92196 344.547536      99.97 3.0850e+02   1489.083      35739  1028.5614  1028.5595    34.5004    34.4977    7.88666         29 0.0000e+00
    189.000    187.064     0.7252  29.363777     0.7260  29.363751     5.0199     5.0704     0.0113    94.6807 1.0000e-12  -64.86214  -63.92198 344.547549      99.97 3.0850e+02   1490.260      35767  1028.5549  1028.5540    34.4973    34.4963    7.88871         27 0.0000e+00
    188.000    186.074     0.7251  29.363579     0.7215  29.358454     5.0240     5.0789     0.0143    94.6653 1.0000e-12  -64.86214  -63.92198 344.547562      99.97 3.0850e+02   1491.362      35794  1028.5504  1028.5486    34.4977    34.4951    7.88870         26 0.0000e+00
    187.000    185.085     0.7212  29.358950     0.7203  29.356798     5.0200     5.0844     0.0189    94.6572 1.0000e-12  -64.86214  -63.92198 344.547574      99.97 3.0850e+02   1492.405      35819  1028.5451  1028.5437    34.4966    34.4948    7.88955         25 0.0000e+00
    186.000    184.094     0.7203  29.357471     0.7201  29.356179     5.0153     5.0821     0.0174    94.6652 1.0000e-12  -64.86214  -63.92198 344.547586      99.97 3.0850e+02   1493.416      35843  1028.5401  1028.5389    34.4963    34.4948    7.88975         24 0.0000e+00
    185.000    183.106     0.7198  29.356412     0.7192  29.354812     5.0211     5.0800     0.0097    94.6573 1.0000e-12  -64.86214  -63.92198 344.547598      99.97 3.0850e+02   1494.445      35868  1028.5352  1028.5341    34.4961    34.4947    7.88987         25 0.0000e+00
    184.000    182.117     0.7193  29.355536     0.7186  29.353781     5.0117     5.0792     0.0065    94.6619 1.0000e-12  -64.86214  -63.92196 344.547611      99.97 3.0735e+02   1495.586      35895  1028.5304  1028.5292    34.4961    34.4946    7.88997         30 0.0000e+00
    183.000    181.128     0.7212  29.356856     0.7206  29.355044     5.0114     5.0758     0.0122    94.6654 1.0000e-12  -64.86214  -63.92196 344.547628      99.97 3.0675e+02   1497.077      35931  1028.5256  1028.5243    34.4963    34.4946    7.88957         40 0.0000e+00
    182.000    180.139     0.7218  29.357213     0.7192  29.353806     5.0204     5.0856     0.0214    94.6654 1.0000e-12  -64.86214  -63.92196 344.547649      99.97 3.0674e+02   1498.869      35974  1028.5210  1028.5201    34.4966    34.4952    7.88943         39 0.0000e+00
    181.000    179.148     0.7156  29.350370     0.7133  29.346897     5.0272     5.0938     0.0127    94.6522 1.0000e-12  -64.86214  -63.92196 344.547664      99.97 3.0674e+02   1500.196      36006  1028.5157  1028.5143    34.4952    34.4933    7.89076         27 0.0000e+00
    180.000    178.159     0.7137  29.347931     0.7112  29.344314     5.0244     5.0907     0.0117    94.6654 1.0000e-12  -64.86216  -63.92196 344.547676      99.97 3.0674e+02   1501.207      36030  1028.5108  1028.5094    34.4949    34.4929    7.89118         23 0.0000e+00
    179.000    177.171     0.7094  29.342765     0.7082  29.340363     5.0190     5.0923     0.0101    94.6499 1.0000e-12  -64.86216  -63.92198 344.547687      99.97 3.0674e+02   1502.157      36053  1028.5054  1028.5040    34.4935    34.4917    7.89213         23 0.0000e+00
    178.000    176.181     0.7090  29.341877     0.7085  29.340208     5.0146     5.0894     0.0097    94.6387 1.0000e-12  -64.86216  -63.92198 344.547698      99.97 3.0674e+02   1503.129      36076  1028.5006  1028.4992    34.4934    34.4917    7.89222         24 0.0000e+00
    177.000    175.191     0.7087  29.341061     0.7082  29.339546     5.0214     5.0881     0.0142    94.6777 1.0000e-12  -64.86216  -63.92198 344.547710      99.97 3.0674e+02   1504.132      36100  1028.4957  1028.4945    34.4933    34.4918    7.89229         24 0.0000e+00
    176.000    174.203     0.7087  29.340523     0.7085  29.339257     5.0373     5.0958     0.0122    94.6676 1.0000e-12  -64.86216  -63.92198 344.547721      57.21 3.0499e+02   1505.141      36124  1028.4908  1028.4896    34.4932    34.4917    7.89229         24 0.0000e+00
    175.000    173.213     0.7090  29.340513     0.7072  29.337809     5.0527     5.1059     0.0081    94.6907 1.0000e-12  -64.86216  -63.92196 344.547734      91.92 3.0498e+02   1506.192      36150  1028.4862  1028.4851    34.4934    34.4918    7.89222         27 0.0000e+00
    174.000    172.223     0.7014  29.332613     0.6968  29.326598     5.0529     5.1100     0.0141    94.6753 1.0000e-12  -64.86216  -63.92196 344.547747      99.73 3.0498e+02   1507.358      36178  1028.4812  1028.4794    34.4922    34.4895    7.89383         30 0.0000e+00
    173.000    171.233     0.6968  29.326488     0.6976  29.326025     5.0321     5.0996     0.0143    94.6886 1.0000e-12  -64.86216  -63.92196 344.547764      99.97 3.0484e+02   1508.793      36212  1028.4749  1028.4736    34.4899    34.4884    7.89488         37 0.0000e+00
    172.000    170.244     0.7031  29.332698     0.7068  29.334958     5.0602     5.1277     0.0164    94.6636 1.0000e-12  -64.86216  -63.92196 344.547784      99.97 3.0348e+02   1510.559      36254  1028.4708  1028.4696    34.4915    34.4904    7.89351         42 0.0000e+00
    171.000    169.256     0.6857  29.314450     0.6869  29.316167     5.0902     5.1467     0.0215    94.6535 1.0000e-12  -64.86216  -63.92196 344.547802      99.97 3.0321e+02   1512.078      36291  1028.4647  1028.4653    34.4878    34.4888    7.89726         31 0.0000e+00
    170.000    168.265     0.6797  29.307534     0.6648  29.290891     5.1272     5.1717     0.0170    94.6592 1.0000e-12  -64.86216  -63.92196 344.547815      99.97 3.0322e+02   1513.197      36318  1028.4590  1028.4563    34.4860    34.4811    7.89856         25 0.0000e+00
    169.000    167.278     0.6595  29.286143     0.6536  29.278464     5.1421     5.1835     0.0143    94.6442 1.0000e-12  -64.86216  -63.92196 344.547827      99.97 3.0322e+02   1514.212      36342  1028.4523  1028.4500    34.4814    34.4779    7.90295         24 0.0000e+00
    168.000    166.286     0.6414  29.266976     0.6384  29.262481     5.1342     5.1797     0.0181    94.6539 1.0000e-12  -64.86216  -63.92198 344.547839      99.97 3.0322e+02   1515.319      36369  1028.4457  1028.4438    34.4772    34.4746    7.90687         30 0.0000e+00
    167.000    165.299     0.6439  29.267883     0.6354  29.257986     5.1132     5.1977     0.0161    94.6521 1.0000e-12  -64.86216  -63.92197 344.547857      99.97 3.0286e+02   1516.843      36405  1028.4396  1028.4376    34.4761    34.4727    7.90641         35 0.0000e+00
    166.000    164.309     0.6535  29.276306     0.6158  29.238577     5.1068     5.2164     0.0262    94.6308 1.0000e-12  -64.86216  -63.92196 344.547878      99.97 3.0136e+02   1518.640      36448  1028.4345  1028.4321    34.4770    34.4699    7.90440         41 0.0000e+00
    165.000    163.317     0.6406  29.267345     0.6207  29.241546     5.1874     5.1975     0.0296    94.6316 1.0000e-12  -64.86216  -63.92196 344.547899      99.98 2.9976e+02   1520.482      36493  1028.4333  1028.4257    34.4803    34.4689    7.90686         32 0.0000e+00
    164.000    162.329     0.6035  29.222994     0.6222  29.242860     5.2517     5.2867     0.0251    94.6308 1.0000e-12  -64.86216  -63.92196 344.547925      99.97 2.9969e+02   1522.748      36547  1028.4192  1028.4212    34.4645    34.4695    7.91530         41 0.0000e+00
    163.000    161.340     0.5535  29.171206     0.5355  29.150140     5.2924     5.3293     0.0241    94.6142 1.0000e-12  -64.86216  -63.92196 344.547948      99.97 2.9928e+02   1524.742      36595  1028.4093  1028.4050    34.4532    34.4458    7.92614         38 0.0000e+00
    162.000    160.351     0.5408  29.154684     0.5222  29.134304     5.2593     5.3214     0.0198    94.6270 1.0000e-12  -64.86216  -63.92196 344.547967      99.97 2.9794e+02   1526.360      36634  1028.3998  1028.3966    34.4464    34.4406    7.92912         39 0.0000e+00
    161.000    159.362     0.5454  29.160521     0.5365  29.151816     5.2690     5.3029     0.0209    94.6209 1.0000e-12  -64.86216  -63.92196 344.547998      99.97 2.9729e+02   1529.002      36697  1028.3966  1028.3959    34.4495    34.4481    7.92801         33 0.0000e+00
    160.000    158.372     0.5157  29.127643     0.5359  29.147981     5.2778     5.3288     0.0156    94.6283 1.0000e-12  -64.86216  -63.92196 344.548038      99.97 2.9618e+02   1532.496      36781  1028.3863  1028.3882    34.4403    34.4444    7.93461         37 0.0000e+00
    159.000    157.382     0.5250  29.137937     0.5218  29.133760     5.3005     5.3482     0.0162    94.6196 1.0000e-12  -64.86216  -63.92196 344.548059      99.97 2.9542e+02   1534.275      36824  1028.3834  1028.3822    34.4439    34.4421    7.93249         42 0.0000e+00
    158.000    156.392     0.5017  29.111335     0.5005  29.109105     5.2829     5.3388     0.0218    94.6318 1.0000e-12  -64.86216  -63.92196 344.548081      99.97 2.9536e+02   1536.181      36869  1028.3739  1028.3728    34.4357    34.4342    7.93772         44 0.0000e+00
    157.000    155.405     0.5001  29.110145     0.5053  29.114016     5.2918     5.3503     0.0349    94.6263 1.0000e-12  -64.86217  -63.92196 344.548127      99.97 2.9456e+02   1540.173      36965  1028.3696  1028.3685    34.4366    34.4359    7.93801         33 0.0000e+00
    156.000    154.415     0.4780  29.084163     0.4792  29.085116     5.3218     5.3822     0.0201    94.6133 1.0000e-12  -64.86217  -63.92196 344.548184      99.97 2.9439e+02   1545.101      37083  1028.3592  1028.3592    34.4279    34.4278    7.94303         40 0.0000e+00
    155.000    153.423     0.4957  29.105169     0.4896  29.097400     5.3297     5.3948     0.0275    94.6294 1.0000e-12  -64.86218  -63.92196 344.548199      99.97 2.9440e+02   1546.358      37114  1028.3594  1028.3574    34.4362    34.4329    7.93893         30 0.0000e+00
    154.000    152.436     0.4731  29.079208     0.4673  29.071846     5.3226     5.3899     0.0234    94.6305 1.0000e-12  -64.86218  -63.92197 344.548214      99.97 2.9440e+02   1547.664      37145  1028.3501  1028.3481    34.4280    34.4249    7.94402         34 0.0000e+00
    153.000    151.445     0.4774  29.083531     0.4771  29.081399     5.3241     5.3826     0.0359    94.6138 1.0000e-12  -64.86218  -63.92195 344.548249      99.97 2.9422e+02   1550.703      37218  1028.3459  1028.3441    34.4295    34.4271    7.94306         41 0.0000e+00
    152.000    150.456     0.4664  29.070932     0.4770  29.081634     5.3358     5.3933     0.0238    94.6139 1.0000e-12  -64.86218  -63.92196 344.548317      99.97 2.9346e+02   1556.567      37359  1028.3389  1028.3400    34.4259    34.4281    7.94552         39 0.0000e+00
    151.000    149.466     0.4714  29.076041     0.4715  29.075498     5.3436     5.4119     0.0199    94.6132 1.0000e-12  -64.86218  -63.92196 344.548338      99.97 2.9265e+02   1558.380      37402  1028.3351  1028.3346    34.4276    34.4268    7.94440         37 0.0000e+00
    150.000    148.476     0.4551  29.057872     0.4546  29.056210     5.3689     5.4310     0.0389    94.5564 1.0000e-12  -64.86217  -63.92196 344.548674      99.97 2.8550e+02   1587.398      38099  1028.3272  1028.3260    34.4226    34.4210    7.94802         39 0.0000e+00
    149.000    147.488     0.4451  29.045820     0.4366  29.035958     5.3856     5.4662     0.0348    94.5958 1.0000e-12  -64.86216  -63.92197 344.548847      99.97 2.8210e+02   1602.388      38458  1028.3200  1028.3179    34.4187    34.4152    7.95032         35 0.0000e+00
    148.000    146.498     0.4392  29.040159     0.4223  29.020322     5.4534     5.5014     0.0324    94.6070 1.0000e-12  -64.86216  -63.92198 344.548866      99.97 2.8206e+02   1604.025      38498  1028.3154  1028.3112    34.4183    34.4113    7.95153         29 0.0000e+00
    147.000    145.510     0.4075  29.005844     0.3982  28.994862     5.4985     5.5161     0.0317    94.6128 1.0000e-12  -64.86216  -63.92198 344.548878      99.97 2.8206e+02   1605.095      38523  1028.3063  1028.3037    34.4094    34.4055    7.95857         23 0.0000e+00
