NBP2113_155081_ctd/data/unbp2113_047.cnv
* Sea-Bird SBE 9 Data File:
* FileName = D:\Data\raw\NBP2113_047.hex
* Software Version Seasave V 7.26.7.121
* Temperature SN = 2438
* Conductivity SN = 2067
* Number of Bytes Per Scan = 40
* Number of Voltage Words = 5
* Number of Scans Averaged by the Deck Unit = 1
* NMEA Latitude = 64 51.26 S
* NMEA Longitude = 063 55.07 W
* NMEA UTC (Time) = Dec 11 2021  06:38:06
* NMEA baud rate = 9600
** Ship: RVIB N.B. Palmer
** Cruise: NBP2113 LTER
** Station: 622.029
** Operator: B. Urmston
# nquan = 25
# nvalues = 398                         
# units = specified
# name 0 = prDM: Pressure, Digiquartz [db]
# name 1 = depSM: Depth [salt water, m]
# name 2 = t090C: Temperature [ITS-90, deg C]
# name 3 = c0mS/cm: Conductivity [mS/cm]
# name 4 = t190C: Temperature, 2 [ITS-90, deg C]
# name 5 = c1mS/cm: Conductivity, 2 [mS/cm]
# name 6 = sbeox0ML/L: Oxygen, SBE 43 [ml/l]
# name 7 = sbeox1ML/L: Oxygen, SBE 43, 2 [ml/l]
# name 8 = flECO-AFL: Fluorescence, WET Labs ECO-AFL/FL [mg/m^3]
# name 9 = CStarTr0: Beam Transmission, WET Labs C-Star [%]
# name 10 = par: PAR/Irradiance, Biospherical/Licor
# name 11 = latitude: Latitude [deg]
# name 12 = longitude: Longitude [deg]
# name 13 = timeJ: Julian Days
# name 14 = altM: Altimeter [m]
# name 15 = spar: SPAR, Biospherical/Licor
# name 16 = timeS: Time, Elapsed [seconds]
# name 17 = scan: Scan Count
# name 18 = density00: Density [density, kg/m^3]
# name 19 = density11: Density, 2 [density, kg/m^3]
# name 20 = sal00: Salinity, Practical [PSU]
# name 21 = sal11: Salinity, Practical, 2 [PSU]
# name 22 = oxsolML/L: Oxygen Saturation, Garcia & Gordon [ml/l]
# name 23 = nbin: number of scans per bin
# name 24 = flag: flag
# span 0 =      1.000,    398.000       
# span 1 =      0.990,    393.723       
# span 2 =    -0.3214,     1.2991       
# span 3 =  27.879018,  30.061578       
# span 4 =    -0.3228,     1.2988       
# span 5 =  27.875411,  30.060175       
# span 6 =     4.2954,     9.8897       
# span 7 =     4.3552,     9.8871       
# span 8 =    -0.0154,     1.7769       
# span 9 =    85.4527,    91.4664       
# span 10 = 1.0000e-12, 1.8963e+01      
# span 11 =  -64.85496,  -64.85442      
# span 12 =  -63.91856,  -63.91774      
# span 13 = 345.287393, 345.298250      
# span 14 =      -0.08,      99.97      
# span 15 = 7.0515e+00, 1.0577e+01      
# span 16 =    944.755,   1882.797      
# span 17 =      22675,      45188      
# span 18 =  1027.1750,  1029.6087      
# span 19 =  1027.1731,  1029.6075      
# span 20 =    33.8162,    34.6384      
# span 21 =    33.8130,    34.6370      
# span 22 =    7.76604,    8.14521      
# span 23 =         16,         46      
# span 24 = 0.0000e+00, 0.0000e+00      
# interval = decibars: 1                
# start_time = Dec 11 2021 06:38:06 [NMEA time, header]
# bad_flag = -9.990e-29
*END*
[from data line 290]
    108.000    106.915     0.3827  28.931858     0.3836  28.931488     5.7716     5.8075     0.0730    90.7960 1.0000e-12  -64.85446  -63.91781 345.294597      99.97 8.8144e+00   1567.170      37613  1028.0852  1028.0840    34.3635    34.3620    7.96624         34 0.0000e+00
    107.000    105.924     0.3669  28.913971     0.3675  28.913571     5.7535     5.8048     0.0762    90.7802 1.0000e-12  -64.85446  -63.91781 345.294614      99.97 8.8144e+00   1568.635      37648  1028.0775  1028.0765    34.3582    34.3570    7.96979         35 0.0000e+00
    106.000    104.929     0.3766  28.923567     0.3802  28.924745     5.7432     5.8016     0.0900    90.7684 1.0000e-12  -64.85446  -63.91780 345.294642      99.97 8.8144e+00   1571.056      37706  1028.0736  1028.0714    34.3606    34.3582    7.96765         27 0.0000e+00
    105.000    103.944     0.3816  28.928900     0.3783  28.923565     5.7570     5.8021     0.0992    90.7770 1.0000e-12  -64.85446  -63.91780 345.294688      99.97 8.8144e+00   1575.072      37803  1028.0700  1028.0675    34.3626    34.3593    7.96651         30 0.0000e+00
    104.000    102.959     0.3762  28.922646     0.3763  28.921341     5.7655     5.8054     0.0899    90.7862 1.0000e-12  -64.85446  -63.91782 345.294718      99.97 8.8144e+00   1577.646      37865  1028.0643  1028.0630    34.3610    34.3592    7.96771         34 0.0000e+00
    103.000    101.966     0.3701  28.915649     0.3712  28.915960     5.7933     5.8330     0.0957    90.7734 1.0000e-12  -64.85446  -63.91783 345.294751      99.97 8.8144e+00   1580.470      37932  1028.0587  1028.0579    34.3593    34.3585    7.96907         38 0.0000e+00
    102.000    100.977     0.3320  28.875396     0.3433  28.884981     5.8515     5.8544     0.0903    90.7663 1.0000e-12  -64.85448  -63.91784 345.294777      99.97 8.8144e+00   1582.704      37986  1028.0491  1028.0483    34.3495    34.3495    7.97749         42 0.0000e+00
    101.000     99.987     0.3302  28.872184     0.3433  28.886225     5.8535     5.9019     0.0786    90.7776 1.0000e-12  -64.85449  -63.91785 345.295030      99.97 8.8144e+00   1604.602      38511  1028.0423  1028.0439    34.3479    34.3517    7.97795         32 0.0000e+00
    100.000     98.996     0.2637  28.798482     0.2609  28.794547     5.9888     6.0151     0.0793    90.7387 1.0000e-12  -64.85450  -63.91785 345.295234      99.97 8.8144e+00   1622.253      38935  1028.0243  1028.0227    34.3259    34.3239    7.99297         41 0.0000e+00
     99.000     98.007     0.2392  28.771765     0.2521  28.784215     6.1194     6.0891     0.0989    90.7307 1.0000e-12  -64.85450  -63.91785 345.295265      99.97 8.8144e+00   1624.914      38999  1028.0157  1028.0159    34.3187    34.3208    7.99847         36 0.0000e+00
     98.000     97.018     0.1850  28.712882     0.2074  28.735766     6.2017     6.1636     0.0809    90.7186 1.0000e-12  -64.85450  -63.91786 345.295283      99.97 8.8144e+00   1626.474      39036  1028.0017  1028.0041    34.3024    34.3074    8.01067         28 0.0000e+00
     97.000     96.026     0.1611  28.686609     0.1611  28.686392     6.2179     6.1944     0.0774    90.6860 1.0000e-12  -64.85450  -63.91786 345.295294      99.97 8.8144e+00   1627.432      39059  1027.9929  1027.9929    34.2949    34.2947    8.01606         21 0.0000e+00
     96.000     95.038     0.1371  28.658617     0.1367  28.657495     6.1927     6.1995     0.0802    90.6987 1.0000e-12  -64.85450  -63.91786 345.295304      99.97 8.8144e+00   1628.294      39080  1027.9822  1027.9814    34.2854    34.2844    8.02161         21 0.0000e+00
     95.000     94.048     0.1345  28.655273     0.1332  28.652552     6.1305     6.1952     0.0839    90.6819 1.0000e-12  -64.85450  -63.91786 345.295315      99.97 8.8144e+00   1629.220      39102  1027.9765  1027.9750    34.2845    34.2824    8.02220         25 0.0000e+00
     94.000     93.058     0.1408  28.660786     0.1306  28.649682     6.1107     6.1880     0.1015    90.6861 1.0000e-12  -64.85450  -63.91786 345.295329      99.97 8.8144e+00   1630.407      39131  1027.9714  1027.9698    34.2853    34.2822    8.02084         32 0.0000e+00
     93.000     92.068     0.1481  28.670187     0.1343  28.654147     6.1394     6.1869     0.1062    90.7106 1.0000e-12  -64.85450  -63.91786 345.295346      99.97 8.8144e+00   1631.862      39166  1027.9696  1027.9660    34.2902    34.2844    8.01904         34 0.0000e+00
     92.000     91.081     0.1173  28.636474     0.1213  28.639705     6.1729     6.1924     0.1208    90.7219 1.0000e-12  -64.85452  -63.91786 345.295360      99.97 8.8144e+00   1633.080      39195  1027.9596  1027.9590    34.2808    34.2806    8.02602         25 0.0000e+00
     91.000     90.089     0.1128  28.632660     0.1022  28.620079     6.1627     6.1923     0.1065    90.7076 1.0000e-12  -64.85452  -63.91786 345.295371      99.97 8.8144e+00   1634.050      39218  1027.9554  1027.9524    34.2813    34.2766    8.02691         23 0.0000e+00
     90.000     89.099     0.0937  28.611664     0.0905  28.607326     6.1505     6.1907     0.0842    90.7233 1.0000e-12  -64.85452  -63.91786 345.295382      99.97 8.8144e+00   1635.005      39241  1027.9473  1027.9457    34.2756    34.2734    8.03124         24 0.0000e+00
     89.000     88.110     0.0903  28.606286     0.0904  28.605054     6.1349     6.1971     0.0903    90.7317 1.0000e-12  -64.85452  -63.91786 345.295396      99.97 8.8144e+00   1636.239      39271  1027.9403  1027.9387    34.2729    34.2711    8.03211         34 0.0000e+00
     88.000     87.120     0.0936  28.611406     0.0989  28.616743     6.2202     6.2451     0.0960    90.7364 1.0000e-12  -64.85452  -63.91786 345.295419      99.97 8.8144e+00   1638.176      39317  1027.9378  1027.9382    34.2766    34.2777    8.03121         37 0.0000e+00
     87.000     86.131     0.0485  28.560537     0.0627  28.575589     6.4252     6.3628     0.1207    90.7118 1.0000e-12  -64.85452  -63.91786 345.295437      99.97 8.8144e+00   1639.795      39356  1027.9232  1027.9254    34.2603    34.2643    8.04156         31 0.0000e+00
     86.000     85.139     0.0433  28.554609     0.0528  28.563280     6.6053     6.4820     0.0980    90.7042 1.0000e-12  -64.85452  -63.91787 345.295450      99.97 8.8144e+00   1640.891      39382  1027.9174  1027.9173    34.2589    34.2597    8.04274         24 0.0000e+00
     85.000     84.151    -0.0331  28.462062    -0.0155  28.482289     6.6636     6.5497     0.0948    90.6963 1.0000e-12  -64.85452  -63.91788 345.295461      99.97 8.8144e+00   1641.863      39406  1027.8892  1027.8936    34.2224    34.2295    8.06087         22 0.0000e+00
     84.000     83.161    -0.0521  28.437169    -0.0474  28.442395     6.6739     6.5938     0.0996    90.6285 1.0000e-12  -64.85452  -63.91788 345.295472      99.97 8.8144e+00   1642.789      39428  1027.8764  1027.8776    34.2112    34.2129    8.06550         23 0.0000e+00
     83.000     82.171    -0.0605  28.425816    -0.0612  28.424793     6.6706     6.6023     0.1055    90.5978 1.0000e-12  -64.85452  -63.91788 345.295483      99.97 8.8144e+00   1643.721      39450  1027.8677  1027.8675    34.2061    34.2056    8.06755         23 0.0000e+00
     82.000     81.181    -0.0691  28.414943    -0.0701  28.412822     6.6578     6.5939     0.1152    90.5959 1.0000e-12  -64.85452  -63.91788 345.295495      99.97 8.8144e+00   1644.749      39475  1027.8598  1027.8586    34.2020    34.2002    8.06962         26 0.0000e+00
     81.000     80.192    -0.0739  28.409275    -0.0648  28.417068     6.6356     6.6028     0.1360    90.5912 1.0000e-12  -64.85452  -63.91788 345.295509      99.97 8.8144e+00   1645.981      39505  1027.8537  1027.8530    34.2004    34.2005    8.07072         31 0.0000e+00
     80.000     79.201    -0.0780  28.403787    -0.0649  28.419316     6.6024     6.6040     0.1617    90.5607 1.0000e-12  -64.85452  -63.91788 345.295525      99.97 8.8144e+00   1647.371      39538  1027.8469  1027.8508    34.1983    34.2042    8.07169         31 0.0000e+00
     79.000     78.212    -0.0768  28.404736    -0.0730  28.407913     6.6001     6.6218     0.1636    90.5504 1.0000e-12  -64.85452  -63.91788 345.295541      99.97 8.8144e+00   1648.771      39571  1027.8421  1027.8419    34.1989    34.1988    8.07142         31 0.0000e+00
     78.000     77.222    -0.0800  28.400668    -0.0740  28.406514     6.6953     6.6531     0.1779    90.5446 1.0000e-12  -64.85452  -63.91788 345.295557      99.97 8.8144e+00   1650.102      39603  1027.8363  1027.8368    34.1976    34.1987    8.07216         32 0.0000e+00
     77.000     76.232    -0.1052  28.372871    -0.0940  28.382966     6.7894     6.6818     0.1651    90.5405 1.0000e-12  -64.85452  -63.91788 345.295572      99.97 8.8144e+00   1651.408      39635  1027.8266  1027.8266    34.1895    34.1904    8.07795         31 0.0000e+00
     76.000     75.241    -0.1540  28.315778    -0.1044  28.369889     6.8455     6.7614     0.1511    90.5151 1.0000e-12  -64.85452  -63.91788 345.295588      99.97 8.8144e+00   1652.774      39668  1027.8085  1027.8180    34.1688    34.1852    8.08944         34 0.0000e+00
     75.000     74.251    -0.1904  28.271972    -0.1564  28.312225     6.8586     6.8173     0.1667    90.5187 1.0000e-12  -64.85452  -63.91788 345.295603      99.97 8.8144e+00   1654.091      39699  1027.7925  1027.8028    34.1519    34.1674    8.09813         27 0.0000e+00
     74.000     73.263    -0.1973  28.257220    -0.1923  28.263845     6.8200     6.8334     0.1533    90.4621 1.0000e-12  -64.85452  -63.91788 345.295616      99.97 8.8144e+00   1655.201      39726  1027.7785  1027.7813    34.1406    34.1437    8.10025         24 0.0000e+00
     73.000     72.272    -0.1993  28.248616    -0.1963  28.253979     6.8141     6.8414     0.1471    90.4424 1.0000e-12  -64.85454  -63.91788 345.295627      99.97 8.8144e+00   1656.146      39749  1027.7666  1027.7698    34.1319    34.1357    8.10115         22 0.0000e+00
     72.000     71.282    -0.1945  28.250500    -0.1952  28.249561     6.7910     6.8372     0.1604    90.4173 1.0000e-12  -64.85454  -63.91788 345.295637      99.97 8.8144e+00   1657.061      39770  1027.7593  1027.7593    34.1297    34.1292    8.10027         23 0.0000e+00
     71.000     70.293    -0.2008  28.240134    -0.2000  28.240054     6.7638     6.8237     0.1846    90.3891 1.0000e-12  -64.85454  -63.91788 345.295649      99.97 8.8144e+00   1658.088      39795  1027.7497  1027.7491    34.1235    34.1225    8.10195         27 0.0000e+00
     70.000     69.303    -0.1884  28.255992    -0.1879  28.257050     6.7746     6.8279     0.2281    90.3711 1.0000e-12  -64.85454  -63.91788 345.295665      99.97 8.8144e+00   1659.462      39828  1027.7499  1027.7509    34.1313    34.1322    8.09886         34 0.0000e+00
     69.000     68.313    -0.1948  28.250577    -0.1936  28.250404     6.8151     6.8408     0.2293    90.3672 1.0000e-12  -64.85454  -63.91788 345.295684      99.97 8.8144e+00   1661.099      39867  1027.7458  1027.7447    34.1319    34.1303    8.10019         37 0.0000e+00
     68.000     67.322    -0.2087  28.228315    -0.2107  28.224807     6.9036     6.8757     0.2415    90.3354 1.0000e-12  -64.85454  -63.91788 345.295700      99.97 8.8144e+00   1662.439      39900  1027.7310  1027.7294    34.1184    34.1160    8.10392         27 0.0000e+00
     67.000     66.333    -0.2211  28.212516    -0.2151  28.219533     6.9832     6.9239     0.2373    90.3347 1.0000e-12  -64.85454  -63.91788 345.295713      99.97 8.8144e+00   1663.576      39927  1027.7216  1027.7234    34.1119    34.1145    8.10693         27 0.0000e+00
     66.000     65.344    -0.2191  28.205951    -0.2242  28.203767     7.0548     6.9914     0.2220    90.2905 1.0000e-12  -64.85454  -63.91788 345.295726      99.97 8.8144e+00   1664.709      39954  1027.7080  1027.7109    34.1014    34.1042    8.10709         28 0.0000e+00
     65.000     64.353    -0.1981  28.220471    -0.2102  28.211293     7.1352     7.0587     0.2522    90.2460 1.0000e-12  -64.85454  -63.91788 345.295740      99.97 8.8144e+00   1665.910      39983  1027.6987  1027.7008    34.0979    34.0993    8.10283         30 0.0000e+00
     64.000     63.365    -0.1878  28.226233    -0.1940  28.221893     7.2049     7.1104     0.2697    90.1798 1.0000e-12  -64.85454  -63.91788 345.295755      99.97 8.8144e+00   1667.211      40014  1027.6904  1027.6919    34.0947    34.0958    8.10083         29 0.0000e+00
     63.000     62.373    -0.1790  28.231443    -0.1844  28.226706     7.3003     7.1605     0.2845    90.1633 1.0000e-12  -64.85454  -63.91789 345.295770      99.97 8.8144e+00   1668.491      40045  1027.6831  1027.6833    34.0924    34.0921    8.09909         30 0.0000e+00
     62.000     61.384    -0.1783  28.229033    -0.1818  28.228178     7.3442     7.2278     0.2859    90.1691 1.0000e-12  -64.85454  -63.91790 345.295783      99.97 8.8144e+00   1669.659      40073  1027.6756  1027.6780    34.0890    34.0917    8.09914         26 0.0000e+00
     61.000     60.394    -0.1789  28.220741    -0.1819  28.222290     7.3620     7.2510     0.2654    90.0883 1.0000e-12  -64.85454  -63.91790 345.295796      99.97 8.8144e+00   1670.767      40099  1027.6630  1027.6675    34.0793    34.0847    8.09982         27 0.0000e+00
     60.000     59.403    -0.1763  28.218050    -0.1779  28.218185     7.3611     7.2244     0.3109    90.0394 1.0000e-12  -64.85454  -63.91790 345.295810      99.97 8.8144e+00   1671.944      40128  1027.6532  1027.6549    34.0733    34.0753    8.09960         29 0.0000e+00
     59.000     58.414    -0.1728  28.219126    -0.1801  28.218557     7.3498     7.2291     0.3854    90.0193 1.0000e-12  -64.85454  -63.91790 345.295826      99.97 8.8144e+00   1673.333      40161  1027.6467  1027.6533    34.0715    34.0789    8.09897         34 0.0000e+00
     58.000     57.425    -0.1692  28.220071    -0.1825  28.220094     7.3257     7.3003     0.3906    89.9349 1.4532e-03  -64.85454  -63.91790 345.295843      99.97 8.8144e+00   1674.835      40197  1027.6400  1027.6529    34.0693    34.0842    8.09832         34 0.0000e+00
     57.000     56.433    -0.1626  28.223403    -0.1673  28.220170     7.2515     7.3225     0.3729    89.9069 4.9785e-03  -64.85454  -63.91790 345.295861      99.97 8.8144e+00   1676.386      40234  1027.6328  1027.6339    34.0670    34.0680    8.09706         32 0.0000e+00
     56.000     55.445    -0.1693  28.222875    -0.1662  28.221180     7.2209     7.3371     0.4185    89.8547 8.3718e-03  -64.85454  -63.91789 345.295890      99.97 8.8144e+00   1678.868      40294  1027.6348  1027.6298    34.0744    34.0687    8.09806         37 0.0000e+00
     55.000     54.455    -0.1624  28.224320    -0.1659  28.220716     7.5141     7.4541     0.4164    89.8943 1.4052e-02  -64.85454  -63.91790 345.295933      99.97 8.8144e+00   1682.612      40384  1027.6252  1027.6248    34.0692    34.0684    8.09689         34 0.0000e+00
     54.000     53.465    -0.1529  28.223535    -0.1498  28.223201     7.6056     7.5295     0.3444    89.7739 1.7633e-02  -64.85454  -63.91790 345.295948      99.97 8.8144e+00   1683.906      40415  1027.6108  1027.6074    34.0582    34.0542    8.09550         28 0.0000e+00
     53.000     52.474    -0.1685  28.193465    -0.1634  28.200128     7.5847     7.5381     0.3575    89.7445 2.1114e-02  -64.85454  -63.91790 345.295962      99.97 8.8144e+00   1685.097      40443  1027.5896  1027.5917    34.0361    34.0393    8.10006         30 0.0000e+00
     52.000     51.485    -0.1688  28.191034    -0.1695  28.190572     7.5088     7.5347     0.4255    89.6000 2.3530e-02  -64.85454  -63.91789 345.295988      99.97 8.8144e+00   1687.400      40499  1027.5830  1027.5832    34.0339    34.0340    8.10025         30 0.0000e+00
