NBP2113_155081_ctd/data/unbp2113_025.cnv
* Sea-Bird SBE 9 Data File:
* FileName = D:\Data\raw\NBP2113_025.hex
* Software Version Seasave V 7.26.7.121
* Temperature SN = 2438
* Conductivity SN = 2067
* Number of Bytes Per Scan = 40
* Number of Voltage Words = 5
* Number of Scans Averaged by the Deck Unit = 1
* NMEA Latitude = 66 26.47 S
* NMEA Longitude = 073 01.98 W
* NMEA UTC (Time) = Dec 02 2021  19:32:09
* NMEA baud rate = 9600
** Ship: RVIB N.B. Palmer
** Cruise: NBP2113 LTER
** Station: 200.200
** Operator: S. Blackman
# nquan = 25
# nvalues = 3715                        
# units = specified
# name 0 = prDM: Pressure, Digiquartz [db]
# name 1 = depSM: Depth [salt water, m]
# name 2 = t090C: Temperature [ITS-90, deg C]
# name 3 = c0mS/cm: Conductivity [mS/cm]
# name 4 = t190C: Temperature, 2 [ITS-90, deg C]
# name 5 = c1mS/cm: Conductivity, 2 [mS/cm]
# name 6 = sbeox0ML/L: Oxygen, SBE 43 [ml/l]
# name 7 = sbeox1ML/L: Oxygen, SBE 43, 2 [ml/l]
# name 8 = flECO-AFL: Fluorescence, WET Labs ECO-AFL/FL [mg/m^3]
# name 9 = CStarTr0: Beam Transmission, WET Labs C-Star [%]
# name 10 = par: PAR/Irradiance, Biospherical/Licor
# name 11 = latitude: Latitude [deg]
# name 12 = longitude: Longitude [deg]
# name 13 = timeJ: Julian Days
# name 14 = altM: Altimeter [m]
# name 15 = spar: SPAR, Biospherical/Licor
# name 16 = timeS: Time, Elapsed [seconds]
# name 17 = scan: Scan Count
# name 18 = density00: Density [density, kg/m^3]
# name 19 = density11: Density, 2 [density, kg/m^3]
# name 20 = sal00: Salinity, Practical [PSU]
# name 21 = sal11: Salinity, Practical, 2 [PSU]
# name 22 = oxsolML/L: Oxygen Saturation, Garcia & Gordon [ml/l]
# name 23 = nbin: number of scans per bin
# name 24 = flag: flag
# span 0 =      1.000,   3715.000       
# span 1 =      0.989,   3646.238       
# span 2 =    -0.7776,     2.0034       
# span 3 =  27.672429,  30.702262       
# span 4 =    -0.7896,     2.0030       
# span 5 =  27.671218,  30.701209       
# span 6 =     3.8858,     9.2472       
# span 7 =     3.9361,     8.3114       
# span 8 =    -0.0233,    11.1216       
# span 9 =    82.8527,    97.6469       
# span 10 = 1.0000e-12, 1.0000e-12      
# span 11 =  -66.44200,  -66.44120      
# span 12 =  -73.03272,  -73.03208      
# span 13 = 336.868260, 336.923772      
# span 14 =       6.83,     101.19      
# span 15 = 3.5258e+02, 2.4448e+03      
# span 16 =   4688.664,   9484.925      
# span 17 =     112529,     227639      
# span 18 =  1027.3022,  1044.8122      
# span 19 =  1027.3010,  1044.8112      
# span 20 =    33.9690,    34.7297      
# span 21 =    33.9676,    34.7288      
# span 22 =    7.62752,    8.23171      
# span 23 =          8,         51      
# span 24 = 0.0000e+00, 0.0000e+00      
# interval = decibars: 1                
# start_time = Dec 02 2021 19:32:09 [NMEA time, header]
# bad_flag = -9.990e-29
*END*
[from data line 1508]
   2207.000   2173.697     0.7889  30.444009     0.7886  30.443338     4.4744     4.5497    -0.0108    97.6266 1.0000e-12  -66.44142  -73.03228 336.888825      99.97 5.1652e+02   6465.480     155173  1038.0477  1038.0474    34.7095    34.7090    7.86416         14 0.0000e+00
   2206.000   2172.717     0.7894  30.444025     0.7892  30.443355     4.4821     4.5478    -0.0154    97.6266 1.0000e-12  -66.44140  -73.03228 336.888832      99.98 5.1591e+02   6466.048     155186  1038.0431  1038.0427    34.7095    34.7089    7.86406         14 0.0000e+00
   2205.000   2171.738     0.7897  30.443846     0.7896  30.443414     4.4790     4.5503    -0.0155    97.6266 1.0000e-12  -66.44140  -73.03228 336.888838      99.97 5.1480e+02   6466.626     155200  1038.0386  1038.0382    34.7095    34.7090    7.86401         14 0.0000e+00
   2204.000   2170.755     0.7900  30.443770     0.7898  30.443100     4.4852     4.5501    -0.0159    97.6266 1.0000e-12  -66.44140  -73.03228 336.888846      99.98 5.1476e+02   6467.271     155216  1038.0341  1038.0336    34.7095    34.7089    7.86395         16 0.0000e+00
   2203.000   2169.779     0.7904  30.443788     0.7901  30.443047     4.4881     4.5540    -0.0118    97.6266 1.0000e-12  -66.44140  -73.03228 336.888854      99.98 5.1476e+02   6468.005     155233  1038.0296  1038.0291    34.7097    34.7089    7.86386         20 0.0000e+00
   2202.000   2168.797     0.7900  30.442998     0.7894  30.441909     4.4916     4.5440    -0.0046    97.6266 1.0000e-12  -66.44140  -73.03228 336.888866      99.98 5.1476e+02   6468.988     155257  1038.0250  1038.0246    34.7095    34.7088    7.86394         26 0.0000e+00
   2201.000   2167.815     0.7898  30.442351     0.7892  30.441414     4.4777     4.5550    -0.0053    97.6266 1.0000e-12  -66.44140  -73.03226 336.888921      99.97 5.1153e+02   6473.758     155371  1038.0205  1038.0202    34.7095    34.7089    7.86399         21 0.0000e+00
   2200.000   2166.840     0.7891  30.441515     0.7890  30.440839     4.4723     4.5567    -0.0008    97.6266 1.0000e-12  -66.44140  -73.03226 336.888936      99.97 5.1124e+02   6475.054     155402  1038.0163  1038.0157    34.7096    34.7089    7.86412         17 0.0000e+00
   2199.000   2165.857     0.7895  30.441365     0.7895  30.440945     4.4722     4.5535    -0.0072    97.6266 1.0000e-12  -66.44140  -73.03226 336.888943      99.97 5.1086e+02   6475.694     155418  1038.0116  1038.0112    34.7096    34.7090    7.86405         14 0.0000e+00
   2198.000   2164.879     0.7902  30.441542     0.7901  30.440995     4.4771     4.5502    -0.0092    97.6266 1.0000e-12  -66.44140  -73.03226 336.888950      99.98 5.0947e+02   6476.291     155432  1038.0070  1038.0065    34.7095    34.7089    7.86391         15 0.0000e+00
   2197.000   2163.900     0.7915  30.442411     0.7911  30.441512     4.4805     4.5492    -0.0009    97.6266 1.0000e-12  -66.44140  -73.03226 336.888957      99.98 5.0947e+02   6476.895     155446  1038.0024  1038.0019    34.7097    34.7090    7.86363         14 0.0000e+00
   2196.000   2162.917     0.7915  30.441994     0.7918  30.441724     4.4850     4.5491    -0.0027    97.6266 1.0000e-12  -66.44140  -73.03226 336.888964      99.98 5.0947e+02   6477.517     155461  1037.9979  1037.9972    34.7097    34.7090    7.86364         16 0.0000e+00
   2195.000   2161.934     0.7924  30.442385     0.7922  30.441746     4.4752     4.5516    -0.0090    97.6266 1.0000e-12  -66.44140  -73.03226 336.888972      99.97 5.0947e+02   6478.178     155477  1037.9932  1037.9928    34.7097    34.7091    7.86345         16 0.0000e+00
   2194.000   2160.962     0.7931  30.442576     0.7930  30.442025     4.4768     4.5511    -0.0130    97.6266 1.0000e-12  -66.44140  -73.03225 336.888980      99.98 5.0852e+02   6478.901     155495  1037.9886  1037.9882    34.7096    34.7091    7.86331         18 0.0000e+00
   2193.000   2159.979     0.7938  30.442813     0.7933  30.441900     4.4840     4.5541    -0.0137    97.6266 1.0000e-12  -66.44140  -73.03224 336.888990      99.98 5.0599e+02   6479.715     155514  1037.9840  1037.9836    34.7097    34.7091    7.86317         22 0.0000e+00
   2192.000   2158.999     0.7932  30.441916     0.7925  30.440739     4.4892     4.5485    -0.0076    97.6266 1.0000e-12  -66.44141  -73.03224 336.889009      99.98 5.0571e+02   6481.376     155554  1037.9796  1037.9791    34.7097    34.7090    7.86328         35 0.0000e+00
   2191.000   2158.020     0.7939  30.442070     0.7914  30.439385     4.4851     4.5502    -0.0154    97.6266 1.0000e-12  -66.44140  -73.03223 336.889065      99.97 5.0232e+02   6486.196     155670  1037.9750  1037.9748    34.7097    34.7090    7.86315         30 0.0000e+00
   2190.000   2157.039     0.7919  30.439883     0.7910  30.438662     4.4782     4.5550    -0.0079    97.6266 1.0000e-12  -66.44140  -73.03224 336.889075      99.98 5.0219e+02   6487.098     155691  1037.9707  1037.9703    34.7096    34.7090    7.86356         23 0.0000e+00
   2189.000   2156.060     0.7931  30.440715     0.7929  30.439963     4.4732     4.5494    -0.0166    97.6266 1.0000e-12  -66.44140  -73.03223 336.889085      99.98 5.0066e+02   6487.959     155712  1037.9661  1037.9656    34.7098    34.7091    7.86329         19 0.0000e+00
   2188.000   2155.079     0.7953  30.442259     0.7949  30.441290     4.4754     4.5476    -0.0159    97.6266 1.0000e-12  -66.44140  -73.03222 336.889094      99.97 5.0066e+02   6488.691     155730  1037.9613  1037.9608    34.7099    34.7091    7.86285         16 0.0000e+00
   2187.000   2154.100     0.7980  30.444256     0.7979  30.443668     4.4782     4.5479    -0.0150    97.6266 1.0000e-12  -66.44140  -73.03222 336.889101      99.98 5.0066e+02   6489.319     155745  1037.9564  1037.9559    34.7099    34.7093    7.86230         14 0.0000e+00
   2186.000   2153.120     0.7995  30.445104     0.7993  30.444362     4.4671     4.5454    -0.0156    97.6266 1.0000e-12  -66.44140  -73.03222 336.889107      99.98 5.0052e+02   6489.879     155758  1037.9517  1037.9512    34.7099    34.7092    7.86201         13 0.0000e+00
   2185.000   2152.139     0.8000  30.445183     0.7999  30.444451     4.4672     4.5490    -0.0156    97.6266 1.0000e-12  -66.44140  -73.03222 336.889114      99.97 4.9885e+02   6490.412     155771  1037.9472  1037.9466    34.7100    34.7092    7.86189         12 0.0000e+00
   2184.000   2151.159     0.8004  30.445058     0.8002  30.444353     4.4689     4.5489    -0.0077    97.6266 1.0000e-12  -66.44140  -73.03222 336.889119      99.97 4.9890e+02   6490.920     155783  1037.9426  1037.9420    34.7099    34.7092    7.86182         13 0.0000e+00
   2183.000   2150.182     0.8007  30.444855     0.8007  30.444285     4.4796     4.5507    -0.0017    97.6266 1.0000e-12  -66.44140  -73.03222 336.889126      99.98 4.9890e+02   6491.444     155796  1037.9379  1037.9373    34.7098    34.7091    7.86177         13 0.0000e+00
   2182.000   2149.197     0.8011  30.444869     0.8009  30.444278     4.4844     4.5474    -0.0043    97.6266 1.0000e-12  -66.44140  -73.03220 336.889132      99.97 4.9783e+02   6491.992     155809  1037.9334  1037.9330    34.7098    34.7093    7.86167         13 0.0000e+00
   2181.000   2148.220     0.8013  30.444758     0.8011  30.444163     4.4882     4.5436    -0.0084    97.6266 1.0000e-12  -66.44140  -73.03221 336.889140      99.97 4.9715e+02   6492.648     155825  1037.9290  1037.9285    34.7101    34.7095    7.86164         19 0.0000e+00
   2180.000   2147.240     0.8006  30.443622     0.8001  30.442654     4.4847     4.5468    -0.0093    97.6266 1.0000e-12  -66.44139  -73.03222 336.889184      99.98 4.9444e+02   6496.532     155918  1037.9244  1037.9241    34.7098    34.7092    7.86178         20 0.0000e+00
   2179.000   2146.262     0.8008  30.443507     0.8005  30.442742     4.4749     4.5498    -0.0077    97.6266 1.0000e-12  -66.44138  -73.03220 336.889225      99.98 4.9179e+02   6499.999     156001  1037.9200  1037.9195    34.7100    34.7093    7.86173         12 0.0000e+00
   2178.000   2145.280     0.8014  30.443500     0.8010  30.442683     4.4718     4.5507    -0.0090    97.6266 1.0000e-12  -66.44138  -73.03220 336.889229      99.98 4.9087e+02   6500.423     156011  1037.9154  1037.9149    34.7099    34.7093    7.86162         11 0.0000e+00
   2177.000   2144.299     0.8017  30.443430     0.8016  30.442830     4.4638     4.5467    -0.0028    97.6266 1.0000e-12  -66.44138  -73.03220 336.889235      99.98 4.9008e+02   6500.898     156023  1037.9108  1037.9103    34.7099    34.7093    7.86156         12 0.0000e+00
   2176.000   2143.320     0.8020  30.443260     0.8018  30.442633     4.4615     4.5478    -0.0011    97.6266 1.0000e-12  -66.44138  -73.03220 336.889240      99.98 4.9008e+02   6501.381     156034  1037.9062  1037.9058    34.7099    34.7093    7.86150         12 0.0000e+00
   2175.000   2142.341     0.8025  30.443277     0.8023  30.442652     4.4697     4.5458    -0.0092    97.6266 1.0000e-12  -66.44138  -73.03220 336.889246      99.97 4.9008e+02   6501.879     156046  1037.9016  1037.9011    34.7099    34.7093    7.86140         12 0.0000e+00
   2174.000   2141.360     0.8029  30.443420     0.8029  30.442821     4.4831     4.5463    -0.0162    97.6266 1.0000e-12  -66.44138  -73.03220 336.889252      99.97 4.8920e+02   6502.393     156058  1037.8972  1037.8966    34.7101    34.7093    7.86131         12 0.0000e+00
   2173.000   2140.381     0.8033  30.443246     0.8033  30.442648     4.4846     4.5459    -0.0165    97.6266 1.0000e-12  -66.44138  -73.03220 336.889259      99.98 4.8833e+02   6502.950     156072  1037.8925  1037.8920    34.7099    34.7092    7.86123         15 0.0000e+00
   2172.000   2139.398     0.8033  30.442687     0.8032  30.442316     4.4760     4.5453    -0.0159    97.6266 1.0000e-12  -66.44138  -73.03220 336.889266      99.98 4.8832e+02   6503.602     156087  1037.8879  1037.8876    34.7098    34.7094    7.86125         17 0.0000e+00
   2171.000   2138.420     0.8021  30.441363     0.8017  30.440585     4.4780     4.5437    -0.0027    97.6266 1.0000e-12  -66.44138  -73.03220 336.889291      99.98 4.8605e+02   6505.733     156139  1037.8836  1037.8832    34.7099    34.7093    7.86147         26 0.0000e+00
   2170.000   2137.444     0.8018  30.440715     0.8017  30.440063     4.4808     4.5484    -0.0100    97.6266 1.0000e-12  -66.44136  -73.03220 336.889346      99.98 4.8301e+02   6510.444     156252  1037.8792  1037.8786    34.7099    34.7092    7.86154         13 0.0000e+00
   2169.000   2136.458     0.8021  30.440662     0.8022  30.440130     4.4826     4.5504    -0.0156    97.6266 1.0000e-12  -66.44136  -73.03220 336.889352      99.97 4.8303e+02   6510.989     156265  1037.8747  1037.8741    34.7100    34.7093    7.86147         14 0.0000e+00
   2168.000   2135.479     0.8027  30.440813     0.8025  30.440052     4.4776     4.5498    -0.0150    97.6266 1.0000e-12  -66.44136  -73.03220 336.889358      99.98 4.8303e+02   6511.565     156279  1037.8701  1037.8696    34.7101    34.7094    7.86135         14 0.0000e+00
   2167.000   2134.503     0.8032  30.440772     0.8032  30.440337     4.4731     4.5495    -0.0160    97.6266 1.0000e-12  -66.44136  -73.03220 336.889365      99.97 4.8303e+02   6512.166     156293  1037.8654  1037.8650    34.7099    34.7094    7.86125         15 0.0000e+00
   2166.000   2133.519     0.8044  30.441550     0.8045  30.441029     4.4752     4.5478    -0.0154    97.6266 1.0000e-12  -66.44136  -73.03220 336.889373      99.98 4.8148e+02   6512.847     156309  1037.8609  1037.8603    34.7101    34.7094    7.86100         18 0.0000e+00
   2165.000   2132.540     0.8053  30.441878     0.8054  30.441379     4.4827     4.5446    -0.0139    97.6266 1.0000e-12  -66.44136  -73.03220 336.889382      99.97 4.8127e+02   6513.638     156328  1037.8562  1037.8556    34.7101    34.7094    7.86083         20 0.0000e+00
   2164.000   2131.559     0.8057  30.441940     0.8051  30.440830     4.4817     4.5459    -0.0087    97.6266 1.0000e-12  -66.44136  -73.03220 336.889393      99.98 4.8127e+02   6514.538     156350  1037.8517  1037.8512    34.7102    34.7095    7.86073         23 0.0000e+00
   2163.000   2130.581     0.8057  30.441389     0.8058  30.441025     4.4775     4.5481    -0.0085    97.6266 1.0000e-12  -66.44136  -73.03219 336.889404      99.98 4.8041e+02   6515.534     156374  1037.8471  1037.8466    34.7101    34.7095    7.86075         26 0.0000e+00
   2162.000   2129.599     0.8038  30.439264     0.8043  30.439264     4.4839     4.5441    -0.0158    97.6266 1.0000e-12  -66.44136  -73.03218 336.889426      99.98 4.7910e+02   6517.376     156418  1037.8428  1037.8423    34.7099    34.7094    7.86113         38 0.0000e+00
   2161.000   2128.621     0.8032  30.438371     0.8036  30.438196     4.4754     4.5459    -0.0102    97.6266 1.0000e-12  -66.44134  -73.03219 336.889469      99.98 4.7756e+02   6521.091     156507  1037.8383  1037.8377    34.7099    34.7093    7.86125         29 0.0000e+00
   2160.000   2127.641     0.8038  30.438449     0.8034  30.437768     4.4676     4.5540    -0.0092    97.6266 1.0000e-12  -66.44134  -73.03220 336.889477      99.97 4.7591e+02   6521.834     156525  1037.8337  1037.8334    34.7099    34.7095    7.86114         19 0.0000e+00
   2159.000   2126.659     0.8050  30.439335     0.8049  30.438602     4.4664     4.5508    -0.0057    97.6266 1.0000e-12  -66.44134  -73.03220 336.889486      99.98 4.7518e+02   6522.553     156542  1037.8292  1037.8286    34.7102    34.7094    7.86087         16 0.0000e+00
   2158.000   2125.680     0.8060  30.439678     0.8057  30.439096     4.4665     4.5493    -0.0002    97.6266 1.0000e-12  -66.44134  -73.03222 336.889493      99.97 4.7419e+02   6523.188     156558  1037.8244  1037.8241    34.7100    34.7096    7.86068         15 0.0000e+00
   2157.000   2124.699     0.8062  30.439453     0.8061  30.438962     4.4649     4.5491    -0.0004    97.6266 1.0000e-12  -66.44134  -73.03221 336.889500      99.98 4.7422e+02   6523.790     156572  1037.8199  1037.8195    34.7101    34.7095    7.86064         15 0.0000e+00
   2156.000   2123.721     0.8063  30.439211     0.8062  30.438628     4.4654     4.5465    -0.0004    97.6266 1.0000e-12  -66.44134  -73.03220 336.889507      99.98 4.7422e+02   6524.386     156586  1037.8154  1037.8150    34.7102    34.7095    7.86061         14 0.0000e+00
   2155.000   2122.740     0.8065  30.439046     0.8065  30.438451     4.4726     4.5428    -0.0061    97.6266 1.0000e-12  -66.44134  -73.03220 336.889514      99.98 4.7422e+02   6524.987     156601  1037.8109  1037.8104    34.7102    34.7095    7.86057         15 0.0000e+00
   2154.000   2121.758     0.8070  30.438976     0.8069  30.438425     4.4776     4.5473    -0.0081    97.6266 1.0000e-12  -66.44134  -73.03219 336.889521      99.97 4.7422e+02   6525.628     156616  1037.8062  1037.8058    34.7101    34.7095    7.86048         16 0.0000e+00
   2153.000   2120.779     0.8072  30.438771     0.8070  30.438046     4.4816     4.5410    -0.0012    97.6266 1.0000e-12  -66.44134  -73.03218 336.889530      99.98 4.7279e+02   6526.409     156635  1037.8017  1037.8012    34.7101    34.7094    7.86044         21 0.0000e+00
   2152.000   2119.797     0.8059  30.437252     0.8058  30.436665     4.4761     4.5402    -0.0101    97.6266 1.0000e-12  -66.44133  -73.03216 336.889573      99.97 4.7062e+02   6530.146     156725  1037.7974  1037.7968    34.7102    34.7095    7.86070         19 0.0000e+00
   2151.000   2118.818     0.8065  30.437412     0.8064  30.436907     4.4668     4.5500    -0.0077    97.6266 1.0000e-12  -66.44132  -73.03217 336.889604      99.98 4.6908e+02   6532.765     156787  1037.7928  1037.7924    34.7102    34.7097    7.86057         13 0.0000e+00
