NBP2113_155081_ctd/data/unbp2113_003.cnv
* Sea-Bird SBE 9 Data File:
* FileName = D:\Data\raw\NBP2113_003.hex
* Software Version Seasave V 7.26.7.121
* Temperature SN = 2438
* Conductivity SN = 2067
* Number of Bytes Per Scan = 40
* Number of Voltage Words = 5
* Number of Scans Averaged by the Deck Unit = 1
* NMEA Latitude = 63 28.26 S
* NMEA Longitude = 061 47.09 W
* NMEA UTC (Time) = Nov 22 2021  19:16:03
* NMEA baud rate = 9600
** Ship: RVIB N.B. Palmer
** Cruise: NBP2113 LTER
** Station: 806.048
** Operator: S. Blackman
# nquan = 25
# nvalues = 552                         
# units = specified
# name 0 = prDM: Pressure, Digiquartz [db]
# name 1 = depSM: Depth [salt water, m]
# name 2 = t090C: Temperature [ITS-90, deg C]
# name 3 = c0mS/cm: Conductivity [mS/cm]
# name 4 = t190C: Temperature, 2 [ITS-90, deg C]
# name 5 = c1mS/cm: Conductivity, 2 [mS/cm]
# name 6 = sbeox0ML/L: Oxygen, SBE 43 [ml/l]
# name 7 = sbeox1ML/L: Oxygen, SBE 43, 2 [ml/l]
# name 8 = flECO-AFL: Fluorescence, WET Labs ECO-AFL/FL [mg/m^3]
# name 9 = CStarTr0: Beam Transmission, WET Labs C-Star [%]
# name 10 = par: PAR/Irradiance, Biospherical/Licor
# name 11 = latitude: Latitude [deg]
# name 12 = longitude: Longitude [deg]
# name 13 = timeJ: Julian Days
# name 14 = altM: Altimeter [m]
# name 15 = spar: SPAR, Biospherical/Licor
# name 16 = timeS: Time, Elapsed [seconds]
# name 17 = scan: Scan Count
# name 18 = density00: Density [density, kg/m^3]
# name 19 = density11: Density, 2 [density, kg/m^3]
# name 20 = sal00: Salinity, Practical [PSU]
# name 21 = sal11: Salinity, Practical, 2 [PSU]
# name 22 = oxsolML/L: Oxygen Saturation, Garcia & Gordon [ml/l]
# name 23 = nbin: number of scans per bin
# name 24 = flag: flag
# span 0 =      2.000,    553.000       
# span 1 =      1.982,    546.909       
# span 2 =    -0.6531,     0.2728       
# span 3 =  27.895601,  29.140464       
# span 4 =    -0.6580,     0.2795       
# span 5 =  27.894378,  29.136617       
# span 6 =     5.3113,     8.1453       
# span 7 =     5.3256,     8.0001       
# span 8 =    -0.0268,     1.4707       
# span 9 =    90.0447,    98.8843       
# span 10 = 1.0000e-12, 1.4689e+03      
# span 11 =  -63.47132,  -63.47118      
# span 12 =  -61.78588,  -61.78559      
# span 13 = 326.816798, 326.833172      
# span 14 =       8.54,      99.99      
# span 15 = 1.8134e+03, 1.8611e+03      
# span 16 =   1208.352,   2623.094      
# span 17 =      29001,      62955      
# span 18 =  1027.3099,  1030.3637      
# span 19 =  1027.3069,  1030.3622      
# span 20 =    33.9813,    34.5667      
# span 21 =    33.9775,    34.5649      
# span 22 =    7.97768,    8.18949      
# span 23 =          6,         51      
# span 24 = 0.0000e+00, 0.0000e+00      
# interval = decibars: 1                
# start_time = Nov 22 2021 19:16:03 [NMEA time, header]
# bad_flag = -9.990e-29
*END*
[from data line 406]
    147.000    145.523    -0.5428  28.130892    -0.5458  28.126956     6.5441     6.4403     0.0746    98.4985 1.0000e-12  -63.47130  -61.78561 326.827093      99.98 1.8363e+03   2097.870      50350  1028.2839  1028.2825    34.3158    34.3139    8.16411         30 0.0000e+00
    146.000    144.534    -0.5470  28.126540    -0.5523  28.120205     6.5670     6.4522     0.0827    98.4947 1.0000e-12  -63.47130  -61.78560 326.827107      99.98 1.8431e+03   2099.083      50379  1028.2787  1028.2771    34.3152    34.3127    8.16503         28 0.0000e+00
    145.000    143.544    -0.5523  28.121108    -0.5560  28.116166     6.5768     6.4555     0.0905    98.4872 1.0000e-12  -63.47130  -61.78560 326.827121      99.98 1.8469e+03   2100.278      50408  1028.2736  1028.2718    34.3146    34.3121    8.16623         31 0.0000e+00
    144.000    142.555    -0.5604  28.112591    -0.5645  28.107467     6.5762     6.4720     0.0947    98.4628 1.0000e-12  -63.47130  -61.78560 326.827137      99.98 1.8465e+03   2101.643      50440  1028.2678  1028.2663    34.3129    34.3106    8.16807         36 0.0000e+00
    143.000    141.564    -0.5662  28.105904    -0.5744  28.096701     6.5859     6.4971     0.1066    98.4746 1.0000e-12  -63.47130  -61.78560 326.827156      99.98 1.8422e+03   2103.292      50480  1028.2617  1028.2598    34.3110    34.3080    8.16942         39 0.0000e+00
    142.000    140.575    -0.5728  28.099338    -0.5868  28.082704     6.6361     6.5296     0.1161    98.4305 1.0000e-12  -63.47130  -61.78562 326.827176      99.98 1.8404e+03   2104.998      50521  1028.2565  1028.2522    34.3103    34.3037    8.17088         38 0.0000e+00
    141.000    139.586    -0.5937  28.076900    -0.6125  28.055835     6.6499     6.5621     0.1088    98.4548 1.0000e-12  -63.47130  -61.78562 326.827193      99.98 1.8404e+03   2106.448      50556  1028.2483  1028.2439    34.3043    34.2973    8.17574         32 0.0000e+00
    140.000    138.596    -0.6102  28.058413    -0.6262  28.041107     6.7096     6.5849     0.0932    98.4363 1.0000e-12  -63.47130  -61.78562 326.827207      99.98 1.8404e+03   2107.716      50586  1028.2400  1028.2367    34.2987    34.2935    8.17963         29 0.0000e+00
    139.000    137.606    -0.6230  28.044928    -0.6424  28.023819     6.7452     6.6078     0.0875    98.4480 1.0000e-12  -63.47130  -61.78562 326.827221      99.98 1.8387e+03   2108.936      50615  1028.2334  1028.2293    34.2956    34.2891    8.18257         30 0.0000e+00
    138.000    136.616    -0.6531  28.013922    -0.6580  28.006608     6.7031     6.5775     0.0908    98.4228 1.0000e-12  -63.47130  -61.78562 326.827237      99.98 1.8406e+03   2110.259      50647  1028.2248  1028.2214    34.2885    34.2842    8.18949         33 0.0000e+00
    137.000    135.627    -0.6292  28.040534    -0.6367  28.029873     6.6735     6.5836     0.1139    98.4113 1.0000e-12  -63.47130  -61.78562 326.827257      99.98 1.8457e+03   2112.042      50690  1028.2254  1028.2210    34.2980    34.2921    8.18378         47 0.0000e+00
    136.000    134.638    -0.6273  28.035259    -0.6347  28.027107     6.6887     6.5655     0.1193    98.4143 1.0000e-12  -63.47130  -61.78562 326.827278      99.98 1.8454e+03   2113.824      50733  1028.2133  1028.2115    34.2893    34.2867    8.18387         34 0.0000e+00
    135.000    133.647    -0.6128  28.039016    -0.5829  28.061321     6.6474     6.5440     0.1054    98.4077 1.0000e-12  -63.47130  -61.78562 326.827291      99.98 1.8388e+03   2114.965      50760  1028.1987  1028.1932    34.2785    34.2748    8.18135         24 0.0000e+00
    134.000    132.658    -0.5723  28.070128    -0.5541  28.082696     6.6520     6.5525     0.0964    98.4393 1.0000e-12  -63.47130  -61.78563 326.827303      99.98 1.8322e+03   2115.956      50784  1028.1882  1028.1838    34.2752    34.2717    8.17279         23 0.0000e+00
    133.000    131.669    -0.5551  28.082715    -0.5512  28.084462     6.6470     6.5537     0.1096    98.4890 1.0000e-12  -63.47130  -61.78564 326.827315      99.98 1.8299e+03   2117.028      50810  1028.1807  1028.1788    34.2734    34.2714    8.16919         29 0.0000e+00
    132.000    130.679    -0.5757  28.067110    -0.5736  28.067806     6.6462     6.5452     0.1377    98.4785 1.0000e-12  -63.47130  -61.78563 326.827334      99.98 1.8381e+03   2118.626      50848  1028.1800  1028.1787    34.2763    34.2749    8.17346         37 0.0000e+00
    131.000    129.689    -0.5578  28.079139    -0.5685  28.070544     6.6448     6.5426     0.1261    98.4478 1.0000e-12  -63.47130  -61.78562 326.827369      99.98 1.8469e+03   2121.652      50921  1028.1713  1028.1726    34.2728    34.2734    8.16980         38 0.0000e+00
    130.000    128.700    -0.5450  28.090277    -0.5627  28.074878     6.4982     6.4514     0.1304    98.5008 4.6242e-04  -63.47130  -61.78563 326.827393      99.98 1.8295e+03   2123.743      50971  1028.1668  1028.1674    34.2740    34.2733    8.16699         31 0.0000e+00
    129.000    127.710    -0.4931  28.135652    -0.4906  28.137902     6.4802     6.4306     0.0996    98.5105 2.6669e-03  -63.47130  -61.78564 326.827405      99.97 1.8216e+03   2124.791      50996  1028.1606  1028.1603    34.2770    34.2772    8.15566         22 0.0000e+00
    128.000    126.719    -0.3963  28.216275    -0.3800  28.228545     6.4892     6.4050     0.1042    98.5666 6.0753e-03  -63.47130  -61.78564 326.827416      99.98 1.8262e+03   2125.744      51019  1028.1484  1028.1455    34.2765    34.2746    8.13490         25 0.0000e+00
    127.000    125.730    -0.4544  28.168665    -0.4267  28.188812     6.4667     6.4295     0.1287    98.6653 8.8685e-03  -63.47130  -61.78564 326.827443      99.98 1.8383e+03   2128.072      51075  1028.1508  1028.1453    34.2789    34.2746    8.14724         41 0.0000e+00
    126.000    124.741    -0.4608  28.161299    -0.4591  28.160055     6.4218     6.3569     0.1176    98.6105 9.8711e-03  -63.47130  -61.78564 326.827505      99.98 1.8262e+03   2133.441      51204  1028.1456  1028.1427    34.2768    34.2733    8.14873         28 0.0000e+00
    125.000    123.751    -0.3825  28.227999    -0.3878  28.222430     6.3839     6.3343     0.0990    98.6286 1.4008e-02  -63.47130  -61.78564 326.827514      99.98 1.8265e+03   2134.240      51223  1028.1363  1028.1356    34.2785    34.2770    8.13184         22 0.0000e+00
    124.000    122.761    -0.3265  28.273812    -0.2854  28.308587     6.3748     6.3270     0.1013    98.7094 1.7762e-02  -63.47130  -61.78564 326.827526      99.99 1.8324e+03   2135.209      51246  1028.1270  1028.1237    34.2774    34.2775    8.11995         26 0.0000e+00
    123.000    121.771    -0.3188  28.281013    -0.3347  28.265999     6.3794     6.3451     0.1233    98.7465 2.0886e-02  -63.47129  -61.78563 326.827563      99.98 1.8373e+03   2138.400      51323  1028.1239  1028.1232    34.2788    34.2767    8.11821         39 0.0000e+00
    122.000    120.782    -0.2875  28.305575    -0.3097  28.285973     6.3835     6.3115     0.1169    98.7279 2.2482e-02  -63.47128  -61.78564 326.827616      99.98 1.8289e+03   2143.019      51433  1028.1171  1028.1169    34.2771    34.2758    8.11164         42 0.0000e+00
    121.000    119.791    -0.2767  28.312542    -0.2833  28.306238     6.3977     6.3158     0.1139    98.8010 2.7299e-02  -63.47128  -61.78565 326.827710      99.98 1.8324e+03   2151.120      51628  1028.1110  1028.1101    34.2748    34.2739    8.10947         40 0.0000e+00
    120.000    118.803    -0.2548  28.327104    -0.2572  28.323813     6.3934     6.2889     0.1152    98.8537 3.1011e-02  -63.47128  -61.78567 326.827935      99.98 1.8359e+03   2170.578      52095  1028.1024  1028.1010    34.2703    34.2685    8.10508         37 0.0000e+00
    119.000    117.814    -0.2555  28.325932    -0.2611  28.320119     6.3892     6.2924     0.1410    98.8817 3.8609e-02  -63.47128  -61.78566 326.828000      99.98 1.8390e+03   2176.186      52229  1028.0976  1028.0967    34.2701    34.2686    8.10523         23 0.0000e+00
    118.000    116.824    -0.2572  28.322447    -0.2574  28.321364     6.4060     6.3011     0.1517    98.8843 4.4421e-02  -63.47128  -61.78566 326.828040      99.98 1.8302e+03   2179.676      52313  1028.0912  1028.0901    34.2680    34.2667    8.10572         38 0.0000e+00
    117.000    115.832    -0.2549  28.322864    -0.2534  28.323336     6.4184     6.3066     0.1196    98.8742 4.6086e-02  -63.47128  -61.78566 326.828055      99.98 1.8352e+03   2180.946      52344  1028.0851  1028.0841    34.2666    34.2655    8.10531         29 0.0000e+00
    116.000    114.843    -0.2597  28.316250    -0.2603  28.314222     6.4287     6.3148     0.1439    98.8683 4.7849e-02  -63.47128  -61.78568 326.828071      99.98 1.8431e+03   2182.306      52376  1028.0784  1028.0768    34.2638    34.2618    8.10649         37 0.0000e+00
    115.000    113.854    -0.2623  28.312668    -0.2640  28.309592     6.4286     6.3220     0.1613    98.8807 5.0894e-02  -63.47126  -61.78568 326.828091      99.98 1.8432e+03   2184.020      52417  1028.0728  1028.0711    34.2624    34.2603    8.10711         44 0.0000e+00
    114.000    112.864    -0.2647  28.309502    -0.2660  28.306934     6.4181     6.3214     0.1899    98.8787 5.7887e-02  -63.47126  -61.78568 326.828112      99.98 1.8376e+03   2185.906      52463  1028.0675  1028.0659    34.2616    34.2596    8.10768         45 0.0000e+00
    113.000    111.874    -0.2648  28.309123    -0.2656  28.307050     6.4376     6.3227     0.1483    98.8555 6.7701e-02  -63.47126  -61.78566 326.828145      99.98 1.8394e+03   2188.726      52530  1028.0629  1028.0613    34.2618    34.2599    8.10769         39 0.0000e+00
    112.000    110.884    -0.2721  28.300247    -0.2654  28.306960     6.4488     6.3401     0.1592    98.8596 7.2765e-02  -63.47126  -61.78566 326.828169      99.98 1.8370e+03   2190.795      52580  1028.0562  1028.0567    34.2588    34.2601    8.10942         33 0.0000e+00
    111.000    109.895    -0.2741  28.297677    -0.2742  28.296306     6.4578     6.3461     0.1265    98.8412 7.7178e-02  -63.47126  -61.78566 326.828184      99.98 1.8318e+03   2192.064      52611  1028.0511  1028.0496    34.2582    34.2564    8.10988         31 0.0000e+00
    110.000    108.904    -0.2787  28.292779    -0.2808  28.288924     6.4523     6.3423     0.1466    98.8590 8.0340e-02  -63.47126  -61.78568 326.828204      99.98 1.8320e+03   2193.831      52653  1028.0459  1028.0438    34.2574    34.2546    8.11089         38 0.0000e+00
    109.000    107.915    -0.3001  28.269134    -0.2899  28.279257     6.4922     6.3652     0.1771    98.8495 8.5822e-02  -63.47126  -61.78568 326.828242      99.98 1.8435e+03   2197.089      52731  1028.0371  1028.0379    34.2506    34.2525    8.11585         38 0.0000e+00
    108.000    106.923    -0.2994  28.269753    -0.2914  28.277817     6.5051     6.3796     0.1723    98.8629 9.7020e-02  -63.47126  -61.78568 326.828274      99.98 1.8385e+03   2199.899      52799  1028.0325  1028.0334    34.2511    34.2529    8.11566         29 0.0000e+00
    107.000    105.935    -0.3187  28.247765    -0.3148  28.251146     6.5505     6.4089     0.1655    98.8483 1.0421e-01  -63.47126  -61.78568 326.828306      99.98 1.8394e+03   2202.621      52864  1028.0234  1028.0233    34.2442    34.2442    8.12018         24 0.0000e+00
    106.000    104.947    -0.3333  28.232433    -0.3211  28.243728     6.5440     6.4136     0.1452    98.8381 1.0855e-01  -63.47126  -61.78568 326.828331      99.98 1.8346e+03   2204.784      52916  1028.0166  1028.0169    34.2406    34.2420    8.12349         31 0.0000e+00
    105.000    103.955    -0.3506  28.212434    -0.3437  28.218220     6.5651     6.4478     0.1787    98.8431 1.1684e-01  -63.47126  -61.78568 326.828385      99.98 1.8389e+03   2209.490      53029  1028.0074  1028.0071    34.2340    34.2340    8.12757         27 0.0000e+00
    104.000    102.967    -0.3469  28.216071    -0.3484  28.213468     6.5620     6.4576     0.1735    98.8058 1.2723e-01  -63.47124  -61.78568 326.828421      99.98 1.8408e+03   2212.565      53103  1028.0030  1028.0018    34.2353    34.2335    8.12670         33 0.0000e+00
    103.000    101.976    -0.3537  28.207900    -0.3536  28.207100     6.5820     6.4644     0.1676    98.8219 1.3378e-01  -63.47124  -61.78569 326.828453      99.98 1.8369e+03   2215.375      53170  1027.9964  1027.9956    34.2326    34.2314    8.12831         40 0.0000e+00
    102.000    100.985    -0.3571  28.203718    -0.3529  28.207059     6.5905     6.4685     0.1913    98.8014 1.4306e-01  -63.47124  -61.78570 326.828495      99.98 1.8361e+03   2218.983      53257  1027.9908  1027.9904    34.2315    34.2311    8.12910         27 0.0000e+00
    101.000     99.998    -0.3603  28.199241    -0.3600  28.198273     6.5919     6.4803     0.1670    98.8121 1.5098e-01  -63.47124  -61.78572 326.828652      99.98 1.8334e+03   2232.561      53582  1027.9845  1027.9833    34.2296    34.2281    8.12988         32 0.0000e+00
    100.000     99.005    -0.3626  28.194240    -0.3629  28.192728     6.6001     6.4921     0.1552    98.7679 1.6837e-01  -63.47123  -61.78584 326.829113      99.98 1.8327e+03   2272.388      54538  1027.9769  1027.9755    34.2262    34.2245    8.13058         33 0.0000e+00
     99.000     98.016    -0.3637  28.191568    -0.3640  28.189985     6.6157     6.4977     0.1797    98.7746 1.8385e-01  -63.47122  -61.78586 326.829226      99.98 1.8351e+03   2282.106      54772  1027.9708  1027.9694    34.2244    34.2227    8.13091         38 0.0000e+00
     98.000     97.026    -0.3661  28.187664    -0.3652  28.187777     6.6184     6.5031     0.1837    98.7454 1.9733e-01  -63.47122  -61.78586 326.829264      99.98 1.8328e+03   2285.441      54852  1027.9647  1027.9639    34.2226    34.2217    8.13154         43 0.0000e+00
     97.000     96.038    -0.3658  28.187428    -0.3657  28.186474     6.6050     6.5081     0.1752    98.7492 2.0835e-01  -63.47122  -61.78586 326.829284      99.98 1.8332e+03   2287.142      54892  1027.9598  1027.9587    34.2225    34.2211    8.13148         32 0.0000e+00
     96.000     95.047    -0.3663  28.186451    -0.3667  28.184773     6.6334     6.5059     0.1612    98.7335 2.2064e-01  -63.47122  -61.78586 326.829300      99.98 1.8300e+03   2288.485      54925  1027.9550  1027.9536    34.2224    34.2206    8.13159         36 0.0000e+00
     95.000     94.056    -0.3666  28.185545    -0.3658  28.185557     6.6348     6.5095     0.1947    98.7574 2.3207e-01  -63.47122  -61.78586 326.829321      99.98 1.8292e+03   2290.314      54969  1027.9500  1027.9492    34.2221    34.2212    8.13167         44 0.0000e+00
     94.000     93.068    -0.3681  28.181648    -0.3671  28.182515     6.6687     6.5389     0.2427    98.7411 2.4475e-01  -63.47122  -61.78586 326.829346      99.98 1.8362e+03   2292.522      55022  1027.9430  1027.9430    34.2192    34.2193    8.13215         46 0.0000e+00
     93.000     92.077    -0.3736  28.172287    -0.3711  28.175016     6.7305     6.5542     0.2350    98.6754 2.6685e-01  -63.47122  -61.78586 326.829370      99.98 1.8347e+03   2294.564      55071  1027.9339  1027.9345    34.2134    34.2143    8.13366         41 0.0000e+00
     92.000     91.088    -0.3852  28.156266    -0.3742  28.168858     6.8147     6.6226     0.2271    98.5696 2.9135e-01  -63.47122  -61.78586 326.829394      99.98 1.8310e+03   2296.602      55119  1027.9237  1027.9266    34.2056    34.2102    8.13658         41 0.0000e+00
     91.000     90.099    -0.4002  28.135092    -0.3964  28.138380     6.9264     6.7297     0.2457    98.4378 3.0462e-01  -63.47122  -61.78586 326.829418      99.98 1.8336e+03   2298.700      55170  1027.9111  1027.9111    34.1948    34.1949    8.14042         48 0.0000e+00
