NBP2113_155081_ctd/data/unbp2113_005.cnv
* Sea-Bird SBE 9 Data File:
* FileName = D:\Data\raw\NBP2113_005.hex
* Software Version Seasave V 7.26.7.121
* Temperature SN = 2438
* Conductivity SN = 2067
* Number of Bytes Per Scan = 40
* Number of Voltage Words = 5
* Number of Scans Averaged by the Deck Unit = 1
* NMEA Latitude = 64 04.86 S
* NMEA Longitude = 063 46.34 W
* NMEA UTC (Time) = Nov 23 2021  13:58:01
* NMEA baud rate = 9600
** Ship: RVIB N.B. Palmer
** Cruise: NBP2113 LTER
** Station: 692.080
** Operator: B. Urmston
# nquan = 25
# nvalues = 520                         
# units = specified
# name 0 = prDM: Pressure, Digiquartz [db]
# name 1 = depSM: Depth [salt water, m]
# name 2 = t090C: Temperature [ITS-90, deg C]
# name 3 = c0mS/cm: Conductivity [mS/cm]
# name 4 = t190C: Temperature, 2 [ITS-90, deg C]
# name 5 = c1mS/cm: Conductivity, 2 [mS/cm]
# name 6 = sbeox0ML/L: Oxygen, SBE 43 [ml/l]
# name 7 = sbeox1ML/L: Oxygen, SBE 43, 2 [ml/l]
# name 8 = flECO-AFL: Fluorescence, WET Labs ECO-AFL/FL [mg/m^3]
# name 9 = CStarTr0: Beam Transmission, WET Labs C-Star [%]
# name 10 = par: PAR/Irradiance, Biospherical/Licor
# name 11 = latitude: Latitude [deg]
# name 12 = longitude: Longitude [deg]
# name 13 = timeJ: Julian Days
# name 14 = altM: Altimeter [m]
# name 15 = spar: SPAR, Biospherical/Licor
# name 16 = timeS: Time, Elapsed [seconds]
# name 17 = scan: Scan Count
# name 18 = density00: Density [density, kg/m^3]
# name 19 = density11: Density, 2 [density, kg/m^3]
# name 20 = sal00: Salinity, Practical [PSU]
# name 21 = sal11: Salinity, Practical, 2 [PSU]
# name 22 = oxsolML/L: Oxygen Saturation, Garcia & Gordon [ml/l]
# name 23 = nbin: number of scans per bin
# name 24 = flag: flag
# span 0 =      1.000,    520.000       
# span 1 =      0.990,    514.291       
# span 2 =    -0.2806,     1.5249       
# span 3 =  28.027077,  30.366895       
# span 4 =    -0.2805,     1.5249       
# span 5 =  28.023703,  30.365745       
# span 6 =     4.1730,     9.4463       
# span 7 =     4.1632,     9.1059       
# span 8 =    -0.0226,     1.8547       
# span 9 =    86.9965,    98.9707       
# span 10 = 1.0000e-12, 6.4146e+02      
# span 11 =  -64.08194,  -64.08164      
# span 12 =  -63.77180,  -63.77140      
# span 13 = 327.600031, 327.612468      
# span 14 =       8.43,      99.99      
# span 15 = 3.3847e+02, 4.9541e+02      
# span 16 =   1561.694,   2636.194      
# span 17 =      37482,      63270      
# span 18 =  1027.2244,  1030.2183      
# span 19 =  1027.2204,  1030.2171      
# span 20 =    33.8825,    34.7106      
# span 21 =    33.8804,    34.7090      
# span 22 =    7.71809,    8.12270      
# span 23 =         15,         51      
# span 24 = 0.0000e+00, 0.0000e+00      
# interval = decibars: 1                
# start_time = Nov 23 2021 13:58:01 [NMEA time, header]
# bad_flag = -9.990e-29
*END*
[from data line 406]
    114.000    112.858     0.4478  29.051656     0.4446  29.046393     5.5456     5.4430     0.0510    98.1444 1.0000e-12  -64.08178  -63.77160 327.607489      99.98 4.4955e+02   2206.085      52947  1028.1746  1028.1722    34.4442    34.4409    7.94834         36 0.0000e+00
    113.000    111.869     0.4277  29.029880     0.4274  29.028361     5.6353     5.4909     0.0559    98.1416 1.0000e-12  -64.08178  -63.77160 327.607505      99.98 4.4953e+02   2207.421      52979  1028.1671  1028.1658    34.4387    34.4371    7.95277         29 0.0000e+00
    112.000    110.880     0.3937  28.993781     0.3889  28.987413     5.6528     5.5160     0.0511    98.1247 1.0000e-12  -64.08178  -63.77160 327.607518      99.98 4.4953e+02   2208.563      53007  1028.1582  1028.1562    34.4300    34.4270    7.96026         28 0.0000e+00
    111.000    109.890     0.3731  28.972891     0.3693  28.967154     5.6398     5.5422     0.0656    98.0695 7.4236e-05  -64.08178  -63.77160 327.607533      99.98 4.4953e+02   2209.846      53037  1028.1519  1028.1495    34.4262    34.4229    7.96473         33 0.0000e+00
    110.000    108.899     0.3756  28.976387     0.3606  28.957555     5.5892     5.5237     0.0905    98.0246 1.9725e-03  -64.08178  -63.77160 327.607550      99.98 4.4953e+02   2211.367      53074  1028.1485  1028.1434    34.4286    34.4207    7.96408         40 0.0000e+00
    109.000    107.912     0.3881  28.987465     0.3684  28.965424     5.6004     5.5151     0.0845    98.0411 5.2789e-03  -64.08178  -63.77160 327.607577      99.98 4.5304e+02   2213.647      53129  1028.1433  1028.1393    34.4298    34.4229    7.96143         29 0.0000e+00
    108.000    106.920     0.3808  28.979506     0.3805  28.977666     5.6377     5.5266     0.0643    98.0519 8.6008e-03  -64.08178  -63.77160 327.607614      99.98 4.5306e+02   2216.805      53204  1028.1375  1028.1356    34.4281    34.4260    7.96304         42 0.0000e+00
    107.000    105.931     0.3638  28.960772     0.3605  28.956080     5.6802     5.5668     0.0730    98.0323 1.1284e-02  -64.08178  -63.77160 327.607635      99.98 4.5306e+02   2218.659      53249  1028.1301  1028.1283    34.4231    34.4207    7.96682         39 0.0000e+00
    106.000    104.940     0.3446  28.940286     0.3390  28.933335     5.6848     5.5745     0.0729    98.0129 1.4436e-02  -64.08178  -63.77160 327.607652      99.98 4.5306e+02   2220.094      53283  1028.1230  1028.1209    34.4184    34.4154    7.97106         32 0.0000e+00
    105.000    103.951     0.3396  28.934779     0.3333  28.926959     5.6701     5.5800     0.0801    97.9951 1.7564e-02  -64.08178  -63.77159 327.607669      99.98 4.5479e+02   2221.587      53319  1028.1174  1028.1154    34.4172    34.4141    7.97214         40 0.0000e+00
    104.000    102.962     0.3454  28.940389     0.3470  28.940773     5.6734     5.5717     0.0754    97.9771 2.3108e-02  -64.08178  -63.77159 327.607728      99.98 4.5482e+02   2226.658      53441  1028.1131  1028.1118    34.4188    34.4175    7.97087         38 0.0000e+00
    103.000    101.972     0.3387  28.933080     0.3376  28.930728     5.6791     5.5778     0.0684    97.9608 2.6367e-02  -64.08178  -63.77159 327.607751      99.98 4.5533e+02   2228.666      53489  1028.1075  1028.1060    34.4173    34.4154    7.97234         40 0.0000e+00
    102.000    100.982     0.3360  28.929876     0.3365  28.929984     5.6713     5.5820     0.0815    97.9584 3.0891e-02  -64.08178  -63.77158 327.607783      99.97 4.5707e+02   2231.442      53556  1028.1024  1028.1019    34.4167    34.4162    7.97293         28 0.0000e+00
    101.000     99.990     0.3016  28.892827     0.3054  28.895926     5.7553     5.6498     0.0719    97.9369 3.8652e-02  -64.08180  -63.77158 327.608060      99.98 4.6605e+02   2255.358      54130  1028.0914  1028.0910    34.4071    34.4069    7.98059         41 0.0000e+00
    100.000     99.002     0.2869  28.877063     0.2883  28.877111     5.7878     5.6794     0.0890    97.9110 4.5554e-02  -64.08180  -63.77158 327.608150      99.98 4.6960e+02   2263.202      54318  1028.0848  1028.0835    34.4034    34.4019    7.98383         47 0.0000e+00
     99.000     98.013     0.2765  28.865658     0.2763  28.864298     5.7999     5.7005     0.0945    97.9110 5.0248e-02  -64.08180  -63.77158 327.608176      99.98 4.7070e+02   2265.411      54371  1028.0786  1028.0774    34.4007    34.3991    7.98615         42 0.0000e+00
     98.000     97.022     0.2684  28.856544     0.2660  28.852713     5.8566     5.7253     0.0822    97.9057 5.5396e-02  -64.08180  -63.77158 327.608195      99.98 4.7125e+02   2267.076      54411  1028.0726  1028.0709    34.3983    34.3960    7.98796         38 0.0000e+00
     97.000     96.033     0.2471  28.833291     0.2562  28.841595     5.9018     5.7713     0.0828    97.8680 6.1428e-02  -64.08180  -63.77158 327.608213      99.98 4.7246e+02   2268.570      54447  1028.0645  1028.0644    34.3921    34.3929    7.99272         34 0.0000e+00
     96.000     95.044     0.2293  28.813397     0.2202  28.802701     5.9176     5.7935     0.0820    97.8045 6.7926e-02  -64.08180  -63.77158 327.608229      99.98 4.7277e+02   2269.957      54480  1028.0566  1028.0542    34.3865    34.3826    7.99674         33 0.0000e+00
     95.000     94.053     0.2193  28.802191     0.2132  28.794379     5.9314     5.8063     0.0932    97.7655 7.4292e-02  -64.08180  -63.77158 327.608245      99.98 4.7420e+02   2271.354      54513  1028.0500  1028.0478    34.3835    34.3800    7.99898         35 0.0000e+00
     94.000     93.063     0.2093  28.790681     0.2061  28.786198     5.9672     5.8258     0.1279    97.7287 8.1012e-02  -64.08182  -63.77158 327.608262      99.98 4.7422e+02   2272.839      54549  1028.0431  1028.0415    34.3801    34.3778    8.00124         35 0.0000e+00
     93.000     92.074     0.1966  28.776574     0.1945  28.773202     6.0216     5.8551     0.1253    97.7118 8.8152e-02  -64.08182  -63.77158 327.608278      99.98 4.7422e+02   2274.233      54583  1028.0362  1028.0346    34.3764    34.3742    8.00411         32 0.0000e+00
     92.000     91.083     0.1706  28.748527     0.1766  28.753621     5.9786     5.8428     0.1089    97.7110 9.6767e-02  -64.08182  -63.77158 327.608294      99.98 4.7609e+02   2275.613      54616  1028.0275  1028.0269    34.3691    34.3690    8.00993         36 0.0000e+00
     91.000     90.095     0.1853  28.764613     0.1870  28.765377     5.9557     5.8582     0.1197    97.6843 1.0688e-01  -64.08182  -63.77156 327.608316      99.97 4.7782e+02   2277.538      54662  1028.0253  1028.0246    34.3745    34.3736    8.00657         31 0.0000e+00
     90.000     89.104     0.1770  28.753636     0.1718  28.746193     6.0778     5.9453     0.1138    97.6684 1.1522e-01  -64.08182  -63.77158 327.608340      99.98 4.7774e+02   2279.595      54711  1028.0174  1028.0146    34.3698    34.3659    8.00855         34 0.0000e+00
     89.000     88.114     0.1435  28.717590     0.1481  28.721350     6.2301     6.0182     0.1144    97.6522 1.2336e-01  -64.08182  -63.77158 327.608353      99.98 4.7907e+02   2280.735      54739  1028.0077  1028.0071    34.3604    34.3602    8.01606         24 0.0000e+00
     88.000     87.125     0.0849  28.656263     0.0762  28.646609     6.2264     6.0551     0.0993    97.6337 1.3253e-01  -64.08182  -63.77158 327.608364      99.98 4.7950e+02   2281.682      54761  1027.9957  1027.9939    34.3457    34.3426    8.02915         22 0.0000e+00
     87.000     86.135     0.0475  28.619453     0.0424  28.612288     6.1093     6.0500     0.1146    97.5315 1.4249e-01  -64.08182  -63.77158 327.608376      99.98 4.7950e+02   2282.705      54786  1027.9886  1027.9859    34.3395    34.3357    8.03733         28 0.0000e+00
     86.000     85.145     0.0991  28.672347     0.0367  28.610236     6.0948     6.0146     0.1398    97.4199 1.5361e-01  -64.08182  -63.77158 327.608392      99.98 4.8122e+02   2284.041      54818  1027.9893  1027.9845    34.3522    34.3400    8.02581         35 0.0000e+00
     85.000     84.155     0.1021  28.672650     0.0816  28.654045     6.1711     6.0428     0.1388    97.4148 1.6525e-01  -64.08182  -63.77156 327.608412      99.98 4.8127e+02   2285.790      54860  1027.9820  1027.9819    34.3498    34.3482    8.02530         45 0.0000e+00
     84.000     83.165     0.0373  28.608450     0.0411  28.608893     6.2745     6.1140     0.1516    97.3947 1.8019e-01  -64.08182  -63.77156 327.608433      99.97 4.8198e+02   2287.613      54904  1027.9727  1027.9691    34.3381    34.3344    8.03953         42 0.0000e+00
     83.000     82.175    -0.0041  28.565993    -0.0115  28.557713     6.2796     6.1254     0.1584    97.3663 1.9717e-01  -64.08182  -63.77156 327.608452      99.98 4.8303e+02   2289.291      54944  1027.9633  1027.9614    34.3290    34.3262    8.04875         37 0.0000e+00
     82.000     81.186    -0.0079  28.561891    -0.0042  28.564437     6.3140     6.1672     0.1466    97.3341 2.1166e-01  -64.08182  -63.77157 327.608470      99.97 4.8303e+02   2290.824      54981  1027.9577  1027.9566    34.3284    34.3277    8.04958         33 0.0000e+00
     81.000     80.195    -0.0245  28.544501    -0.0318  28.535704     6.3380     6.2047     0.1367    97.3308 2.2292e-01  -64.08182  -63.77158 327.608485      99.97 4.8303e+02   2292.101      55011  1027.9508  1027.9484    34.3246    34.3211    8.05329         29 0.0000e+00
     80.000     79.205    -0.0366  28.529264    -0.0394  28.523488     6.4019     6.2342     0.1251    97.3262 2.3339e-01  -64.08182  -63.77158 327.608498      99.98 4.8303e+02   2293.236      55039  1027.9418  1027.9381    34.3185    34.3140    8.05617         27 0.0000e+00
     79.000     78.216    -0.0428  28.519345    -0.0504  28.510321     6.3988     6.2621     0.1270    97.3331 2.4634e-01  -64.08182  -63.77158 327.608511      99.97 4.8421e+02   2294.381      55066  1027.9326  1027.9302    34.3129    34.3094    8.05779         28 0.0000e+00
     78.000     77.226    -0.0569  28.505478    -0.0750  28.485096     6.3271     6.2885     0.1616    97.3100 2.6414e-01  -64.08182  -63.77156 327.608527      99.98 4.8478e+02   2295.714      55098  1027.9270  1027.9227    34.3109    34.3041    8.06087         36 0.0000e+00
     77.000     76.236    -0.0339  28.529682    -0.0889  28.469852     6.4471     6.3289     0.1725    97.0836 2.8886e-01  -64.08182  -63.77156 327.608546      99.98 4.8479e+02   2297.357      55138  1027.9256  1027.9153    34.3179    34.3002    8.05565         42 0.0000e+00
     76.000     75.247    -0.0910  28.467434    -0.1013  28.453061     6.4901     6.3611     0.1840    97.1158 3.1693e-01  -64.08182  -63.77156 327.608566      99.98 4.8479e+02   2299.092      55179  1027.9104  1027.9047    34.2999    34.2924    8.06869         39 0.0000e+00
     75.000     74.256    -0.0922  28.462645    -0.1103  28.442357     6.5551     6.4052     0.1817    97.1212 3.3914e-01  -64.08182  -63.77156 327.608587      99.98 4.8512e+02   2300.936      55223  1027.9017  1027.8973    34.2955    34.2889    8.06919         43 0.0000e+00
     74.000     73.267    -0.1124  28.438198    -0.1186  28.428192     6.6225     6.4524     0.1861    97.0598 3.5262e-01  -64.08182  -63.77156 327.608607      99.98 4.8657e+02   2302.656      55265  1027.8906  1027.8857    34.2862    34.2800    8.07397         33 0.0000e+00
     73.000     72.276    -0.1235  28.421839    -0.1243  28.419016     6.6808     6.4929     0.1811    97.0601 3.6697e-01  -64.08182  -63.77156 327.608625      99.98 4.8720e+02   2304.201      55302  1027.8794  1027.8767    34.2776    34.2748    8.07682         38 0.0000e+00
     72.000     71.287    -0.1301  28.409798    -0.1320  28.405159     6.6472     6.5065     0.2095    97.0273 3.8907e-01  -64.08182  -63.77156 327.608644      99.98 4.8830e+02   2305.852      55341  1027.8683  1027.8649    34.2697    34.2656    8.07867         41 0.0000e+00
     71.000     70.297    -0.1209  28.424143    -0.1236  28.415994     6.4840     6.4277     0.2386    96.9870 4.2588e-01  -64.08182  -63.77155 327.608666      99.98 4.8832e+02   2307.772      55388  1027.8699  1027.8636    34.2790    34.2712    8.07619         46 0.0000e+00
     70.000     69.307    -0.0991  28.448520    -0.1102  28.428531     6.5820     6.5552     0.2614    96.9987 4.6849e-01  -64.08184  -63.77155 327.608696      99.98 4.8832e+02   2310.338      55449  1027.8702  1027.8594    34.2876    34.2734    8.07111         51 0.0000e+00
     69.000     68.317    -0.1142  28.423745    -0.1349  28.393240     6.7386     6.6116     0.2474    96.9563 4.8945e-01  -64.08184  -63.77156 327.608719      99.98 4.8832e+02   2312.361      55498  1027.8542  1027.8414    34.2722    34.2547    8.07517         40 0.0000e+00
     68.000     67.326    -0.1345  28.394667    -0.1392  28.384600     6.7618     6.6177     0.2343    96.9485 5.0893e-01  -64.08184  -63.77156 327.608740      99.98 4.8832e+02   2314.175      55541  1027.8384  1027.8319    34.2569    34.2487    8.08033         39 0.0000e+00
     67.000     66.337    -0.1352  28.391184    -0.1403  28.381241     6.7662     6.6316     0.2978    96.8562 5.4032e-01  -64.08184  -63.77154 327.608768      99.98 4.8992e+02   2316.546      55598  1027.8308  1027.8250    34.2536    34.2461    8.08065         41 0.0000e+00
     66.000     65.347    -0.1063  28.431309    -0.1067  28.428316     6.5702     6.4904     0.2842    96.8652 5.8897e-01  -64.08184  -63.77154 327.608824      99.97 4.9008e+02   2321.409      55715  1027.8410  1027.8381    34.2751    34.2716    8.07333         33 0.0000e+00
     65.000     64.356    -0.1387  28.384902    -0.1381  28.384021     6.7721     6.6648     0.2503    96.8646 6.3727e-01  -64.08186  -63.77152 327.609121      99.98 4.8894e+02   2347.037      56330  1027.8182  1027.8168    34.2504    34.2486    8.08158         37 0.0000e+00
     64.000     63.368    -0.1416  28.380112    -0.1419  28.378303     6.9365     6.7605     0.2283    96.9001 6.6468e-01  -64.08186  -63.77152 327.609177      99.98 4.8794e+02   2351.887      56446  1027.8115  1027.8099    34.2479    34.2458    8.08233         29 0.0000e+00
     63.000     62.377    -0.1730  28.337402    -0.1727  28.337162     6.9577     6.7746     0.2113    96.9029 6.9260e-01  -64.08186  -63.77152 327.609190      99.98 4.8686e+02   2352.998      56473  1027.7923  1027.7917    34.2268    34.2262    8.09017         28 0.0000e+00
     62.000     61.388    -0.1856  28.320972    -0.1844  28.319377     6.8685     6.7180     0.2761    96.6603 7.3940e-01  -64.08186  -63.77150 327.609207      99.98 4.8657e+02   2354.495      56509  1027.7826  1027.7796    34.2197    34.2162    8.09325         39 0.0000e+00
     61.000     60.397    -0.1508  28.366135    -0.1429  28.376021     7.0011     6.8154     0.2640    96.6252 8.1971e-01  -64.08186  -63.77150 327.609258      99.98 4.8313e+02   2358.932      56615  1027.7924  1027.7953    34.2415    34.2457    8.08465         37 0.0000e+00
     60.000     59.408    -0.1711  28.336110    -0.1717  28.332799     7.2576     6.9843     0.2516    96.6636 8.5966e-01  -64.08186  -63.77150 327.609274      99.98 4.8303e+02   2360.288      56648  1027.7758  1027.7730    34.2248    34.2211    8.08989         25 0.0000e+00
     59.000     58.417    -0.2126  28.271476    -0.2135  28.269159     7.3049     7.0095     0.2874    96.3894 9.0420e-01  -64.08186  -63.77150 327.609285      99.97 4.8148e+02   2361.263      56671  1027.7428  1027.7412    34.1858    34.1838    8.10091         23 0.0000e+00
     58.000     57.427    -0.2277  28.246848    -0.2283  28.244645     7.2747     7.0127     0.3454    96.1288 9.5614e-01  -64.08186  -63.77150 327.609297      99.97 4.8128e+02   2362.279      56696  1027.7265  1027.7249    34.1705    34.1683    8.10499         28 0.0000e+00
