NBP2113_155081_ctd/data/unbp2113_004.cnv
* Sea-Bird SBE 9 Data File:
* FileName = D:\Data\raw\NBP2113_004.hex
* Software Version Seasave V 7.26.7.121
* Temperature SN = 2438
* Conductivity SN = 2067
* Number of Bytes Per Scan = 40
* Number of Voltage Words = 5
* Number of Scans Averaged by the Deck Unit = 1
* NMEA Latitude = 63 46.12 S
* NMEA Longitude = 062 51.59 W
* NMEA UTC (Time) = Nov 23 2021  06:30:17
* NMEA baud rate = 9600
** Ship: RVIB N.B. Palmer
** Cruise: NBP2113 LTER
** Station: 747.068
** Operator: B. Urmston
# nquan = 25
# nvalues = 369                         
# units = specified
# name 0 = prDM: Pressure, Digiquartz [db]
# name 1 = depSM: Depth [salt water, m]
# name 2 = t090C: Temperature [ITS-90, deg C]
# name 3 = c0mS/cm: Conductivity [mS/cm]
# name 4 = t190C: Temperature, 2 [ITS-90, deg C]
# name 5 = c1mS/cm: Conductivity, 2 [mS/cm]
# name 6 = sbeox0ML/L: Oxygen, SBE 43 [ml/l]
# name 7 = sbeox1ML/L: Oxygen, SBE 43, 2 [ml/l]
# name 8 = flECO-AFL: Fluorescence, WET Labs ECO-AFL/FL [mg/m^3]
# name 9 = CStarTr0: Beam Transmission, WET Labs C-Star [%]
# name 10 = par: PAR/Irradiance, Biospherical/Licor
# name 11 = latitude: Latitude [deg]
# name 12 = longitude: Longitude [deg]
# name 13 = timeJ: Julian Days
# name 14 = altM: Altimeter [m]
# name 15 = spar: SPAR, Biospherical/Licor
# name 16 = timeS: Time, Elapsed [seconds]
# name 17 = scan: Scan Count
# name 18 = density00: Density [density, kg/m^3]
# name 19 = density11: Density, 2 [density, kg/m^3]
# name 20 = sal00: Salinity, Practical [PSU]
# name 21 = sal11: Salinity, Practical, 2 [PSU]
# name 22 = oxsolML/L: Oxygen Saturation, Garcia & Gordon [ml/l]
# name 23 = nbin: number of scans per bin
# name 24 = flag: flag
# span 0 =      1.000,    369.000       
# span 1 =      0.991,    365.088       
# span 2 =    -0.7613,     1.5849       
# span 3 =  27.716418,  30.328243       
# span 4 =    -0.7611,     1.5850       
# span 5 =  27.716325,  30.326982       
# span 6 =     4.1580,    10.2392       
# span 7 =     4.1428,    10.0637       
# span 8 =    -0.0223,     1.4867       
# span 9 =    91.4292,    99.4814       
# span 10 = 1.0000e-12, 4.7478e+01      
# span 11 =  -63.76812,  -63.76768      
# span 12 =  -62.86104,  -62.86028      
# span 13 = 327.285672, 327.296999      
# span 14 =       6.17,     100.73      
# span 15 = 1.7629e+01, 3.4837e+01      
# span 16 =   1265.064,   2243.714      
# span 17 =      30363,      53850      
# span 18 =  1027.2892,  1029.4946      
# span 19 =  1027.2860,  1029.4933      
# span 20 =    33.9501,    34.6944      
# span 21 =    33.9463,    34.6929      
# span 22 =    7.70747,    8.22650      
# span 23 =         14,         50      
# span 24 = 0.0000e+00, 0.0000e+00      
# interval = decibars: 1                
# start_time = Nov 23 2021 06:30:17 [NMEA time, header]
# bad_flag = -9.990e-29
*END*
[from data line 174]
    195.000    193.015     0.9724  29.626891     0.9738  29.627931     4.8267     4.7620    -0.0099    99.1541 1.0000e-12  -63.76796  -62.86054 327.290138      99.98 1.9392e+01   1650.899      39623  1028.6173  1028.6170    34.5596    34.5593    7.83538         30 0.0000e+00
    194.000    192.024     0.9742  29.629228     0.9745  29.628332     4.8366     4.7690    -0.0128    99.2305 1.0000e-12  -63.76796  -62.86054 327.290165      99.98 1.9392e+01   1653.217      39678  1028.6131  1028.6120    34.5612    34.5597    7.83494         37 0.0000e+00
    193.000    191.036     0.9611  29.615605     0.9675  29.620526     4.8681     4.7930    -0.0090    99.2330 1.0000e-12  -63.76796  -62.86054 327.290184      99.98 1.9392e+01   1654.883      39718  1028.6075  1028.6063    34.5588    34.5580    7.83771         26 0.0000e+00
    192.000    190.047     0.9475  29.601313     0.9510  29.603720     4.8759     4.7994    -0.0020    99.2338 1.0000e-12  -63.76796  -62.86054 327.290195      99.98 1.9392e+01   1655.878      39742  1028.6017  1028.6007    34.5560    34.5552    7.84059         24 0.0000e+00
    191.000    189.056     0.9309  29.584552     0.9359  29.588865     4.8563     4.7942    -0.0063    99.2226 1.0000e-12  -63.76794  -62.86054 327.290210      99.98 1.9392e+01   1657.180      39773  1028.5962  1028.5957    34.5534    34.5534    7.84407         32 0.0000e+00
    190.000    188.067     0.9464  29.599615     0.9491  29.601451     4.8992     4.8317    -0.0071    99.2223 1.0000e-12  -63.76794  -62.86054 327.290252      99.98 1.9392e+01   1660.788      39860  1028.5916  1028.5910    34.5561    34.5556    7.84079         34 0.0000e+00
    189.000    187.080     0.9199  29.572655     0.9272  29.578658     4.9478     4.8622    -0.0002    99.2200 1.0000e-12  -63.76794  -62.86054 327.290262      99.99 1.9392e+01   1661.620      39880  1028.5856  1028.5846    34.5514    34.5510    7.84639         17 0.0000e+00
    188.000    186.089     0.9113  29.563590     0.9102  29.561715     4.9687     4.8785    -0.0102    99.2251 1.0000e-12  -63.76794  -62.86056 327.290269      99.98 1.9392e+01   1662.257      39895  1028.5802  1028.5794    34.5498    34.5486    7.84820         14 0.0000e+00
    187.000    185.100     0.8843  29.534621     0.8871  29.536796     4.9725     4.8826    -0.0150    99.2231 1.0000e-12  -63.76794  -62.86056 327.290275      99.98 1.9392e+01   1662.811      39908  1028.5726  1028.5722    34.5430    34.5427    7.85402         14 0.0000e+00
    186.000    184.110     0.8652  29.514650     0.8687  29.516938     4.9762     4.8777    -0.0099    99.2231 1.0000e-12  -63.76794  -62.86056 327.290282      99.98 1.9392e+01   1663.379      39922  1028.5662  1028.5653    34.5389    34.5380    7.85808         14 0.0000e+00
    185.000    183.120     0.8539  29.502891     0.8567  29.504083     4.9558     4.8695    -0.0082    99.2231 1.0000e-12  -63.76794  -62.86056 327.290290      99.98 1.9392e+01   1664.050      39938  1028.5608  1028.5593    34.5369    34.5353    7.86049         19 0.0000e+00
    184.000    182.132     0.8792  29.528655     0.8716  29.519775     4.9168     4.8669    -0.0071    99.2209 1.0000e-12  -63.76794  -62.86053 327.290323      99.98 1.9537e+01   1666.906      40007  1028.5577  1028.5559    34.5427    34.5396    7.85507         36 0.0000e+00
    183.000    181.141     0.8888  29.538538     0.8814  29.529450     4.9389     4.8757    -0.0084    99.2115 1.0000e-12  -63.76794  -62.86054 327.290360      99.98 2.0868e+01   1670.120      40084  1028.5538  1028.5515    34.5454    34.5418    7.85297         31 0.0000e+00
    182.000    180.153     0.8852  29.534130     0.8793  29.526946     4.9653     4.8984    -0.0014    99.2062 1.0000e-12  -63.76794  -62.86054 327.290374      99.99 2.1158e+01   1671.326      40113  1028.5484  1028.5467    34.5442    34.5415    7.85376         26 0.0000e+00
    181.000    179.163     0.8570  29.503261     0.8583  29.503703     5.0186     4.9230    -0.0007    99.1983 1.0000e-12  -63.76794  -62.86056 327.290386      99.98 2.1155e+01   1672.356      40138  1028.5399  1028.5389    34.5363    34.5354    7.85989         23 0.0000e+00
    180.000    178.173     0.8449  29.489976     0.8481  29.492394     5.0531     4.9425    -0.0055    99.2237 1.0000e-12  -63.76794  -62.86056 327.290396      99.98 2.1155e+01   1673.229      40158  1028.5336  1028.5328    34.5331    34.5326    7.86250         19 0.0000e+00
    179.000    177.184     0.8237  29.467621     0.8237  29.466172     5.0342     4.9414    -0.0081    99.2231 1.0000e-12  -63.76794  -62.86056 327.290405      99.98 2.1155e+01   1674.001      40177  1028.5270  1028.5254    34.5283    34.5265    7.86705         19 0.0000e+00
    178.000    176.195     0.8070  29.450189     0.8090  29.450991     5.0380     4.9418    -0.0085    99.1990 1.0000e-12  -63.76794  -62.86056 327.290414      99.98 2.1155e+01   1674.761      40195  1028.5209  1028.5196    34.5249    34.5237    7.87061         18 0.0000e+00
    177.000    175.204     0.7955  29.438404     0.8000  29.442671     5.0295     4.9478    -0.0016    99.2052 1.0000e-12  -63.76794  -62.86056 327.290424      99.98 2.1155e+01   1675.635      40216  1028.5155  1028.5154    34.5230    34.5236    7.87305         23 0.0000e+00
    176.000    174.215     0.8157  29.459483     0.8264  29.468292     5.0111     4.9431    -0.0043    99.2011 1.0000e-12  -63.76793  -62.86055 327.290452      99.98 2.1155e+01   1678.062      40274  1028.5127  1028.5112    34.5285    34.5280    7.86866         35 0.0000e+00
    175.000    173.228     0.8202  29.462430     0.8205  29.462018     5.0360     4.9641    -0.0083    99.2013 1.0000e-12  -63.76792  -62.86056 327.290486      99.98 2.1155e+01   1680.972      40344  1028.5067  1028.5061    34.5278    34.5270    7.86778         32 0.0000e+00
    174.000    172.237     0.8042  29.446027     0.8068  29.447441     5.0708     4.9848    -0.0036    99.1943 1.0000e-12  -63.76792  -62.86056 327.290498      99.98 2.1155e+01   1682.032      40370  1028.5011  1028.5000    34.5250    34.5239    7.87117         25 0.0000e+00
    173.000    171.248     0.7863  29.427365     0.7860  29.425927     5.0679     4.9939    -0.0011    99.1899 1.0000e-12  -63.76792  -62.86056 327.290510      99.99 2.1155e+01   1683.043      40394  1028.4949  1028.4938    34.5213    34.5197    7.87500         24 0.0000e+00
    172.000    170.258     0.7722  29.413079     0.7736  29.413210     5.0812     5.0051    -0.0007    99.1776 1.0000e-12  -63.76792  -62.86058 327.290522      99.98 2.1155e+01   1684.143      40420  1028.4895  1028.4884    34.5190    34.5177    7.87797         26 0.0000e+00
    171.000    169.268     0.7657  29.405967     0.7678  29.406902     5.0800     5.0050    -0.0077    99.1930 1.0000e-12  -63.76792  -62.86058 327.290536      99.98 2.1155e+01   1685.349      40449  1028.4841  1028.4831    34.5176    34.5166    7.87937         30 0.0000e+00
    170.000    168.280     0.7620  29.402214     0.7651  29.404220     5.0680     5.0031     0.0026    99.1936 1.0000e-12  -63.76792  -62.86057 327.290552      99.98 2.1155e+01   1686.686      40481  1028.4793  1028.4784    34.5175    34.5166    7.88013         35 0.0000e+00
    169.000    167.289     0.7713  29.410927     0.7734  29.413604     5.0571     4.9980     0.0060    99.1923 1.0000e-12  -63.76792  -62.86058 327.290571      99.98 2.1155e+01   1688.335      40521  1028.4747  1028.4754    34.5190    34.5201    7.87816         41 0.0000e+00
    168.000    166.300     0.7689  29.407747     0.7727  29.410964     5.0636     5.0109     0.0086    99.2017 1.0000e-12  -63.76792  -62.86058 327.290591      99.98 2.1155e+01   1690.067      40563  1028.4693  1028.4690    34.5181    34.5181    7.87869         36 0.0000e+00
    167.000    165.311     0.7590  29.394785     0.7579  29.391103     5.0633     4.9997     0.0105    99.2224 1.0000e-12  -63.76792  -62.86058 327.290607      99.98 2.1155e+01   1691.440      40596  1028.4613  1028.4586    34.5130    34.5094    7.88099         27 0.0000e+00
    166.000    164.321     0.7456  29.375725     0.7415  29.366702     5.0281     4.9882     0.0021    99.2334 1.0000e-12  -63.76792  -62.86060 327.290621      99.98 2.1155e+01   1692.643      40624  1028.4503  1028.4449    34.5037    34.4966    7.88422         30 0.0000e+00
    165.000    163.332     0.7479  29.371466     0.7479  29.370126     5.0288     4.9853     0.0104    99.2634 1.0000e-12  -63.76792  -62.86060 327.290636      99.98 2.1155e+01   1693.948      40656  1028.4391  1028.4377    34.4963    34.4945    7.88416         33 0.0000e+00
    164.000    162.342     0.7530  29.374688     0.7526  29.373625     5.0104     4.9734     0.0137    99.2711 1.0000e-12  -63.76792  -62.86060 327.290653      99.98 2.1155e+01   1695.417      40691  1028.4330  1028.4323    34.4953    34.4944    7.88317         38 0.0000e+00
    163.000    161.352     0.7571  29.376726     0.7557  29.375202     5.0218     4.9755     0.0061    99.2992 1.0000e-12  -63.76792  -62.86060 327.290672      99.98 2.1155e+01   1697.035      40730  1028.4268  1028.4265    34.4940    34.4936    7.88241         40 0.0000e+00
    162.000    160.363     0.7571  29.377632     0.7569  29.376567     5.0305     4.9800     0.0076    99.3265 1.0000e-12  -63.76791  -62.86062 327.290692      99.98 2.1155e+01   1698.768      40771  1028.4234  1028.4224    34.4958    34.4946    7.88232         42 0.0000e+00
    161.000    159.374     0.7565  29.376602     0.7558  29.376128     5.0187     4.9755     0.0109    99.3261 1.0000e-12  -63.76790  -62.86062 327.290720      99.98 2.1155e+01   1701.236      40831  1028.4186  1028.4187    34.4957    34.4958    7.88245         37 0.0000e+00
    160.000    158.384     0.7580  29.376794     0.7557  29.376077     4.9992     4.9594     0.0204    99.2915 1.0000e-12  -63.76790  -62.86064 327.290743      99.98 2.1155e+01   1703.208      40878  1028.4130  1028.4145    34.4949    34.4965    7.88218         30 0.0000e+00
    159.000    157.395     0.7599  29.376889     0.7613  29.376336     5.0002     4.9596    -0.0095    99.3257 1.0000e-12  -63.76790  -62.86064 327.290755      99.98 2.1155e+01   1704.259      40903  1028.4070  1028.4050    34.4935    34.4912    7.88188         24 0.0000e+00
    158.000    156.406     0.7622  29.377567     0.7628  29.376744     5.0023     4.9563     0.0036    99.3222 1.0000e-12  -63.76790  -62.86064 327.290768      99.98 2.1155e+01   1705.346      40929  1028.4012  1028.3997    34.4924    34.4906    7.88147         31 0.0000e+00
    157.000    155.414     0.7613  29.376618     0.7614  29.375806     5.0110     4.9563     0.0078    99.3321 1.0000e-12  -63.76790  -62.86064 327.290810      99.98 2.1202e+01   1709.023      41018  1028.3968  1028.3958    34.4928    34.4916    7.88163         36 0.0000e+00
    156.000    154.427     0.7619  29.374530     0.7615  29.373705     5.0111     4.9535     0.0118    99.3515 1.0000e-12  -63.76790  -62.86064 327.290851      99.98 2.2543e+01   1712.567      41103  1028.3897  1028.3893    34.4900    34.4893    7.88166         33 0.0000e+00
    155.000    153.438     0.7615  29.374178     0.7612  29.373265     5.0178     4.9602     0.0093    99.3518 1.0000e-12  -63.76789  -62.86066 327.290879      99.98 2.2931e+01   1714.934      41159  1028.3855  1028.3848    34.4906    34.4897    7.88171         35 0.0000e+00
    154.000    152.446     0.7491  29.358974     0.7465  29.354796     5.0266     4.9656     0.0124    99.3529 1.0000e-12  -63.76788  -62.86068 327.290893      99.98 2.2917e+01   1716.141      41188  1028.3777  1028.3759    34.4852    34.4826    7.88452         27 0.0000e+00
    153.000    151.458     0.7464  29.355652     0.7445  29.352468     5.0250     4.9587     0.0024    99.3731 1.0000e-12  -63.76788  -62.86068 327.290907      99.98 2.2917e+01   1717.349      41217  1028.3726  1028.3711    34.4845    34.4824    7.88511         33 0.0000e+00
    152.000    150.468     0.7444  29.353057     0.7435  29.350834     5.0315     4.9632     0.0041    99.3621 1.0000e-12  -63.76786  -62.86072 327.291175      99.99 2.2917e+01   1740.548      41774  1028.3673  1028.3658    34.4839    34.4820    7.88554         38 0.0000e+00
    151.000    149.477     0.7401  29.347565     0.7400  29.346160     5.0354     4.9750     0.0069    99.3565 1.0000e-12  -63.76782  -62.86080 327.291504      99.98 2.2917e+01   1768.958      42456  1028.3613  1028.3600    34.4821    34.4804    7.88651         27 0.0000e+00
    150.000    148.490     0.7402  29.347075     0.7380  29.343588     5.0326     4.9861     0.0069    99.3688 1.0000e-12  -63.76782  -62.86080 327.291513      99.98 2.2917e+01   1769.769      42475  1028.3565  1028.3551    34.4820    34.4800    7.88650         23 0.0000e+00
    149.000    147.499     0.7390  29.345504     0.7298  29.335346     5.0482     4.9891     0.0020    99.3731 1.0000e-12  -63.76782  -62.86080 327.291524      99.98 2.2917e+01   1770.716      42498  1028.3518  1028.3503    34.4819    34.4790    7.88675         23 0.0000e+00
    148.000    146.510     0.7318  29.337896     0.7264  29.331881     5.0529     4.9867     0.0037    99.3741 1.0000e-12  -63.76782  -62.86080 327.291537      99.98 2.2917e+01   1771.787      42524  1028.3467  1028.3457    34.4807    34.4789    7.88828         30 0.0000e+00
    147.000    145.521     0.6984  29.305132     0.7179  29.322333     5.1014     5.0140     0.0071    99.3522 1.0000e-12  -63.76781  -62.86080 327.291576      99.98 2.2917e+01   1775.130      42604  1028.3410  1028.3398    34.4758    34.4765    7.89534         33 0.0000e+00
    146.000    144.530     0.6953  29.302607     0.7024  29.308020     5.1341     5.0555    -0.0006    99.3618 1.0000e-12  -63.76780  -62.86080 327.291604      99.98 2.2917e+01   1777.591      42663  1028.3368  1028.3356    34.4766    34.4757    7.89592         24 0.0000e+00
    145.000    143.541     0.6942  29.298781     0.6939  29.297434     5.1378     5.0551     0.0034    99.3564 1.0000e-12  -63.76780  -62.86080 327.291613      99.98 2.2917e+01   1778.367      42682  1028.3297  1028.3287    34.4735    34.4720    7.89633         17 0.0000e+00
    144.000    142.551     0.6785  29.284116     0.6641  29.268380     5.1476     5.0539     0.0056    99.3519 1.0000e-12  -63.76780  -62.86082 327.291621      99.98 2.2917e+01   1779.075      42699  1028.3255  1028.3234    34.4724    34.4679    7.89957         17 0.0000e+00
    143.000    141.562     0.6642  29.269110     0.6571  29.260788     5.1487     5.0592    -0.0008    99.3372 1.0000e-12  -63.76780  -62.86082 327.291630      99.98 2.3147e+01   1779.862      42718  1028.3195  1028.3179    34.4694    34.4664    7.90264         22 0.0000e+00
    142.000    140.572     0.6718  29.276693     0.6721  29.275666     5.1380     5.0645     0.0114    99.3285 1.0000e-12  -63.76780  -62.86082 327.291644      99.98 2.3316e+01   1781.072      42747  1028.3155  1028.3142    34.4714    34.4697    7.90099         35 0.0000e+00
    141.000    139.583     0.6712  29.275526     0.6701  29.273184     5.1303     5.0563     0.0084    99.3478 1.0000e-12  -63.76780  -62.86082 327.291668      99.98 2.3882e+01   1783.084      42795  1028.3104  1028.3091    34.4712    34.4694    7.90113         47 0.0000e+00
    140.000    138.593     0.6743  29.278038     0.6717  29.274160     5.1332     5.0659     0.0174    99.3493 1.0000e-12  -63.76780  -62.86082 327.291688      99.98 2.4682e+01   1784.880      42838  1028.3056  1028.3041    34.4716    34.4694    7.90047         41 0.0000e+00
    139.000    137.603     0.6587  29.260941     0.6566  29.257853     5.1362     5.0716     0.0141    99.3390 1.0000e-12  -63.76780  -62.86082 327.291709      99.98 2.4680e+01   1786.635      42880  1028.2986  1028.2975    34.4673    34.4656    7.90388         42 0.0000e+00
