NBP2113_155081_ctd/data/unbp2113_047.cnv
* Sea-Bird SBE 9 Data File:
* FileName = D:\Data\raw\NBP2113_047.hex
* Software Version Seasave V 7.26.7.121
* Temperature SN = 2438
* Conductivity SN = 2067
* Number of Bytes Per Scan = 40
* Number of Voltage Words = 5
* Number of Scans Averaged by the Deck Unit = 1
* NMEA Latitude = 64 51.26 S
* NMEA Longitude = 063 55.07 W
* NMEA UTC (Time) = Dec 11 2021  06:38:06
* NMEA baud rate = 9600
** Ship: RVIB N.B. Palmer
** Cruise: NBP2113 LTER
** Station: 622.029
** Operator: B. Urmston
# nquan = 25
# nvalues = 398                         
# units = specified
# name 0 = prDM: Pressure, Digiquartz [db]
# name 1 = depSM: Depth [salt water, m]
# name 2 = t090C: Temperature [ITS-90, deg C]
# name 3 = c0mS/cm: Conductivity [mS/cm]
# name 4 = t190C: Temperature, 2 [ITS-90, deg C]
# name 5 = c1mS/cm: Conductivity, 2 [mS/cm]
# name 6 = sbeox0ML/L: Oxygen, SBE 43 [ml/l]
# name 7 = sbeox1ML/L: Oxygen, SBE 43, 2 [ml/l]
# name 8 = flECO-AFL: Fluorescence, WET Labs ECO-AFL/FL [mg/m^3]
# name 9 = CStarTr0: Beam Transmission, WET Labs C-Star [%]
# name 10 = par: PAR/Irradiance, Biospherical/Licor
# name 11 = latitude: Latitude [deg]
# name 12 = longitude: Longitude [deg]
# name 13 = timeJ: Julian Days
# name 14 = altM: Altimeter [m]
# name 15 = spar: SPAR, Biospherical/Licor
# name 16 = timeS: Time, Elapsed [seconds]
# name 17 = scan: Scan Count
# name 18 = density00: Density [density, kg/m^3]
# name 19 = density11: Density, 2 [density, kg/m^3]
# name 20 = sal00: Salinity, Practical [PSU]
# name 21 = sal11: Salinity, Practical, 2 [PSU]
# name 22 = oxsolML/L: Oxygen Saturation, Garcia & Gordon [ml/l]
# name 23 = nbin: number of scans per bin
# name 24 = flag: flag
# span 0 =      1.000,    398.000       
# span 1 =      0.990,    393.723       
# span 2 =    -0.3214,     1.2991       
# span 3 =  27.879018,  30.061578       
# span 4 =    -0.3228,     1.2988       
# span 5 =  27.875411,  30.060175       
# span 6 =     4.2954,     9.8897       
# span 7 =     4.3552,     9.8871       
# span 8 =    -0.0154,     1.7769       
# span 9 =    85.4527,    91.4664       
# span 10 = 1.0000e-12, 1.8963e+01      
# span 11 =  -64.85496,  -64.85442      
# span 12 =  -63.91856,  -63.91774      
# span 13 = 345.287393, 345.298250      
# span 14 =      -0.08,      99.97      
# span 15 = 7.0515e+00, 1.0577e+01      
# span 16 =    944.755,   1882.797      
# span 17 =      22675,      45188      
# span 18 =  1027.1750,  1029.6087      
# span 19 =  1027.1731,  1029.6075      
# span 20 =    33.8162,    34.6384      
# span 21 =    33.8130,    34.6370      
# span 22 =    7.76604,    8.14521      
# span 23 =         16,         46      
# span 24 = 0.0000e+00, 0.0000e+00      
# interval = decibars: 1                
# start_time = Dec 11 2021 06:38:06 [NMEA time, header]
# bad_flag = -9.990e-29
*END*
[from data line 174]
    224.000    221.686     0.8932  29.556517     0.8925  29.554667     4.7701     4.8348    -0.0004    91.3536 1.0000e-12  -64.85452  -63.91786 345.291919      99.97 7.0515e+00   1335.784      32060  1028.7419  1028.7407    34.5396    34.5379    7.85241         21 0.0000e+00
    223.000    220.698     0.8940  29.556786     0.8939  29.555617     4.7657     4.8344    -0.0004    91.3496 1.0000e-12  -64.85452  -63.91786 345.291929      99.97 7.0515e+00   1336.685      32081  1028.7371  1028.7360    34.5396    34.5382    7.85224         22 0.0000e+00
    222.000    219.707     0.8949  29.557355     0.8950  29.556459     4.7633     4.8343     0.0007    91.3588 1.0000e-12  -64.85452  -63.91786 345.291941      99.97 7.0515e+00   1337.690      32106  1028.7326  1028.7315    34.5399    34.5387    7.85205         27 0.0000e+00
    221.000    218.720     0.8951  29.557099     0.8948  29.555763     4.7693     4.8337     0.0036    91.3605 1.0000e-12  -64.85452  -63.91786 345.291958      99.97 7.0515e+00   1339.149      32141  1028.7279  1028.7268    34.5400    34.5386    7.85200         41 0.0000e+00
    220.000    217.730     0.8953  29.557065     0.8946  29.555265     4.7748     4.8374    -0.0008    91.3531 1.0000e-12  -64.85452  -63.91784 345.291985      99.97 7.0515e+00   1341.476      32196  1028.7234  1028.7222    34.5403    34.5388    7.85194         39 0.0000e+00
    219.000    216.741     0.8952  29.556469     0.8943  29.554484     4.7906     4.8546    -0.0035    91.3459 1.0000e-12  -64.85451  -63.91784 345.292008      99.97 7.0515e+00   1343.468      32244  1028.7186  1028.7174    34.5402    34.5386    7.85197         33 0.0000e+00
    218.000    215.752     0.8942  29.555055     0.8909  29.550826     4.8176     4.8844     0.0007    91.3525 1.0000e-12  -64.85450  -63.91784 345.292024      99.97 7.0515e+00   1344.898      32279  1028.7139  1028.7128    34.5401    34.5384    7.85218         30 0.0000e+00
    217.000    214.762     0.8832  29.542779     0.8680  29.525778     4.8455     4.8983     0.0071    91.3636 1.0000e-12  -64.85450  -63.91784 345.292037      99.97 7.0515e+00   1346.035      32306  1028.7078  1028.7051    34.5371    34.5319    7.85457         25 0.0000e+00
    216.000    213.773     0.8727  29.531671     0.8610  29.517552     4.8680     4.9050     0.0026    91.3054 1.0000e-12  -64.85450  -63.91784 345.292049      99.97 7.0515e+00   1347.015      32329  1028.7023  1028.6992    34.5349    34.5297    7.85680         22 0.0000e+00
    215.000    212.784     0.8606  29.517604     0.8519  29.507339     4.8830     4.9161     0.0023    91.3062 1.0000e-12  -64.85450  -63.91784 345.292059      99.97 7.0515e+00   1347.928      32351  1028.6954  1028.6932    34.5308    34.5271    7.85946         22 0.0000e+00
    214.000    211.795     0.8538  29.509761     0.8461  29.500628     4.8754     4.9214     0.0034    91.3056 1.0000e-12  -64.85450  -63.91784 345.292070      99.97 7.0515e+00   1348.852      32373  1028.6896  1028.6876    34.5288    34.5255    7.86094         23 0.0000e+00
    213.000    210.805     0.8417  29.496925     0.8315  29.484656     4.8634     4.9214    -0.0060    91.2773 1.0000e-12  -64.85450  -63.91784 345.292082      99.97 7.0515e+00   1349.861      32398  1028.6838  1028.6810    34.5261    34.5216    7.86352         26 0.0000e+00
    212.000    209.815     0.8399  29.492770     0.8295  29.481136     4.8765     4.9064     0.0020    91.2775 1.0000e-12  -64.85450  -63.91784 345.292097      99.97 7.0515e+00   1351.174      32429  1028.6769  1028.6750    34.5234    34.5199    7.86404         28 0.0000e+00
    211.000    208.828     0.8341  29.487039     0.8496  29.502506     4.8651     4.9102     0.0097    91.2888 1.0000e-12  -64.85450  -63.91782 345.292133      99.97 7.0515e+00   1354.289      32504  1028.6721  1028.6728    34.5230    34.5258    7.86523         34 0.0000e+00
    210.000    207.838     0.8340  29.486035     0.8433  29.495365     4.8585     4.9252     0.0046    91.2848 1.0000e-12  -64.85450  -63.91782 345.292159      99.97 7.0515e+00   1356.534      32558  1028.6667  1028.6673    34.5224    34.5242    7.86530         35 0.0000e+00
    209.000    206.848     0.8321  29.484611     0.8286  29.480121     4.8717     4.9336     0.0033    91.2810 1.0000e-12  -64.85450  -63.91782 345.292175      99.97 7.0515e+00   1357.894      32590  1028.6627  1028.6615    34.5233    34.5213    7.86563         30 0.0000e+00
    208.000    205.860     0.8078  29.458233     0.8044  29.453382     4.8631     4.9311    -0.0028    91.2919 1.0000e-12  -64.85450  -63.91784 345.292189      99.97 7.0515e+00   1359.135      32620  1028.6550  1028.6534    34.5168    34.5142    7.87091         28 0.0000e+00
    207.000    204.869     0.8086  29.457923     0.8023  29.450063     4.8654     4.9331    -0.0079    91.3085 1.0000e-12  -64.85450  -63.91782 345.292204      99.97 7.0515e+00   1360.397      32651  1028.6494  1028.6475    34.5160    34.5129    7.87078         31 0.0000e+00
    206.000    203.881     0.8087  29.458240     0.8106  29.457882     4.8733     4.9293     0.0056    91.3166 1.0000e-12  -64.85450  -63.91783 345.292222      99.97 7.0515e+00   1361.993      32689  1028.6453  1028.6430    34.5169    34.5143    7.87071         46 0.0000e+00
    205.000    202.892     0.7945  29.442220     0.7952  29.442132     4.8779     4.9333     0.0032    91.2963 1.0000e-12  -64.85448  -63.91782 345.292272      99.97 7.0515e+00   1366.305      32792  1028.6380  1028.6372    34.5126    34.5116    7.87383         31 0.0000e+00
    204.000    201.903     0.7905  29.437509     0.7908  29.436871     4.8660     4.9337     0.0047    91.3208 1.0000e-12  -64.85448  -63.91782 345.292312      99.96 7.0515e+00   1369.761      32875  1028.6325  1028.6315    34.5115    34.5103    7.87469         44 0.0000e+00
    203.000    200.914     0.7963  29.443208     0.7966  29.442521     4.8662     4.9308     0.0069    91.2822 1.0000e-12  -64.85448  -63.91782 345.292343      99.97 7.0515e+00   1372.422      32939  1028.6283  1028.6273    34.5130    34.5118    7.87344         31 0.0000e+00
    202.000    199.924     0.7894  29.435533     0.7910  29.435974     4.8737     4.9280     0.0102    91.3353 1.0000e-12  -64.85448  -63.91782 345.292360      99.97 7.0515e+00   1373.902      32975  1028.6228  1028.6217    34.5113    34.5101    7.87493         37 0.0000e+00
    201.000    198.935     0.7840  29.429169     0.7836  29.427703     4.8690     4.9242    -0.0053    91.3654 1.0000e-12  -64.85445  -63.91777 345.292738      99.97 7.0515e+00   1406.595      33759  1028.6168  1028.6157    34.5096    34.5082    7.87611         37 0.0000e+00
    200.000    197.946     0.7820  29.426594     0.7833  29.426918     4.8606     4.9217    -0.0067    91.3694 1.0000e-12  -64.85444  -63.91775 345.292828      99.97 7.0515e+00   1414.357      33946  1028.6118  1028.6108    34.5091    34.5080    7.87654         35 0.0000e+00
    199.000    196.955     0.7830  29.427339     0.7829  29.426106     4.8538     4.9266     0.0005    91.3694 1.0000e-12  -64.85444  -63.91776 345.292842      99.97 7.0515e+00   1415.585      33975  1028.6074  1028.6062    34.5096    34.5081    7.87632         23 0.0000e+00
    198.000    195.968     0.7798  29.423408     0.7798  29.422337     4.8548     4.9278     0.0070    91.3707 1.0000e-12  -64.85444  -63.91776 345.292852      99.97 7.0515e+00   1416.450      33996  1028.6022  1028.6011    34.5086    34.5072    7.87702         20 0.0000e+00
    197.000    194.980     0.7808  29.423776     0.7806  29.422664     4.8616     4.9233     0.0069    91.3749 1.0000e-12  -64.85444  -63.91778 345.292862      99.97 7.0515e+00   1417.264      34015  1028.5973  1028.5963    34.5086    34.5073    7.87681         19 0.0000e+00
    196.000    193.987     0.7816  29.424447     0.7811  29.422772     4.8643     4.9270     0.0034    91.3608 1.0000e-12  -64.85444  -63.91778 345.292871      99.97 7.0515e+00   1418.083      34035  1028.5929  1028.5917    34.5091    34.5075    7.87661         21 0.0000e+00
    195.000    192.999     0.7811  29.423439     0.7805  29.421783     4.8633     4.9284     0.0043    91.3763 1.0000e-12  -64.85444  -63.91778 345.292882      99.97 7.0515e+00   1419.023      34058  1028.5882  1028.5870    34.5090    34.5074    7.87673         25 0.0000e+00
    194.000    192.010     0.7804  29.422170     0.7798  29.420460     4.8637     4.9245     0.0114    91.3722 1.0000e-12  -64.85444  -63.91776 345.292896      99.97 7.0515e+00   1420.175      34085  1028.5832  1028.5820    34.5086    34.5071    7.87688         29 0.0000e+00
    193.000    191.022     0.7814  29.422751     0.7803  29.420478     4.8687     4.9204     0.0021    91.3695 1.0000e-12  -64.85444  -63.91775 345.292913      99.97 7.0515e+00   1421.663      34121  1028.5786  1028.5773    34.5089    34.5072    7.87667         35 0.0000e+00
    192.000    190.032     0.7809  29.421824     0.7805  29.420224     4.8661     4.9270     0.0069    91.3694 1.0000e-12  -64.85444  -63.91774 345.292934      99.97 7.0515e+00   1423.485      34165  1028.5739  1028.5726    34.5088    34.5072    7.87677         35 0.0000e+00
    191.000    189.043     0.7789  29.419277     0.7781  29.417202     4.8726     4.9327     0.0013    91.3754 1.0000e-12  -64.85444  -63.91774 345.292953      99.97 7.0515e+00   1425.117      34204  1028.5689  1028.5676    34.5083    34.5065    7.87720         31 0.0000e+00
    190.000    188.053     0.7763  29.415612     0.7761  29.414385     4.8751     4.9408    -0.0014    91.3523 1.0000e-12  -64.85444  -63.91774 345.292968      99.97 7.0515e+00   1426.434      34235  1028.5635  1028.5623    34.5071    34.5057    7.87781         29 0.0000e+00
    189.000    187.064     0.7739  29.412571     0.7715  29.409045     4.8820     4.9489    -0.0085    91.3698 1.0000e-12  -64.85444  -63.91776 345.292981      99.97 7.0515e+00   1427.527      34262  1028.5585  1028.5571    34.5065    34.5046    7.87833         23 0.0000e+00
    188.000    186.074     0.7687  29.406817     0.7667  29.403393     4.8924     4.9510     0.0144    91.3681 1.0000e-12  -64.85444  -63.91776 345.292991      99.97 7.0515e+00   1428.437      34283  1028.5532  1028.5517    34.5053    34.5031    7.87944         21 0.0000e+00
    187.000    185.086     0.7616  29.398449     0.7591  29.394738     4.8898     4.9515     0.0040    91.3667 1.0000e-12  -64.85444  -63.91776 345.293000      99.97 7.0515e+00   1429.236      34303  1028.5473  1028.5459    34.5030    34.5010    7.88101         19 0.0000e+00
    186.000    184.094     0.7581  29.393945     0.7573  29.391928     4.8848     4.9481    -0.0003    91.3637 1.0000e-12  -64.85444  -63.91776 345.293009      99.97 7.0515e+00   1430.011      34321  1028.5417  1028.5404    34.5016    34.4999    7.88180         18 0.0000e+00
    185.000    183.107     0.7582  29.393487     0.7585  29.392764     4.8822     4.9420    -0.0004    91.3556 1.0000e-12  -64.85444  -63.91776 345.293019      99.97 7.0515e+00   1430.832      34341  1028.5368  1028.5358    34.5015    34.5002    7.88177         22 0.0000e+00
    184.000    182.116     0.7652  29.400161     0.7609  29.394825     4.8923     4.9400    -0.0004    91.3641 1.0000e-12  -64.85444  -63.91775 345.293031      99.97 7.0515e+00   1431.875      34366  1028.5325  1028.5313    34.5029    34.5009    7.88027         28 0.0000e+00
    183.000    181.129     0.7602  29.394835     0.7597  29.393273     4.8906     4.9428    -0.0017    91.3502 1.0000e-12  -64.85444  -63.91774 345.293057      99.97 7.0515e+00   1434.081      34419  1028.5277  1028.5265    34.5023    34.5008    7.88134         32 0.0000e+00
    182.000    180.137     0.7593  29.393424     0.7594  29.392407     4.8938     4.9514     0.0053    91.3508 1.0000e-12  -64.85444  -63.91774 345.293081      99.97 7.0515e+00   1436.160      34469  1028.5228  1028.5216    34.5020    34.5005    7.88153         29 0.0000e+00
    181.000    179.149     0.7602  29.394219     0.7603  29.392993     4.8900     4.9518     0.0069    91.3324 1.0000e-12  -64.85444  -63.91774 345.293093      99.97 7.0515e+00   1437.215      34494  1028.5184  1028.5171    34.5026    34.5009    7.88131         23 0.0000e+00
    180.000    178.160     0.7548  29.387825     0.7538  29.386021     4.8884     4.9606    -0.0052    91.3447 1.0000e-12  -64.85444  -63.91774 345.293103      99.97 7.0515e+00   1438.085      34515  1028.5128  1028.5119    34.5009    34.4997    7.88250         20 0.0000e+00
    179.000    177.171     0.7522  29.384570     0.7482  29.379329     4.9011     4.9832    -0.0044    91.3514 1.0000e-12  -64.85444  -63.91775 345.293113      99.97 7.0515e+00   1438.936      34535  1028.5077  1028.5062    34.5001    34.4978    7.88306         20 0.0000e+00
    178.000    176.181     0.7478  29.379287     0.7456  29.375863     4.9244     5.0134     0.0015    91.3414 1.0000e-12  -64.85444  -63.91775 345.293123      99.97 7.0515e+00   1439.837      34557  1028.5023  1028.5008    34.4988    34.4968    7.88404         23 0.0000e+00
    177.000    175.192     0.7438  29.374440     0.7376  29.367636     4.9391     5.0261     0.0087    91.3230 1.0000e-12  -64.85443  -63.91775 345.293135      99.97 7.0515e+00   1440.857      34582  1028.4969  1028.4958    34.4975    34.4956    7.88492         27 0.0000e+00
    176.000    174.204     0.7389  29.368473     0.7159  29.342326     4.9774     5.0413     0.0116    91.3093 1.0000e-12  -64.85443  -63.91775 345.293149      99.97 7.0515e+00   1442.075      34611  1028.4912  1028.4865    34.4959    34.4874    7.88601         27 0.0000e+00
    175.000    173.213     0.7332  29.362994     0.7201  29.346482     5.0501     5.0638     0.0069    91.1285 1.0000e-12  -64.85444  -63.91774 345.293166      99.97 7.0515e+00   1443.503      34645  1028.4867  1028.4822    34.4957    34.4888    7.88718         35 0.0000e+00
    174.000    172.224     0.7044  29.329444     0.6995  29.323020     5.0694     5.0775     0.0069    91.2059 1.0000e-12  -64.85444  -63.91774 345.293181      99.97 7.0515e+00   1444.876      34678  1028.4757  1028.4736    34.4847    34.4818    7.89362         30 0.0000e+00
    173.000    171.234     0.7003  29.323924     0.7021  29.325178     5.0601     5.0905     0.0133    91.2843 1.0000e-12  -64.85444  -63.91774 345.293195      99.97 7.0515e+00   1446.068      34707  1028.4696  1028.4690    34.4827    34.4824    7.89456         28 0.0000e+00
    172.000    170.244     0.6953  29.318568     0.6952  29.316931     5.0527     5.1040    -0.0053    91.2604 1.0000e-12  -64.85444  -63.91774 345.293209      99.97 7.0515e+00   1447.239      34735  1028.4644  1028.4627    34.4819    34.4798    7.89563         29 0.0000e+00
    171.000    169.255     0.6942  29.316486     0.6903  29.311766     5.0621     5.1169     0.0167    91.2406 1.0000e-12  -64.85442  -63.91774 345.293224      99.97 7.0515e+00   1448.568      34767  1028.4590  1028.4578    34.4810    34.4792    7.89591         34 0.0000e+00
    170.000    168.266     0.6909  29.313527     0.6856  29.305660     5.0939     5.1485     0.0168    91.2271 1.0000e-12  -64.85442  -63.91774 345.293241      99.97 7.0515e+00   1450.041      34802  1028.4547  1028.4516    34.4814    34.4771    7.89655         32 0.0000e+00
    169.000    167.278     0.6846  29.305463     0.6798  29.299210     5.2147     5.2145     0.0142    91.2117 1.0000e-12  -64.85442  -63.91776 345.293256      99.97 7.0515e+00   1451.320      34833  1028.4481  1028.4461    34.4786    34.4757    7.89799         27 0.0000e+00
    168.000    166.288     0.6644  29.283026     0.6592  29.276184     5.3090     5.2836     0.0252    91.2385 1.0000e-12  -64.85442  -63.91776 345.293267      99.97 7.0515e+00   1452.304      34856  1028.4402  1028.4381    34.4724    34.4693    7.90244         21 0.0000e+00
