NBP2113_155081_ctd/data/unbp2113_020.cnv
* Sea-Bird SBE 9 Data File:
* FileName = D:\Data\raw\NBP2113_020.hex
* Software Version Seasave V 7.26.7.121
* Temperature SN = 2438
* Conductivity SN = 2067
* Number of Bytes Per Scan = 40
* Number of Voltage Words = 5
* Number of Scans Averaged by the Deck Unit = 1
* NMEA Latitude = 66 30.70 S
* NMEA Longitude = 069 51.30 W
* NMEA UTC (Time) = Nov 29 2021  16:09:08
* NMEA baud rate = 9600
** Ship: RVIB N.B. Palmer
** Cruise: NBP2113 LTER
** Station: 300.100
** Operator: S. Blackman
# nquan = 25
# nvalues = 475                         
# units = specified
# name 0 = prDM: Pressure, Digiquartz [db]
# name 1 = depSM: Depth [salt water, m]
# name 2 = t090C: Temperature [ITS-90, deg C]
# name 3 = c0mS/cm: Conductivity [mS/cm]
# name 4 = t190C: Temperature, 2 [ITS-90, deg C]
# name 5 = c1mS/cm: Conductivity, 2 [mS/cm]
# name 6 = sbeox0ML/L: Oxygen, SBE 43 [ml/l]
# name 7 = sbeox1ML/L: Oxygen, SBE 43, 2 [ml/l]
# name 8 = flECO-AFL: Fluorescence, WET Labs ECO-AFL/FL [mg/m^3]
# name 9 = CStarTr0: Beam Transmission, WET Labs C-Star [%]
# name 10 = par: PAR/Irradiance, Biospherical/Licor
# name 11 = latitude: Latitude [deg]
# name 12 = longitude: Longitude [deg]
# name 13 = timeJ: Julian Days
# name 14 = altM: Altimeter [m]
# name 15 = spar: SPAR, Biospherical/Licor
# name 16 = timeS: Time, Elapsed [seconds]
# name 17 = scan: Scan Count
# name 18 = density00: Density [density, kg/m^3]
# name 19 = density11: Density, 2 [density, kg/m^3]
# name 20 = sal00: Salinity, Practical [PSU]
# name 21 = sal11: Salinity, Practical, 2 [PSU]
# name 22 = oxsolML/L: Oxygen Saturation, Garcia & Gordon [ml/l]
# name 23 = nbin: number of scans per bin
# name 24 = flag: flag
# span 0 =      1.000,    475.000       
# span 1 =      0.990,    469.755       
# span 2 =    -1.0204,     1.4797       
# span 3 =  27.513037,  30.241230       
# span 4 =    -1.0223,     1.4792       
# span 5 =  27.510863,  30.240237       
# span 6 =     3.9224,     8.4328       
# span 7 =     3.9930,     8.2061       
# span 8 =    -0.0223,     1.6151       
# span 9 =    91.9205,    97.4978       
# span 10 = 1.0000e-12, 9.9330e+02      
# span 11 =  -66.51126,  -66.51094      
# span 12 =  -69.86315,  -69.86094      
# span 13 = 333.686081, 333.693074      
# span 14 =       1.10,     100.15      
# span 15 = 1.0360e+03, 1.1092e+03      
# span 16 =   1129.408,   1733.613      
# span 17 =      27107,      41608      
# span 18 =  1027.3458,  1030.0403      
# span 19 =  1027.3447,  1030.0397      
# span 20 =    34.0137,    34.7262      
# span 21 =    34.0123,    34.7253      
# span 22 =    7.72717,    8.28244      
# span 23 =         11,         45      
# span 24 = 0.0000e+00, 0.0000e+00      
# interval = decibars: 1                
# start_time = Nov 29 2021 16:09:08 [NMEA time, header]
# bad_flag = -9.990e-29
*END*
[from data line 464]
     11.000     10.891    -0.6820  27.728775    -0.6859  27.724477     8.1190     8.1982     0.7249    92.1704 2.1014e+02  -66.51094  -69.86305 333.692851      99.96 1.0796e+03   1714.336      41145  1027.3942  1027.3933    34.0144    34.0131    8.21161         42 0.0000e+00
     10.000      9.901    -0.6845  27.726056    -0.6861  27.723751     8.1348     8.1986     0.4908    92.2435 2.2179e+02  -66.51094  -69.86304 333.692881      99.97 1.0792e+03   1716.943      41208  1027.3896  1027.3886    34.0143    34.0129    8.21218         45 0.0000e+00
      9.000      8.911    -0.6774  27.732457    -0.6734  27.734883     8.1558     8.1962     0.5241    92.1489 2.5311e+02  -66.51094  -69.86305 333.692900      99.97 1.0774e+03   1718.534      41246  1027.3853  1027.3840    34.0154    34.0142    8.21055         30 0.0000e+00
      8.000      7.920    -0.6355  27.766481    -0.6317  27.768229     8.1736     8.1894     0.3396    92.2412 2.7804e+02  -66.51094  -69.86306 333.692914      62.52 1.0789e+03   1719.764      41275  1027.3773  1027.3756    34.0149    34.0130    8.20149         31 0.0000e+00
      7.000      6.930    -0.6293  27.770674    -0.6247  27.773459     8.2206     8.1942     0.2895    92.2275 3.3104e+02  -66.51094  -69.86308 333.692932     100.15 1.0789e+03   1721.327      41313  1027.3719  1027.3704    34.0143    34.0127    8.20020         40 0.0000e+00
      6.000      5.941    -0.6423  27.759472    -0.6404  27.760441     8.3426     8.1950     0.3340    92.2190 3.7827e+02  -66.51094  -69.86310 333.692955      43.63 1.0798e+03   1723.296      41360  1027.3685  1027.3676    34.0144    34.0135    8.20301         38 0.0000e+00
      5.000      4.950    -0.6498  27.752486    -0.6500  27.751218     8.4328     8.2032     0.3163    92.1399 3.8998e+02  -66.51094  -69.86310 333.692975       1.42 1.0806e+03   1725.002      41401  1027.3640  1027.3629    34.0140    34.0125    8.20466         42 0.0000e+00
      4.000      3.962    -0.6571  27.745758    -0.6573  27.744659     8.2472     8.1921     0.3042    92.0301 4.3413e+02  -66.51094  -69.86311 333.693003       1.10 1.0818e+03   1727.465      41460  1027.3595  1027.3586    34.0137    34.0124    8.20625         40 0.0000e+00
      3.000      2.971    -0.6645  27.739191    -0.6614  27.740718     8.0177     8.1953     0.2899    92.0997 5.1388e+02  -66.51094  -69.86312 333.693026       1.41 1.0824e+03   1729.449      41508  1027.3554  1027.3540    34.0138    34.0124    8.20786         32 0.0000e+00
      2.000      1.980    -0.6671  27.736676    -0.6675  27.735142     8.2025     8.1957     0.2767    91.9918 5.8146e+02  -66.51094  -69.86313 333.693040       1.15 1.0811e+03   1730.694      41538  1027.3509  1027.3496    34.0139    34.0123    8.20841         35 0.0000e+00
      1.000      0.990    -0.6669  27.736174    -0.6683  27.734011 -9.990e-29 -9.990e-29     0.2843    91.9649 9.9330e+02  -66.51094  -69.86315 333.693074       1.28 1.0806e+03   1733.613      41608  1027.3458  1027.3447    34.0137    34.0123    8.20839         35 0.0000e+00
