NBP2113_155081_ctd/data/unbp2113_045.cnv
* Sea-Bird SBE 9 Data File:
* FileName = D:\Data\raw\NBP2113_045.hex
* Software Version Seasave V 7.26.7.121
* Temperature SN = 2438
* Conductivity SN = 2067
* Number of Bytes Per Scan = 40
* Number of Voltage Words = 5
* Number of Scans Averaged by the Deck Unit = 1
* NMEA Latitude = 64 53.15 S
* NMEA Longitude = 063 45.53 W
* NMEA UTC (Time) = Dec 11 2021  03:56:53
* NMEA baud rate = 9600
** Ship: RVIB N.B. Palmer
** Cruise: NBP2113 LTER
** Station: 624.021
** Operator: B. Urmston
# nquan = 25
# nvalues = 616                         
# units = specified
# name 0 = prDM: Pressure, Digiquartz [db]
# name 1 = depSM: Depth [salt water, m]
# name 2 = t090C: Temperature [ITS-90, deg C]
# name 3 = c0mS/cm: Conductivity [mS/cm]
# name 4 = t190C: Temperature, 2 [ITS-90, deg C]
# name 5 = c1mS/cm: Conductivity, 2 [mS/cm]
# name 6 = sbeox0ML/L: Oxygen, SBE 43 [ml/l]
# name 7 = sbeox1ML/L: Oxygen, SBE 43, 2 [ml/l]
# name 8 = flECO-AFL: Fluorescence, WET Labs ECO-AFL/FL [mg/m^3]
# name 9 = CStarTr0: Beam Transmission, WET Labs C-Star [%]
# name 10 = par: PAR/Irradiance, Biospherical/Licor
# name 11 = latitude: Latitude [deg]
# name 12 = longitude: Longitude [deg]
# name 13 = timeJ: Julian Days
# name 14 = altM: Altimeter [m]
# name 15 = spar: SPAR, Biospherical/Licor
# name 16 = timeS: Time, Elapsed [seconds]
# name 17 = scan: Scan Count
# name 18 = density00: Density [density, kg/m^3]
# name 19 = density11: Density, 2 [density, kg/m^3]
# name 20 = sal00: Salinity, Practical [PSU]
# name 21 = sal11: Salinity, Practical, 2 [PSU]
# name 22 = oxsolML/L: Oxygen Saturation, Garcia & Gordon [ml/l]
# name 23 = nbin: number of scans per bin
# name 24 = flag: flag
# span 0 =      1.000,    616.000       
# span 1 =      0.991,    609.063       
# span 2 =    -0.3407,     1.2214       
# span 3 =  27.879721,  30.073823       
# span 4 =    -0.3418,     1.2211       
# span 5 =  27.877313,  30.072390       
# span 6 =     4.3668,     9.8020       
# span 7 =     4.4425,     9.8969       
# span 8 =    -0.0129,     2.3245       
# span 9 =    84.5699,    91.7734       
# span 10 = 1.0000e-12, 2.4859e+00      
# span 11 =  -64.88606,  -64.88554      
# span 12 =  -63.75908,  -63.75803      
# span 13 = 345.180245, 345.195261      
# span 14 =       1.16,     100.14      
# span 15 = 0.0000e+00, 0.0000e+00      
# span 16 =   1360.155,   2657.586      
# span 17 =      32645,      63783      
# span 18 =  1027.1118,  1030.6169      
# span 19 =  1027.1103,  1030.6157      
# span 20 =    33.7502,    34.6157      
# span 21 =    33.7469,    34.6141      
# span 22 =    7.78265,    8.14873      
# span 23 =         16,         52      
# span 24 = 0.0000e+00, 0.0000e+00      
# interval = decibars: 1                
# start_time = Dec 11 2021 03:56:53 [NMEA time, header]
# bad_flag = -9.990e-29
*END*
    616.000    609.063     1.2203  30.073439     1.2202  30.072245     4.3853     4.4456     0.0000    91.5003 1.0000e-12  -64.88606  -63.75908 345.180245       8.75 0.0000e+00   1360.155      32645  1030.6169  1030.6157    34.6153    34.6139    7.78289         28 0.0000e+00
    615.000    608.073     1.2205  30.073125     1.2208  30.072390     4.3718     4.4453     0.0036    91.5149 1.0000e-12  -64.88606  -63.75908 345.180299       9.49 0.0000e+00   1364.803      32756  1030.6122  1030.6111    34.6153    34.6140    7.78286         30 0.0000e+00
    614.000    607.086     1.2214  30.073823     1.2211  30.072297     4.3668     4.4466    -0.0111    91.4840 1.0000e-12  -64.88605  -63.75908 345.180311      10.32 0.0000e+00   1365.862      32782  1030.6078  1030.6065    34.6157    34.6140    7.78265         24 0.0000e+00
    613.000    606.099     1.2210  30.072940     1.2209  30.071676     4.3807     4.4438     0.0000    91.4391 1.0000e-12  -64.88604  -63.75908 345.180322      11.25 0.0000e+00   1366.860      32806  1030.6030  1030.6019    34.6155    34.6141    7.78273         25 0.0000e+00
    612.000    605.111     1.2208  30.072371     1.2206  30.070924     4.3908     4.4454    -0.0001    91.4626 1.0000e-12  -64.88604  -63.75908 345.180335      12.41 0.0000e+00   1367.957      32832  1030.5984  1030.5971    34.6156    34.6140    7.78277         29 0.0000e+00
    611.000    604.124     1.2210  30.071936     1.2208  30.070716     4.3930     4.4425    -0.0039    91.4653 1.0000e-12  -64.88604  -63.75908 345.180351      13.62 0.0000e+00   1369.370      32866  1030.5937  1030.5925    34.6155    34.6141    7.78275         36 0.0000e+00
    610.000    603.136     1.2209  30.071399     1.2209  30.070295     4.3829     4.4434    -0.0043    91.4521 1.0000e-12  -64.88606  -63.75908 345.180374      14.62 0.0000e+00   1371.336      32913  1030.5890  1030.5878    34.6155    34.6140    7.78277         43 0.0000e+00
    609.000    602.150     1.2210  30.071151     1.2208  30.069766     4.3801     4.4448    -0.0101    91.4930 1.0000e-12  -64.88605  -63.75908 345.180397      15.80 0.0000e+00   1373.317      32961  1030.5844  1030.5832    34.6156    34.6141    7.78275         39 0.0000e+00
    608.000    601.163     1.2208  30.070554     1.2207  30.069197     4.3828     4.4507    -0.0075    91.4787 1.0000e-12  -64.88604  -63.75908 345.180417      16.54 0.0000e+00   1375.000      33001  1030.5797  1030.5785    34.6155    34.6140    7.78277         36 0.0000e+00
    607.000    600.175     1.2205  30.069832     1.2202  30.068394     4.3842     4.4486    -0.0072    91.4901 1.0000e-12  -64.88604  -63.75908 345.180433      17.64 0.0000e+00   1376.407      33035  1030.5750  1030.5738    34.6155    34.6140    7.78283         31 0.0000e+00
    606.000    599.187     1.2201  30.069011     1.2198  30.067428     4.3870     4.4537    -0.0061    91.5267 1.0000e-12  -64.88604  -63.75908 345.180447      18.29 0.0000e+00   1377.636      33064  1030.5704  1030.5691    34.6155    34.6139    7.78292         28 0.0000e+00
    605.000    598.200     1.2183  30.066669     1.2183  30.065393     4.3948     4.4605     0.0125    91.5207 1.0000e-12  -64.88604  -63.75908 345.180460      19.09 0.0000e+00   1378.726      33090  1030.5656  1030.5643    34.6151    34.6135    7.78330         25 0.0000e+00
    604.000    597.213     1.2136  30.061524     1.2152  30.061867     4.4088     4.4605    -0.0069    91.4787 1.0000e-12  -64.88604  -63.75908 345.180472      20.28 0.0000e+00   1379.733      33115  1030.5608  1030.5595    34.6143    34.6129    7.78428         24 0.0000e+00
    603.000    596.225     1.2074  30.054223     1.2088  30.054602     4.4151     4.4634     0.0004    91.5050 1.0000e-12  -64.88604  -63.75908 345.180483      21.38 0.0000e+00   1380.734      33139  1030.5552  1030.5543    34.6123    34.6113    7.78561         25 0.0000e+00
    602.000    595.238     1.2051  30.051208     1.2063  30.051112     4.4116     4.4580    -0.0058    91.4888 1.0000e-12  -64.88604  -63.75908 345.180496      22.43 0.0000e+00   1381.876      33166  1030.5502  1030.5489    34.6117    34.6101    7.78612         31 0.0000e+00
    601.000    594.251     1.2064  30.051788     1.2098  30.054704     4.4054     4.4648    -0.0003    91.4727 1.0000e-12  -64.88604  -63.75907 345.180515      23.75 0.0000e+00   1383.499      33205  1030.5452  1030.5448    34.6115    34.6115    7.78586         42 0.0000e+00
    600.000    593.264     1.2055  30.050810     1.2059  30.050506     4.4219     4.4731     0.0094    91.5047 1.0000e-12  -64.88604  -63.75908 345.180535      24.65 0.0000e+00   1385.244      33247  1030.5408  1030.5402    34.6118    34.6110    7.78602         35 0.0000e+00
    599.000    592.275     1.1999  30.044152     1.1993  30.042623     4.4240     4.4733     0.0108    91.4806 1.0000e-12  -64.88604  -63.75908 345.180549      25.50 0.0000e+00   1386.461      33276  1030.5354  1030.5344    34.6101    34.6087    7.78723         25 0.0000e+00
    598.000    591.291     1.1977  30.041559     1.1975  30.040216     4.4116     4.4721     0.0000    91.4969 1.0000e-12  -64.88604  -63.75908 345.180560      26.39 0.0000e+00   1387.428      33299  1030.5306  1030.5294    34.6097    34.6082    7.78768         22 0.0000e+00
    597.000    590.300     1.1978  30.041100     1.1984  30.040425     4.4138     4.4701    -0.0062    91.5165 1.0000e-12  -64.88604  -63.75908 345.180571      27.10 0.0000e+00   1388.336      33321  1030.5258  1030.5245    34.6096    34.6081    7.78767         22 0.0000e+00
    596.000    589.314     1.2006  30.043671     1.2010  30.043027     4.4034     4.4745    -0.0017    91.4737 1.0000e-12  -64.88604  -63.75908 345.180582      28.11 0.0000e+00   1389.325      33345  1030.5214  1030.5203    34.6104    34.6091    7.78708         26 0.0000e+00
    595.000    588.327     1.2017  30.044508     1.2013  30.042894     4.4087     4.4733    -0.0006    91.4623 1.0000e-12  -64.88604  -63.75907 345.180598      29.60 0.0000e+00   1390.644      33376  1030.5169  1030.5157    34.6108    34.6092    7.78683         39 0.0000e+00
    594.000    587.340     1.2014  30.043714     1.2005  30.041564     4.4106     4.4681    -0.0034    91.4989 1.0000e-12  -64.88604  -63.75907 345.180618      30.63 0.0000e+00   1392.386      33418  1030.5122  1030.5108    34.6107    34.6089    7.78690         37 0.0000e+00
    593.000    586.352     1.2016  30.043531     1.2022  30.043015     4.4112     4.4678    -0.0109    91.4636 1.0000e-12  -64.88604  -63.75908 345.180634      31.53 0.0000e+00   1393.792      33452  1030.5075  1030.5063    34.6107    34.6094    7.78685         28 0.0000e+00
    592.000    585.365     1.2022  30.043884     1.2023  30.042811     4.4042     4.4673    -0.0093    91.4840 1.0000e-12  -64.88604  -63.75908 345.180646      32.43 0.0000e+00   1394.813      33477  1030.5031  1030.5018    34.6111    34.6096    7.78671         23 0.0000e+00
    591.000    584.377     1.2009  30.041965     1.2008  30.040694     4.4120     4.4675    -0.0035    91.4797 1.0000e-12  -64.88604  -63.75908 345.180656      33.33 0.0000e+00   1395.716      33498  1030.4982  1030.4970    34.6107    34.6092    7.78699         21 0.0000e+00
    590.000    583.390     1.2022  30.042891     1.2022  30.041729     4.4157     4.4669    -0.0029    91.4892 1.0000e-12  -64.88604  -63.75908 345.180667      33.77 0.0000e+00   1396.619      33520  1030.4936  1030.4924    34.6110    34.6095    7.78672         23 0.0000e+00
    589.000    582.403     1.2006  30.040918     1.2007  30.039912     4.4188     4.4688    -0.0076    91.4980 1.0000e-12  -64.88604  -63.75907 345.180678      35.84 0.0000e+00   1397.604      33543  1030.4890  1030.4878    34.6108    34.6094    7.78705         25 0.0000e+00
    588.000    581.414     1.1972  30.036921     1.1984  30.037071     4.4122     4.4742    -0.0045    91.4909 1.0000e-12  -64.88604  -63.75906 345.180692      36.61 0.0000e+00   1398.758      33571  1030.4840  1030.4829    34.6101    34.6089    7.78777         31 0.0000e+00
    587.000    580.428     1.1978  30.036992     1.1986  30.036221     4.4077     4.4747    -0.0044    91.4809 1.0000e-12  -64.88604  -63.75906 345.180709      37.32 0.0000e+00   1400.247      33607  1030.4793  1030.4777    34.6101    34.6082    7.78765         40 0.0000e+00
    586.000    579.440     1.1992  30.038417     1.1970  30.034416     4.4129     4.4814    -0.0018    91.5006 1.0000e-12  -64.88604  -63.75906 345.180728      38.38 0.0000e+00   1401.905      33647  1030.4750  1030.4732    34.6108    34.6082    7.78732         35 0.0000e+00
    585.000    578.452     1.1978  30.036233     1.1946  30.031393     4.4205     4.4829    -0.0044    91.5056 1.0000e-12  -64.88604  -63.75908 345.180744      39.05 0.0000e+00   1403.290      33680  1030.4700  1030.4682    34.6102    34.6076    7.78763         28 0.0000e+00
    584.000    577.466     1.1920  30.029578     1.1922  30.028419     4.4148     4.4853    -0.0036    91.4845 1.0000e-12  -64.88604  -63.75906 345.180757      40.44 0.0000e+00   1404.431      33707  1030.4647  1030.4634    34.6086    34.6070    7.78887         25 0.0000e+00
    583.000    576.477     1.1924  30.029410     1.1928  30.028581     4.4186     4.4807    -0.0074    91.4951 1.0000e-12  -64.88604  -63.75908 345.180769      40.76 0.0000e+00   1405.451      33732  1030.4599  1030.4586    34.6086    34.6071    7.78880         24 0.0000e+00
    582.000    575.493     1.1935  30.030080     1.1932  30.028720     4.4195     4.4779    -0.0052    91.4869 1.0000e-12  -64.88604  -63.75906 345.180780      42.05 0.0000e+00   1406.421      33755  1030.4553  1030.4542    34.6088    34.6074    7.78857         23 0.0000e+00
    581.000    574.503     1.1939  30.030212     1.1933  30.028327     4.4161     4.4817    -0.0010    91.5164 1.0000e-12  -64.88604  -63.75908 345.180791      43.05 0.0000e+00   1407.384      33778  1030.4508  1030.4494    34.6091    34.6073    7.78847         23 0.0000e+00
    580.000    573.515     1.1947  30.030585     1.1943  30.029055     4.4232     4.4814    -0.0056    91.5077 1.0000e-12  -64.88604  -63.75906 345.180804      44.52 0.0000e+00   1408.423      33803  1030.4461  1030.4450    34.6092    34.6078    7.78831         27 0.0000e+00
    579.000    572.528     1.1948  30.030359     1.1945  30.028900     4.4188     4.4797    -0.0005    91.5168 1.0000e-12  -64.88604  -63.75906 345.180818      45.45 0.0000e+00   1409.651      33833  1030.4415  1030.4403    34.6094    34.6078    7.78828         33 0.0000e+00
    578.000    571.541     1.1946  30.029666     1.1941  30.027880     4.4181     4.4803    -0.0004    91.5209 1.0000e-12  -64.88604  -63.75906 345.180834      46.84 0.0000e+00   1411.096      33867  1030.4368  1030.4355    34.6093    34.6076    7.78832         34 0.0000e+00
    577.000    570.553     1.1942  30.028798     1.1938  30.027187     4.4114     4.4781     0.0001    91.5175 1.0000e-12  -64.88604  -63.75906 345.180851      47.46 0.0000e+00   1412.564      33903  1030.4321  1030.4309    34.6092    34.6076    7.78841         32 0.0000e+00
    576.000    569.566     1.1951  30.029388     1.1945  30.027333     4.4090     4.4716    -0.0007    91.5097 1.0000e-12  -64.88604  -63.75906 345.180867      47.94 0.0000e+00   1413.883      33934  1030.4275  1030.4261    34.6095    34.6076    7.78821         29 0.0000e+00
    575.000    568.578     1.1976  30.031356     1.1979  30.030537     4.4063     4.4705    -0.0055    91.5239 1.0000e-12  -64.88604  -63.75906 345.180880      49.46 0.0000e+00   1415.043      33962  1030.4229  1030.4218    34.6098    34.6085    7.78769         27 0.0000e+00
    574.000    567.591     1.2014  30.035342     1.2011  30.033716     4.4159     4.4784    -0.0015    91.4953 1.0000e-12  -64.88604  -63.75906 345.180893      50.62 0.0000e+00   1416.141      33988  1030.4189  1030.4176    34.6113    34.6095    7.78685         26 0.0000e+00
    573.000    566.604     1.1967  30.030071     1.1975  30.029807     4.4061     4.4770    -0.0028    91.4972 1.0000e-12  -64.88604  -63.75906 345.180906      51.22 0.0000e+00   1417.265      34015  1030.4140  1030.4129    34.6103    34.6091    7.78784         27 0.0000e+00
    572.000    565.617     1.1945  30.026776     1.1953  30.026691     4.3996     4.4701     0.0074    91.5235 1.0000e-12  -64.88604  -63.75906 345.180919      52.60 0.0000e+00   1418.400      34043  1030.4086  1030.4077    34.6091    34.6081    7.78835         24 0.0000e+00
    571.000    564.629     1.2009  30.033052     1.1977  30.028425     4.3969     4.4639     0.0024    91.5189 1.0000e-12  -64.88604  -63.75908 345.180932      53.35 0.0000e+00   1419.491      34069  1030.4044  1030.4029    34.6106    34.6082    7.78699         26 0.0000e+00
    570.000    563.640     1.2053  30.037580     1.2033  30.034248     4.3881     4.4636     0.0069    91.5170 1.0000e-12  -64.88604  -63.75906 345.180944      54.79 0.0000e+00   1420.555      34094  1030.4005  1030.3991    34.6121    34.6101    7.78603         26 0.0000e+00
    569.000    562.654     1.2066  30.038708     1.2067  30.037528     4.3964     4.4683    -0.0076    91.5295 1.0000e-12  -64.88604  -63.75906 345.180957      55.17 0.0000e+00   1421.657      34121  1030.3962  1030.3949    34.6128    34.6111    7.78575         27 0.0000e+00
    568.000    561.666     1.2063  30.038038     1.2038  30.034202     4.4039     4.4683    -0.0075    91.5128 1.0000e-12  -64.88604  -63.75906 345.180971      56.13 0.0000e+00   1422.922      34151  1030.3917  1030.3902    34.6128    34.6106    7.78581         34 0.0000e+00
    567.000    560.678     1.2033  30.034141     1.1999  30.029275     4.4068     4.4668     0.0041    91.5502 1.0000e-12  -64.88604  -63.75906 345.180988      57.71 0.0000e+00   1424.366      34186  1030.3864  1030.3848    34.6116    34.6092    7.78646         35 0.0000e+00
    566.000    559.691     1.2045  30.035065     1.2057  30.035067     4.3962     4.4609     0.0091    91.5589 1.0000e-12  -64.88604  -63.75906 345.181004      58.66 0.0000e+00   1425.767      34219  1030.3819  1030.3808    34.6121    34.6108    7.78620         31 0.0000e+00
    565.000    558.704     1.2066  30.036989     1.2068  30.035946     4.4120     4.4682    -0.0013    91.5505 1.0000e-12  -64.88604  -63.75906 345.181019      59.86 0.0000e+00   1426.998      34249  1030.3776  1030.3764    34.6128    34.6113    7.78574         28 0.0000e+00
    564.000    557.715     1.2045  30.034275     1.2041  30.032864     4.4154     4.4698    -0.0075    91.5307 1.0000e-12  -64.88604  -63.75906 345.181031      61.58 0.0000e+00   1428.110      34276  1030.3728  1030.3717    34.6122    34.6108    7.78620         26 0.0000e+00
    563.000    556.730     1.1976  30.026787     1.1995  30.027540     4.4237     4.4741    -0.0077    91.5343 1.0000e-12  -64.88604  -63.75906 345.181044      62.26 0.0000e+00   1429.183      34301  1030.3677  1030.3666    34.6108    34.6097    7.78764         25 0.0000e+00
    562.000    555.741     1.1960  30.024185     1.1970  30.023934     4.4116     4.4727    -0.0077    91.5368 1.0000e-12  -64.88604  -63.75906 345.181056      62.93 0.0000e+00   1430.270      34327  1030.3624  1030.3612    34.6099    34.6085    7.78802         26 0.0000e+00
    561.000    554.753     1.1984  30.026209     1.1985  30.025325     4.4111     4.4714    -0.0077    91.5231 1.0000e-12  -64.88604  -63.75906 345.181070      63.47 0.0000e+00   1431.411      34355  1030.3578  1030.3568    34.6103    34.6091    7.78750         29 0.0000e+00
    560.000    553.766     1.1995  30.027137     1.1992  30.025628     4.4159     4.4724    -0.0077    91.5070 1.0000e-12  -64.88604  -63.75906 345.181084      64.75 0.0000e+00   1432.630      34384  1030.3535  1030.3523    34.6109    34.6093    7.78725         30 0.0000e+00
