NBP2113_155081_ctd/data/unbp2113_019.cnv
* Sea-Bird SBE 9 Data File:
* FileName = D:\Data\raw\NBP2113_019.hex
* Software Version Seasave V 7.26.7.121
* Temperature SN = 2438
* Conductivity SN = 2067
* Number of Bytes Per Scan = 40
* Number of Voltage Words = 5
* Number of Scans Averaged by the Deck Unit = 1
* NMEA Latitude = 66 53.46 S
* NMEA Longitude = 068 55.21 W
* NMEA UTC (Time) = Nov 29 2021  09:39:46
* NMEA baud rate = 9600
** Ship: RVIB N.B. Palmer
** Cruise: NBP2113 LTER
** Station: 300.040
** Operator: B. Urmston
# nquan = 25
# nvalues = 673                         
# units = specified
# name 0 = prDM: Pressure, Digiquartz [db]
# name 1 = depSM: Depth [salt water, m]
# name 2 = t090C: Temperature [ITS-90, deg C]
# name 3 = c0mS/cm: Conductivity [mS/cm]
# name 4 = t190C: Temperature, 2 [ITS-90, deg C]
# name 5 = c1mS/cm: Conductivity, 2 [mS/cm]
# name 6 = sbeox0ML/L: Oxygen, SBE 43 [ml/l]
# name 7 = sbeox1ML/L: Oxygen, SBE 43, 2 [ml/l]
# name 8 = flECO-AFL: Fluorescence, WET Labs ECO-AFL/FL [mg/m^3]
# name 9 = CStarTr0: Beam Transmission, WET Labs C-Star [%]
# name 10 = par: PAR/Irradiance, Biospherical/Licor
# name 11 = latitude: Latitude [deg]
# name 12 = longitude: Longitude [deg]
# name 13 = timeJ: Julian Days
# name 14 = altM: Altimeter [m]
# name 15 = spar: SPAR, Biospherical/Licor
# name 16 = timeS: Time, Elapsed [seconds]
# name 17 = scan: Scan Count
# name 18 = density00: Density [density, kg/m^3]
# name 19 = density11: Density, 2 [density, kg/m^3]
# name 20 = sal00: Salinity, Practical [PSU]
# name 21 = sal11: Salinity, Practical, 2 [PSU]
# name 22 = oxsolML/L: Oxygen Saturation, Garcia & Gordon [ml/l]
# name 23 = nbin: number of scans per bin
# name 24 = flag: flag
# span 0 =      1.000,    673.000       
# span 1 =      0.990,    665.235       
# span 2 =    -0.9044,     1.4609       
# span 3 =  27.489965,  30.232854       
# span 4 =    -0.9188,     1.4599       
# span 5 =  27.474494,  30.231730       
# span 6 =     3.9628,     9.2420       
# span 7 =     4.0254,     9.7454       
# span 8 =    -0.0224,     1.2528       
# span 9 =    89.8677,    97.3949       
# span 10 = 1.0000e-12, 7.8826e+02      
# span 11 =  -66.89128,  -66.89106      
# span 12 =  -68.92454,  -68.92398      
# span 13 = 333.418538, 333.433263      
# span 14 =       8.35,      99.98      
# span 15 = 4.3031e+02, 5.5000e+02      
# span 16 =   1375.686,   2647.958      
# span 17 =      33017,      63552      
# span 18 =  1027.2218,  1030.9683      
# span 19 =  1027.2208,  1030.9674      
# span 20 =    33.8544,    34.7211      
# span 21 =    33.8531,    34.7200      
# span 22 =    7.73090,    8.26599      
# span 23 =         11,         47      
# span 24 = 0.0000e+00, 0.0000e+00      
# interval = decibars: 1                
# start_time = Nov 29 2021 09:39:46 [NMEA time, header]
# bad_flag = -9.990e-29
*END*
[from data line 116]
    557.000    550.727     1.2677  30.170281     1.2672  30.169014     4.2075     4.2725    -0.0220    97.3176 1.0000e-12  -66.89112  -68.92446 333.420780      99.98 4.4929e+02   1569.401      37667  1030.4207  1030.4198    34.7200    34.7189    7.76787         14 0.0000e+00
    556.000    549.740     1.2697  30.171487     1.2693  30.170293     4.2033     4.2730    -0.0190    97.3176 1.0000e-12  -66.89112  -68.92446 333.420787      99.97 4.4952e+02   1569.985      37681  1030.4157  1030.4148    34.7199    34.7188    7.76747         15 0.0000e+00
    555.000    548.751     1.2707  30.171912     1.2699  30.170228     4.2086     4.2721    -0.0143    97.3204 1.0000e-12  -66.89112  -68.92446 333.420795      99.97 4.5183e+02   1570.671      37697  1030.4109  1030.4100    34.7198    34.7186    7.76727         18 0.0000e+00
    554.000    547.765     1.2672  30.168433     1.2665  30.167030     4.2127     4.2747    -0.0101    97.3252 1.0000e-12  -66.89113  -68.92445 333.420821      99.98 4.5378e+02   1572.919      37751  1030.4067  1030.4059    34.7199    34.7188    7.76797         33 0.0000e+00
    553.000    546.779     1.2641  30.165414     1.2634  30.164042     4.2022     4.2717    -0.0074    97.3174 1.0000e-12  -66.89112  -68.92444 333.420859      99.98 4.5304e+02   1576.220      37830  1030.4025  1030.4017    34.7200    34.7190    7.76857         27 0.0000e+00
    552.000    545.789     1.2651  30.165795     1.2651  30.164909     4.1994     4.2698    -0.0146    97.3176 1.0000e-12  -66.89112  -68.92444 333.420870      99.97 4.5116e+02   1577.132      37852  1030.3976  1030.3967    34.7199    34.7188    7.76837         22 0.0000e+00
    551.000    544.802     1.2691  30.168701     1.2691  30.167826     4.1941     4.2670    -0.0146    97.3176 1.0000e-12  -66.89112  -68.92444 333.420880      99.97 4.4953e+02   1578.021      37874  1030.3924  1030.3915    34.7198    34.7187    7.76759         20 0.0000e+00
    550.000    543.815     1.2723  30.170982     1.2715  30.169475     4.1887     4.2614    -0.0096    97.3176 1.0000e-12  -66.89112  -68.92444 333.420890      99.98 4.5182e+02   1578.913      37895  1030.3874  1030.3866    34.7198    34.7187    7.76696         22 0.0000e+00
    549.000    542.828     1.2764  30.173943     1.2744  30.171465     4.1820     4.2577    -0.0077    97.3176 1.0000e-12  -66.89112  -68.92444 333.420900      99.98 4.5333e+02   1579.801      37916  1030.3822  1030.3816    34.7196    34.7187    7.76617         21 0.0000e+00
    548.000    541.841     1.2800  30.176527     1.2789  30.174818     4.1824     4.2539    -0.0150    97.3420 1.0000e-12  -66.89112  -68.92444 333.420910      99.98 4.5482e+02   1580.645      37936  1030.3770  1030.3763    34.7195    34.7185    7.76546         20 0.0000e+00
    547.000    540.851     1.2830  30.178611     1.2834  30.178154     4.1881     4.2548    -0.0146    97.3420 1.0000e-12  -66.89112  -68.92444 333.420920      99.98 4.5482e+02   1581.466      37956  1030.3719  1030.3711    34.7194    34.7183    7.76487         20 0.0000e+00
    546.000    539.866     1.2856  30.180197     1.2857  30.179621     4.1933     4.2574    -0.0088    97.3389 1.0000e-12  -66.89112  -68.92444 333.420930      99.97 4.5482e+02   1582.374      37978  1030.3669  1030.3661    34.7191    34.7182    7.76437         23 0.0000e+00
    545.000    538.878     1.2823  30.177066     1.2817  30.175765     4.1906     4.2551    -0.0104    97.3319 1.0000e-12  -66.89113  -68.92444 333.420951      99.97 4.5564e+02   1584.126      38020  1030.3627  1030.3620    34.7193    34.7183    7.76501         40 0.0000e+00
    544.000    537.890     1.2823  30.176606     1.2822  30.175684     4.1765     4.2491    -0.0092    97.3253 1.0000e-12  -66.89112  -68.92444 333.420975      99.97 4.5663e+02   1586.284      38072  1030.3582  1030.3573    34.7194    34.7182    7.76502         32 0.0000e+00
    543.000    536.904     1.2862  30.179597     1.2861  30.178680     4.1669     4.2441    -0.0148    97.3174 1.0000e-12  -66.89112  -68.92444 333.420988      99.97 4.5478e+02   1587.362      38098  1030.3531  1030.3522    34.7194    34.7183    7.76424         23 0.0000e+00
    542.000    535.915     1.2886  30.181159     1.2876  30.179560     4.1677     4.2372    -0.0150    97.3371 1.0000e-12  -66.89112  -68.92444 333.420998      99.97 4.5661e+02   1588.238      38119  1030.3481  1030.3475    34.7193    34.7184    7.76376         20 0.0000e+00
    541.000    534.929     1.2976  30.188238     1.2959  30.185798     4.1755     4.2350     0.0014    97.3421 1.0000e-12  -66.89112  -68.92444 333.421008      99.97 4.5659e+02   1589.088      38139  1030.3422  1030.3414    34.7190    34.7177    7.76201         21 0.0000e+00
    540.000    533.940     1.2937  30.184464     1.2948  30.184481     4.1772     4.2356    -0.0051    97.3217 1.0000e-12  -66.89112  -68.92443 333.421021      99.98 4.5659e+02   1590.206      38166  1030.3381  1030.3370    34.7190    34.7178    7.76277         36 0.0000e+00
    539.000    532.954     1.2937  30.184181     1.2945  30.183688     4.1663     4.2347    -0.0091    97.3290 1.0000e-12  -66.89112  -68.92444 333.421044      99.98 4.5696e+02   1592.171      38213  1030.3336  1030.3324    34.7192    34.7177    7.76276         35 0.0000e+00
    538.000    531.967     1.2959  30.185499     1.2974  30.186039     4.1512     4.2240    -0.0063    97.3198 1.0000e-12  -66.89112  -68.92444 333.421058      99.97 4.5658e+02   1593.379      38242  1030.3286  1030.3277    34.7190    34.7181    7.76233         22 0.0000e+00
    537.000    530.977     1.3029  30.191340     1.3035  30.190907     4.1496     4.2166    -0.0073    97.3176 1.0000e-12  -66.89112  -68.92446 333.421067      99.97 4.5659e+02   1594.210      38262  1030.3234  1030.3224    34.7193    34.7181    7.76093         19 0.0000e+00
    536.000    529.990     1.3092  30.196000     1.3089  30.194926     4.1550     4.2203    -0.0085    97.3233 1.0000e-12  -66.89112  -68.92444 333.421076      99.98 4.5785e+02   1594.972      38280  1030.3178  1030.3170    34.7189    34.7179    7.75972         18 0.0000e+00
    535.000    529.003     1.3097  30.196030     1.3092  30.194734     4.1678     4.2245    -0.0216    97.3201 1.0000e-12  -66.89112  -68.92444 333.421086      99.98 4.5835e+02   1595.787      38300  1030.3131  1030.3123    34.7189    34.7179    7.75962         21 0.0000e+00
    534.000    528.016     1.3076  30.193509     1.3087  30.193825     4.1635     4.2198    -0.0073    97.3148 1.0000e-12  -66.89112  -68.92444 333.421097      99.97 4.5835e+02   1596.801      38324  1030.3085  1030.3077    34.7187    34.7178    7.76006         27 0.0000e+00
    533.000    527.027     1.3068  30.192641     1.3064  30.191458     4.1581     4.2197    -0.0059    97.3169 1.0000e-12  -66.89112  -68.92443 333.421115      99.98 4.5835e+02   1598.330      38361  1030.3042  1030.3034    34.7189    34.7179    7.76019         46 0.0000e+00
    532.000    526.041     1.3085  30.193609     1.3079  30.192265     4.1591     4.2260    -0.0093    97.3276 1.0000e-12  -66.89112  -68.92442 333.421139      99.98 4.5835e+02   1600.388      38410  1030.2994  1030.2987    34.7189    34.7178    7.75986         42 0.0000e+00
    531.000    525.053     1.3100  30.194457     1.3104  30.194137     4.1420     4.2104    -0.0101    97.3146 1.0000e-12  -66.89112  -68.92442 333.421156      99.98 4.5835e+02   1601.844      38445  1030.2946  1030.2939    34.7189    34.7180    7.75957         28 0.0000e+00
    530.000    524.065     1.3127  30.196501     1.3117  30.194788     4.1280     4.1999    -0.0101    97.3240 1.0000e-12  -66.89112  -68.92442 333.421168      99.97 4.5835e+02   1602.900      38471  1030.2898  1030.2891    34.7191    34.7180    7.75902         24 0.0000e+00
    529.000    523.078     1.3280  30.209038     1.3282  30.208200     4.1259     4.1990    -0.0150    97.3380 1.0000e-12  -66.89112  -68.92443 333.421180      99.97 4.5835e+02   1603.948      38496  1030.2832  1030.2821    34.7187    34.7174    7.75601         26 0.0000e+00
    528.000    522.090     1.3303  30.210403     1.3288  30.208279     4.1158     4.1937    -0.0098    97.3433 1.0000e-12  -66.89112  -68.92444 333.421195      99.98 4.5835e+02   1605.210      38526  1030.2781  1030.2775    34.7184    34.7174    7.75557         31 0.0000e+00
    527.000    521.103     1.3312  30.210594     1.3310  30.209633     4.1045     4.1917    -0.0059    97.3433 1.0000e-12  -66.89112  -68.92444 333.421208      99.98 4.5992e+02   1606.352      38553  1030.2733  1030.2725    34.7183    34.7173    7.75541         22 0.0000e+00
    526.000    520.115     1.3344  30.212796     1.3341  30.211645     4.1026     4.1900    -0.0073    97.3433 1.0000e-12  -66.89112  -68.92444 333.421217      99.97 4.6022e+02   1607.151      38573  1030.2682  1030.2674    34.7181    34.7170    7.75478         17 0.0000e+00
    525.000    519.126     1.3359  30.213552     1.3361  30.212672     4.1049     4.1858    -0.0077    97.3433 1.0000e-12  -66.89112  -68.92444 333.421224      99.97 4.6151e+02   1607.787      38588  1030.2633  1030.2623    34.7180    34.7167    7.75449         15 0.0000e+00
    524.000    518.141     1.3370  30.213779     1.3368  30.212836     4.1044     4.1817    -0.0113    97.3306 1.0000e-12  -66.89112  -68.92444 333.421231      99.98 4.6187e+02   1608.389      38602  1030.2584  1030.2576    34.7177    34.7167    7.75430         14 0.0000e+00
    523.000    517.152     1.3372  30.213552     1.3371  30.212632     4.1083     4.1821    -0.0149    97.3179 1.0000e-12  -66.89112  -68.92444 333.421239      99.98 4.6187e+02   1609.047      38618  1030.2537  1030.2529    34.7177    34.7166    7.75426         18 0.0000e+00
    522.000    516.164     1.3348  30.210952     1.3355  30.210761     4.1167     4.1837    -0.0099    97.3186 1.0000e-12  -66.89113  -68.92443 333.421264      99.98 4.6098e+02   1611.215      38670  1030.2494  1030.2485    34.7177    34.7166    7.75474         26 0.0000e+00
    521.000    515.178     1.3350  30.210790     1.3351  30.210024     4.1098     4.1841     0.0014    97.3318 1.0000e-12  -66.89114  -68.92443 333.421307      99.97 4.5704e+02   1614.913      38759  1030.2448  1030.2440    34.7177    34.7167    7.75468         17 0.0000e+00
    520.000    514.190     1.3365  30.211497     1.3365  30.210523     4.1065     4.1841    -0.0054    97.3416 1.0000e-12  -66.89114  -68.92444 333.421313      99.98 4.5780e+02   1615.434      38771  1030.2399  1030.2390    34.7176    34.7164    7.75440         16 0.0000e+00
    519.000    513.201     1.3371  30.211398     1.3371  30.210610     4.1013     4.1805    -0.0061    97.3361 1.0000e-12  -66.89112  -68.92444 333.421320      99.98 4.5834e+02   1616.047      38786  1030.2351  1030.2343    34.7174    34.7164    7.75430         14 0.0000e+00
    518.000    512.213     1.3378  30.211705     1.3375  30.210620     4.1000     4.1765    -0.0072    97.3195 1.0000e-12  -66.89112  -68.92444 333.421327      99.97 4.5932e+02   1616.677      38801  1030.2304  1030.2296    34.7176    34.7165    7.75415         16 0.0000e+00
    517.000    511.228     1.3387  30.211983     1.3390  30.211286     4.1074     4.1769    -0.0054    97.3176 1.0000e-12  -66.89112  -68.92444 333.421335      99.97 4.6010e+02   1617.349      38817  1030.2256  1030.2246    34.7175    34.7163    7.75398         16 0.0000e+00
    516.000    510.241     1.3400  30.212428     1.3397  30.211396     4.1119     4.1747    -0.0028    97.3176 1.0000e-12  -66.89112  -68.92444 333.421344      99.97 4.6074e+02   1618.098      38835  1030.2206  1030.2198    34.7172    34.7162    7.75374         19 0.0000e+00
    515.000    509.251     1.3407  30.212510     1.3403  30.211420     4.1062     4.1698     0.0026    97.3176 1.0000e-12  -66.89113  -68.92444 333.421354      99.97 4.6291e+02   1618.938      38856  1030.2158  1030.2151    34.7172    34.7162    7.75360         21 0.0000e+00
    514.000    508.262     1.3406  30.212077     1.3395  30.210299     4.1037     4.1727    -0.0069    97.3176 1.0000e-12  -66.89114  -68.92443 333.421365      99.98 4.6407e+02   1619.932      38879  1030.2112  1030.2106    34.7172    34.7162    7.75361         27 0.0000e+00
    513.000    507.275     1.3393  30.210491     1.3393  30.209606     4.1162     4.1760    -0.0144    97.3219 1.0000e-12  -66.89114  -68.92441 333.421390      99.97 4.6487e+02   1622.104      38932  1030.2068  1030.2058    34.7173    34.7161    7.75387         32 0.0000e+00
    512.000    506.290     1.3375  30.208647     1.3372  30.207606     4.0959     4.1715    -0.0084    97.3193 1.0000e-12  -66.89114  -68.92442 333.421434      99.98 4.6155e+02   1625.872      39022  1030.2025  1030.2017    34.7174    34.7164    7.75421         28 0.0000e+00
    511.000    505.301     1.3388  30.209225     1.3385  30.208152     4.0659     4.1538    -0.0148    97.3278 1.0000e-12  -66.89113  -68.92444 333.421442      99.97 4.6006e+02   1626.632      39040  1030.1975  1030.1968    34.7173    34.7163    7.75396         18 0.0000e+00
    510.000    504.314     1.3415  30.210936     1.3399  30.208830     4.0483     4.1414    -0.0150    97.3332 1.0000e-12  -66.89112  -68.92444 333.421451      99.97 4.6084e+02   1627.317      39057  1030.1924  1030.1918    34.7170    34.7161    7.75344         15 0.0000e+00
    509.000    503.325     1.3446  30.212677     1.3451  30.212275     4.0437     4.1345    -0.0150    97.3342 1.0000e-12  -66.89112  -68.92444 333.421457      99.98 4.6190e+02   1627.912      39071  1030.1869  1030.1859    34.7165    34.7153    7.75287         14 0.0000e+00
    508.000    502.340     1.3491  30.215478     1.3495  30.214942     4.0429     4.1356    -0.0145    97.3156 1.0000e-12  -66.89112  -68.92444 333.421464      99.97 4.6340e+02   1628.485      39085  1030.1811  1030.1800    34.7156    34.7144    7.75203         14 0.0000e+00
    507.000    501.350     1.3508  30.216352     1.3508  30.215433     4.0443     4.1349    -0.0150    97.3231 1.0000e-12  -66.89114  -68.92444 333.421471      99.97 4.6377e+02   1629.065      39099  1030.1760  1030.1751    34.7154    34.7142    7.75169         14 0.0000e+00
    506.000    500.361     1.3517  30.216539     1.3514  30.215456     4.0474     4.1325    -0.0145    97.3176 1.0000e-12  -66.89114  -68.92443 333.421478      99.97 4.6540e+02   1629.688      39114  1030.1712  1030.1703    34.7153    34.7141    7.75154         16 0.0000e+00
    505.000    499.375     1.3509  30.215626     1.3515  30.215181     4.0561     4.1293    -0.0150    97.3176 1.0000e-12  -66.89114  -68.92442 333.421486      99.97 4.6644e+02   1630.428      39131  1030.1668  1030.1658    34.7155    34.7142    7.75167         20 0.0000e+00
    504.000    498.387     1.3496  30.214042     1.3495  30.213106     4.0724     4.1310    -0.0168    97.3222 1.0000e-12  -66.89114  -68.92442 333.421502      99.97 4.6699e+02   1631.815      39165  1030.1624  1030.1615    34.7155    34.7145    7.75194         33 0.0000e+00
    503.000    497.400     1.3439  30.209290     1.3466  30.210461     4.0896     4.1407    -0.0055    97.3093 1.0000e-12  -66.89114  -68.92442 333.421553      99.98 4.6456e+02   1636.144      39268  1030.1591  1030.1576    34.7163    34.7148    7.75301         33 0.0000e+00
    502.000    496.412     1.3461  30.210498     1.3470  30.210307     4.0713     4.1365    -0.0056    97.3189 1.0000e-12  -66.89114  -68.92442 333.421565      99.97 4.6361e+02   1637.220      39294  1030.1539  1030.1528    34.7160    34.7147    7.75260         24 0.0000e+00
    501.000    495.424     1.3474  30.211009     1.3490  30.211421     4.0564     4.1328    -0.0125    97.3111 1.0000e-12  -66.89114  -68.92442 333.421575      99.97 4.6417e+02   1638.112      39316  1030.1489  1030.1477    34.7158    34.7145    7.75235         20 0.0000e+00
