NBP2113_155081_ctd/data/unbp2113_013.cnv
* Sea-Bird SBE 9 Data File:
* FileName = D:\Data\raw\NBP2113_013.hex
* Software Version Seasave V 7.26.7.121
* Temperature SN = 2438
* Conductivity SN = 2067
* Number of Bytes Per Scan = 40
* Number of Voltage Words = 5
* Number of Scans Averaged by the Deck Unit = 1
* NMEA Latitude = 65 13.99 S
* NMEA Longitude = 066 46.43 W
* NMEA UTC (Time) = Nov 27 2021  04:09:52
* NMEA baud rate = 9600
** Ship: RVIB N.B. Palmer
** Cruise: NBP2113 LTER
** Station: 500.100
** Operator: B. Urmston
# nquan = 25
# nvalues = 432                         
# units = specified
# name 0 = prDM: Pressure, Digiquartz [db]
# name 1 = depSM: Depth [salt water, m]
# name 2 = t090C: Temperature [ITS-90, deg C]
# name 3 = c0mS/cm: Conductivity [mS/cm]
# name 4 = t190C: Temperature, 2 [ITS-90, deg C]
# name 5 = c1mS/cm: Conductivity, 2 [mS/cm]
# name 6 = sbeox0ML/L: Oxygen, SBE 43 [ml/l]
# name 7 = sbeox1ML/L: Oxygen, SBE 43, 2 [ml/l]
# name 8 = flECO-AFL: Fluorescence, WET Labs ECO-AFL/FL [mg/m^3]
# name 9 = CStarTr0: Beam Transmission, WET Labs C-Star [%]
# name 10 = par: PAR/Irradiance, Biospherical/Licor
# name 11 = latitude: Latitude [deg]
# name 12 = longitude: Longitude [deg]
# name 13 = timeJ: Julian Days
# name 14 = altM: Altimeter [m]
# name 15 = spar: SPAR, Biospherical/Licor
# name 16 = timeS: Time, Elapsed [seconds]
# name 17 = scan: Scan Count
# name 18 = density00: Density [density, kg/m^3]
# name 19 = density11: Density, 2 [density, kg/m^3]
# name 20 = sal00: Salinity, Practical [PSU]
# name 21 = sal11: Salinity, Practical, 2 [PSU]
# name 22 = oxsolML/L: Oxygen Saturation, Garcia & Gordon [ml/l]
# name 23 = nbin: number of scans per bin
# name 24 = flag: flag
# span 0 =      1.000,    432.000       
# span 1 =      0.988,    427.313       
# span 2 =    -0.6161,     1.5346       
# span 3 =  27.815456,  30.327393       
# span 4 =    -0.6155,     1.5347       
# span 5 =  27.813979,  30.326422       
# span 6 =     4.1299,     9.9920       
# span 7 =     4.1116,     9.9636       
# span 8 =    -0.0221,     2.3439       
# span 9 =    87.8255,    97.7473       
# span 10 = 1.0000e-12, 2.0690e+00      
# span 11 =  -65.23318,  -65.23308      
# span 12 =  -66.77598,  -66.77500      
# span 13 = 331.185520, 331.198233      
# span 14 =       6.42,     100.53      
# span 15 = 0.0000e+00, 0.0000e+00      
# span 16 =   1036.918,   2135.328      
# span 17 =      24887,      51249      
# span 18 =  1027.2988,  1029.8058      
# span 19 =  1027.2955,  1029.8047      
# span 20 =    33.9668,    34.7091      
# span 21 =    33.9626,    34.7077      
# span 22 =    7.71629,    8.19640      
# span 23 =         13,         47      
# span 24 = 0.0000e+00, 0.0000e+00      
# interval = decibars: 1                
# start_time = Nov 27 2021 04:09:52 [NMEA time, header]
# bad_flag = -9.990e-29
*END*
[from data line 58]
    374.000    369.992     1.5170  30.294869     1.5171  30.293873     4.1623     4.1396     0.0009    97.6805 1.0000e-12  -65.23310  -66.77587 331.187623      64.57 0.0000e+00   1218.647      29249  1029.5339  1029.5329    34.7079    34.7066    7.71945         26 0.0000e+00
    373.000    369.004     1.5176  30.295045     1.5179  30.294228     4.1630     4.1444    -0.0067    97.7020 1.0000e-12  -65.23310  -66.77585 331.187652      65.93 0.0000e+00   1221.090      29307  1029.5293  1029.5282    34.7081    34.7068    7.71933         33 0.0000e+00
    372.000    368.016     1.5176  30.294576     1.5176  30.293517     4.1604     4.1418    -0.0221    97.7039 1.0000e-12  -65.23310  -66.77584 331.187673      66.94 0.0000e+00   1222.967      29352  1029.5246  1029.5235    34.7081    34.7067    7.71934         24 0.0000e+00
    371.000    367.030     1.5171  30.293627     1.5171  30.292542     4.1599     4.1434    -0.0154    97.6938 1.0000e-12  -65.23310  -66.77584 331.187682      67.64 0.0000e+00   1223.771      29372  1029.5199  1029.5188    34.7080    34.7066    7.71944         18 0.0000e+00
    370.000    366.038     1.5167  30.292539     1.5168  30.291591     4.1603     4.1426    -0.0150    97.6958 1.0000e-12  -65.23310  -66.77584 331.187691      68.52 0.0000e+00   1224.480      29389  1029.5150  1029.5139    34.7076    34.7063    7.71954         16 0.0000e+00
    369.000    365.052     1.5167  30.292094     1.5168  30.291000     4.1637     4.1458    -0.0150    97.7037 1.0000e-12  -65.23308  -66.77586 331.187699      69.49 0.0000e+00   1225.201      29406  1029.5103  1029.5091    34.7076    34.7062    7.71953         19 0.0000e+00
    368.000    364.061     1.5167  30.291683     1.5168  30.290676     4.1612     4.1486    -0.0073    97.7038 1.0000e-12  -65.23308  -66.77586 331.187708      70.70 0.0000e+00   1226.013      29425  1029.5057  1029.5045    34.7077    34.7062    7.71953         21 0.0000e+00
    367.000    363.074     1.5170  30.291507     1.5172  30.290669     4.1622     4.1455    -0.0064    97.7038 1.0000e-12  -65.23309  -66.77586 331.187720      71.84 0.0000e+00   1227.035      29450  1029.5009  1029.4999    34.7077    34.7064    7.71947         28 0.0000e+00
    366.000    362.085     1.5169  30.290932     1.5169  30.289875     4.1650     4.1430    -0.0052    97.7056 1.0000e-12  -65.23310  -66.77584 331.187736      73.00 0.0000e+00   1228.385      29482  1029.4962  1029.4952    34.7076    34.7063    7.71949         38 0.0000e+00
    365.000    361.097     1.5170  30.290490     1.5169  30.289504     4.1597     4.1406     0.0016    97.7166 1.0000e-12  -65.23310  -66.77583 331.187757      74.08 0.0000e+00   1230.225      29526  1029.4915  1029.4905    34.7076    34.7064    7.71948         40 0.0000e+00
    364.000    360.109     1.5181  30.291080     1.5179  30.289787     4.1694     4.1412    -0.0037    97.7011 1.0000e-12  -65.23310  -66.77581 331.187779      75.03 0.0000e+00   1232.082      29571  1029.4867  1029.4856    34.7077    34.7062    7.71926         40 0.0000e+00
    363.000    359.121     1.5217  30.293647     1.5210  30.291897     4.1550     4.1385    -0.0038    97.6899 1.0000e-12  -65.23310  -66.77581 331.187797      76.08 0.0000e+00   1233.669      29609  1029.4815  1029.4805    34.7075    34.7061    7.71856         37 0.0000e+00
    362.000    358.132     1.5211  30.292583     1.5221  30.292417     4.1491     4.1390    -0.0142    97.7054 1.0000e-12  -65.23310  -66.77581 331.187814      77.08 0.0000e+00   1235.106      29644  1029.4768  1029.4757    34.7074    34.7061    7.71868         29 0.0000e+00
    361.000    357.144     1.5246  30.295117     1.5246  30.293949     4.1542     4.1384    -0.0067    97.7135 1.0000e-12  -65.23310  -66.77582 331.187825      77.84 0.0000e+00   1236.070      29667  1029.4718  1029.4706    34.7074    34.7059    7.71801         19 0.0000e+00
    360.000    356.155     1.5262  30.295942     1.5263  30.294975     4.1521     4.1392    -0.0077    97.7300 1.0000e-12  -65.23310  -66.77582 331.187833      78.66 0.0000e+00   1236.791      29684  1029.4667  1029.4657    34.7072    34.7059    7.71769         16 0.0000e+00
    359.000    355.169     1.5278  30.296806     1.5275  30.295407     4.1516     4.1384    -0.0067    97.7296 1.0000e-12  -65.23310  -66.77582 331.187841      79.54 0.0000e+00   1237.421      29699  1029.4619  1029.4607    34.7071    34.7056    7.71739         15 0.0000e+00
    358.000    354.176     1.5284  30.296939     1.5284  30.295842     4.1575     4.1383     0.0005    97.7296 1.0000e-12  -65.23310  -66.77582 331.187848      80.67 0.0000e+00   1238.037      29714  1029.4572  1029.4560    34.7072    34.7058    7.71726         15 0.0000e+00
    357.000    353.189     1.5287  30.296701     1.5290  30.295890     4.1598     4.1380    -0.0053    97.7259 1.0000e-12  -65.23310  -66.77581 331.187856      81.72 0.0000e+00   1238.746      29731  1029.4524  1029.4514    34.7071    34.7058    7.71721         20 0.0000e+00
    356.000    352.201     1.5279  30.295495     1.5269  30.293711     4.1557     4.1376    -0.0141    97.7073 1.0000e-12  -65.23310  -66.77579 331.187872      83.07 0.0000e+00   1240.113      29764  1029.4478  1029.4470    34.7070    34.7059    7.71737         25 0.0000e+00
    355.000    351.213     1.5264  30.293780     1.5265  30.292864     4.1581     4.1464    -0.0114    97.7304 1.0000e-12  -65.23310  -66.77576 331.187908      84.09 0.0000e+00   1243.244      29839  1029.4434  1029.4423    34.7071    34.7058    7.71766         33 0.0000e+00
    354.000    350.224     1.5275  30.294305     1.5271  30.292836     4.1576     4.1420    -0.0035    97.7232 1.0000e-12  -65.23310  -66.77576 331.187920      84.93 0.0000e+00   1244.307      29864  1029.4386  1029.4375    34.7072    34.7058    7.71745         24 0.0000e+00
    353.000    349.236     1.5286  30.294920     1.5285  30.293766     4.1520     4.1387    -0.0030    97.7295 1.0000e-12  -65.23310  -66.77576 331.187932      85.95 0.0000e+00   1245.322      29889  1029.4339  1029.4328    34.7072    34.7059    7.71722         25 0.0000e+00
    352.000    348.248     1.5299  30.295385     1.5302  30.294596     4.1602     4.1379    -0.0071    97.7296 1.0000e-12  -65.23310  -66.77576 331.187944      86.99 0.0000e+00   1246.393      29914  1029.4289  1029.4278    34.7070    34.7057    7.71698         26 0.0000e+00
    351.000    347.258     1.5309  30.295595     1.5315  30.294795     4.1537     4.1376    -0.0065    97.7296 1.0000e-12  -65.23310  -66.77576 331.187956      88.03 0.0000e+00   1247.434      29939  1029.4239  1029.4225    34.7067    34.7051    7.71680         24 0.0000e+00
    350.000    346.270     1.5313  30.295323     1.5317  30.294473     4.1561     4.1366    -0.0080    97.7296 1.0000e-12  -65.23310  -66.77576 331.187968      89.12 0.0000e+00   1248.411      29963  1029.4190  1029.4178    34.7065    34.7051    7.71674         23 0.0000e+00
    349.000    345.282     1.5310  30.294705     1.5315  30.293855     4.1659     4.1363    -0.0123    97.7296 1.0000e-12  -65.23310  -66.77576 331.187981      90.22 0.0000e+00   1249.515      29989  1029.4145  1029.4131    34.7066    34.7050    7.71679         32 0.0000e+00
    348.000    344.294     1.5306  30.293854     1.5310  30.293061     4.1515     4.1360    -0.0022    97.7296 1.0000e-12  -65.23310  -66.77577 331.188001      91.39 0.0000e+00   1251.289      30032  1029.4098  1029.4086    34.7066    34.7052    7.71687         43 0.0000e+00
    347.000    343.306     1.5308  30.293453     1.5313  30.292630     4.1479     4.1359    -0.0085    97.7296 1.0000e-12  -65.23310  -66.77578 331.188018      92.37 0.0000e+00   1252.796      30068  1029.4050  1029.4037    34.7064    34.7049    7.71684         25 0.0000e+00
    346.000    342.315     1.5315  30.293393     1.5316  30.292357     4.1511     4.1363    -0.0150    97.7296 1.0000e-12  -65.23310  -66.77577 331.188028      93.15 0.0000e+00   1253.631      30088  1029.4001  1029.3989    34.7062    34.7047    7.71672         17 0.0000e+00
    345.000    341.328     1.5317  30.292969     1.5318  30.292065     4.1544     4.1365    -0.0150    97.7278 1.0000e-12  -65.23310  -66.77576 331.188036      94.00 0.0000e+00   1254.306      30104  1029.3951  1029.3941    34.7059    34.7047    7.71668         16 0.0000e+00
    344.000    340.339     1.5319  30.292508     1.5320  30.291570     4.1518     4.1359    -0.0146    97.7280 1.0000e-12  -65.23310  -66.77574 331.188043      95.15 0.0000e+00   1254.956      30120  1029.3902  1029.3892    34.7057    34.7045    7.71666         16 0.0000e+00
    343.000    339.351     1.5319  30.292197     1.5320  30.291072     4.1490     4.1364    -0.0068    97.7283 1.0000e-12  -65.23310  -66.77573 331.188052      96.33 0.0000e+00   1255.707      30138  1029.3857  1029.3845    34.7059    34.7044    7.71665         20 0.0000e+00
    342.000    338.362     1.5315  30.291421     1.5316  30.290486     4.1571     4.1353    -0.0075    97.7134 1.0000e-12  -65.23310  -66.77572 331.188085      97.54 0.0000e+00   1258.567      30207  1029.3812  1029.3801    34.7060    34.7047    7.71673         34 0.0000e+00
    341.000    337.373     1.5315  30.290925     1.5316  30.289774     4.1555     4.1347    -0.0077    97.7253 1.0000e-12  -65.23310  -66.77572 331.188112      98.32 0.0000e+00   1260.909      30263  1029.3764  1029.3752    34.7059    34.7043    7.71672         21 0.0000e+00
    340.000    336.386     1.5317  30.290627     1.5318  30.289634     4.1536     4.1357    -0.0077    97.7251 1.0000e-12  -65.23310  -66.77572 331.188120      99.45 0.0000e+00   1261.594      30279  1029.3716  1029.3705    34.7058    34.7045    7.71669         17 0.0000e+00
    339.000    335.396     1.5321  30.290432     1.5323  30.289496     4.1595     4.1372    -0.0077    97.7241 1.0000e-12  -65.23310  -66.77574 331.188127      99.69 0.0000e+00   1262.222      30294  1029.3668  1029.3658    34.7058    34.7044    7.71662         14 0.0000e+00
    338.000    334.409     1.5329  30.290553     1.5331  30.289552     4.1558     4.1294    -0.0092    97.7296 1.0000e-12  -65.23310  -66.77574 331.188135      99.93 0.0000e+00   1262.834      30309  1029.3619  1029.3608    34.7056    34.7041    7.71647         15 0.0000e+00
    337.000    333.418     1.5336  30.290437     1.5336  30.289481     4.1500     4.1276    -0.0149    97.7296 1.0000e-12  -65.23310  -66.77574 331.188142      99.97 0.0000e+00   1263.485      30325  1029.3569  1029.3559    34.7053    34.7040    7.71635         17 0.0000e+00
    336.000    332.430     1.5338  30.290079     1.5338  30.289014     4.1603     4.1280    -0.0083    97.7296 1.0000e-12  -65.23310  -66.77574 331.188152      99.98 0.0000e+00   1264.296      30344  1029.3522  1029.3511    34.7052    34.7039    7.71632         23 0.0000e+00
    335.000    331.442     1.5332  30.289357     1.5333  30.288248     4.1514     4.1322    -0.0176    97.7296 1.0000e-12  -65.23310  -66.77573 331.188166      99.98 0.0000e+00   1265.570      30375  1029.3477  1029.3466    34.7054    34.7040    7.71641         39 0.0000e+00
    334.000    330.453     1.5329  30.288658     1.5331  30.287724     4.1576     4.1387    -0.0146    97.7182 1.0000e-12  -65.23310  -66.77571 331.188187      99.98 0.0000e+00   1267.343      30417  1029.3431  1029.3420    34.7055    34.7041    7.71648         41 0.0000e+00
    333.000    329.465     1.5326  30.288004     1.5328  30.287030     4.1524     4.1328    -0.0082    97.7254 1.0000e-12  -65.23310  -66.77569 331.188206      99.98 0.0000e+00   1268.995      30457  1029.3385  1029.3373    34.7056    34.7041    7.71653         36 0.0000e+00
    332.000    328.476     1.5331  30.287816     1.5335  30.286938     4.1458     4.1326    -0.0099    97.7281 1.0000e-12  -65.23312  -66.77568 331.188223      99.98 0.0000e+00   1270.456      30492  1029.3337  1029.3324    34.7054    34.7038    7.71645         34 0.0000e+00
    331.000    327.488     1.5340  30.287736     1.5340  30.286766     4.1505     4.1314    -0.0047    97.7193 1.0000e-12  -65.23311  -66.77568 331.188239      63.64 0.0000e+00   1271.891      30526  1029.3284  1029.3274    34.7048    34.7036    7.71629         33 0.0000e+00
    330.000    326.499     1.5327  30.286520     1.5339  30.286012     4.1447     4.1306    -0.0089    97.7453 1.0000e-12  -65.23310  -66.77570 331.188259     100.53 0.0000e+00   1273.556      30566  1029.3243  1029.3226    34.7053    34.7033    7.71653         37 0.0000e+00
    329.000    325.511     1.5341  30.286516     1.5346  30.285532     4.1443     4.1303    -0.0120    97.7283 1.0000e-12  -65.23310  -66.77571 331.188275      99.98 0.0000e+00   1274.923      30599  1029.3186  1029.3172    34.7043    34.7026    7.71630         26 0.0000e+00
    328.000    324.522     1.5344  30.285244     1.5345  30.283918     4.1456     4.1302    -0.0087    97.6907 1.0000e-12  -65.23310  -66.77572 331.188286      99.98 0.0000e+00   1275.896      30623  1029.3128  1029.3114    34.7029    34.7011    7.71632         21 0.0000e+00
    327.000    323.533     1.5346  30.284162     1.5347  30.282970     4.1451     4.1276    -0.0142    97.6952 1.0000e-12  -65.23310  -66.77572 331.188296      99.97 0.0000e+00   1276.772      30644  1029.3074  1029.3060    34.7020    34.7003    7.71634         21 0.0000e+00
    326.000    322.544     1.5345  30.283719     1.5347  30.282621     4.1422     4.1280    -0.0008    97.7307 1.0000e-12  -65.23310  -66.77571 331.188308      99.98 0.0000e+00   1277.782      30668  1029.3027  1029.3015    34.7020    34.7005    7.71634         27 0.0000e+00
    325.000    321.557     1.5344  30.283436     1.5344  30.282423     4.1461     4.1220    -0.0074    97.7354 1.0000e-12  -65.23311  -66.77569 331.188335      99.98 0.0000e+00   1280.109      30724  1029.2983  1029.2973    34.7024    34.7011    7.71635         35 0.0000e+00
    324.000    320.567     1.5344  30.282869     1.5344  30.281761     4.1489     4.1218    -0.0082    97.7426 1.0000e-12  -65.23310  -66.77568 331.188361      99.98 0.0000e+00   1282.355      30778  1029.2936  1029.2924    34.7023    34.7008    7.71636         28 0.0000e+00
    323.000    319.578     1.5344  30.282156     1.5344  30.281077     4.1471     4.1253    -0.0143    97.7374 1.0000e-12  -65.23310  -66.77568 331.188372      99.98 0.0000e+00   1283.370      30802  1029.2886  1029.2875    34.7019    34.7005    7.71638         23 0.0000e+00
    322.000    318.590     1.5338  30.280179     1.5339  30.279204     4.1447     4.1210    -0.0080    97.7473 1.0000e-12  -65.23310  -66.77568 331.188384      99.98 0.0000e+00   1284.374      30826  1029.2830  1029.2819    34.7007    34.6993    7.71656         27 0.0000e+00
    321.000    317.601     1.5339  30.280193     1.5336  30.278455     4.1384     4.1228    -0.0165    97.7302 1.0000e-12  -65.23310  -66.77568 331.188408      99.98 0.0000e+00   1286.429      30875  1029.2786  1029.2772    34.7011    34.6993    7.71651         33 0.0000e+00
    320.000    316.613     1.5340  30.279914     1.5338  30.278499     4.1380     4.1270    -0.0107    97.7268 1.0000e-12  -65.23310  -66.77568 331.188441      99.98 0.0000e+00   1289.324      30945  1029.2740  1029.2727    34.7013    34.6996    7.71649         38 0.0000e+00
    319.000    315.626     1.5336  30.278711     1.5337  30.277749     4.1482     4.1265    -0.0091    97.7349 1.0000e-12  -65.23310  -66.77568 331.188463      99.98 0.0000e+00   1291.199      30990  1029.2689  1029.2679    34.7007    34.6994    7.71659         28 0.0000e+00
    318.000    314.635     1.5338  30.278379     1.5339  30.277902     4.1390     4.1174    -0.0128    97.7187 1.0000e-12  -65.23310  -66.77568 331.188495      99.98 0.0000e+00   1293.979      31056  1029.2642  1029.2636    34.7007    34.7000    7.71656         33 0.0000e+00
