NBP2113_155081_ctd/data/unbp2113_017.cnv
* Sea-Bird SBE 9 Data File:
* FileName = D:\Data\raw\NBP2113_017.hex
* Software Version Seasave V 7.26.7.121
* Temperature SN = 2438
* Conductivity SN = 2067
* Number of Bytes Per Scan = 40
* Number of Voltage Words = 5
* Number of Scans Averaged by the Deck Unit = 1
* NMEA Latitude = 65 14.32 S
* NMEA Longitude = 069 47.72 W
* NMEA UTC (Time) = Nov 28 2021  09:59:52
* NMEA baud rate = 9600
** Ship: RVIB N.B. Palmer
** Cruise: NBP2113 LTER
** Station: 400.200
** Operator: B. Urmston
# nquan = 25
# nvalues = 2755                        
# units = specified
# name 0 = prDM: Pressure, Digiquartz [db]
# name 1 = depSM: Depth [salt water, m]
# name 2 = t090C: Temperature [ITS-90, deg C]
# name 3 = c0mS/cm: Conductivity [mS/cm]
# name 4 = t190C: Temperature, 2 [ITS-90, deg C]
# name 5 = c1mS/cm: Conductivity, 2 [mS/cm]
# name 6 = sbeox0ML/L: Oxygen, SBE 43 [ml/l]
# name 7 = sbeox1ML/L: Oxygen, SBE 43, 2 [ml/l]
# name 8 = flECO-AFL: Fluorescence, WET Labs ECO-AFL/FL [mg/m^3]
# name 9 = CStarTr0: Beam Transmission, WET Labs C-Star [%]
# name 10 = par: PAR/Irradiance, Biospherical/Licor
# name 11 = latitude: Latitude [deg]
# name 12 = longitude: Longitude [deg]
# name 13 = timeJ: Julian Days
# name 14 = altM: Altimeter [m]
# name 15 = spar: SPAR, Biospherical/Licor
# name 16 = timeS: Time, Elapsed [seconds]
# name 17 = scan: Scan Count
# name 18 = density00: Density [density, kg/m^3]
# name 19 = density11: Density, 2 [density, kg/m^3]
# name 20 = sal00: Salinity, Practical [PSU]
# name 21 = sal11: Salinity, Practical, 2 [PSU]
# name 22 = oxsolML/L: Oxygen Saturation, Garcia & Gordon [ml/l]
# name 23 = nbin: number of scans per bin
# name 24 = flag: flag
# span 0 =      1.000,   2755.000       
# span 1 =      0.992,   2710.199       
# span 2 =    -0.8803,     2.0064       
# span 3 =  27.599174,  30.670061       
# span 4 =    -0.8797,     2.0062       
# span 5 =  27.597203,  30.669171       
# span 6 =     3.8706,     9.4211       
# span 7 =     3.9241,    10.0093       
# span 8 =    -0.0226,     7.4342       
# span 9 =    87.3419,    97.9842       
# span 10 = 1.0000e-12, 1.0000e-12      
# span 11 =  -65.23756,  -65.23662      
# span 12 =  -69.79936,  -69.79792      
# span 13 = 332.462639, 332.506389      
# span 14 =       1.07,     100.66      
# span 15 = 2.6267e+02, 6.5233e+02      
# span 16 =   3979.995,   7760.045      
# span 17 =      95521,     186242      
# span 18 =  1027.3210,  1040.5463      
# span 19 =  1027.3201,  1040.5457      
# span 20 =    33.9856,    34.7281      
# span 21 =    33.9845,    34.7276      
# span 22 =    7.62748,    8.25370      
# span 23 =         11,         48      
# span 24 = 0.0000e+00, 0.0000e+00      
# interval = decibars: 1                
# start_time = Nov 28 2021 09:59:52 [NMEA time, header]
# bad_flag = -9.990e-29
*END*
[from data line 2319]
    436.000    431.264     1.9165  30.669388     1.9142  30.667269     4.0128     4.0663    -0.0048    97.9130 1.0000e-12  -65.23680  -69.79880 332.495821      99.98 3.1732e+02   6846.932     164327  1029.7881  1029.7882    34.7066    34.7065    7.64203         33 0.0000e+00
    435.000    430.276     1.9166  30.669040     1.9159  30.668006     4.0095     4.0629    -0.0090    97.9350 1.0000e-12  -65.23680  -69.79880 332.495835      99.98 3.1732e+02   6848.133     164356  1029.7834  1029.7830    34.7066    34.7061    7.64201         24 0.0000e+00
    434.000    429.289     1.9168  30.668494     1.9162  30.667693     4.0076     4.0612    -0.0122    97.9312 1.0000e-12  -65.23680  -69.79880 332.495845      99.97 3.1732e+02   6848.994     164377  1029.7785  1029.7783    34.7063    34.7060    7.64199         18 0.0000e+00
    433.000    428.300     1.9179  30.669036     1.9171  30.667989     4.0060     4.0620    -0.0065    97.9285 1.0000e-12  -65.23680  -69.79880 332.495853      99.98 3.1732e+02   6849.724     164394  1029.7737  1029.7734    34.7064    34.7059    7.64178         18 0.0000e+00
    432.000    427.312     1.9196  30.670061     1.9186  30.668696     4.0102     4.0642    -0.0137    97.9154 1.0000e-12  -65.23680  -69.79880 332.495862      99.98 3.1732e+02   6850.497     164413  1029.7689  1029.7685    34.7064    34.7058    7.64145         20 0.0000e+00
    431.000    426.324     1.9186  30.668675     1.9180  30.667752     4.0084     4.0648     0.0004    97.9261 1.0000e-12  -65.23678  -69.79882 332.495876      99.98 3.1732e+02   6851.702     164442  1029.7643  1029.7640    34.7063    34.7058    7.64165         31 0.0000e+00
    430.000    425.336     1.9180  30.667755     1.9185  30.667617     4.0155     4.0621    -0.0033    97.9277 1.0000e-12  -65.23678  -69.79885 332.495902      99.98 3.1904e+02   6853.913     164495  1029.7598  1029.7591    34.7064    34.7056    7.64176         39 0.0000e+00
    429.000    424.348     1.9191  30.668021     1.9190  30.667604     4.0124     4.0620    -0.0065    97.9151 1.0000e-12  -65.23678  -69.79886 332.495917      99.98 3.2087e+02   6855.210     164526  1029.7548  1029.7544    34.7061    34.7056    7.64157         28 0.0000e+00
    428.000    423.358     1.9198  30.668039     1.9197  30.667575     4.0087     4.0618    -0.0134    97.9140 1.0000e-12  -65.23678  -69.79886 332.495929      99.97 3.2084e+02   6856.271     164551  1029.7499  1029.7495    34.7059    34.7054    7.64145         25 0.0000e+00
    427.000    422.373     1.9198  30.667581     1.9196  30.666903     4.0110     4.0603    -0.0142    97.9098 1.0000e-12  -65.23678  -69.79886 332.495942      99.98 3.2243e+02   6857.400     164579  1029.7451  1029.7447    34.7058    34.7052    7.64144         28 0.0000e+00
    426.000    421.382     1.9195  30.666742     1.9193  30.666309     3.9998     4.0604    -0.0039    97.9225 1.0000e-12  -65.23678  -69.79886 332.495955      99.98 3.2262e+02   6858.529     164606  1029.7404  1029.7402    34.7057    34.7054    7.64152         25 0.0000e+00
    425.000    420.395     1.9180  30.664730     1.9190  30.665387     3.9925     4.0595    -0.0059    97.9280 1.0000e-12  -65.23678  -69.79886 332.495966      99.98 3.2261e+02   6859.457     164628  1029.7357  1029.7353    34.7054    34.7051    7.64181         20 0.0000e+00
    424.000    419.407     1.9170  30.663178     1.9173  30.663327     3.9956     4.0535    -0.0008    97.9111 1.0000e-12  -65.23678  -69.79886 332.495975      99.98 3.2261e+02   6860.271     164648  1029.7309  1029.7307    34.7051    34.7049    7.64203         20 0.0000e+00
    423.000    418.418     1.9167  30.662638     1.9164  30.662007     3.9930     4.0485    -0.0007    97.9171 1.0000e-12  -65.23678  -69.79886 332.495986      99.97 3.2346e+02   6861.154     164669  1029.7264  1029.7261    34.7053    34.7048    7.64206         24 0.0000e+00
    422.000    417.431     1.9167  30.662060     1.9166  30.661654     3.9937     4.0523    -0.0091    97.9203 1.0000e-12  -65.23677  -69.79887 332.496005      99.98 3.2322e+02   6862.867     164710  1029.7216  1029.7213    34.7051    34.7047    7.64207         34 0.0000e+00
    421.000    416.442     1.9169  30.661900     1.9167  30.661089     3.9933     4.0510    -0.0064    97.9092 1.0000e-12  -65.23676  -69.79889 332.496031      99.97 3.2258e+02   6865.054     164762  1029.7170  1029.7164    34.7053    34.7044    7.64203         32 0.0000e+00
    420.000    415.455     1.9169  30.661209     1.9165  30.660378     3.9900     4.0477    -0.0042    97.9098 1.0000e-12  -65.23674  -69.79890 332.496042      99.98 3.2261e+02   6866.063     164787  1029.7121  1029.7116    34.7050    34.7044    7.64205         21 0.0000e+00
    419.000    414.466     1.9187  30.661653     1.9181  30.660772     3.9892     4.0484    -0.0039    97.9171 1.0000e-12  -65.23674  -69.79890 332.496052      99.97 3.2143e+02   6866.914     164807  1029.7066  1029.7063    34.7041    34.7037    7.64175         21 0.0000e+00
    418.000    413.477     1.9196  30.661792     1.9186  30.660582     3.9870     4.0454    -0.0066    97.9118 1.0000e-12  -65.23674  -69.79890 332.496064      99.98 3.2085e+02   6867.892     164830  1029.7016  1029.7014    34.7039    34.7035    7.64159         27 0.0000e+00
    417.000    412.490     1.9186  30.660809     1.9181  30.659901     3.9757     4.0410    -0.0052    97.9274 1.0000e-12  -65.23674  -69.79890 332.496078      99.98 3.2084e+02   6869.174     164861  1029.6974  1029.6970    34.7043    34.7038    7.64175         30 0.0000e+00
    416.000    411.501     1.9200  30.661088     1.9194  30.660159     3.9768     4.0417     0.0110    97.9127 1.0000e-12  -65.23674  -69.79890 332.496091      99.98 3.2084e+02   6870.287     164888  1029.6921  1029.6917    34.7037    34.7032    7.64152         23 0.0000e+00
    415.000    410.513     1.9204  30.660892     1.9198  30.659962     3.9843     4.0422     0.0036    97.9213 1.0000e-12  -65.23674  -69.79890 332.496101      99.98 3.1907e+02   6871.110     164908  1029.6873  1029.6870    34.7036    34.7031    7.64144         18 0.0000e+00
    414.000    409.525     1.9207  30.660579     1.9201  30.659728     3.9878     4.0391    -0.0053    97.9005 1.0000e-12  -65.23674  -69.79890 332.496110      99.97 3.1908e+02   6871.869     164926  1029.6824  1029.6822    34.7034    34.7030    7.64139         19 0.0000e+00
    413.000    408.537     1.9205  30.659889     1.9203  30.659289     3.9873     4.0373    -0.0063    97.9095 1.0000e-12  -65.23674  -69.79890 332.496120      99.98 3.1795e+02   6872.801     164948  1029.6778  1029.6774    34.7033    34.7028    7.64144         27 0.0000e+00
    412.000    407.548     1.9207  30.659470     1.9202  30.658710     3.9846     4.0385    -0.0118    97.9138 1.0000e-12  -65.23674  -69.79892 332.496148      99.98 3.1734e+02   6875.215     165006  1029.6730  1029.6727    34.7032    34.7028    7.64141         32 0.0000e+00
    411.000    406.560     1.9208  30.658939     1.9203  30.658238     3.9774     4.0349    -0.0014    97.9097 1.0000e-12  -65.23674  -69.79892 332.496166      99.98 3.1732e+02   6876.751     165043  1029.6682  1029.6679    34.7030    34.7026    7.64141         23 0.0000e+00
    410.000    405.572     1.9209  30.658623     1.9207  30.657907     3.9820     4.0346     0.0086    97.9098 1.0000e-12  -65.23674  -69.79892 332.496176      99.97 3.1732e+02   6877.591     165063  1029.6634  1029.6629    34.7030    34.7023    7.64138         19 0.0000e+00
    409.000    404.585     1.9217  30.658466     1.9212  30.657698     3.9881     4.0355     0.0091    97.9098 1.0000e-12  -65.23674  -69.79892 332.496185      99.98 3.1732e+02   6878.401     165083  1029.6582  1029.6580    34.7025    34.7021    7.64125         21 0.0000e+00
    408.000    403.595     1.9213  30.657817     1.9211  30.657122     3.9796     4.0359    -0.0139    97.9098 1.0000e-12  -65.23672  -69.79892 332.496198      99.98 3.1732e+02   6879.540     165110  1029.6538  1029.6533    34.7027    34.7021    7.64132         31 0.0000e+00
    407.000    402.607     1.9212  30.657282     1.9210  30.656629     3.9706     4.0276    -0.0029    97.9098 1.0000e-12  -65.23672  -69.79892 332.496217      99.97 3.1732e+02   6881.138     165148  1029.6492  1029.6487    34.7027    34.7021    7.64135         33 0.0000e+00
    406.000    401.620     1.9217  30.656976     1.9215  30.656248     3.9571     4.0265    -0.0039    97.9098 1.0000e-12  -65.23672  -69.79892 332.496230      99.98 3.1732e+02   6882.272     165176  1029.6442  1029.6436    34.7023    34.7017    7.64127         23 0.0000e+00
    405.000    400.631     1.9222  30.656541     1.9216  30.655839     3.9618     4.0286    -0.0036    97.9098 1.0000e-12  -65.23672  -69.79892 332.496240      99.98 3.1852e+02   6883.122     165196  1029.6390  1029.6389    34.7018    34.7016    7.64120         18 0.0000e+00
    404.000    399.642     1.9229  30.656551     1.9225  30.655758     3.9646     4.0284    -0.0055    97.9098 1.0000e-12  -65.23672  -69.79892 332.496249      99.98 3.1909e+02   6883.904     165215  1029.6341  1029.6337    34.7016    34.7010    7.64107         20 0.0000e+00
    403.000    398.654     1.9233  30.656248     1.9230  30.655625     3.9747     4.0255    -0.0056    97.9098 1.0000e-12  -65.23672  -69.79892 332.496259      99.98 3.1908e+02   6884.787     165236  1029.6292  1029.6289    34.7014    34.7009    7.64101         24 0.0000e+00
    402.000    397.665     1.9234  30.655935     1.9226  30.654939     3.9686     4.0178    -0.0017    97.9098 1.0000e-12  -65.23672  -69.79892 332.496274      99.98 3.1908e+02   6886.062     165266  1029.6245  1029.6243    34.7014    34.7010    7.64098         35 0.0000e+00
    401.000    396.679     1.9242  30.655910     1.9235  30.654933     3.9651     4.0205     0.0032    97.9098 1.0000e-12  -65.23671  -69.79892 332.496299      99.98 3.2059e+02   6888.259     165319  1029.6196  1029.6193    34.7011    34.7006    7.64085         39 0.0000e+00
    400.000    395.690     1.9242  30.655432     1.9239  30.654709     3.9649     4.0206    -0.0105    97.9098 1.0000e-12  -65.23670  -69.79892 332.496322      99.98 3.2084e+02   6890.207     165366  1029.6149  1029.6144    34.7011    34.7004    7.64085         33 0.0000e+00
    399.000    394.701     1.9252  30.655671     1.9245  30.654695     3.9529     4.0149    -0.0048    97.9098 1.0000e-12  -65.23670  -69.79892 332.496336      99.98 3.2084e+02   6891.438     165396  1029.6099  1029.6096    34.7008    34.7003    7.64067         24 0.0000e+00
    398.000    393.713     1.9278  30.657040     1.9277  30.656381     3.9496     4.0114    -0.0045    97.9098 1.0000e-12  -65.23670  -69.79892 332.496346      99.98 3.2084e+02   6892.267     165415  1029.6045  1029.6040    34.7003    34.6996    7.64020         18 0.0000e+00
    397.000    392.725     1.9292  30.657226     1.9285  30.656392     3.9453     4.0099    -0.0000    97.9098 1.0000e-12  -65.23670  -69.79892 332.496354      99.97 3.2084e+02   6892.944     165432  1029.5992  1029.5989    34.6996    34.6992    7.63997         15 0.0000e+00
    396.000    391.737     1.9296  30.656614     1.9290  30.655843     3.9497     4.0098     0.0025    97.9098 1.0000e-12  -65.23670  -69.79892 332.496361      99.98 3.2084e+02   6893.587     165447  1029.5939  1029.5937    34.6989    34.6986    7.63993         15 0.0000e+00
    395.000    390.747     1.9301  30.656446     1.9299  30.655675     3.9587     4.0043     0.0022    97.9098 1.0000e-12  -65.23670  -69.79892 332.496369      99.98 3.2084e+02   6894.241     165463  1029.5890  1029.5885    34.6987    34.6980    7.63984         17 0.0000e+00
    394.000    389.760     1.9307  30.656267     1.9300  30.655358     3.9598     4.0051     0.0117    97.9098 1.0000e-12  -65.23670  -69.79892 332.496377      99.97 3.2084e+02   6895.006     165481  1029.5840  1029.5838    34.6984    34.6979    7.63975         21 0.0000e+00
    393.000    388.772     1.9301  30.655492     1.9290  30.654374     3.9573     4.0100     0.0078    97.9001 1.0000e-12  -65.23670  -69.79892 332.496392      99.98 3.2102e+02   6896.287     165512  1029.5797  1029.5796    34.6987    34.6984    7.63985         30 0.0000e+00
    392.000    387.781     1.9318  30.655631     1.9313  30.654896     3.9564     4.0076    -0.0041    97.9044 1.0000e-12  -65.23668  -69.79892 332.496433      99.98 3.2256e+02   6899.781     165596  1029.5739  1029.5736    34.6975    34.6971    7.63957         34 0.0000e+00
    391.000    386.796     1.9304  30.654734     1.9304  30.654050     3.9498     4.0092    -0.0063    97.8933 1.0000e-12  -65.23668  -69.79892 332.496450      99.98 3.2261e+02   6901.242     165631  1029.5702  1029.5695    34.6984    34.6976    7.63979         24 0.0000e+00
    390.000    385.808     1.9312  30.654617     1.9307  30.653727     3.9503     4.0122    -0.0061    97.9103 1.0000e-12  -65.23668  -69.79892 332.496459      99.98 3.2261e+02   6902.089     165651  1029.5650  1029.5647    34.6980    34.6975    7.63966         18 0.0000e+00
    389.000    384.816     1.9323  30.654492     1.9321  30.653847     3.9497     4.0052    -0.0063    97.9049 1.0000e-12  -65.23668  -69.79893 332.496467      99.98 3.2093e+02   6902.781     165668  1029.5597  1029.5592    34.6972    34.6966    7.63949         16 0.0000e+00
    388.000    383.831     1.9326  30.654172     1.9322  30.653462     3.9444     4.0025    -0.0054    97.8857 1.0000e-12  -65.23668  -69.79894 332.496475      99.98 3.2084e+02   6903.439     165684  1029.5548  1029.5545    34.6971    34.6966    7.63945         16 0.0000e+00
    387.000    382.840     1.9327  30.653796     1.9324  30.653152     3.9452     4.0034     0.0027    97.8857 1.0000e-12  -65.23668  -69.79894 332.496483      99.98 3.2084e+02   6904.097     165699  1029.5502  1029.5497    34.6971    34.6965    7.63943         16 0.0000e+00
    386.000    381.854     1.9327  30.653328     1.9325  30.652710     3.9439     4.0016    -0.0044    97.8841 1.0000e-12  -65.23668  -69.79894 332.496491      99.97 3.2084e+02   6904.856     165718  1029.5455  1029.5450    34.6970    34.6964    7.63943         21 0.0000e+00
    385.000    380.865     1.9325  30.652782     1.9322  30.652119     3.9492     3.9968    -0.0098    97.9061 1.0000e-12  -65.23668  -69.79894 332.496505      99.98 3.2084e+02   6906.008     165745  1029.5409  1029.5405    34.6971    34.6966    7.63946         33 0.0000e+00
    384.000    379.876     1.9327  30.652414     1.9324  30.651633     3.9522     3.9959    -0.0065    97.8999 1.0000e-12  -65.23668  -69.79892 332.496530      99.98 3.2084e+02   6908.169     165797  1029.5361  1029.5357    34.6970    34.6964    7.63942         38 0.0000e+00
    383.000    378.889     1.9327  30.651882     1.9324  30.651124     3.9486     4.0007    -0.0140    97.9052 1.0000e-12  -65.23668  -69.79892 332.496549      99.98 3.1927e+02   6909.819     165837  1029.5314  1029.5310    34.6969    34.6963    7.63943         33 0.0000e+00
    382.000    377.899     1.9331  30.651689     1.9330  30.651034     3.9467     3.9972    -0.0124    97.8997 1.0000e-12  -65.23668  -69.79892 332.496563      99.98 3.1902e+02   6911.058     165866  1029.5266  1029.5261    34.6968    34.6961    7.63936         28 0.0000e+00
    381.000    376.912     1.9345  30.652112     1.9338  30.651191     3.9467     3.9885    -0.0044    97.9012 1.0000e-12  -65.23668  -69.79892 332.496577      99.98 3.1732e+02   6912.252     165895  1029.5214  1029.5212    34.6964    34.6960    7.63912         27 0.0000e+00
    380.000    375.923     1.9359  30.652552     1.9356  30.651782     3.9469     3.9903     0.0014    97.9100 1.0000e-12  -65.23666  -69.79892 332.496590      99.97 3.1732e+02   6913.405     165923  1029.5163  1029.5158    34.6959    34.6953    7.63887         27 0.0000e+00
