NBP2113_155081_ctd/data/unbp2113_021.cnv
* Sea-Bird SBE 9 Data File:
* FileName = D:\Data\raw\NBP2113_021.hex
* Software Version Seasave V 7.26.7.121
* Temperature SN = 2438
* Conductivity SN = 2067
* Number of Bytes Per Scan = 40
* Number of Voltage Words = 5
* Number of Scans Averaged by the Deck Unit = 1
* NMEA Latitude = 68 01.86 S
* NMEA Longitude = 069 17.12 W
* NMEA UTC (Time) = Nov 30 2021  19:30:12
* NMEA baud rate = 9600
** Ship: RVIB N.B. Palmer
** Cruise: NBP2113 LTER
** Station: 200.-040
** Operator: S. Blackman
# nquan = 25
# nvalues = 458                         
# units = specified
# name 0 = prDM: Pressure, Digiquartz [db]
# name 1 = depSM: Depth [salt water, m]
# name 2 = t090C: Temperature [ITS-90, deg C]
# name 3 = c0mS/cm: Conductivity [mS/cm]
# name 4 = t190C: Temperature, 2 [ITS-90, deg C]
# name 5 = c1mS/cm: Conductivity, 2 [mS/cm]
# name 6 = sbeox0ML/L: Oxygen, SBE 43 [ml/l]
# name 7 = sbeox1ML/L: Oxygen, SBE 43, 2 [ml/l]
# name 8 = flECO-AFL: Fluorescence, WET Labs ECO-AFL/FL [mg/m^3]
# name 9 = CStarTr0: Beam Transmission, WET Labs C-Star [%]
# name 10 = par: PAR/Irradiance, Biospherical/Licor
# name 11 = latitude: Latitude [deg]
# name 12 = longitude: Longitude [deg]
# name 13 = timeJ: Julian Days
# name 14 = altM: Altimeter [m]
# name 15 = spar: SPAR, Biospherical/Licor
# name 16 = timeS: Time, Elapsed [seconds]
# name 17 = scan: Scan Count
# name 18 = density00: Density [density, kg/m^3]
# name 19 = density11: Density, 2 [density, kg/m^3]
# name 20 = sal00: Salinity, Practical [PSU]
# name 21 = sal11: Salinity, Practical, 2 [PSU]
# name 22 = oxsolML/L: Oxygen Saturation, Garcia & Gordon [ml/l]
# name 23 = nbin: number of scans per bin
# name 24 = flag: flag
# span 0 =      1.000,    458.000       
# span 1 =      0.988,    452.916       
# span 2 =    -1.2803,     1.3801       
# span 3 =  27.108473,  30.203296       
# span 4 =    -1.2687,     1.3800       
# span 5 =  27.118866,  30.202343       
# span 6 =     3.9917,     9.8232       
# span 7 =     4.0611,     8.5145       
# span 8 =    -0.0166,     2.9800       
# span 9 =    85.6770,    97.2845       
# span 10 = 1.0000e-12, 3.6841e+02      
# span 11 =  -68.03100,  -68.03060      
# span 12 =  -69.28626,  -69.28540      
# span 13 = 334.824376, 334.831107      
# span 14 =      10.39,     105.42      
# span 15 = 2.8733e+02, 3.2444e+02      
# span 16 =   1014.084,   1595.678      
# span 17 =      24339,      38297      
# span 18 =  1027.1700,  1029.9280      
# span 19 =  1027.1686,  1029.9270      
# span 20 =    33.7926,    34.6950      
# span 21 =    33.7910,    34.6939      
# span 22 =    7.74703,    8.35462      
# span 23 =         12,         48      
# span 24 = 0.0000e+00, 0.0000e+00      
# interval = decibars: 1                
# start_time = Nov 30 2021 19:30:12 [NMEA time, header]
# bad_flag = -9.990e-29
*END*
    458.000    452.916     1.3800  30.203296     1.3800  30.202343     4.0032     4.0611    -0.0111    97.2508 1.0000e-12  -68.03077  -69.28598 334.824376      10.39 3.0496e+02   1014.084      24339  1029.9280  1029.9270    34.6945    34.6933    7.74706         28 0.0000e+00
    457.000    451.929     1.3801  30.203099     1.3800  30.202042     4.0066     4.0614    -0.0118    97.2151 1.0000e-12  -68.03076  -69.28599 334.824416      11.67 3.0498e+02   1017.540      24422  1029.9235  1029.9225    34.6948    34.6935    7.74703         37 0.0000e+00
    456.000    450.940     1.3800  30.202415     1.3799  30.201436     4.0013     4.0694     0.0004    97.2171 1.0000e-12  -68.03075  -69.28600 334.824513      13.08 3.0489e+02   1025.880      24622  1029.9187  1029.9178    34.6945    34.6934    7.74706         40 0.0000e+00
    455.000    449.953     1.3800  30.201941     1.3800  30.200964     3.9917     4.0673    -0.0052    97.2312 1.0000e-12  -68.03074  -69.28600 334.824531      13.89 3.0377e+02   1027.469      24660  1029.9139  1029.9130    34.6945    34.6933    7.74706         27 0.0000e+00
    454.000    448.964     1.3799  30.201412     1.3797  30.200456     4.0037     4.0677    -0.0062    97.2148 1.0000e-12  -68.03074  -69.28600 334.824542      14.79 3.0323e+02   1028.465      24684  1029.9093  1029.9085    34.6945    34.6935    7.74708         24 0.0000e+00
    453.000    447.977     1.3796  30.200931     1.3795  30.199996     4.0053     4.0683    -0.0052    97.2214 1.0000e-12  -68.03074  -69.28602 334.824555      15.87 3.0322e+02   1029.583      24711  1029.9049  1029.9040    34.6948    34.6938    7.74712         32 0.0000e+00
    452.000    446.989     1.3796  30.200495     1.3795  30.199493     3.9967     4.0680    -0.0042    97.1936 1.0000e-12  -68.03074  -69.28602 334.824578      17.05 3.0322e+02   1031.516      24757  1029.9002  1029.8993    34.6948    34.6937    7.74713         38 0.0000e+00
    451.000    446.002     1.3796  30.200089     1.3795  30.199123     4.0016     4.0653    -0.0129    97.2025 1.0000e-12  -68.03074  -69.28603 334.824595      17.83 3.0322e+02   1033.007      24793  1029.8956  1029.8947    34.6949    34.6938    7.74713         25 0.0000e+00
    450.000    445.014     1.3795  30.199570     1.3794  30.198675     4.0021     4.0662    -0.0150    97.2148 1.0000e-12  -68.03074  -69.28603 334.824605      18.78 3.0322e+02   1033.886      24814  1029.8910  1029.8900    34.6950    34.6939    7.74715         19 0.0000e+00
    449.000    444.024     1.3794  30.198976     1.3793  30.197953     4.0047     4.0654    -0.0101    97.2003 1.0000e-12  -68.03074  -69.28603 334.824614      19.77 3.0322e+02   1034.644      24832  1029.8861  1029.8852    34.6948    34.6937    7.74716         18 0.0000e+00
    448.000    443.038     1.3794  30.198473     1.3793  30.197493     4.0087     4.0644    -0.0056    97.2004 1.0000e-12  -68.03074  -69.28604 334.824623      20.60 3.0322e+02   1035.426      24851  1029.8814  1029.8806    34.6947    34.6936    7.74716         20 0.0000e+00
    447.000    442.049     1.3794  30.197990     1.3793  30.197028     4.0058     4.0650    -0.0049    97.2088 1.0000e-12  -68.03074  -69.28602 334.824634      21.96 3.0322e+02   1036.407      24875  1029.8767  1029.8759    34.6947    34.6936    7.74717         28 0.0000e+00
    446.000    441.062     1.3793  30.197526     1.3793  30.196584     4.0048     4.0677    -0.0032    97.2233 1.0000e-12  -68.03074  -69.28603 334.824650      23.12 3.0292e+02   1037.787      24908  1029.8721  1029.8712    34.6948    34.6937    7.74718         36 0.0000e+00
    445.000    440.074     1.3792  30.196945     1.3791  30.196083     4.0012     4.0636    -0.0043    97.2252 1.0000e-12  -68.03074  -69.28602 334.824667      24.26 3.0174e+02   1039.255      24943  1029.8674  1029.8666    34.6947    34.6938    7.74720         34 0.0000e+00
    444.000    439.087     1.3791  30.196625     1.3791  30.195585     3.9969     4.0637    -0.0048    97.2353 1.0000e-12  -68.03073  -69.28602 334.824683      25.12 3.0145e+02   1040.575      24975  1029.8629  1029.8619    34.6950    34.6937    7.74721         30 0.0000e+00
    443.000    438.099     1.3790  30.195955     1.3789  30.195110     3.9928     4.0694    -0.0060    97.2153 1.0000e-12  -68.03072  -69.28602 334.824696      26.02 3.0145e+02   1041.747      25003  1029.8581  1029.8574    34.6949    34.6939    7.74724         26 0.0000e+00
    442.000    437.111     1.3790  30.195270     1.3789  30.194506     3.9923     4.0664     0.0015    97.2335 1.0000e-12  -68.03072  -69.28603 334.824708      27.06 3.0145e+02   1042.736      25027  1029.8532  1029.8526    34.6946    34.6938    7.74726         21 0.0000e+00
    441.000    436.123     1.3789  30.194245     1.3787  30.193464     3.9994     4.0677     0.0019    97.2140 1.0000e-12  -68.03072  -69.28604 334.824717      28.03 3.0145e+02   1043.568      25047  1029.8481  1029.8474    34.6940    34.6932    7.74732         19 0.0000e+00
    440.000    435.134     1.3790  30.193446     1.3788  30.192587     4.0035     4.0679     0.0023    97.2091 1.0000e-12  -68.03072  -69.28604 334.824726      28.76 3.0145e+02   1044.341      25065  1029.8429  1029.8422    34.6934    34.6925    7.74733         19 0.0000e+00
    439.000    434.146     1.3790  30.192625     1.3788  30.191818     4.0019     4.0677    -0.0058    97.2201 1.0000e-12  -68.03072  -69.28606 334.824736      29.63 3.0145e+02   1045.165      25085  1029.8378  1029.8372    34.6929    34.6921    7.74735         22 0.0000e+00
    438.000    433.159     1.3788  30.191944     1.3787  30.191244     3.9991     4.0688    -0.0128    97.2148 1.0000e-12  -68.03072  -69.28606 334.824748      31.04 3.0145e+02   1046.214      25110  1029.8332  1029.8326    34.6929    34.6921    7.74739         29 0.0000e+00
    437.000    432.171     1.3788  30.191859     1.3787  30.191135     4.0017     4.0713     0.0060    97.2146 1.0000e-12  -68.03072  -69.28605 334.824764      32.15 3.0145e+02   1047.631      25144  1029.8289  1029.8282    34.6934    34.6925    7.74737         38 0.0000e+00
    436.000    431.183     1.3785  30.190741     1.3786  30.190502     4.0049     4.0697     0.0054    97.1979 1.0000e-12  -68.03072  -69.28604 334.824782      33.13 3.0145e+02   1049.156      25181  1029.8238  1029.8234    34.6928    34.6924    7.74745         33 0.0000e+00
    435.000    430.195     1.3785  30.190421     1.3782  30.189116     3.9980     4.0657     0.0020    97.2265 1.0000e-12  -68.03071  -69.28604 334.824799      34.24 2.9967e+02   1050.596      25215  1029.8192  1029.8182    34.6929    34.6916    7.74744         33 0.0000e+00
    434.000    429.208     1.3782  30.189213     1.3779  30.188094     3.9956     4.0678    -0.0059    97.2164 1.0000e-12  -68.03070  -69.28604 334.824813      35.48 2.9969e+02   1051.833      25245  1029.8140  1029.8132    34.6923    34.6912    7.74753         26 0.0000e+00
    433.000    428.220     1.3787  30.188550     1.3784  30.187542     4.0044     4.0660    -0.0061    97.2213 1.0000e-12  -68.03070  -69.28604 334.824825      35.75 2.9969e+02   1052.840      25269  1029.8087  1029.8080    34.6915    34.6906    7.74748         23 0.0000e+00
    432.000    427.231     1.3791  30.188359     1.3787  30.187275     4.0048     4.0658     0.0003    97.2376 1.0000e-12  -68.03070  -69.28605 334.824835      36.79 2.9969e+02   1053.721      25290  1029.8038  1029.8031    34.6914    34.6905    7.74741         20 0.0000e+00
    431.000    426.243     1.3792  30.187951     1.3790  30.186947     3.9996     4.0663     0.0003    97.2403 1.0000e-12  -68.03070  -69.28607 334.824845      38.35 2.9969e+02   1054.583      25311  1029.7991  1029.7983    34.6914    34.6903    7.74740         21 0.0000e+00
    430.000    425.256     1.3790  30.187235     1.3789  30.186392     4.0019     4.0657    -0.0017    97.2403 1.0000e-12  -68.03070  -69.28608 334.824855      39.24 2.9969e+02   1055.479      25332  1029.7944  1029.7936    34.6913    34.6902    7.74745         22 0.0000e+00
    429.000    424.267     1.3789  30.186650     1.3788  30.185723     4.0055     4.0639    -0.0055    97.2291 1.0000e-12  -68.03070  -69.28608 334.824866      40.06 2.9969e+02   1056.417      25355  1029.7896  1029.7888    34.6911    34.6901    7.74746         23 0.0000e+00
    428.000    423.280     1.3788  30.186155     1.3787  30.185175     4.0021     4.0699    -0.0064    97.2291 1.0000e-12  -68.03070  -69.28610 334.824877      41.20 2.9969e+02   1057.373      25378  1029.7850  1029.7841    34.6912    34.6901    7.74748         23 0.0000e+00
    427.000    422.291     1.3787  30.185511     1.3785  30.184676     3.9962     4.0687    -0.0064    97.2368 1.0000e-12  -68.03070  -69.28610 334.824888      41.90 2.9969e+02   1058.314      25401  1029.7802  1029.7795    34.6911    34.6902    7.74750         22 0.0000e+00
    426.000    421.305     1.3787  30.185008     1.3785  30.184074     3.9969     4.0671    -0.0062    97.2201 1.0000e-12  -68.03070  -69.28610 334.824899      43.32 2.9969e+02   1059.261      25423  1029.7755  1029.7747    34.6911    34.6900    7.74752         24 0.0000e+00
    425.000    420.315     1.3787  30.184535     1.3785  30.183675     4.0014     4.0641     0.0003    97.2276 1.0000e-12  -68.03070  -69.28610 334.824912      44.36 2.9969e+02   1060.375      25450  1029.7708  1029.7701    34.6910    34.6901    7.74752         31 0.0000e+00
    424.000    419.329     1.3786  30.184131     1.3785  30.183147     4.0070     4.0615    -0.0043    97.2419 1.0000e-12  -68.03070  -69.28608 334.824934      45.53 2.9944e+02   1062.318      25497  1029.7663  1029.7654    34.6911    34.6901    7.74752         43 0.0000e+00
    423.000    418.340     1.3786  30.183666     1.3783  30.182497     3.9982     4.0694     0.0031    97.2229 1.0000e-12  -68.03070  -69.28608 334.824959      46.24 2.9787e+02   1064.472      25548  1029.7615  1029.7606    34.6912    34.6899    7.74753         32 0.0000e+00
    422.000    417.353     1.3784  30.182493     1.3781  30.181727     4.0003     4.0687    -0.0012    97.2421 1.0000e-12  -68.03068  -69.28608 334.824971      47.19 2.9793e+02   1065.450      25572  1029.7564  1029.7558    34.6905    34.6898    7.74761         21 0.0000e+00
    421.000    416.363     1.3763  30.178352     1.3767  30.178610     4.0036     4.0675    -0.0055    97.2373 1.0000e-12  -68.03068  -69.28608 334.824979      48.11 2.9793e+02   1066.207      25590  1029.7500  1029.7498    34.6881    34.6879    7.74815         17 0.0000e+00
    420.000    415.376     1.3745  30.174998     1.3749  30.174752     4.0083     4.0663    -0.0140    97.2418 1.0000e-12  -68.03068  -69.28611 334.824987      49.44 2.9793e+02   1066.886      25606  1029.7441  1029.7435    34.6863    34.6856    7.74858         16 0.0000e+00
    419.000    414.389     1.3742  30.173829     1.3741  30.172993     4.0043     4.0659    -0.0087    97.2227 1.0000e-12  -68.03068  -69.28612 334.824995      50.22 2.9793e+02   1067.565      25623  1029.7390  1029.7382    34.6858    34.6848    7.74868         17 0.0000e+00
    418.000    413.399     1.3741  30.173349     1.3740  30.172628     4.0023     4.0715    -0.0077    97.2260 1.0000e-12  -68.03068  -69.28612 334.825004      51.28 2.9793e+02   1068.326      25641  1029.7344  1029.7337    34.6858    34.6850    7.74869         20 0.0000e+00
    417.000    412.412     1.3744  30.173517     1.3748  30.173595     3.9962     4.0722    -0.0102    97.2371 1.0000e-12  -68.03068  -69.28612 334.825015      52.41 2.9793e+02   1069.338      25665  1029.7300  1029.7296    34.6863    34.6859    7.74861         30 0.0000e+00
    416.000    411.424     1.3742  30.172842     1.3742  30.172000     4.0064     4.0679    -0.0004    97.2293 1.0000e-12  -68.03068  -69.28613 334.825033      53.66 2.9793e+02   1070.844      25701  1029.7252  1029.7244    34.6862    34.6852    7.74865         38 0.0000e+00
    415.000    410.436     1.3741  30.172299     1.3743  30.171840     4.0046     4.0674    -0.0116    97.2197 1.0000e-12  -68.03068  -69.28614 334.825049      54.65 2.9793e+02   1072.250      25735  1029.7205  1029.7199    34.6862    34.6854    7.74867         28 0.0000e+00
    414.000    409.448     1.3741  30.171786     1.3738  30.170614     4.0026     4.0674    -0.0010    97.2405 1.0000e-12  -68.03068  -69.28614 334.825061      55.65 2.9793e+02   1073.258      25759  1029.7158  1029.7148    34.6861    34.6849    7.74868         23 0.0000e+00
    413.000    408.459     1.3736  30.170644     1.3736  30.169925     4.0001     4.0681    -0.0054    97.2466 1.0000e-12  -68.03068  -69.28614 334.825071      56.50 2.9793e+02   1074.129      25780  1029.7109  1029.7101    34.6858    34.6849    7.74879         20 0.0000e+00
    412.000    407.471     1.3733  30.169591     1.3731  30.168667     3.9999     4.0693    -0.0132    97.2450 1.0000e-12  -68.03068  -69.28614 334.825081      57.87 2.9793e+02   1075.003      25801  1029.7059  1029.7052    34.6854    34.6844    7.74888         22 0.0000e+00
    411.000    406.484     1.3731  30.169092     1.3730  30.168253     4.0043     4.0707    -0.0161    97.2437 1.0000e-12  -68.03068  -69.28613 334.825093      58.73 2.9793e+02   1076.066      25827  1029.7014  1029.7005    34.6856    34.6845    7.74891         31 0.0000e+00
    410.000    405.494     1.3733  30.168849     1.3732  30.167951     4.0068     4.0703    -0.0166    97.1881 1.0000e-12  -68.03068  -69.28612 334.825118      59.72 2.9793e+02   1078.186      25877  1029.6967  1029.6958    34.6856    34.6846    7.74887         36 0.0000e+00
    409.000    404.509     1.3732  30.168345     1.3731  30.167380     4.0065     4.0680    -0.0139    97.2505 1.0000e-12  -68.03068  -69.28612 334.825140      61.05 2.9793e+02   1080.053      25922  1029.6920  1029.6911    34.6856    34.6845    7.74888         30 0.0000e+00
    408.000    403.519     1.3730  30.167625     1.3728  30.166594     4.0094     4.0670    -0.0068    97.2553 1.0000e-12  -68.03068  -69.28614 334.825152      61.73 2.9793e+02   1081.099      25947  1029.6873  1029.6863    34.6855    34.6844    7.74893         24 0.0000e+00
    407.000    402.532     1.3727  30.166841     1.3725  30.165891     4.0036     4.0679    -0.0053    97.2404 1.0000e-12  -68.03068  -69.28614 334.825162      62.38 2.9793e+02   1082.035      25970  1029.6825  1029.6817    34.6854    34.6844    7.74899         21 0.0000e+00
    406.000    401.545     1.3727  30.166325     1.3726  30.165407     4.0072     4.0676    -0.0054    97.2629 1.0000e-12  -68.03067  -69.28615 334.825173      63.38 2.9793e+02   1082.950      25992  1029.6778  1029.6770    34.6853    34.6843    7.74900         22 0.0000e+00
    405.000    400.554     1.3726  30.165850     1.3724  30.164945     4.0013     4.0702    -0.0060    97.2563 1.0000e-12  -68.03066  -69.28616 334.825183      65.16 2.9793e+02   1083.830      26013  1029.6731  1029.6723    34.6854    34.6844    7.74901         21 0.0000e+00
    404.000    399.566     1.3725  30.165195     1.3724  30.164280     4.0045     4.0678    -0.0053    97.2514 1.0000e-12  -68.03066  -69.28616 334.825193      65.68 2.9793e+02   1084.701      26034  1029.6684  1029.6675    34.6853    34.6842    7.74904         21 0.0000e+00
    403.000    398.580     1.3723  30.164542     1.3722  30.163734     4.0092     4.0680    -0.0056    97.2109 1.0000e-12  -68.03066  -69.28616 334.825204      66.57 2.9793e+02   1085.634      26056  1029.6636  1029.6629    34.6852    34.6842    7.74908         25 0.0000e+00
    402.000    397.591     1.3722  30.163969     1.3723  30.163265     4.0084     4.0685    -0.0117    97.2239 1.0000e-12  -68.03067  -69.28616 334.825219      67.86 2.9793e+02   1086.893      26086  1029.6589  1029.6581    34.6851    34.6842    7.74910         36 0.0000e+00
