NBP2113_155081_ctd/data/unbp2113_030.cnv
* Sea-Bird SBE 9 Data File:
* FileName = D:\Data\raw\NBP2113_030.hex
* Software Version Seasave V 7.26.7.121
* Temperature SN = 2438
* Conductivity SN = 2067
* Number of Bytes Per Scan = 40
* Number of Voltage Words = 5
* Number of Scans Averaged by the Deck Unit = 1
* NMEA Latitude = 66 50.58 S
* NMEA Longitude = 068 39.78 W
* NMEA UTC (Time) = Dec 05 2021  03:50:51
* NMEA baud rate = 9600
** Ship: RVIB N.B. Palmer
** Cruise: NBP2113 LTER
** Station: AS02
** Operator: B. Urmston
# nquan = 25
# nvalues = 243                         
# units = specified
# name 0 = prDM: Pressure, Digiquartz [db]
# name 1 = depSM: Depth [salt water, m]
# name 2 = t090C: Temperature [ITS-90, deg C]
# name 3 = c0mS/cm: Conductivity [mS/cm]
# name 4 = t190C: Temperature, 2 [ITS-90, deg C]
# name 5 = c1mS/cm: Conductivity, 2 [mS/cm]
# name 6 = sbeox0ML/L: Oxygen, SBE 43 [ml/l]
# name 7 = sbeox1ML/L: Oxygen, SBE 43, 2 [ml/l]
# name 8 = flECO-AFL: Fluorescence, WET Labs ECO-AFL/FL [mg/m^3]
# name 9 = CStarTr0: Beam Transmission, WET Labs C-Star [%]
# name 10 = par: PAR/Irradiance, Biospherical/Licor
# name 11 = latitude: Latitude [deg]
# name 12 = longitude: Longitude [deg]
# name 13 = timeJ: Julian Days
# name 14 = altM: Altimeter [m]
# name 15 = spar: SPAR, Biospherical/Licor
# name 16 = timeS: Time, Elapsed [seconds]
# name 17 = scan: Scan Count
# name 18 = density00: Density [density, kg/m^3]
# name 19 = density11: Density, 2 [density, kg/m^3]
# name 20 = sal00: Salinity, Practical [PSU]
# name 21 = sal11: Salinity, Practical, 2 [PSU]
# name 22 = oxsolML/L: Oxygen Saturation, Garcia & Gordon [ml/l]
# name 23 = nbin: number of scans per bin
# name 24 = flag: flag
# span 0 =      1.000,    243.000       
# span 1 =      0.990,    240.447       
# span 2 =    -0.9241,     1.1594       
# span 3 =  27.355311,  29.859216       
# span 4 =    -0.9243,     1.1548       
# span 5 =  27.354043,  29.854226       
# span 6 =     4.2852,    11.7672       
# span 7 =     4.3568,     9.9183       
# span 8 =    -0.0022,     1.1774       
# span 9 =    89.7178,    95.1542       
# span 10 = 1.0000e-12, 2.3446e+00      
# span 11 =  -66.84294,  -66.84282      
# span 12 =  -68.66278,  -68.66248      
# span 13 = 339.170446, 339.176925      
# span 14 =       8.51,     100.69      
# span 15 = 0.0000e+00, 0.0000e+00      
# span 16 =    875.567,   1435.365      
# span 17 =      21015,      34450      
# span 18 =  1027.1434,  1028.8779      
# span 19 =  1027.1423,  1028.8773      
# span 20 =    33.7597,    34.6229      
# span 21 =    33.7583,    34.6217      
# span 22 =    7.79457,    8.27849      
# span 23 =          9,         45      
# span 24 = 0.0000e+00, 0.0000e+00      
# interval = decibars: 1                
# start_time = Dec 05 2021 03:50:51 [NMEA time, header]
# bad_flag = -9.990e-29
*END*
[from data line 116]
    127.000    125.701    -0.6595  27.840063    -0.6581  27.841235     7.0376     7.0284     0.2336    94.5237 1.0000e-12  -66.84288  -68.66268 339.173670      99.97 0.0000e+00   1154.072      27699  1027.9929  1027.9926    34.0679    34.0678    8.20365         17 0.0000e+00
    126.000    124.709    -0.6634  27.834296    -0.6642  27.832823     7.0429     7.0262     0.2672    94.4850 1.0000e-12  -66.84288  -68.66268 339.173678      99.97 0.0000e+00   1154.809      27716  1027.9861  1027.9851    34.0651    34.0639    8.20465         19 0.0000e+00
    125.000    123.721    -0.6640  27.833487    -0.6622  27.835155     7.0286     7.0308     0.3214    94.3330 1.0000e-12  -66.84288  -68.66268 339.173692      99.97 0.0000e+00   1156.001      27745  1027.9813  1027.9813    34.0653    34.0654    8.20477         27 0.0000e+00
    124.000    122.732    -0.6625  27.834956    -0.6620  27.834312     7.0210     7.0631     0.3356    94.4091 1.0000e-12  -66.84288  -68.66265 339.173744      99.97 0.0000e+00   1160.458      27852  1027.9768  1027.9756    34.0662    34.0647    8.20439         45 0.0000e+00
    123.000    121.742    -0.6748  27.817478    -0.6793  27.810136     7.1166     7.1719     0.3775    94.2606 1.0000e-12  -66.84288  -68.66268 339.173819      99.97 0.0000e+00   1166.951      28008  1027.9650  1027.9615    34.0570    34.0522    8.20759         21 0.0000e+00
    122.000    120.754    -0.6736  27.817694    -0.6723  27.819261     7.2204     7.2162     0.3921    94.3702 1.0000e-12  -66.84288  -68.66268 339.173827      99.97 0.0000e+00   1167.669      28025  1027.9598  1027.9602    34.0566    34.0572    8.20736         19 0.0000e+00
    121.000    119.762    -0.6788  27.810198    -0.6774  27.811388     7.2819     7.2875     0.3185    94.3339 1.0000e-12  -66.84288  -68.66268 339.173836      99.97 0.0000e+00   1168.465      28044  1027.9525  1027.9524    34.0530    34.0530    8.20870         20 0.0000e+00
    120.000    118.774    -0.6935  27.789760    -0.6905  27.793399     7.2662     7.3408     0.3576    94.2465 1.0000e-12  -66.84288  -68.66266 339.173847      99.97 0.0000e+00   1169.354      28065  1027.9403  1027.9413    34.0425    34.0440    8.21249         23 0.0000e+00
    119.000    117.784    -0.6992  27.782129    -0.7126  27.762131     7.2571     7.3466     0.3775    94.1537 1.0000e-12  -66.84288  -68.66266 339.173860      99.97 0.0000e+00   1170.513      28093  1027.9332  1027.9245    34.0392    34.0273    8.21392         31 0.0000e+00
    118.000    116.795    -0.6946  27.787490    -0.7083  27.767925     7.1544     7.2673     0.5128    94.1183 1.0000e-12  -66.84288  -68.66266 339.173878      99.97 0.0000e+00   1172.078      28131  1027.9301  1027.9221    34.0420    34.0309    8.21277         36 0.0000e+00
    117.000    115.805    -0.6947  27.787054    -0.6964  27.783017     7.4012     7.4029     0.4360    94.1360 1.0000e-12  -66.84288  -68.66267 339.173958      99.97 0.0000e+00   1178.929      28295  1027.9251  1027.9223    34.0420    34.0386    8.21277         23 0.0000e+00
    116.000    114.816    -0.7155  27.756798    -0.7147  27.757332     7.5400     7.4849     0.4268    94.0348 1.0000e-12  -66.84288  -68.66268 339.173985      99.97 0.0000e+00   1181.308      28352  1027.9081  1027.9077    34.0252    34.0250    8.21828         19 0.0000e+00
    115.000    113.825    -0.7469  27.714241    -0.7495  27.709025     7.5538     7.4720     0.4422    93.9043 1.0000e-12  -66.84288  -68.66268 339.173995      99.97 0.0000e+00   1182.157      28373  1027.8882  1027.8848    34.0037    33.9995    8.22637         20 0.0000e+00
    114.000    112.838    -0.7432  27.718074    -0.7478  27.713321     7.5584     7.4396     0.4543    93.7810 1.0000e-12  -66.84288  -68.66268 339.174007      99.97 0.0000e+00   1183.197      28398  1027.8842  1027.8833    34.0053    34.0041    8.22547         30 0.0000e+00
    113.000    111.847    -0.7485  27.712215    -0.7320  27.732456     7.5843     7.4728     0.4722    93.7056 1.0000e-12  -66.84290  -68.66267 339.174042      99.97 0.0000e+00   1186.218      28470  1027.8783  1027.8842    34.0039    34.0127    8.22670         39 0.0000e+00
    112.000    110.858    -0.7599  27.690400    -0.7433  27.716550     7.6559     7.5446     0.4550    93.7071 1.0000e-12  -66.84288  -68.66267 339.174070      99.97 0.0000e+00   1188.613      28528  1027.8610  1027.8734    33.9879    34.0045    8.23012         37 0.0000e+00
    111.000    109.865    -0.7870  27.627864    -0.7813  27.635945     7.7673     7.7434     0.6250    92.9342 1.0000e-12  -66.84288  -68.66269 339.174135      99.97 0.0000e+00   1194.263      28663  1027.8142  1027.8178    33.9344    33.9389    8.23916         25 0.0000e+00
    110.000    108.880    -0.7817  27.638474    -0.7814  27.636533     7.8526     7.8697     0.6511    92.6496 1.0000e-12  -66.84288  -68.66269 339.174179      99.97 0.0000e+00   1198.045      28754  1027.8156  1027.8134    33.9434    33.9403    8.23747         25 0.0000e+00
    109.000    107.890    -0.7925  27.609695    -0.7889  27.615548     7.8604     7.8883     0.5550    93.1297 1.0000e-12  -66.84288  -68.66268 339.174186      99.97 0.0000e+00   1198.700      28770  1027.7908  1027.7937    33.9172    33.9210    8.24136         18 0.0000e+00
    108.000    106.899    -0.7979  27.596299    -0.7997  27.591335     7.8890     7.8955     0.4909    92.8889 1.0000e-12  -66.84288  -68.66268 339.174194      99.97 0.0000e+00   1199.390      28786  1027.7768  1027.7733    33.9057    33.9009    8.24320         16 0.0000e+00
    107.000    105.910    -0.8010  27.588621    -0.8017  27.586463     7.8821     7.8960     0.6031    92.6215 1.0000e-12  -66.84288  -68.66266 339.174202      99.97 0.0000e+00   1200.054      28802  1027.7671  1027.7656    33.8994    33.8972    8.24425         16 0.0000e+00
    106.000    104.920    -0.8024  27.585403    -0.8028  27.583857     7.8702     7.8945     0.6630    92.4941 1.0000e-12  -66.84288  -68.66266 339.174211      99.97 0.0000e+00   1200.809      28820  1027.7606  1027.7594    33.8972    33.8956    8.24467         21 0.0000e+00
    105.000    103.930    -0.7989  27.592844    -0.7992  27.591433     7.8633     7.8950     0.7766    92.4066 1.0000e-12  -66.84288  -68.66267 339.174258      99.97 0.0000e+00   1204.875      28918  1027.7609  1027.7597    33.9040    33.9024    8.24352         34 0.0000e+00
    104.000    102.942    -0.8006  27.589083    -0.7989  27.591495     7.8657     7.9215     0.7431    92.4244 1.0000e-12  -66.84288  -68.66268 339.174346      99.97 0.0000e+00   1212.504      29101  1027.7538  1027.7548    33.9014    33.9028    8.24405         27 0.0000e+00
    103.000    101.952    -0.8033  27.582364    -0.8063  27.575257     7.8656     7.9300     0.6814    92.4373 1.0000e-12  -66.84288  -68.66266 339.174353      99.97 0.0000e+00   1213.113      29116  1027.7448  1027.7400    33.8959    33.8897    8.24495         18 0.0000e+00
    102.000    100.962    -0.8095  27.569600    -0.8108  27.566447     7.8828     7.9312     0.6748    92.3877 1.0000e-12  -66.84288  -68.66266 339.174361      99.97 0.0000e+00   1213.770      29131  1027.7326  1027.7304    33.8862    33.8834    8.24687         15 0.0000e+00
    101.000     99.972    -0.8102  27.567374    -0.8104  27.566156     7.8948     7.9305     0.6884    92.2466 1.0000e-12  -66.84288  -68.66266 339.174368      99.97 0.0000e+00   1214.383      29146  1027.7265  1027.7254    33.8846    33.8832    8.24712         15 0.0000e+00
    100.000     98.984    -0.8106  27.565526    -0.8110  27.564116     7.8894     7.9275     0.7019    92.1715 1.0000e-12  -66.84290  -68.66266 339.174375      99.97 0.0000e+00   1215.016      29161  1027.7205  1027.7195    33.8832    33.8818    8.24729         16 0.0000e+00
     99.000     97.993    -0.8114  27.564071    -0.8106  27.564997     7.8872     7.9300     0.7393    92.1422 1.0000e-12  -66.84290  -68.66266 339.174385      99.97 0.0000e+00   1215.838      29181  1027.7155  1027.7156    33.8828    33.8831    8.24750         25 0.0000e+00
     98.000     97.005    -0.8109  27.564315    -0.8114  27.562908     7.8931     7.9432     0.7522    92.1420 1.0000e-12  -66.84288  -68.66268 339.174476      99.97 0.0000e+00   1223.751      29371  1027.7108  1027.7097    33.8832    33.8818    8.24737         26 0.0000e+00
     97.000     96.016    -0.8145  27.558061    -0.8159  27.554907     7.8967     7.9448     0.7168    92.1053 1.0000e-12  -66.84288  -68.66268 339.174510      99.97 0.0000e+00   1226.645      29440  1027.7030  1027.7011    33.8793    33.8767    8.24837         18 0.0000e+00
     96.000     95.024    -0.8168  27.553777    -0.8167  27.553173     7.9098     7.9438     0.7581    92.0805 1.0000e-12  -66.84290  -68.66268 339.174517      99.97 0.0000e+00   1227.309      29456  1027.6963  1027.6956    33.8767    33.8758    8.24903         18 0.0000e+00
     95.000     94.036    -0.8175  27.552404    -0.8178  27.551121     7.9144     7.9472     0.7911    92.0413 1.0000e-12  -66.84290  -68.66268 339.174526      99.97 0.0000e+00   1228.062      29474  1027.6912  1027.6901    33.8762    33.8749    8.24921         19 0.0000e+00
     94.000     93.045    -0.8161  27.554170    -0.8162  27.553461     7.9022     7.9408     0.8361    92.0644 1.0000e-12  -66.84290  -68.66268 339.174538      99.97 0.0000e+00   1229.061      29498  1027.6874  1027.6868    33.8776    33.8768    8.24881         28 0.0000e+00
     93.000     92.056    -0.8161  27.553436    -0.8154  27.553941     7.8959     7.9502     0.7186    92.0100 1.0000e-12  -66.84290  -68.66267 339.174627      99.97 0.0000e+00   1236.777      29684  1027.6823  1027.6821    33.8773    33.8772    8.24884         24 0.0000e+00
     92.000     91.066    -0.8161  27.552906    -0.8158  27.552808     7.8929     7.9501     0.7607    92.0068 1.0000e-12  -66.84289  -68.66266 339.174641      99.97 0.0000e+00   1237.974      29712  1027.6774  1027.6770    33.8773    33.8767    8.24885         31 0.0000e+00
     91.000     90.077    -0.8163  27.552414    -0.8158  27.552328     7.8970     7.9560     0.8385    92.0136 1.0000e-12  -66.84290  -68.66269 339.174681      99.97 0.0000e+00   1241.434      29795  1027.6727  1027.6721    33.8773    33.8767    8.24887         32 0.0000e+00
     90.000     89.087    -0.8160  27.552187    -0.8161  27.551375     7.9002     7.9549     0.8326    92.0239 1.0000e-12  -66.84290  -68.66270 339.174704      99.97 0.0000e+00   1243.463      29844  1027.6679  1027.6671    33.8774    33.8764    8.24882         27 0.0000e+00
     89.000     88.097    -0.8165  27.550631    -0.8168  27.549215     7.9107     7.9501     0.7376    92.0064 1.0000e-12  -66.84290  -68.66270 339.174716      99.97 0.0000e+00   1244.458      29868  1027.6624  1027.6612    33.8764    33.8748    8.24898         23 0.0000e+00
     88.000     87.108    -0.8194  27.545000    -0.8196  27.543661     7.9137     7.9490     0.7668    91.9181 1.0000e-12  -66.84290  -68.66269 339.174728      99.97 0.0000e+00   1245.475      29892  1027.6547  1027.6534    33.8726    33.8710    8.24983         27 0.0000e+00
     87.000     86.115    -0.8215  27.541188    -0.8217  27.539938     7.9011     7.9618     0.8553    91.9253 1.0000e-12  -66.84290  -68.66268 339.174764      99.97 0.0000e+00   1248.562      29966  1027.6483  1027.6471    33.8705    33.8690    8.25042         29 0.0000e+00
     86.000     85.129    -0.8215  27.540103    -0.8222  27.538232     7.8995     7.9694     0.7308    91.9511 1.0000e-12  -66.84290  -68.66268 339.174840      99.97 0.0000e+00   1255.200      30126  1027.6427  1027.6414    33.8696    33.8678    8.25046         19 0.0000e+00
     85.000     84.137    -0.8224  27.537991    -0.8229  27.536295     7.8978     7.9708     0.7441    91.9094 1.0000e-12  -66.84289  -68.66268 339.174848      99.97 0.0000e+00   1255.890      30142  1027.6370  1027.6357    33.8684    33.8666    8.25074         17 0.0000e+00
     84.000     83.153    -0.8235  27.535293    -0.8241  27.533682     7.9011     7.9749     0.7620    91.8844 1.0000e-12  -66.84288  -68.66268 339.174856      99.97 0.0000e+00   1256.562      30158  1027.6309  1027.6297    33.8666    33.8651    8.25109         16 0.0000e+00
     83.000     82.159    -0.8259  27.530355    -0.8276  27.526875     7.9229     7.9779     0.8260    91.8340 1.0000e-12  -66.84290  -68.66268 339.174864      99.96 0.0000e+00   1257.215      30174  1027.6235  1027.6213    33.8632    33.8604    8.25182         16 0.0000e+00
     82.000     81.171    -0.8299  27.523366    -0.8296  27.523217     7.9390     7.9743     0.8274    91.7657 1.0000e-12  -66.84290  -68.66268 339.174871      99.97 0.0000e+00   1257.877      30190  1027.6155  1027.6149    33.8588    33.8583    8.25294         16 0.0000e+00
     81.000     80.178    -0.8329  27.518896    -0.8328  27.518276     7.9320     7.9656     0.8345    91.7247 1.0000e-12  -66.84290  -68.66267 339.174880      99.97 0.0000e+00   1258.624      30208  1027.6092  1027.6083    33.8568    33.8558    8.25372         20 0.0000e+00
     80.000     79.191    -0.8326  27.519206    -0.8316  27.520145     7.9150     7.9626     0.8635    91.7458 1.0000e-12  -66.84290  -68.66266 339.174905      99.97 0.0000e+00   1260.812      30260  1027.6048  1027.6049    33.8574    33.8576    8.25361         24 0.0000e+00
     79.000     78.196    -0.8363  27.514157    -0.8362  27.513472     7.9202     7.9745     0.7014    91.7298 1.0000e-12  -66.84290  -68.66264 339.174996      99.97 0.0000e+00   1268.678      30449  1027.5985  1027.5977    33.8554    33.8544    8.25454         10 0.0000e+00
     78.000     77.213    -0.8378  27.511935    -0.8368  27.512069     7.9116     7.9733     0.7376    91.6631 1.0000e-12  -66.84290  -68.66266 339.175000      99.97 0.0000e+00   1269.035      30458  1027.5933  1027.5925    33.8547    33.8538    8.25491         11 0.0000e+00
     77.000     76.219    -0.8373  27.512027    -0.8368  27.511906     7.9123     7.9720     0.7395    91.6530 1.0000e-12  -66.84290  -68.66266 339.175006      99.97 0.0000e+00   1269.487      30469  1027.5885  1027.5879    33.8548    33.8541    8.25479         11 0.0000e+00
     76.000     75.233    -0.8380  27.510817    -0.8352  27.513428     7.9144     7.9739     0.8141    91.6527 1.0000e-12  -66.84290  -68.66266 339.175012      99.97 0.0000e+00   1270.034      30482  1027.5836  1027.5838    33.8546    33.8550    8.25496         15 0.0000e+00
     75.000     74.240    -0.8367  27.511576    -0.8367  27.510851     7.9171     7.9724     0.8348    91.6345 1.0000e-12  -66.84290  -68.66266 339.175034      99.97 0.0000e+00   1271.905      30527  1027.5788  1027.5781    33.8548    33.8538    8.25466         29 0.0000e+00
     74.000     73.252    -0.8391  27.506990    -0.8395  27.505590     7.8894     7.9881     0.7973    91.6034 1.0000e-12  -66.84290  -68.66264 339.175157      99.97 0.0000e+00   1282.606      30784  1027.5717  1027.5705    33.8519    33.8504    8.25536         20 0.0000e+00
     73.000     72.264    -0.8394  27.505833    -0.8397  27.504598     7.9138     7.9919     0.8209    91.5456 1.0000e-12  -66.84290  -68.66266 339.175166      99.97 0.0000e+00   1283.316      30801  1027.5664  1027.5653    33.8513    33.8499    8.25546         20 0.0000e+00
     72.000     71.272    -0.8400  27.504043    -0.8401  27.503112     7.9182     7.9873     0.8485    91.4912 1.0000e-12  -66.84290  -68.66266 339.175176      99.97 0.0000e+00   1284.161      30821  1027.5607  1027.5598    33.8501    33.8490    8.25566         21 0.0000e+00
     71.000     70.283    -0.8402  27.503237    -0.8404  27.502112     7.9430     7.9798     0.9802    91.5087 1.0000e-12  -66.84290  -68.66266 339.175188      99.97 0.0000e+00   1285.205      30846  1027.5557  1027.5547    33.8499    33.8486    8.25571         30 0.0000e+00
