NBP2113_155081_ctd/data/unbp2113_029.cnv
* Sea-Bird SBE 9 Data File:
* FileName = D:\Data\raw\NBP2113_029.hex
* Software Version Seasave V 7.26.7.121
* Temperature SN = 2438
* Conductivity SN = 2067
* Number of Bytes Per Scan = 40
* Number of Voltage Words = 5
* Number of Scans Averaged by the Deck Unit = 1
* NMEA Latitude = 66 51.18 S
* NMEA Longitude = 068 36.27 W
* NMEA UTC (Time) = Dec 05 2021  02:21:18
* NMEA baud rate = 9600
** Ship: RVIB N.B. Palmer
** Cruise: NBP2113 LTER
** Station: AS01
** Operator: S. Blackman
# nquan = 25
# nvalues = 231                         
# units = specified
# name 0 = prDM: Pressure, Digiquartz [db]
# name 1 = depSM: Depth [salt water, m]
# name 2 = t090C: Temperature [ITS-90, deg C]
# name 3 = c0mS/cm: Conductivity [mS/cm]
# name 4 = t190C: Temperature, 2 [ITS-90, deg C]
# name 5 = c1mS/cm: Conductivity, 2 [mS/cm]
# name 6 = sbeox0ML/L: Oxygen, SBE 43 [ml/l]
# name 7 = sbeox1ML/L: Oxygen, SBE 43, 2 [ml/l]
# name 8 = flECO-AFL: Fluorescence, WET Labs ECO-AFL/FL [mg/m^3]
# name 9 = CStarTr0: Beam Transmission, WET Labs C-Star [%]
# name 10 = par: PAR/Irradiance, Biospherical/Licor
# name 11 = latitude: Latitude [deg]
# name 12 = longitude: Longitude [deg]
# name 13 = timeJ: Julian Days
# name 14 = altM: Altimeter [m]
# name 15 = spar: SPAR, Biospherical/Licor
# name 16 = timeS: Time, Elapsed [seconds]
# name 17 = scan: Scan Count
# name 18 = density00: Density [density, kg/m^3]
# name 19 = density11: Density, 2 [density, kg/m^3]
# name 20 = sal00: Salinity, Practical [PSU]
# name 21 = sal11: Salinity, Practical, 2 [PSU]
# name 22 = oxsolML/L: Oxygen Saturation, Garcia & Gordon [ml/l]
# name 23 = nbin: number of scans per bin
# name 24 = flag: flag
# span 0 =      1.000,    231.000       
# span 1 =      0.988,    228.580       
# span 2 =    -0.8920,     1.1788       
# span 3 =  27.407954,  29.880165       
# span 4 =    -0.8923,     1.1798       
# span 5 =  27.404400,  29.880567       
# span 6 =     4.2996,    11.5084       
# span 7 =     4.3577,     8.0780       
# span 8 =    -0.0079,     1.2574       
# span 9 =    90.6973,    95.3861       
# span 10 = 1.0000e-12, 1.3393e+01      
# span 11 =  -66.85278,  -66.85266      
# span 12 =  -68.60352,  -68.60325      
# span 13 = 339.107461, 339.115027      
# span 14 =       5.87,     101.22      
# span 15 = 5.1514e+00, 8.8144e+00      
# span 16 =    806.646,   1460.357      
# span 17 =      19361,      35050      
# span 18 =  1027.1792,  1028.8301      
# span 19 =  1027.1782,  1028.8295      
# span 20 =    33.7974,    34.6353      
# span 21 =    33.7960,    34.6347      
# span 22 =    7.79005,    8.26972      
# span 23 =          9,         43      
# span 24 = 0.0000e+00, 0.0000e+00      
# interval = decibars: 1                
# start_time = Dec 05 2021 02:21:18 [NMEA time, header]
# bad_flag = -9.990e-29
*END*
[from data line 116]
    115.000    113.827    -0.8182  27.600261    -0.8199  27.595976     7.8405     7.8725     0.5452    93.4165 1.0000e-12  -66.85272  -68.60338 339.111962      99.97 7.0515e+00   1195.495      28693  1027.8300  1027.8268    33.9296    33.9256    8.24626         22 0.0000e+00
    114.000    112.837    -0.8227  27.586426    -0.8244  27.583053     7.8203     7.8794     0.4893    93.3509 1.0000e-12  -66.85272  -68.60338 339.111970      99.97 7.0515e+00   1196.223      28710  1027.8149  1027.8129    33.9165    33.9138    8.24801         15 0.0000e+00
    113.000    111.848    -0.8309  27.564958    -0.8268  27.574369     7.8306     7.8838     0.5103    93.3655 1.0000e-12  -66.85272  -68.60338 339.111978      99.98 7.0515e+00   1196.877      28726  1027.7953  1027.8013    33.8973    33.9054    8.25092         16 0.0000e+00
    112.000    110.858    -0.8310  27.563899    -0.8301  27.564570     7.8466     7.8912     0.5347    93.2046 1.0000e-12  -66.85272  -68.60338 339.111985      99.97 7.0515e+00   1197.507      28741  1027.7897  1027.7897    33.8965    33.8965    8.25098         15 0.0000e+00
    111.000    109.866    -0.8281  27.571937    -0.8300  27.565353     7.8373     7.8980     0.6003    93.1198 1.0000e-12  -66.85272  -68.60336 339.111992      99.97 7.0515e+00   1198.129      28756  1027.7914  1027.7860    33.9048    33.8981    8.24987         15 0.0000e+00
    110.000    108.880    -0.8272  27.572915    -0.8278  27.569705     7.8535     7.9049     0.6320    93.1129 1.0000e-12  -66.85272  -68.60336 339.112000      99.97 7.0515e+00   1198.788      28772  1027.7872  1027.7843    33.9057    33.9021    8.24961         17 0.0000e+00
    109.000    107.887    -0.8271  27.563610    -0.8278  27.562272     7.8667     7.9115     0.7019    93.0014 1.0000e-12  -66.85272  -68.60336 339.112008      99.97 7.0515e+00   1199.486      28789  1027.7728  1027.7718    33.8936    33.8925    8.25031         17 0.0000e+00
    108.000    106.900    -0.8262  27.562582    -0.8264  27.560232     7.8682     7.9045     0.7118    92.8526 1.0000e-12  -66.85272  -68.60336 339.112017      99.97 7.0515e+00   1200.247      28807  1027.7663  1027.7640    33.8918    33.8889    8.25020         19 0.0000e+00
    107.000    105.911    -0.8250  27.559037    -0.8253  27.558075     7.8681     7.8963     0.7397    92.7793 1.0000e-12  -66.85272  -68.60338 339.112027      99.97 7.0515e+00   1201.132      28828  1027.7570  1027.7562    33.8863    33.8853    8.25027         24 0.0000e+00
    106.000    104.920    -0.8240  27.558164    -0.8252  27.563262     7.8538     7.8935     0.7708    92.6923 1.0000e-12  -66.85272  -68.60338 339.112043      99.97 7.0515e+00   1202.470      28860  1027.7507  1027.7574    33.8846    33.8928    8.25014         34 0.0000e+00
    105.000    103.931    -0.8258  27.569350    -0.8252  27.565666     7.8720     7.9009     0.6801    92.9818 1.0000e-12  -66.85272  -68.60342 339.112099      99.97 7.0515e+00   1207.368      28978  1027.7604  1027.7558    33.9024    33.8968    8.24950         29 0.0000e+00
    104.000    102.943    -0.8252  27.566228    -0.8258  27.562823     7.8875     7.9166     0.6395    92.9972 1.0000e-12  -66.85272  -68.60340 339.112107      99.97 7.0515e+00   1208.087      28995  1027.7521  1027.7490    33.8981    33.8942    8.24962         19 0.0000e+00
    103.000    101.952    -0.8227  27.558617    -0.8232  27.556787     7.8960     7.9205     0.6172    92.9276 1.0000e-12  -66.85271  -68.60339 339.112117      99.97 7.0515e+00   1208.864      29014  1027.7370  1027.7355    33.8856    33.8837    8.24981         19 0.0000e+00
    102.000    100.963    -0.8202  27.554477    -0.8206  27.553969     7.9016     7.9159     0.6362    92.6325 1.0000e-12  -66.85270  -68.60338 339.112126      99.97 7.0515e+00   1209.699      29034  1027.7258  1027.7256    33.8778    33.8775    8.24971         22 0.0000e+00
    101.000     99.973    -0.8182  27.553092    -0.8238  27.559763     7.9096     7.9286     0.8264    92.3467 1.0000e-12  -66.85270  -68.60337 339.112139      99.97 7.0515e+00   1210.836      29061  1027.7180  1027.7308    33.8743    33.8896    8.24948         32 0.0000e+00
    100.000     98.983    -0.8224  27.558389    -0.8232  27.558147     7.9454     7.9499     0.8180    92.2306 1.0000e-12  -66.85270  -68.60338 339.112156      99.97 7.0515e+00   1212.237      29095  1027.7236  1027.7241    33.8868    33.8874    8.24966         30 0.0000e+00
     99.000     97.995    -0.8150  27.549056    -0.8159  27.548211     7.9282     7.9652     0.8404    92.2097 1.0000e-12  -66.85270  -68.60338 339.112168      99.97 7.0515e+00   1213.290      29120  1027.7019  1027.7019    33.8664    33.8663    8.24923         21 0.0000e+00
     98.000     97.002    -0.8150  27.548046    -0.8158  27.547542     7.9342     7.9732     0.9001    92.2409 1.0000e-12  -66.85270  -68.60340 339.112177      99.97 7.0515e+00   1214.070      29139  1027.6965  1027.6967    33.8657    33.8659    8.24928         18 0.0000e+00
     97.000     96.016    -0.8141  27.544299    -0.8145  27.543031     7.9383     7.9740     0.8215    92.2073 1.0000e-12  -66.85271  -68.60340 339.112185      99.97 7.0515e+00   1214.787      29156  1027.6873  1027.6862    33.8602    33.8590    8.24940         17 0.0000e+00
     96.000     95.025    -0.8146  27.541900    -0.8147  27.540980     7.9406     7.9735     0.8499    92.0902 1.0000e-12  -66.85272  -68.60340 339.112194      99.97 7.0515e+00   1215.535      29174  1027.6809  1027.6799    33.8582    33.8570    8.24963         19 0.0000e+00
     95.000     94.035    -0.8158  27.539141    -0.8154  27.539539     7.9409     7.9743     0.9126    91.9789 1.0000e-12  -66.85272  -68.60340 339.112204      99.97 7.0515e+00   1216.444      29196  1027.6748  1027.6747    33.8564    33.8565    8.24999         25 0.0000e+00
     94.000     93.045    -0.8161  27.540511    -0.8156  27.540769     7.9519     7.9771     0.9554    91.8724 1.0000e-12  -66.85272  -68.60340 339.112219      99.97 7.0515e+00   1217.736      29227  1027.6722  1027.6721    33.8591    33.8590    8.24989         39 0.0000e+00
     93.000     92.052    -0.8171  27.537465    -0.8168  27.536956     7.9205     7.9809     0.9948    92.0296 1.0000e-12  -66.85271  -68.60337 339.112272      99.97 7.0515e+00   1222.289      29336  1027.6656  1027.6647    33.8567    33.8558    8.25025         34 0.0000e+00
     92.000     91.068    -0.8160  27.539084    -0.8160  27.538716     7.9121     7.9879     0.9055    92.0629 1.0000e-12  -66.85270  -68.60335 339.112303      99.97 7.0515e+00   1224.961      29400  1027.6620  1027.6616    33.8584    33.8578    8.24993         20 0.0000e+00
     91.000     90.077    -0.8177  27.535017    -0.8173  27.536025     7.9228     7.9839     0.7893    92.0664 1.0000e-12  -66.85270  -68.60335 339.112311      99.97 7.0515e+00   1225.665      29417  1027.6550  1027.6556    33.8554    33.8563    8.25047         16 0.0000e+00
     90.000     89.087    -0.8222  27.527660    -0.8219  27.527309     7.9261     7.9830     0.7845    91.9717 1.0000e-12  -66.85270  -68.60336 339.112319      99.97 7.0515e+00   1226.327      29433  1027.6470  1027.6463    33.8510    33.8502    8.25170         17 0.0000e+00
     89.000     88.098    -0.8297  27.516455    -0.8288  27.516992     7.9372     7.9849     0.8050    91.9526 1.0000e-12  -66.85270  -68.60334 339.112327      99.97 7.0515e+00   1227.066      29451  1027.6378  1027.6375    33.8449    33.8447    8.25371         19 0.0000e+00
     88.000     87.104    -0.8229  27.526833    -0.8236  27.524616     7.9293     7.9826     0.9487    91.8888 1.0000e-12  -66.85270  -68.60335 339.112349      99.97 7.0515e+00   1228.952      29496  1027.6381  1027.6364    33.8520    33.8498    8.25181         25 0.0000e+00
     87.000     86.118    -0.8251  27.523091    -0.8201  27.529581     7.9328     7.9865     1.0284    91.9373 1.0000e-12  -66.85272  -68.60332 339.112439      99.97 7.0515e+00   1236.738      29683  1027.6319  1027.6341    33.8500    33.8531    8.25241         38 0.0000e+00
     86.000     85.128    -0.8248  27.523728    -0.8218  27.526568     7.9413     7.9928     0.8981    91.8977 1.0000e-12  -66.85272  -68.60332 339.112449      99.97 7.0515e+00   1237.585      29703  1027.6279  1027.6282    33.8511    33.8516    8.25227         26 0.0000e+00
     85.000     84.139    -0.8315  27.512974    -0.8310  27.512644     7.9539     7.9962     0.8996    91.8864 1.0000e-12  -66.85271  -68.60332 339.112461      99.97 7.0515e+00   1238.640      29728  1027.6185  1027.6176    33.8447    33.8437    8.25412         26 0.0000e+00
     84.000     83.149    -0.8346  27.508577    -0.8339  27.509239     7.9545     7.9926     0.9753    91.8914 1.0000e-12  -66.85271  -68.60333 339.112493      99.97 7.0515e+00   1241.368      29794  1027.6123  1027.6123    33.8428    33.8430    8.25490         37 0.0000e+00
     83.000     82.158    -0.8317  27.512401    -0.8307  27.512633     7.9551     7.9966     0.9113    91.8350 1.0000e-12  -66.85272  -68.60334 339.112553      99.97 7.0515e+00   1246.557      29918  1027.6092  1027.6085    33.8454    33.8445    8.25412         40 0.0000e+00
     82.000     81.170    -0.8304  27.513422    -0.8375  27.502562     7.9469     7.9998     0.9607    91.8812 1.0000e-12  -66.85272  -68.60333 339.112575      99.97 7.0515e+00   1248.518      29965  1027.6048  1027.5997    33.8459    33.8391    8.25380         39 0.0000e+00
     81.000     80.179    -0.8380  27.502347    -0.8464  27.490493     7.9579     8.0057     0.9954    91.8638 1.0000e-12  -66.85272  -68.60332 339.112595      99.97 7.0515e+00   1250.229      30006  1027.5957  1027.5909    33.8400    33.8335    8.25581         40 0.0000e+00
     80.000     79.191    -0.8501  27.486844    -0.8506  27.485241     7.9595     8.0034     0.9927    91.8208 1.0000e-12  -66.85272  -68.60331 339.112615      99.97 7.0515e+00   1251.909      30047  1027.5862  1027.5848    33.8332    33.8316    8.25886         42 0.0000e+00
     79.000     78.198    -0.8478  27.489727    -0.8487  27.487497     7.9382     7.9967     1.0556    91.8318 1.0000e-12  -66.85272  -68.60331 339.112652      99.97 7.0515e+00   1255.144      30124  1027.5827  1027.5811    33.8352    33.8332    8.25825         32 0.0000e+00
     78.000     77.212    -0.8447  27.492450    -0.8462  27.489778     7.9504     8.0098     0.8586    91.8342 1.0000e-12  -66.85272  -68.60334 339.112704      99.97 7.0515e+00   1259.622      30232  1027.5783  1027.5767    33.8361    33.8340    8.25752         21 0.0000e+00
     77.000     76.222    -0.8529  27.482211    -0.8542  27.479844     7.9573     8.0119     0.8524    91.8123 1.0000e-12  -66.85272  -68.60334 339.112713      99.97 7.0515e+00   1260.397      30251  1027.5708  1027.5694    33.8320    33.8302    8.25956         20 0.0000e+00
     76.000     75.231    -0.8538  27.481110    -0.8559  27.477680     7.9725     8.0067     0.9209    91.8047 1.0000e-12  -66.85272  -68.60334 339.112724      99.97 7.0515e+00   1261.353      30273  1027.5660  1027.5643    33.8321    33.8297    8.25974         28 0.0000e+00
     75.000     74.242    -0.8550  27.479296    -0.8526  27.480872     7.9701     8.0047     0.9665    91.8178 1.0000e-12  -66.85272  -68.60332 339.112790      99.97 7.0515e+00   1267.079      30411  1027.5607  1027.5602    33.8315    33.8311    8.26003         39 0.0000e+00
     74.000     73.253    -0.8542  27.479569    -0.8551  27.477469     7.9480     8.0115     0.8963    91.8202 1.0000e-12  -66.85272  -68.60331 339.112824      99.97 7.0515e+00   1269.954      30480  1027.5559  1027.5545    33.8316    33.8299    8.25985         26 0.0000e+00
     73.000     72.262    -0.8596  27.472808    -0.8618  27.469016     7.9450     8.0092     0.8714    91.8126 1.0000e-12  -66.85272  -68.60333 339.112833      99.97 7.0515e+00   1270.791      30500  1027.5494  1027.5475    33.8291    33.8265    8.26118         19 0.0000e+00
     72.000     71.273    -0.8628  27.468256    -0.8635  27.466380     7.9478     8.0108     0.9001    91.7789 1.0000e-12  -66.85272  -68.60334 339.112842      99.97 7.0515e+00   1271.556      30518  1027.5432  1027.5419    33.8272    33.8254    8.26200         18 0.0000e+00
     71.000     70.282    -0.8644  27.465700    -0.8648  27.464111     7.9223     8.0094     0.9151    91.7547 1.0000e-12  -66.85272  -68.60336 339.112851      99.97 7.0515e+00   1272.298      30536  1027.5377  1027.5364    33.8262    33.8244    8.26241         18 0.0000e+00
     70.000     69.294    -0.8656  27.463947    -0.8650  27.463850     7.9230     8.0033     0.9367    91.7573 1.0000e-12  -66.85272  -68.60336 339.112861      99.97 7.0515e+00   1273.211      30558  1027.5326  1027.5319    33.8257    33.8249    8.26270         28 0.0000e+00
     69.000     68.303    -0.8664  27.462405    -0.8660  27.461711     7.9574     8.0071     0.9122    91.7944 1.0000e-12  -66.85272  -68.60335 339.112948      99.97 7.0515e+00   1280.746      30739  1027.5273  1027.5262    33.8251    33.8238    8.26291         18 0.0000e+00
     68.000     67.313    -0.8690  27.458725    -0.8692  27.457272     7.9436     8.0140     0.8523    91.8075 1.0000e-12  -66.85272  -68.60334 339.112978      99.97 7.0515e+00   1283.347      30801  1027.5214  1027.5202    33.8237    33.8220    8.26356         13 0.0000e+00
     67.000     66.323    -0.8702  27.456560    -0.8706  27.455020     7.9235     8.0105     0.8273    91.8050 1.0000e-12  -66.85272  -68.60334 339.112984      99.97 7.0515e+00   1283.814      30813  1027.5160  1027.5147    33.8227    33.8211    8.26388         12 0.0000e+00
     66.000     65.334    -0.8714  27.454556    -0.8714  27.453604     7.9531     8.0073     0.8274    91.7963 1.0000e-12  -66.85272  -68.60334 339.112990      99.97 7.0515e+00   1284.324      30825  1027.5106  1027.5096    33.8220    33.8207    8.26420         12 0.0000e+00
     65.000     64.344    -0.8719  27.453513    -0.8723  27.451881     7.9540     8.0025     0.8907    91.7656 1.0000e-12  -66.85272  -68.60335 339.112996      99.97 7.0515e+00   1284.881      30838  1027.5056  1027.5042    33.8218    33.8199    8.26432         15 0.0000e+00
     64.000     63.354    -0.8710  27.454127    -0.8717  27.452296     7.9620     7.9977     0.9418    91.7258 1.0000e-12  -66.85272  -68.60336 339.113013      99.97 7.0515e+00   1286.309      30872  1027.5011  1027.4998    33.8222    33.8204    8.26410         24 0.0000e+00
     63.000     62.364    -0.8709  27.453587    -0.8698  27.453785     7.9760     8.0146     0.9434    91.6137 1.0000e-12  -66.85272  -68.60336 339.113109      99.97 7.0515e+00   1294.613      31072  1027.4961  1027.4952    33.8220    33.8210    8.26409         24 0.0000e+00
     62.000     61.376    -0.8757  27.446813    -0.8738  27.448259     7.9891     8.0191     1.0170    91.5669 1.0000e-12  -66.85272  -68.60340 339.113158      99.97 7.0515e+00   1298.877      31174  1027.4890  1027.4887    33.8188    33.8186    8.26534         32 0.0000e+00
     61.000     60.387    -0.8774  27.444018    -0.8768  27.443724     7.9681     8.0210     1.0328    91.4598 1.0000e-12  -66.85272  -68.60339 339.113218      99.97 7.0515e+00   1304.003      31297  1027.4831  1027.4822    33.8175    33.8164    8.26578         36 0.0000e+00
     60.000     59.396    -0.8759  27.445262    -0.8748  27.445776     7.9816     8.0267     0.9354    91.6006 1.0000e-12  -66.85272  -68.60340 339.113245      99.97 7.0515e+00   1306.403      31355  1027.4787  1027.4782    33.8181    33.8175    8.26541         37 0.0000e+00
     59.000     58.406    -0.8787  27.440964    -0.8791  27.439407     7.9580     8.0260     0.9711    91.4794 1.0000e-12  -66.85272  -68.60340 339.113265      99.97 7.0515e+00   1308.094      31395  1027.4725  1027.4711    33.8161    33.8144    8.26615         40 0.0000e+00
