NBP2113_155081_ctd/data/unbp2113_055.cnv
* Sea-Bird SBE 9 Data File:
* FileName = D:\Data\raw\NBP2113_055.hex
* Software Version Seasave V 7.26.7.121
* Temperature SN = 2438
* Conductivity SN = 2067
* Number of Bytes Per Scan = 40
* Number of Voltage Words = 5
* Number of Scans Averaged by the Deck Unit = 1
* NMEA Latitude = 64 51.63 S
* NMEA Longitude = 064 56.94 W
* NMEA UTC (Time) = Dec 11 2021  21:26:08
* NMEA baud rate = 9600
** Ship: RVIB N.B. Palmer
** Cruise: NBP2113 LTER
** Station: 589.065
** Operator: S. Blackman
# nquan = 25
# nvalues = 446                         
# units = specified
# name 0 = prDM: Pressure, Digiquartz [db]
# name 1 = depSM: Depth [salt water, m]
# name 2 = t090C: Temperature [ITS-90, deg C]
# name 3 = c0mS/cm: Conductivity [mS/cm]
# name 4 = t190C: Temperature, 2 [ITS-90, deg C]
# name 5 = c1mS/cm: Conductivity, 2 [mS/cm]
# name 6 = sbeox0ML/L: Oxygen, SBE 43 [ml/l]
# name 7 = sbeox1ML/L: Oxygen, SBE 43, 2 [ml/l]
# name 8 = flECO-AFL: Fluorescence, WET Labs ECO-AFL/FL [mg/m^3]
# name 9 = CStarTr0: Beam Transmission, WET Labs C-Star [%]
# name 10 = par: PAR/Irradiance, Biospherical/Licor
# name 11 = latitude: Latitude [deg]
# name 12 = longitude: Longitude [deg]
# name 13 = timeJ: Julian Days
# name 14 = altM: Altimeter [m]
# name 15 = spar: SPAR, Biospherical/Licor
# name 16 = timeS: Time, Elapsed [seconds]
# name 17 = scan: Scan Count
# name 18 = density00: Density [density, kg/m^3]
# name 19 = density11: Density, 2 [density, kg/m^3]
# name 20 = sal00: Salinity, Practical [PSU]
# name 21 = sal11: Salinity, Practical, 2 [PSU]
# name 22 = oxsolML/L: Oxygen Saturation, Garcia & Gordon [ml/l]
# name 23 = nbin: number of scans per bin
# name 24 = flag: flag
# span 0 =      1.000,    446.000       
# span 1 =      0.989,    441.157       
# span 2 =    -0.4685,     1.4637       
# span 3 =  27.622124,  30.262163       
# span 4 =    -0.4839,     1.4633       
# span 5 =  27.600707,  30.260627       
# span 6 =     4.0841,     8.6639       
# span 7 =     4.1404,     8.1495       
# span 8 =    -0.0224,     1.7397       
# span 9 =    83.1390,    91.8169       
# span 10 = 1.0000e-12, 3.1133e+02      
# span 11 =  -64.86068,  -64.86062      
# span 12 =  -64.94868,  -64.94824      
# span 13 = 345.904437, 345.913174      
# span 14 =       1.14,      99.97      
# span 15 = 1.7629e+02, 2.6624e+02      
# span 16 =    975.389,   1730.210      
# span 17 =      23410,      41526      
# span 18 =  1027.0449,  1029.8564      
# span 19 =  1027.0376,  1029.8553      
# span 20 =    33.6369,    34.6842      
# span 21 =    33.6253,    34.6826      
# span 22 =    7.73118,    8.18717      
# span 23 =         13,         50      
# span 24 = 0.0000e+00, 0.0000e+00      
# interval = decibars: 1                
# start_time = Dec 11 2021 21:26:08 [NMEA time, header]
# bad_flag = -9.990e-29
*END*
[from data line 174]
    272.000    269.158     1.3184  30.022371     1.3184  30.021242     4.2633     4.3081    -0.0150    91.7814 1.0000e-12  -64.86064  -64.94853 345.907335      99.97 1.9217e+02   1225.728      29418  1029.0163  1029.0151    34.6390    34.6376    7.76219         29 0.0000e+00
    271.000    268.170     1.3174  30.020983     1.3172  30.019816     4.2675     4.3167    -0.0150    91.7814 1.0000e-12  -64.86064  -64.94853 345.907348      99.97 1.9215e+02   1226.857      29446  1029.0115  1029.0105    34.6389    34.6376    7.76239         26 0.0000e+00
    270.000    267.181     1.3132  30.016203     1.3139  30.015747     4.2667     4.3197    -0.0213    91.7814 1.0000e-12  -64.86064  -64.94852 345.907360      99.97 1.9215e+02   1227.931      29471  1029.0065  1029.0054    34.6380    34.6367    7.76327         25 0.0000e+00
    269.000    266.192     1.3101  30.012283     1.3109  30.011985     4.2737     4.3216    -0.0105    91.7814 1.0000e-12  -64.86064  -64.94852 345.907373      99.97 1.9215e+02   1228.984      29497  1029.0014  1029.0003    34.6371    34.6358    7.76395         26 0.0000e+00
    268.000    265.205     1.3086  30.010230     1.3080  30.008386     4.2759     4.3240    -0.0131    91.7769 1.0000e-12  -64.86064  -64.94852 345.907384      99.97 1.9315e+02   1230.002      29521  1028.9965  1028.9952    34.6367    34.6350    7.76426         23 0.0000e+00
    267.000    264.214     1.3054  30.006347     1.3060  30.006058     4.2741     4.3216    -0.0107    91.7791 1.0000e-12  -64.86064  -64.94851 345.907395      99.97 1.9385e+02   1230.946      29544  1028.9914  1028.9904    34.6359    34.6347    7.76494         22 0.0000e+00
    266.000    263.226     1.3025  30.002607     1.3027  30.001868     4.2731     4.3205    -0.0077    91.7621 1.0000e-12  -64.86064  -64.94850 345.907406      99.97 1.9392e+02   1231.905      29567  1028.9861  1028.9852    34.6349    34.6337    7.76556         25 0.0000e+00
    265.000    262.235     1.3030  30.002712     1.3037  30.002402     4.2730     4.3230    -0.0155    91.7574 1.0000e-12  -64.86064  -64.94850 345.907421      99.97 1.9392e+02   1233.150      29597  1028.9814  1028.9804    34.6350    34.6339    7.76545         35 0.0000e+00
    264.000    261.247     1.3044  30.003830     1.3059  30.004262     4.2832     4.3254    -0.0089    91.7528 1.0000e-12  -64.86064  -64.94850 345.907443      99.97 1.9392e+02   1235.120      29644  1028.9769  1028.9759    34.6354    34.6344    7.76515         37 0.0000e+00
    263.000    260.259     1.3029  30.002032     1.3049  30.003059     4.2821     4.3332    -0.0077    91.7607 1.0000e-12  -64.86064  -64.94850 345.907461      99.97 1.9392e+02   1236.673      29681  1028.9722  1028.9713    34.6354    34.6345    7.76545         27 0.0000e+00
    262.000    259.270     1.2993  29.997611     1.2996  29.997042     4.2870     4.3355    -0.0178    91.7648 1.0000e-12  -64.86064  -64.94850 345.907472      99.97 1.9392e+02   1237.621      29704  1028.9670  1028.9661    34.6343    34.6332    7.76622         20 0.0000e+00
    261.000    258.282     1.2969  29.994626     1.2965  29.993228     4.2872     4.3345    -0.0203    91.7558 1.0000e-12  -64.86064  -64.94850 345.907481      99.97 1.9392e+02   1238.389      29722  1028.9620  1028.9610    34.6337    34.6324    7.76672         18 0.0000e+00
    260.000    257.291     1.2970  29.994190     1.2966  29.992607     4.2870     4.3372    -0.0151    91.7557 1.0000e-12  -64.86064  -64.94850 345.907490      99.97 1.9392e+02   1239.127      29740  1028.9572  1028.9561    34.6336    34.6321    7.76671         18 0.0000e+00
    259.000    256.304     1.2965  29.993363     1.2967  29.992314     4.2889     4.3362    -0.0150    91.7557 1.0000e-12  -64.86064  -64.94850 345.907499      99.97 1.9392e+02   1239.908      29759  1028.9526  1028.9514    34.6337    34.6322    7.76680         18 0.0000e+00
    258.000    255.313     1.2960  29.992286     1.2969  29.992007     4.2888     4.3354    -0.0150    91.7201 1.0000e-12  -64.86064  -64.94850 345.907510      99.97 1.9392e+02   1240.866      29782  1028.9477  1028.9466    34.6334    34.6322    7.76691         26 0.0000e+00
    257.000    254.325     1.2973  29.993102     1.2969  29.991718     4.2827     4.3393    -0.0141    91.7529 1.0000e-12  -64.86064  -64.94850 345.907526      99.97 1.9392e+02   1242.242      29815  1028.9430  1028.9420    34.6336    34.6323    7.76665         38 0.0000e+00
    256.000    253.336     1.2968  29.992180     1.2964  29.990672     4.2915     4.3422    -0.0075    91.7285 1.0000e-12  -64.86064  -64.94850 345.907548      99.97 1.9392e+02   1244.133      29860  1028.9383  1028.9372    34.6337    34.6321    7.76676         42 0.0000e+00
    255.000    252.347     1.2949  29.989844     1.2946  29.988433     4.2883     4.3396    -0.0077    91.7263 1.0000e-12  -64.86064  -64.94850 345.907565      99.97 1.9528e+02   1245.634      29896  1028.9335  1028.9324    34.6333    34.6318    7.76714         29 0.0000e+00
    254.000    251.358     1.2932  29.987463     1.2933  29.986362     4.2863     4.3385     0.0006    91.7419 1.0000e-12  -64.86064  -64.94850 345.907578      99.97 1.9568e+02   1246.700      29922  1028.9285  1028.9273    34.6327    34.6312    7.76751         24 0.0000e+00
    253.000    250.370     1.2928  29.986235     1.2923  29.984725     4.2786     4.3393    -0.0128    91.7415 1.0000e-12  -64.86064  -64.94850 345.907588      99.97 1.9568e+02   1247.604      29944  1028.9234  1028.9223    34.6321    34.6308    7.76761         20 0.0000e+00
    252.000    249.380     1.2931  29.986187     1.2928  29.984715     4.2814     4.3416    -0.0150    91.7803 1.0000e-12  -64.86064  -64.94850 345.907598      99.97 1.9568e+02   1248.461      29964  1028.9188  1028.9176    34.6324    34.6309    7.76755         21 0.0000e+00
    251.000    248.392     1.2931  29.985533     1.2927  29.984100     4.2823     4.3428    -0.0150    91.7359 1.0000e-12  -64.86064  -64.94850 345.907609      99.97 1.9568e+02   1249.382      29986  1028.9139  1028.9128    34.6322    34.6308    7.76757         24 0.0000e+00
    250.000    247.402     1.2930  29.985068     1.2929  29.983997     4.2906     4.3411    -0.0150    91.7691 1.0000e-12  -64.86064  -64.94850 345.907622      99.97 1.9568e+02   1250.563      30015  1028.9092  1028.9082    34.6322    34.6310    7.76758         33 0.0000e+00
    249.000    246.413     1.2932  29.984875     1.2929  29.983591     4.2822     4.3390    -0.0091    91.7637 1.0000e-12  -64.86064  -64.94850 345.907641      99.97 1.9568e+02   1252.184      30053  1028.9046  1028.9035    34.6323    34.6310    7.76753         38 0.0000e+00
    248.000    245.425     1.2924  29.983539     1.2925  29.982734     4.2843     4.3403    -0.0077    91.7585 1.0000e-12  -64.86064  -64.94850 345.907656      99.97 1.9568e+02   1253.514      30085  1028.8997  1028.8987    34.6321    34.6309    7.76770         26 0.0000e+00
    247.000    244.434     1.2914  29.982124     1.2918  29.981406     4.2936     4.3483    -0.0070    91.7779 1.0000e-12  -64.86064  -64.94850 345.907667      99.97 1.9716e+02   1254.466      30108  1028.8950  1028.8939    34.6320    34.6307    7.76791         21 0.0000e+00
    246.000    243.446     1.2892  29.979339     1.2889  29.978127     4.3026     4.3468    -0.0077    91.7672 1.0000e-12  -64.86064  -64.94850 345.907677      99.97 1.9744e+02   1255.320      30129  1028.8901  1028.8891    34.6314    34.6302    7.76838         20 0.0000e+00
    245.000    242.457     1.2876  29.977361     1.2873  29.975992     4.2961     4.3426    -0.0074    91.7636 1.0000e-12  -64.86064  -64.94848 345.907688      99.97 1.9744e+02   1256.231      30151  1028.8854  1028.8842    34.6312    34.6298    7.76870         23 0.0000e+00
    244.000    241.468     1.2873  29.976352     1.2900  29.977911     4.2904     4.3406    -0.0126    91.7612 1.0000e-12  -64.86064  -64.94848 345.907701      99.97 1.9744e+02   1257.379      30178  1028.8804  1028.8793    34.6309    34.6299    7.76878         33 0.0000e+00
    243.000    240.478     1.2879  29.976676     1.2882  29.975804     4.2947     4.3440    -0.0050    91.7624 1.0000e-12  -64.86064  -64.94848 345.907723      99.97 1.9744e+02   1259.291      30224  1028.8758  1028.8747    34.6312    34.6297    7.76864         38 0.0000e+00
    242.000    239.490     1.2877  29.975984     1.2880  29.975331     4.3057     4.3574    -0.0213    91.7640 1.0000e-12  -64.86064  -64.94848 345.907743      99.97 1.9764e+02   1260.966      30264  1028.8711  1028.8701    34.6311    34.6299    7.76869         28 0.0000e+00
    241.000    238.500     1.2839  29.971770     1.2834  29.970275     4.3114     4.3594    -0.0153    91.7570 1.0000e-12  -64.86064  -64.94849 345.907753      99.97 1.9904e+02   1261.889      30286  1028.8663  1028.8652    34.6305    34.6292    7.76947         19 0.0000e+00
    240.000    237.512     1.2793  29.966935     1.2786  29.965106     4.3113     4.3620    -0.0150    91.7670 1.0000e-12  -64.86064  -64.94850 345.907762      99.97 1.9921e+02   1262.608      30304  1028.8616  1028.8604    34.6300    34.6285    7.77040         16 0.0000e+00
    239.000    236.523     1.2777  29.964497     1.2776  29.963117     4.3107     4.3611    -0.0150    91.7603 1.0000e-12  -64.86064  -64.94850 345.907770      99.97 1.9921e+02   1263.286      30320  1028.8564  1028.8552    34.6292    34.6276    7.77076         17 0.0000e+00
    238.000    235.533     1.2768  29.962950     1.2765  29.961692     4.3166     4.3587    -0.0022    91.7435 1.0000e-12  -64.86064  -64.94848 345.907778      99.97 1.9921e+02   1263.990      30337  1028.8515  1028.8505    34.6289    34.6276    7.77097         18 0.0000e+00
    237.000    234.545     1.2776  29.963172     1.2776  29.962121     4.3157     4.3552    -0.0049    91.7259 1.0000e-12  -64.86064  -64.94848 345.907789      99.97 1.9921e+02   1265.004      30361  1028.8467  1028.8456    34.6289    34.6274    7.77082         29 0.0000e+00
    236.000    233.557     1.2791  29.964620     1.2785  29.962749     4.3154     4.3673    -0.0104    91.7393 1.0000e-12  -64.86064  -64.94848 345.907830      99.97 1.9921e+02   1268.495      30445  1028.8422  1028.8409    34.6296    34.6278    7.77046         30 0.0000e+00
    235.000    232.568     1.2777  29.962503     1.2776  29.961448     4.3279     4.3817    -0.0031    91.7295 1.0000e-12  -64.86064  -64.94848 345.907840      99.97 1.9921e+02   1269.335      30465  1028.8372  1028.8362    34.6290    34.6277    7.77078         17 0.0000e+00
    234.000    231.578     1.2762  29.960985     1.2759  29.959607     4.3345     4.3821     0.0006    91.7226 1.0000e-12  -64.86064  -64.94848 345.907847      99.97 1.9921e+02   1269.976      30480  1028.8329  1028.8318    34.6293    34.6279    7.77106         14 0.0000e+00
    233.000    230.590     1.2681  29.952593     1.2682  29.951354     4.3443     4.3804    -0.0147    91.7180 1.0000e-12  -64.86064  -64.94848 345.907854      99.97 1.9921e+02   1270.550      30494  1028.8280  1028.8268    34.6281    34.6264    7.77272         13 0.0000e+00
    232.000    229.599     1.2627  29.945916     1.2623  29.944144     4.3427     4.3814    -0.0076    91.7283 1.0000e-12  -64.86064  -64.94848 345.907860      99.97 2.0100e+02   1271.134      30508  1028.8223  1028.8208    34.6261    34.6243    7.77390         15 0.0000e+00
    231.000    228.607     1.2581  29.940269     1.2586  29.939931     4.3364     4.3843    -0.0077    91.7030 1.0000e-12  -64.86064  -64.94848 345.907868      99.97 2.0097e+02   1271.805      30524  1028.8168  1028.8159    34.6246    34.6236    7.77490         18 0.0000e+00
    230.000    227.621     1.2636  29.944855     1.2626  29.943147     4.3291     4.3792    -0.0077    91.6278 1.0000e-12  -64.86064  -64.94848 345.907880      99.97 2.0097e+02   1272.825      30549  1028.8118  1028.8110    34.6250    34.6239    7.77380         35 0.0000e+00
    229.000    226.632     1.2661  29.947364     1.2664  29.946621     4.3270     4.3797    -0.0100    91.7008 1.0000e-12  -64.86064  -64.94845 345.907908      99.97 2.0092e+02   1275.270      30607  1028.8076  1028.8066    34.6260    34.6247    7.77324         37 0.0000e+00
    228.000    225.641     1.2670  29.948401     1.2671  29.947625     4.3454     4.3874    -0.0096    91.5461 1.0000e-12  -64.86064  -64.94846 345.907930      99.97 1.9957e+02   1277.169      30653  1028.8034  1028.8025    34.6269    34.6258    7.77300         27 0.0000e+00
    227.000    224.655     1.2640  29.944717     1.2649  29.944665     4.3659     4.3999    -0.0131    91.7116 1.0000e-12  -64.86064  -64.94846 345.907942      99.97 1.9928e+02   1278.163      30677  1028.7984  1028.7974    34.6261    34.6250    7.77365         22 0.0000e+00
    226.000    223.664     1.2533  29.933634     1.2536  29.933068     4.3686     4.4023    -0.0119    91.7138 1.0000e-12  -64.86064  -64.94846 345.907952      99.97 1.9921e+02   1279.020      30697  1028.7933  1028.7924    34.6243    34.6232    7.77586         19 0.0000e+00
    225.000    222.676     1.2451  29.923879     1.2457  29.923564     4.3722     4.4060    -0.0085    91.7043 1.0000e-12  -64.86064  -64.94847 345.907961      99.97 1.9921e+02   1279.849      30717  1028.7871  1028.7862    34.6215    34.6204    7.77764         20 0.0000e+00
    224.000    221.686     1.2420  29.919995     1.2418  29.918754     4.3685     4.4077    -0.0150    91.7042 1.0000e-12  -64.86064  -64.94847 345.907971      99.97 2.0017e+02   1280.729      30738  1028.7818  1028.7807    34.6205    34.6191    7.77830         22 0.0000e+00
    223.000    220.697     1.2401  29.917432     1.2419  29.918422     4.3637     4.4080    -0.0150    91.7042 1.0000e-12  -64.86064  -64.94846 345.907983      99.97 2.0097e+02   1281.691      30762  1028.7768  1028.7761    34.6199    34.6193    7.77872         24 0.0000e+00
    222.000    219.708     1.2390  29.915752     1.2384  29.914146     4.3753     4.4080    -0.0085    91.7042 1.0000e-12  -64.86064  -64.94846 345.907995      99.97 2.0097e+02   1282.736      30787  1028.7719  1028.7707    34.6196    34.6181    7.77896         26 0.0000e+00
    221.000    218.719     1.2373  29.913524     1.2377  29.912932     4.3589     4.4092    -0.0077    91.7142 1.0000e-12  -64.86064  -64.94846 345.908007      99.97 2.0097e+02   1283.845      30813  1028.7669  1028.7659    34.6192    34.6180    7.77931         28 0.0000e+00
    220.000    217.729     1.2364  29.912356     1.2379  29.912573     4.3637     4.4088    -0.0133    91.7059 1.0000e-12  -64.86064  -64.94846 345.908022      99.97 2.0097e+02   1285.115      30844  1028.7622  1028.7611    34.6193    34.6179    7.77948         31 0.0000e+00
    219.000    216.741     1.2402  29.915298     1.2406  29.914967     4.3736     4.4114    -0.0077    91.7070 1.0000e-12  -64.86064  -64.94846 345.908040      99.97 2.0097e+02   1286.627      30880  1028.7572  1028.7565    34.6194    34.6185    7.77872         36 0.0000e+00
    218.000    215.751     1.2359  29.910790     1.2371  29.910991     4.3717     4.4119    -0.0077    91.6884 1.0000e-12  -64.86064  -64.94846 345.908057      99.97 2.0097e+02   1288.160      30917  1028.7525  1028.7516    34.6190    34.6180    7.77960         35 0.0000e+00
    217.000    214.763     1.2333  29.907346     1.2359  29.909336     4.3860     4.4216    -0.0183    91.7242 1.0000e-12  -64.86064  -64.94846 345.908075      99.97 2.0097e+02   1289.674      30953  1028.7473  1028.7468    34.6181    34.6177    7.78017         35 0.0000e+00
    216.000    213.772     1.2277  29.901708     1.2310  29.903639     4.3833     4.4276    -0.0074    91.7243 1.0000e-12  -64.86064  -64.94846 345.908089      99.97 2.0097e+02   1290.935      30983  1028.7427  1028.7415    34.6176    34.6164    7.78130         23 0.0000e+00
