NBP2113_155081_ctd/data/unbp2113_023.cnv
* Sea-Bird SBE 9 Data File:
* FileName = D:\Data\raw\NBP2113_023.hex
* Software Version Seasave V 7.26.7.121
* Temperature SN = 2438
* Conductivity SN = 2067
* Number of Bytes Per Scan = 40
* Number of Voltage Words = 5
* Number of Scans Averaged by the Deck Unit = 1
* NMEA Latitude = 67 30.61 S
* NMEA Longitude = 070 35.52 W
* NMEA UTC (Time) = Dec 02 2021  00:50:18
* NMEA baud rate = 9600
** Ship: RVIB N.B. Palmer
** Cruise: NBP2113 LTER
** Station: 200.040
** Operator: S. Blackman
# nquan = 25
# nvalues = 747                         
# units = specified
# name 0 = prDM: Pressure, Digiquartz [db]
# name 1 = depSM: Depth [salt water, m]
# name 2 = t090C: Temperature [ITS-90, deg C]
# name 3 = c0mS/cm: Conductivity [mS/cm]
# name 4 = t190C: Temperature, 2 [ITS-90, deg C]
# name 5 = c1mS/cm: Conductivity, 2 [mS/cm]
# name 6 = sbeox0ML/L: Oxygen, SBE 43 [ml/l]
# name 7 = sbeox1ML/L: Oxygen, SBE 43, 2 [ml/l]
# name 8 = flECO-AFL: Fluorescence, WET Labs ECO-AFL/FL [mg/m^3]
# name 9 = CStarTr0: Beam Transmission, WET Labs C-Star [%]
# name 10 = par: PAR/Irradiance, Biospherical/Licor
# name 11 = latitude: Latitude [deg]
# name 12 = longitude: Longitude [deg]
# name 13 = timeJ: Julian Days
# name 14 = altM: Altimeter [m]
# name 15 = spar: SPAR, Biospherical/Licor
# name 16 = timeS: Time, Elapsed [seconds]
# name 17 = scan: Scan Count
# name 18 = density00: Density [density, kg/m^3]
# name 19 = density11: Density, 2 [density, kg/m^3]
# name 20 = sal00: Salinity, Practical [PSU]
# name 21 = sal11: Salinity, Practical, 2 [PSU]
# name 22 = oxsolML/L: Oxygen Saturation, Garcia & Gordon [ml/l]
# name 23 = nbin: number of scans per bin
# name 24 = flag: flag
# span 0 =      1.000,    747.000       
# span 1 =      0.991,    738.223       
# span 2 =    -0.8166,     1.4747       
# span 3 =  27.682499,  30.295063       
# span 4 =    -0.8181,     1.4744       
# span 5 =  27.679829,  30.293267       
# span 6 =    -2.2584,    18.9637       
# span 7 =     4.0098,    10.0440       
# span 8 =    -0.0225,     2.1471       
# span 9 =    89.4175,    97.1373       
# span 10 = 1.0000e-12, 2.2716e+01      
# span 11 =  -67.51062,  -67.51020      
# span 12 =  -70.59048,  -70.58552      
# span 13 = 336.051166, 336.066396      
# span 14 =       1.12,     100.00      
# span 15 = 2.1123e+01, 3.4902e+01      
# span 16 =   1402.734,   2718.616      
# span 17 =      33667,      65248      
# span 18 =  1027.3149,  1031.2985      
# span 19 =  1027.3132,  1031.2969      
# span 20 =    33.9757,    34.7153      
# span 21 =    33.9736,    34.7132      
# span 22 =    7.72890,    8.23747      
# span 23 =          9,         47      
# span 24 = 0.0000e+00, 0.0000e+00      
# interval = decibars: 1                
# start_time = Dec 02 2021 00:50:18 [NMEA time, header]
# bad_flag = -9.990e-29
*END*
[from data line 464]
    283.000    279.986     1.4472  30.161747     1.4469  30.160106     3.9666     4.0294    -0.0058    97.0601 1.0000e-12  -67.51040  -70.58670 336.058697      99.98 2.8206e+01   2053.419      49283  1029.0812  1029.0798    34.6681    34.6664    7.73527         19 0.0000e+00
    282.000    278.997     1.4454  30.159264     1.4447  30.157209     3.9684     4.0296    -0.0109    97.0601 1.0000e-12  -67.51040  -70.58670 336.058707      99.97 2.8206e+01   2054.282      49304  1029.0761  1029.0748    34.6675    34.6657    7.73565         24 0.0000e+00
    281.000    278.007     1.4464  30.160044     1.4470  30.159377     3.9767     4.0301    -0.0164    97.0601 1.0000e-12  -67.51041  -70.58670 336.058723      99.98 2.8206e+01   2055.645      49336  1029.0717  1029.0704    34.6680    34.6665    7.73543         38 0.0000e+00
    280.000    277.020     1.4477  30.161035     1.4487  30.161135     3.9781     4.0312    -0.0094    97.0601 1.0000e-12  -67.51042  -70.58670 336.058753      99.97 2.8206e+01   2058.217      49398  1029.0672  1029.0662    34.6685    34.6675    7.73516         36 0.0000e+00
    279.000    276.031     1.4460  30.158661     1.4466  30.158241     3.9799     4.0334    -0.0082    97.0601 1.0000e-12  -67.51042  -70.58672 336.058779      99.98 2.8206e+01   2060.462      49452  1029.0621  1029.0611    34.6679    34.6666    7.73552         47 0.0000e+00
    278.000    275.044     1.4445  30.156432     1.4443  30.154911     3.9769     4.0320    -0.0093    97.0601 1.0000e-12  -67.51040  -70.58676 336.058803      99.98 2.8206e+01   2062.620      49504  1029.0571  1029.0556    34.6673    34.6655    7.73585         38 0.0000e+00
    277.000    274.052     1.4407  30.151557     1.4404  30.149904     3.9753     4.0358    -0.0210    97.0703 1.0000e-12  -67.51040  -70.58677 336.058816      99.98 2.8206e+01   2063.668      49529  1029.0515  1029.0503    34.6658    34.6641    7.73667         18 0.0000e+00
    276.000    273.066     1.4382  30.147885     1.4360  30.144125     3.9840     4.0372    -0.0144    97.0860 1.0000e-12  -67.51040  -70.58678 336.058823      99.97 2.8206e+01   2064.321      49545  1029.0461  1029.0444    34.6645    34.6622    7.73723         14 0.0000e+00
    275.000    272.077     1.4353  30.144133     1.4343  30.141707     3.9800     4.0381    -0.0139    97.0799 1.0000e-12  -67.51040  -70.58678 336.058830      99.98 2.8206e+01   2064.874      49558  1029.0409  1029.0394    34.6635    34.6615    7.73786         13 0.0000e+00
    274.000    271.088     1.4343  30.142463     1.4328  30.139516     3.9784     4.0372     0.0009    97.0741 1.0000e-12  -67.51040  -70.58678 336.058836      99.98 2.8206e+01   2065.403      49571  1029.0359  1029.0344    34.6631    34.6609    7.73808         13 0.0000e+00
    273.000    270.100     1.4320  30.139390     1.4315  30.137321     3.9792     4.0369     0.0022    97.0606 1.0000e-12  -67.51040  -70.58678 336.058842      99.98 2.8206e+01   2065.960      49584  1029.0307  1029.0292    34.6622    34.6602    7.73857         14 0.0000e+00
    272.000    269.109     1.4312  30.137858     1.4308  30.136082     3.9831     4.0369     0.0022    97.0601 1.0000e-12  -67.51040  -70.58677 336.058849      99.98 2.8206e+01   2066.595      49599  1029.0258  1029.0243    34.6618    34.6599    7.73876         17 0.0000e+00
    271.000    268.122     1.4338  30.140783     1.4322  30.137490     3.9816     4.0346     0.0018    97.0601 1.0000e-12  -67.51040  -70.58676 336.058859      99.97 2.8206e+01   2067.430      49619  1029.0218  1029.0201    34.6632    34.6607    7.73816         23 0.0000e+00
    270.000    267.133     1.4320  30.138079     1.4319  30.136556     3.9780     4.0340    -0.0025    97.0601 1.0000e-12  -67.51041  -70.58676 336.058873      99.97 2.8206e+01   2068.620      49648  1029.0166  1029.0152    34.6622    34.6605    7.73856         31 0.0000e+00
    269.000    266.144     1.4319  30.137469     1.4324  30.136848     3.9766     4.0337    -0.0025    97.0629 1.0000e-12  -67.51042  -70.58676 336.058890      99.98 2.8206e+01   2070.123      49684  1029.0118  1029.0107    34.6623    34.6609    7.73859         38 0.0000e+00
    268.000    265.155     1.4313  30.136061     1.4310  30.134598     3.9834     4.0359    -0.0066    97.0666 1.0000e-12  -67.51042  -70.58679 336.058930      99.98 2.8206e+01   2073.556      49766  1029.0067  1029.0054    34.6617    34.6601    7.73874         35 0.0000e+00
    267.000    264.166     1.4309  30.135217     1.4303  30.133176     3.9743     4.0394    -0.0085    97.0752 1.0000e-12  -67.51042  -70.58680 336.058963      99.97 2.8206e+01   2076.383      49834  1029.0018  1029.0004    34.6616    34.6597    7.73881         30 0.0000e+00
    266.000    263.179     1.4299  30.133416     1.4301  30.132341     3.9719     4.0352    -0.0105    97.0793 1.0000e-12  -67.51042  -70.58680 336.058973      99.97 2.8206e+01   2077.311      49856  1028.9968  1028.9955    34.6609    34.6594    7.73904         19 0.0000e+00
    265.000    262.189     1.4281  30.130832     1.4274  30.128778     3.9759     4.0341    -0.0147    97.0695 1.0000e-12  -67.51042  -70.58682 336.058981      99.98 2.8206e+01   2077.998      49873  1028.9917  1028.9902    34.6603    34.6584    7.73944         16 0.0000e+00
    264.000    261.201     1.4272  30.129273     1.4266  30.127303     3.9802     4.0338    -0.0068    97.0693 1.0000e-12  -67.51042  -70.58682 336.058988      99.98 2.8206e+01   2078.591      49887  1028.9868  1028.9854    34.6599    34.6580    7.73964         14 0.0000e+00
    263.000    260.213     1.4265  30.127958     1.4261  30.126203     3.9817     4.0336    -0.0056    97.0622 1.0000e-12  -67.51042  -70.58682 336.058995      99.97 2.8206e+01   2079.156      49901  1028.9818  1028.9805    34.6595    34.6577    7.73979         13 0.0000e+00
    262.000    259.222     1.4255  30.126326     1.4250  30.124565     3.9846     4.0333    -0.0150    97.0601 1.0000e-12  -67.51042  -70.58683 336.059001      99.98 2.8206e+01   2079.727      49914  1028.9769  1028.9756    34.6591    34.6574    7.74001         14 0.0000e+00
    261.000    258.233     1.4242  30.124317     1.4237  30.122484     3.9822     4.0357    -0.0150    97.0601 1.0000e-12  -67.51042  -70.58684 336.059009      99.97 2.8206e+01   2080.352      49929  1028.9719  1028.9706    34.6586    34.6568    7.74029         16 0.0000e+00
    260.000    257.244     1.4249  30.124886     1.4240  30.122452     3.9781     4.0409    -0.0150    97.0601 1.0000e-12  -67.51042  -70.58684 336.059018      99.97 2.8206e+01   2081.142      49948  1028.9676  1028.9660    34.6592    34.6570    7.74013         23 0.0000e+00
    259.000    256.257     1.4248  30.124212     1.4242  30.122168     3.9760     4.0428    -0.0150    97.0601 1.0000e-12  -67.51042  -70.58684 336.059032      99.97 2.8206e+01   2082.372      49978  1028.9628  1028.9612    34.6590    34.6571    7.74016         36 0.0000e+00
    258.000    255.268     1.4248  30.123828     1.4249  30.122750     3.9817     4.0396    -0.0039    97.0601 1.0000e-12  -67.51042  -70.58684 336.059050      99.97 2.8206e+01   2083.922      50015  1028.9580  1028.9568    34.6590    34.6576    7.74015         32 0.0000e+00
    257.000    254.279     1.4246  30.123299     1.4254  30.122896     3.9854     4.0389    -0.0096    97.0678 1.0000e-12  -67.51044  -70.58682 336.059067      99.98 2.8206e+01   2085.410      50051  1028.9534  1028.9522    34.6591    34.6578    7.74018         39 0.0000e+00
    256.000    253.290     1.4204  30.118107     1.4214  30.117697     3.9876     4.0452    -0.0107    97.0779 1.0000e-12  -67.51043  -70.58685 336.059109      99.98 2.8206e+01   2089.058      50138  1028.9480  1028.9467    34.6578    34.6562    7.74109         29 0.0000e+00
    255.000    252.302     1.4200  30.116938     1.4196  30.115436     4.0007     4.0528    -0.0136    97.0849 1.0000e-12  -67.51042  -70.58688 336.059134      99.98 2.8206e+01   2091.221      50190  1028.9429  1028.9418    34.6573    34.6558    7.74118         19 0.0000e+00
    254.000    251.314     1.4177  30.113682     1.4174  30.111955     4.0151     4.0586     0.0033    97.0650 1.0000e-12  -67.51042  -70.58688 336.059141      99.98 2.8206e+01   2091.794      50204  1028.9376  1028.9362    34.6563    34.6545    7.74169         14 0.0000e+00
    253.000    250.321     1.4119  30.106399     1.4083  30.101236     4.0169     4.0623     0.0018    97.0601 1.0000e-12  -67.51042  -70.58688 336.059147      99.98 2.8206e+01   2092.335      50217  1028.9317  1028.9300    34.6539    34.6513    7.74296         13 0.0000e+00
    252.000    249.336     1.4048  30.097793     1.4032  30.094943     4.0091     4.0647     0.0026    97.0601 1.0000e-12  -67.51042  -70.58688 336.059153      99.98 2.8206e+01   2092.842      50229  1028.9257  1028.9244    34.6515    34.6496    7.74450         12 0.0000e+00
    251.000    248.347     1.3979  30.089715     1.3970  30.087547     4.0104     4.0626     0.0008    97.0601 1.0000e-12  -67.51042  -70.58688 336.059159      99.98 2.8206e+01   2093.345      50241  1028.9200  1028.9186    34.6493    34.6475    7.74596         12 0.0000e+00
    250.000    247.358     1.3948  30.085911     1.3948  30.084516     4.0133     4.0614    -0.0061    97.0601 1.0000e-12  -67.51042  -70.58688 336.059165      99.97 2.8206e+01   2093.878      50254  1028.9149  1028.9135    34.6484    34.6467    7.74661         13 0.0000e+00
    249.000    246.369     1.3942  30.084943     1.3944  30.083847     4.0155     4.0634    -0.0067    97.0601 1.0000e-12  -67.51042  -70.58688 336.059172      99.98 2.8206e+01   2094.452      50268  1028.9102  1028.9089    34.6485    34.6468    7.74673         15 0.0000e+00
    248.000    245.378     1.3938  30.083993     1.3933  30.082011     4.0124     4.0650    -0.0148    97.0601 1.0000e-12  -67.51042  -70.58686 336.059179      99.97 2.8206e+01   2095.091      50283  1028.9054  1028.9038    34.6483    34.6463    7.74683         16 0.0000e+00
    247.000    244.390     1.3967  30.086889     1.3954  30.084165     4.0121     4.0637    -0.0085    97.0437 1.0000e-12  -67.51043  -70.58686 336.059188      99.97 2.8206e+01   2095.879      50302  1028.9012  1028.8996    34.6494    34.6473    7.74620         22 0.0000e+00
    246.000    243.400     1.3948  30.084140     1.3956  30.083685     4.0107     4.0566    -0.0089    97.0498 1.0000e-12  -67.51044  -70.58687 336.059220      99.97 2.8632e+01   2098.586      50367  1028.8959  1028.8946    34.6486    34.6471    7.74662         32 0.0000e+00
    245.000    242.415     1.3901  30.078426     1.3908  30.078203     4.0064     4.0594    -0.0046    97.0543 1.0000e-12  -67.51044  -70.58690 336.059264      99.97 2.9425e+01   2102.392      50458  1028.8902  1028.8893    34.6471    34.6459    7.74763         22 0.0000e+00
    244.000    241.424     1.3926  30.080699     1.3939  30.080996     4.0001     4.0637    -0.0062    97.0466 1.0000e-12  -67.51044  -70.58690 336.059273      99.97 2.9782e+01   2103.163      50477  1028.8859  1028.8849    34.6478    34.6467    7.74710         19 0.0000e+00
    243.000    240.435     1.3910  30.078417     1.3917  30.078010     4.0037     4.0667    -0.0058    97.0574 1.0000e-12  -67.51043  -70.58691 336.059282      99.98 2.9877e+01   2103.962      50496  1028.8808  1028.8797    34.6472    34.6459    7.74744         19 0.0000e+00
    242.000    239.445     1.3868  30.073236     1.3888  30.074303     4.0031     4.0624     0.0002    97.0390 1.0000e-12  -67.51043  -70.58692 336.059292      99.97 2.9968e+01   2104.823      50517  1028.8754  1028.8745    34.6458    34.6450    7.74834         23 0.0000e+00
    241.000    238.458     1.3826  30.067920     1.3816  30.065584     4.0007     4.0629    -0.0085    97.0598 1.0000e-12  -67.51044  -70.58692 336.059303      99.97 2.9969e+01   2105.799      50540  1028.8699  1028.8685    34.6443    34.6424    7.74926         24 0.0000e+00
    240.000    237.469     1.3789  30.063209     1.3782  30.061309     4.0082     4.0712    -0.0056    97.0613 1.0000e-12  -67.51044  -70.58692 336.059314      99.97 2.9969e+01   2106.769      50563  1028.8644  1028.8632    34.6430    34.6412    7.75006         21 0.0000e+00
    239.000    236.481     1.3773  30.060740     1.3753  30.057231     4.0118     4.0724     0.0021    97.0601 1.0000e-12  -67.51044  -70.58692 336.059324      99.98 2.9969e+01   2107.566      50583  1028.8592  1028.8576    34.6421    34.6399    7.75040         18 0.0000e+00
    238.000    235.490     1.3698  30.051657     1.3656  30.045655     4.0198     4.0665    -0.0069    97.0601 1.0000e-12  -67.51044  -70.58690 336.059331      99.97 2.9969e+01   2108.230      50599  1028.8530  1028.8511    34.6393    34.6364    7.75203         15 0.0000e+00
    237.000    234.501     1.3605  30.040672     1.3585  30.037149     4.0210     4.0649    -0.0072    97.0601 1.0000e-12  -67.51044  -70.58690 336.059339      99.97 2.9969e+01   2108.854      50614  1028.8467  1028.8451    34.6363    34.6340    7.75404         15 0.0000e+00
    236.000    233.515     1.3558  30.034906     1.3546  30.032329     4.0212     4.0640    -0.0140    97.0601 1.0000e-12  -67.51044  -70.58690 336.059347      99.97 2.9969e+01   2109.543      50630  1028.8411  1028.8397    34.6346    34.6326    7.75504         18 0.0000e+00
    235.000    232.524     1.3613  30.040803     1.3595  30.037813     4.0204     4.0677    -0.0076    97.0601 1.0000e-12  -67.51044  -70.58691 336.059368      99.97 2.9969e+01   2111.407      50675  1028.8374  1028.8361    34.6367    34.6349    7.75386         27 0.0000e+00
    234.000    231.537     1.3660  30.045431     1.3672  30.046023     4.0145     4.0825    -0.0151    97.0601 1.0000e-12  -67.51044  -70.58696 336.059422      99.98 2.9969e+01   2116.101      50787  1028.8331  1028.8325    34.6380    34.6374    7.75286         13 0.0000e+00
    233.000    230.547     1.3601  30.038703     1.3604  30.037583     4.0189     4.0800    -0.0144    97.0601 1.0000e-12  -67.51044  -70.58696 336.059428      99.98 2.9969e+01   2116.560      50798  1028.8277  1028.8264    34.6365    34.6347    7.75410         12 0.0000e+00
    232.000    229.557     1.3546  30.031707     1.3538  30.029610     4.0173     4.0794    -0.0137    97.0601 1.0000e-12  -67.51044  -70.58696 336.059433      99.98 2.9969e+01   2117.042      50810  1028.8217  1028.8204    34.6342    34.6324    7.75530         11 0.0000e+00
    231.000    228.569     1.3497  30.025611     1.3510  30.025903     4.0232     4.0782    -0.0150    97.0577 1.0000e-12  -67.51044  -70.58696 336.059439      99.97 2.9969e+01   2117.510      50821  1028.8161  1028.8152    34.6324    34.6314    7.75636         11 0.0000e+00
    230.000    227.577     1.3454  30.020581     1.3450  30.018796     4.0301     4.0804    -0.0139    97.0581 1.0000e-12  -67.51044  -70.58696 336.059444      99.98 2.9969e+01   2117.997      50833  1028.8109  1028.8095    34.6313    34.6295    7.75727         13 0.0000e+00
    229.000    226.590     1.3436  30.018016     1.3426  30.015400     4.0352     4.0815    -0.0134    97.0564 1.0000e-12  -67.51044  -70.58696 336.059451      99.98 2.9969e+01   2118.555      50846  1028.8058  1028.8041    34.6306    34.6284    7.75767         14 0.0000e+00
    228.000    225.602     1.3476  30.021970     1.3402  30.012158     4.0328     4.0781     0.0036    97.0560 1.0000e-12  -67.51044  -70.58696 336.059459      99.97 2.9969e+01   2119.241      50863  1028.8016  1028.7989    34.6318    34.6274    7.75681         19 0.0000e+00
    227.000    224.612     1.3454  30.019031     1.3448  30.017385     4.0263     4.0714    -0.0076    97.0413 1.0000e-12  -67.51044  -70.58696 336.059472      99.98 2.9969e+01   2120.405      50891  1028.7965  1028.7953    34.6311    34.6296    7.75729         35 0.0000e+00
