NBP2113_155081_ctd/data/unbp2113_048.cnv
* Sea-Bird SBE 9 Data File:
* FileName = D:\Data\raw\NBP2113_048.hex
* Software Version Seasave V 7.26.7.121
* Temperature SN = 2438
* Conductivity SN = 2067
* Number of Bytes Per Scan = 40
* Number of Voltage Words = 5
* Number of Scans Averaged by the Deck Unit = 1
* NMEA Latitude = 64 50.77 S
* NMEA Longitude = 064 00.25 W
* NMEA UTC (Time) = Dec 11 2021  07:43:13
* NMEA baud rate = 9600
** Ship: RVIB N.B. Palmer
** Cruise: NBP2113 LTER
** Station: 620.032
** Operator: B. Urmston
# nquan = 25
# nvalues = 397                         
# units = specified
# name 0 = prDM: Pressure, Digiquartz [db]
# name 1 = depSM: Depth [salt water, m]
# name 2 = t090C: Temperature [ITS-90, deg C]
# name 3 = c0mS/cm: Conductivity [mS/cm]
# name 4 = t190C: Temperature, 2 [ITS-90, deg C]
# name 5 = c1mS/cm: Conductivity, 2 [mS/cm]
# name 6 = sbeox0ML/L: Oxygen, SBE 43 [ml/l]
# name 7 = sbeox1ML/L: Oxygen, SBE 43, 2 [ml/l]
# name 8 = flECO-AFL: Fluorescence, WET Labs ECO-AFL/FL [mg/m^3]
# name 9 = CStarTr0: Beam Transmission, WET Labs C-Star [%]
# name 10 = par: PAR/Irradiance, Biospherical/Licor
# name 11 = latitude: Latitude [deg]
# name 12 = longitude: Longitude [deg]
# name 13 = timeJ: Julian Days
# name 14 = altM: Altimeter [m]
# name 15 = spar: SPAR, Biospherical/Licor
# name 16 = timeS: Time, Elapsed [seconds]
# name 17 = scan: Scan Count
# name 18 = density00: Density [density, kg/m^3]
# name 19 = density11: Density, 2 [density, kg/m^3]
# name 20 = sal00: Salinity, Practical [PSU]
# name 21 = sal11: Salinity, Practical, 2 [PSU]
# name 22 = oxsolML/L: Oxygen Saturation, Garcia & Gordon [ml/l]
# name 23 = nbin: number of scans per bin
# name 24 = flag: flag
# span 0 =      1.000,    397.000       
# span 1 =      0.990,    392.736       
# span 2 =    -0.3454,     1.3875       
# span 3 =  27.813713,  30.156227       
# span 4 =    -0.3232,     1.3872       
# span 5 =  27.837731,  30.154738       
# span 6 =     4.1809,     9.5026       
# span 7 =     4.2458,     9.8630       
# span 8 =    -0.0220,     1.8646       
# span 9 =    83.9902,    91.2036       
# span 10 = 1.0000e-12, 6.2505e+01      
# span 11 =  -64.84628,  -64.84602      
# span 12 =  -64.00421,  -64.00378      
# span 13 = 345.333225, 345.343728      
# span 14 =      10.07,     100.65      
# span 15 = 3.8779e+01, 4.5834e+01      
# span 16 =    997.644,   1905.131      
# span 17 =      23944,      45724      
# span 18 =  1027.1111,  1029.6151      
# span 19 =  1027.1091,  1029.6139      
# span 20 =    33.7441,    34.6617      
# span 21 =    33.7421,    34.6602      
# span 22 =    7.74736,    8.15395      
# span 23 =         16,         49      
# span 24 = 0.0000e+00, 0.0000e+00      
# interval = decibars: 1                
# start_time = Dec 11 2021 07:43:13 [NMEA time, header]
# bad_flag = -9.990e-29
*END*
[from data line 232]
    165.000    163.321     0.5027  29.114335     0.5036  29.114848     5.2729     5.2882     0.0157    90.9629 1.0000e-12  -64.84610  -64.00390 345.338937      86.27 3.8783e+01   1491.154      35789  1028.4056  1028.4051    34.4344    34.4340    7.93760         39 0.0000e+00
    164.000    162.329     0.4864  29.096163     0.5005  29.109700     5.2703     5.3186     0.0289    90.9643 1.0000e-12  -64.84612  -64.00390 345.338969      99.99 3.8783e+01   1493.893      35854  1028.3981  1028.3983    34.4295    34.4315    7.94123         45 0.0000e+00
    163.000    161.340     0.4907  29.101476     0.4842  29.092718     5.2598     5.3226     0.0240    90.9583 1.0000e-12  -64.84612  -64.00391 345.339000      99.97 3.8783e+01   1496.634      35920  1028.3948  1028.3920    34.4322    34.4280    7.94019         42 0.0000e+00
    162.000    160.350     0.4797  29.087187     0.4784  29.086195     5.2609     5.3256     0.0213    90.9574 1.0000e-12  -64.84612  -64.00392 345.339025      99.97 3.8783e+01   1498.736      35971  1028.3861  1028.3863    34.4263    34.4265    7.94276         31 0.0000e+00
    161.000    159.362     0.4845  29.090589     0.4861  29.090587     5.2736     5.3190     0.0233    90.9563 1.0000e-12  -64.84612  -64.00392 345.339037      99.97 3.8783e+01   1499.805      35996  1028.3807  1028.3790    34.4261    34.4242    7.94180         25 0.0000e+00
    160.000    158.372     0.4936  29.097639     0.4981  29.100372     5.2707     5.3181     0.0284    90.9409 1.0000e-12  -64.84612  -64.00392 345.339051      99.97 3.8783e+01   1501.023      36026  1028.3748  1028.3732    34.4257    34.4243    7.93995         34 0.0000e+00
    159.000    157.383     0.4915  29.095569     0.4871  29.091156     5.2622     5.3217     0.0247    90.9332 1.0000e-12  -64.84612  -64.00392 345.339093      99.97 3.8783e+01   1504.659      36113  1028.3703  1028.3700    34.4259    34.4251    7.94036         34 0.0000e+00
    158.000    156.392     0.4998  29.102476     0.4974  29.098677     5.2569     5.3186     0.0170    90.9317 1.0000e-12  -64.84612  -64.00392 345.339118      99.97 3.8783e+01   1506.771      36164  1028.3650  1028.3634    34.4263    34.4241    7.93863         36 0.0000e+00
    157.000    155.403     0.5018  29.102999     0.5011  29.101149     5.2655     5.3237     0.0265    90.9284 1.0000e-12  -64.84612  -64.00392 345.339135      99.97 3.8783e+01   1508.272      36200  1028.3594  1028.3582    34.4254    34.4238    7.93828         35 0.0000e+00
    156.000    154.415     0.5048  29.104466     0.5081  29.105555     5.2609     5.3238     0.0339    90.9174 1.0000e-12  -64.84612  -64.00393 345.339157      99.97 3.8783e+01   1510.202      36246  1028.3538  1028.3516    34.4245    34.4222    7.93771         35 0.0000e+00
    155.000    153.420     0.5059  29.104438     0.5060  29.103287     5.2631     5.3214     0.0346    90.9138 1.0000e-12  -64.84612  -64.00393 345.339195      99.97 3.8783e+01   1513.419      36323  1028.3485  1028.3472    34.4239    34.4223    7.93752         22 0.0000e+00
    154.000    152.435     0.5074  29.104716     0.5067  29.103301     5.2518     5.3124     0.0287    90.9330 1.0000e-12  -64.84613  -64.00396 345.339243      99.97 3.8783e+01   1517.612      36424  1028.3431  1028.3423    34.4231    34.4221    7.93725         40 0.0000e+00
    153.000    151.445     0.5070  29.104355     0.5061  29.102531     5.2271     5.3091     0.0235    90.9012 1.0000e-12  -64.84614  -64.00396 345.339258      99.97 3.9501e+01   1518.874      36454  1028.3389  1028.3378    34.4238    34.4223    7.93731         27 0.0000e+00
    152.000    150.456     0.5026  29.098260     0.5023  29.097212     5.2455     5.3145     0.0214    90.9170 1.0000e-12  -64.84613  -64.00396 345.339271      99.97 3.9806e+01   1520.032      36482  1028.3326  1028.3317    34.4213    34.4202    7.93835         29 0.0000e+00
    151.000    149.472     0.5003  29.095204     0.4999  29.093663     5.2592     5.3194     0.0265    90.9114 1.0000e-12  -64.84613  -64.00396 345.339463      99.97 4.0518e+01   1536.582      36879  1028.3272  1028.3260    34.4204    34.4189    7.93886         26 0.0000e+00
    150.000    148.478     0.4958  29.089470     0.4959  29.088757     5.2682     5.3446     0.0273    90.9058 1.0000e-12  -64.84614  -64.00398 345.339642      99.97 4.0548e+01   1552.109      37252  1028.3213  1028.3204    34.4186    34.4175    7.93990         22 0.0000e+00
    149.000    147.487     0.4939  29.086817     0.4933  29.085160     5.2906     5.3500     0.0242    90.9059 1.0000e-12  -64.84614  -64.00398 345.339649      99.97 4.0546e+01   1552.688      37266  1028.3161  1028.3149    34.4178    34.4163    7.94033         20 0.0000e+00
    148.000    146.497     0.4918  29.083271     0.4913  29.081543     5.2806     5.3435     0.0210    90.9059 1.0000e-12  -64.84614  -64.00398 345.339660      99.97 4.0546e+01   1553.605      37288  1028.3102  1028.3088    34.4162    34.4144    7.94085         23 0.0000e+00
    147.000    145.508     0.4916  29.082262     0.4912  29.080358     5.2651     5.3326     0.0244    90.8891 1.0000e-12  -64.84614  -64.00398 345.339673      99.97 4.0546e+01   1554.729      37314  1028.3050  1028.3034    34.4156    34.4136    7.94091         32 0.0000e+00
    146.000    144.519     0.4953  29.086730     0.4941  29.084252     5.2610     5.3404     0.0387    90.8840 1.0000e-12  -64.84615  -64.00398 345.339693      99.97 4.0546e+01   1556.449      37356  1028.3019  1028.3004    34.4179    34.4160    7.94003         42 0.0000e+00
    145.000    143.530     0.4945  29.085548     0.4911  29.080204     5.3084     5.3728     0.0312    90.8809 1.0000e-12  -64.84616  -64.00398 345.339714      99.97 4.0546e+01   1558.309      37400  1028.2971  1028.2949    34.4179    34.4147    7.94020         33 0.0000e+00
    144.000    142.541     0.4902  29.079976     0.4853  29.072606     5.3711     5.3973     0.0349    90.8802 1.0000e-12  -64.84616  -64.00399 345.339729      99.97 4.0546e+01   1559.563      37431  1028.2913  1028.2883    34.4160    34.4118    7.94119         27 0.0000e+00
    143.000    141.550     0.4793  29.066603     0.4772  29.063161     5.3878     5.4055     0.0362    90.8770 1.0000e-12  -64.84616  -64.00399 345.339741      99.97 4.0546e+01   1560.596      37455  1028.2837  1028.2821    34.4113    34.4091    7.94369         24 0.0000e+00
    142.000    140.561     0.4757  29.061861     0.4738  29.058515     5.3799     5.4111     0.0362    90.8606 1.0000e-12  -64.84616  -64.00400 345.339753      99.97 4.0546e+01   1561.630      37480  1028.2778  1028.2762    34.4096    34.4074    7.94451         26 0.0000e+00
    141.000    139.572     0.4716  29.057299     0.4651  29.049509     5.4128     5.4428     0.0362    90.8534 1.0000e-12  -64.84616  -64.00400 345.339765      99.97 4.0546e+01   1562.723      37506  1028.2727  1028.2709    34.4088    34.4059    7.94540         26 0.0000e+00
    140.000    138.582     0.4586  29.044512     0.4523  29.036557     5.4309     5.4526     0.0416    90.8544 1.0000e-12  -64.84616  -64.00400 345.339778      99.97 4.0546e+01   1563.814      37533  1028.2679  1028.2657    34.4073    34.4038    7.94817         26 0.0000e+00
    139.000    137.593     0.4155  29.000132     0.4055  28.988705     5.3991     5.4377     0.0436    90.8544 1.0000e-12  -64.84616  -64.00400 345.339791      99.97 4.0546e+01   1564.951      37560  1028.2592  1028.2568    34.3978    34.3940    7.95756         30 0.0000e+00
    138.000    136.603     0.4230  29.005289     0.4347  29.016139     5.3918     5.4376     0.0392    90.8525 1.0000e-12  -64.84616  -64.00400 345.339809      99.97 4.0546e+01   1566.511      37597  1028.2526  1028.2524    34.3968    34.3979    7.95608         43 0.0000e+00
    137.000    135.614     0.4070  28.992176     0.4237  29.007883     5.4432     5.4813     0.0494    90.8421 1.0000e-12  -64.84616  -64.00400 345.339831      99.97 4.0546e+01   1568.407      37643  1028.2499  1028.2501    34.3981    34.4000    7.95930         32 0.0000e+00
    136.000    134.625     0.3719  28.953647     0.3753  28.955667     5.4875     5.5012     0.0434    90.8479 1.0000e-12  -64.84616  -64.00400 345.339845      99.97 4.0546e+01   1569.579      37671  1028.2395  1028.2384    34.3873    34.3862    7.96714         23 0.0000e+00
    135.000    133.632     0.3608  28.943461     0.3536  28.935927     5.5098     5.5114     0.0308    90.8544 1.0000e-12  -64.84616  -64.00400 345.339854      99.97 4.0546e+01   1570.416      37691  1028.2352  1028.2344    34.3869    34.3851    7.96945         19 0.0000e+00
    134.000    132.646     0.3445  28.925043     0.3422  28.921443     5.4978     5.5132     0.0289    90.8531 1.0000e-12  -64.84616  -64.00402 345.339863      99.97 4.0546e+01   1571.199      37710  1028.2273  1028.2258    34.3816    34.3794    7.97312         19 0.0000e+00
    133.000    131.655     0.3478  28.928004     0.3471  28.926121     5.4781     5.5109     0.0299    90.8459 1.0000e-12  -64.84616  -64.00402 345.339873      99.96 4.0546e+01   1572.031      37730  1028.2227  1028.2215    34.3823    34.3807    7.97239         21 0.0000e+00
    132.000    130.666     0.3513  28.930691     0.3498  28.928699     5.4531     5.5062     0.0372    90.8208 1.0000e-12  -64.84616  -64.00401 345.339885      99.97 4.0546e+01   1573.074      37755  1028.2175  1028.2169    34.3826    34.3817    7.97165         30 0.0000e+00
    131.000    129.676     0.3567  28.936090     0.3552  28.933675     5.4442     5.5103     0.0350    90.8286 1.0000e-12  -64.84616  -64.00400 345.339903      99.97 4.0546e+01   1574.630      37792  1028.2134  1028.2123    34.3843    34.3828    7.97046         35 0.0000e+00
    130.000    128.687     0.3543  28.933710     0.3505  28.928945     5.4494     5.5077     0.0425    90.8412 1.0000e-12  -64.84616  -64.00400 345.339922      99.96 4.0546e+01   1576.284      37832  1028.2087  1028.2074    34.3844    34.3824    7.97094         33 0.0000e+00
    129.000    127.697     0.3495  28.928650     0.3464  28.924184     5.4698     5.5137     0.0389    90.8545 1.0000e-12  -64.84616  -64.00400 345.339937      99.97 4.0546e+01   1577.569      37863  1028.2037  1028.2020    34.3837    34.3814    7.97197         28 0.0000e+00
    128.000    126.707     0.3432  28.921479     0.3428  28.920142     5.4701     5.5193     0.0286    90.8524 1.0000e-12  -64.84616  -64.00400 345.339950      99.97 4.0546e+01   1578.686      37889  1028.1979  1028.1968    34.3820    34.3807    7.97338         26 0.0000e+00
    127.000    125.718     0.3403  28.917877     0.3401  28.916552     5.4669     5.5233     0.0272    90.8345 1.0000e-12  -64.84616  -64.00400 345.339963      99.97 4.0546e+01   1579.777      37916  1028.1925  1028.1913    34.3811    34.3795    7.97403         26 0.0000e+00
    126.000    124.728     0.3397  28.916583     0.3394  28.915230     5.4664     5.5222     0.0360    90.8467 1.0000e-12  -64.84616  -64.00401 345.339976      99.97 4.0546e+01   1580.938      37944  1028.1874  1028.1862    34.3807    34.3792    7.97417         30 0.0000e+00
    125.000    123.738     0.3399  28.916368     0.3396  28.914988     5.4497     5.5243     0.0470    90.8496 1.0000e-12  -64.84616  -64.00402 345.339991      99.97 4.0546e+01   1582.228      37974  1028.1825  1028.1813    34.3807    34.3792    7.97412         32 0.0000e+00
    124.000    122.750     0.3403  28.916394     0.3399  28.914918     5.4499     5.5234     0.0484    90.8392 1.0000e-12  -64.84616  -64.00402 345.340006      99.97 4.0546e+01   1583.520      38005  1028.1778  1028.1766    34.3809    34.3794    7.97403         29 0.0000e+00
    123.000    121.760     0.3401  28.915799     0.3399  28.914617     5.4597     5.5354     0.0510    90.8345 1.0000e-12  -64.84617  -64.00402 345.340019      99.97 4.0546e+01   1584.673      38033  1028.1730  1028.1720    34.3810    34.3797    7.97407         26 0.0000e+00
    122.000    120.769     0.3406  28.916155     0.3398  28.914302     5.5179     5.6001     0.0339    90.8505 1.0000e-12  -64.84617  -64.00402 345.340032      99.97 4.0546e+01   1585.725      38058  1028.1686  1028.1674    34.3815    34.3799    7.97394         25 0.0000e+00
    121.000    119.779     0.3344  28.910158     0.3198  28.895296     5.5190     5.6344     0.0338    90.8527 1.0000e-12  -64.84617  -64.00402 345.340045      99.97 4.0546e+01   1586.867      38086  1028.1649  1028.1627    34.3822    34.3779    7.97518         31 0.0000e+00
    120.000    118.791     0.3154  28.889163     0.2747  28.845296     5.4949     5.5963     0.0506    90.8202 1.0000e-12  -64.84617  -64.00402 345.340061      99.97 4.0546e+01   1588.269      38119  1028.1563  1028.1497    34.3754    34.3632    7.97949         38 0.0000e+00
    119.000    117.801     0.3318  28.905616     0.3195  28.889961     5.5350     5.5760     0.0521    90.7716 1.0000e-12  -64.84618  -64.00402 345.340083      99.97 4.0546e+01   1590.160      38165  1028.1529  1028.1482    34.3792    34.3724    7.97587         42 0.0000e+00
    118.000    116.811     0.3109  28.884154     0.3131  28.884171     5.5497     5.6473     0.0431    90.7988 1.0000e-12  -64.84618  -64.00402 345.340107      99.97 4.0546e+01   1592.248      38215  1028.1466  1028.1441    34.3750    34.3725    7.98045         48 0.0000e+00
    117.000    115.819     0.3117  28.885779     0.2862  28.855820     5.6042     5.6882     0.0460    90.7622 1.0000e-12  -64.84618  -64.00402 345.340134      99.97 4.0546e+01   1594.565      38271  1028.1429  1028.1361    34.3769    34.3660    7.98017         34 0.0000e+00
    116.000    114.832     0.2672  28.838629     0.2284  28.796902     5.7370     5.7515     0.0512    90.7604 1.0000e-12  -64.84618  -64.00403 345.340159      99.97 4.0780e+01   1596.766      38323  1028.1325  1028.1260    34.3651    34.3537    7.99005         40 0.0000e+00
    115.000    113.843     0.2242  28.789392     0.2128  28.775148     5.7513     5.7578     0.0353    90.7521 1.0000e-12  -64.84618  -64.00404 345.340175      99.97 4.1102e+01   1598.122      38356  1028.1180  1028.1137    34.3491    34.3430    7.99989         29 0.0000e+00
    114.000    112.853     0.2095  28.772017     0.1924  28.751673     5.7353     5.7440     0.0362    90.7351 1.0000e-12  -64.84618  -64.00404 345.340188      99.97 4.1174e+01   1599.253      38383  1028.1096  1028.1043    34.3432    34.3355    8.00327         28 0.0000e+00
    113.000    111.863     0.1974  28.758635     0.2003  28.759314     5.7084     5.7394     0.0490    90.7517 1.0000e-12  -64.84618  -64.00404 345.340204      99.97 4.1403e+01   1600.622      38416  1028.1024  1028.0999    34.3397    34.3373    8.00599         31 0.0000e+00
    112.000    110.871     0.1997  28.760539     0.2098  28.769099     5.6887     5.7486     0.0439    90.7368 1.0000e-12  -64.84620  -64.00404 345.340250      99.96 4.0631e+01   1604.615      38512  1028.0972  1028.0961    34.3403    34.3402    8.00548         27 0.0000e+00
    111.000    109.884     0.2004  28.760099     0.2069  28.767103     5.7466     5.8008     0.0354    90.7334 1.0000e-12  -64.84620  -64.00404 345.340274      99.97 4.0546e+01   1606.659      38561  1028.0914  1028.0922    34.3395    34.3414    8.00537         33 0.0000e+00
    110.000    108.894     0.1922  28.751597     0.1901  28.748411     5.8313     5.8547     0.0424    90.7507 1.0000e-12  -64.84620  -64.00404 345.340289      99.97 4.0546e+01   1607.931      38591  1028.0860  1028.0845    34.3381    34.3362    8.00716         29 0.0000e+00
    109.000    107.903     0.1684  28.723164     0.1619  28.714345     5.8431     5.8593     0.0526    90.7318 1.0000e-12  -64.84620  -64.00405 345.340304      99.97 4.0546e+01   1609.223      38622  1028.0748  1028.0718    34.3278    34.3234    8.01271         34 0.0000e+00
