NBP2113_155081_ctd/data/unbp2113_006.cnv
* Sea-Bird SBE 9 Data File:
* FileName = D:\Data\raw\NBP2113_006.hex
* Software Version Seasave V 7.26.7.121
* Temperature SN = 2438
* Conductivity SN = 2067
* Number of Bytes Per Scan = 40
* Number of Voltage Words = 5
* Number of Scans Averaged by the Deck Unit = 1
* NMEA Latitude = 64 34.93 S
* NMEA Longitude = 064 20.17 W
* NMEA UTC (Time) = Nov 24 2021  19:52:36
* NMEA baud rate = 9600
** Ship: RVIB N.B. Palmer
** Cruise: NBP2113 LTER
** Station: 625.073
** Operator: S.Blackman
# nquan = 25
# nvalues = 198                         
# units = specified
# name 0 = prDM: Pressure, Digiquartz [db]
# name 1 = depSM: Depth [salt water, m]
# name 2 = t090C: Temperature [ITS-90, deg C]
# name 3 = c0mS/cm: Conductivity [mS/cm]
# name 4 = t190C: Temperature, 2 [ITS-90, deg C]
# name 5 = c1mS/cm: Conductivity, 2 [mS/cm]
# name 6 = sbeox0ML/L: Oxygen, SBE 43 [ml/l]
# name 7 = sbeox1ML/L: Oxygen, SBE 43, 2 [ml/l]
# name 8 = flECO-AFL: Fluorescence, WET Labs ECO-AFL/FL [mg/m^3]
# name 9 = CStarTr0: Beam Transmission, WET Labs C-Star [%]
# name 10 = par: PAR/Irradiance, Biospherical/Licor
# name 11 = latitude: Latitude [deg]
# name 12 = longitude: Longitude [deg]
# name 13 = timeJ: Julian Days
# name 14 = altM: Altimeter [m]
# name 15 = spar: SPAR, Biospherical/Licor
# name 16 = timeS: Time, Elapsed [seconds]
# name 17 = scan: Scan Count
# name 18 = density00: Density [density, kg/m^3]
# name 19 = density11: Density, 2 [density, kg/m^3]
# name 20 = sal00: Salinity, Practical [PSU]
# name 21 = sal11: Salinity, Practical, 2 [PSU]
# name 22 = oxsolML/L: Oxygen Saturation, Garcia & Gordon [ml/l]
# name 23 = nbin: number of scans per bin
# name 24 = flag: flag
# span 0 =      1.000,    198.000       
# span 1 =      0.993,    195.971       
# span 2 =    -0.0394,     1.0105       
# span 3 =  28.372670,  29.663720       
# span 4 =    -0.0413,     1.0102       
# span 5 =  28.371392,  29.662082       
# span 6 =     4.8333,     7.5985       
# span 7 =     4.7981,     7.4358       
# span 8 =     0.0300,     0.9418       
# span 9 =    92.5500,    97.3907       
# span 10 = 1.0000e-12, 7.0859e+02      
# span 11 =  -64.58208,  -64.58194      
# span 12 =  -64.33790,  -64.33719      
# span 13 = 328.837958, 328.840902      
# span 14 =       9.32,     121.58      
# span 15 = 3.7697e+02, 4.0726e+02      
# span 16 =    843.566,   1097.937      
# span 17 =      20247,      26351      
# span 18 =  1027.4249,  1028.6308      
# span 19 =  1027.4223,  1028.6292      
# span 20 =    34.1479,    34.5647      
# span 21 =    34.1432,    34.5627      
# span 22 =    7.82748,    8.06618      
# span 23 =         19,         44      
# span 24 = 0.0000e+00, 0.0000e+00      
# interval = decibars: 1                
# start_time = Nov 24 2021 19:52:36 [NMEA time, header]
# bad_flag = -9.990e-29
*END*
[from data line 174]
     24.000     23.764    -0.0392  28.375304    -0.0387  28.373728     7.5839     7.4007     0.8753    92.7088 2.4597e+01  -64.58196  -64.33786 328.840410      99.97 3.8255e+02   1055.432      25331  1027.5382  1027.5358    34.1511    34.1485    8.06618         26 0.0000e+00
     23.000     22.773    -0.0384  28.375618    -0.0386  28.372853     7.5327     7.4035     0.8421    92.6585 2.6423e+01  -64.58196  -64.33785 328.840424      99.97 3.8255e+02   1056.607      25360  1027.5333  1027.5304    34.1512    34.1478    8.06600         31 0.0000e+00
     22.000     21.785    -0.0366  28.378911    -0.0373  28.373356     7.5433     7.4087     0.8153    92.6268 2.8430e+01  -64.58196  -64.33785 328.840440      99.97 3.8255e+02   1057.976      25392  1027.5308  1027.5254    34.1542    34.1476    8.06546         32 0.0000e+00
     21.000     20.794    -0.0372  28.375540    -0.0377  28.372750     7.5484     7.4160     0.8913    92.6486 3.0456e+01  -64.58194  -64.33784 328.840455      99.97 3.8255e+02   1059.326      25425  1027.5234  1027.5207    34.1510    34.1479    8.06577         30 0.0000e+00
     20.000     19.804    -0.0382  28.373745    -0.0387  28.371392     7.5063     7.4183     0.8910    92.6417 3.3156e+01  -64.58194  -64.33785 328.840469      99.97 3.8255e+02   1060.501      25453  1027.5181  1027.5159    34.1504    34.1478    8.06601         27 0.0000e+00
     19.000     18.813    -0.0389  28.372670    -0.0370  28.372172     7.5367     7.4160     0.8762    92.6266 3.6346e+01  -64.58194  -64.33785 328.840482      99.97 3.8255e+02   1061.612      25480  1027.5133  1027.5108    34.1504    34.1475    8.06617         27 0.0000e+00
     18.000     17.823    -0.0372  28.373458    -0.0332  28.374330     7.5147     7.4174     0.8343    92.6359 3.9787e+01  -64.58194  -64.33785 328.840495      99.97 3.8174e+02   1062.742      25507  1027.5081  1027.5051    34.1501    34.1468    8.06581         27 0.0000e+00
     17.000     16.834    -0.0347  28.374759    -0.0332  28.374048     7.5326     7.4268     0.7877    92.6451 4.3437e+01  -64.58194  -64.33786 328.840508      34.09 3.8077e+02   1063.909      25535  1027.5028  1027.5005    34.1497    34.1471    8.06532         28 0.0000e+00
     16.000     15.843    -0.0333  28.375431    -0.0328  28.373926     7.5211     7.4278     0.7814    92.6311 4.7272e+01  -64.58194  -64.33786 328.840522      82.49 3.8078e+02   1065.091      25563  1027.4979  1027.4957    34.1496    34.1470    8.06503         29 0.0000e+00
     15.000     14.853    -0.0325  28.375765    -0.0319  28.374291     7.5176     7.4232     0.7575    92.5987 5.0624e+01  -64.58194  -64.33786 328.840536      99.77 3.8078e+02   1066.278      25592  1027.4931  1027.4909    34.1498    34.1471    8.06485         29 0.0000e+00
     14.000     13.862    -0.0320  28.375792    -0.0307  28.374716     7.5152     7.4186     0.7729    92.6239 5.4537e+01  -64.58194  -64.33786 328.840550      99.97 3.8078e+02   1067.533      25622  1027.4883  1027.4859    34.1498    34.1469    8.06474         33 0.0000e+00
     13.000     12.872    -0.0329  28.374722    -0.0304  28.374596     7.5342     7.4302     0.7658    92.6310 5.8929e+01  -64.58194  -64.33786 328.840568      68.05 3.8078e+02   1069.093      25659  1027.4838  1027.4812    34.1500    34.1471    8.06492         36 0.0000e+00
     12.000     11.884    -0.0317  28.375315    -0.0297  28.374766     7.5491     7.4358     0.7860    92.5772 6.5347e+01  -64.58194  -64.33786 328.840587      90.99 3.8078e+02   1070.721      25698  1027.4790  1027.4764    34.1501    34.1471    8.06467         33 0.0000e+00
     11.000     10.891    -0.0109  28.393275    -0.0237  28.379377     7.5120     7.4308     0.7587    92.6130 7.1894e+01  -64.58194  -64.33786 328.840601      99.87 3.8078e+02   1071.926      25727  1027.4735  1027.4713    34.1512    34.1472    8.06021         26 0.0000e+00
     10.000      9.903     0.0691  28.461622     0.0597  28.450767     7.5193     7.4202     0.6899    92.6094 7.6599e+01  -64.58194  -64.33786 328.840614      99.97 3.8078e+02   1073.036      25754  1027.4640  1027.4615    34.1530    34.1492    8.04329         26 0.0000e+00
      9.000      8.911     0.0415  28.434091     0.0773  28.462612     7.5016     7.4254     0.6132    92.5770 8.7693e+01  -64.58194  -64.33788 328.840629      99.97 3.8078e+02   1074.315      25785  1027.4580  1027.4531    34.1481    34.1458    8.04938         33 0.0000e+00
      8.000      7.922     0.0342  28.430953     0.0582  28.446976     7.5179     7.4271     0.5867    92.6072 9.6472e+01  -64.58194  -64.33788 328.840645      99.97 3.8027e+02   1075.707      25818  1027.4574  1027.4514    34.1527    34.1471    8.05065         34 0.0000e+00
      7.000      6.932     0.0325  28.426151     0.0370  28.428374     7.5163     7.4260     0.6273    92.5682 1.0126e+02  -64.58194  -64.33788 328.840664      99.97 3.7914e+02   1077.404      25859  1027.4501  1027.4482    34.1488    34.1467    8.05122         40 0.0000e+00
      6.000      5.941     0.0359  28.429319     0.0361  28.426524     7.5144     7.4283     0.5674    92.5500 1.1528e+02  -64.58194  -64.33788 328.840689      99.97 3.7901e+02   1079.492      25909  1027.4461  1027.4430    34.1498    34.1459    8.05045         35 0.0000e+00
      5.000      4.951     0.0260  28.419654     0.0196  28.411614     7.5431     7.4197     0.5871    92.5780 1.2666e+02  -64.58194  -64.33788 328.840702      99.97 3.7902e+02   1080.686      25937  1027.4412  1027.4391    34.1486    34.1452    8.05259         25 0.0000e+00
      4.000      3.960    -0.0125  28.386171    -0.0113  28.383696     7.5095     7.4271     0.5611    92.5910 1.4539e+02  -64.58194  -64.33788 328.840714      99.97 3.7902e+02   1081.719      25962  1027.4388  1027.4351    34.1479    34.1432    8.06074         28 0.0000e+00
      3.000      2.968     0.0023  28.398324     0.0028  28.396975     7.5081     7.4286     0.5498    92.5935 1.7157e+02  -64.58194  -64.33789 328.840744      51.53 3.7902e+02   1084.263      26023  1027.4329  1027.4310    34.1481    34.1458    8.05762         30 0.0000e+00
      2.000      1.980    -0.0030  28.393427     0.0030  28.395774     7.5181     7.4309     0.5279    92.5592 2.2913e+02  -64.58194  -64.33790 328.840815      51.10 3.7791e+02   1090.391      26170  1027.4285  1027.4251    34.1481    34.1445    8.05873         30 0.0000e+00
      1.000      0.993    -0.0151  28.383171    -0.0149  28.380892 -9.990e-29 -9.990e-29     0.4912    92.5517 7.0859e+02  -64.58194  -64.33790 328.840902     121.58 3.7697e+02   1097.937      26351  1027.4249  1027.4223    34.1487    34.1453    8.06124         19 0.0000e+00
