NBP2113_155081_ctd/data/unbp2113_007.cnv
* Sea-Bird SBE 9 Data File:
* FileName = D:\Data\raw\NBP2113_007.hex
* Software Version Seasave V 7.26.7.121
* Temperature SN = 2438
* Conductivity SN = 2067
* Number of Bytes Per Scan = 40
* Number of Voltage Words = 5
* Number of Scans Averaged by the Deck Unit = 1
* NMEA Latitude = 64 56.06 S
* NMEA Longitude = 064 23.87 W
* NMEA UTC (Time) = Nov 25 2021  03:27:42
* NMEA baud rate = 9600
** Ship: RVIB N.B. Palmer
** Cruise: NBP2113 LTER
** Station: 600.040
** Operator: B. Urmston
# nquan = 25
# nvalues = 75                          
# units = specified
# name 0 = prDM: Pressure, Digiquartz [db]
# name 1 = depSM: Depth [salt water, m]
# name 2 = t090C: Temperature [ITS-90, deg C]
# name 3 = c0mS/cm: Conductivity [mS/cm]
# name 4 = t190C: Temperature, 2 [ITS-90, deg C]
# name 5 = c1mS/cm: Conductivity, 2 [mS/cm]
# name 6 = sbeox0ML/L: Oxygen, SBE 43 [ml/l]
# name 7 = sbeox1ML/L: Oxygen, SBE 43, 2 [ml/l]
# name 8 = flECO-AFL: Fluorescence, WET Labs ECO-AFL/FL [mg/m^3]
# name 9 = CStarTr0: Beam Transmission, WET Labs C-Star [%]
# name 10 = par: PAR/Irradiance, Biospherical/Licor
# name 11 = latitude: Latitude [deg]
# name 12 = longitude: Longitude [deg]
# name 13 = timeJ: Julian Days
# name 14 = altM: Altimeter [m]
# name 15 = spar: SPAR, Biospherical/Licor
# name 16 = timeS: Time, Elapsed [seconds]
# name 17 = scan: Scan Count
# name 18 = density00: Density [density, kg/m^3]
# name 19 = density11: Density, 2 [density, kg/m^3]
# name 20 = sal00: Salinity, Practical [PSU]
# name 21 = sal11: Salinity, Practical, 2 [PSU]
# name 22 = oxsolML/L: Oxygen Saturation, Garcia & Gordon [ml/l]
# name 23 = nbin: number of scans per bin
# name 24 = flag: flag
# span 0 =      1.000,     75.000       
# span 1 =      0.989,     74.251       
# span 2 =    -0.7862,    -0.1926       
# span 3 =  27.473333,  28.272434       
# span 4 =    -0.7846,    -0.1910       
# span 5 =  27.473907,  28.270424       
# span 6 =     7.3324,     8.2620       
# span 7 =     7.2396,     8.1327       
# span 8 =     0.2833,     1.4377       
# span 9 =    91.8877,    96.3781       
# span 10 = 1.0000e-12, 2.0701e+00      
# span 11 =  -64.93334,  -64.93332      
# span 12 =  -64.39883,  -64.39861      
# span 13 = 329.151236, 329.155863      
# span 14 =       1.84,     102.31      
# span 15 = 0.0000e+00, 0.0000e+00      
# span 16 =    604.752,   1004.536      
# span 17 =      14515,      24110      
# span 18 =  1027.1770,  1027.7944      
# span 19 =  1027.1756,  1027.7922      
# span 20 =    33.7901,    34.1648      
# span 21 =    33.7888,    34.1611      
# span 22 =    8.09863,    8.24737      
# span 23 =         23,         53      
# span 24 = 0.0000e+00, 0.0000e+00      
# interval = decibars: 1                
# start_time = Nov 25 2021 03:27:42 [NMEA time, header]
# bad_flag = -9.990e-29
*END*
[from data line 58]
     17.000     16.833    -0.7278  27.566204    -0.7282  27.563386     8.2391     8.1250     1.2928    92.0699 1.0000e-12  -64.93332  -64.39880 329.155479      99.97 0.0000e+00    971.393      23314  1027.2864  1027.2836    33.8423    33.8389    8.23157         40 0.0000e+00
     16.000     15.842    -0.7313  27.559831    -0.7386  27.546371     8.1849     8.1101     1.2160    92.0354 1.4479e-03  -64.93332  -64.39880 329.155499      99.97 0.0000e+00    973.093      23355  1027.2784  1027.2708    33.8383    33.8283    8.23257         33 0.0000e+00
     15.000     14.852    -0.7487  27.532868    -0.7487  27.531366     8.2101     8.1084     1.1981    92.0444 7.3862e-03  -64.93332  -64.39881 329.155516      99.97 0.0000e+00    974.608      23392  1027.2615  1027.2598    33.8220    33.8198    8.23733         37 0.0000e+00
     14.000     13.862    -0.7514  27.528505    -0.7540  27.522716     8.2284     8.1104     1.2827    91.8877 1.5056e-02  -64.93332  -64.39881 329.155537      99.97 0.0000e+00    976.369      23434  1027.2549  1027.2511    33.8197    33.8148    8.23805         47 0.0000e+00
     13.000     12.871    -0.7385  27.546703    -0.7485  27.529304     8.2143     8.1110     1.3249    92.0844 2.6812e-02  -64.93332  -64.39881 329.155564      99.97 0.0000e+00    978.770      23491  1027.2579  1027.2486    33.8305    33.8181    8.23460         35 0.0000e+00
     12.000     11.882    -0.7535  27.524866    -0.7589  27.514467     8.1706     8.0983     1.2655    92.0594 4.3643e-02  -64.93332  -64.39881 329.155592      99.97 0.0000e+00    981.176      23549  1027.2442  1027.2380    33.8183    33.8103    8.23858         44 0.0000e+00
     11.000     10.892    -0.7591  27.515302    -0.7618  27.509201     8.1990     8.0883     1.1465    92.0449 6.2557e-02  -64.93332  -64.39882 329.155611      99.97 0.0000e+00    982.776      23588  1027.2348  1027.2306    33.8122    33.8071    8.24015         35 0.0000e+00
     10.000      9.902    -0.7750  27.491761    -0.7717  27.494615     8.1794     8.0911     1.1116    92.0983 6.7486e-02  -64.93332  -64.39882 329.155628      99.97 0.0000e+00    984.286      23624  1027.2201  1027.2199    33.7988    33.7990    8.24441         40 0.0000e+00
      9.000      8.912    -0.7757  27.490574    -0.7720  27.494482     8.1628     8.0814     1.1501    92.1319 9.9516e-02  -64.93332  -64.39882 329.155654      99.97 0.0000e+00    986.507      23677  1027.2150  1027.2155    33.7987    33.7997    8.24458         42 0.0000e+00
      8.000      7.921    -0.7786  27.485734    -0.7776  27.484939     8.1539     8.0781     1.1250    92.1290 1.3489e-01  -64.93332  -64.39882 329.155680      53.79 0.0000e+00    988.774      23732  1027.2080  1027.2062    33.7959    33.7938    8.24537         44 0.0000e+00
      7.000      6.931    -0.7840  27.477905    -0.7805  27.480782     8.1455     8.0776     1.0474    92.1102 1.7329e-01  -64.93332  -64.39882 329.155701       2.89 0.0000e+00    990.569      23775  1027.2003  1027.2000    33.7920    33.7920    8.24678         43 0.0000e+00
      6.000      5.941    -0.7785  27.485123    -0.7784  27.483517     8.1675     8.0740     1.1366    92.1429 2.1568e-01  -64.93332  -64.39882 329.155729      95.50 0.0000e+00    993.021      23833  1027.1984  1027.1966    33.7963    33.7940    8.24533         41 0.0000e+00
      5.000      4.950    -0.7835  27.477710    -0.7846  27.474158     8.1720     8.0708     1.0654    92.1603 3.1337e-01  -64.93332  -64.39882 329.155755      78.61 0.0000e+00    995.224      23886  1027.1908  1027.1879    33.7925    33.7888    8.24665         38 0.0000e+00
      4.000      3.961    -0.7862  27.473333    -0.7846  27.473907     8.1638     8.0722     1.1211    92.1819 3.9231e-01  -64.93332  -64.39882 329.155779      79.50 0.0000e+00    997.324      23937  1027.1842  1027.1832    33.7901    33.7891    8.24737         46 0.0000e+00
      3.000      2.973    -0.7812  27.479897    -0.7830  27.475499     8.1675     8.0740     1.1421    92.1495 5.1497e-01  -64.93332  -64.39882 329.155807      74.95 0.0000e+00    999.695      23994  1027.1822  1027.1790    33.7941    33.7901    8.24605         38 0.0000e+00
      2.000      1.981    -0.7820  27.478484    -0.7809  27.478134 -9.990e-29 -9.990e-29     1.2565    92.1519 8.2372e-01  -64.93332  -64.39882 329.155842      74.64 0.0000e+00   1002.765      24067  1027.1770  1027.1756    33.7936    33.7919    8.24624         44 0.0000e+00
      1.000      0.989    -0.7712  27.494344    -0.7723  27.489943 -9.990e-29 -9.990e-29     1.0459    92.0859 2.0701e+00  -64.93332  -64.39883 329.155863       1.84 0.0000e+00   1004.536      24110  1027.1797  1027.1759    33.8037    33.7989    8.24330         33 0.0000e+00
