NBP2113_155081_ctd/data/unbp2113_067.cnv
* Sea-Bird SBE 9 Data File:
* FileName = D:\Data\raw\NBP2113_067.hex
* Software Version Seasave V 7.26.7.121
* Temperature SN = 2438
* Conductivity SN = 2067
* Number of Bytes Per Scan = 40
* Number of Voltage Words = 5
* Number of Scans Averaged by the Deck Unit = 1
* NMEA Latitude = 64 09.64 S
* NMEA Longitude = 061 49.92 W
* NMEA UTC (Time) = Dec 14 2021  19:29:58
* NMEA baud rate = 9600
** Ship: RVIB N.B. Palmer
** Cruise: NBP2113 LTER
** Station: 744.002
** Operator: S. Blackman
# nquan = 25
# nvalues = 475                         
# units = specified
# name 0 = prDM: Pressure, Digiquartz [db]
# name 1 = depSM: Depth [salt water, m]
# name 2 = t090C: Temperature [ITS-90, deg C]
# name 3 = c0mS/cm: Conductivity [mS/cm]
# name 4 = t190C: Temperature, 2 [ITS-90, deg C]
# name 5 = c1mS/cm: Conductivity, 2 [mS/cm]
# name 6 = sbeox0ML/L: Oxygen, SBE 43 [ml/l]
# name 7 = sbeox1ML/L: Oxygen, SBE 43, 2 [ml/l]
# name 8 = flECO-AFL: Fluorescence, WET Labs ECO-AFL/FL [mg/m^3]
# name 9 = CStarTr0: Beam Transmission, WET Labs C-Star [%]
# name 10 = par: PAR/Irradiance, Biospherical/Licor
# name 11 = latitude: Latitude [deg]
# name 12 = longitude: Longitude [deg]
# name 13 = timeJ: Julian Days
# name 14 = altM: Altimeter [m]
# name 15 = spar: SPAR, Biospherical/Licor
# name 16 = timeS: Time, Elapsed [seconds]
# name 17 = scan: Scan Count
# name 18 = density00: Density [density, kg/m^3]
# name 19 = density11: Density, 2 [density, kg/m^3]
# name 20 = sal00: Salinity, Practical [PSU]
# name 21 = sal11: Salinity, Practical, 2 [PSU]
# name 22 = oxsolML/L: Oxygen Saturation, Garcia & Gordon [ml/l]
# name 23 = nbin: number of scans per bin
# name 24 = flag: flag
# span 0 =      1.000,    475.000       
# span 1 =      0.989,    469.834       
# span 2 =    -0.7129,     0.3482       
# span 3 =  28.125544,  28.716854       
# span 4 =    -0.7134,     0.3459       
# span 5 =  28.124519,  28.714702       
# span 6 =     5.7978,    10.1845       
# span 7 =     5.9360,     8.5054       
# span 8 =    -0.0255,     1.2862       
# span 9 =    84.3628,    90.3017       
# span 10 = 1.0000e-12, 5.8650e+02      
# span 11 =  -64.16168,  -64.16140      
# span 12 =  -61.83264,  -61.83232      
# span 13 = 348.825035, 348.833773      
# span 14 =      11.21,     100.99      
# span 15 = 7.0516e+02, 8.5676e+02      
# span 16 =   1084.990,   1839.974      
# span 17 =      26041,      44160      
# span 18 =  1027.3322,  1030.0042      
# span 19 =  1027.3314,  1030.0030      
# span 20 =    34.0585,    34.5193      
# span 21 =    34.0573,    34.5178      
# span 22 =    7.99038,    8.19327      
# span 23 =         12,         48      
# span 24 = 0.0000e+00, 0.0000e+00      
# interval = decibars: 1                
# start_time = Dec 14 2021 19:29:58 [NMEA time, header]
# bad_flag = -9.990e-29
*END*
[from data line 464]
     11.000     10.893     0.2995  28.594319     0.3021  28.594889     7.2064     7.2938     1.1087    85.3107 1.0425e+02  -64.16142  -61.83236 348.833424      99.97 7.6490e+02   1809.810      43436  1027.3934  1027.3914    34.0711    34.0690    7.99977         40 0.0000e+00
     10.000      9.900     0.3092  28.599258     0.3230  28.606308     7.2686     7.3183     1.0296    85.1206 1.1931e+02  -64.16142  -61.83236 348.833449      99.97 7.6162e+02   1811.958      43488  1027.3847  1027.3788    34.0675    34.0614    7.99797         36 0.0000e+00
      9.000      8.912     0.3367  28.617288     0.3399  28.618016     7.2914     7.3309     1.0036    84.6752 1.2967e+02  -64.16142  -61.83236 348.833471      99.97 7.5850e+02   1813.890      43534  1027.3727  1027.3705    34.0613    34.0587    7.99261         38 0.0000e+00
      8.000      7.922     0.3383  28.618400     0.3381  28.616787     7.2938     7.3384     0.9634    84.5150 1.5031e+02  -64.16142  -61.83236 348.833493      99.97 7.5490e+02   1815.753      43579  1027.3682  1027.3667    34.0615    34.0596    7.99225         41 0.0000e+00
      7.000      6.932     0.3441  28.621501     0.3423  28.618745     7.2538     7.3390     0.9294    84.4369 1.6900e+02  -64.16142  -61.83236 348.833518      99.97 7.5079e+02   1817.943      43632  1027.3617  1027.3605    34.0598    34.0582    7.99115         40 0.0000e+00
      6.000      5.943     0.3444  28.621327     0.3458  28.620619     7.2317     7.3383     0.8721    84.3628 1.9202e+02  -64.16140  -61.83234 348.833547      99.97 7.4597e+02   1820.425      43691  1027.3571  1027.3550    34.0598    34.0573    7.99109         43 0.0000e+00
      5.000      4.952     0.3414  28.618567     0.3418  28.617413     7.6884     7.3221     0.8216    84.4485 2.1226e+02  -64.16140  -61.83234 348.833639      99.96 7.2923e+02   1828.404      43883  1027.3529  1027.3512    34.0601    34.0581    7.99169         29 0.0000e+00
      4.000      3.962     0.3422  28.618829     0.3405  28.616389     8.7739     7.3291     0.8226    84.4512 2.4045e+02  -64.16140  -61.83234 348.833720      99.97 7.1513e+02   1835.425      44051  1027.3481  1027.3471    34.0602    34.0588    7.99153         21 0.0000e+00
      3.000      2.972     0.3414  28.618044     0.3404  28.615919    10.1845     8.5054     0.7211    84.4078 3.0919e+02  -64.16140  -61.83233 348.833742      99.96 7.1103e+02   1837.330      44097  1027.3438  1027.3425    34.0607    34.0590    7.99167         31 0.0000e+00
      2.000      1.984     0.3427  28.618494     0.3409  28.615605     6.9999     7.1445     0.6581    84.4423 3.4482e+02  -64.16140  -61.83232 348.833767      99.97 7.0649e+02   1839.509      44149  1027.3388  1027.3375    34.0604    34.0586    7.99141         15 0.0000e+00
      1.000      0.989     0.3482  28.621211     0.3459  28.618538 -9.990e-29 -9.990e-29     0.6589    84.3810 5.8650e+02  -64.16140  -61.83232 348.833773      99.97 7.0516e+02   1839.974      44160  1027.3322  1027.3314    34.0585    34.0575    7.99038         12 0.0000e+00
