NBP2113_155081_ctd/data/unbp2113_008.cnv
* Sea-Bird SBE 9 Data File:
* FileName = D:\Data\raw\NBP2113_008.hex
* Software Version Seasave V 7.26.7.121
* Temperature SN = 2438
* Conductivity SN = 2067
* Number of Bytes Per Scan = 40
* Number of Voltage Words = 5
* Number of Scans Averaged by the Deck Unit = 1
* NMEA Latitude = 64 55.99 S
* NMEA Longitude = 064 24.05 W
* NMEA UTC (Time) = Nov 25 2021  04:33:36
* NMEA baud rate = 9600
** Ship: RVIB N.B. Palmer
** Cruise: NBP2113 LTER
** Station: 600.040
** Operator: B. Urmston
# nquan = 25
# nvalues = 1295                        
# units = specified
# name 0 = prDM: Pressure, Digiquartz [db]
# name 1 = depSM: Depth [salt water, m]
# name 2 = t090C: Temperature [ITS-90, deg C]
# name 3 = c0mS/cm: Conductivity [mS/cm]
# name 4 = t190C: Temperature, 2 [ITS-90, deg C]
# name 5 = c1mS/cm: Conductivity, 2 [mS/cm]
# name 6 = sbeox0ML/L: Oxygen, SBE 43 [ml/l]
# name 7 = sbeox1ML/L: Oxygen, SBE 43, 2 [ml/l]
# name 8 = flECO-AFL: Fluorescence, WET Labs ECO-AFL/FL [mg/m^3]
# name 9 = CStarTr0: Beam Transmission, WET Labs C-Star [%]
# name 10 = par: PAR/Irradiance, Biospherical/Licor
# name 11 = latitude: Latitude [deg]
# name 12 = longitude: Longitude [deg]
# name 13 = timeJ: Julian Days
# name 14 = altM: Altimeter [m]
# name 15 = spar: SPAR, Biospherical/Licor
# name 16 = timeS: Time, Elapsed [seconds]
# name 17 = scan: Scan Count
# name 18 = density00: Density [density, kg/m^3]
# name 19 = density11: Density, 2 [density, kg/m^3]
# name 20 = sal00: Salinity, Practical [PSU]
# name 21 = sal11: Salinity, Practical, 2 [PSU]
# name 22 = oxsolML/L: Oxygen Saturation, Garcia & Gordon [ml/l]
# name 23 = nbin: number of scans per bin
# name 24 = flag: flag
# span 0 =      1.000,   1295.000       
# span 1 =      0.991,   1278.334       
# span 2 =    -0.7757,     1.4982       
# span 3 =  27.458468,  30.658010       
# span 4 =    -0.7751,     1.4984       
# span 5 =  27.458170,  30.657040       
# span 6 =     4.0518,     8.2576       
# span 7 =     4.0872,     8.1281       
# span 8 =    -0.0220,     1.3802       
# span 9 =    91.8358,    98.1624       
# span 10 = 1.0000e-12, 5.7581e+00      
# span 11 =  -64.93344,  -64.93266      
# span 12 =  -64.40226,  -64.40188      
# span 13 = 329.215638, 329.241351      
# span 14 =       9.01,     100.21      
# span 15 = 0.0000e+00, 0.0000e+00      
# span 16 =   2215.150,   4436.767      
# span 17 =      53165,     106483      
# span 18 =  1027.1448,  1033.7850      
# span 19 =  1027.1439,  1033.7838      
# span 20 =    33.7600,    34.6787      
# span 21 =    33.7590,    34.6771      
# span 22 =    7.72471,    8.24682      
# span 23 =         16,         51      
# span 24 = 0.0000e+00, 0.0000e+00      
# interval = decibars: 1                
# start_time = Nov 25 2021 04:33:36 [NMEA time, header]
# bad_flag = -9.990e-29
*END*
[from data line 522]
    773.000    764.002     1.4392  30.375039     1.4392  30.374063     4.1521     4.1592    -0.0018    98.0643 1.0000e-12  -64.93286  -64.40216 329.224191      99.98 0.0000e+00   2954.068      70899  1031.3723  1031.3713    34.6699    34.6687    7.73675         30 0.0000e+00
    772.000    763.015     1.4391  30.374605     1.4391  30.373616     4.1604     4.1596    -0.0083    98.0786 1.0000e-12  -64.93286  -64.40216 329.224205      99.98 0.0000e+00   2955.335      70929  1031.3677  1031.3667    34.6701    34.6687    7.73676         32 0.0000e+00
    771.000    762.028     1.4390  30.374121     1.4390  30.373064     4.1488     4.1601    -0.0133    98.0716 1.0000e-12  -64.93286  -64.40216 329.224221      99.98 0.0000e+00   2956.660      70961  1031.3631  1031.3620    34.6701    34.6687    7.73678         29 0.0000e+00
    770.000    761.042     1.4388  30.373617     1.4389  30.372505     4.1571     4.1600    -0.0112    98.0578 1.0000e-12  -64.93286  -64.40216 329.224235      99.97 0.0000e+00   2957.942      70992  1031.3585  1031.3573    34.6702    34.6687    7.73680         29 0.0000e+00
    769.000    760.056     1.4387  30.372929     1.4388  30.371948     4.1562     4.1603     0.0010    98.0653 1.0000e-12  -64.93286  -64.40216 329.224248      99.98 0.0000e+00   2959.065      71019  1031.3537  1031.3526    34.6700    34.6686    7.73683         26 0.0000e+00
    768.000    759.069     1.4386  30.372428     1.4387  30.371384     4.1490     4.1614    -0.0061    98.0812 1.0000e-12  -64.93286  -64.40216 329.224260      99.98 0.0000e+00   2960.086      71043  1031.3491  1031.3480    34.6700    34.6686    7.73685         24 0.0000e+00
    767.000    758.083     1.4387  30.372003     1.4387  30.370916     4.1547     4.1595    -0.0143    98.0518 1.0000e-12  -64.93286  -64.40216 329.224272      99.98 0.0000e+00   2961.095      71067  1031.3444  1031.3433    34.6700    34.6686    7.73684         24 0.0000e+00
    766.000    757.095     1.4386  30.371515     1.4387  30.370555     4.1532     4.1589    -0.0135    98.0712 1.0000e-12  -64.93286  -64.40216 329.224285      99.98 0.0000e+00   2962.198      71094  1031.3398  1031.3388    34.6700    34.6687    7.73686         29 0.0000e+00
    765.000    756.110     1.4385  30.371076     1.4387  30.370179     4.1569     4.1598    -0.0059    98.0729 1.0000e-12  -64.93286  -64.40216 329.224300      99.98 0.0000e+00   2963.555      71126  1031.3352  1031.3342    34.6701    34.6688    7.73687         33 0.0000e+00
    764.000    755.122     1.4385  30.370565     1.4385  30.369550     4.1552     4.1581    -0.0106    98.0663 1.0000e-12  -64.93286  -64.40216 329.224318      99.98 0.0000e+00   2965.046      71162  1031.3305  1031.3295    34.6700    34.6687    7.73688         35 0.0000e+00
    763.000    754.137     1.4383  30.370033     1.4384  30.369048     4.1533     4.1572    -0.0017    98.0761 1.0000e-12  -64.93286  -64.40216 329.224333      99.98 0.0000e+00   2966.363      71194  1031.3259  1031.3249    34.6701    34.6687    7.73690         29 0.0000e+00
    762.000    753.149     1.4382  30.369482     1.4383  30.368581     4.1534     4.1585     0.0112    98.0740 1.0000e-12  -64.93286  -64.40216 329.224346      99.98 0.0000e+00   2967.487      71221  1031.3212  1031.3203    34.6700    34.6688    7.73692         24 0.0000e+00
    761.000    752.163     1.4381  30.368937     1.4381  30.367865     4.1544     4.1590     0.0046    98.0726 1.0000e-12  -64.93286  -64.40216 329.224358      99.98 0.0000e+00   2968.538      71246  1031.3166  1031.3155    34.6700    34.6686    7.73694         25 0.0000e+00
    760.000    751.176     1.4379  30.368279     1.4380  30.367277     4.1556     4.1604    -0.0094    98.0814 1.0000e-12  -64.93286  -64.40216 329.224370      99.98 0.0000e+00   2969.609      71272  1031.3120  1031.3109    34.6699    34.6686    7.73699         27 0.0000e+00
    759.000    750.190     1.4378  30.367747     1.4379  30.366699     4.1569     4.1582    -0.0072    98.0698 1.0000e-12  -64.93286  -64.40216 329.224384      99.98 0.0000e+00   2970.779      71300  1031.3073  1031.3062    34.6700    34.6686    7.73701         29 0.0000e+00
    758.000    749.203     1.4377  30.367168     1.4378  30.366107     4.1618     4.1648    -0.0066    98.0579 1.0000e-12  -64.93286  -64.40216 329.224399      99.98 0.0000e+00   2972.060      71330  1031.3027  1031.3015    34.6699    34.6685    7.73704         32 0.0000e+00
    757.000    748.217     1.4376  30.366574     1.4377  30.365612     4.1488     4.1615    -0.0147    98.0577 1.0000e-12  -64.93286  -64.40216 329.224414      99.98 0.0000e+00   2973.362      71362  1031.2980  1031.2969    34.6698    34.6685    7.73706         31 0.0000e+00
    756.000    747.229     1.4375  30.366009     1.4375  30.365055     4.1479     4.1652    -0.0115    98.0749 1.0000e-12  -64.93286  -64.40216 329.224428      99.98 0.0000e+00   2974.620      71392  1031.2933  1031.2923    34.6698    34.6686    7.73709         29 0.0000e+00
    755.000    746.243     1.4374  30.365581     1.4374  30.364552     4.1625     4.1660    -0.0055    98.0752 1.0000e-12  -64.93286  -64.40216 329.224442      99.98 0.0000e+00   2975.819      71421  1031.2887  1031.2877    34.6699    34.6686    7.73709         26 0.0000e+00
    754.000    745.257     1.4372  30.364974     1.4373  30.363872     4.1564     4.1627    -0.0044    98.0710 1.0000e-12  -64.93286  -64.40216 329.224456      99.98 0.0000e+00   2976.967      71448  1031.2841  1031.2829    34.6699    34.6684    7.73713         27 0.0000e+00
    753.000    744.271     1.4371  30.364406     1.4371  30.363286     4.1510     4.1633    -0.0009    98.0834 1.0000e-12  -64.93286  -64.40216 329.224469      99.98 0.0000e+00   2978.081      71475  1031.2795  1031.2783    34.6699    34.6684    7.73716         27 0.0000e+00
    752.000    743.283     1.4370  30.363817     1.4370  30.362784     4.1551     4.1612    -0.0071    98.0800 1.0000e-12  -64.93288  -64.40216 329.224482      99.98 0.0000e+00   2979.219      71502  1031.2747  1031.2737    34.6698    34.6685    7.73718         28 0.0000e+00
    751.000    742.297     1.4369  30.363340     1.4369  30.362230     4.1604     4.1608    -0.0140    98.0669 1.0000e-12  -64.93288  -64.40216 329.224496      99.98 0.0000e+00   2980.453      71532  1031.2701  1031.2691    34.6698    34.6685    7.73719         31 0.0000e+00
    750.000    741.311     1.4368  30.362808     1.4368  30.361769     4.1597     4.1619    -0.0070    97.9931 1.0000e-12  -64.93288  -64.40216 329.224511      99.98 0.0000e+00   2981.779      71564  1031.2655  1031.2644    34.6698    34.6685    7.73722         32 0.0000e+00
    749.000    740.324     1.4368  30.362377     1.4367  30.361243     4.1537     4.1653    -0.0062    98.0623 1.0000e-12  -64.93288  -64.40216 329.224526      99.98 0.0000e+00   2983.062      71594  1031.2609  1031.2598    34.6699    34.6685    7.73722         28 0.0000e+00
    748.000    739.336     1.4367  30.361814     1.4367  30.360767     4.1558     4.1622    -0.0053    98.0643 1.0000e-12  -64.93288  -64.40216 329.224540      99.98 0.0000e+00   2984.236      71623  1031.2562  1031.2551    34.6698    34.6685    7.73724         27 0.0000e+00
    747.000    738.350     1.4366  30.361307     1.4366  30.360270     4.1566     4.1607    -0.0129    98.0643 1.0000e-12  -64.93288  -64.40216 329.224553      99.98 0.0000e+00   2985.341      71649  1031.2515  1031.2505    34.6698    34.6685    7.73726         26 0.0000e+00
    746.000    737.365     1.4366  30.360816     1.4365  30.359723     4.1624     4.1643    -0.0061    98.0643 1.0000e-12  -64.93288  -64.40216 329.224565      99.98 0.0000e+00   2986.426      71675  1031.2469  1031.2458    34.6698    34.6685    7.73726         26 0.0000e+00
    745.000    736.376     1.4364  30.360230     1.4364  30.359273     4.1559     4.1631    -0.0107    98.0724 1.0000e-12  -64.93288  -64.40216 329.224578      99.98 0.0000e+00   2987.539      71702  1031.2422  1031.2412    34.6698    34.6686    7.73729         28 0.0000e+00
    744.000    735.390     1.4361  30.359498     1.4363  30.358642     4.1558     4.1627     0.0005    98.0721 1.0000e-12  -64.93288  -64.40216 329.224593      99.98 0.0000e+00   2988.808      71732  1031.2376  1031.2365    34.6698    34.6685    7.73736         33 0.0000e+00
    743.000    734.404     1.4360  30.358979     1.4363  30.358236     4.1605     4.1625    -0.0054    98.0671 1.0000e-12  -64.93288  -64.40216 329.224610      99.98 0.0000e+00   2990.303      71768  1031.2329  1031.2319    34.6697    34.6685    7.73737         36 0.0000e+00
    742.000    733.418     1.4360  30.358488     1.4361  30.357532     4.1563     4.1618    -0.0130    98.0583 1.0000e-12  -64.93288  -64.40216 329.224626      99.98 0.0000e+00   2991.693      71802  1031.2282  1031.2272    34.6697    34.6684    7.73738         31 0.0000e+00
    741.000    732.430     1.4359  30.357936     1.4360  30.357003     4.1521     4.1672    -0.0054    98.0592 1.0000e-12  -64.93288  -64.40216 329.224639      99.98 0.0000e+00   2992.834      71829  1031.2236  1031.2226    34.6697    34.6684    7.73741         25 0.0000e+00
    740.000    731.444     1.4357  30.357332     1.4358  30.356266     4.1567     4.1685    -0.0053    98.0334 1.0000e-12  -64.93288  -64.40216 329.224651      99.98 0.0000e+00   2993.847      71853  1031.2190  1031.2178    34.6697    34.6683    7.73745         24 0.0000e+00
    739.000    730.458     1.4355  30.356650     1.4356  30.355596     4.1650     4.1628    -0.0052    98.0772 1.0000e-12  -64.93288  -64.40216 329.224662      99.98 0.0000e+00   2994.821      71877  1031.2142  1031.2131    34.6696    34.6682    7.73748         23 0.0000e+00
    738.000    729.470     1.4355  30.356133     1.4354  30.355072     4.1625     4.1633    -0.0054    98.0772 1.0000e-12  -64.93288  -64.40216 329.224674      99.98 0.0000e+00   2995.840      71901  1031.2095  1031.2085    34.6695    34.6682    7.73750         26 0.0000e+00
    737.000    728.483     1.4353  30.355711     1.4354  30.354698     4.1592     4.1638    -0.0056    98.0741 1.0000e-12  -64.93288  -64.40216 329.224688      99.98 0.0000e+00   2997.023      71930  1031.2050  1031.2039    34.6697    34.6683    7.73751         32 0.0000e+00
    736.000    727.498     1.4354  30.355311     1.4356  30.354341     4.1555     4.1624    -0.0149    98.0598 1.0000e-12  -64.93288  -64.40216 329.224706      99.98 0.0000e+00   2998.552      71966  1031.2003  1031.1992    34.6697    34.6682    7.73750         38 0.0000e+00
    735.000    726.509     1.4352  30.354720     1.4354  30.353823     4.1595     4.1637    -0.0048    98.0626 1.0000e-12  -64.93288  -64.40216 329.224723      99.98 0.0000e+00   3000.089      72003  1031.1957  1031.1947    34.6697    34.6684    7.73754         30 0.0000e+00
    734.000    725.524     1.4351  30.354186     1.4353  30.353220     4.1619     4.1627    -0.0055    98.0623 1.0000e-12  -64.93288  -64.40216 329.224737      54.62 0.0000e+00   3001.301      72032  1031.1911  1031.1900    34.6697    34.6683    7.73756         26 0.0000e+00
    733.000    724.536     1.4348  30.353350     1.4349  30.352427     4.1500     4.1679    -0.0059    98.0773 1.0000e-12  -64.93288  -64.40216 329.224749     100.21 0.0000e+00   3002.318      72057  1031.1863  1031.1854    34.6695    34.6683    7.73762         24 0.0000e+00
    732.000    723.551     1.4347  30.352777     1.4347  30.351702     4.1594     4.1612    -0.0061    98.0656 1.0000e-12  -64.93288  -64.40216 329.224760      99.98 0.0000e+00   3003.277      72080  1031.1817  1031.1806    34.6695    34.6681    7.73766         23 0.0000e+00
    731.000    722.563     1.4345  30.352189     1.4344  30.351075     4.1647     4.1653    -0.0071    98.0536 1.0000e-12  -64.93288  -64.40216 329.224772      99.98 0.0000e+00   3004.296      72104  1031.1771  1031.1760    34.6695    34.6681    7.73769         26 0.0000e+00
    730.000    721.577     1.4344  30.351571     1.4343  30.350481     4.1632     4.1663    -0.0008    98.0845 1.0000e-12  -64.93288  -64.40216 329.224786      99.98 0.0000e+00   3005.543      72134  1031.1723  1031.1713    34.6694    34.6681    7.73771         32 0.0000e+00
    729.000    720.590     1.4342  30.350981     1.4341  30.349771     4.1593     4.1643    -0.0043    98.0671 1.0000e-12  -64.93288  -64.40216 329.224804      99.98 0.0000e+00   3007.037      72170  1031.1678  1031.1667    34.6694    34.6681    7.73775         37 0.0000e+00
    728.000    719.603     1.4340  30.350402     1.4341  30.349333     4.1557     4.1641    -0.0072    98.0530 1.0000e-12  -64.93288  -64.40216 329.224820      99.98 0.0000e+00   3008.448      72204  1031.1631  1031.1620    34.6694    34.6680    7.73778         30 0.0000e+00
    727.000    718.617     1.4340  30.349911     1.4340  30.348948     4.1612     4.1646    -0.0110    98.0519 1.0000e-12  -64.93288  -64.40216 329.224834      99.98 0.0000e+00   3009.641      72232  1031.1584  1031.1574    34.6694    34.6681    7.73779         27 0.0000e+00
    726.000    717.630     1.4338  30.349173     1.4337  30.348181     4.1667     4.1658    -0.0074    98.0763 1.0000e-12  -64.93288  -64.40216 329.224846      99.98 0.0000e+00   3010.693      72258  1031.1537  1031.1528    34.6692    34.6681    7.73784         24 0.0000e+00
    725.000    716.643     1.4337  30.348630     1.4336  30.347541     4.1675     4.1685    -0.0135    98.0849 1.0000e-12  -64.93288  -64.40216 329.224858      99.98 0.0000e+00   3011.708      72282  1031.1491  1031.1480    34.6693    34.6679    7.73786         25 0.0000e+00
    724.000    715.655     1.4335  30.348056     1.4335  30.347047     4.1629     4.1675    -0.0122    98.0646 1.0000e-12  -64.93288  -64.40216 329.224870      99.98 0.0000e+00   3012.756      72307  1031.1444  1031.1434    34.6692    34.6680    7.73789         26 0.0000e+00
    723.000    714.669     1.4334  30.347581     1.4334  30.346441     4.1583     4.1653    -0.0058    98.0687 1.0000e-12  -64.93288  -64.40216 329.224883      99.98 0.0000e+00   3013.893      72334  1031.1398  1031.1387    34.6693    34.6679    7.73791         29 0.0000e+00
    722.000    713.683     1.4335  30.347192     1.4334  30.346056     4.1610     4.1642    -0.0124    98.0680 1.0000e-12  -64.93288  -64.40216 329.224898      99.98 0.0000e+00   3015.227      72366  1031.1351  1031.1341    34.6693    34.6680    7.73789         35 0.0000e+00
    721.000    712.696     1.4334  30.346702     1.4334  30.345615     4.1665     4.1639    -0.0219    98.0701 1.0000e-12  -64.93288  -64.40216 329.224916      99.98 0.0000e+00   3016.742      72403  1031.1305  1031.1294    34.6693    34.6680    7.73791         36 0.0000e+00
    720.000    711.709     1.4333  30.346192     1.4333  30.345205     4.1672     4.1625    -0.0139    98.0778 1.0000e-12  -64.93288  -64.40216 329.224932      99.98 0.0000e+00   3018.152      72437  1031.1259  1031.1249    34.6693    34.6681    7.73793         31 0.0000e+00
    719.000    710.723     1.4333  30.345624     1.4333  30.344676     4.1511     4.1620    -0.0051    98.0816 1.0000e-12  -64.93288  -64.40216 329.224946      99.98 0.0000e+00   3019.362      72466  1031.1211  1031.1201    34.6692    34.6680    7.73794         27 0.0000e+00
    718.000    709.734     1.4331  30.345021     1.4331  30.344036     4.1570     4.1622    -0.0052    98.0639 1.0000e-12  -64.93288  -64.40216 329.224958      99.98 0.0000e+00   3020.397      72491  1031.1165  1031.1155    34.6692    34.6679    7.73797         23 0.0000e+00
    717.000    708.749     1.4331  30.344616     1.4332  30.343605     4.1655     4.1683    -0.0142    98.0654 1.0000e-12  -64.93288  -64.40216 329.224969      99.98 0.0000e+00   3021.347      72513  1031.1118  1031.1108    34.6692    34.6679    7.73797         23 0.0000e+00
