NBP2113_155081_ctd/data/unbp2113_057.cnv
* Sea-Bird SBE 9 Data File:
* FileName = D:\Data\raw\NBP2113_057.hex
* Software Version Seasave V 7.26.7.121
* Temperature SN = 2438
* Conductivity SN = 2067
* Number of Bytes Per Scan = 40
* Number of Voltage Words = 5
* Number of Scans Averaged by the Deck Unit = 1
* NMEA Latitude = 64 55.49 S
* NMEA Longitude = 064 36.97 W
* NMEA UTC (Time) = Dec 12 2021  00:03:38
* NMEA baud rate = 9600
** Ship: RVIB N.B. Palmer
** Cruise: NBP2113 LTER
** Station: 594.048
** Operator: S. Blackman
# nquan = 25
# nvalues = 1065                        
# units = specified
# name 0 = prDM: Pressure, Digiquartz [db]
# name 1 = depSM: Depth [salt water, m]
# name 2 = t090C: Temperature [ITS-90, deg C]
# name 3 = c0mS/cm: Conductivity [mS/cm]
# name 4 = t190C: Temperature, 2 [ITS-90, deg C]
# name 5 = c1mS/cm: Conductivity, 2 [mS/cm]
# name 6 = sbeox0ML/L: Oxygen, SBE 43 [ml/l]
# name 7 = sbeox1ML/L: Oxygen, SBE 43, 2 [ml/l]
# name 8 = flECO-AFL: Fluorescence, WET Labs ECO-AFL/FL [mg/m^3]
# name 9 = CStarTr0: Beam Transmission, WET Labs C-Star [%]
# name 10 = par: PAR/Irradiance, Biospherical/Licor
# name 11 = latitude: Latitude [deg]
# name 12 = longitude: Longitude [deg]
# name 13 = timeJ: Julian Days
# name 14 = altM: Altimeter [m]
# name 15 = spar: SPAR, Biospherical/Licor
# name 16 = timeS: Time, Elapsed [seconds]
# name 17 = scan: Scan Count
# name 18 = density00: Density [density, kg/m^3]
# name 19 = density11: Density, 2 [density, kg/m^3]
# name 20 = sal00: Salinity, Practical [PSU]
# name 21 = sal11: Salinity, Practical, 2 [PSU]
# name 22 = oxsolML/L: Oxygen Saturation, Garcia & Gordon [ml/l]
# name 23 = nbin: number of scans per bin
# name 24 = flag: flag
# span 0 =      1.000,   1065.000       
# span 1 =      0.994,   1051.869       
# span 2 =    -0.5691,     1.4777       
# span 3 =  27.538261,  30.540679       
# span 4 =    -0.5689,     1.4775       
# span 5 =  27.533561,  30.539512       
# span 6 =     4.0429,    10.2282       
# span 7 =     4.1021,     9.3255       
# span 8 =    -0.0220,     1.9702       
# span 9 =    82.1283,    90.7930       
# span 10 = 1.0000e-12, 1.9416e+01      
# span 11 =  -64.92494,  -64.92480      
# span 12 =  -64.61658,  -64.61486      
# span 13 = 346.022892, 346.049533      
# span 14 =       1.12,     101.33      
# span 15 = 1.2340e+01, 5.1124e+01      
# span 16 =   1759.822,   4061.627      
# span 17 =      42237,      97480      
# span 18 =  1027.0309,  1032.7266      
# span 19 =  1027.0298,  1032.7255      
# span 20 =    33.6281,    34.6771      
# span 21 =    33.6264,    34.6755      
# span 22 =    7.72881,    8.20890      
# span 23 =         10,         48      
# span 24 = 0.0000e+00, 0.0000e+00      
# interval = decibars: 1                
# start_time = Dec 12 2021 00:03:38 [NMEA time, header]
# bad_flag = -9.990e-29
*END*
[from data line 348]
    717.000    708.751     1.4424  30.355366     1.4421  30.354022     4.0989     4.1468    -0.0070    90.6659 1.0000e-12  -64.92484  -64.61629 346.036387      99.96 3.2487e+01   2925.862      70222  1031.1137  1031.1127    34.6727    34.6713    7.73597         18 0.0000e+00
    716.000    707.760     1.4423  30.354970     1.4421  30.353599     4.1001     4.1566    -0.0010    90.6656 1.0000e-12  -64.92484  -64.61632 346.036413      99.97 3.1735e+01   2928.052      70274  1031.1092  1031.1080    34.6728    34.6713    7.73597         12 0.0000e+00
    715.000    706.775     1.4423  30.354453     1.4420  30.353056     4.0961     4.1565    -0.0070    90.6671 1.0000e-12  -64.92484  -64.61632 346.036418      99.97 3.1732e+01   2928.536      70286  1031.1045  1031.1034    34.6727    34.6714    7.73598         11 0.0000e+00
    714.000    705.789     1.4421  30.353719     1.4418  30.352321     4.0943     4.1545    -0.0022    90.6721 1.0000e-12  -64.92484  -64.61632 346.036424      99.97 3.1732e+01   2929.026      70298  1031.0997  1031.0986    34.6726    34.6711    7.73603         12 0.0000e+00
    713.000    704.800     1.4417  30.352895     1.4416  30.351640     4.0928     4.1514    -0.0088    90.6630 1.0000e-12  -64.92484  -64.61632 346.036430      99.97 3.1732e+01   2929.571      70311  1031.0950  1031.0940    34.6725    34.6711    7.73611         14 0.0000e+00
    712.000    703.816     1.4411  30.351832     1.4414  30.351009     4.0943     4.1496    -0.0127    90.6661 1.0000e-12  -64.92484  -64.61632 346.036437      99.97 3.1732e+01   2930.188      70326  1031.0904  1031.0893    34.6724    34.6711    7.73624         16 0.0000e+00
    711.000    702.827     1.4411  30.351310     1.4413  30.350516     4.0966     4.1504    -0.0119    90.6728 1.0000e-12  -64.92484  -64.61632 346.036447      99.97 3.1732e+01   2931.045      70346  1031.0857  1031.0847    34.6723    34.6711    7.73624         28 0.0000e+00
    710.000    701.843     1.4409  30.350703     1.4405  30.349342     4.0964     4.1523    -0.0069    90.6557 1.0000e-12  -64.92484  -64.61631 346.036480      99.97 3.1732e+01   2933.838      70413  1031.0810  1031.0800    34.6723    34.6710    7.73627         38 0.0000e+00
    709.000    700.854     1.4403  30.349807     1.4401  30.348441     4.0921     4.1537    -0.0117    90.6731 1.0000e-12  -64.92484  -64.61631 346.036506      99.97 3.1732e+01   2936.129      70468  1031.0765  1031.0753    34.6724    34.6709    7.73639         32 0.0000e+00
    708.000    699.868     1.4406  30.349586     1.4404  30.348416     4.0938     4.1518    -0.0098    90.6753 1.0000e-12  -64.92482  -64.61632 346.036519      99.97 3.1732e+01   2937.248      70495  1031.0717  1031.0708    34.6723    34.6711    7.73633         24 0.0000e+00
    707.000    698.882     1.4406  30.349237     1.4405  30.347921     4.0969     4.1536    -0.0041    90.6893 1.0000e-12  -64.92482  -64.61634 346.036529      99.97 3.1732e+01   2938.141      70516  1031.0672  1031.0660    34.6724    34.6710    7.73633         19 0.0000e+00
    706.000    697.893     1.4396  30.347848     1.4398  30.346906     4.1019     4.1513    -0.0045    90.6871 1.0000e-12  -64.92483  -64.61634 346.036538      99.97 3.1732e+01   2938.896      70534  1031.0626  1031.0614    34.6723    34.6710    7.73653         18 0.0000e+00
    705.000    696.907     1.4393  30.346939     1.4392  30.345786     4.1036     4.1515    -0.0046    90.6972 1.0000e-12  -64.92484  -64.61634 346.036547      99.97 3.1732e+01   2939.663      70553  1031.0578  1031.0567    34.6721    34.6707    7.73661         19 0.0000e+00
    704.000    695.919     1.4391  30.346418     1.4392  30.345291     4.1046     4.1517    -0.0039    90.7068 1.0000e-12  -64.92484  -64.61634 346.036557      99.97 3.1732e+01   2940.552      70574  1031.0531  1031.0520    34.6722    34.6707    7.73663         25 0.0000e+00
    703.000    694.934     1.4394  30.346159     1.4393  30.345032     4.1064     4.1531    -0.0036    90.7136 1.0000e-12  -64.92484  -64.61634 346.036573      99.97 3.1732e+01   2941.889      70606  1031.0484  1031.0474    34.6721    34.6708    7.73658         42 0.0000e+00
    702.000    693.948     1.4391  30.345417     1.4390  30.344274     4.1011     4.1505    -0.0037    90.7010 1.0000e-12  -64.92484  -64.61633 346.036596      99.97 3.1732e+01   2943.850      70653  1031.0438  1031.0427    34.6721    34.6707    7.73665         40 0.0000e+00
    701.000    692.959     1.4392  30.345196     1.4389  30.343760     4.0916     4.1530    -0.0119    90.7244 1.0000e-12  -64.92484  -64.61634 346.036613      99.97 3.1732e+01   2945.368      70690  1031.0392  1031.0380    34.6723    34.6707    7.73662         29 0.0000e+00
    700.000    691.973     1.4391  30.344626     1.4389  30.343255     4.0974     4.1543    -0.0040    90.7257 1.0000e-12  -64.92482  -64.61634 346.036626      99.97 3.1732e+01   2946.445      70716  1031.0346  1031.0334    34.6722    34.6707    7.73665         23 0.0000e+00
    699.000    690.984     1.4388  30.343903     1.4386  30.342565     4.0988     4.1530    -0.0105    90.7257 1.0000e-12  -64.92482  -64.61634 346.036636      99.97 3.1732e+01   2947.330      70737  1031.0299  1031.0288    34.6722    34.6707    7.73671         20 0.0000e+00
    698.000    690.001     1.4388  30.343369     1.4384  30.342017     4.0942     4.1533    -0.0093    90.7257 1.0000e-12  -64.92482  -64.61636 346.036645      99.97 3.1732e+01   2948.144      70756  1031.0252  1031.0242    34.6721    34.6708    7.73671         18 0.0000e+00
    697.000    689.011     1.4386  30.342919     1.4384  30.341512     4.0980     4.1506    -0.0042    90.7257 1.0000e-12  -64.92483  -64.61636 346.036655      99.97 3.1732e+01   2948.953      70776  1031.0207  1031.0195    34.6723    34.6707    7.73674         20 0.0000e+00
    696.000    688.026     1.4385  30.342387     1.4382  30.340994     4.1043     4.1516    -0.0047    90.7257 1.0000e-12  -64.92484  -64.61636 346.036666      99.97 3.1732e+01   2949.915      70799  1031.0160  1031.0149    34.6722    34.6708    7.73675         27 0.0000e+00
    695.000    687.038     1.4386  30.341889     1.4383  30.340565     4.0985     4.1557    -0.0133    90.7257 1.0000e-12  -64.92483  -64.61636 346.036689      99.97 3.1732e+01   2951.955      70848  1031.0112  1031.0102    34.6721    34.6707    7.73675         38 0.0000e+00
    694.000    686.051     1.4385  30.341408     1.4382  30.340005     4.1044     4.1562     0.0010    90.7257 1.0000e-12  -64.92482  -64.61636 346.036714      99.97 3.1732e+01   2954.099      70899  1031.0066  1031.0055    34.6721    34.6707    7.73676         27 0.0000e+00
    693.000    685.064     1.4384  30.340811     1.4381  30.339490     4.1025     4.1540    -0.0000    90.7257 1.0000e-12  -64.92482  -64.61636 346.036725      99.97 3.1732e+01   2954.993      70921  1031.0019  1031.0009    34.6720    34.6707    7.73679         20 0.0000e+00
    692.000    684.079     1.4381  30.340158     1.4379  30.338859     4.1037     4.1545    -0.0052    90.7257 1.0000e-12  -64.92482  -64.61636 346.036733      99.97 3.1732e+01   2955.767      70939  1030.9973  1030.9962    34.6721    34.6707    7.73684         18 0.0000e+00
    691.000    683.091     1.4379  30.339445     1.4375  30.338054     4.1001     4.1538    -0.0039    90.7257 1.0000e-12  -64.92482  -64.61636 346.036743      99.97 3.1732e+01   2956.571      70959  1030.9926  1030.9915    34.6720    34.6706    7.73689         21 0.0000e+00
    690.000    682.103     1.4380  30.338945     1.4377  30.337708     4.0997     4.1518    -0.0114    90.7257 1.0000e-12  -64.92482  -64.61637 346.036755      99.97 3.1732e+01   2957.649      70985  1030.9878  1030.9868    34.6718    34.6705    7.73688         31 0.0000e+00
    689.000    681.116     1.4378  30.338485     1.4376  30.337279     4.1039     4.1527    -0.0041    90.7257 1.0000e-12  -64.92482  -64.61638 346.036773      99.97 3.1732e+01   2959.217      71022  1030.9832  1030.9822    34.6720    34.6706    7.73690         36 0.0000e+00
    688.000    680.129     1.4376  30.337854     1.4373  30.336489     4.1036     4.1587     0.0021    90.7257 1.0000e-12  -64.92482  -64.61638 346.036789      99.97 3.1732e+01   2960.547      71054  1030.9786  1030.9776    34.6720    34.6706    7.73695         27 0.0000e+00
    687.000    679.144     1.4375  30.337183     1.4371  30.335838     4.1007     4.1569    -0.0032    90.7257 1.0000e-12  -64.92482  -64.61639 346.036801      99.97 3.1732e+01   2961.643      71080  1030.9739  1030.9729    34.6718    34.6705    7.73698         26 0.0000e+00
    686.000    678.157     1.4371  30.336470     1.4368  30.335102     4.0980     4.1565    -0.0040    90.7475 1.0000e-12  -64.92482  -64.61640 346.036814      99.97 3.1732e+01   2962.758      71107  1030.9694  1030.9682    34.6719    34.6704    7.73705         28 0.0000e+00
    685.000    677.169     1.4369  30.335766     1.4365  30.334398     4.0965     4.1528    -0.0043    90.7171 1.0000e-12  -64.92482  -64.61640 346.036828      99.97 3.1732e+01   2963.946      71136  1030.9646  1030.9636    34.6717    34.6705    7.73709         28 0.0000e+00
    684.000    676.182     1.4366  30.335060     1.4363  30.333745     4.0998     4.1537    -0.0042    90.7229 1.0000e-12  -64.92482  -64.61638 346.036841      99.97 3.1732e+01   2965.100      71163  1030.9599  1030.9589    34.6717    34.6704    7.73715         27 0.0000e+00
    683.000    675.197     1.4362  30.334179     1.4360  30.332926     4.1057     4.1593    -0.0051    90.7256 1.0000e-12  -64.92482  -64.61640 346.036855      99.97 3.1732e+01   2966.293      71192  1030.9552  1030.9542    34.6716    34.6703    7.73724         31 0.0000e+00
    682.000    674.208     1.4359  30.333460     1.4363  30.332735     4.1060     4.1549    -0.0100    90.7360 1.0000e-12  -64.92482  -64.61639 346.036872      99.97 3.1732e+01   2967.715      71226  1030.9506  1030.9495    34.6717    34.6703    7.73730         34 0.0000e+00
    681.000    673.223     1.4357  30.332875     1.4360  30.332024     4.0950     4.1580    -0.0086    90.7518 1.0000e-12  -64.92482  -64.61640 346.036888      99.97 3.1732e+01   2969.164      71261  1030.9459  1030.9449    34.6716    34.6703    7.73733         31 0.0000e+00
    680.000    672.233     1.4357  30.332283     1.4356  30.331147     4.0962     4.1580    -0.0074    90.7503 1.0000e-12  -64.92482  -64.61642 346.036902      99.97 3.1732e+01   2970.334      71289  1030.9411  1030.9401    34.6714    34.6702    7.73734         25 0.0000e+00
    679.000    671.249     1.4355  30.331744     1.4353  30.330397     4.1042     4.1569    -0.0081    90.7502 1.0000e-12  -64.92482  -64.61642 346.036913      99.97 3.1732e+01   2971.275      71312  1030.9366  1030.9355    34.6716    34.6701    7.73738         21 0.0000e+00
    678.000    670.261     1.4354  30.331116     1.4351  30.329806     4.1068     4.1569    -0.0127    90.7459 1.0000e-12  -64.92482  -64.61644 346.036922      99.97 3.1732e+01   2972.092      71331  1030.9318  1030.9308    34.6714    34.6701    7.73741         19 0.0000e+00
    677.000    669.273     1.4353  30.330692     1.4350  30.329218     4.1094     4.1571    -0.0044    90.7398 1.0000e-12  -64.92482  -64.61644 346.036932      99.97 3.1732e+01   2972.901      71351  1030.9272  1030.9261    34.6715    34.6700    7.73741         20 0.0000e+00
    676.000    668.285     1.4352  30.330164     1.4351  30.328841     4.1110     4.1597    -0.0130    90.7379 1.0000e-12  -64.92482  -64.61643 346.036943      99.97 3.1732e+01   2973.910      71375  1030.9226  1030.9215    34.6715    34.6700    7.73743         32 0.0000e+00
    675.000    667.300     1.4352  30.329657     1.4350  30.328347     4.1042     4.1541    -0.0084    90.7322 1.0000e-12  -64.92482  -64.61642 346.036978      99.97 3.1732e+01   2976.867      71446  1030.9179  1030.9168    34.6714    34.6700    7.73744         40 0.0000e+00
    674.000    666.312     1.4351  30.329199     1.4350  30.327853     4.1031     4.1584    -0.0042    90.7367 1.0000e-12  -64.92482  -64.61643 346.036998      99.97 3.1732e+01   2978.623      71488  1030.9133  1030.9121    34.6715    34.6700    7.73745         26 0.0000e+00
    673.000    665.326     1.4351  30.328672     1.4349  30.327348     4.1033     4.1603    -0.0042    90.7393 1.0000e-12  -64.92482  -64.61644 346.037009      99.96 3.1732e+01   2979.538      71510  1030.9086  1030.9075    34.6715    34.6701    7.73746         19 0.0000e+00
    672.000    664.339     1.4348  30.327943     1.4346  30.326599     4.1000     4.1587    -0.0177    90.7237 1.0000e-12  -64.92482  -64.61644 346.037017      99.97 3.1732e+01   2980.247      71527  1030.9039  1030.9028    34.6714    34.6700    7.73752         16 0.0000e+00
    671.000    663.351     1.4348  30.327467     1.4344  30.326117     4.1019     4.1557    -0.0201    90.7369 1.0000e-12  -64.92482  -64.61645 346.037024      99.97 3.1732e+01   2980.892      71542  1030.8993  1030.8983    34.6714    34.6701    7.73753         16 0.0000e+00
    670.000    662.366     1.4348  30.326810     1.4343  30.325510     4.1054     4.1559    -0.0127    90.7343 1.0000e-12  -64.92482  -64.61646 346.037032      99.96 3.1732e+01   2981.530      71558  1030.8944  1030.8935    34.6712    34.6700    7.73755         15 0.0000e+00
    669.000    661.376     1.4345  30.326186     1.4342  30.324860     4.1036     4.1593    -0.0134    90.7181 1.0000e-12  -64.92482  -64.61646 346.037040      99.97 3.1732e+01   2982.226      71574  1030.8898  1030.8888    34.6712    34.6699    7.73760         19 0.0000e+00
    668.000    660.390     1.4345  30.325769     1.4342  30.324414     4.1035     4.1589    -0.0088    90.7029 1.0000e-12  -64.92482  -64.61646 346.037051      99.97 3.1732e+01   2983.188      71598  1030.8852  1030.8841    34.6712    34.6698    7.73759         30 0.0000e+00
    667.000    659.404     1.4345  30.325356     1.4342  30.323962     4.1032     4.1574    -0.0117    90.7139 1.0000e-12  -64.92482  -64.61646 346.037075      99.97 3.1732e+01   2985.246      71647  1030.8805  1030.8795    34.6712    34.6699    7.73759         37 0.0000e+00
    666.000    658.416     1.4344  30.324792     1.4341  30.323456     4.1075     4.1635    -0.0122    90.7128 1.0000e-12  -64.92482  -64.61646 346.037096      99.97 3.1732e+01   2987.068      71691  1030.8759  1030.8748    34.6713    34.6699    7.73761         34 0.0000e+00
    665.000    657.430     1.4342  30.324154     1.4338  30.322847     4.1113     4.1586    -0.0056    90.7174 1.0000e-12  -64.92482  -64.61646 346.037112      99.97 3.1732e+01   2988.454      71724  1030.8712  1030.8703    34.6713    34.6700    7.73766         35 0.0000e+00
    664.000    656.443     1.4340  30.323604     1.4339  30.322387     4.1117     4.1598    -0.0044    90.7237 1.0000e-12  -64.92482  -64.61646 346.037130      99.97 3.1732e+01   2990.047      71762  1030.8667  1030.8655    34.6713    34.6699    7.73769         40 0.0000e+00
    663.000    655.455     1.4336  30.322650     1.4334  30.321451     4.1135     4.1591    -0.0061    90.7376 1.0000e-12  -64.92482  -64.61648 346.037148      99.97 3.1732e+01   2991.593      71799  1030.8619  1030.8609    34.6711    34.6698    7.73779         32 0.0000e+00
    662.000    654.469     1.4335  30.322034     1.4332  30.320836     4.1092     4.1650    -0.0140    90.7515 1.0000e-12  -64.92482  -64.61649 346.037161      99.97 3.1732e+01   2992.677      71825  1030.8572  1030.8562    34.6710    34.6698    7.73780         21 0.0000e+00
    661.000    653.481     1.4331  30.321369     1.4328  30.319935     4.1020     4.1622    -0.0071    90.7514 1.0000e-12  -64.92482  -64.61650 346.037170      99.97 3.1732e+01   2993.449      71844  1030.8527  1030.8515    34.6712    34.6696    7.73788         16 0.0000e+00
