NBP2113_155081_ctd/data/unbp2113_067.cnv
* Sea-Bird SBE 9 Data File:
* FileName = D:\Data\raw\NBP2113_067.hex
* Software Version Seasave V 7.26.7.121
* Temperature SN = 2438
* Conductivity SN = 2067
* Number of Bytes Per Scan = 40
* Number of Voltage Words = 5
* Number of Scans Averaged by the Deck Unit = 1
* NMEA Latitude = 64 09.64 S
* NMEA Longitude = 061 49.92 W
* NMEA UTC (Time) = Dec 14 2021  19:29:58
* NMEA baud rate = 9600
** Ship: RVIB N.B. Palmer
** Cruise: NBP2113 LTER
** Station: 744.002
** Operator: S. Blackman
# nquan = 25
# nvalues = 475                         
# units = specified
# name 0 = prDM: Pressure, Digiquartz [db]
# name 1 = depSM: Depth [salt water, m]
# name 2 = t090C: Temperature [ITS-90, deg C]
# name 3 = c0mS/cm: Conductivity [mS/cm]
# name 4 = t190C: Temperature, 2 [ITS-90, deg C]
# name 5 = c1mS/cm: Conductivity, 2 [mS/cm]
# name 6 = sbeox0ML/L: Oxygen, SBE 43 [ml/l]
# name 7 = sbeox1ML/L: Oxygen, SBE 43, 2 [ml/l]
# name 8 = flECO-AFL: Fluorescence, WET Labs ECO-AFL/FL [mg/m^3]
# name 9 = CStarTr0: Beam Transmission, WET Labs C-Star [%]
# name 10 = par: PAR/Irradiance, Biospherical/Licor
# name 11 = latitude: Latitude [deg]
# name 12 = longitude: Longitude [deg]
# name 13 = timeJ: Julian Days
# name 14 = altM: Altimeter [m]
# name 15 = spar: SPAR, Biospherical/Licor
# name 16 = timeS: Time, Elapsed [seconds]
# name 17 = scan: Scan Count
# name 18 = density00: Density [density, kg/m^3]
# name 19 = density11: Density, 2 [density, kg/m^3]
# name 20 = sal00: Salinity, Practical [PSU]
# name 21 = sal11: Salinity, Practical, 2 [PSU]
# name 22 = oxsolML/L: Oxygen Saturation, Garcia & Gordon [ml/l]
# name 23 = nbin: number of scans per bin
# name 24 = flag: flag
# span 0 =      1.000,    475.000       
# span 1 =      0.989,    469.834       
# span 2 =    -0.7129,     0.3482       
# span 3 =  28.125544,  28.716854       
# span 4 =    -0.7134,     0.3459       
# span 5 =  28.124519,  28.714702       
# span 6 =     5.7978,    10.1845       
# span 7 =     5.9360,     8.5054       
# span 8 =    -0.0255,     1.2862       
# span 9 =    84.3628,    90.3017       
# span 10 = 1.0000e-12, 5.8650e+02      
# span 11 =  -64.16168,  -64.16140      
# span 12 =  -61.83264,  -61.83232      
# span 13 = 348.825035, 348.833773      
# span 14 =      11.21,     100.99      
# span 15 = 7.0516e+02, 8.5676e+02      
# span 16 =   1084.990,   1839.974      
# span 17 =      26041,      44160      
# span 18 =  1027.3322,  1030.0042      
# span 19 =  1027.3314,  1030.0030      
# span 20 =    34.0585,    34.5193      
# span 21 =    34.0573,    34.5178      
# span 22 =    7.99038,    8.19327      
# span 23 =         12,         48      
# span 24 = 0.0000e+00, 0.0000e+00      
# interval = decibars: 1                
# start_time = Dec 14 2021 19:29:58 [NMEA time, header]
# bad_flag = -9.990e-29
*END*
[from data line 116]
    359.000    355.195    -0.5228  28.387041    -0.5228  28.385922     6.0907     6.1705    -0.0114    90.2682 1.0000e-12  -64.16162  -61.83256 348.826638      99.97 8.3737e+02   1223.518      29365  1029.4450  1029.4438    34.5079    34.5064    8.14877         32 0.0000e+00
    358.000    354.205    -0.5229  28.386435    -0.5230  28.385220     6.0925     6.1680    -0.0076    90.2848 1.0000e-12  -64.16162  -61.83256 348.826654      99.97 8.3737e+02   1224.886      29398  1029.4402  1029.4390    34.5077    34.5062    8.14879         30 0.0000e+00
    357.000    353.217    -0.5234  28.385437    -0.5231  28.384638     6.0960     6.1705    -0.0077    90.2731 1.0000e-12  -64.16162  -61.83256 348.826667      99.97 8.3737e+02   1226.059      29426  1029.4354  1029.4342    34.5076    34.5062    8.14891         26 0.0000e+00
    356.000    352.229    -0.5250  28.383355    -0.5244  28.382934     6.0925     6.1747    -0.0135    90.2796 1.0000e-12  -64.16162  -61.83256 348.826680      99.97 8.3737e+02   1227.116      29452  1029.4305  1029.4294    34.5072    34.5060    8.14928         25 0.0000e+00
    355.000    351.239    -0.5258  28.381846    -0.5256  28.381076     6.0974     6.1726    -0.0092    90.2656 1.0000e-12  -64.16162  -61.83256 348.826693      99.97 8.3737e+02   1228.259      29479  1029.4254  1029.4243    34.5068    34.5054    8.14948         29 0.0000e+00
    354.000    350.251    -0.5249  28.382027    -0.5248  28.380883     6.0978     6.1732    -0.0011    90.2711 1.0000e-12  -64.16162  -61.83256 348.826707      99.97 8.3914e+02   1229.504      29509  1029.4203  1029.4190    34.5065    34.5049    8.14929         29 0.0000e+00
    353.000    349.262    -0.5237  28.382209    -0.5243  28.380605     6.1005     6.1793    -0.0217    90.2728 1.0000e-12  -64.16162  -61.83256 348.826721      99.97 8.3913e+02   1230.714      29538  1029.4150  1029.4140    34.5060    34.5046    8.14906         29 0.0000e+00
    352.000    348.275    -0.5237  28.381672    -0.5240  28.380304     6.0986     6.1757    -0.0136    90.2555 1.0000e-12  -64.16162  -61.83256 348.826735      99.97 8.4035e+02   1231.924      29567  1029.4102  1029.4090    34.5059    34.5044    8.14907         30 0.0000e+00
    351.000    347.285    -0.5240  28.380723    -0.5239  28.379674     6.0903     6.1756    -0.0050    90.2613 1.0000e-12  -64.16162  -61.83256 348.826750      99.97 8.4089e+02   1233.191      29598  1029.4053  1029.4040    34.5056    34.5041    8.14916         30 0.0000e+00
    350.000    346.297    -0.5246  28.379552    -0.5243  28.378772     6.1012     6.1784    -0.0058    90.2507 1.0000e-12  -64.16162  -61.83256 348.826764      99.97 8.4089e+02   1234.373      29626  1029.4003  1029.3992    34.5053    34.5039    8.14930         27 0.0000e+00
    349.000    345.308    -0.5252  28.378379    -0.5250  28.377601     6.1000     6.1759    -0.0149    90.2560 1.0000e-12  -64.16162  -61.83256 348.826776      99.97 8.4103e+02   1235.447      29652  1029.3954  1029.3944    34.5051    34.5038    8.14945         25 0.0000e+00
    348.000    344.320    -0.5257  28.377374    -0.5257  28.376568     6.0980     6.1758    -0.0086    90.2384 1.0000e-12  -64.16161  -61.83256 348.826789      99.97 8.4239e+02   1236.551      29678  1029.3906  1029.3896    34.5049    34.5037    8.14957         28 0.0000e+00
    347.000    343.330    -0.5261  28.376708    -0.5260  28.375882     6.0973     6.1774    -0.0079    90.2415 1.0000e-12  -64.16160  -61.83256 348.826803      99.97 8.4266e+02   1237.756      29707  1029.3860  1029.3849    34.5050    34.5038    8.14964         30 0.0000e+00
    346.000    342.343    -0.5276  28.374954    -0.5269  28.374548     6.1015     6.1846    -0.0149    90.2464 1.0000e-12  -64.16160  -61.83256 348.826818      99.97 8.4266e+02   1239.032      29738  1029.3812  1029.3801    34.5049    34.5036    8.14996         31 0.0000e+00
    345.000    341.353    -0.5293  28.372878    -0.5280  28.372911     6.0947     6.1838    -0.0088    90.2364 1.0000e-12  -64.16160  -61.83256 348.826832      99.97 8.4266e+02   1240.267      29767  1029.3765  1029.3752    34.5047    34.5033    8.15034         28 0.0000e+00
    344.000    340.365    -0.5315  28.370363    -0.5302  28.370530     6.0980     6.1885    -0.0135    90.2364 1.0000e-12  -64.16160  -61.83256 348.826845      99.97 8.4266e+02   1241.370      29794  1029.3716  1029.3705    34.5044    34.5031    8.15083         25 0.0000e+00
    343.000    339.377    -0.5339  28.367612    -0.5325  28.367997     6.1066     6.1836    -0.0147    90.2364 1.0000e-12  -64.16160  -61.83256 348.826857      99.97 8.4224e+02   1242.409      29819  1029.3668  1029.3658    34.5040    34.5029    8.15136         25 0.0000e+00
    342.000    338.387    -0.5349  28.366160    -0.5340  28.366040     6.1157     6.1867    -0.0032    90.2560 1.0000e-12  -64.16160  -61.83256 348.826870      99.97 8.4091e+02   1243.562      29846  1029.3620  1029.3610    34.5039    34.5027    8.15160         31 0.0000e+00
    341.000    337.400    -0.5360  28.364367    -0.5340  28.365526     6.1227     6.1879    -0.0071    90.2409 1.0000e-12  -64.16160  -61.83256 348.826886      99.97 8.4089e+02   1244.934      29879  1029.3568  1029.3561    34.5034    34.5026    8.15187         33 0.0000e+00
    340.000    336.410    -0.5370  28.363035    -0.5361  28.362936     6.1180     6.1880    -0.0090    90.2255 1.0000e-12  -64.16160  -61.83256 348.826901      99.97 8.4089e+02   1246.230      29911  1029.3520  1029.3510    34.5032    34.5021    8.15207         29 0.0000e+00
    339.000    335.423    -0.5388  28.360419    -0.5373  28.361111     6.1213     6.1894    -0.0150    90.2126 1.0000e-12  -64.16160  -61.83256 348.826914      99.97 8.4089e+02   1247.375      29938  1029.3467  1029.3460    34.5024    34.5016    8.15252         27 0.0000e+00
    338.000    334.432    -0.5408  28.357809    -0.5393  28.358282     6.1235     6.1968    -0.0150    90.2239 1.0000e-12  -64.16160  -61.83254 348.826927      99.97 8.4089e+02   1248.489      29965  1029.3416  1029.3407    34.5018    34.5007    8.15299         27 0.0000e+00
    337.000    333.445    -0.5433  28.354804    -0.5412  28.355682     6.1282     6.1979    -0.0180    90.2363 1.0000e-12  -64.16160  -61.83254 348.826941      99.97 8.4089e+02   1249.664      29993  1029.3365  1029.3354    34.5011    34.5000    8.15355         27 0.0000e+00
    336.000    332.457    -0.5448  28.352650    -0.5436  28.353147     6.1261     6.2032    -0.0188    90.2126 1.0000e-12  -64.16160  -61.83254 348.826954      99.97 8.4089e+02   1250.867      30022  1029.3314  1029.3307    34.5005    34.4999    8.15390         29 0.0000e+00
    335.000    331.466    -0.5445  28.352162    -0.5445  28.351317     6.1254     6.2060    -0.0108    90.2208 1.0000e-12  -64.16160  -61.83254 348.826968      99.97 8.4076e+02   1252.063      30051  1029.3263  1029.3254    34.5002    34.4991    8.15387         28 0.0000e+00
    334.000    330.478    -0.5449  28.351025    -0.5440  28.351283     6.1209     6.2028    -0.0077    90.2169 1.0000e-12  -64.16160  -61.83254 348.826982      99.97 8.3923e+02   1253.263      30079  1029.3212  1029.3206    34.4998    34.4991    8.15399         29 0.0000e+00
    333.000    329.492    -0.5470  28.348583    -0.5453  28.349309     6.1249     6.2134    -0.0130    90.2187 1.0000e-12  -64.16160  -61.83254 348.826996      99.97 8.3912e+02   1254.453      30108  1029.3163  1029.3154    34.4995    34.4985    8.15445         26 0.0000e+00
    332.000    328.501    -0.5516  28.343709    -0.5488  28.345241     6.1313     6.2173    -0.0091    90.2354 1.0000e-12  -64.16158  -61.83254 348.827009      99.97 8.3913e+02   1255.560      30134  1029.3113  1029.3103    34.4987    34.4977    8.15548         26 0.0000e+00
    331.000    327.512    -0.5563  28.338366    -0.5539  28.339835     6.1386     6.2105    -0.0186    90.2335 1.0000e-12  -64.16158  -61.83254 348.827021      99.97 8.3846e+02   1256.628      30160  1029.3059  1029.3051    34.4975    34.4967    8.15656         26 0.0000e+00
    330.000    326.524    -0.5592  28.334963    -0.5565  28.336555     6.1479     6.2199    -0.0165    90.1505 1.0000e-12  -64.16158  -61.83253 348.827035      99.97 8.3739e+02   1257.791      30188  1029.3008  1029.2999    34.4968    34.4960    8.15722         30 0.0000e+00
    329.000    325.535    -0.5622  28.331691    -0.5567  28.336178     6.1550     6.2194    -0.0141    90.2284 1.0000e-12  -64.16158  -61.83252 348.827050      99.97 8.3737e+02   1259.122      30220  1029.2960  1029.2953    34.4965    34.4962    8.15790         33 0.0000e+00
    328.000    324.547    -0.5671  28.326843    -0.5614  28.330878     6.1599     6.2233    -0.0058    90.1451 1.0000e-12  -64.16158  -61.83252 348.827065      99.97 8.3737e+02   1260.443      30252  1029.2912  1029.2900    34.4961    34.4951    8.15896         29 0.0000e+00
    327.000    323.558    -0.5742  28.319604    -0.5659  28.326430     6.1504     6.2263    -0.0038    90.2589 1.0000e-12  -64.16158  -61.83252 348.827079      99.97 8.3584e+02   1261.618      30280  1029.2861  1029.2853    34.4951    34.4948    8.16056         28 0.0000e+00
    326.000    322.569    -0.5822  28.311716    -0.5787  28.314155     6.1529     6.2306    -0.0149    90.2375 1.0000e-12  -64.16158  -61.83252 348.827092      99.97 8.3561e+02   1262.739      30307  1029.2812  1029.2804    34.4941    34.4934    8.16233         27 0.0000e+00
    325.000    321.582    -0.5895  28.304442    -0.5842  28.308203     6.1589     6.2337    -0.0150    90.2373 1.0000e-12  -64.16157  -61.83252 348.827105      99.97 8.3427e+02   1263.909      30335  1029.2762  1029.2751    34.4932    34.4923    8.16395         28 0.0000e+00
    324.000    320.592    -0.5944  28.299305    -0.5857  28.306215     6.1584     6.2334    -0.0150    90.2083 1.0000e-12  -64.16156  -61.83252 348.827119      99.97 8.3383e+02   1265.061      30362  1029.2712  1029.2700    34.4925    34.4919    8.16506         27 0.0000e+00
    323.000    319.602    -0.5969  28.296516    -0.5892  28.302844     6.1622     6.2290    -0.0150    90.2326 1.0000e-12  -64.16156  -61.83250 348.827132      99.97 8.3275e+02   1266.175      30389  1029.2662  1029.2655    34.4922    34.4920    8.16560         25 0.0000e+00
    322.000    318.614    -0.5982  28.294622    -0.5949  28.296654     6.1640     6.2341    -0.0150    90.2298 1.0000e-12  -64.16156  -61.83250 348.827145      99.97 8.3208e+02   1267.370      30418  1029.2611  1029.2601    34.4917    34.4907    8.16591         31 0.0000e+00
    321.000    317.626    -0.5980  28.294433    -0.5919  28.299350     6.1677     6.2397    -0.0045    90.2103 1.0000e-12  -64.16156  -61.83250 348.827161      99.97 8.3034e+02   1268.675      30449  1029.2563  1029.2557    34.4918    34.4915    8.16586         30 0.0000e+00
    320.000    316.637    -0.5979  28.294018    -0.5972  28.293803     6.1666     6.2375    -0.0122    90.2068 1.0000e-12  -64.16156  -61.83250 348.827174      99.97 8.3019e+02   1269.855      30478  1029.2514  1029.2506    34.4919    34.4907    8.16585         27 0.0000e+00
    319.000    315.649    -0.5959  28.295095    -0.5977  28.292655     6.1650     6.2356    -0.0092    90.2223 1.0000e-12  -64.16156  -61.83250 348.827186      99.97 8.2857e+02   1270.885      30502  1029.2462  1029.2455    34.4916    34.4904    8.16543         24 0.0000e+00
    318.000    314.658    -0.5895  28.300296    -0.5917  28.297245     6.1703     6.2394    -0.0130    89.7778 1.0000e-12  -64.16156  -61.83249 348.827198      99.97 8.2789e+02   1271.915      30527  1029.2412  1029.2402    34.4919    34.4903    8.16403         26 0.0000e+00
    317.000    313.672    -0.5872  28.302178    -0.5900  28.298607     6.1652     6.2453    -0.0097    90.2304 1.0000e-12  -64.16156  -61.83248 348.827212      99.96 8.2680e+02   1273.094      30555  1029.2367  1029.2356    34.4925    34.4908    8.16350         30 0.0000e+00
    316.000    312.682    -0.5861  28.302579    -0.5894  28.298752     6.1728     6.2484    -0.0077    90.2336 1.0000e-12  -64.16156  -61.83248 348.827227      99.97 8.2596e+02   1274.381      30586  1029.2318  1029.2309    34.4924    34.4910    8.16328         28 0.0000e+00
    315.000    311.693    -0.5866  28.301596    -0.5870  28.300175     6.1912     6.2553    -0.0066    90.2196 1.0000e-12  -64.16156  -61.83248 348.827241      99.97 8.2501e+02   1275.583      30615  1029.2270  1029.2258    34.4923    34.4907    8.16340         28 0.0000e+00
    314.000    310.705    -0.5960  28.292561    -0.5886  28.298216     6.2065     6.2621    -0.0010    90.2361 1.0000e-12  -64.16155  -61.83248 348.827254      99.97 8.2373e+02   1276.709      30642  1029.2222  1029.2210    34.4913    34.4906    8.16546         28 0.0000e+00
    313.000    309.716    -0.6106  28.277204    -0.5937  28.293445     6.2212     6.2742    -0.0093    90.2284 1.0000e-12  -64.16154  -61.83248 348.827268      99.97 8.2212e+02   1277.924      30671  1029.2158  1029.2166    34.4879    34.4905    8.16882         31 0.0000e+00
    312.000    308.727    -0.6177  28.269118    -0.6067  28.279588     6.2251     6.2839    -0.0121    90.2244 1.0000e-12  -64.16154  -61.83248 348.827283      99.97 8.2150e+02   1279.239      30703  1029.2097  1029.2102    34.4857    34.4872    8.17048         30 0.0000e+00
    311.000    307.738    -0.6252  28.261266    -0.6167  28.268481     6.2426     6.2918    -0.0036    90.0913 1.0000e-12  -64.16154  -61.83246 348.827297      99.97 8.2002e+02   1280.470      30732  1029.2043  1029.2038    34.4842    34.4843    8.17218         28 0.0000e+00
    310.000    306.749    -0.6289  28.257195    -0.6184  28.266426     6.2430     6.3013    -0.0044    90.2052 1.0000e-12  -64.16154  -61.83246 348.827311      99.97 8.1974e+02   1281.633      30760  1029.1992  1029.1989    34.4836    34.4841    8.17302         29 0.0000e+00
    309.000    305.761    -0.6330  28.252535    -0.6237  28.260767     6.2442     6.3070    -0.0124    90.1895 1.0000e-12  -64.16154  -61.83246 348.827324      99.97 8.1848e+02   1282.812      30788  1029.1938  1029.1937    34.4825    34.4831    8.17395         28 0.0000e+00
    308.000    304.771    -0.6350  28.250090    -0.6305  28.253860     6.2453     6.3134    -0.0053    90.1869 1.0000e-12  -64.16153  -61.83246 348.827337      99.97 8.1799e+02   1283.921      30815  1029.1888  1029.1886    34.4822    34.4821    8.17441         26 0.0000e+00
    307.000    303.783    -0.6386  28.246341    -0.6343  28.249304     6.2459     6.3179    -0.0051    90.1982 1.0000e-12  -64.16152  -61.83246 348.827349      99.97 8.1679e+02   1284.991      30841  1029.1839  1029.1830    34.4818    34.4809    8.17521         25 0.0000e+00
    306.000    302.794    -0.6414  28.242906    -0.6384  28.245025     6.2447     6.3156    -0.0029    90.1894 1.0000e-12  -64.16152  -61.83244 348.827363      99.97 8.1609e+02   1286.122      30868  1029.1786  1029.1781    34.4810    34.4804    8.17586         29 0.0000e+00
    305.000    301.806    -0.6434  28.240796    -0.6411  28.241698     6.2494     6.3198    -0.0004    90.1823 1.0000e-12  -64.16152  -61.83244 348.827377      99.97 8.1449e+02   1287.372      30898  1029.1739  1029.1728    34.4810    34.4796    8.17629         30 0.0000e+00
    304.000    300.817    -0.6462  28.237565    -0.6432  28.239475     6.2407     6.3211    -0.0136    90.1886 1.0000e-12  -64.16152  -61.83244 348.827391      99.97 8.1445e+02   1288.594      30927  1029.1689  1029.1681    34.4804    34.4796    8.17693         28 0.0000e+00
    303.000    299.828    -0.6474  28.235955    -0.6455  28.236735     6.2522     6.3255    -0.0150    90.2105 1.0000e-12  -64.16152  -61.83244 348.827404      99.97 8.1324e+02   1289.718      30954  1029.1640  1029.1630    34.4803    34.4791    8.17720         26 0.0000e+00
