NBP2113_155081_ctd/data/unbp2113_045.cnv
* Sea-Bird SBE 9 Data File:
* FileName = D:\Data\raw\NBP2113_045.hex
* Software Version Seasave V 7.26.7.121
* Temperature SN = 2438
* Conductivity SN = 2067
* Number of Bytes Per Scan = 40
* Number of Voltage Words = 5
* Number of Scans Averaged by the Deck Unit = 1
* NMEA Latitude = 64 53.15 S
* NMEA Longitude = 063 45.53 W
* NMEA UTC (Time) = Dec 11 2021  03:56:53
* NMEA baud rate = 9600
** Ship: RVIB N.B. Palmer
** Cruise: NBP2113 LTER
** Station: 624.021
** Operator: B. Urmston
# nquan = 25
# nvalues = 616                         
# units = specified
# name 0 = prDM: Pressure, Digiquartz [db]
# name 1 = depSM: Depth [salt water, m]
# name 2 = t090C: Temperature [ITS-90, deg C]
# name 3 = c0mS/cm: Conductivity [mS/cm]
# name 4 = t190C: Temperature, 2 [ITS-90, deg C]
# name 5 = c1mS/cm: Conductivity, 2 [mS/cm]
# name 6 = sbeox0ML/L: Oxygen, SBE 43 [ml/l]
# name 7 = sbeox1ML/L: Oxygen, SBE 43, 2 [ml/l]
# name 8 = flECO-AFL: Fluorescence, WET Labs ECO-AFL/FL [mg/m^3]
# name 9 = CStarTr0: Beam Transmission, WET Labs C-Star [%]
# name 10 = par: PAR/Irradiance, Biospherical/Licor
# name 11 = latitude: Latitude [deg]
# name 12 = longitude: Longitude [deg]
# name 13 = timeJ: Julian Days
# name 14 = altM: Altimeter [m]
# name 15 = spar: SPAR, Biospherical/Licor
# name 16 = timeS: Time, Elapsed [seconds]
# name 17 = scan: Scan Count
# name 18 = density00: Density [density, kg/m^3]
# name 19 = density11: Density, 2 [density, kg/m^3]
# name 20 = sal00: Salinity, Practical [PSU]
# name 21 = sal11: Salinity, Practical, 2 [PSU]
# name 22 = oxsolML/L: Oxygen Saturation, Garcia & Gordon [ml/l]
# name 23 = nbin: number of scans per bin
# name 24 = flag: flag
# span 0 =      1.000,    616.000       
# span 1 =      0.991,    609.063       
# span 2 =    -0.3407,     1.2214       
# span 3 =  27.879721,  30.073823       
# span 4 =    -0.3418,     1.2211       
# span 5 =  27.877313,  30.072390       
# span 6 =     4.3668,     9.8020       
# span 7 =     4.4425,     9.8969       
# span 8 =    -0.0129,     2.3245       
# span 9 =    84.5699,    91.7734       
# span 10 = 1.0000e-12, 2.4859e+00      
# span 11 =  -64.88606,  -64.88554      
# span 12 =  -63.75908,  -63.75803      
# span 13 = 345.180245, 345.195261      
# span 14 =       1.16,     100.14      
# span 15 = 0.0000e+00, 0.0000e+00      
# span 16 =   1360.155,   2657.586      
# span 17 =      32645,      63783      
# span 18 =  1027.1118,  1030.6169      
# span 19 =  1027.1103,  1030.6157      
# span 20 =    33.7502,    34.6157      
# span 21 =    33.7469,    34.6141      
# span 22 =    7.78265,    8.14873      
# span 23 =         16,         52      
# span 24 = 0.0000e+00, 0.0000e+00      
# interval = decibars: 1                
# start_time = Dec 11 2021 03:56:53 [NMEA time, header]
# bad_flag = -9.990e-29
*END*
[from data line 116]
    500.000    494.505     1.1397  29.937466     1.1385  29.935113     4.4967     4.5680     0.0005    91.5784 1.0000e-12  -64.88600  -63.75896 345.182651      99.97 0.0000e+00   1568.080      37635  1030.0661  1030.0649    34.5964    34.5948    7.79993         42 0.0000e+00
    499.000    493.516     1.1354  29.932483     1.1347  29.928473     4.4955     4.5669    -0.0107    91.5994 1.0000e-12  -64.88600  -63.75896 345.182670      99.97 0.0000e+00   1569.658      37673  1030.0611  1030.0576    34.5954    34.5910    7.80085         29 0.0000e+00
    498.000    492.530     1.1326  29.929233     1.1322  29.927729     4.5054     4.5626    -0.0119    91.5572 1.0000e-12  -64.88600  -63.75897 345.182683      99.97 0.0000e+00   1570.825      37701  1030.0563  1030.0551    34.5948    34.5934    7.80143         26 0.0000e+00
    497.000    491.541     1.1301  29.925935     1.1296  29.924339     4.5030     4.5595    -0.0073    91.5694 1.0000e-12  -64.88600  -63.75897 345.182695      99.97 0.0000e+00   1571.893      37726  1030.0511  1030.0499    34.5940    34.5925    7.80197         25 0.0000e+00
    496.000    490.553     1.1300  29.925384     1.1299  29.924038     4.4991     4.5641    -0.0049    91.5586 1.0000e-12  -64.88600  -63.75897 345.182708      99.97 0.0000e+00   1572.939      37752  1030.0463  1030.0451    34.5939    34.5924    7.80200         26 0.0000e+00
    495.000    489.567     1.1303  29.925274     1.1299  29.923780     4.5035     4.5654    -0.0004    91.5572 1.0000e-12  -64.88600  -63.75897 345.182720      99.97 0.0000e+00   1573.986      37777  1030.0417  1030.0406    34.5941    34.5926    7.80194         24 0.0000e+00
    494.000    488.578     1.1309  29.925438     1.1309  29.924253     4.5008     4.5612     0.0026    91.5497 1.0000e-12  -64.88600  -63.75896 345.182732      99.97 0.0000e+00   1575.040      37802  1030.0370  1030.0358    34.5942    34.5927    7.80181         27 0.0000e+00
    493.000    487.590     1.1315  29.925587     1.1316  29.924617     4.4977     4.5625     0.0015    91.5537 1.0000e-12  -64.88600  -63.75896 345.182746      99.97 0.0000e+00   1576.215      37830  1030.0324  1030.0313    34.5943    34.5930    7.80168         31 0.0000e+00
    492.000    486.603     1.1318  29.925504     1.1316  29.924284     4.5007     4.5584    -0.0086    91.5538 1.0000e-12  -64.88600  -63.75895 345.182764      99.97 0.0000e+00   1577.789      37868  1030.0277  1030.0266    34.5944    34.5930    7.80162         38 0.0000e+00
    491.000    485.614     1.1320  29.925245     1.1315  29.923742     4.4983     4.5561    -0.0036    91.5770 1.0000e-12  -64.88600  -63.75895 345.182784      99.97 0.0000e+00   1579.575      37911  1030.0231  1030.0219    34.5945    34.5930    7.80158         36 0.0000e+00
    490.000    484.627     1.1326  29.925571     1.1325  29.924377     4.4946     4.5619     0.0107    91.5500 1.0000e-12  -64.88600  -63.75895 345.182800      99.97 0.0000e+00   1580.928      37943  1030.0185  1030.0174    34.5948    34.5933    7.80144         28 0.0000e+00
    489.000    483.638     1.1311  29.923551     1.1312  29.922521     4.4998     4.5602     0.0134    91.5177 1.0000e-12  -64.88600  -63.75896 345.182813      99.97 0.0000e+00   1582.003      37969  1030.0137  1030.0126    34.5944    34.5930    7.80175         25 0.0000e+00
    488.000    482.652     1.1309  29.922904     1.1307  29.921564     4.4866     4.5591     0.0116    91.5343 1.0000e-12  -64.88600  -63.75896 345.182824      99.97 0.0000e+00   1582.970      37992  1030.0090  1030.0078    34.5943    34.5929    7.80179         22 0.0000e+00
    487.000    481.663     1.1316  29.923157     1.1315  29.921873     4.4861     4.5594     0.0094    91.5596 1.0000e-12  -64.88600  -63.75896 345.182834      99.97 0.0000e+00   1583.879      38014  1030.0044  1030.0032    34.5945    34.5930    7.80165         21 0.0000e+00
    486.000    480.675     1.1320  29.923146     1.1316  29.921673     4.5005     4.5568     0.0066    91.5620 1.0000e-12  -64.88600  -63.75896 345.182845      99.97 0.0000e+00   1584.784      38036  1029.9997  1029.9986    34.5946    34.5932    7.80157         23 0.0000e+00
    485.000    479.687     1.1317  29.922366     1.1314  29.920938     4.5012     4.5554     0.0012    91.5510 1.0000e-12  -64.88600  -63.75895 345.182856      99.97 0.0000e+00   1585.768      38059  1029.9950  1029.9939    34.5945    34.5931    7.80163         25 0.0000e+00
    484.000    478.700     1.1323  29.922663     1.1319  29.921048     4.5003     4.5609     0.0048    91.5700 1.0000e-12  -64.88600  -63.75894 345.182870      99.97 0.0000e+00   1586.944      38088  1029.9904  1029.9892    34.5948    34.5932    7.80150         32 0.0000e+00
    483.000    477.712     1.1319  29.921818     1.1314  29.920056     4.4996     4.5638    -0.0077    91.5572 1.0000e-12  -64.88600  -63.75894 345.182888      99.97 0.0000e+00   1588.529      38126  1029.9858  1029.9845    34.5947    34.5931    7.80158         41 0.0000e+00
    482.000    476.724     1.1318  29.921147     1.1314  29.919654     4.4988     4.5607     0.0017    91.5566 1.0000e-12  -64.88600  -63.75894 345.182908      99.97 0.0000e+00   1590.266      38167  1029.9810  1029.9798    34.5946    34.5931    7.80162         37 0.0000e+00
    481.000    475.735     1.1305  29.919388     1.1305  29.918272     4.5019     4.5594     0.0026    91.5883 1.0000e-12  -64.88600  -63.75894 345.182923      99.97 0.0000e+00   1591.564      38199  1029.9762  1029.9750    34.5943    34.5929    7.80188         27 0.0000e+00
    480.000    474.748     1.1307  29.919113     1.1304  29.917860     4.5046     4.5650    -0.0054    91.5558 1.0000e-12  -64.88600  -63.75894 345.182935      99.97 0.0000e+00   1592.616      38224  1029.9716  1029.9705    34.5944    34.5931    7.80185         24 0.0000e+00
    479.000    473.762     1.1298  29.917856     1.1284  29.915501     4.5107     4.5728    -0.0022    91.5971 1.0000e-12  -64.88600  -63.75894 345.182947      99.97 0.0000e+00   1593.609      38248  1029.9669  1029.9658    34.5943    34.5928    7.80202         24 0.0000e+00
    478.000    472.770     1.1258  29.913424     1.1260  29.912295     4.5165     4.5744    -0.0078    91.5774 1.0000e-12  -64.88600  -63.75894 345.182959      99.97 0.0000e+00   1594.613      38272  1029.9621  1029.9607    34.5936    34.5919    7.80286         24 0.0000e+00
    477.000    471.784     1.1203  29.906691     1.1212  29.906666     4.5270     4.5784    -0.0069    91.5754 1.0000e-12  -64.88600  -63.75894 345.182970      99.97 0.0000e+00   1595.641      38296  1029.9564  1029.9555    34.5916    34.5906    7.80406         26 0.0000e+00
    476.000    470.796     1.1198  29.905922     1.1196  29.904681     4.5246     4.5821     0.0005    91.5454 1.0000e-12  -64.88600  -63.75894 345.182983      99.97 0.0000e+00   1596.704      38322  1029.9518  1029.9507    34.5917    34.5904    7.80415         26 0.0000e+00
    475.000    469.809     1.1166  29.901982     1.1161  29.900399     4.5272     4.5839     0.0101    91.5603 1.0000e-12  -64.88600  -63.75894 345.182996      99.97 0.0000e+00   1597.830      38349  1029.9467  1029.9455    34.5908    34.5893    7.80484         28 0.0000e+00
    474.000    468.820     1.1142  29.898984     1.1147  29.898470     4.5364     4.5817     0.0140    91.5490 1.0000e-12  -64.88600  -63.75893 345.183010      99.97 0.0000e+00   1599.039      38378  1029.9417  1029.9407    34.5902    34.5890    7.80536         30 0.0000e+00
    473.000    467.832     1.1137  29.897958     1.1132  29.896316     4.5226     4.5782     0.0049    91.5886 1.0000e-12  -64.88600  -63.75892 345.183025      99.97 0.0000e+00   1600.379      38410  1029.9368  1029.9357    34.5900    34.5885    7.80546         34 0.0000e+00
    472.000    466.845     1.1138  29.897536     1.1142  29.896872     4.5237     4.5790     0.0071    91.5717 1.0000e-12  -64.88600  -63.75892 345.183042      99.97 0.0000e+00   1601.836      38445  1029.9321  1029.9310    34.5900    34.5887    7.80545         35 0.0000e+00
    471.000    465.856     1.1155  29.898945     1.1154  29.897880     4.5183     4.5735     0.0082    91.5816 1.0000e-12  -64.88600  -63.75892 345.183059      99.97 0.0000e+00   1603.293      38480  1029.9276  1029.9266    34.5905    34.5892    7.80509         34 0.0000e+00
    470.000    464.868     1.1171  29.900155     1.1178  29.899840     4.5056     4.5700     0.0081    91.5525 1.0000e-12  -64.88600  -63.75892 345.183075      99.97 0.0000e+00   1604.647      38513  1029.9229  1029.9220    34.5908    34.5897    7.80474         31 0.0000e+00
    469.000    463.881     1.1199  29.902808     1.1195  29.901235     4.5123     4.5709     0.0050    91.5545 1.0000e-12  -64.88600  -63.75892 345.183088      99.97 0.0000e+00   1605.844      38541  1029.9187  1029.9174    34.5917    34.5901    7.80414         27 0.0000e+00
    468.000    462.893     1.1201  29.902735     1.1198  29.901219     4.5105     4.5770    -0.0030    91.5350 1.0000e-12  -64.88600  -63.75893 345.183100      99.97 0.0000e+00   1606.883      38566  1029.9142  1029.9129    34.5919    34.5904    7.80408         23 0.0000e+00
    467.000    461.905     1.1197  29.901793     1.1196  29.900473     4.5092     4.5786    -0.0064    91.5451 1.0000e-12  -64.88599  -63.75893 345.183111      99.97 0.0000e+00   1607.822      38589  1029.9094  1029.9082    34.5918    34.5902    7.80417         22 0.0000e+00
    466.000    460.916     1.1204  29.902131     1.1198  29.900534     4.5143     4.5766    -0.0005    91.5497 1.0000e-12  -64.88598  -63.75892 345.183122      99.97 0.0000e+00   1608.700      38610  1029.9048  1029.9037    34.5920    34.5906    7.80402         21 0.0000e+00
    465.000    459.928     1.1200  29.901288     1.1195  29.899597     4.5150     4.5746    -0.0069    91.5266 1.0000e-12  -64.88598  -63.75892 345.183132      99.97 0.0000e+00   1609.591      38631  1029.9001  1029.8988    34.5919    34.5903    7.80410         22 0.0000e+00
    464.000    458.940     1.1208  29.901619     1.1212  29.900938     4.5151     4.5743    -0.0018    91.5587 1.0000e-12  -64.88598  -63.75892 345.183144      99.97 0.0000e+00   1610.608      38656  1029.8954  1029.8944    34.5921    34.5907    7.80394         27 0.0000e+00
    463.000    457.953     1.1194  29.899674     1.1202  29.899504     4.5156     4.5784    -0.0004    91.5414 1.0000e-12  -64.88598  -63.75891 345.183160      99.97 0.0000e+00   1612.042      38690  1029.8906  1029.8896    34.5917    34.5905    7.80424         35 0.0000e+00
    462.000    456.965     1.1212  29.900973     1.1204  29.899259     4.5135     4.5804     0.0055    91.5295 1.0000e-12  -64.88598  -63.75890 345.183183      99.96 0.0000e+00   1613.978      38736  1029.8860  1029.8849    34.5920    34.5906    7.80387         33 0.0000e+00
    461.000    455.976     1.1187  29.898262     1.1185  29.896816     4.5405     4.5892     0.0085    91.5352 1.0000e-12  -64.88598  -63.75890 345.183199      99.97 0.0000e+00   1615.430      38771  1029.8814  1029.8801    34.5918    34.5902    7.80437         30 0.0000e+00
    460.000    454.990     1.1111  29.890013     1.1169  29.894634     4.5590     4.5979     0.0081    91.5303 1.0000e-12  -64.88598  -63.75891 345.183212      99.97 0.0000e+00   1616.537      38798  1029.8763  1029.8753    34.5902    34.5897    7.80598         24 0.0000e+00
    459.000    454.000     1.0980  29.875154     1.0980  29.874086     4.5487     4.5939     0.0072    91.5411 1.0000e-12  -64.88598  -63.75892 345.183224      99.97 0.0000e+00   1617.562      38822  1029.8696  1029.8687    34.5861    34.5848    7.80880         24 0.0000e+00
    458.000    453.014     1.1006  29.876750     1.1011  29.876098     4.5313     4.5899    -0.0004    91.5075 1.0000e-12  -64.88598  -63.75892 345.183236      99.97 0.0000e+00   1618.581      38847  1029.8645  1029.8633    34.5860    34.5846    7.80830         25 0.0000e+00
    457.000    452.024     1.1071  29.883502     1.1073  29.882668     4.5271     4.5844    -0.0004    91.5100 1.0000e-12  -64.88598  -63.75891 345.183248      99.97 0.0000e+00   1619.613      38872  1029.8606  1029.8595    34.5879    34.5866    7.80689         24 0.0000e+00
    456.000    451.036     1.1116  29.887632     1.1149  29.890423     4.5233     4.5834     0.0086    91.5148 1.0000e-12  -64.88598  -63.75890 345.183260      99.97 0.0000e+00   1620.641      38896  1029.8562  1029.8558    34.5889    34.5888    7.80595         23 0.0000e+00
    455.000    450.049     1.1159  29.892560     1.1151  29.890696     4.5290     4.5898     0.0083    91.5150 1.0000e-12  -64.88598  -63.75890 345.183272      99.97 0.0000e+00   1621.676      38921  1029.8527  1029.8516    34.5910    34.5895    7.80497         26 0.0000e+00
    454.000    449.059     1.1108  29.886889     1.1062  29.880872     4.5374     4.5949     0.0008    91.4994 1.0000e-12  -64.88598  -63.75890 345.183285      99.97 0.0000e+00   1622.808      38948  1029.8478  1029.8462    34.5900    34.5873    7.80605         29 0.0000e+00
    453.000    448.072     1.1065  29.881525     1.1016  29.875112     4.5347     4.5899     0.0018    91.5046 1.0000e-12  -64.88598  -63.75890 345.183301      99.97 0.0000e+00   1624.214      38982  1029.8423  1029.8405    34.5884    34.5856    7.80699         36 0.0000e+00
    452.000    447.082     1.1088  29.883243     1.1076  29.880987     4.5259     4.5943    -0.0023    91.5523 1.0000e-12  -64.88598  -63.75890 345.183319      99.97 0.0000e+00   1625.786      39020  1029.8375  1029.8364    34.5887    34.5871    7.80652         32 0.0000e+00
    451.000    446.097     1.1114  29.885804     1.1096  29.882853     4.5252     4.5944    -0.0016    91.5454 1.0000e-12  -64.88598  -63.75890 345.183335      99.97 0.0000e+00   1627.184      39053  1029.8333  1029.8320    34.5896    34.5878    7.80594         31 0.0000e+00
    450.000    445.108     1.1107  29.884516     1.1100  29.882736     4.5261     4.5958    -0.0078    91.4997 1.0000e-12  -64.88598  -63.75890 345.183349      99.97 0.0000e+00   1628.348      39081  1029.8285  1029.8273    34.5894    34.5879    7.80611         25 0.0000e+00
    449.000    444.121     1.1117  29.885376     1.1109  29.883449     4.5398     4.6056    -0.0010    91.5122 1.0000e-12  -64.88598  -63.75890 345.183361      99.97 0.0000e+00   1629.358      39106  1029.8241  1029.8228    34.5898    34.5883    7.80586         24 0.0000e+00
    448.000    443.132     1.1085  29.881889     1.1043  29.876468     4.5625     4.6133    -0.0004    91.5083 1.0000e-12  -64.88598  -63.75890 345.183372      99.97 0.0000e+00   1630.320      39129  1029.8195  1029.8180    34.5896    34.5872    7.80653         23 0.0000e+00
    447.000    442.143     1.0944  29.866270     1.0930  29.863786     4.5692     4.6179    -0.0004    91.5105 1.0000e-12  -64.88598  -63.75890 345.183383      99.97 0.0000e+00   1631.331      39153  1029.8132  1029.8119    34.5857    34.5840    7.80956         25 0.0000e+00
    446.000    441.156     1.0891  29.859840     1.0884  29.857944     4.5690     4.6237     0.0056    91.4879 1.0000e-12  -64.88598  -63.75888 345.183397      99.97 0.0000e+00   1632.482      39181  1029.8076  1029.8062    34.5839    34.5822    7.81071         29 0.0000e+00
    445.000    440.168     1.0868  29.856765     1.0865  29.855587     4.5731     4.6295     0.0081    91.4235 1.0000e-12  -64.88598  -63.75888 345.183412      99.97 0.0000e+00   1633.801      39212  1029.8024  1029.8014    34.5830    34.5818    7.81121         32 0.0000e+00
    444.000    439.180     1.0861  29.855592     1.0853  29.853720     4.5666     4.6327     0.0063    91.4537 1.0000e-12  -64.88598  -63.75888 345.183428      99.97 0.0000e+00   1635.210      39246  1029.7975  1029.7964    34.5829    34.5814    7.81136         33 0.0000e+00
