NBP2113_155081_ctd/data/unbp2113_005.cnv
* Sea-Bird SBE 9 Data File:
* FileName = D:\Data\raw\NBP2113_005.hex
* Software Version Seasave V 7.26.7.121
* Temperature SN = 2438
* Conductivity SN = 2067
* Number of Bytes Per Scan = 40
* Number of Voltage Words = 5
* Number of Scans Averaged by the Deck Unit = 1
* NMEA Latitude = 64 04.86 S
* NMEA Longitude = 063 46.34 W
* NMEA UTC (Time) = Nov 23 2021  13:58:01
* NMEA baud rate = 9600
** Ship: RVIB N.B. Palmer
** Cruise: NBP2113 LTER
** Station: 692.080
** Operator: B. Urmston
# nquan = 25
# nvalues = 520                         
# units = specified
# name 0 = prDM: Pressure, Digiquartz [db]
# name 1 = depSM: Depth [salt water, m]
# name 2 = t090C: Temperature [ITS-90, deg C]
# name 3 = c0mS/cm: Conductivity [mS/cm]
# name 4 = t190C: Temperature, 2 [ITS-90, deg C]
# name 5 = c1mS/cm: Conductivity, 2 [mS/cm]
# name 6 = sbeox0ML/L: Oxygen, SBE 43 [ml/l]
# name 7 = sbeox1ML/L: Oxygen, SBE 43, 2 [ml/l]
# name 8 = flECO-AFL: Fluorescence, WET Labs ECO-AFL/FL [mg/m^3]
# name 9 = CStarTr0: Beam Transmission, WET Labs C-Star [%]
# name 10 = par: PAR/Irradiance, Biospherical/Licor
# name 11 = latitude: Latitude [deg]
# name 12 = longitude: Longitude [deg]
# name 13 = timeJ: Julian Days
# name 14 = altM: Altimeter [m]
# name 15 = spar: SPAR, Biospherical/Licor
# name 16 = timeS: Time, Elapsed [seconds]
# name 17 = scan: Scan Count
# name 18 = density00: Density [density, kg/m^3]
# name 19 = density11: Density, 2 [density, kg/m^3]
# name 20 = sal00: Salinity, Practical [PSU]
# name 21 = sal11: Salinity, Practical, 2 [PSU]
# name 22 = oxsolML/L: Oxygen Saturation, Garcia & Gordon [ml/l]
# name 23 = nbin: number of scans per bin
# name 24 = flag: flag
# span 0 =      1.000,    520.000       
# span 1 =      0.990,    514.291       
# span 2 =    -0.2806,     1.5249       
# span 3 =  28.027077,  30.366895       
# span 4 =    -0.2805,     1.5249       
# span 5 =  28.023703,  30.365745       
# span 6 =     4.1730,     9.4463       
# span 7 =     4.1632,     9.1059       
# span 8 =    -0.0226,     1.8547       
# span 9 =    86.9965,    98.9707       
# span 10 = 1.0000e-12, 6.4146e+02      
# span 11 =  -64.08194,  -64.08164      
# span 12 =  -63.77180,  -63.77140      
# span 13 = 327.600031, 327.612468      
# span 14 =       8.43,      99.99      
# span 15 = 3.3847e+02, 4.9541e+02      
# span 16 =   1561.694,   2636.194      
# span 17 =      37482,      63270      
# span 18 =  1027.2244,  1030.2183      
# span 19 =  1027.2204,  1030.2171      
# span 20 =    33.8825,    34.7106      
# span 21 =    33.8804,    34.7090      
# span 22 =    7.71809,    8.12270      
# span 23 =         15,         51      
# span 24 = 0.0000e+00, 0.0000e+00      
# interval = decibars: 1                
# start_time = Nov 23 2021 13:58:01 [NMEA time, header]
# bad_flag = -9.990e-29
*END*
[from data line 116]
    404.000    399.676     1.5249  30.312217     1.5249  30.311004     4.1850     4.1687    -0.0149    98.9225 1.0000e-12  -64.08170  -63.77172 327.601773      99.98 3.5258e+02   1712.213      41094  1029.6707  1029.6695    34.7041    34.7026    7.71812         18 0.0000e+00
    403.000    398.687     1.5249  30.311715     1.5249  30.310459     4.1878     4.1679    -0.0079    98.9209 1.0000e-12  -64.08170  -63.77172 327.601782      99.98 3.5430e+02   1712.984      41113  1029.6659  1029.6647    34.7040    34.7024    7.71812         19 0.0000e+00
    402.000    397.699     1.5249  30.311173     1.5248  30.309917     4.1903     4.1666    -0.0077    98.9102 1.0000e-12  -64.08170  -63.77172 327.601793      99.98 3.5434e+02   1713.933      41135  1029.6611  1029.6599    34.7039    34.7024    7.71812         26 0.0000e+00
    401.000    396.709     1.5247  30.310670     1.5248  30.309514     4.1860     4.1704    -0.0075    98.9057 1.0000e-12  -64.08170  -63.77170 327.601813      99.98 3.5434e+02   1715.612      41176  1029.6566  1029.6554    34.7040    34.7025    7.71815         37 0.0000e+00
    400.000    395.722     1.5246  30.310171     1.5246  30.308931     4.1807     4.1674    -0.0073    98.9177 1.0000e-12  -64.08170  -63.77170 327.601839      99.98 3.5434e+02   1717.848      41229  1029.6520  1029.6507    34.7041    34.7025    7.71817         37 0.0000e+00
    399.000    394.734     1.5247  30.309661     1.5246  30.308449     4.1829     4.1675    -0.0100    98.9161 1.0000e-12  -64.08170  -63.77170 327.601854      99.98 3.5434e+02   1719.165      41261  1029.6472  1029.6460    34.7039    34.7024    7.71817         26 0.0000e+00
    398.000    393.745     1.5247  30.309124     1.5247  30.307911     4.1805     4.1665    -0.0127    98.9294 1.0000e-12  -64.08170  -63.77172 327.601865      99.98 3.5434e+02   1720.156      41285  1029.6424  1029.6412    34.7038    34.7023    7.71817         22 0.0000e+00
    397.000    392.756     1.5247  30.308232     1.5247  30.306923     4.1827     4.1709    -0.0077    98.8920 1.0000e-12  -64.08170  -63.77172 327.601875      99.98 3.5434e+02   1721.008      41305  1029.6372  1029.6359    34.7032    34.7016    7.71820         19 0.0000e+00
    396.000    391.769     1.5248  30.307100     1.5247  30.306045     4.1862     4.1684    -0.0077    98.9469 1.0000e-12  -64.08170  -63.77172 327.601884      99.98 3.5509e+02   1721.796      41324  1029.6318  1029.6308    34.7023    34.7011    7.71824         19 0.0000e+00
    395.000    390.781     1.5248  30.306533     1.5248  30.305380     4.1832     4.1679    -0.0077    98.9226 1.0000e-12  -64.08170  -63.77172 327.601893      99.98 3.5608e+02   1722.570      41343  1029.6269  1029.6258    34.7021    34.7007    7.71824         19 0.0000e+00
    394.000    389.792     1.5248  30.305944     1.5248  30.304694     4.1820     4.1632    -0.0077    98.9384 1.0000e-12  -64.08170  -63.77172 327.601903      99.98 3.5610e+02   1723.408      41363  1029.6222  1029.6209    34.7020    34.7004    7.71825         21 0.0000e+00
    393.000    388.803     1.5247  30.305180     1.5247  30.304146     4.1889     4.1640    -0.0077    98.9460 1.0000e-12  -64.08170  -63.77170 327.601914      99.98 3.5610e+02   1724.404      41387  1029.6172  1029.6162    34.7016    34.7004    7.71828         28 0.0000e+00
    392.000    387.815     1.5248  30.304882     1.5246  30.303695     4.1871     4.1687    -0.0079    98.9591 1.0000e-12  -64.08170  -63.77170 327.601932      99.98 3.5785e+02   1725.953      41424  1029.6127  1029.6116    34.7018    34.7004    7.71827         36 0.0000e+00
    391.000    386.827     1.5245  30.304616     1.5245  30.303430     4.1812     4.1688    -0.0091    98.9565 1.0000e-12  -64.08170  -63.77171 327.601961      99.98 3.5786e+02   1728.414      41483  1029.6084  1029.6072    34.7023    34.7008    7.71829         37 0.0000e+00
    390.000    385.838     1.5246  30.303715     1.5246  30.302651     4.1855     4.1686    -0.0070    98.9538 1.0000e-12  -64.08170  -63.77172 327.601976      99.98 3.5786e+02   1729.724      41514  1029.6032  1029.6021    34.7016    34.7003    7.71830         22 0.0000e+00
    389.000    384.851     1.5245  30.303035     1.5245  30.301765     4.1828     4.1657    -0.0143    98.9687 1.0000e-12  -64.08170  -63.77172 327.601985      99.98 3.5786e+02   1730.533      41534  1029.5983  1029.5970    34.7014    34.6998    7.71833         18 0.0000e+00
    388.000    383.864     1.5241  30.302018     1.5242  30.300811     4.1847     4.1676    -0.0111    98.9707 1.0000e-12  -64.08170  -63.77172 327.601993      99.98 3.5786e+02   1731.209      41550  1029.5934  1029.5922    34.7012    34.6995    7.71842         15 0.0000e+00
    387.000    382.871     1.5241  30.301199     1.5241  30.300067     4.1883     4.1667    -0.0077    98.9688 1.0000e-12  -64.08170  -63.77172 327.602000      99.99 3.5786e+02   1731.847      41565  1029.5885  1029.5873    34.7008    34.6993    7.71846         16 0.0000e+00
    386.000    381.885     1.5231  30.299651     1.5233  30.298601     4.1890     4.1651    -0.0132    98.9643 1.0000e-12  -64.08170  -63.77172 327.602009      99.98 3.5786e+02   1732.541      41582  1029.5836  1029.5824    34.7004    34.6989    7.71866         18 0.0000e+00
    385.000    380.896     1.5231  30.299204     1.5232  30.298097     4.1833     4.1694    -0.0101    98.9427 1.0000e-12  -64.08170  -63.77170 327.602020      99.98 3.5954e+02   1733.492      41605  1029.5789  1029.5778    34.7004    34.6990    7.71866         29 0.0000e+00
    384.000    379.909     1.5237  30.299619     1.5237  30.298503     4.1811     4.1723    -0.0107    98.9118 1.0000e-12  -64.08170  -63.77170 327.602046      99.98 3.5963e+02   1735.776      41660  1029.5745  1029.5734    34.7009    34.6994    7.71853         34 0.0000e+00
    383.000    378.920     1.5237  30.299109     1.5236  30.297753     4.1830     4.1718    -0.0132    98.9406 1.0000e-12  -64.08170  -63.77170 327.602066      99.98 3.5963e+02   1737.501      41701  1029.5698  1029.5686    34.7008    34.6992    7.71853         27 0.0000e+00
    382.000    377.931     1.5222  30.296614     1.5226  30.296036     4.1861     4.1728    -0.0066    98.9398 1.0000e-12  -64.08170  -63.77170 327.602077      99.98 3.5963e+02   1738.468      41724  1029.5646  1029.5636    34.6999    34.6987    7.71888         21 0.0000e+00
    381.000    376.942     1.5213  30.295117     1.5215  30.294227     4.1901     4.1768    -0.0074    98.9576 1.0000e-12  -64.08170  -63.77172 327.602088      99.98 3.5963e+02   1739.369      41746  1029.5597  1029.5586    34.6995    34.6982    7.71907         23 0.0000e+00
    380.000    375.954     1.5182  30.290943     1.5190  30.290623     4.1928     4.1740    -0.0138    98.9570 1.0000e-12  -64.08170  -63.77172 327.602099      99.98 3.6080e+02   1740.351      41769  1029.5542  1029.5532    34.6982    34.6970    7.71974         24 0.0000e+00
    379.000    374.967     1.5185  30.290834     1.5179  30.288949     4.1797     4.1709    -0.0081    98.9482 1.0000e-12  -64.08170  -63.77172 327.602111      99.98 3.6138e+02   1741.401      41795  1029.5497  1029.5483    34.6984    34.6966    7.71968         25 0.0000e+00
    378.000    373.977     1.5195  30.291501     1.5190  30.289804     4.1938     4.1713    -0.0064    98.9468 1.0000e-12  -64.08170  -63.77172 327.602123      99.99 3.6147e+02   1742.397      41819  1029.5451  1029.5438    34.6987    34.6970    7.71947         22 0.0000e+00
    377.000    372.989     1.5195  30.291271     1.5193  30.289799     4.1955     4.1705    -0.0116    98.9441 1.0000e-12  -64.08170  -63.77170 327.602134      99.98 3.6278e+02   1743.352      41841  1029.5406  1029.5393    34.6989    34.6972    7.71944         24 0.0000e+00
    376.000    372.000     1.5192  30.290404     1.5192  30.289162     4.1836     4.1695    -0.0149    98.9400 1.0000e-12  -64.08170  -63.77170 327.602146      99.98 3.6314e+02   1744.398      41867  1029.5358  1029.5345    34.6987    34.6971    7.71951         28 0.0000e+00
    375.000    371.012     1.5194  30.290099     1.5192  30.288875     4.1919     4.1697    -0.0116    98.9533 1.0000e-12  -64.08170  -63.77170 327.602164      99.98 3.6315e+02   1745.928      41903  1029.5311  1029.5299    34.6987    34.6973    7.71949         38 0.0000e+00
    374.000    370.023     1.5194  30.289733     1.5193  30.288500     4.1730     4.1688    -0.0152    98.9382 1.0000e-12  -64.08170  -63.77170 327.602185      99.98 3.6315e+02   1747.773      41948  1029.5265  1029.5253    34.6988    34.6973    7.71948         35 0.0000e+00
    373.000    369.035     1.5177  30.287255     1.5183  30.286666     4.1873     4.1726    -0.0101    98.9559 1.0000e-12  -64.08170  -63.77171 327.602198      99.98 3.6315e+02   1748.905      41975  1029.5213  1029.5202    34.6981    34.6967    7.71984         23 0.0000e+00
    372.000    368.047     1.5155  30.284273     1.5164  30.284092     4.1945     4.1775    -0.0069    98.9398 1.0000e-12  -64.08170  -63.77172 327.602208      99.99 3.6326e+02   1749.753      41995  1029.5163  1029.5152    34.6973    34.6960    7.72032         19 0.0000e+00
    371.000    367.057     1.5143  30.282355     1.5142  30.281037     4.2002     4.1740    -0.0070    98.9373 1.0000e-12  -64.08170  -63.77172 327.602217      99.98 3.6490e+02   1750.553      42014  1029.5113  1029.5100    34.6968    34.6952    7.72059         20 0.0000e+00
    370.000    366.069     1.5125  30.279894     1.5131  30.279355     4.2009     4.1735    -0.0077    98.9161 1.0000e-12  -64.08170  -63.77170 327.602228      99.98 3.6492e+02   1751.477      42036  1029.5063  1029.5052    34.6962    34.6949    7.72097         26 0.0000e+00
    369.000    365.081     1.5116  30.278783     1.5153  30.281330     4.1995     4.1722    -0.0095    98.9113 1.0000e-12  -64.08170  -63.77170 327.602243      99.98 3.6492e+02   1752.786      42068  1029.5018  1029.5008    34.6963    34.6955    7.72113         36 0.0000e+00
    368.000    364.092     1.5126  30.279208     1.5128  30.278068     4.2036     4.1749    -0.0119    98.9001 1.0000e-12  -64.08170  -63.77170 327.602260      99.98 3.6492e+02   1754.271      42103  1029.4970  1029.4957    34.6963    34.6947    7.72093         32 0.0000e+00
    367.000    363.104     1.5103  30.276045     1.5105  30.275133     4.1992     4.1829    -0.0076    98.8933 1.0000e-12  -64.08170  -63.77170 327.602274      99.98 3.6492e+02   1755.439      42132  1029.4919  1029.4908    34.6954    34.6941    7.72143         25 0.0000e+00
    366.000    362.115     1.5096  30.274875     1.5099  30.274151     4.1970     4.1796    -0.0077    98.8873 1.0000e-12  -64.08170  -63.77170 327.602285      99.98 3.6492e+02   1756.450      42156  1029.4871  1029.4861    34.6953    34.6941    7.72158         25 0.0000e+00
    365.000    361.128     1.5074  30.272155     1.5072  30.270834     4.2021     4.1862    -0.0077    98.8936 1.0000e-12  -64.08170  -63.77170 327.602298      99.98 3.6492e+02   1757.524      42182  1029.4823  1029.4811    34.6949    34.6934    7.72204         28 0.0000e+00
    364.000    360.138     1.5070  30.271394     1.5068  30.270039     4.2079     4.1822    -0.0070    98.8892 1.0000e-12  -64.08170  -63.77170 327.602312      99.98 3.6492e+02   1758.788      42212  1029.4776  1029.4764    34.6949    34.6934    7.72211         31 0.0000e+00
    363.000    359.150     1.5057  30.269491     1.5065  30.269090     4.2069     4.1824    -0.0009    98.8734 1.0000e-12  -64.08170  -63.77170 327.602327      99.98 3.6657e+02   1760.035      42242  1029.4727  1029.4716    34.6945    34.6931    7.72238         28 0.0000e+00
    362.000    358.160     1.5044  30.267644     1.5056  30.267637     4.2149     4.1899    -0.0004    98.8770 1.0000e-12  -64.08170  -63.77170 327.602339      99.98 3.6668e+02   1761.119      42268  1029.4679  1029.4667    34.6941    34.6928    7.72266         25 0.0000e+00
    361.000    357.172     1.4999  30.262295     1.5013  30.262537     4.2178     4.1861    -0.0107    98.8800 1.0000e-12  -64.08170  -63.77170 327.602351      99.98 3.6661e+02   1762.145      42292  1029.4627  1029.4616    34.6930    34.6917    7.72361         25 0.0000e+00
    360.000    356.185     1.4980  30.259896     1.4982  30.258966     4.2083     4.1856    -0.0098    98.8539 1.0000e-12  -64.08170  -63.77170 327.602364      99.98 3.6662e+02   1763.248      42319  1029.4578  1029.4567    34.6925    34.6911    7.72400         28 0.0000e+00
    359.000    355.195     1.4959  30.257252     1.4963  30.256395     4.2099     4.1929    -0.0131    98.8220 1.0000e-12  -64.08170  -63.77170 327.602378      99.98 3.6538e+02   1764.490      42349  1029.4529  1029.4517    34.6920    34.6906    7.72443         30 0.0000e+00
    358.000    354.206     1.4946  30.255217     1.4946  30.254238     4.2217     4.1909    -0.0084    98.8157 1.0000e-12  -64.08170  -63.77170 327.602392      99.98 3.6491e+02   1765.696      42378  1029.4479  1029.4469    34.6915    34.6902    7.72472         27 0.0000e+00
    357.000    353.220     1.4934  30.253657     1.4933  30.252185     4.2135     4.1945    -0.0139    98.8180 1.0000e-12  -64.08170  -63.77170 327.602405      99.98 3.6540e+02   1766.783      42404  1029.4432  1029.4419    34.6914    34.6897    7.72496         26 0.0000e+00
    356.000    352.229     1.4920  30.251613     1.4915  30.249824     4.2157     4.1949    -0.0143    98.8230 1.0000e-12  -64.08170  -63.77170 327.602418      99.98 3.6579e+02   1767.918      42431  1029.4383  1029.4370    34.6909    34.6892    7.72526         30 0.0000e+00
    355.000    351.242     1.4908  30.250004     1.4921  30.250027     4.2145     4.1933    -0.0019    98.8020 1.0000e-12  -64.08170  -63.77170 327.602434      99.98 3.6502e+02   1769.270      42463  1029.4335  1029.4323    34.6907    34.6893    7.72550         34 0.0000e+00
    354.000    350.253     1.4895  30.248032     1.4929  30.250279     4.2113     4.2016    -0.0112    98.7876 1.0000e-12  -64.08170  -63.77170 327.602450      99.98 3.6492e+02   1770.670      42497  1029.4286  1029.4275    34.6903    34.6894    7.72579         29 0.0000e+00
    353.000    349.265     1.4889  30.246863     1.4884  30.245240     4.2255     4.2012    -0.0022    98.8084 1.0000e-12  -64.08170  -63.77170 327.602463      99.98 3.6492e+02   1771.816      42525  1029.4237  1029.4225    34.6901    34.6885    7.72592         25 0.0000e+00
    352.000    348.275     1.4866  30.243923     1.4861  30.242170     4.2268     4.2060     0.0029    98.8076 1.0000e-12  -64.08171  -63.77170 327.602474      99.98 3.6492e+02   1772.763      42547  1029.4187  1029.4174    34.6894    34.6877    7.72640         22 0.0000e+00
    351.000    347.288     1.4797  30.235744     1.4805  30.235381     4.2310     4.2085    -0.0081    98.7991 1.0000e-12  -64.08172  -63.77170 327.602484      99.98 3.6492e+02   1773.641      42568  1029.4130  1029.4119    34.6872    34.6859    7.72787         21 0.0000e+00
    350.000    346.298     1.4767  30.232108     1.4766  30.230892     4.2311     4.2085    -0.0147    98.7692 1.0000e-12  -64.08171  -63.77170 327.602495      99.98 3.6492e+02   1774.582      42591  1029.4080  1029.4069    34.6864    34.6850    7.72850         25 0.0000e+00
    349.000    345.310     1.4793  30.234008     1.4795  30.233478     4.2300     4.2036    -0.0121    98.7661 1.0000e-12  -64.08170  -63.77169 327.602510      99.98 3.6492e+02   1775.878      42622  1029.4031  1029.4023    34.6866    34.6857    7.72799         36 0.0000e+00
    348.000    344.323     1.4796  30.234402     1.4811  30.234817     4.2355     4.2073    -0.0122    98.7806 1.0000e-12  -64.08170  -63.77168 327.602529      99.98 3.6492e+02   1777.525      42662  1029.3988  1029.3978    34.6873    34.6862    7.72788         34 0.0000e+00
