NBP2113_155081_ctd/data/unbp2113_010.cnv
* Sea-Bird SBE 9 Data File:
* FileName = D:\Data\raw\NBP2113_010.hex
* Software Version Seasave V 7.26.7.121
* Temperature SN = 2438
* Conductivity SN = 2067
* Number of Bytes Per Scan = 40
* Number of Voltage Words = 5
* Number of Scans Averaged by the Deck Unit = 1
* NMEA Latitude = 64 34.40 S
* NMEA Longitude = 065 21.00 W
* NMEA UTC (Time) = Nov 25 2021  20:37:57
* NMEA baud rate = 9600
** Ship: RVIB N.B. Palmer
** Cruise: NBP2113 LTER
** Station: 600.100
** Operator: S. Blackman
# nquan = 25
# nvalues = 604                         
# units = specified
# name 0 = prDM: Pressure, Digiquartz [db]
# name 1 = depSM: Depth [salt water, m]
# name 2 = t090C: Temperature [ITS-90, deg C]
# name 3 = c0mS/cm: Conductivity [mS/cm]
# name 4 = t190C: Temperature, 2 [ITS-90, deg C]
# name 5 = c1mS/cm: Conductivity, 2 [mS/cm]
# name 6 = sbeox0ML/L: Oxygen, SBE 43 [ml/l]
# name 7 = sbeox1ML/L: Oxygen, SBE 43, 2 [ml/l]
# name 8 = flECO-AFL: Fluorescence, WET Labs ECO-AFL/FL [mg/m^3]
# name 9 = CStarTr0: Beam Transmission, WET Labs C-Star [%]
# name 10 = par: PAR/Irradiance, Biospherical/Licor
# name 11 = latitude: Latitude [deg]
# name 12 = longitude: Longitude [deg]
# name 13 = timeJ: Julian Days
# name 14 = altM: Altimeter [m]
# name 15 = spar: SPAR, Biospherical/Licor
# name 16 = timeS: Time, Elapsed [seconds]
# name 17 = scan: Scan Count
# name 18 = density00: Density [density, kg/m^3]
# name 19 = density11: Density, 2 [density, kg/m^3]
# name 20 = sal00: Salinity, Practical [PSU]
# name 21 = sal11: Salinity, Practical, 2 [PSU]
# name 22 = oxsolML/L: Oxygen Saturation, Garcia & Gordon [ml/l]
# name 23 = nbin: number of scans per bin
# name 24 = flag: flag
# span 0 =      1.000,    604.000       
# span 1 =      0.989,    597.227       
# span 2 =    -0.4243,     1.5126       
# span 3 =  27.985864,  30.387877       
# span 4 =    -0.4185,     1.5129       
# span 5 =  27.983122,  30.386901       
# span 6 =     4.0627,     8.2561       
# span 7 =     4.0752,     8.1262       
# span 8 =    -0.0219,     1.4226       
# span 9 =    89.8711,    97.3403       
# span 10 = 1.0000e-12, 4.1970e+02      
# span 11 =  -64.57444,  -64.57382      
# span 12 =  -65.34838,  -65.34640      
# span 13 = 329.874187, 329.888368      
# span 14 =       9.02,     102.37      
# span 15 = 3.4373e+02, 4.9890e+02      
# span 16 =   1252.744,   2478.027      
# span 17 =      30067,      59474      
# span 18 =  1027.3103,  1030.6031      
# span 19 =  1027.3077,  1030.6018      
# span 20 =    33.9875,    34.7004      
# span 21 =    33.9842,    34.6988      
# span 22 =    7.72072,    8.14870      
# span 23 =         14,         50      
# span 24 = 0.0000e+00, 0.0000e+00      
# interval = decibars: 1                
# start_time = Nov 25 2021 20:37:57 [NMEA time, header]
# bad_flag = -9.990e-29
*END*
[from data line 522]
     82.000     81.183    -0.4139  28.064908    -0.4103  28.066366     7.4320     7.2647     0.4165    95.0753 1.9661e-01  -64.57442  -65.34642 329.884369      99.97 3.5258e+02   2132.491      51181  1027.8088  1027.8070    34.1216    34.1195    8.14755         34 0.0000e+00
     81.000     80.192    -0.4094  28.067473    -0.4141  28.066459     7.4922     7.3054     0.4530    95.0477 2.1292e-01  -64.57442  -65.34641 329.884414      99.97 3.5385e+02   2136.362      51274  1027.8030  1027.8065    34.1206    34.1245    8.14665         25 0.0000e+00
     80.000     79.204    -0.3890  28.077655    -0.4074  28.068445     7.6528     7.4528     0.3955    95.0499 2.3323e-01  -64.57442  -65.34641 329.884441      99.97 3.5436e+02   2138.741      51331  1027.7898  1027.7979    34.1119    34.1202    8.14276         28 0.0000e+00
     79.000     78.213    -0.3888  28.077281    -0.3872  28.077166     7.7445     7.5321     0.3878    94.9997 2.5475e-01  -64.57442  -65.34642 329.884453      99.97 3.5434e+02   2139.718      51354  1027.7849  1027.7832    34.1118    34.1099    8.14273         23 0.0000e+00
     78.000     77.223    -0.3263  28.109029    -0.3123  28.114655     7.7494     7.5221     0.4646    94.6900 2.7686e-01  -64.57442  -65.34642 329.884464      99.97 3.5434e+02   2140.726      51378  1027.7538  1027.7461    34.0849    34.0766    8.13091         28 0.0000e+00
     77.000     76.233    -0.3436  28.100272    -0.3394  28.100739     7.6808     7.4877     0.6114    94.1710 2.9587e-01  -64.57442  -65.34641 329.884493      99.97 3.5434e+02   2143.186      51437  1027.7574  1027.7540    34.0931    34.0890    8.13413         36 0.0000e+00
     76.000     75.244    -0.3399  28.101296    -0.3575  28.091059     7.8155     7.5982     0.5601    94.3536 3.1182e-01  -64.57442  -65.34642 329.884531      99.97 3.5487e+02   2146.469      51516  1027.7512  1027.7573    34.0909    34.0969    8.13346         31 0.0000e+00
     75.000     74.254    -0.3081  28.117262    -0.3129  28.113416     7.9038     7.6830     0.5444    94.2681 3.3739e-01  -64.57442  -65.34642 329.884542      99.97 3.5604e+02   2147.472      51540  1027.7330  1027.7336    34.0772    34.0775    8.12744         23 0.0000e+00
     74.000     73.265    -0.2678  28.138221    -0.2607  28.141059     7.8593     7.7055     0.6475    93.9178 3.6565e-01  -64.57442  -65.34642 329.884555      99.97 3.5610e+02   2148.518      51565  1027.7121  1027.7082    34.0607    34.0566    8.11979         29 0.0000e+00
     73.000     72.272    -0.2781  28.130974    -0.2602  28.140785     7.8571     7.6992     0.8261    93.5186 3.9059e-01  -64.57442  -65.34641 329.884574      99.97 3.5596e+02   2150.232      51607  1027.7107  1027.7036    34.0632    34.0562    8.12185         39 0.0000e+00
     72.000     71.286    -0.2708  28.135214    -0.2842  28.126887     7.8514     7.6586     0.7850    93.6393 4.0676e-01  -64.57444  -65.34640 329.884615      99.97 3.5514e+02   2153.756      51691  1027.7044  1027.7088    34.0613    34.0652    8.12039         32 0.0000e+00
     71.000     70.294    -0.2617  28.140564    -0.2741  28.132312     7.8609     7.7093     0.7217    93.6082 4.4600e-01  -64.57442  -65.34640 329.884638      99.97 3.5588e+02   2155.691      51738  1027.6974  1027.7005    34.0589    34.0617    8.11860         35 0.0000e+00
     70.000     69.304    -0.2582  28.141811    -0.2537  28.143032     7.8399     7.7224     0.7407    93.3448 4.8557e-01  -64.57442  -65.34640 329.884656      99.97 3.5441e+02   2157.270      51775  1027.6913  1027.6879    34.0573    34.0538    8.11795         39 0.0000e+00
     69.000     68.316    -0.2598  28.140725    -0.2598  28.138891     7.8999     7.7350     0.8648    93.3392 5.2257e-01  -64.57442  -65.34640 329.884717      99.97 3.5435e+02   2162.582      51903  1027.6878  1027.6858    34.0582    34.0558    8.11824         38 0.0000e+00
     68.000     67.325    -0.2432  28.149003    -0.2472  28.145319     7.9459     7.7728     0.8075    93.1018 5.6906e-01  -64.57442  -65.34640 329.884747      99.97 3.5308e+02   2165.101      51963  1027.6763  1027.6763    34.0512    34.0508    8.11509         48 0.0000e+00
     67.000     66.334    -0.2326  28.153021    -0.2355  28.150345     7.9504     7.7944     0.9489    92.8789 6.0923e-01  -64.57442  -65.34640 329.884777      99.97 3.5239e+02   2167.702      52026  1027.6662  1027.6661    34.0453    34.0450    8.11316         49 0.0000e+00
     66.000     65.347    -0.2404  28.147317    -0.2433  28.143918     7.8943     7.7733     0.9800    92.8004 6.5388e-01  -64.57442  -65.34640 329.884880      99.97 3.4939e+02   2176.659      52241  1027.6638  1027.6629    34.0471    34.0458    8.11473         26 0.0000e+00
     65.000     64.355    -0.2526  28.130072    -0.2516  28.130263     7.9809     7.8402     0.8960    92.3932 7.0618e-01  -64.57442  -65.34641 329.885152      99.97 3.4905e+02   2200.107      52804  1027.6529  1027.6521    34.0383    34.0375    8.11783         45 0.0000e+00
     64.000     63.365    -0.2570  28.122616    -0.2538  28.126173     8.0260     7.8631     1.0539    92.0262 7.7052e-01  -64.57442  -65.34642 329.885192      99.97 3.4905e+02   2203.610      52888  1027.6448  1027.6455    34.0339    34.0351    8.11901         32 0.0000e+00
     63.000     62.375    -0.2610  28.116814    -0.2583  28.119386     8.0340     7.8799     1.0172    91.8831 8.3661e-01  -64.57442  -65.34642 329.885213      99.97 3.4905e+02   2205.403      52931  1027.6382  1027.6382    34.0313    34.0316    8.12003         29 0.0000e+00
     62.000     61.384    -0.2643  28.112607    -0.2661  28.109134     8.0302     7.8810     0.9436    91.9570 9.0661e-01  -64.57442  -65.34643 329.885227      99.97 3.4905e+02   2206.649      52961  1027.6325  1027.6305    34.0299    34.0273    8.12080         35 0.0000e+00
     61.000     60.396    -0.2683  28.107380    -0.2647  28.110219     8.0569     7.9137     1.0401    91.9151 9.4405e-01  -64.57442  -65.34643 329.885269      99.97 3.4905e+02   2210.229      53046  1027.6264  1027.6260    34.0280    34.0278    8.12176         29 0.0000e+00
     60.000     59.404    -0.2748  28.099349    -0.2748  28.097739     8.0688     7.9178     0.9819    91.8693 1.0109e+00  -64.57442  -65.34642 329.885289      99.97 3.4887e+02   2211.968      53088  1027.6198  1027.6181    34.0252    34.0231    8.12331         30 0.0000e+00
     59.000     58.416    -0.2791  28.092784    -0.2774  28.093909     8.1069     7.9243     1.0486    91.5751 1.1090e+00  -64.57442  -65.34642 329.885306      99.97 3.4730e+02   2213.482      53125  1027.6125  1027.6121    34.0218    34.0214    8.12441         36 0.0000e+00
     58.000     57.425    -0.2894  28.080483    -0.2817  28.088352     8.0845     7.9436     1.0854    91.6198 1.1958e+00  -64.57442  -65.34643 329.885342      99.97 3.4671e+02   2216.513      53197  1027.6048  1027.6059    34.0175    34.0195    8.12686         42 0.0000e+00
     57.000     56.436    -0.2868  28.082851    -0.2863  28.081882     8.0925     7.9433     1.1381    91.4656 1.2795e+00  -64.57442  -65.34643 329.885362      99.97 3.4550e+02   2218.247      53239  1027.6004  1027.5991    34.0184    34.0166    8.12625         34 0.0000e+00
     56.000     55.445    -0.2811  28.089660    -0.2810  28.088381     8.0628     7.9326     1.1201    91.4288 1.3692e+00  -64.57442  -65.34642 329.885409      99.97 3.4496e+02   2222.351      53337  1027.5978  1027.5964    34.0217    34.0198    8.12485         44 0.0000e+00
     55.000     54.456    -0.2805  28.089773    -0.2811  28.087788     8.1035     7.9424     1.1578    91.4058 1.5099e+00  -64.57442  -65.34644 329.885447      99.97 3.4373e+02   2225.616      53416  1027.5931  1027.5915    34.0219    34.0198    8.12472         30 0.0000e+00
     54.000     53.465    -0.2866  28.081846    -0.2842  28.082974     8.1009     7.9714     1.2176    91.3878 1.5927e+00  -64.57442  -65.34644 329.885484      99.97 3.4376e+02   2228.784      53492  1027.5862  1027.5851    34.0187    34.0174    8.12620         37 0.0000e+00
     53.000     52.474    -0.2999  28.066141    -0.3001  28.064759     8.1068     7.9696     1.1368    91.1821 1.7013e+00  -64.57442  -65.34644 329.885503      99.97 3.4376e+02   2230.468      53532  1027.5779  1027.5766    34.0132    34.0115    8.12936         36 0.0000e+00
     52.000     51.487    -0.2957  28.070463    -0.2939  28.071453     8.1108     7.9752     1.2265    91.1371 1.8552e+00  -64.57442  -65.34644 329.885560      99.97 3.4465e+02   2235.419      53651  1027.5740  1027.5733    34.0148    34.0141    8.12836         39 0.0000e+00
     51.000     50.495    -0.3051  28.060295    -0.3041  28.059953     8.1187     7.9780     1.1296    91.1526 2.0178e+00  -64.57442  -65.34644 329.885591      99.97 3.4551e+02   2238.104      53716  1027.5679  1027.5666    34.0123    34.0108    8.13050         34 0.0000e+00
     50.000     49.504    -0.3110  28.053732    -0.3114  28.052116     8.1582     7.9966     1.2013    91.0367 2.1967e+00  -64.57441  -65.34646 329.885768      99.97 3.4725e+02   2253.315      54081  1027.5621  1027.5607    34.0108    34.0091    8.13186         33 0.0000e+00
     49.000     48.516    -0.3107  28.052918    -0.3099  28.052728     8.1775     8.0140     1.1491    91.0237 2.3828e+00  -64.57440  -65.34648 329.885946      99.97 3.4905e+02   2268.700      54450  1027.5563  1027.5554    34.0100    34.0088    8.13184         28 0.0000e+00
     48.000     47.525    -0.3288  28.031802    -0.3219  28.038328     8.1658     8.0164     1.1908    90.7827 2.5689e+00  -64.57440  -65.34648 329.885961      99.97 3.4905e+02   2270.038      54482  1027.5470  1027.5472    34.0026    34.0036    8.13613         35 0.0000e+00
     47.000     46.535    -0.3249  28.035506    -0.3219  28.037772     8.1561     8.0328     1.2757    90.7144 2.7379e+00  -64.57440  -65.34647 329.886015      99.97 3.4905e+02   2274.695      54594  1027.5427  1027.5422    34.0039    34.0035    8.13524         40 0.0000e+00
     46.000     45.546    -0.3266  28.033268    -0.3303  28.027726     8.2039     8.0432     1.1958    90.7278 3.0317e+00  -64.57440  -65.34648 329.886039      99.97 3.4926e+02   2276.774      54644  1027.5376  1027.5352    34.0033    34.0001    8.13562         25 0.0000e+00
     45.000     44.555    -0.3352  28.022705    -0.3345  28.022116     8.1878     8.0487     1.1969    90.5828 3.3227e+00  -64.57440  -65.34648 329.886053      99.97 3.5065e+02   2277.937      54671  1027.5302  1027.5290    33.9994    33.9979    8.13768         32 0.0000e+00
     44.000     43.565    -0.3375  28.019820    -0.3337  28.023044     8.1958     8.0462     1.3221    90.5185 3.4954e+00  -64.57440  -65.34648 329.886091      99.97 3.5080e+02   2281.266      54751  1027.5249  1027.5247    33.9987    33.9988    8.13821         40 0.0000e+00
     43.000     42.575    -0.3375  28.019117    -0.3374  28.018176     8.1761     8.0551     1.3517    90.5506 3.8243e+00  -64.57440  -65.34649 329.886132      99.97 3.5195e+02   2284.786      54836  1027.5197  1027.5187    33.9984    33.9970    8.13823         37 0.0000e+00
     42.000     41.587    -0.3377  28.018242    -0.3385  28.015828     8.1377     8.0381     1.4226    90.5359 4.2164e+00  -64.57440  -65.34650 329.886159      99.97 3.5261e+02   2287.156      54893  1027.5148  1027.5129    33.9982    33.9958    8.13831         35 0.0000e+00
     41.000     40.594    -0.3370  28.019717    -0.3395  28.015250     8.1400     8.0338     1.2405    90.4262 4.4978e+00  -64.57440  -65.34650 329.886172      99.97 3.5258e+02   2288.289      54920  1027.5113  1027.5089    33.9999    33.9967    8.13804         25 0.0000e+00
     40.000     39.605    -0.3347  28.023078    -0.3341  28.022392     8.1747     8.0360     1.2430    90.5226 4.8055e+00  -64.57440  -65.34650 329.886186      99.97 3.5258e+02   2289.444      54948  1027.5084  1027.5070    34.0024    34.0008    8.13740         31 0.0000e+00
     39.000     38.617    -0.3357  28.020714    -0.3354  28.019559     8.1730     8.0427     1.2360    90.5579 5.1207e+00  -64.57440  -65.34650 329.886244      99.97 3.5561e+02   2294.512      55069  1027.5025  1027.5010    34.0010    33.9991    8.13770         33 0.0000e+00
     38.000     37.625    -0.3354  28.020850    -0.3349  28.020225     8.1393     8.0391     1.2224    90.6183 5.7151e+00  -64.57440  -65.34650 329.886262      99.97 3.5607e+02   2296.004      55105  1027.4981  1027.4969    34.0015    34.0001    8.13761         33 0.0000e+00
     37.000     36.637    -0.3365  28.019081    -0.3376  28.016681     8.1619     8.0432     1.3014    90.6243 6.2236e+00  -64.57440  -65.34651 329.886289      99.97 3.5625e+02   2298.376      55162  1027.4930  1027.4914    34.0009    33.9990    8.13787         34 0.0000e+00
     36.000     35.645    -0.3390  28.015990    -0.3403  28.013378     8.1704     8.0439     1.3917    90.5677 6.5870e+00  -64.57440  -65.34652 329.886324      99.97 3.5784e+02   2301.418      55235  1027.4877  1027.4862    34.0002    33.9982    8.13845         44 0.0000e+00
     35.000     34.656    -0.3387  28.015798    -0.3390  28.014167     8.1696     8.0392     1.3919    90.5682 7.2199e+00  -64.57440  -65.34652 329.886352      99.97 3.5824e+02   2303.775      55292  1027.4830  1027.4814    34.0002    33.9984    8.13839         44 0.0000e+00
     34.000     33.666    -0.3411  28.012610    -0.3392  28.013316     8.1674     8.0476     1.4217    90.5531 7.8032e+00  -64.57440  -65.34652 329.886386      99.97 3.5962e+02   2306.756      55363  1027.4776  1027.4765    33.9993    33.9981    8.13896         44 0.0000e+00
     33.000     32.675    -0.3417  28.011361    -0.3401  28.012220     8.1974     8.0447     1.3749    90.5026 8.3336e+00  -64.57440  -65.34652 329.886412      99.97 3.6137e+02   2308.995      55417  1027.4724  1027.4718    33.9989    33.9982    8.13910         44 0.0000e+00
     32.000     31.683    -0.3404  28.012500    -0.3388  28.012839     8.1690     8.0494     1.4155    90.4341 9.2431e+00  -64.57440  -65.34653 329.886449      99.97 3.6302e+02   2312.197      55494  1027.4681  1027.4669    33.9996    33.9982    8.13879         40 0.0000e+00
     31.000     30.695    -0.3408  28.010926    -0.3405  28.010175     8.1895     8.0499     1.3046    90.3977 1.0250e+01  -64.57440  -65.34653 329.886475      99.97 3.6485e+02   2314.449      55548  1027.4625  1027.4614    33.9985    33.9972    8.13894         36 0.0000e+00
     30.000     29.704    -0.3430  28.007064    -0.3432  28.005541     8.1951     8.0629     1.2856    90.4269 1.0925e+01  -64.57439  -65.34654 329.886634      99.97 3.6506e+02   2328.159      55877  1027.4562  1027.4547    33.9965    33.9947    8.13953         39 0.0000e+00
     29.000     28.714    -0.3471  28.000940    -0.3461  28.000909     8.1997     8.0747     1.3256    90.3550 1.1809e+01  -64.57438  -65.34656 329.886848      99.96 3.6491e+02   2346.702      56322  1027.4491  1027.4481    33.9934    33.9923    8.14057         37 0.0000e+00
     28.000     27.725    -0.3470  28.000273    -0.3476  27.998124     8.2147     8.0889     1.3653    90.3721 1.2783e+01  -64.57438  -65.34656 329.886899      99.97 3.6619e+02   2351.087      56427  1027.4440  1027.4423    33.9930    33.9909    8.14057         33 0.0000e+00
     27.000     26.734    -0.3488  27.997372    -0.3487  27.996168     8.2561     8.0984     1.2671    90.2491 1.4130e+01  -64.57438  -65.34656 329.886915      99.97 3.6668e+02   2352.446      56460  1027.4383  1027.4370    33.9918    33.9901    8.14104         29 0.0000e+00
     26.000     25.745    -0.3500  27.994311    -0.3496  27.993530     8.2083     8.0988     1.2704    90.1462 1.5404e+01  -64.57438  -65.34656 329.886930      99.97 3.6668e+02   2353.792      56492  1027.4319  1027.4307    33.9896    33.9881    8.14141         32 0.0000e+00
