NBP2113_155081_ctd/data/unbp2113_063.cnv
* Sea-Bird SBE 9 Data File:
* FileName = D:\Data\raw\NBP2113_063.hex
* Software Version Seasave V 7.26.7.121
* Temperature SN = 2438
* Conductivity SN = 2067
* Number of Bytes Per Scan = 40
* Number of Voltage Words = 5
* Number of Scans Averaged by the Deck Unit = 1
* NMEA Latitude = 64 46.92 S
* NMEA Longitude = 063 01.99 W
* NMEA UTC (Time) = Dec 14 2021  04:14:20
* NMEA baud rate = 9600
** Ship: RVIB N.B. Palmer
** Cruise: NBP2113 LTER
** Station: 655.002
** Operator: B. Urmston
# nquan = 25
# nvalues = 221                         
# units = specified
# name 0 = prDM: Pressure, Digiquartz [db]
# name 1 = depSM: Depth [salt water, m]
# name 2 = t090C: Temperature [ITS-90, deg C]
# name 3 = c0mS/cm: Conductivity [mS/cm]
# name 4 = t190C: Temperature, 2 [ITS-90, deg C]
# name 5 = c1mS/cm: Conductivity, 2 [mS/cm]
# name 6 = sbeox0ML/L: Oxygen, SBE 43 [ml/l]
# name 7 = sbeox1ML/L: Oxygen, SBE 43, 2 [ml/l]
# name 8 = flECO-AFL: Fluorescence, WET Labs ECO-AFL/FL [mg/m^3]
# name 9 = CStarTr0: Beam Transmission, WET Labs C-Star [%]
# name 10 = par: PAR/Irradiance, Biospherical/Licor
# name 11 = latitude: Latitude [deg]
# name 12 = longitude: Longitude [deg]
# name 13 = timeJ: Julian Days
# name 14 = altM: Altimeter [m]
# name 15 = spar: SPAR, Biospherical/Licor
# name 16 = timeS: Time, Elapsed [seconds]
# name 17 = scan: Scan Count
# name 18 = density00: Density [density, kg/m^3]
# name 19 = density11: Density, 2 [density, kg/m^3]
# name 20 = sal00: Salinity, Practical [PSU]
# name 21 = sal11: Salinity, Practical, 2 [PSU]
# name 22 = oxsolML/L: Oxygen Saturation, Garcia & Gordon [ml/l]
# name 23 = nbin: number of scans per bin
# name 24 = flag: flag
# span 0 =      1.000,    221.000       
# span 1 =      0.991,    218.720       
# span 2 =    -0.3251,     0.5487       
# span 3 =  28.454438,  29.166991       
# span 4 =    -0.3247,     0.5359       
# span 5 =  28.450925,  29.154014       
# span 6 =     5.2015,     7.8973       
# span 7 =     5.3114,     8.4972       
# span 8 =    -0.0151,     1.7303       
# span 9 =    83.4172,    90.0986       
# span 10 = 1.0000e-12, 3.7797e+00      
# span 11 =  -64.78200,  -64.78198      
# span 12 =  -63.03356,  -63.03338      
# span 13 = 348.186183, 348.192724      
# span 14 =      10.07,     100.09      
# span 15 = 0.0000e+00, 0.0000e+00      
# span 16 =    826.219,   1391.315      
# span 17 =      19830,      33393      
# span 18 =  1027.3359,  1028.7607      
# span 19 =  1027.3329,  1028.7595      
# span 20 =    34.0502,    34.4909      
# span 21 =    34.0464,    34.4887      
# span 22 =    7.92522,    8.10774      
# span 23 =         25,         48      
# span 24 = 0.0000e+00, 0.0000e+00      
# interval = decibars: 1                
# start_time = Dec 14 2021 04:14:20 [NMEA time, header]
# bad_flag = -9.990e-29
*END*
    221.000    218.720    -0.3222  28.477708    -0.3230  28.475964     5.8237     5.8998    -0.0073    89.2610 1.0000e-12  -64.78198  -63.03356 348.186183      10.07 0.0000e+00    826.219      19830  1028.7607  1028.7595    34.4860    34.4845    8.10713         37 0.0000e+00
    220.000    217.731    -0.3221  28.477383    -0.3225  28.475802     5.8295     5.9011    -0.0041    89.2437 1.0000e-12  -64.78198  -63.03356 348.186194      10.98 0.0000e+00    827.153      19853  1028.7559  1028.7547    34.4860    34.4844    8.10710         37 0.0000e+00
    219.000    216.742    -0.3225  28.476660    -0.3225  28.475539     5.8244     5.9049    -0.0151    89.2610 1.0000e-12  -64.78198  -63.03356 348.186211      11.95 0.0000e+00    828.640      19888  1028.7513  1028.7501    34.4861    34.4846    8.10718         35 0.0000e+00
    218.000    215.753    -0.3245  28.474487    -0.3246  28.473214     5.8288     5.8995    -0.0148    89.2161 1.0000e-12  -64.78198  -63.03356 348.186228      12.95 0.0000e+00    830.126      19924  1028.7467  1028.7454    34.4860    34.4845    8.10761         35 0.0000e+00
    217.000    214.764    -0.3251  28.473394    -0.3247  28.472575     5.8335     5.9006    -0.0131    89.2255 1.0000e-12  -64.78198  -63.03356 348.186246      13.97 0.0000e+00    831.625      19960  1028.7419  1028.7405    34.4859    34.4843    8.10774         31 0.0000e+00
    216.000    213.774    -0.3243  28.473632    -0.3238  28.472845     5.8289     5.8988     0.0018    89.1945 1.0000e-12  -64.78198  -63.03356 348.186263      15.01 0.0000e+00    833.130      19996  1028.7370  1028.7357    34.4859    34.4843    8.10757         37 0.0000e+00
    215.000    212.785    -0.3223  28.474954    -0.3215  28.474416     5.8275     5.8963    -0.0091    89.2416 1.0000e-12  -64.78198  -63.03356 348.186280      16.05 0.0000e+00    834.622      20032  1028.7322  1028.7309    34.4861    34.4844    8.10715         35 0.0000e+00
    214.000    211.796    -0.3219  28.474856    -0.3217  28.473868     5.8239     5.8940    -0.0121    89.2322 1.0000e-12  -64.78198  -63.03356 348.186297      17.00 0.0000e+00    836.098      20067  1028.7275  1028.7262    34.4860    34.4845    8.10705         36 0.0000e+00
    213.000    210.806    -0.3180  28.477529    -0.3185  28.475986     5.8023     5.8904    -0.0113    89.2300 1.0000e-12  -64.78198  -63.03356 348.186314      17.90 0.0000e+00    837.567      20103  1028.7222  1028.7211    34.4858    34.4843    8.10623         35 0.0000e+00
    212.000    209.818    -0.3071  28.486489    -0.3126  28.480653     5.8101     5.8847    -0.0081    89.2535 1.0000e-12  -64.78198  -63.03356 348.186331      18.86 0.0000e+00    839.040      20138  1028.7169  1028.7160    34.4861    34.4845    8.10391         35 0.0000e+00
    211.000    208.827    -0.3044  28.488595    -0.3036  28.488225     5.7982     5.8850    -0.0049    89.2412 1.0000e-12  -64.78198  -63.03356 348.186349      19.88 0.0000e+00    840.531      20174  1028.7122  1028.7109    34.4864    34.4850    8.10331         34 0.0000e+00
    210.000    207.839    -0.2998  28.491811    -0.2988  28.491650     5.8034     5.8886    -0.0104    89.2638 1.0000e-12  -64.78198  -63.03356 348.186366      20.89 0.0000e+00    842.032      20210  1028.7070  1028.7058    34.4862    34.4848    8.10235         36 0.0000e+00
    209.000    206.850    -0.3030  28.489103    -0.3009  28.489899     5.8126     5.8891    -0.0014    89.2686 1.0000e-12  -64.78198  -63.03356 348.186383      21.91 0.0000e+00    843.533      20246  1028.7030  1028.7018    34.4867    34.4855    8.10299         34 0.0000e+00
    208.000    205.861    -0.3144  28.478848    -0.3143  28.477772     5.8227     5.9001    -0.0145    89.2747 1.0000e-12  -64.78198  -63.03356 348.186401      22.91 0.0000e+00    845.027      20282  1028.6990  1028.6977    34.4865    34.4850    8.10543         32 0.0000e+00
    207.000    204.870    -0.3203  28.472976    -0.3212  28.471107     5.8240     5.8953    -0.0150    89.2501 1.0000e-12  -64.78198  -63.03356 348.186418      23.92 0.0000e+00    846.514      20317  1028.6943  1028.6932    34.4861    34.4845    8.10673         32 0.0000e+00
    206.000    203.883    -0.3169  28.474932    -0.3142  28.475962     5.8147     5.8859    -0.0080    89.2600 1.0000e-12  -64.78198  -63.03356 348.186435      24.93 0.0000e+00    847.983      20353  1028.6887  1028.6872    34.4853    34.4837    8.10603         35 0.0000e+00
    205.000    202.893    -0.3047  28.485044    -0.3013  28.486829     5.8081     5.8812     0.0016    89.2483 1.0000e-12  -64.78198  -63.03356 348.186452      26.15 0.0000e+00    849.454      20388  1028.6832  1028.6818    34.4857    34.4843    8.10341         33 0.0000e+00
    204.000    201.903    -0.2955  28.492784    -0.2964  28.490895     5.7935     5.8812     0.0043    89.2816 1.0000e-12  -64.78198  -63.03356 348.186469      27.14 0.0000e+00    850.944      20424  1028.6783  1028.6771    34.4863    34.4847    8.10143         36 0.0000e+00
    203.000    200.914    -0.2921  28.495436    -0.2943  28.492416     5.7899     5.8749    -0.0143    89.2941 1.0000e-12  -64.78198  -63.03356 348.186487      27.99 0.0000e+00    852.431      20459  1028.6735  1028.6724    34.4865    34.4849    8.10068         35 0.0000e+00
    202.000    199.925    -0.2914  28.495589    -0.2923  28.493533     5.8025     5.8746    -0.0063    89.3216 1.0000e-12  -64.78198  -63.03356 348.186504      29.00 0.0000e+00    853.926      20495  1028.6688  1028.6675    34.4865    34.4849    8.10054         35 0.0000e+00
    201.000    198.936    -0.2931  28.493598    -0.2926  28.492865     5.8071     5.8767    -0.0050    89.3203 1.0000e-12  -64.78198  -63.03356 348.186521      30.02 0.0000e+00    855.420      20531  1028.6642  1028.6629    34.4865    34.4849    8.10091         33 0.0000e+00
    200.000    197.948    -0.2917  28.494270    -0.2908  28.493878     5.8017     5.8758    -0.0017    89.3238 1.0000e-12  -64.78198  -63.03356 348.186538      31.11 0.0000e+00    856.901      20567  1028.6593  1028.6580    34.4864    34.4849    8.10061         34 0.0000e+00
    199.000    196.956    -0.2899  28.495359    -0.2896  28.494535     5.8040     5.8774    -0.0115    89.2894 1.0000e-12  -64.78198  -63.03356 348.186555      32.10 0.0000e+00    858.385      20602  1028.6545  1028.6532    34.4864    34.4849    8.10023         34 0.0000e+00
    198.000    195.969    -0.2907  28.494223    -0.2908  28.493053     5.8055     5.8766    -0.0035    89.3442 1.0000e-12  -64.78198  -63.03355 348.186573      33.11 0.0000e+00    859.880      20638  1028.6499  1028.6486    34.4864    34.4849    8.10041         35 0.0000e+00
    197.000    194.979    -0.2920  28.492690    -0.2923  28.491217     5.8074     5.8740    -0.0117    89.3241 1.0000e-12  -64.78198  -63.03355 348.186590      34.31 0.0000e+00    861.397      20675  1028.6453  1028.6440    34.4865    34.4848    8.10068         40 0.0000e+00
    196.000    193.988    -0.2930  28.491227    -0.2929  28.490257     5.8005     5.8750    -0.0030    89.3161 1.0000e-12  -64.78198  -63.03355 348.186614      35.48 0.0000e+00    863.425      20723  1028.6404  1028.6392    34.4862    34.4848    8.10089         34 0.0000e+00
    195.000    193.001    -0.2913  28.492195    -0.2924  28.490129     5.7964     5.8741    -0.0140    89.3119 1.0000e-12  -64.78198  -63.03355 348.186641      36.48 0.0000e+00    865.793      20780  1028.6355  1028.6344    34.4862    34.4847    8.10054         48 0.0000e+00
    194.000    192.010    -0.2913  28.491834    -0.2918  28.490167     5.8057     5.8793    -0.0068    89.3211 1.0000e-12  -64.78198  -63.03355 348.186676      37.56 0.0000e+00    868.800      20852  1028.6309  1028.6295    34.4864    34.4846    8.10054         30 0.0000e+00
    193.000    191.022    -0.2899  28.492140    -0.2911  28.490258     5.8020     5.8723    -0.0007    89.3144 1.0000e-12  -64.78198  -63.03355 348.186715      38.60 0.0000e+00    872.201      20934  1028.6256  1028.6248    34.4857    34.4846    8.10027         39 0.0000e+00
    192.000    190.035    -0.2809  28.499677    -0.2838  28.496291     5.7868     5.8675    -0.0026    89.3309 1.0000e-12  -64.78198  -63.03355 348.186753      39.61 0.0000e+00    875.496      21013  1028.6206  1028.6198    34.4863    34.4850    8.09833         38 0.0000e+00
    191.000    189.041    -0.2810  28.499286    -0.2821  28.497156     5.7923     5.8682    -0.0065    89.3290 1.0000e-12  -64.78198  -63.03355 348.186792      40.47 0.0000e+00    878.825      21093  1028.6161  1028.6149    34.4865    34.4849    8.09834         34 0.0000e+00
    190.000    188.053    -0.2828  28.497149    -0.2799  28.498571     5.7963     5.8722    -0.0077    89.3586 1.0000e-12  -64.78198  -63.03355 348.186827      41.50 0.0000e+00    881.875      21166  1028.6113  1028.6100    34.4862    34.4848    8.09873         38 0.0000e+00
    189.000    187.064    -0.2794  28.499653    -0.2768  28.500651     5.7855     5.8670    -0.0051    89.3805 1.0000e-12  -64.78198  -63.03355 348.186855      42.51 0.0000e+00    884.236      21223  1028.6064  1028.6049    34.4863    34.4847    8.09800         35 0.0000e+00
    188.000    186.076    -0.2753  28.502427    -0.2753  28.501445     5.7868     5.8651    -0.0027    89.4444 1.0000e-12  -64.78198  -63.03355 348.186881      43.46 0.0000e+00    886.493      21277  1028.6011  1028.6000    34.4860    34.4847    8.09715         41 0.0000e+00
    187.000    185.087    -0.2728  28.504206    -0.2735  28.502585     5.7893     5.8680    -0.0055    89.4214 1.0000e-12  -64.78198  -63.03355 348.186907      44.61 0.0000e+00    888.735      21331  1028.5964  1028.5953    34.4862    34.4848    8.09661         40 0.0000e+00
    186.000    184.097    -0.2733  28.503351    -0.2741  28.501559     5.7923     5.8670    -0.0101    89.4334 1.0000e-12  -64.78198  -63.03355 348.186933      45.48 0.0000e+00    890.984      21385  1028.5917  1028.5906    34.4862    34.4848    8.09671         39 0.0000e+00
    185.000    183.107    -0.2737  28.502712    -0.2731  28.501836     5.7943     5.8618    -0.0089    89.4390 1.0000e-12  -64.78198  -63.03355 348.186960      46.54 0.0000e+00    893.352      21441  1028.5872  1028.5856    34.4864    34.4846    8.09679         46 0.0000e+00
    184.000    182.118    -0.2658  28.508511    -0.2694  28.504616     5.7794     5.8649    -0.0123    89.4375 1.0000e-12  -64.78198  -63.03355 348.186991      47.59 0.0000e+00    895.979      21504  1028.5813  1028.5808    34.4858    34.4847    8.09513         42 0.0000e+00
    183.000    181.128    -0.2639  28.509675    -0.2658  28.507037     5.7832     5.8569     0.0007    89.4795 1.0000e-12  -64.78198  -63.03354 348.187025      48.63 0.0000e+00    898.985      21577  1028.5766  1028.5756    34.4858    34.4845    8.09473         39 0.0000e+00
    182.000    180.138    -0.2545  28.516710    -0.2604  28.511028     5.7720     5.8571    -0.0118    89.4220 1.0000e-12  -64.78198  -63.03354 348.187063      49.67 0.0000e+00    902.281      21656  1028.5706  1028.5704    34.4852    34.4843    8.09278         34 0.0000e+00
    181.000    179.150    -0.2476  28.522442    -0.2568  28.513450     5.7691     5.8525    -0.0078    89.4860 1.0000e-12  -64.78198  -63.03354 348.187102      50.70 0.0000e+00    905.596      21735  1028.5659  1028.5652    34.4857    34.4841    8.09129         38 0.0000e+00
    180.000    178.159    -0.2216  28.544018    -0.2397  28.526987     5.7329     5.8319    -0.0036    89.4794 1.0000e-12  -64.78198  -63.03354 348.187140      51.75 0.0000e+00    908.877      21814  1028.5591  1028.5587    34.4857    34.4835    8.08578         34 0.0000e+00
    179.000    177.173    -0.1976  28.564002    -0.2211  28.542144     5.7271     5.8287    -0.0103    89.5115 1.0000e-12  -64.78198  -63.03354 348.187178      52.77 0.0000e+00    912.196      21894  1028.5529  1028.5527    34.4858    34.4832    8.08068         33 0.0000e+00
    178.000    176.182    -0.1910  28.569465    -0.2066  28.554755     5.7301     5.8218    -0.0081    89.5012 1.0000e-12  -64.78198  -63.03354 348.187217      53.79 0.0000e+00    915.509      21973  1028.5484  1028.5477    34.4862    34.4843    8.07927         31 0.0000e+00
    177.000    175.192    -0.1881  28.570821    -0.2010  28.558670     5.7326     5.8192    -0.0071    89.5941 1.0000e-12  -64.78198  -63.03354 348.187255      54.85 0.0000e+00    918.794      22052  1028.5432  1028.5425    34.4854    34.4838    8.07870         33 0.0000e+00
    176.000    174.202    -0.1947  28.564461    -0.1966  28.561959     5.7449     5.8113    -0.0080    89.6343 1.0000e-12  -64.78198  -63.03353 348.187831      55.94 0.0000e+00    968.596      23247  1028.5390  1028.5380    34.4850    34.4837    8.08012         35 0.0000e+00
    175.000    173.214    -0.2006  28.559037    -0.2017  28.557161     5.7355     5.8106    -0.0044    89.6110 1.0000e-12  -64.78198  -63.03353 348.187915      56.96 0.0000e+00    975.896      23423  1028.5347  1028.5337    34.4850    34.4837    8.08136         39 0.0000e+00
    174.000    172.225    -0.1972  28.561600    -0.1969  28.560778     5.7443     5.8116    -0.0066    89.5850 1.0000e-12  -64.78198  -63.03352 348.187939      57.98 0.0000e+00    977.917      23471  1028.5298  1028.5286    34.4852    34.4837    8.08064         39 0.0000e+00
    173.000    171.235    -0.1985  28.559953    -0.1978  28.559529     5.7426     5.8122    -0.0070    89.6320 1.0000e-12  -64.78198  -63.03352 348.187959      58.92 0.0000e+00    979.699      23514  1028.5251  1028.5238    34.4851    34.4837    8.08092         43 0.0000e+00
    172.000    170.246    -0.2001  28.558112    -0.2000  28.557091     5.7466     5.8040    -0.0058    89.6118 1.0000e-12  -64.78198  -63.03352 348.187980      60.01 0.0000e+00    981.471      23556  1028.5203  1028.5192    34.4850    34.4836    8.08125         42 0.0000e+00
    171.000    169.256    -0.1938  28.562776    -0.1912  28.563928     5.7213     5.7968    -0.0072    89.6046 1.0000e-12  -64.78198  -63.03352 348.188001      60.91 0.0000e+00    983.246      23599  1028.5149  1028.5135    34.4848    34.4834    8.07995         43 0.0000e+00
    170.000    168.267    -0.1695  28.583095    -0.1737  28.578874     5.6882     5.7823    -0.0020    89.6376 1.0000e-12  -64.78198  -63.03352 348.188021      62.03 0.0000e+00    985.024      23642  1028.5084  1028.5080    34.4850    34.4841    8.07479         38 0.0000e+00
    169.000    167.278    -0.1506  28.599401    -0.1555  28.593885     5.6781     5.7676    -0.0017    89.6602 1.0000e-12  -64.78198  -63.03352 348.188041      63.04 0.0000e+00    986.787      23684  1028.5030  1028.5019    34.4859    34.4842    8.07073         40 0.0000e+00
    168.000    166.288    -0.1282  28.619344    -0.1169  28.625913     5.6548     5.7217    -0.0037    89.7180 1.0000e-12  -64.78198  -63.03352 348.188062      64.16 0.0000e+00    988.553      23726  1028.4982  1028.4940    34.4878    34.4838    8.06590         42 0.0000e+00
    167.000    165.299    -0.0762  28.661524    -0.0371  28.694852     5.5807     5.6915     0.0032    89.7778 1.0000e-12  -64.78198  -63.03352 348.188083      65.04 0.0000e+00    990.336      23769  1028.4880  1028.4848    34.4858    34.4860    8.05506         43 0.0000e+00
    166.000    164.309    -0.0019  28.726716    -0.0127  28.715256     5.5676     5.6788     0.0028    89.8897 1.0000e-12  -64.78198  -63.03352 348.188103      66.10 0.0000e+00    992.126      23812  1028.4803  1028.4792    34.4892    34.4861    8.03925         37 0.0000e+00
    165.000    163.320     0.0118  28.737607     0.0073  28.731802     5.5571     5.6685     0.0065    89.8785 1.0000e-12  -64.78198  -63.03352 348.188124      67.15 0.0000e+00    993.881      23854  1028.4749  1028.4734    34.4888    34.4862    8.03639         34 0.0000e+00
