NBP2113_155081_ctd/data/unbp2113_064.cnv
* Sea-Bird SBE 9 Data File:
* FileName = D:\Data\raw\NBP2113_064.hex
* Software Version Seasave V 7.26.7.121
* Temperature SN = 2438
* Conductivity SN = 2067
* Number of Bytes Per Scan = 40
* Number of Voltage Words = 5
* Number of Scans Averaged by the Deck Unit = 1
* NMEA Latitude = 64 10.41 S
* NMEA Longitude = 061 58.85 W
* NMEA UTC (Time) = Dec 14 2021  13:32:28
* NMEA baud rate = 9600
** Ship: RVIB N.B. Palmer
** Cruise: NBP2113 LTER
** Station: 739.006
** Operator: B. Urmston
# nquan = 25
# nvalues = 799                         
# units = specified
# name 0 = prDM: Pressure, Digiquartz [db]
# name 1 = depSM: Depth [salt water, m]
# name 2 = t090C: Temperature [ITS-90, deg C]
# name 3 = c0mS/cm: Conductivity [mS/cm]
# name 4 = t190C: Temperature, 2 [ITS-90, deg C]
# name 5 = c1mS/cm: Conductivity, 2 [mS/cm]
# name 6 = sbeox0ML/L: Oxygen, SBE 43 [ml/l]
# name 7 = sbeox1ML/L: Oxygen, SBE 43, 2 [ml/l]
# name 8 = flECO-AFL: Fluorescence, WET Labs ECO-AFL/FL [mg/m^3]
# name 9 = CStarTr0: Beam Transmission, WET Labs C-Star [%]
# name 10 = par: PAR/Irradiance, Biospherical/Licor
# name 11 = latitude: Latitude [deg]
# name 12 = longitude: Longitude [deg]
# name 13 = timeJ: Julian Days
# name 14 = altM: Altimeter [m]
# name 15 = spar: SPAR, Biospherical/Licor
# name 16 = timeS: Time, Elapsed [seconds]
# name 17 = scan: Scan Count
# name 18 = density00: Density [density, kg/m^3]
# name 19 = density11: Density, 2 [density, kg/m^3]
# name 20 = sal00: Salinity, Practical [PSU]
# name 21 = sal11: Salinity, Practical, 2 [PSU]
# name 22 = oxsolML/L: Oxygen Saturation, Garcia & Gordon [ml/l]
# name 23 = nbin: number of scans per bin
# name 24 = flag: flag
# span 0 =      1.000,    799.000       
# span 1 =      0.992,    789.693       
# span 2 =    -0.6689,     0.3856       
# span 3 =  28.318497,  28.946200       
# span 4 =    -0.6689,     0.3809       
# span 5 =  28.317395,  28.946867       
# span 6 =     5.3862,    10.2297       
# span 7 =     5.4835,     9.2488       
# span 8 =    -0.0298,     1.4429       
# span 9 =    83.2333,    91.2351       
# span 10 = 1.0000e-12, 4.0452e+02      
# span 11 =  -64.17386,  -64.17328      
# span 12 =  -61.98120,  -61.97968      
# span 13 = 348.581996, 348.596410      
# span 14 =      10.82,      99.97      
# span 15 = 3.6492e+02, 4.7601e+02      
# span 16 =   1536.461,   2781.795      
# span 17 =      36876,      66764      
# span 18 =  1027.2022,  1031.5523      
# span 19 =  1027.2113,  1031.5511      
# span 20 =    33.9008,    34.5364      
# span 21 =    33.9117,    34.5351      
# span 22 =    7.99142,    8.17885      
# span 23 =         23,         48      
# span 24 = 0.0000e+00, 0.0000e+00      
# interval = decibars: 1                
# start_time = Dec 14 2021 13:32:28 [NMEA time, header]
# bad_flag = -9.990e-29
*END*
[from data line 522]
    277.000    274.116    -0.0598  28.740234    -0.0572  28.741190     5.5880     5.6702    -0.0197    91.0244 1.0000e-12  -64.17382  -61.98108 348.590766      99.97 4.0546e+02   2294.207      55062  1029.0270  1029.0255    34.5052    34.5036    8.05050         25 0.0000e+00
    276.000    273.129    -0.0576  28.741476    -0.0541  28.742895     5.5909     5.6631    -0.0182    91.0077 1.0000e-12  -64.17382  -61.98108 348.590778      99.97 4.0546e+02   2295.260      55087  1029.0219  1029.0200    34.5051    34.5030    8.05006         25 0.0000e+00
    275.000    272.139    -0.0556  28.742461    -0.0518  28.744178     5.5927     5.6603    -0.0260    91.0282 1.0000e-12  -64.17382  -61.98108 348.590791      99.97 4.0546e+02   2296.346      55113  1029.0167  1029.0148    34.5046    34.5027    8.04965         27 0.0000e+00
    274.000    271.150    -0.0528  28.743931    -0.0500  28.745012     5.5910     5.6615    -0.0247    91.0276 1.0000e-12  -64.17382  -61.98109 348.590804      99.97 4.0540e+02   2297.499      55141  1029.0113  1029.0097    34.5041    34.5023    8.04910         29 0.0000e+00
    273.000    270.162    -0.0521  28.743993    -0.0481  28.745970     5.5827     5.6602    -0.0160    91.0339 1.0000e-12  -64.17382  -61.98110 348.590819      99.97 4.0411e+02   2298.733      55171  1029.0064  1029.0047    34.5040    34.5021    8.04896         30 0.0000e+00
    272.000    269.172    -0.0448  28.748950    -0.0413  28.750718     5.5729     5.6487    -0.0142    91.0194 1.0000e-12  -64.17382  -61.98110 348.590833      99.97 4.0370e+02   2299.970      55200  1029.0003  1028.9987    34.5029    34.5013    8.04748         29 0.0000e+00
    271.000    268.184    -0.0375  28.754522    -0.0290  28.760265     5.5731     5.6502    -0.0052    91.0345 1.0000e-12  -64.17382  -61.98110 348.590847      99.97 4.0370e+02   2301.194      55230  1028.9948  1028.9925    34.5027    34.5007    8.04596         31 0.0000e+00
    270.000    267.196    -0.0355  28.756239    -0.0224  28.765381     5.5733     5.6475    -0.0077    91.0516 1.0000e-12  -64.17382  -61.98110 348.590862      99.97 4.0333e+02   2302.473      55260  1028.9904  1028.9873    34.5033    34.5006    8.04551         29 0.0000e+00
    269.000    266.204    -0.0278  28.761301    -0.0224  28.765313     5.5656     5.6437    -0.0160    91.0355 1.0000e-12  -64.17382  -61.98110 348.590877      99.97 4.0194e+02   2303.771      55292  1028.9841  1028.9831    34.5020    34.5012    8.04397         30 0.0000e+00
    268.000    265.218    -0.0176  28.768931    -0.0152  28.769897     5.5670     5.6436    -0.0197    91.0154 1.0000e-12  -64.17382  -61.98110 348.590891      99.97 4.0194e+02   2304.977      55320  1028.9779  1028.9767    34.5012    34.4998    8.04187         28 0.0000e+00
    267.000    264.228    -0.0160  28.770169    -0.0115  28.772536     5.5550     5.6425    -0.0215    91.0433 1.0000e-12  -64.17382  -61.98110 348.590904      99.97 4.0194e+02   2306.094      55347  1028.9735  1028.9717    34.5016    34.4997    8.04151         26 0.0000e+00
    266.000    263.238    -0.0107  28.773580    -0.0093  28.773753     5.5637     5.6408    -0.0172    91.0402 1.0000e-12  -64.17382  -61.98112 348.590916      99.97 4.0194e+02   2307.159      55373  1028.9677  1028.9666    34.5007    34.4994    8.04044         23 0.0000e+00
    265.000    262.249    -0.0094  28.773980    -0.0075  28.774566     5.5639     5.6432    -0.0137    91.0375 1.0000e-12  -64.17382  -61.98112 348.590929      99.97 4.0050e+02   2308.270      55399  1028.9627  1028.9615    34.5004    34.4990    8.04019         28 0.0000e+00
    264.000    261.260    -0.0085  28.774409    -0.0008  28.779381     5.5578     5.6343    -0.0150    91.0463 1.0000e-12  -64.17382  -61.98112 348.590943      99.97 4.0017e+02   2309.495      55429  1028.9581  1028.9559    34.5006    34.4985    8.03999         29 0.0000e+00
    263.000    260.271    -0.0009  28.780186     0.0053  28.784481     5.5420     5.6220    -0.0150    91.0257 1.0000e-12  -64.17383  -61.98112 348.590958      99.97 4.0017e+02   2310.781      55460  1028.9526  1028.9512    34.5003    34.4990    8.03841         31 0.0000e+00
    262.000    259.283     0.0109  28.789462     0.0165  28.792781     5.5467     5.6234    -0.0147    91.0465 1.0000e-12  -64.17384  -61.98112 348.590973      99.97 4.0017e+02   2312.053      55490  1028.9466  1028.9448    34.4999    34.4980    8.03596         30 0.0000e+00
    261.000    258.294     0.0166  28.794017     0.0188  28.794844     5.5524     5.6174    -0.0066    91.0349 1.0000e-12  -64.17384  -61.98112 348.590987      99.97 3.9844e+02   2313.248      55519  1028.9417  1028.9405    34.5001    34.4987    8.03475         28 0.0000e+00
    260.000    257.304     0.0141  28.791438     0.0223  28.796860     5.5361     5.6187    -0.0061    91.0347 1.0000e-12  -64.17384  -61.98112 348.591000      99.97 3.9841e+02   2314.426      55547  1028.9373  1028.9351    34.5001    34.4980    8.03528         28 0.0000e+00
    259.000    256.316     0.0180  28.793462     0.0253  28.798740     5.5289     5.6167    -0.0133    91.0347 1.0000e-12  -64.17384  -61.98114 348.591014      99.97 3.9841e+02   2315.610      55576  1028.9314  1028.9299    34.4990    34.4977    8.03452         26 0.0000e+00
    258.000    255.326     0.0272  28.800942     0.0286  28.800980     5.5278     5.6158    -0.0135    91.0310 1.0000e-12  -64.17384  -61.98114 348.591028      99.97 3.9841e+02   2316.799      55604  1028.9262  1028.9250    34.4992    34.4977    8.03259         29 0.0000e+00
    257.000    254.340     0.0278  28.800873     0.0299  28.801644     5.5283     5.6049    -0.0161    91.0212 1.0000e-12  -64.17384  -61.98114 348.591041      99.97 3.9690e+02   2317.982      55633  1028.9213  1028.9202    34.4990    34.4977    8.03247         27 0.0000e+00
    256.000    253.348     0.0288  28.801397     0.0329  28.803650     5.5279     5.5995    -0.0187    91.0346 1.0000e-12  -64.17384  -61.98114 348.591055      99.97 3.9665e+02   2319.181      55661  1028.9167  1028.9152    34.4991    34.4976    8.03225         28 0.0000e+00
    255.000    252.360     0.0328  28.803976     0.0412  28.810122     5.5193     5.5972    -0.0136    91.0291 1.0000e-12  -64.17384  -61.98114 348.591069      99.97 3.9665e+02   2320.366      55690  1028.9114  1028.9097    34.4987    34.4973    8.03144         28 0.0000e+00
    254.000    251.370     0.0409  28.810858     0.0541  28.821115     5.5120     5.5791    -0.0145    91.0199 1.0000e-12  -64.17384  -61.98114 348.591082      99.97 3.9665e+02   2321.525      55718  1028.9065  1028.9045    34.4993    34.4980    8.02971         28 0.0000e+00
    253.000    250.381     0.0541  28.821104     0.0760  28.839745     5.4969     5.5665    -0.0087    91.0274 1.0000e-12  -64.17384  -61.98114 348.591096      99.97 3.9627e+02   2322.698      55746  1028.9002  1028.8984    34.4986    34.4986    8.02699         28 0.0000e+00
    252.000    249.392     0.0703  28.835916     0.0969  28.858553     5.4905     5.5524    -0.0116    91.0252 1.0000e-12  -64.17384  -61.98114 348.591110      99.97 3.9489e+02   2323.893      55774  1028.8958  1028.8937    34.5005    34.5005    8.02348         30 0.0000e+00
    251.000    248.403     0.0826  28.847147     0.1079  28.868327     5.4825     5.5512    -0.0062    91.0338 1.0000e-12  -64.17384  -61.98116 348.591124      99.97 3.9489e+02   2325.119      55804  1028.8916  1028.8893    34.5022    34.5017    8.02083         29 0.0000e+00
    250.000    247.414     0.0856  28.848209     0.1226  28.880861     5.4829     5.5434    -0.0062    91.0141 1.0000e-12  -64.17384  -61.98116 348.591138      99.97 3.9489e+02   2326.354      55833  1028.8856  1028.8840    34.5008    34.5023    8.02027         30 0.0000e+00
    249.000    246.426     0.0999  28.859761     0.1156  28.874191     5.4568     5.5386    -0.0058    91.0252 1.0000e-12  -64.17384  -61.98116 348.591153      99.97 3.9489e+02   2327.597      55863  1028.8797  1028.8799    34.5006    34.5020    8.01730         30 0.0000e+00
    248.000    245.435     0.1098  28.869264     0.1363  28.890687     5.4396     5.5243    -0.0087    90.9851 1.0000e-12  -64.17384  -61.98116 348.591167      99.97 3.9489e+02   2328.809      55892  1028.8759  1028.8728    34.5026    34.5011    8.01512         28 0.0000e+00
    247.000    244.448     0.1364  28.891748     0.1497  28.902239     5.4285     5.5125    -0.0103    90.9609 1.0000e-12  -64.17384  -61.98116 348.591180      99.97 3.9432e+02   2329.990      55921  1028.8694  1028.8678    34.5030    34.5019    8.00954         28 0.0000e+00
    246.000    243.457     0.1555  28.908608     0.1697  28.919385     5.4201     5.4982    -0.0066    91.0079 1.0000e-12  -64.17384  -61.98116 348.591194      99.97 3.9338e+02   2331.124      55948  1028.8643  1028.8622    34.5043    34.5027    8.00548         27 0.0000e+00
    245.000    242.469     0.1608  28.912050     0.1832  28.931101     5.4027     5.4884    -0.0134    91.0107 1.0000e-12  -64.17384  -61.98116 348.591207      99.97 3.9331e+02   2332.264      55975  1028.8588  1028.8573    34.5036    34.5035    8.00443         28 0.0000e+00
    244.000    241.480     0.1710  28.921056     0.1977  28.943371     5.3907     5.4869    -0.0085    91.0037 1.0000e-12  -64.17384  -61.98116 348.591220      99.97 3.9312e+02   2333.447      56004  1028.8543  1028.8520    34.5046    34.5040    8.00225         29 0.0000e+00
    243.000    240.490     0.1955  28.941574     0.2008  28.945852     5.3862     5.4835    -0.0087    90.9260 1.0000e-12  -64.17385  -61.98117 348.591234      99.97 3.9312e+02   2334.659      56033  1028.8478  1028.8476    34.5047    34.5044    7.99714         29 0.0000e+00
    242.000    239.503     0.1959  28.941461     0.2031  28.946867     5.3875     5.4911    -0.0128    90.9120 1.0000e-12  -64.17386  -61.98117 348.591249      99.97 3.9312e+02   2335.885      56062  1028.8435  1028.8424    34.5048    34.5038    7.99707         29 0.0000e+00
    241.000    238.511     0.2014  28.946200     0.2009  28.944670     5.4103     5.4873     0.0000    91.0066 1.0000e-12  -64.17386  -61.98118 348.591263      99.97 3.9312e+02   2337.097      56091  1028.8391  1028.8383    34.5054    34.5039    7.99588         30 0.0000e+00
    240.000    237.524     0.1920  28.937894     0.1985  28.941523     5.4244     5.4926    -0.0136    90.9922 1.0000e-12  -64.17386  -61.98118 348.591279      99.97 3.9312e+02   2338.484      56125  1028.8357  1028.8333    34.5057    34.5031    7.99783         35 0.0000e+00
    239.000    236.535     0.1885  28.932162     0.1951  28.939101     5.4156     5.5056    -0.0163    90.9943 1.0000e-12  -64.17386  -61.98118 348.591297      99.97 3.9312e+02   2340.085      56163  1028.8290  1028.8301    34.5026    34.5043    7.99872         39 0.0000e+00
    238.000    235.545     0.1945  28.937677     0.1791  28.923612     5.4133     5.4999    -0.0020    90.9943 1.0000e-12  -64.17386  -61.98118 348.591318      99.97 3.9312e+02   2341.842      56205  1028.8248  1028.8255    34.5037    34.5025    7.99741         37 0.0000e+00
    237.000    234.555     0.1924  28.935002     0.1902  28.931923     5.4161     5.5048    -0.0006    91.0061 1.0000e-12  -64.17386  -61.98118 348.591338      99.97 3.9243e+02   2343.583      56247  1028.8200  1028.8190    34.5032    34.5016    7.99788         38 0.0000e+00
    236.000    233.567     0.1943  28.936115     0.1909  28.931627     5.4263     5.5036    -0.0055    90.9896 1.0000e-12  -64.17386  -61.98118 348.591357      99.97 3.9158e+02   2345.234      56287  1028.8152  1028.8138    34.5031    34.5010    7.99749         40 0.0000e+00
    235.000    232.578     0.1922  28.932896     0.1914  28.930803     5.4412     5.5007    -0.0038    90.9804 1.0000e-12  -64.17386  -61.98118 348.591376      99.97 3.9136e+02   2346.864      56326  1028.8097  1028.8083    34.5018    34.5000    7.99800         38 0.0000e+00
    234.000    231.589     0.1917  28.930788     0.1915  28.929886     5.4353     5.5054     0.0014    90.9680 1.0000e-12  -64.17386  -61.98118 348.591394      99.97 3.9136e+02   2348.451      56364  1028.8038  1028.8030    34.5002    34.4992    7.99819         39 0.0000e+00
    233.000    230.599     0.1901  28.928227     0.1901  28.927651     5.4374     5.5106    -0.0044    90.9773 1.0000e-12  -64.17386  -61.98118 348.591412      99.97 3.9136e+02   2350.037      56402  1028.7984  1028.7978    34.4992    34.4984    7.99858         35 0.0000e+00
    232.000    229.610     0.1884  28.925976     0.1875  28.924411     5.4341     5.5148     0.0031    90.9939 1.0000e-12  -64.17386  -61.98118 348.591432      99.97 3.9136e+02   2351.728      56442  1028.7935  1028.7928    34.4988    34.4977    7.99896         39 0.0000e+00
    231.000    228.621     0.1865  28.923938     0.1865  28.923097     5.4408     5.5149    -0.0011    91.0087 1.0000e-12  -64.17386  -61.98118 348.591452      99.97 3.9136e+02   2353.437      56483  1028.7890  1028.7881    34.4988    34.4977    7.99935         41 0.0000e+00
    230.000    227.631     0.1824  28.920295     0.1792  28.915198     5.4644     5.5233    -0.0042    91.0030 1.0000e-12  -64.17386  -61.98118 348.591472      99.97 3.9136e+02   2355.162      56525  1028.7849  1028.7827    34.4992    34.4961    8.00017         34 0.0000e+00
    229.000    226.643     0.1620  28.899394     0.1751  28.911215     5.4869     5.5512     0.0009    90.9864 1.0000e-12  -64.17386  -61.98118 348.591491      99.97 3.9136e+02   2356.845      56565  1028.7786  1028.7782    34.4951    34.4960    8.00465         39 0.0000e+00
    228.000    225.654     0.1538  28.890801     0.1503  28.886756     5.4883     5.5588     0.0028    90.9935 1.0000e-12  -64.17386  -61.98118 348.591509      99.97 3.9136e+02   2358.404      56603  1028.7732  1028.7725    34.4936    34.4922    8.00644         32 0.0000e+00
    227.000    224.664     0.1557  28.891336     0.1417  28.876825     5.4747     5.5809     0.0037    90.9801 1.0000e-12  -64.17386  -61.98119 348.591527      99.97 3.9136e+02   2359.939      56640  1028.7675  1028.7660    34.4927    34.4894    8.00609         39 0.0000e+00
    226.000    223.676     0.1557  28.890748     0.1297  28.866204     5.5502     5.6003     0.0166    90.9891 1.0000e-12  -64.17386  -61.98120 348.591547      99.97 3.9136e+02   2361.674      56681  1028.7627  1028.7621    34.4926    34.4894    8.00611         39 0.0000e+00
    225.000    222.687     0.0983  28.837554     0.1155  28.849843     5.6225     5.6548    -0.0059    91.0063 1.0000e-12  -64.17386  -61.98120 348.591567      99.97 3.9136e+02   2363.383      56722  1028.7585  1028.7545    34.4874    34.4844    8.01837         39 0.0000e+00
    224.000    221.697     0.0634  28.803030     0.0391  28.782148     5.5945     5.7117    -0.0019    91.0082 1.0000e-12  -64.17386  -61.98120 348.591587      99.97 3.9136e+02   2365.076      56763  1028.7515  1028.7534    34.4817    34.4813    8.02599         41 0.0000e+00
    223.000    220.707     0.0763  28.820964    -0.0039  28.736550     5.5725     5.6972    -0.0029    90.9836 1.0000e-12  -64.17386  -61.98120 348.591611      99.97 3.9136e+02   2367.191      56814  1028.7530  1028.7424    34.4915    34.4700    8.02274         48 0.0000e+00
    222.000    219.721     0.0389  28.779491     0.0131  28.752361     5.7073     5.7265     0.0075    90.9900 1.0000e-12  -64.17386  -61.98120 348.591637      99.97 3.9136e+02   2369.420      56867  1028.7414  1028.7378    34.4793    34.4724    8.03127         41 0.0000e+00
    221.000    218.730    -0.0203  28.722269    -0.0167  28.724414     5.6859     5.7245     0.0074    91.0049 1.0000e-12  -64.17386  -61.98120 348.591662      99.97 3.9136e+02   2371.555      56918  1028.7342  1028.7322    34.4707    34.4695    8.04415         35 0.0000e+00
