NBP2113_155081_ctd/data/unbp2113_006.cnv
* Sea-Bird SBE 9 Data File:
* FileName = D:\Data\raw\NBP2113_006.hex
* Software Version Seasave V 7.26.7.121
* Temperature SN = 2438
* Conductivity SN = 2067
* Number of Bytes Per Scan = 40
* Number of Voltage Words = 5
* Number of Scans Averaged by the Deck Unit = 1
* NMEA Latitude = 64 34.93 S
* NMEA Longitude = 064 20.17 W
* NMEA UTC (Time) = Nov 24 2021  19:52:36
* NMEA baud rate = 9600
** Ship: RVIB N.B. Palmer
** Cruise: NBP2113 LTER
** Station: 625.073
** Operator: S.Blackman
# nquan = 25
# nvalues = 198                         
# units = specified
# name 0 = prDM: Pressure, Digiquartz [db]
# name 1 = depSM: Depth [salt water, m]
# name 2 = t090C: Temperature [ITS-90, deg C]
# name 3 = c0mS/cm: Conductivity [mS/cm]
# name 4 = t190C: Temperature, 2 [ITS-90, deg C]
# name 5 = c1mS/cm: Conductivity, 2 [mS/cm]
# name 6 = sbeox0ML/L: Oxygen, SBE 43 [ml/l]
# name 7 = sbeox1ML/L: Oxygen, SBE 43, 2 [ml/l]
# name 8 = flECO-AFL: Fluorescence, WET Labs ECO-AFL/FL [mg/m^3]
# name 9 = CStarTr0: Beam Transmission, WET Labs C-Star [%]
# name 10 = par: PAR/Irradiance, Biospherical/Licor
# name 11 = latitude: Latitude [deg]
# name 12 = longitude: Longitude [deg]
# name 13 = timeJ: Julian Days
# name 14 = altM: Altimeter [m]
# name 15 = spar: SPAR, Biospherical/Licor
# name 16 = timeS: Time, Elapsed [seconds]
# name 17 = scan: Scan Count
# name 18 = density00: Density [density, kg/m^3]
# name 19 = density11: Density, 2 [density, kg/m^3]
# name 20 = sal00: Salinity, Practical [PSU]
# name 21 = sal11: Salinity, Practical, 2 [PSU]
# name 22 = oxsolML/L: Oxygen Saturation, Garcia & Gordon [ml/l]
# name 23 = nbin: number of scans per bin
# name 24 = flag: flag
# span 0 =      1.000,    198.000       
# span 1 =      0.993,    195.971       
# span 2 =    -0.0394,     1.0105       
# span 3 =  28.372670,  29.663720       
# span 4 =    -0.0413,     1.0102       
# span 5 =  28.371392,  29.662082       
# span 6 =     4.8333,     7.5985       
# span 7 =     4.7981,     7.4358       
# span 8 =     0.0300,     0.9418       
# span 9 =    92.5500,    97.3907       
# span 10 = 1.0000e-12, 7.0859e+02      
# span 11 =  -64.58208,  -64.58194      
# span 12 =  -64.33790,  -64.33719      
# span 13 = 328.837958, 328.840902      
# span 14 =       9.32,     121.58      
# span 15 = 3.7697e+02, 4.0726e+02      
# span 16 =    843.566,   1097.937      
# span 17 =      20247,      26351      
# span 18 =  1027.4249,  1028.6308      
# span 19 =  1027.4223,  1028.6292      
# span 20 =    34.1479,    34.5647      
# span 21 =    34.1432,    34.5627      
# span 22 =    7.82748,    8.06618      
# span 23 =         19,         44      
# span 24 = 0.0000e+00, 0.0000e+00      
# interval = decibars: 1                
# start_time = Nov 24 2021 19:52:36 [NMEA time, header]
# bad_flag = -9.990e-29
*END*
[from data line 116]
     82.000     81.182     0.3172  28.856779     0.3172  28.855268     6.1399     6.0486     0.3455    95.9872 7.7827e-01  -64.58198  -64.33772 328.839597      99.97 3.9606e+02    985.162      23645  1027.9573  1027.9557    34.3537    34.3516    7.98033         24 0.0000e+00
     81.000     80.194     0.3173  28.856552     0.3160  28.853426     6.1509     6.0545     0.3224    96.0043 8.2305e-01  -64.58198  -64.33772 328.839608      99.97 3.9490e+02    986.120      23668  1027.9527  1027.9507    34.3538    34.3512    7.98029         23 0.0000e+00
     80.000     79.201     0.3164  28.855053     0.3138  28.850637     6.1429     6.0590     0.3075    96.0064 8.7162e-01  -64.58198  -64.33774 328.839619      99.97 3.9489e+02    987.110      23692  1027.9477  1027.9456    34.3535    34.3506    7.98050         25 0.0000e+00
     79.000     78.213     0.3162  28.854145     0.3116  28.847800     6.1569     6.0586     0.3187    95.9964 9.2079e-01  -64.58198  -64.33774 328.839633      99.98 3.9489e+02    988.303      23720  1027.9427  1027.9405    34.3532    34.3500    7.98057         32 0.0000e+00
     78.000     77.223     0.3119  28.849175     0.3124  28.848262     6.1699     6.0683     0.3377    95.9789 9.6735e-01  -64.58198  -64.33774 328.839649      99.98 3.9489e+02    989.680      23753  1027.9373  1027.9359    34.3520    34.3503    7.98151         31 0.0000e+00
     77.000     76.233     0.3051  28.840975     0.3116  28.846658     6.1717     6.0853     0.3958    95.9344 1.0196e+00  -64.58198  -64.33774 328.839664      99.98 3.9489e+02    990.978      23784  1027.9311  1027.9306    34.3494    34.3496    7.98307         29 0.0000e+00
     76.000     75.243     0.3024  28.837494     0.3020  28.835300     6.1886     6.0966     0.3701    95.9122 1.0803e+00  -64.58198  -64.33774 328.839678      99.97 3.9489e+02    992.158      23813  1027.9258  1027.9239    34.3485    34.3460    7.98369         28 0.0000e+00
     75.000     74.254     0.2979  28.832148     0.2914  28.822870     6.2214     6.1011     0.3300    95.9728 1.1503e+00  -64.58198  -64.33774 328.839692      99.97 3.9489e+02    993.374      23842  1027.9202  1027.9168    34.3471    34.3422    7.98469         31 0.0000e+00
     74.000     73.263     0.2930  28.826335     0.2952  28.826871     6.2147     6.1090     0.3481    95.8997 1.2246e+00  -64.58198  -64.33774 328.839708      99.97 3.9364e+02    994.732      23875  1027.9145  1027.9129    34.3455    34.3438    7.98580         34 0.0000e+00
     73.000     72.274     0.2860  28.816673     0.2973  28.828146     6.2546     6.1422     0.3617    95.9337 1.2968e+00  -64.58198  -64.33774 328.839723      99.97 3.9311e+02    996.083      23907  1027.9069  1027.9079    34.3413    34.3437    7.98750         30 0.0000e+00
     72.000     71.285     0.2812  28.811077     0.2877  28.816845     6.2952     6.1874     0.3451    95.9009 1.3676e+00  -64.58198  -64.33776 328.839736      99.97 3.9312e+02    997.228      23934  1027.9012  1027.9010    34.3398    34.3401    7.98856         25 0.0000e+00
     71.000     70.293     0.2713  28.798471     0.2638  28.788146     6.2659     6.2163     0.3355    95.8674 1.4389e+00  -64.58198  -64.33776 328.839748      99.97 3.9312e+02    998.221      23958  1027.8933  1027.8898    34.3349    34.3297    7.99089         23 0.0000e+00
     70.000     69.304     0.2629  28.788596     0.2476  28.768624     6.2744     6.2414     0.3504    95.8247 1.5164e+00  -64.58198  -64.33776 328.839759      99.97 3.9312e+02    999.194      23982  1027.8867  1027.8807    34.3319    34.3228    7.99281         23 0.0000e+00
     69.000     68.314     0.2682  28.796441     0.2369  28.756232     6.2929     6.2273     0.3864    95.6880 1.5950e+00  -64.58198  -64.33774 328.839772      99.97 3.9312e+02   1000.291      24008  1027.8854  1027.8735    34.3369    34.3189    7.99142         28 0.0000e+00
     68.000     67.324     0.2658  28.790583     0.2405  28.759847     6.3528     6.2248     0.4402    95.6191 1.6813e+00  -64.58198  -64.33775 328.839788      99.97 3.9312e+02   1001.696      24042  1027.8772  1027.8693    34.3325    34.3202    7.99217         40 0.0000e+00
     67.000     66.335     0.2398  28.760272     0.2515  28.771665     6.4403     6.2747     0.4040    95.5870 1.7807e+00  -64.58198  -64.33776 328.839807      99.97 3.9312e+02   1003.330      24081  1027.8662  1027.8666    34.3223    34.3242    7.99815         36 0.0000e+00
     66.000     65.344     0.2152  28.730913     0.2156  28.729696     6.4422     6.3255     0.4113    95.5171 1.8911e+00  -64.58198  -64.33776 328.839823      99.97 3.9132e+02   1004.697      24114  1027.8548  1027.8529    34.3117    34.3096    8.00386         29 0.0000e+00
     65.000     64.355     0.2110  28.724926     0.2052  28.716812     6.4335     6.3447     0.3942    95.5600 2.0138e+00  -64.58198  -64.33776 328.839836      99.97 3.9136e+02   1005.822      24141  1027.8480  1027.8450    34.3090    34.3049    8.00487         26 0.0000e+00
     64.000     63.365     0.2136  28.727364     0.1935  28.703169     6.4706     6.3492     0.4011    95.4909 2.1457e+00  -64.58198  -64.33777 328.839848      99.97 3.9136e+02   1006.887      24166  1027.8436  1027.8375    34.3100    34.3006    8.00428         26 0.0000e+00
     63.000     62.374     0.1985  28.710158     0.1940  28.703255     6.4788     6.3565     0.4146    95.3996 2.2746e+00  -64.58198  -64.33777 328.839861      99.97 3.9136e+02   1007.990      24193  1027.8357  1027.8326    34.3047    34.3006    8.00771         27 0.0000e+00
     62.000     61.385     0.1952  28.706165     0.1858  28.692998     6.5001     6.3681     0.4561    95.3232 2.3908e+00  -64.58198  -64.33778 328.839875      99.97 3.9136e+02   1009.182      24221  1027.8302  1027.8253    34.3038    34.2969    8.00846         30 0.0000e+00
     61.000     60.395     0.1895  28.697699     0.1902  28.697329     6.5161     6.3859     0.4812    95.3994 2.4986e+00  -64.58198  -64.33776 328.839889      99.97 3.9136e+02   1010.426      24251  1027.8223  1027.8211    34.2996    34.2984    8.00987         30 0.0000e+00
     60.000     59.405     0.1809  28.688044     0.1790  28.684103     6.5123     6.4024     0.4592    95.3714 2.6261e+00  -64.58198  -64.33777 328.839904      99.97 3.9136e+02   1011.711      24282  1027.8160  1027.8136    34.2970    34.2940    8.01181         31 0.0000e+00
     59.000     58.416     0.1775  28.682811     0.1741  28.677630     6.5283     6.4107     0.5073    95.2566 2.7804e+00  -64.58198  -64.33777 328.839920      99.97 3.9114e+02   1013.053      24314  1027.8093  1027.8071    34.2946    34.2916    8.01266         33 0.0000e+00
     58.000     57.425     0.1724  28.676426     0.1713  28.673693     6.5328     6.4245     0.5066    95.2845 2.9566e+00  -64.58198  -64.33776 328.839935      99.97 3.8970e+02   1014.367      24346  1027.8031  1027.8012    34.2924    34.2901    8.01384         30 0.0000e+00
     57.000     56.434     0.1704  28.673921     0.1677  28.668964     6.5195     6.4351     0.4873    95.2045 3.1426e+00  -64.58196  -64.33778 328.839948      99.97 3.8960e+02   1015.538      24374  1027.7980  1027.7953    34.2920    34.2885    8.01428         27 0.0000e+00
     56.000     55.446     0.1664  28.668708     0.1618  28.661945     6.5586     6.4334     0.4723    95.2276 3.3473e+00  -64.58196  -64.33779 328.839961      99.97 3.8960e+02   1016.634      24400  1027.7920  1027.7892    34.2902    34.2865    8.01523         26 0.0000e+00
     55.000     54.456     0.1614  28.662687     0.1607  28.660379     6.5348     6.4376     0.4685    95.2214 3.5619e+00  -64.58196  -64.33779 328.839974      99.97 3.8960e+02   1017.747      24427  1027.7861  1027.7842    34.2885    34.2862    8.01637         27 0.0000e+00
     54.000     53.465     0.1617  28.663108     0.1602  28.659637     6.5099     6.4383     0.4873    95.2132 3.7704e+00  -64.58196  -64.33779 328.839988      99.97 3.8960e+02   1018.963      24456  1027.7818  1027.7794    34.2892    34.2863    8.01625         29 0.0000e+00
     53.000     52.475     0.1732  28.675067     0.1615  28.660715     6.5284     6.4439     0.5320    95.2312 3.9659e+00  -64.58196  -64.33780 328.840003      99.97 3.8960e+02   1020.283      24488  1027.7788  1027.7750    34.2928    34.2870    8.01365         32 0.0000e+00
     52.000     51.485     0.1605  28.660471     0.1586  28.656732     6.5430     6.4535     0.5415    95.2143 4.1693e+00  -64.58196  -64.33780 328.840018      99.97 3.8943e+02   1021.594      24519  1027.7715  1027.7692    34.2883    34.2855    8.01656         31 0.0000e+00
     51.000     50.496     0.1587  28.658115     0.1563  28.653514     6.5493     6.4609     0.5312    95.1806 4.4102e+00  -64.58196  -64.33780 328.840033      99.97 3.8869e+02   1022.826      24549  1027.7664  1027.7637    34.2879    34.2845    8.01696         29 0.0000e+00
     50.000     49.505     0.1569  28.655324     0.1539  28.650251     6.5486     6.4602     0.5279    95.1645 4.6649e+00  -64.58196  -64.33780 328.840047      99.97 3.8784e+02   1024.034      24578  1027.7608  1027.7583    34.2868    34.2835    8.01740         29 0.0000e+00
     49.000     48.515     0.1557  28.653555     0.1541  28.650021     6.5803     6.4709     0.5223    95.2076 4.9386e+00  -64.58196  -64.33780 328.840061      99.97 3.8783e+02   1025.242      24607  1027.7557  1027.7535    34.2864    34.2835    8.01767         29 0.0000e+00
     48.000     47.525     0.1532  28.650282     0.1520  28.647225     6.5805     6.4834     0.5072    95.1514 5.2456e+00  -64.58196  -64.33780 328.840075      99.97 3.8783e+02   1026.450      24636  1027.7503  1027.7482    34.2854    34.2828    8.01824         29 0.0000e+00
     47.000     46.536     0.1523  28.648769     0.1470  28.640698     6.5939     6.5243     0.5178    95.1509 5.5841e+00  -64.58196  -64.33780 328.840088      99.97 3.8783e+02   1027.638      24664  1027.7453  1027.7418    34.2851    34.2803    8.01845         28 0.0000e+00
     46.000     45.545     0.1476  28.642716     0.1392  28.630669     6.6945     6.5821     0.5248    95.1493 5.9460e+00  -64.58196  -64.33780 328.840102      99.97 3.8783e+02   1028.824      24693  1027.7391  1027.7344    34.2829    34.2764    8.01955         29 0.0000e+00
     45.000     44.556     0.1281  28.618556     0.1127  28.598109     6.7177     6.6471     0.5320    95.0742 6.3096e+00  -64.58196  -64.33780 328.840117      99.97 3.8783e+02   1030.072      24723  1027.7283  1027.7215    34.2735    34.2637    8.02417         30 0.0000e+00
     44.000     43.565     0.1166  28.605157     0.0900  28.570178     6.7602     6.6936     0.5711    94.9037 6.6691e+00  -64.58196  -64.33782 328.840131      99.97 3.8783e+02   1031.347      24753  1027.7208  1027.7096    34.2692    34.2528    8.02680         30 0.0000e+00
     43.000     42.575     0.1034  28.587155     0.0750  28.551768     6.8405     6.7203     0.5582    94.8769 7.0569e+00  -64.58196  -64.33780 328.840145      99.97 3.8783e+02   1032.496      24781  1027.7102  1027.7001    34.2608    34.2458    8.03004         26 0.0000e+00
     42.000     41.585     0.0882  28.569105     0.0679  28.542283     6.8076     6.7264     0.5628    94.8734 7.4793e+00  -64.58196  -64.33780 328.840157      99.97 3.8625e+02   1033.556      24806  1027.7014  1027.6924    34.2546    34.2418    8.03358         26 0.0000e+00
     41.000     40.595     0.0813  28.560213     0.0655  28.539483     6.7743     6.7432     0.6498    94.6716 7.9424e+00  -64.58196  -64.33780 328.840171      99.97 3.8607e+02   1034.764      24835  1027.6942  1027.6872    34.2511    34.2413    8.03521         33 0.0000e+00
     40.000     39.606     0.1022  28.584837     0.0630  28.535447     6.8291     6.7588     0.6448    94.5094 8.4582e+00  -64.58196  -64.33780 328.840188      99.97 3.8607e+02   1036.270      24871  1027.6954  1027.6809    34.2609    34.2394    8.03029         37 0.0000e+00
     39.000     38.615     0.0702  28.544473     0.0616  28.533207     6.9905     6.8479     0.6566    94.4705 9.0200e+00  -64.58196  -64.33782 328.840204      99.97 3.8607e+02   1037.633      24904  1027.6794  1027.6753    34.2439    34.2386    8.03795         28 0.0000e+00
     38.000     37.625     0.0596  28.530283     0.0528  28.518790     7.1122     6.9214     0.6258    94.4755 9.6107e+00  -64.58196  -64.33782 328.840217      99.97 3.8607e+02   1038.706      24930  1027.6702  1027.6642    34.2376    34.2300    8.04053         24 0.0000e+00
     37.000     36.635     0.0365  28.498977     0.0189  28.473725     7.1073     6.9477     0.6282    94.4037 1.0252e+01  -64.58196  -64.33782 328.840228      99.97 3.8607e+02   1039.710      24954  1027.6549  1027.6448    34.2225    34.2088    8.04621         25 0.0000e+00
     36.000     35.645     0.0181  28.473338     0.0082  28.459143     7.1267     6.9754     0.6596    94.2105 1.0894e+01  -64.58196  -64.33782 328.840241      99.97 3.8607e+02   1040.814      24981  1027.6411  1027.6351    34.2098    34.2020    8.05081         27 0.0000e+00
     35.000     34.655     0.0175  28.473357     0.0071  28.456996     7.1429     6.9854     0.7197    94.0522 1.1498e+01  -64.58196  -64.33782 328.840256      99.97 3.8491e+02   1042.091      25011  1027.6370  1027.6294    34.2111    34.2011    8.05085         32 0.0000e+00
     34.000     33.665     0.0094  28.461170     0.0014  28.449389     7.1558     7.0028     0.8198    93.9631 1.2164e+01  -64.58196  -64.33782 328.840271      99.97 3.8430e+02   1043.411      25043  1027.6274  1027.6223    34.2047    34.1979    8.05293         30 0.0000e+00
     33.000     32.675     0.0019  28.451335     0.0011  28.448712     7.2278     7.0526     0.7174    93.8777 1.3003e+01  -64.58196  -64.33782 328.840285      99.97 3.8431e+02   1044.626      25072  1027.6197  1027.6173    34.2006    34.1980    8.05473         29 0.0000e+00
     32.000     31.684    -0.0011  28.446079    -0.0093  28.433350     7.2520     7.0975     0.7105    93.7846 1.3928e+01  -64.58196  -64.33782 328.840299      99.97 3.8431e+02   1045.821      25101  1027.6125  1027.6066    34.1976    34.1899    8.05554         29 0.0000e+00
     31.000     30.694    -0.0179  28.423138    -0.0217  28.416206     7.3022     7.1538     0.7228    93.6971 1.4963e+01  -64.58196  -64.33782 328.840314      99.97 3.8431e+02   1047.092      25131  1027.5999  1027.5959    34.1865    34.1816    8.05969         31 0.0000e+00
     30.000     29.705    -0.0217  28.417082    -0.0255  28.410162     7.3362     7.2381     0.7545    93.5341 1.6000e+01  -64.58196  -64.33782 328.840328      99.97 3.8431e+02   1048.314      25161  1027.5926  1027.5886    34.1834    34.1784    8.06068         28 0.0000e+00
     29.000     28.715    -0.0298  28.405757    -0.0373  28.390790     7.4766     7.2997     0.7716    93.4720 1.7087e+01  -64.58196  -64.33784 328.840341      99.97 3.8431e+02   1049.447      25188  1027.5840  1027.5751    34.1780    34.1666    8.06268         27 0.0000e+00
     28.000     27.723    -0.0372  28.389399    -0.0413  28.380201     7.4207     7.3343     0.8243    93.2301 1.8331e+01  -64.58195  -64.33783 328.840354      99.97 3.8431e+02   1050.599      25215  1027.5692  1027.5631    34.1652    34.1576    8.06497         28 0.0000e+00
     27.000     26.735    -0.0359  28.390277    -0.0406  28.377970     7.4290     7.3668     0.8603    92.9633 1.9833e+01  -64.58195  -64.33784 328.840369      99.97 3.8420e+02   1051.876      25246  1027.5643  1027.5555    34.1655    34.1544    8.06468         33 0.0000e+00
     26.000     25.744    -0.0215  28.408340    -0.0402  28.375095     7.5707     7.3805     0.9418    92.8163 2.1437e+01  -64.58196  -64.33784 328.840384      99.97 3.8319e+02   1053.197      25278  1027.5651  1027.5476    34.1740    34.1508    8.06117         30 0.0000e+00
