NBP2113_155081_ctd/data/unbp2113_027.cnv
* Sea-Bird SBE 9 Data File:
* FileName = D:\Data\raw\NBP2113_027.hex
* Software Version Seasave V 7.26.7.121
* Temperature SN = 2438
* Conductivity SN = 2067
* Number of Bytes Per Scan = 40
* Number of Voltage Words = 5
* Number of Scans Averaged by the Deck Unit = 1
* NMEA Latitude = 68 01.82 S
* NMEA Longitude = 069 17.07 W
* NMEA UTC (Time) = Dec 04 2021  08:59:20
* NMEA baud rate = 9600
** Ship: RVIB N.B. Palmer
** Cruise: NBP2113 LTER
** Station: 200.-040
** Operator: B. Urmston
# nquan = 25
# nvalues = 428                         
# units = specified
# name 0 = prDM: Pressure, Digiquartz [db]
# name 1 = depSM: Depth [salt water, m]
# name 2 = t090C: Temperature [ITS-90, deg C]
# name 3 = c0mS/cm: Conductivity [mS/cm]
# name 4 = t190C: Temperature, 2 [ITS-90, deg C]
# name 5 = c1mS/cm: Conductivity, 2 [mS/cm]
# name 6 = sbeox0ML/L: Oxygen, SBE 43 [ml/l]
# name 7 = sbeox1ML/L: Oxygen, SBE 43, 2 [ml/l]
# name 8 = flECO-AFL: Fluorescence, WET Labs ECO-AFL/FL [mg/m^3]
# name 9 = CStarTr0: Beam Transmission, WET Labs C-Star [%]
# name 10 = par: PAR/Irradiance, Biospherical/Licor
# name 11 = latitude: Latitude [deg]
# name 12 = longitude: Longitude [deg]
# name 13 = timeJ: Julian Days
# name 14 = altM: Altimeter [m]
# name 15 = spar: SPAR, Biospherical/Licor
# name 16 = timeS: Time, Elapsed [seconds]
# name 17 = scan: Scan Count
# name 18 = density00: Density [density, kg/m^3]
# name 19 = density11: Density, 2 [density, kg/m^3]
# name 20 = sal00: Salinity, Practical [PSU]
# name 21 = sal11: Salinity, Practical, 2 [PSU]
# name 22 = oxsolML/L: Oxygen Saturation, Garcia & Gordon [ml/l]
# name 23 = nbin: number of scans per bin
# name 24 = flag: flag
# span 0 =      1.000,    428.000       
# span 1 =      0.990,    423.281       
# span 2 =    -1.1606,     1.3679       
# span 3 =  27.229793,  30.160630       
# span 4 =    -1.1648,     1.3680       
# span 5 =  27.229728,  30.159345       
# span 6 =     4.0084,     9.6185       
# span 7 =     4.0664,    10.1505       
# span 8 =    -0.0179,     2.2650       
# span 9 =    88.6782,    96.6807       
# span 10 = 1.0000e-12, 1.3894e+02      
# span 11 =  -68.03038,  -68.03008      
# span 12 =  -69.28466,  -69.28437      
# span 13 = 338.385657, 338.398510      
# span 14 =       3.59,     100.27      
# span 15 = 1.3917e+02, 1.4457e+02      
# span 16 =    960.772,   2071.290      
# span 17 =      23060,      49712      
# span 18 =  1027.1866,  1029.7734      
# span 19 =  1027.1855,  1029.7726      
# span 20 =    33.8056,    34.6755      
# span 21 =    33.8041,    34.6743      
# span 22 =    7.75048,    8.32648      
# span 23 =         17,         47      
# span 24 = 0.0000e+00, 0.0000e+00      
# interval = decibars: 1                
# start_time = Dec 04 2021 08:59:20 [NMEA time, header]
# bad_flag = -9.990e-29
*END*
[from data line 232]
    196.000    193.947    -0.2828  28.319195    -0.3000  28.301155     6.1744     6.1879     0.1137    95.5386 1.0000e-12  -68.03022  -69.28450 338.392041      99.97 1.4279e+02   1512.369      36298  1028.4464  1028.4439    34.2450    34.2401    8.11248         30 0.0000e+00
    195.000    192.958    -0.3119  28.289335    -0.3134  28.286586     6.2526     6.2348     0.1045    95.5400 1.0000e-12  -68.03022  -69.28450 338.392055      99.98 1.4279e+02   1513.580      36327  1028.4384  1028.4369    34.2383    34.2363    8.11905         29 0.0000e+00
    194.000    191.968    -0.3344  28.264265    -0.3486  28.248633     6.3412     6.2876     0.1113    95.5657 1.0000e-12  -68.03022  -69.28450 338.392069      99.97 1.4279e+02   1514.769      36355  1028.4292  1028.4262    34.2308    34.2258    8.12430         28 0.0000e+00
    193.000    190.980    -0.3831  28.212255    -0.3757  28.219554     6.3960     6.3317     0.1137    95.5555 1.0000e-12  -68.03022  -69.28450 338.392083      99.97 1.4279e+02   1515.946      36384  1028.4164  1028.4169    34.2166    34.2181    8.13551         28 0.0000e+00
    192.000    189.990    -0.4162  28.176625    -0.4169  28.174852     6.3923     6.3513     0.1134    95.5400 1.0000e-12  -68.03022  -69.28450 338.392096      99.97 1.4279e+02   1517.059      36410  1028.4059  1028.4045    34.2067    34.2051    8.14317         26 0.0000e+00
    191.000    189.002    -0.4345  28.157264    -0.4362  28.154570     6.3933     6.3711     0.1219    95.5123 1.0000e-12  -68.03022  -69.28450 338.392108      99.97 1.4279e+02   1518.163      36437  1028.3981  1028.3968    34.2019    34.2002    8.14736         27 0.0000e+00
    190.000    188.011    -0.4350  28.155759    -0.4400  28.150234     6.4002     6.3836     0.1701    95.4574 1.0000e-12  -68.03022  -69.28448 338.392122      99.97 1.4279e+02   1519.333      36465  1028.3923  1028.3912    34.2012    34.1994    8.14752         29 0.0000e+00
    189.000    187.024    -0.4434  28.147082    -0.4452  28.144538     6.3864     6.3909     0.1617    95.4553 1.0000e-12  -68.03022  -69.28448 338.392136      99.97 1.4279e+02   1520.548      36494  1028.3864  1028.3853    34.1995    34.1982    8.14941         28 0.0000e+00
    188.000    186.035    -0.4468  28.143185    -0.4463  28.142524     6.3725     6.3951     0.1651    95.4708 1.0000e-12  -68.03022  -69.28448 338.392149      99.97 1.4279e+02   1521.664      36521  1028.3809  1028.3796    34.1988    34.1973    8.15019         26 0.0000e+00
    187.000    185.045    -0.4487  28.140848    -0.4500  28.138799     6.3704     6.4063     0.1094    95.5214 1.0000e-12  -68.03022  -69.28448 338.392161      99.97 1.4279e+02   1522.736      36547  1028.3756  1028.3746    34.1984    34.1971    8.15061         26 0.0000e+00
    186.000    184.056    -0.4528  28.136425    -0.4567  28.131042     6.3799     6.4145     0.1220    95.5040 1.0000e-12  -68.03022  -69.28448 338.392175      99.97 1.4279e+02   1523.932      36575  1028.3702  1028.3683    34.1976    34.1949    8.15153         32 0.0000e+00
    185.000    183.067    -0.4511  28.137681    -0.4601  28.127106     6.3859     6.4191     0.1547    95.4794 1.0000e-12  -68.03022  -69.28448 338.392191      99.97 1.4279e+02   1525.289      36608  1028.3654  1028.3627    34.1981    34.1940    8.15115         31 0.0000e+00
    184.000    182.078    -0.4563  28.130920    -0.4628  28.123473     6.3945     6.4556     0.1568    95.5069 1.0000e-12  -68.03022  -69.28448 338.392206      99.97 1.4279e+02   1526.612      36640  1028.3587  1028.3569    34.1955    34.1928    8.15242         29 0.0000e+00
    183.000    181.090    -0.4672  28.119035    -0.4753  28.108913     6.5040     6.5013     0.1426    95.4833 1.0000e-12  -68.03022  -69.28448 338.392219      49.42 1.4279e+02   1527.723      36666  1028.3520  1028.3490    34.1923    34.1880    8.15493         24 0.0000e+00
    182.000    180.098    -0.4918  28.091741    -0.5077  28.074472     6.5281     6.4986     0.1402    95.5143 1.0000e-12  -68.03022  -69.28448 338.392230     100.27 1.4279e+02   1528.714      36690  1028.3422  1028.3391    34.1841    34.1787    8.16070         25 0.0000e+00
    181.000    179.111    -0.5219  28.060299    -0.5254  28.055486     6.4698     6.5269     0.1398    95.5464 1.0000e-12  -68.03022  -69.28448 338.392243      99.97 1.4279e+02   1529.810      36716  1028.3333  1028.3313    34.1764    34.1738    8.16763         29 0.0000e+00
    180.000    178.121    -0.4974  28.084044    -0.5169  28.066039     6.6057     6.6092     0.1796    95.4759 1.0000e-12  -68.03022  -69.28448 338.392260      99.97 1.4279e+02   1531.220      36750  1028.3301  1028.3297    34.1812    34.1790    8.16207         33 0.0000e+00
    179.000    177.133    -0.5561  28.023438    -0.5775  28.000498     6.7607     6.7017     0.1975    95.4301 1.0000e-12  -68.03022  -69.28448 338.392277      99.97 1.4279e+02   1532.708      36786  1028.3177  1028.3136    34.1665    34.1598    8.17557         31 0.0000e+00
    178.000    176.143    -0.6109  27.967424    -0.6119  27.965932     6.8452     6.7660     0.2282    95.4681 1.0000e-12  -68.03021  -69.28448 338.392290      99.97 1.4279e+02   1533.887      36814  1028.3061  1028.3053    34.1535    34.1527    8.18815         25 0.0000e+00
    177.000    175.156    -0.6347  27.942916    -0.6473  27.929512     6.8873     6.8066     0.1831    95.4796 1.0000e-12  -68.03020  -69.28448 338.392301      99.97 1.4279e+02   1534.834      36837  1028.2982  1028.2957    34.1480    34.1441    8.19364         21 0.0000e+00
    176.000    174.164    -0.6548  27.922247    -0.6591  27.916881     6.8777     6.8240     0.1541    95.5418 1.0000e-12  -68.03020  -69.28448 338.392311      99.97 1.4279e+02   1535.662      36857  1028.2907  1028.2889    34.1433    34.1410    8.19825         19 0.0000e+00
    175.000    173.175    -0.6641  27.912065    -0.6719  27.903178     6.8638     6.8305     0.1719    95.5476 1.0000e-12  -68.03020  -69.28448 338.392320      99.97 1.4279e+02   1536.456      36876  1028.2841  1028.2819    34.1407    34.1375    8.20042         19 0.0000e+00
    174.000    172.186    -0.6715  27.903676    -0.6809  27.892334     6.8562     6.8148     0.2177    95.5321 1.0000e-12  -68.03020  -69.28448 338.392331      99.97 1.4279e+02   1537.436      36899  1028.2775  1028.2742    34.1384    34.1337    8.20217         29 0.0000e+00
    173.000    171.197    -0.6596  27.916050    -0.6600  27.913873     6.8092     6.8238     0.2090    95.5108 1.0000e-12  -68.03020  -69.28448 338.392355      99.97 1.4279e+02   1539.516      36949  1028.2741  1028.2719    34.1422    34.1397    8.19936         32 0.0000e+00
    172.000    170.209    -0.6651  27.908056    -0.6644  27.908768     6.9401     6.9213     0.2513    95.5074 1.0000e-12  -68.03020  -69.28446 338.392377      99.97 1.4279e+02   1541.380      36994  1028.2660  1028.2660    34.1382    34.1385    8.20078         27 0.0000e+00
    171.000    169.218    -0.6906  27.878803    -0.6907  27.877624     7.0445     6.9871     0.2113    95.4590 1.0000e-12  -68.03020  -69.28446 338.392388      99.97 1.4279e+02   1542.312      37016  1028.2547  1028.2534    34.1282    34.1266    8.20690         21 0.0000e+00
    170.000    168.231    -0.7363  27.826322    -0.7324  27.830131     7.0923     7.0189     0.1909    95.4341 1.0000e-12  -68.03020  -69.28446 338.392397      99.97 1.4279e+02   1543.143      37036  1028.2379  1028.2381    34.1094    34.1102    8.21792         20 0.0000e+00
    169.000    167.240    -0.7487  27.812773    -0.7516  27.808601     7.1048     7.0381     0.2091    95.3958 1.0000e-12  -68.03020  -69.28446 338.392407      99.97 1.4279e+02   1544.010      37057  1028.2307  1028.2289    34.1057    34.1034    8.22084         21 0.0000e+00
    168.000    166.251    -0.7532  27.807298    -0.7622  27.796178     7.1169     7.0608     0.2405    95.3678 1.0000e-12  -68.03020  -69.28446 338.392418      99.97 1.4279e+02   1544.949      37080  1028.2244  1028.2210    34.1040    34.0991    8.22192         24 0.0000e+00
    167.000    165.262    -0.7607  27.797848    -0.7690  27.788431     7.0794     7.0714     0.2607    95.3185 1.0000e-12  -68.03020  -69.28447 338.392430      99.97 1.4279e+02   1545.943      37104  1028.2168  1028.2146    34.1003    34.0970    8.22376         24 0.0000e+00
    166.000    164.273    -0.7690  27.789151    -0.7752  27.781494     7.0387     7.0575     0.2506    95.3101 1.0000e-12  -68.03020  -69.28447 338.392442      99.97 1.4279e+02   1547.012      37129  1028.2107  1028.2083    34.0985    34.0951    8.22568         28 0.0000e+00
    165.000    163.284    -0.7522  27.808110    -0.7665  27.790911     6.9987     7.0474     0.2584    95.2903 1.0000e-12  -68.03020  -69.28448 338.392458      99.97 1.4279e+02   1548.389      37162  1028.2102  1028.2053    34.1058    34.0987    8.22160         38 0.0000e+00
    164.000    162.295    -0.7476  27.812753    -0.7528  27.805517     7.0651     7.0791     0.3107    95.2868 1.0000e-12  -68.03020  -69.28448 338.392479      99.97 1.4279e+02   1550.229      37206  1028.2061  1028.2031    34.1076    34.1036    8.22050         44 0.0000e+00
    163.000    161.305    -0.7800  27.774941    -0.7745  27.780598     7.2550     7.1865     0.2839    95.2717 1.0000e-12  -68.03020  -69.28446 338.392498      99.97 1.4279e+02   1551.785      37244  1028.1922  1028.1927    34.0936    34.0950    8.22837         30 0.0000e+00
    162.000    160.315    -0.8008  27.750117    -0.7901  27.761974     7.3650     7.2797     0.2324    95.3360 1.0000e-12  -68.03019  -69.28446 338.392511      99.97 1.4279e+02   1552.916      37271  1028.1809  1028.1832    34.0840    34.0881    8.23347         23 0.0000e+00
    161.000    159.327    -0.8551  27.689601    -0.8522  27.692232     7.4578     7.3360     0.2288    95.3274 1.0000e-12  -68.03018  -69.28446 338.392522      99.97 1.4279e+02   1553.882      37294  1028.1634  1028.1635    34.0640    34.0643    8.24651         21 0.0000e+00
    160.000    158.338    -0.8645  27.679436    -0.8690  27.673577     7.5072     7.3795     0.2396    95.2917 1.0000e-12  -68.03018  -69.28446 338.392532      99.97 1.4279e+02   1554.767      37315  1028.1569  1028.1549    34.0614    34.0586    8.24871         22 0.0000e+00
    159.000    157.349    -0.8776  27.663244    -0.8769  27.663472     7.4405     7.4173     0.2510    95.3053 1.0000e-12  -68.03018  -69.28446 338.392542      99.97 1.4279e+02   1555.663      37337  1028.1474  1028.1469    34.0549    34.0544    8.25197         20 0.0000e+00
    158.000    156.359    -0.8913  27.646934    -0.8950  27.641784     7.3491     7.4311     0.2834    95.2732 1.0000e-12  -68.03018  -69.28446 338.392554      99.97 1.4279e+02   1556.663      37361  1028.1382  1028.1362    34.0488    34.0460    8.25532         26 0.0000e+00
    157.000    155.370    -0.8546  27.692089    -0.9019  27.633526     7.3439     7.4334     0.3561    95.1634 1.0000e-12  -68.03018  -69.28446 338.392569      99.97 1.4279e+02   1557.933      37391  1028.1468  1028.1291    34.0692    34.0432    8.24608         35 0.0000e+00
    156.000    154.381    -0.8702  27.668706    -0.8944  27.641697     7.4788     7.4542     0.3237    95.2347 1.0000e-12  -68.03018  -69.28446 338.392587      99.97 1.4294e+02   1559.503      37429  1028.1321  1028.1258    34.0558    34.0464    8.25030         37 0.0000e+00
    155.000    153.390    -0.9091  27.623720    -0.9034  27.629147     7.5294     7.4820     0.3150    95.2177 1.0000e-12  -68.03018  -69.28446 338.392602      99.97 1.4306e+02   1560.795      37460  1028.1162  1028.1162    34.0392    34.0401    8.25978         26 0.0000e+00
    154.000    152.404    -0.9146  27.617537    -0.9144  27.616902     7.5228     7.4950     0.2821    95.2196 1.0000e-12  -68.03018  -69.28446 338.392613      99.97 1.4407e+02   1561.763      37483  1028.1102  1028.1091    34.0376    34.0365    8.26108         21 0.0000e+00
    153.000    151.412    -0.9231  27.606598    -0.9244  27.604370     7.5071     7.4976     0.2564    95.2306 1.0000e-12  -68.03018  -69.28446 338.392623      99.97 1.4323e+02   1562.665      37505  1028.1021  1028.1007    34.0330    34.0314    8.26322         24 0.0000e+00
    152.000    150.424    -0.9196  27.609897    -0.9246  27.603901     7.5064     7.5038     0.2756    95.2086 1.0000e-12  -68.03018  -69.28446 338.392637      99.97 1.4281e+02   1563.862      37534  1028.0976  1028.0957    34.0342    34.0316    8.26240         31 0.0000e+00
    151.000    149.434    -0.9217  27.607503    -0.9213  27.606898     7.5139     7.5106     0.3232    95.2455 1.0000e-12  -68.03018  -69.28446 338.392659      99.97 1.4279e+02   1565.739      37579  1028.0924  1028.0911    34.0339    34.0326    8.26287         41 0.0000e+00
    150.000    148.446    -0.9244  27.603374    -0.9301  27.595901     7.5133     7.5158     0.2975    95.2698 1.0000e-12  -68.03018  -69.28446 338.392675      99.98 1.4363e+02   1567.087      37611  1028.0859  1028.0832    34.0319    34.0283    8.26357         25 0.0000e+00
    149.000    147.457    -0.9381  27.587196    -0.9371  27.587547     7.4854     7.5200     0.2651    95.2562 1.0000e-12  -68.03018  -69.28446 338.392685      99.97 1.4431e+02   1568.011      37633  1028.0773  1028.0764    34.0261    34.0254    8.26694         21 0.0000e+00
    148.000    146.467    -0.9492  27.575862    -0.9542  27.569844     7.4916     7.5330     0.2418    95.2381 1.0000e-12  -68.03018  -69.28446 338.392695      99.97 1.4439e+02   1568.873      37654  1028.0712  1028.0693    34.0238    34.0213    8.26949         21 0.0000e+00
    147.000    145.477    -0.9559  27.568191    -0.9575  27.565232     7.5379     7.5432     0.2490    95.2275 1.0000e-12  -68.03018  -69.28446 338.392706      99.97 1.4379e+02   1569.787      37676  1028.0648  1028.0631    34.0216    34.0194    8.27111         23 0.0000e+00
    146.000    144.488    -0.9553  27.566740    -0.9565  27.564817     7.5539     7.5504     0.3040    95.2289 1.0000e-12  -68.03018  -69.28446 338.392718      99.97 1.4300e+02   1570.803      37700  1028.0582  1028.0571    34.0196    34.0182    8.27110         26 0.0000e+00
    145.000    143.499    -0.9551  27.565108    -0.9553  27.564647     7.5570     7.5532     0.3353    95.2511 1.0000e-12  -68.03018  -69.28446 338.392731      99.97 1.4285e+02   1571.941      37728  1028.0517  1028.0512    34.0177    34.0173    8.27116         29 0.0000e+00
    144.000    142.509    -0.9508  27.569785    -0.9494  27.571028     7.5489     7.5566     0.3772    95.2589 1.0000e-12  -68.03018  -69.28446 338.392746      99.97 1.4322e+02   1573.285      37760  1028.0481  1028.0479    34.0198    34.0199    8.27009         36 0.0000e+00
    143.000    141.519    -0.9480  27.571761    -0.9482  27.570473     7.5553     7.5747     0.3400    95.2450 1.0000e-12  -68.03018  -69.28446 338.392766      99.97 1.4443e+02   1574.975      37800  1028.0430  1028.0418    34.0200    34.0184    8.26946         34 0.0000e+00
    142.000    140.531    -0.9602  27.556447    -0.9551  27.561909     7.5849     7.6035     0.2924    95.2010 1.0000e-12  -68.03018  -69.28446 338.392782      99.97 1.4456e+02   1576.399      37835  1028.0338  1028.0348    34.0135    34.0152    8.27252         28 0.0000e+00
    141.000    139.542    -0.9615  27.554698    -0.9617  27.553293     7.6186     7.6158     0.2998    95.2050 1.0000e-12  -68.03018  -69.28444 338.392794      99.97 1.4456e+02   1577.417      37859  1028.0288  1028.0274    34.0133    34.0116    8.27283         22 0.0000e+00
    140.000    138.553    -0.9662  27.548164    -0.9669  27.546360     7.6110     7.6211     0.2415    95.1847 1.0000e-12  -68.03018  -69.28446 338.392805      99.97 1.4456e+02   1578.337      37881  1028.0218  1028.0205    34.0103    34.0086    8.27403         23 0.0000e+00
