NBP2113_155081_ctd/data/unbp2113_006.cnv
* Sea-Bird SBE 9 Data File:
* FileName = D:\Data\raw\NBP2113_006.hex
* Software Version Seasave V 7.26.7.121
* Temperature SN = 2438
* Conductivity SN = 2067
* Number of Bytes Per Scan = 40
* Number of Voltage Words = 5
* Number of Scans Averaged by the Deck Unit = 1
* NMEA Latitude = 64 34.93 S
* NMEA Longitude = 064 20.17 W
* NMEA UTC (Time) = Nov 24 2021  19:52:36
* NMEA baud rate = 9600
** Ship: RVIB N.B. Palmer
** Cruise: NBP2113 LTER
** Station: 625.073
** Operator: S.Blackman
# nquan = 25
# nvalues = 198                         
# units = specified
# name 0 = prDM: Pressure, Digiquartz [db]
# name 1 = depSM: Depth [salt water, m]
# name 2 = t090C: Temperature [ITS-90, deg C]
# name 3 = c0mS/cm: Conductivity [mS/cm]
# name 4 = t190C: Temperature, 2 [ITS-90, deg C]
# name 5 = c1mS/cm: Conductivity, 2 [mS/cm]
# name 6 = sbeox0ML/L: Oxygen, SBE 43 [ml/l]
# name 7 = sbeox1ML/L: Oxygen, SBE 43, 2 [ml/l]
# name 8 = flECO-AFL: Fluorescence, WET Labs ECO-AFL/FL [mg/m^3]
# name 9 = CStarTr0: Beam Transmission, WET Labs C-Star [%]
# name 10 = par: PAR/Irradiance, Biospherical/Licor
# name 11 = latitude: Latitude [deg]
# name 12 = longitude: Longitude [deg]
# name 13 = timeJ: Julian Days
# name 14 = altM: Altimeter [m]
# name 15 = spar: SPAR, Biospherical/Licor
# name 16 = timeS: Time, Elapsed [seconds]
# name 17 = scan: Scan Count
# name 18 = density00: Density [density, kg/m^3]
# name 19 = density11: Density, 2 [density, kg/m^3]
# name 20 = sal00: Salinity, Practical [PSU]
# name 21 = sal11: Salinity, Practical, 2 [PSU]
# name 22 = oxsolML/L: Oxygen Saturation, Garcia & Gordon [ml/l]
# name 23 = nbin: number of scans per bin
# name 24 = flag: flag
# span 0 =      1.000,    198.000       
# span 1 =      0.993,    195.971       
# span 2 =    -0.0394,     1.0105       
# span 3 =  28.372670,  29.663720       
# span 4 =    -0.0413,     1.0102       
# span 5 =  28.371392,  29.662082       
# span 6 =     4.8333,     7.5985       
# span 7 =     4.7981,     7.4358       
# span 8 =     0.0300,     0.9418       
# span 9 =    92.5500,    97.3907       
# span 10 = 1.0000e-12, 7.0859e+02      
# span 11 =  -64.58208,  -64.58194      
# span 12 =  -64.33790,  -64.33719      
# span 13 = 328.837958, 328.840902      
# span 14 =       9.32,     121.58      
# span 15 = 3.7697e+02, 4.0726e+02      
# span 16 =    843.566,   1097.937      
# span 17 =      20247,      26351      
# span 18 =  1027.4249,  1028.6308      
# span 19 =  1027.4223,  1028.6292      
# span 20 =    34.1479,    34.5647      
# span 21 =    34.1432,    34.5627      
# span 22 =    7.82748,    8.06618      
# span 23 =         19,         44      
# span 24 = 0.0000e+00, 0.0000e+00      
# interval = decibars: 1                
# start_time = Nov 24 2021 19:52:36 [NMEA time, header]
# bad_flag = -9.990e-29
*END*
[from data line 58]
    140.000    138.585     0.6498  29.256893     0.6627  29.269237     5.4089     5.3294     0.1098    97.0319 1.0000e-12  -64.58204  -64.33748 328.838778      71.65 4.0546e+02    914.384      21946  1028.3073  1028.3075    34.4713    34.4730    7.90547         33 0.0000e+00
    139.000    137.595     0.6442  29.250301     0.6495  29.254739     5.4411     5.3541     0.1389    97.0008 1.0000e-12  -64.58204  -64.33748 328.838793      72.68 4.0546e+02    915.690      21978  1028.3016  1028.3010    34.4696    34.4694    7.90671         30 0.0000e+00
    138.000    136.605     0.6340  29.238020     0.6371  29.239704     5.4319     5.3755     0.1323    97.0140 1.0000e-12  -64.58203  -64.33749 328.838807      73.70 4.0546e+02    916.886      22006  1028.2944  1028.2932    34.4656    34.4643    7.90902         28 0.0000e+00
    137.000    135.616     0.6266  29.230077     0.6227  29.223919     5.4353     5.3801     0.1359    96.9753 1.0000e-12  -64.58202  -64.33750 328.838821      74.75 4.0495e+02    918.126      22036  1028.2889  1028.2864    34.4640    34.4604    7.91060         31 0.0000e+00
    136.000    134.626     0.6233  29.225423     0.6209  29.221741     5.4632     5.3848     0.1462    96.9703 1.0800e-03  -64.58202  -64.33751 328.838837      75.87 4.0379e+02    919.478      22068  1028.2829  1028.2815    34.4622    34.4602    7.91137         33 0.0000e+00
    135.000    133.637     0.6172  29.218536     0.6196  29.219703     5.4433     5.3880     0.1326    96.9411 3.9894e-03  -64.58202  -64.33752 328.838851      76.72 4.0370e+02    920.745      22099  1028.2772  1028.2761    34.4606    34.4595    7.91271         28 0.0000e+00
    134.000    132.647     0.6144  29.215297     0.6167  29.216197     5.4882     5.3957     0.1244    96.9550 6.8442e-03  -64.58202  -64.33752 328.838864      77.68 4.0370e+02    921.829      22125  1028.2722  1028.2709    34.4602    34.4588    7.91331         25 0.0000e+00
    133.000    131.658     0.6140  29.214181     0.6073  29.205609     5.4719     5.3981     0.1241    96.9530 9.5611e-03  -64.58202  -64.33753 328.838876      78.67 4.0370e+02    922.861      22150  1028.2671  1028.2647    34.4597    34.4560    7.91341         25 0.0000e+00
    132.000    130.667     0.6106  29.209729     0.6051  29.203017     5.4874     5.3968     0.1362    96.9419 1.2737e-02  -64.58202  -64.33753 328.838889      79.89 4.0370e+02    924.047      22178  1028.2614  1028.2598    34.4584    34.4557    7.91419         33 0.0000e+00
    131.000    129.678     0.6085  29.207187     0.6151  29.213283     5.4912     5.4157     0.1280    96.9194 1.5289e-02  -64.58202  -64.33754 328.838908      81.01 4.0370e+02    925.636      22216  1028.2564  1028.2563    34.4580    34.4585    7.91464         38 0.0000e+00
    130.000    128.690     0.5952  29.192347     0.6041  29.200532     5.5529     5.4898     0.1440    96.9308 1.8111e-02  -64.58202  -64.33754 328.838924      81.75 4.0370e+02    927.068      22251  1028.2496  1028.2494    34.4540    34.4548    7.91756         28 0.0000e+00
    129.000    127.699     0.5876  29.184351     0.5814  29.174938     5.5999     5.5220     0.1395    96.9178 2.1318e-02  -64.58202  -64.33754 328.838936      82.81 4.0370e+02    928.050      22274  1028.2443  1028.2406    34.4527    34.4473    7.91920         21 0.0000e+00
    128.000    126.710     0.5690  29.162238     0.5285  29.118700     5.6158     5.5227     0.1316    96.9045 2.5416e-02  -64.58202  -64.33755 328.838946      83.75 4.0370e+02    928.906      22295  1028.2351  1028.2294    34.4451    34.4334    7.92341         21 0.0000e+00
    127.000    125.720     0.5355  29.126762     0.5172  29.106313     5.6188     5.5226     0.1355    96.8628 2.9669e-02  -64.58202  -64.33756 328.838957      84.82 4.0370e+02    929.843      22317  1028.2264  1028.2229    34.4367    34.4304    7.93074         25 0.0000e+00
    126.000    124.731     0.5388  29.130666     0.5360  29.125704     5.6241     5.5285     0.1538    96.7966 3.3818e-02  -64.58202  -64.33756 328.838973      86.00 4.0370e+02    931.277      22352  1028.2226  1028.2200    34.4388    34.4354    7.92995         43 0.0000e+00
    125.000    123.741     0.5339  29.124510     0.5324  29.121256     5.6753     5.5674     0.1681    96.7877 3.7377e-02  -64.58202  -64.33758 328.838995      87.32 4.0370e+02    933.143      22396  1028.2164  1028.2143    34.4368    34.4342    7.93107         33 0.0000e+00
    124.000    122.751     0.5066  29.094781     0.5080  29.094932     5.7283     5.6112     0.1639    96.7790 4.1414e-02  -64.58202  -64.33758 328.839008      88.06 4.0370e+02    934.316      22425  1028.2076  1028.2063    34.4291    34.4276    7.93710         23 0.0000e+00
    123.000    121.761     0.4974  29.083862     0.4934  29.077849     5.7316     5.6295     0.1530    96.7781 4.5982e-02  -64.58202  -64.33758 328.839019      88.75 4.0370e+02    935.217      22446  1028.2007  1028.1983    34.4256    34.4222    7.93918         21 0.0000e+00
    122.000    120.771     0.4781  29.063117     0.4696  29.052429     5.7173     5.6298     0.1462    96.7791 5.0461e-02  -64.58202  -64.33758 328.839029      89.87 4.0370e+02    936.116      22468  1028.1934  1028.1905    34.4205    34.4161    7.94341         23 0.0000e+00
    121.000    119.783     0.4722  29.056450     0.4666  29.048741     5.7266     5.6217     0.1662    96.7381 5.5912e-02  -64.58202  -64.33758 328.839041      90.90 4.0352e+02    937.168      22493  1028.1877  1028.1850    34.4191    34.4152    7.94471         28 0.0000e+00
    120.000    118.793     0.4852  29.070243     0.4765  29.060876     5.7655     5.6484     0.2014    96.7071 6.1417e-02  -64.58200  -64.33759 328.839056      92.22 4.0196e+02    938.441      22524  1028.1848  1028.1833    34.4232    34.4206    7.94182         33 0.0000e+00
    119.000    117.803     0.4529  29.034055     0.4719  29.052639     5.8422     5.6710     0.2079    96.6746 6.7185e-02  -64.58200  -64.33760 328.839072      93.12 4.0194e+02    939.835      22557  1028.1740  1028.1747    34.4124    34.4155    7.94904         33 0.0000e+00
    118.000    116.814     0.4290  29.006819     0.4418  29.020898     5.8973     5.7319     0.2032    96.6301 7.3617e-02  -64.58200  -64.33760 328.839088      94.03 4.0194e+02    941.211      22590  1028.1643  1028.1664    34.4041    34.4082    7.95444         33 0.0000e+00
    117.000    115.823     0.4135  28.989732     0.4376  29.013210     5.9768     5.8303     0.1945    96.6021 8.0167e-02  -64.58200  -64.33760 328.839104      95.19 4.0194e+02    942.557      22622  1028.1568  1028.1579    34.3996    34.4034    7.95787         31 0.0000e+00
    116.000    114.834     0.3823  28.952638     0.3706  28.938099     6.0262     5.9069     0.2454    96.5350 8.7016e-02  -64.58200  -64.33760 328.839118      96.15 4.0194e+02    943.816      22653  1028.1438  1028.1401    34.3864    34.3804    7.96504         29 0.0000e+00
    115.000    113.844     0.3623  28.929542     0.3467  28.910766     6.0735     5.9589     0.2205    96.4440 9.3974e-02  -64.58200  -64.33761 328.839131      97.12 4.0194e+02    944.960      22680  1028.1344  1028.1301    34.3790    34.3718    7.96959         27 0.0000e+00
    114.000    112.855     0.3594  28.925103     0.3312  28.890549     6.1204     5.9904     0.2431    96.3085 1.0101e-01  -64.58200  -64.33762 328.839144      98.17 4.0194e+02    946.062      22706  1028.1279  1028.1191    34.3770    34.3631    7.97030         26 0.0000e+00
    113.000    111.866     0.3295  28.888934     0.3222  28.879087     6.1461     6.0135     0.2726    96.2461 1.0875e-01  -64.58200  -64.33762 328.839157      99.11 4.0194e+02    947.190      22734  1028.1146  1028.1112    34.3635    34.3588    7.97723         28 0.0000e+00
    112.000    110.875     0.3284  28.888737     0.3147  28.868702     6.1773     6.0264     0.2853    96.1799 1.1637e-01  -64.58200  -64.33762 328.839171      99.84 4.0194e+02    948.332      22761  1028.1107  1028.1029    34.3651    34.3541    7.97737         27 0.0000e+00
    111.000    109.886     0.3151  28.869905     0.3134  28.866515     6.1496     6.0291     0.2873    96.1627 1.2564e-01  -64.58200  -64.33762 328.839183      99.97 4.0194e+02    949.449      22788  1028.0993  1028.0972    34.3558    34.3532    7.98064         26 0.0000e+00
    110.000    108.896     0.3108  28.864279     0.3099  28.861659     6.1282     6.0189     0.3024    96.1471 1.3555e-01  -64.58200  -64.33763 328.839196      99.97 4.0194e+02    950.549      22814  1028.0929  1028.0909    34.3538    34.3513    7.98164         28 0.0000e+00
    109.000    107.905     0.3169  28.873102     0.3123  28.863008     6.1122     6.0100     0.3328    96.1127 1.4715e-01  -64.58200  -64.33764 328.839211      99.97 4.0194e+02    951.798      22844  1028.0916  1028.0854    34.3592    34.3511    7.98008         34 0.0000e+00
    108.000    106.918     0.3191  28.874217     0.3223  28.874711     6.1271     6.0185     0.3205    96.0682 1.5939e-01  -64.58200  -64.33764 328.839230      99.97 4.0071e+02    953.473      22884  1028.0860  1028.0834    34.3588    34.3559    7.97964         35 0.0000e+00
    107.000    105.927     0.3085  28.860424     0.3152  28.866889     6.1402     6.0276     0.3173    96.0458 1.7010e-01  -64.58200  -64.33764 328.839248      99.97 4.0015e+02    955.067      22923  1028.0773  1028.0775    34.3531    34.3541    7.98216         31 0.0000e+00
    106.000    104.937     0.3089  28.860518     0.3097  28.859961     6.1401     6.0325     0.3180    96.0633 1.8133e-01  -64.58200  -64.33764 328.839261      99.98 4.0017e+02    956.134      22948  1028.0726  1028.0712    34.3534    34.3517    7.98206         22 0.0000e+00
    105.000    103.950     0.3067  28.857807     0.3042  28.853719     6.1164     6.0317     0.2771    96.0369 1.9409e-01  -64.58200  -64.33766 328.839271      99.97 4.0017e+02    957.009      22969  1028.0675  1028.0656    34.3529    34.3503    7.98254         20 0.0000e+00
    104.000    102.957     0.3052  28.855673     0.3042  28.853151     6.1116     6.0344     0.2829    96.0613 2.0717e-01  -64.58200  -64.33766 328.839281      99.97 4.0017e+02    957.881      22990  1028.0624  1028.0607    34.3524    34.3502    7.98289         22 0.0000e+00
    103.000    101.968     0.3061  28.855956     0.3051  28.853576     6.1426     6.0347     0.3019    96.0399 2.2224e-01  -64.58200  -64.33766 328.839293      99.97 4.0017e+02    958.905      23015  1028.0573  1028.0559    34.3523    34.3504    7.98269         27 0.0000e+00
    102.000    100.978     0.3067  28.856663     0.3074  28.855601     6.1245     6.0366     0.3250    96.0375 2.3625e-01  -64.58200  -64.33766 328.839309      99.97 4.0017e+02    960.261      23047  1028.0531  1028.0513    34.3532    34.3511    7.98252         35 0.0000e+00
    101.000     99.988     0.3073  28.856627     0.3061  28.853820     6.1190     6.0398     0.3309    96.0176 2.5095e-01  -64.58200  -64.33766 328.839326      99.97 4.0017e+02    961.760      23083  1028.0481  1028.0463    34.3531    34.3508    7.98241         34 0.0000e+00
    100.000     98.998     0.3062  28.855061     0.3064  28.853728     6.1247     6.0359     0.3513    96.0232 2.6744e-01  -64.58200  -64.33766 328.839341      99.97 4.0017e+02    963.049      23114  1028.0432  1028.0416    34.3529    34.3509    7.98266         30 0.0000e+00
     99.000     98.009     0.3069  28.855091     0.3074  28.854508     6.1129     6.0387     0.3289    96.0376 2.8630e-01  -64.58200  -64.33766 328.839355      99.97 4.0017e+02    964.293      23144  1028.0382  1028.0370    34.3528    34.3513    7.98252         30 0.0000e+00
     98.000     97.019     0.3083  28.856053     0.3082  28.854887     6.1215     6.0405     0.3409    96.0254 3.0610e-01  -64.58200  -64.33766 328.839371      99.97 3.9920e+02    965.634      23176  1028.0335  1028.0324    34.3530    34.3516    7.98221         33 0.0000e+00
     97.000     96.030     0.3102  28.857816     0.3079  28.854008     6.1147     6.0357     0.3168    96.0180 3.2553e-01  -64.58200  -64.33767 328.839386      99.98 3.9840e+02    966.919      23207  1028.0292  1028.0275    34.3538    34.3514    7.98177         28 0.0000e+00
     96.000     95.039     0.3121  28.859261     0.3117  28.857346     6.1336     6.0302     0.2964    96.0621 3.4564e-01  -64.58200  -64.33768 328.839398      99.97 3.9841e+02    968.003      23233  1028.0246  1028.0230    34.3542    34.3521    7.98136         25 0.0000e+00
     95.000     94.052     0.3157  28.862421     0.3195  28.864592     6.1141     6.0293     0.2773    96.0379 3.6676e-01  -64.58200  -64.33768 328.839410      99.98 3.9841e+02    969.008      23257  1028.0201  1028.0186    34.3549    34.3535    7.98056         24 0.0000e+00
     94.000     93.059     0.3197  28.865763     0.3228  28.867491     6.1123     6.0284     0.2841    96.0399 3.9000e-01  -64.58200  -64.33768 328.839422      99.97 3.9841e+02    970.085      23283  1028.0155  1028.0142    34.3555    34.3543    7.97972         26 0.0000e+00
     93.000     92.070     0.3165  28.861816     0.3207  28.864810     6.1114     6.0282     0.3364    96.0047 4.1352e-01  -64.58198  -64.33770 328.839437      99.97 3.9841e+02    971.323      23313  1028.0102  1028.0092    34.3545    34.3537    7.98044         31 0.0000e+00
     92.000     91.082     0.3206  28.865810     0.3223  28.865871     6.1092     6.0323     0.3648    96.0277 4.3795e-01  -64.58198  -64.33769 328.839452      99.97 3.9841e+02    972.626      23344  1028.0061  1028.0045    34.3557    34.3539    7.97951         31 0.0000e+00
     91.000     90.091     0.3237  28.868362     0.3239  28.867163     6.1086     6.0383     0.3456    96.0592 4.6428e-01  -64.58198  -64.33770 328.839466      99.98 3.9841e+02    973.861      23374  1028.0015  1028.0001    34.3562    34.3544    7.97884         27 0.0000e+00
     90.000     89.101     0.3218  28.865925     0.3234  28.866114     6.1233     6.0354     0.3449    96.0618 4.9279e-01  -64.58198  -64.33770 328.839481      99.97 3.9798e+02    975.144      23404  1027.9966  1027.9952    34.3557    34.3542    7.97926         30 0.0000e+00
     89.000     88.111     0.3214  28.865018     0.3229  28.865043     6.1312     6.0297     0.3290    96.0525 5.2278e-01  -64.58198  -64.33770 328.839497      99.97 3.9660e+02    976.551      23438  1027.9918  1027.9903    34.3556    34.3539    7.97935         33 0.0000e+00
     88.000     87.122     0.3205  28.863332     0.3225  28.864070     6.1242     6.0329     0.3104    96.0317 5.5273e-01  -64.58198  -64.33770 328.839512      99.98 3.9665e+02    977.872      23470  1027.9866  1027.9854    34.3549    34.3537    7.97956         28 0.0000e+00
     87.000     86.131     0.3202  28.862635     0.3211  28.861978     6.1133     6.0386     0.3072    96.0107 5.8441e-01  -64.58198  -64.33770 328.839525      99.97 3.9665e+02    978.938      23496  1027.9819  1027.9803    34.3550    34.3531    7.97963         23 0.0000e+00
     86.000     85.142     0.3202  28.862070     0.3182  28.858236     6.1243     6.0394     0.2964    96.0257 6.1800e-01  -64.58198  -64.33770 328.839536      99.97 3.9665e+02    979.877      23518  1027.9771  1027.9750    34.3549    34.3521    7.97964         23 0.0000e+00
     85.000     84.152     0.3191  28.860223     0.3186  28.858251     6.1282     6.0397     0.2975    96.0039 6.5595e-01  -64.58198  -64.33770 328.839547      99.97 3.9665e+02    980.896      23543  1027.9719  1027.9704    34.3543    34.3523    7.97991         27 0.0000e+00
     84.000     83.162     0.3199  28.860687     0.3198  28.859041     6.1358     6.0464     0.3447    95.9708 6.9741e-01  -64.58198  -64.33771 328.839564      99.97 3.9665e+02    982.320      23577  1027.9674  1027.9657    34.3546    34.3526    7.97972         42 0.0000e+00
