NBP2113_155081_ctd/data/unbp2113_004.cnv
* Sea-Bird SBE 9 Data File:
* FileName = D:\Data\raw\NBP2113_004.hex
* Software Version Seasave V 7.26.7.121
* Temperature SN = 2438
* Conductivity SN = 2067
* Number of Bytes Per Scan = 40
* Number of Voltage Words = 5
* Number of Scans Averaged by the Deck Unit = 1
* NMEA Latitude = 63 46.12 S
* NMEA Longitude = 062 51.59 W
* NMEA UTC (Time) = Nov 23 2021  06:30:17
* NMEA baud rate = 9600
** Ship: RVIB N.B. Palmer
** Cruise: NBP2113 LTER
** Station: 747.068
** Operator: B. Urmston
# nquan = 25
# nvalues = 369                         
# units = specified
# name 0 = prDM: Pressure, Digiquartz [db]
# name 1 = depSM: Depth [salt water, m]
# name 2 = t090C: Temperature [ITS-90, deg C]
# name 3 = c0mS/cm: Conductivity [mS/cm]
# name 4 = t190C: Temperature, 2 [ITS-90, deg C]
# name 5 = c1mS/cm: Conductivity, 2 [mS/cm]
# name 6 = sbeox0ML/L: Oxygen, SBE 43 [ml/l]
# name 7 = sbeox1ML/L: Oxygen, SBE 43, 2 [ml/l]
# name 8 = flECO-AFL: Fluorescence, WET Labs ECO-AFL/FL [mg/m^3]
# name 9 = CStarTr0: Beam Transmission, WET Labs C-Star [%]
# name 10 = par: PAR/Irradiance, Biospherical/Licor
# name 11 = latitude: Latitude [deg]
# name 12 = longitude: Longitude [deg]
# name 13 = timeJ: Julian Days
# name 14 = altM: Altimeter [m]
# name 15 = spar: SPAR, Biospherical/Licor
# name 16 = timeS: Time, Elapsed [seconds]
# name 17 = scan: Scan Count
# name 18 = density00: Density [density, kg/m^3]
# name 19 = density11: Density, 2 [density, kg/m^3]
# name 20 = sal00: Salinity, Practical [PSU]
# name 21 = sal11: Salinity, Practical, 2 [PSU]
# name 22 = oxsolML/L: Oxygen Saturation, Garcia & Gordon [ml/l]
# name 23 = nbin: number of scans per bin
# name 24 = flag: flag
# span 0 =      1.000,    369.000       
# span 1 =      0.991,    365.088       
# span 2 =    -0.7613,     1.5849       
# span 3 =  27.716418,  30.328243       
# span 4 =    -0.7611,     1.5850       
# span 5 =  27.716325,  30.326982       
# span 6 =     4.1580,    10.2392       
# span 7 =     4.1428,    10.0637       
# span 8 =    -0.0223,     1.4867       
# span 9 =    91.4292,    99.4814       
# span 10 = 1.0000e-12, 4.7478e+01      
# span 11 =  -63.76812,  -63.76768      
# span 12 =  -62.86104,  -62.86028      
# span 13 = 327.285672, 327.296999      
# span 14 =       6.17,     100.73      
# span 15 = 1.7629e+01, 3.4837e+01      
# span 16 =   1265.064,   2243.714      
# span 17 =      30363,      53850      
# span 18 =  1027.2892,  1029.4946      
# span 19 =  1027.2860,  1029.4933      
# span 20 =    33.9501,    34.6944      
# span 21 =    33.9463,    34.6929      
# span 22 =    7.70747,    8.22650      
# span 23 =         14,         50      
# span 24 = 0.0000e+00, 0.0000e+00      
# interval = decibars: 1                
# start_time = Nov 23 2021 06:30:17 [NMEA time, header]
# bad_flag = -9.990e-29
*END*
    369.000    365.088     1.5710  30.328243     1.5710  30.326982     4.1695     4.1608    -0.0079    98.6239 1.0000e-12  -63.76806  -62.86034 327.285672       6.17 2.9300e+01   1265.064      30363  1029.4946  1029.4933    34.6937    34.6920    7.70967         25 0.0000e+00
    368.000    364.101     1.5710  30.327819     1.5711  30.326488     4.1713     4.1603    -0.0077    98.6070 1.0000e-12  -63.76806  -62.86034 327.285684       7.21 2.8271e+01   1266.121      30388  1029.4899  1029.4885    34.6937    34.6919    7.70965         30 0.0000e+00
    367.000    363.113     1.5710  30.327286     1.5710  30.325990     4.1744     4.1569    -0.0083    98.6023 1.0000e-12  -63.76808  -62.86033 327.285833       8.31 3.1641e+01   1278.982      30697  1029.4851  1029.4839    34.6936    34.6920    7.70967         31 0.0000e+00
    366.000    362.125     1.5711  30.326824     1.5710  30.325587     4.1746     4.1609    -0.0119    98.6199 1.0000e-12  -63.76810  -62.86032 327.286038       9.09 3.3488e+01   1296.657      31121  1029.4804  1029.4792    34.6935    34.6920    7.70966         19 0.0000e+00
    365.000    361.135     1.5710  30.326275     1.5709  30.325120     4.1775     4.1600    -0.0149    98.5976 1.0000e-12  -63.76810  -62.86032 327.286050      10.20 3.2489e+01   1297.720      31146  1029.4757  1029.4746    34.6935    34.6921    7.70968         30 0.0000e+00
    364.000    360.148     1.5709  30.325880     1.5709  30.324647     4.1721     4.1581    -0.0070    98.6037 1.0000e-12  -63.76810  -62.86032 327.286073      11.42 2.9229e+01   1299.694      31194  1029.4711  1029.4699    34.6936    34.6921    7.70968         37 0.0000e+00
    363.000    359.158     1.5706  30.325145     1.5707  30.324033     4.1724     4.1597     0.0036    98.6166 1.0000e-12  -63.76810  -62.86030 327.286104      12.47 2.8593e+01   1302.362      31258  1029.4664  1029.4652    34.6936    34.6921    7.70974         50 0.0000e+00
    362.000    358.169     1.5706  30.324662     1.5706  30.323499     4.1710     4.1674    -0.0082    98.6033 1.0000e-12  -63.76812  -62.86030 327.286125      13.44 3.0216e+01   1304.238      31303  1029.4617  1029.4605    34.6936    34.6921    7.70974         34 0.0000e+00
    361.000    357.181     1.5709  30.324607     1.5706  30.323014     4.1692     4.1596    -0.0099    98.6215 1.0000e-12  -63.76812  -62.86030 327.286139      14.23 3.1763e+01   1305.420      31331  1029.4571  1029.4559    34.6937    34.6921    7.70967         24 0.0000e+00
    360.000    356.192     1.5711  30.324149     1.5707  30.322745     4.1697     4.1564    -0.0070    98.6198 1.0000e-12  -63.76812  -62.86032 327.286150      15.12 3.1732e+01   1306.347      31353  1029.4523  1029.4512    34.6935    34.6921    7.70965         21 0.0000e+00
    359.000    355.205     1.5703  30.323152     1.5704  30.322004     4.1728     4.1618    -0.0094    98.6321 1.0000e-12  -63.76812  -62.86032 327.286160      16.11 3.1328e+01   1307.237      31375  1029.4478  1029.4465    34.6937    34.6921    7.70979         22 0.0000e+00
    358.000    354.214     1.5711  30.323238     1.5712  30.322224     4.1763     4.1612    -0.0109    98.6407 1.0000e-12  -63.76812  -62.86031 327.286174      17.37 3.0068e+01   1308.393      31402  1029.4429  1029.4418    34.6936    34.6921    7.70966         34 0.0000e+00
    357.000    353.228     1.5706  30.322402     1.5705  30.321071     4.1746     4.1618    -0.0079    98.6420 1.0000e-12  -63.76812  -62.86030 327.286210      18.54 2.9969e+01   1311.513      31477  1029.4383  1029.4371    34.6936    34.6921    7.70974         32 0.0000e+00
    356.000    352.239     1.5704  30.321851     1.5709  30.320987     4.1647     4.1618    -0.0053    98.6329 1.0000e-12  -63.76812  -62.86029 327.286234      19.40 2.8831e+01   1313.580      31527  1029.4337  1029.4324    34.6936    34.6921    7.70978         32 0.0000e+00
    355.000    351.249     1.5710  30.321974     1.5714  30.321013     4.1693     4.1603    -0.0012    98.6472 1.0000e-12  -63.76812  -62.86030 327.286247      20.33 2.8198e+01   1314.764      31555  1029.4290  1029.4277    34.6937    34.6921    7.70966         27 0.0000e+00
    354.000    350.262     1.5727  30.323099     1.5728  30.321857     4.1674     4.1548    -0.0080    98.6535 1.0000e-12  -63.76812  -62.86031 327.286260      21.29 2.9891e+01   1315.828      31581  1029.4242  1029.4229    34.6939    34.6922    7.70932         25 0.0000e+00
    353.000    349.273     1.5732  30.323092     1.5733  30.321871     4.1705     4.1571    -0.0091    98.6565 1.0000e-12  -63.76812  -62.86031 327.286272      22.33 2.9968e+01   1316.878      31606  1029.4195  1029.4182    34.6939    34.6923    7.70923         26 0.0000e+00
    352.000    348.282     1.5736  30.323025     1.5737  30.321822     4.1712     4.1584     0.0044    98.6663 1.0000e-12  -63.76812  -62.86031 327.286285      23.34 2.9969e+01   1318.050      31634  1029.4149  1029.4135    34.6940    34.6923    7.70914         31 0.0000e+00
    351.000    347.296     1.5735  30.322411     1.5734  30.321115     4.1719     4.1606    -0.0144    98.6704 1.0000e-12  -63.76812  -62.86030 327.286303      24.47 2.9969e+01   1319.540      31670  1029.4101  1029.4089    34.6939    34.6923    7.70917         37 0.0000e+00
    350.000    346.307     1.5728  30.321348     1.5728  30.320028     4.1719     4.1565    -0.0108    98.6525 1.0000e-12  -63.76812  -62.86028 327.286325      25.55 2.9969e+01   1321.521      31718  1029.4055  1029.4042    34.6939    34.6922    7.70931         46 0.0000e+00
    349.000    345.318     1.5732  30.321278     1.5731  30.319961     4.1676     4.1587    -0.0150    98.6637 1.0000e-12  -63.76812  -62.86028 327.286356      26.55 2.9969e+01   1324.120      31780  1029.4008  1029.3995    34.6939    34.6923    7.70923         47 0.0000e+00
    348.000    344.330     1.5729  30.320525     1.5729  30.319236     4.1707     4.1610    -0.0112    98.6715 1.0000e-12  -63.76812  -62.86030 327.286376      27.37 2.9969e+01   1325.925      31823  1029.3961  1029.3948    34.6939    34.6922    7.70929         28 0.0000e+00
    347.000    343.341     1.5728  30.320049     1.5728  30.318739     4.1779     4.1591    -0.0087    98.6457 1.0000e-12  -63.76812  -62.86030 327.286388      28.23 2.9969e+01   1326.951      31848  1029.3915  1029.3902    34.6939    34.6922    7.70930         22 0.0000e+00
    346.000    342.352     1.5727  30.319491     1.5726  30.318122     4.1697     4.1582    -0.0137    98.6577 1.0000e-12  -63.76812  -62.86030 327.286399      29.25 2.9489e+01   1327.852      31869  1029.3868  1029.3855    34.6939    34.6922    7.70933         22 0.0000e+00
    345.000    341.363     1.5723  30.318690     1.5722  30.317339     4.1777     4.1566    -0.0081    98.6748 1.0000e-12  -63.76812  -62.86030 327.286410      30.29 2.8232e+01   1328.814      31893  1029.3822  1029.3809    34.6939    34.6923    7.70940         25 0.0000e+00
    344.000    340.375     1.5723  30.318219     1.5722  30.316855     4.1755     4.1581    -0.0119    98.6614 1.0000e-12  -63.76812  -62.86030 327.286424      31.38 2.7493e+01   1330.067      31923  1029.3774  1029.3762    34.6938    34.6923    7.70939         34 0.0000e+00
    343.000    339.386     1.5723  30.317798     1.5725  30.316585     4.1762     4.1596    -0.0076    98.6700 1.0000e-12  -63.76812  -62.86030 327.286445      32.48 2.7516e+01   1331.804      31964  1029.3728  1029.3714    34.6938    34.6922    7.70939         46 0.0000e+00
    342.000    338.398     1.5722  30.317265     1.5723  30.316092     4.1763     4.1599    -0.0034    98.6714 1.0000e-12  -63.76812  -62.86029 327.286480      33.57 2.8932e+01   1334.862      32038  1029.3681  1029.3669    34.6939    34.6923    7.70942         31 0.0000e+00
    341.000    337.409     1.5722  30.316762     1.5723  30.315643     4.1749     4.1575    -0.0070    98.6764 1.0000e-12  -63.76812  -62.86030 327.286505      34.34 2.8160e+01   1337.071      32091  1029.3634  1029.3622    34.6939    34.6924    7.70942         25 0.0000e+00
    340.000    336.421     1.5730  30.317112     1.5730  30.315931     4.1712     4.1569    -0.0024    98.6825 1.0000e-12  -63.76812  -62.86030 327.286515      35.12 2.8206e+01   1337.866      32110  1029.3588  1029.3575    34.6940    34.6925    7.70926         17 0.0000e+00
    339.000    335.432     1.5748  30.318218     1.5748  30.317047     4.1680     4.1577     0.0117    98.6823 1.0000e-12  -63.76812  -62.86030 327.286522      36.05 2.8206e+01   1338.542      32126  1029.3539  1029.3527    34.6940    34.6925    7.70891         17 0.0000e+00
    338.000    334.443     1.5749  30.317808     1.5749  30.316692     4.1649     4.1581    -0.0011    98.6823 1.0000e-12  -63.76812  -62.86030 327.286530      37.04 2.8206e+01   1339.218      32142  1029.3492  1029.3480    34.6940    34.6925    7.70889         17 0.0000e+00
    337.000    333.453     1.5748  30.317388     1.5750  30.316341     4.1670     4.1578    -0.0071    98.6823 1.0000e-12  -63.76812  -62.86030 327.286539      38.25 2.8206e+01   1340.004      32161  1029.3446  1029.3433    34.6941    34.6925    7.70890         21 0.0000e+00
    336.000    332.465     1.5742  30.316277     1.5742  30.315125     4.1750     4.1571    -0.0043    98.6830 1.0000e-12  -63.76812  -62.86030 327.286567      39.51 2.8206e+01   1342.428      32219  1029.3398  1029.3387    34.6939    34.6925    7.70903         38 0.0000e+00
    335.000    331.477     1.5740  30.315766     1.5738  30.314198     4.1745     4.1554    -0.0067    98.6815 1.0000e-12  -63.76812  -62.86029 327.286603      40.28 2.8206e+01   1345.501      32293  1029.3353  1029.3339    34.6940    34.6923    7.70906         34 0.0000e+00
    334.000    330.488     1.5743  30.315567     1.5742  30.314282     4.1760     4.1599    -0.0069    98.6887 1.0000e-12  -63.76812  -62.86030 327.286617      41.41 2.8643e+01   1346.676      32321  1029.3306  1029.3293    34.6940    34.6925    7.70899         28 0.0000e+00
    333.000    329.499     1.5741  30.314969     1.5743  30.313831     4.1727     4.1620    -0.0114    98.6979 1.0000e-12  -63.76812  -62.86030 327.286631      42.40 2.8210e+01   1347.947      32352  1029.3259  1029.3246    34.6940    34.6924    7.70903         33 0.0000e+00
    332.000    328.511     1.5742  30.314599     1.5742  30.313358     4.1742     4.1589    -0.0149    98.7012 1.0000e-12  -63.76812  -62.86030 327.286647      43.41 2.6934e+01   1349.321      32385  1029.3212  1029.3199    34.6940    34.6925    7.70901         30 0.0000e+00
    331.000    327.523     1.5747  30.314616     1.5745  30.313198     4.1746     4.1590    -0.0150    98.7081 1.0000e-12  -63.76812  -62.86030 327.286661      44.32 2.6048e+01   1350.546      32414  1029.3165  1029.3152    34.6941    34.6925    7.70891         27 0.0000e+00
    330.000    326.535     1.5749  30.314359     1.5751  30.313265     4.1687     4.1575     0.0003    98.7081 1.0000e-12  -63.76812  -62.86030 327.286674      45.37 2.5433e+01   1351.633      32440  1029.3118  1029.3105    34.6941    34.6926    7.70887         26 0.0000e+00
    329.000    325.544     1.5753  30.314329     1.5753  30.313049     4.1738     4.1573    -0.0125    98.7081 1.0000e-12  -63.76812  -62.86029 327.286688      46.40 2.6610e+01   1352.838      32469  1029.3071  1029.3059    34.6942    34.6926    7.70879         33 0.0000e+00
    328.000    324.556     1.5752  30.313652     1.5750  30.312327     4.1700     4.1562     0.0022    98.7271 1.0000e-12  -63.76812  -62.86029 327.286716      47.58 2.8171e+01   1355.265      32527  1029.3024  1029.3012    34.6941    34.6926    7.70883         37 0.0000e+00
    327.000    323.567     1.5751  30.313074     1.5749  30.311778     4.1619     4.1553     0.0103    98.7164 1.0000e-12  -63.76812  -62.86030 327.286740      48.40 2.8206e+01   1357.368      32578  1029.2977  1029.2965    34.6940    34.6926    7.70885         32 0.0000e+00
    326.000    322.579     1.5752  30.312851     1.5752  30.311533     4.1714     4.1576    -0.0017    98.7309 1.0000e-12  -63.76812  -62.86030 327.286753      49.36 2.8206e+01   1358.475      32604  1029.2931  1029.2918    34.6942    34.6925    7.70881         25 0.0000e+00
    325.000    321.590     1.5751  30.312258     1.5752  30.311096     4.1750     4.1588    -0.0131    98.7396 1.0000e-12  -63.76812  -62.86030 327.286765      50.36 2.8206e+01   1359.505      32629  1029.2884  1029.2871    34.6941    34.6926    7.70884         26 0.0000e+00
    324.000    320.601     1.5751  30.311812     1.5751  30.310679     4.1774     4.1555    -0.0072    98.7301 1.0000e-12  -63.76812  -62.86030 327.286779      51.51 2.7404e+01   1360.694      32658  1029.2837  1029.2825    34.6942    34.6927    7.70884         32 0.0000e+00
    323.000    319.612     1.5751  30.311391     1.5751  30.310138     4.1783     4.1560    -0.0031    98.7347 1.0000e-12  -63.76812  -62.86030 327.286797      52.52 2.6417e+01   1362.268      32695  1029.2790  1029.2777    34.6942    34.6926    7.70883         36 0.0000e+00
    322.000    318.624     1.5750  30.310869     1.5750  30.309600     4.1749     4.1598    -0.0024    98.7203 1.0000e-12  -63.76812  -62.86030 327.286820      53.62 2.6443e+01   1364.253      32743  1029.2744  1029.2731    34.6942    34.6926    7.70885         44 0.0000e+00
    321.000    317.635     1.5752  30.310546     1.5751  30.309300     4.1757     4.1577     0.0063    98.7301 1.0000e-12  -63.76812  -62.86030 327.286840      54.60 2.6443e+01   1366.019      32785  1029.2697  1029.2684    34.6942    34.6927    7.70882         40 0.0000e+00
    320.000    316.646     1.5754  30.310287     1.5751  30.308752     4.1715     4.1561    -0.0100    98.7427 1.0000e-12  -63.76812  -62.86030 327.286862      55.59 2.6443e+01   1367.900      32831  1029.2649  1029.2637    34.6942    34.6926    7.70878         40 0.0000e+00
    319.000    315.658     1.5755  30.310033     1.5756  30.308775     4.1750     4.1554    -0.0142    98.7479 1.0000e-12  -63.76812  -62.86030 327.286880      56.53 2.6443e+01   1369.420      32867  1029.2603  1029.2590    34.6943    34.6926    7.70875         28 0.0000e+00
    318.000    314.668     1.5760  30.310010     1.5760  30.308857     4.1673     4.1553    -0.0076    98.7448 1.0000e-12  -63.76812  -62.86030 327.286891      57.41 2.6443e+01   1370.389      32890  1029.2556  1029.2544    34.6943    34.6928    7.70865         21 0.0000e+00
    317.000    313.679     1.5764  30.309895     1.5763  30.308536     4.1721     4.1554    -0.0145    98.7545 1.0000e-12  -63.76812  -62.86030 327.286901      58.52 2.6939e+01   1371.236      32911  1029.2509  1029.2496    34.6943    34.6927    7.70858         21 0.0000e+00
    316.000    312.691     1.5762  30.309195     1.5762  30.308026     4.1740     4.1565    -0.0150    98.7492 1.0000e-12  -63.76812  -62.86030 327.286913      59.68 2.8124e+01   1372.263      32935  1029.2462  1029.2449    34.6942    34.6927    7.70863         31 0.0000e+00
    315.000    311.701     1.5759  30.308580     1.5759  30.307389     4.1758     4.1540    -0.0050    98.7302 1.0000e-12  -63.76812  -62.86030 327.286947      60.75 2.6876e+01   1375.193      33006  1029.2415  1029.2403    34.6943    34.6928    7.70867         26 0.0000e+00
    314.000    310.713     1.5755  30.307734     1.5757  30.306631     4.1746     4.1576    -0.0044    98.7369 1.0000e-12  -63.76812  -62.86030 327.286991      61.74 2.5253e+01   1378.987      33097  1029.2369  1029.2356    34.6943    34.6926    7.70876         29 0.0000e+00
    313.000    309.725     1.5756  30.307335     1.5755  30.306110     4.1580     4.1558     0.0094    98.7303 1.0000e-12  -63.76812  -62.86030 327.287020      62.66 2.6517e+01   1381.501      33157  1029.2321  1029.2310    34.6943    34.6927    7.70874         25 0.0000e+00
