NBP2113_155081_ctd/data/unbp2113_064.cnv
* Sea-Bird SBE 9 Data File:
* FileName = D:\Data\raw\NBP2113_064.hex
* Software Version Seasave V 7.26.7.121
* Temperature SN = 2438
* Conductivity SN = 2067
* Number of Bytes Per Scan = 40
* Number of Voltage Words = 5
* Number of Scans Averaged by the Deck Unit = 1
* NMEA Latitude = 64 10.41 S
* NMEA Longitude = 061 58.85 W
* NMEA UTC (Time) = Dec 14 2021  13:32:28
* NMEA baud rate = 9600
** Ship: RVIB N.B. Palmer
** Cruise: NBP2113 LTER
** Station: 739.006
** Operator: B. Urmston
# nquan = 25
# nvalues = 799                         
# units = specified
# name 0 = prDM: Pressure, Digiquartz [db]
# name 1 = depSM: Depth [salt water, m]
# name 2 = t090C: Temperature [ITS-90, deg C]
# name 3 = c0mS/cm: Conductivity [mS/cm]
# name 4 = t190C: Temperature, 2 [ITS-90, deg C]
# name 5 = c1mS/cm: Conductivity, 2 [mS/cm]
# name 6 = sbeox0ML/L: Oxygen, SBE 43 [ml/l]
# name 7 = sbeox1ML/L: Oxygen, SBE 43, 2 [ml/l]
# name 8 = flECO-AFL: Fluorescence, WET Labs ECO-AFL/FL [mg/m^3]
# name 9 = CStarTr0: Beam Transmission, WET Labs C-Star [%]
# name 10 = par: PAR/Irradiance, Biospherical/Licor
# name 11 = latitude: Latitude [deg]
# name 12 = longitude: Longitude [deg]
# name 13 = timeJ: Julian Days
# name 14 = altM: Altimeter [m]
# name 15 = spar: SPAR, Biospherical/Licor
# name 16 = timeS: Time, Elapsed [seconds]
# name 17 = scan: Scan Count
# name 18 = density00: Density [density, kg/m^3]
# name 19 = density11: Density, 2 [density, kg/m^3]
# name 20 = sal00: Salinity, Practical [PSU]
# name 21 = sal11: Salinity, Practical, 2 [PSU]
# name 22 = oxsolML/L: Oxygen Saturation, Garcia & Gordon [ml/l]
# name 23 = nbin: number of scans per bin
# name 24 = flag: flag
# span 0 =      1.000,    799.000       
# span 1 =      0.992,    789.693       
# span 2 =    -0.6689,     0.3856       
# span 3 =  28.318497,  28.946200       
# span 4 =    -0.6689,     0.3809       
# span 5 =  28.317395,  28.946867       
# span 6 =     5.3862,    10.2297       
# span 7 =     5.4835,     9.2488       
# span 8 =    -0.0298,     1.4429       
# span 9 =    83.2333,    91.2351       
# span 10 = 1.0000e-12, 4.0452e+02      
# span 11 =  -64.17386,  -64.17328      
# span 12 =  -61.98120,  -61.97968      
# span 13 = 348.581996, 348.596410      
# span 14 =      10.82,      99.97      
# span 15 = 3.6492e+02, 4.7601e+02      
# span 16 =   1536.461,   2781.795      
# span 17 =      36876,      66764      
# span 18 =  1027.2022,  1031.5523      
# span 19 =  1027.2113,  1031.5511      
# span 20 =    33.9008,    34.5364      
# span 21 =    33.9117,    34.5351      
# span 22 =    7.99142,    8.17885      
# span 23 =         23,         48      
# span 24 = 0.0000e+00, 0.0000e+00      
# interval = decibars: 1                
# start_time = Dec 14 2021 13:32:28 [NMEA time, header]
# bad_flag = -9.990e-29
*END*
    799.000    789.693    -0.6682  28.478249    -0.6682  28.477093     6.0196     6.0975    -0.0276    91.0089 1.0000e-12  -64.17346  -61.97988 348.581996      10.82 4.2838e+02   1536.461      36876  1031.5523  1031.5511    34.5320    34.5305    8.17870         42 0.0000e+00
    798.000    788.707    -0.6684  28.477649    -0.6685  28.476538     6.0241     6.1001    -0.0172    91.0075 1.0000e-12  -64.17346  -61.97988 348.582018      11.83 4.2838e+02   1538.370      36922  1031.5477  1031.5466    34.5321    34.5306    8.17875         35 0.0000e+00
    797.000    787.720    -0.6687  28.476923    -0.6689  28.475628     6.0226     6.0990    -0.0197    90.9638 1.0000e-12  -64.17346  -61.97988 348.582036      12.72 4.2838e+02   1539.881      36958  1031.5430  1031.5418    34.5320    34.5306    8.17881         32 0.0000e+00
    796.000    786.734    -0.6689  28.476393    -0.6689  28.475263     6.0214     6.0992    -0.0204    90.9834 1.0000e-12  -64.17346  -61.97988 348.582050      13.69 4.2838e+02   1541.142      36988  1031.5383  1031.5371    34.5321    34.5306    8.17885         29 0.0000e+00
    795.000    785.748    -0.6687  28.476119    -0.6687  28.474917     6.0236     6.1034    -0.0209    90.9796 1.0000e-12  -64.17346  -61.97988 348.582064      14.59 4.2838e+02   1542.335      37017  1031.5336  1031.5323    34.5321    34.5305    8.17881         29 0.0000e+00
    794.000    784.760    -0.6686  28.475732    -0.6688  28.474533     6.0135     6.1039    -0.0191    90.9613 1.0000e-12  -64.17346  -61.97988 348.582077      15.72 4.2838e+02   1543.492      37045  1031.5289  1031.5278    34.5321    34.5306    8.17879         27 0.0000e+00
    793.000    783.774    -0.6686  28.475388    -0.6687  28.474156     6.0093     6.1008    -0.0190    90.9712 1.0000e-12  -64.17346  -61.97988 348.582090      16.64 4.2838e+02   1544.596      37071  1031.5243  1031.5230    34.5322    34.5306    8.17878         26 0.0000e+00
    792.000    782.788    -0.6685  28.474899    -0.6686  28.473708     6.0225     6.0968    -0.0197    90.9627 1.0000e-12  -64.17346  -61.97988 348.582102      17.67 4.2838e+02   1545.651      37097  1031.5194  1031.5183    34.5320    34.5306    8.17877         25 0.0000e+00
    791.000    781.801    -0.6683  28.474628    -0.6685  28.473387     6.0245     6.0964    -0.0193    90.9828 1.0000e-12  -64.17346  -61.97988 348.582114      18.69 4.2838e+02   1546.667      37121  1031.5147  1031.5135    34.5320    34.5305    8.17873         24 0.0000e+00
    790.000    780.815    -0.6684  28.474109    -0.6685  28.472972     6.0229     6.0996    -0.0193    90.9832 1.0000e-12  -64.17346  -61.97988 348.582126      19.66 4.2998e+02   1547.716      37146  1031.5100  1031.5089    34.5320    34.5306    8.17875         26 0.0000e+00
    789.000    779.827    -0.6685  28.473721    -0.6685  28.472516     6.0189     6.0933    -0.0070    90.9832 1.0000e-12  -64.17346  -61.97988 348.582140      20.71 4.3014e+02   1548.872      37174  1031.5054  1031.5041    34.5322    34.5305    8.17875         29 0.0000e+00
    788.000    778.844    -0.6682  28.473493    -0.6683  28.472282     6.0136     6.0966    -0.0223    90.9280 1.0000e-12  -64.17346  -61.97988 348.582153      21.79 4.3014e+02   1550.058      37202  1031.5006  1031.4994    34.5321    34.5306    8.17869         26 0.0000e+00
    787.000    777.854    -0.6677  28.473425    -0.6679  28.472121     6.0164     6.1010    -0.0271    90.9363 1.0000e-12  -64.17346  -61.97988 348.582167      22.74 4.3014e+02   1551.234      37231  1031.4959  1031.4947    34.5321    34.5306    8.17860         28 0.0000e+00
    786.000    776.867    -0.6673  28.473385    -0.6675  28.472073     6.0204     6.1051    -0.0227    90.9916 1.0000e-12  -64.17344  -61.97988 348.582181      23.65 4.3079e+02   1552.413      37259  1031.4912  1031.4899    34.5322    34.5306    8.17851         27 0.0000e+00
    785.000    775.883    -0.6666  28.473507    -0.6664  28.472401     6.0223     6.1031    -0.0260    90.9746 1.0000e-12  -64.17346  -61.97988 348.582194      24.66 4.3191e+02   1553.603      37287  1031.4864  1031.4851    34.5321    34.5305    8.17836         30 0.0000e+00
    784.000    774.895    -0.6663  28.473270    -0.6660  28.472430     6.0248     6.1060    -0.0206    90.9893 1.0000e-12  -64.17346  -61.97988 348.582210      25.82 4.3191e+02   1554.907      37319  1031.4817  1031.4804    34.5321    34.5306    8.17830         33 0.0000e+00
    783.000    773.908    -0.6661  28.473096    -0.6658  28.472219     6.0169     6.0978    -0.0273    91.0257 1.0000e-12  -64.17346  -61.97988 348.582226      26.84 4.3347e+02   1556.308      37352  1031.4770  1031.4758    34.5322    34.5306    8.17824         33 0.0000e+00
    782.000    772.923    -0.6654  28.473155    -0.6655  28.472067     6.0133     6.1017    -0.0130    91.0171 1.0000e-12  -64.17346  -61.97988 348.582241      27.62 4.3367e+02   1557.582      37383  1031.4722  1031.4710    34.5321    34.5307    8.17810         28 0.0000e+00
    781.000    771.937    -0.6639  28.474067    -0.6639  28.472904     6.0145     6.0996    -0.0134    91.0223 1.0000e-12  -64.17346  -61.97988 348.582254      28.53 4.3367e+02   1558.717      37410  1031.4675  1031.4662    34.5322    34.5306    8.17777         23 0.0000e+00
    780.000    770.949    -0.6632  28.474210    -0.6621  28.474060     6.0127     6.0966    -0.0211    91.0292 1.0000e-12  -64.17346  -61.97988 348.582267      29.59 4.3367e+02   1559.853      37437  1031.4627  1031.4614    34.5322    34.5307    8.17762         28 0.0000e+00
    779.000    769.962    -0.6595  28.476983    -0.6596  28.475926     6.0083     6.0957    -0.0287    91.0011 1.0000e-12  -64.17346  -61.97988 348.582281      30.64 4.3367e+02   1561.088      37467  1031.4577  1031.4566    34.5323    34.5310    8.17681         30 0.0000e+00
    778.000    768.977    -0.6568  28.478959    -0.6564  28.478139     6.0121     6.0937    -0.0227    91.0167 1.0000e-12  -64.17346  -61.97988 348.582296      31.60 4.3467e+02   1562.414      37499  1031.4529  1031.4517    34.5324    34.5310    8.17621         32 0.0000e+00
    777.000    767.990    -0.6544  28.480602    -0.6539  28.479874     6.0123     6.0943    -0.0138    90.9871 1.0000e-12  -64.17346  -61.97988 348.582312      32.63 4.3543e+02   1563.773      37532  1031.4481  1031.4468    34.5325    34.5310    8.17569         32 0.0000e+00
    776.000    767.003    -0.6520  28.482158    -0.6501  28.482946     6.0033     6.0898    -0.0137    91.0002 1.0000e-12  -64.17346  -61.97988 348.582327      33.64 4.3543e+02   1565.057      37562  1031.4431  1031.4422    34.5325    34.5314    8.17517         29 0.0000e+00
    775.000    766.016    -0.6473  28.485741    -0.6469  28.484932     6.0043     6.0909    -0.0204    90.9893 1.0000e-12  -64.17346  -61.97988 348.582341      34.69 4.3543e+02   1566.258      37591  1031.4381  1031.4369    34.5326    34.5311    8.17416         29 0.0000e+00
    774.000    765.030    -0.6450  28.487479    -0.6457  28.485745     6.0029     6.0900    -0.0196    90.9609 1.0000e-12  -64.17346  -61.97988 348.582355      35.89 4.3543e+02   1567.460      37620  1031.4336  1031.4324    34.5329    34.5313    8.17365         29 0.0000e+00
    773.000    764.043    -0.6446  28.487422    -0.6446  28.486329     6.0061     6.0901    -0.0195    90.9458 1.0000e-12  -64.17346  -61.97989 348.582369      36.80 4.3577e+02   1568.706      37650  1031.4289  1031.4277    34.5329    34.5314    8.17355         31 0.0000e+00
    772.000    763.056    -0.6448  28.486898    -0.6451  28.485399     6.0050     6.0887    -0.0170    90.9504 1.0000e-12  -64.17346  -61.97989 348.582384      37.89 4.3715e+02   1570.012      37681  1031.4243  1031.4231    34.5331    34.5314    8.17359         29 0.0000e+00
    771.000    762.070    -0.6455  28.485766    -0.6458  28.484443     6.0080     6.0877    -0.0204    90.9573 1.0000e-12  -64.17346  -61.97990 348.582399      38.88 4.3719e+02   1571.297      37712  1031.4196  1031.4185    34.5329    34.5315    8.17375         30 0.0000e+00
    770.000    761.084    -0.6459  28.484886    -0.6462  28.483548     6.0020     6.0872    -0.0199    90.9574 1.0000e-12  -64.17346  -61.97989 348.582414      39.85 4.3719e+02   1572.535      37742  1031.4149  1031.4138    34.5328    34.5313    8.17385         29 0.0000e+00
    769.000    760.096    -0.6462  28.484189    -0.6464  28.482945     6.0103     6.0874    -0.0203    90.9574 1.0000e-12  -64.17346  -61.97989 348.582428      40.86 4.3719e+02   1573.800      37772  1031.4103  1031.4091    34.5328    34.5313    8.17391         31 0.0000e+00
    768.000    759.110    -0.6464  28.483541    -0.6466  28.482334     6.0119     6.0874    -0.0135    90.9498 1.0000e-12  -64.17346  -61.97990 348.582442      41.64 4.3843e+02   1575.018      37801  1031.4055  1031.4044    34.5328    34.5313    8.17396         26 0.0000e+00
    767.000    758.124    -0.6467  28.482958    -0.6468  28.481672     6.0101     6.0889    -0.0207    90.9593 1.0000e-12  -64.17346  -61.97988 348.582456      42.69 4.3896e+02   1576.164      37829  1031.4009  1031.3996    34.5328    34.5312    8.17400         27 0.0000e+00
    766.000    757.136    -0.6469  28.482247    -0.6470  28.481035     6.0048     6.0937    -0.0149    90.9750 1.0000e-12  -64.17346  -61.97990 348.582470      43.90 4.3896e+02   1577.395      37858  1031.3962  1031.3950    34.5327    34.5313    8.17406         30 0.0000e+00
    765.000    756.152    -0.6471  28.481611    -0.6472  28.480414     6.0030     6.0890    -0.0164    90.9574 1.0000e-12  -64.17346  -61.97990 348.582485      44.78 4.3896e+02   1578.732      37891  1031.3915  1031.3903    34.5327    34.5312    8.17411         32 0.0000e+00
    764.000    755.163    -0.6472  28.481171    -0.6471  28.480075     6.0075     6.0891    -0.0210    90.9757 1.0000e-12  -64.17346  -61.97990 348.582500      45.76 4.3896e+02   1580.023      37922  1031.3868  1031.3855    34.5328    34.5312    8.17412         28 0.0000e+00
    763.000    754.177    -0.6460  28.481682    -0.6457  28.480781     6.0075     6.0883    -0.0266    90.9638 1.0000e-12  -64.17346  -61.97990 348.582515      46.86 4.3966e+02   1581.284      37952  1031.3819  1031.3807    34.5327    34.5312    8.17386         28 0.0000e+00
    762.000    753.191    -0.6447  28.482367    -0.6441  28.481787     6.0083     6.0879    -0.0295    90.9502 1.0000e-12  -64.17346  -61.97990 348.582529      47.73 4.4067e+02   1582.467      37980  1031.3772  1031.3760    34.5328    34.5313    8.17359         29 0.0000e+00
    761.000    752.203    -0.6431  28.483211    -0.6426  28.482598     6.0028     6.0955    -0.0226    90.9495 1.0000e-12  -64.17346  -61.97990 348.582542      48.91 4.4072e+02   1583.626      38008  1031.3723  1031.3711    34.5327    34.5313    8.17325         26 0.0000e+00
    760.000    751.218    -0.6391  28.486302    -0.6383  28.485801     6.0116     6.0887    -0.0282    90.9698 1.0000e-12  -64.17346  -61.97990 348.582556      50.07 4.4072e+02   1584.829      38037  1031.3674  1031.3661    34.5329    34.5314    8.17237         29 0.0000e+00
    759.000    750.231    -0.6369  28.487884    -0.6355  28.487939     6.0111     6.0852    -0.0135    90.9428 1.0000e-12  -64.17346  -61.97990 348.582570      51.03 4.4072e+02   1586.057      38066  1031.3627  1031.3613    34.5331    34.5316    8.17189         28 0.0000e+00
    758.000    749.244    -0.6345  28.489466    -0.6336  28.489244     6.0053     6.0847    -0.0220    90.9555 1.0000e-12  -64.17346  -61.97990 348.582584      51.94 4.4072e+02   1587.253      38095  1031.3578  1031.3566    34.5331    34.5317    8.17136         30 0.0000e+00
    757.000    748.255    -0.6334  28.490024    -0.6323  28.489914     6.0050     6.0837    -0.0258    90.9574 1.0000e-12  -64.17346  -61.97990 348.582599      53.06 4.4072e+02   1588.533      38126  1031.3531  1031.3519    34.5332    34.5318    8.17112         27 0.0000e+00
    756.000    747.271    -0.6329  28.489926    -0.6315  28.490272     6.0086     6.0824    -0.0142    90.9574 1.0000e-12  -64.17346  -61.97990 348.582614      54.01 4.4072e+02   1589.830      38157  1031.3483  1031.3472    34.5331    34.5319    8.17102         29 0.0000e+00
    755.000    746.285    -0.6302  28.491863    -0.6303  28.490736     6.0076     6.0826    -0.0067    90.9574 1.0000e-12  -64.17346  -61.97990 348.582627      54.87 4.4072e+02   1590.934      38183  1031.3434  1031.3424    34.5332    34.5319    8.17042         24 0.0000e+00
    754.000    745.298    -0.6299  28.491758    -0.6300  28.490577     6.0043     6.0814    -0.0167    90.9481 1.0000e-12  -64.17346  -61.97990 348.582639      56.09 4.4072e+02   1592.016      38209  1031.3388  1031.3377    34.5333    34.5318    8.17036         26 0.0000e+00
    753.000    744.311    -0.6292  28.492000    -0.6296  28.490559     6.0039     6.0816    -0.0215    91.0066 1.0000e-12  -64.17346  -61.97990 348.582653      57.18 4.4072e+02   1593.209      38238  1031.3342  1031.3330    34.5334    34.5319    8.17020         29 0.0000e+00
    752.000    743.324    -0.6288  28.491863    -0.6287  28.490803     6.0042     6.0872    -0.0212    90.9907 1.0000e-12  -64.17346  -61.97990 348.582668      58.16 4.4072e+02   1594.500      38269  1031.3294  1031.3282    34.5334    34.5318    8.17011         31 0.0000e+00
    751.000    742.337    -0.6286  28.491551    -0.6285  28.490594     6.0071     6.0874    -0.0154    91.0022 1.0000e-12  -64.17346  -61.97990 348.582684      59.21 4.4072e+02   1595.863      38302  1031.3247  1031.3236    34.5334    34.5319    8.17008         34 0.0000e+00
    750.000    741.351    -0.6280  28.491532    -0.6279  28.490611     6.0073     6.0862    -0.0217    91.0169 1.0000e-12  -64.17346  -61.97992 348.582699      60.45 4.4072e+02   1597.206      38334  1031.3199  1031.3188    34.5332    34.5319    8.16996         30 0.0000e+00
    749.000    740.364    -0.6273  28.491784    -0.6270  28.490971     5.9978     6.0848    -0.0268    91.0078 1.0000e-12  -64.17346  -61.97990 348.582713      61.40 4.4072e+02   1598.398      38363  1031.3153  1031.3141    34.5334    34.5319    8.16979         27 0.0000e+00
    748.000    739.377    -0.6268  28.491775    -0.6269  28.490606     6.0050     6.0896    -0.0206    91.0375 1.0000e-12  -64.17346  -61.97992 348.582726      62.40 4.4072e+02   1599.548      38390  1031.3105  1031.3094    34.5334    34.5319    8.16968         29 0.0000e+00
    747.000    738.391    -0.6268  28.491353    -0.6267  28.490257     6.0004     6.0921    -0.0205    91.0451 1.0000e-12  -64.17346  -61.97992 348.582740      63.09 4.4072e+02   1600.703      38418  1031.3058  1031.3047    34.5334    34.5319    8.16968         27 0.0000e+00
    746.000    737.405    -0.6267  28.490984    -0.6268  28.489830     6.0004     6.0874    -0.0176    91.0297 1.0000e-12  -64.17346  -61.97992 348.582752      64.35 4.4072e+02   1601.814      38445  1031.3012  1031.3000    34.5334    34.5319    8.16967         26 0.0000e+00
    745.000    736.416    -0.6268  28.490481    -0.6269  28.489220     6.0055     6.0840    -0.0211    91.0152 1.0000e-12  -64.17346  -61.97992 348.582766      65.44 4.3933e+02   1602.955      38472  1031.2965  1031.2952    34.5334    34.5318    8.16969         29 0.0000e+00
    744.000    735.430    -0.6269  28.490033    -0.6270  28.488780     6.0044     6.0838    -0.0298    91.0365 1.0000e-12  -64.17346  -61.97992 348.582781      66.49 4.3896e+02   1604.241      38503  1031.2918  1031.2907    34.5335    34.5319    8.16969         32 0.0000e+00
    743.000    734.445    -0.6270  28.489451    -0.6270  28.488239     6.0091     6.0844    -0.0223    91.0500 1.0000e-12  -64.17346  -61.97992 348.582795      67.55 4.3896e+02   1605.520      38533  1031.2871  1031.2859    34.5334    34.5318    8.16972         29 0.0000e+00
