NBP2113_155081_ctd/data/unbp2113_064.cnv
* Sea-Bird SBE 9 Data File:
* FileName = D:\Data\raw\NBP2113_064.hex
* Software Version Seasave V 7.26.7.121
* Temperature SN = 2438
* Conductivity SN = 2067
* Number of Bytes Per Scan = 40
* Number of Voltage Words = 5
* Number of Scans Averaged by the Deck Unit = 1
* NMEA Latitude = 64 10.41 S
* NMEA Longitude = 061 58.85 W
* NMEA UTC (Time) = Dec 14 2021  13:32:28
* NMEA baud rate = 9600
** Ship: RVIB N.B. Palmer
** Cruise: NBP2113 LTER
** Station: 739.006
** Operator: B. Urmston
# nquan = 25
# nvalues = 799                         
# units = specified
# name 0 = prDM: Pressure, Digiquartz [db]
# name 1 = depSM: Depth [salt water, m]
# name 2 = t090C: Temperature [ITS-90, deg C]
# name 3 = c0mS/cm: Conductivity [mS/cm]
# name 4 = t190C: Temperature, 2 [ITS-90, deg C]
# name 5 = c1mS/cm: Conductivity, 2 [mS/cm]
# name 6 = sbeox0ML/L: Oxygen, SBE 43 [ml/l]
# name 7 = sbeox1ML/L: Oxygen, SBE 43, 2 [ml/l]
# name 8 = flECO-AFL: Fluorescence, WET Labs ECO-AFL/FL [mg/m^3]
# name 9 = CStarTr0: Beam Transmission, WET Labs C-Star [%]
# name 10 = par: PAR/Irradiance, Biospherical/Licor
# name 11 = latitude: Latitude [deg]
# name 12 = longitude: Longitude [deg]
# name 13 = timeJ: Julian Days
# name 14 = altM: Altimeter [m]
# name 15 = spar: SPAR, Biospherical/Licor
# name 16 = timeS: Time, Elapsed [seconds]
# name 17 = scan: Scan Count
# name 18 = density00: Density [density, kg/m^3]
# name 19 = density11: Density, 2 [density, kg/m^3]
# name 20 = sal00: Salinity, Practical [PSU]
# name 21 = sal11: Salinity, Practical, 2 [PSU]
# name 22 = oxsolML/L: Oxygen Saturation, Garcia & Gordon [ml/l]
# name 23 = nbin: number of scans per bin
# name 24 = flag: flag
# span 0 =      1.000,    799.000       
# span 1 =      0.992,    789.693       
# span 2 =    -0.6689,     0.3856       
# span 3 =  28.318497,  28.946200       
# span 4 =    -0.6689,     0.3809       
# span 5 =  28.317395,  28.946867       
# span 6 =     5.3862,    10.2297       
# span 7 =     5.4835,     9.2488       
# span 8 =    -0.0298,     1.4429       
# span 9 =    83.2333,    91.2351       
# span 10 = 1.0000e-12, 4.0452e+02      
# span 11 =  -64.17386,  -64.17328      
# span 12 =  -61.98120,  -61.97968      
# span 13 = 348.581996, 348.596410      
# span 14 =      10.82,      99.97      
# span 15 = 3.6492e+02, 4.7601e+02      
# span 16 =   1536.461,   2781.795      
# span 17 =      36876,      66764      
# span 18 =  1027.2022,  1031.5523      
# span 19 =  1027.2113,  1031.5511      
# span 20 =    33.9008,    34.5364      
# span 21 =    33.9117,    34.5351      
# span 22 =    7.99142,    8.17885      
# span 23 =         23,         48      
# span 24 = 0.0000e+00, 0.0000e+00      
# interval = decibars: 1                
# start_time = Dec 14 2021 13:32:28 [NMEA time, header]
# bad_flag = -9.990e-29
*END*
[from data line 116]
    683.000    675.232    -0.6232  28.466349    -0.6232  28.465237     6.0079     6.0870    -0.0216    91.0640 1.0000e-12  -64.17344  -61.97984 348.583638      99.97 4.3191e+02   1678.302      40280  1031.0044  1031.0032    34.5337    34.5322    8.16890         30 0.0000e+00
    682.000    674.244    -0.6230  28.466111    -0.6230  28.465041     6.0059     6.0894    -0.0243    91.0817 1.0000e-12  -64.17344  -61.97983 348.583652      99.97 4.3191e+02   1679.536      40310  1030.9997  1030.9985    34.5337    34.5323    8.16885         27 0.0000e+00
    681.000    673.257    -0.6228  28.465877    -0.6227  28.464831     6.0081     6.0902    -0.0259    91.0680 1.0000e-12  -64.17344  -61.97982 348.583666      99.97 4.3191e+02   1680.709      40338  1030.9949  1030.9937    34.5337    34.5322    8.16880         27 0.0000e+00
    680.000    672.271    -0.6225  28.465542    -0.6225  28.464533     6.0117     6.0891    -0.0180    91.0967 1.0000e-12  -64.17344  -61.97982 348.583679      99.97 4.3191e+02   1681.835      40365  1030.9901  1030.9891    34.5336    34.5322    8.16876         27 0.0000e+00
    679.000    671.284    -0.6222  28.465421    -0.6224  28.464187     6.0118     6.0911    -0.0170    91.0755 1.0000e-12  -64.17344  -61.97982 348.583692      99.97 4.3191e+02   1683.003      40393  1030.9855  1030.9843    34.5337    34.5323    8.16869         29 0.0000e+00
    678.000    670.297    -0.6222  28.465027    -0.6224  28.463831     6.0097     6.0942    -0.0215    91.0586 1.0000e-12  -64.17344  -61.97980 348.583707      99.97 4.3191e+02   1684.261      40423  1030.9808  1030.9797    34.5337    34.5323    8.16867         31 0.0000e+00
    677.000    669.309    -0.6220  28.464748    -0.6221  28.463573     6.0064     6.0946    -0.0216    91.0975 1.0000e-12  -64.17344  -61.97980 348.583721      99.97 4.3191e+02   1685.523      40454  1030.9760  1030.9750    34.5337    34.5323    8.16863         29 0.0000e+00
    676.000    668.322    -0.6217  28.464604    -0.6217  28.463392     6.0035     6.0905    -0.0152    91.0870 1.0000e-12  -64.17343  -61.97979 348.583735      99.97 4.3191e+02   1686.679      40481  1030.9714  1030.9701    34.5337    34.5322    8.16856         27 0.0000e+00
    675.000    667.337    -0.6211  28.464696    -0.6211  28.463633     6.0051     6.0887    -0.0147    91.0862 1.0000e-12  -64.17342  -61.97978 348.583748      99.97 4.3191e+02   1687.804      40508  1030.9667  1030.9655    34.5339    34.5324    8.16844         27 0.0000e+00
    674.000    666.348    -0.6204  28.464872    -0.6203  28.463840     6.0075     6.0902    -0.0207    91.0835 1.0000e-12  -64.17342  -61.97978 348.583761      99.97 4.3191e+02   1688.976      40536  1030.9618  1030.9607    34.5338    34.5324    8.16827         29 0.0000e+00
    673.000    665.361    -0.6196  28.465075    -0.6197  28.463968     6.0176     6.0896    -0.0147    91.0975 1.0000e-12  -64.17342  -61.97978 348.583775      99.97 4.3191e+02   1690.199      40566  1030.9571  1030.9559    34.5339    34.5324    8.16811         30 0.0000e+00
    672.000    664.374    -0.6192  28.464930    -0.6194  28.463837     6.0192     6.0959    -0.0160    91.0834 1.0000e-12  -64.17342  -61.97976 348.583790      99.97 4.3191e+02   1691.429      40595  1030.9523  1030.9513    34.5338    34.5325    8.16803         29 0.0000e+00
    671.000    663.387    -0.6182  28.465429    -0.6185  28.464080     6.0063     6.0944    -0.0198    91.0638 1.0000e-12  -64.17342  -61.97976 348.583803      99.97 4.3178e+02   1692.623      40624  1030.9476  1030.9464    34.5339    34.5324    8.16780         27 0.0000e+00
    670.000    662.400    -0.6176  28.465460    -0.6177  28.464321     6.0116     6.0918    -0.0150    91.1050 1.0000e-12  -64.17342  -61.97976 348.583818      99.97 4.3150e+02   1693.852      40653  1030.9428  1030.9417    34.5339    34.5324    8.16768         30 0.0000e+00
    669.000    661.414    -0.6169  28.465738    -0.6170  28.464462     6.0101     6.0903    -0.0188    91.0933 1.0000e-12  -64.17342  -61.97976 348.583832      99.97 4.3081e+02   1695.084      40683  1030.9381  1030.9369    34.5340    34.5324    8.16751         29 0.0000e+00
    668.000    660.426    -0.6166  28.465492    -0.6169  28.464189     6.0027     6.0890    -0.0219    91.0638 1.0000e-12  -64.17340  -61.97974 348.583846      99.97 4.3014e+02   1696.299      40712  1030.9334  1030.9323    34.5340    34.5325    8.16746         29 0.0000e+00
    667.000    659.438    -0.6163  28.465431    -0.6164  28.464190     6.0087     6.0871    -0.0163    91.0585 1.0000e-12  -64.17340  -61.97974 348.583860      99.97 4.3014e+02   1697.485      40741  1030.9288  1030.9275    34.5341    34.5325    8.16738         28 0.0000e+00
    666.000    658.453    -0.6160  28.465176    -0.6161  28.463989     6.0113     6.0876    -0.0267    91.0744 1.0000e-12  -64.17340  -61.97974 348.583873      99.97 4.3014e+02   1698.658      40769  1030.9240  1030.9228    34.5341    34.5326    8.16732         28 0.0000e+00
    665.000    657.464    -0.6158  28.464832    -0.6160  28.463610     6.0064     6.0894    -0.0231    91.0854 1.0000e-12  -64.17340  -61.97973 348.583887      99.97 4.3014e+02   1699.846      40797  1030.9192  1030.9181    34.5339    34.5325    8.16728         29 0.0000e+00
    664.000    656.478    -0.6157  28.464567    -0.6159  28.463262     6.0051     6.0862    -0.0211    91.0578 1.0000e-12  -64.17340  -61.97973 348.583901      99.97 4.3014e+02   1701.014      40825  1030.9146  1030.9134    34.5341    34.5326    8.16725         28 0.0000e+00
    663.000    655.491    -0.6158  28.464025    -0.6160  28.462815     6.0138     6.0931    -0.0276    91.0542 1.0000e-12  -64.17340  -61.97972 348.583914      99.97 4.3014e+02   1702.198      40854  1030.9099  1030.9088    34.5341    34.5327    8.16728         29 0.0000e+00
    662.000    654.503    -0.6158  28.463598    -0.6159  28.462370     6.0059     6.0864    -0.0165    91.0632 1.0000e-12  -64.17340  -61.97972 348.583929      99.97 4.3014e+02   1703.424      40883  1030.9052  1030.9040    34.5341    34.5326    8.16727         29 0.0000e+00
    661.000    653.517    -0.6157  28.463184    -0.6159  28.461967     6.0031     6.0876    -0.0247    91.0855 1.0000e-12  -64.17339  -61.97972 348.583943      99.97 4.3014e+02   1704.637      40912  1030.9004  1030.8993    34.5340    34.5326    8.16726         29 0.0000e+00
    660.000    652.529    -0.6156  28.462773    -0.6158  28.461527     6.0077     6.0875    -0.0169    91.0948 1.0000e-12  -64.17338  -61.97972 348.583956      99.97 4.3014e+02   1705.796      40940  1030.8957  1030.8945    34.5340    34.5325    8.16725         27 0.0000e+00
    659.000    651.542    -0.6157  28.462345    -0.6158  28.461201     6.0068     6.0860    -0.0216    91.1101 1.0000e-12  -64.17338  -61.97972 348.583969      99.97 4.3014e+02   1706.944      40968  1030.8910  1030.8899    34.5340    34.5326    8.16725         28 0.0000e+00
    658.000    650.556    -0.6156  28.461975    -0.6158  28.460692     6.0093     6.0857    -0.0174    91.0701 1.0000e-12  -64.17338  -61.97970 348.583983      99.97 4.3014e+02   1708.109      40996  1030.8863  1030.8851    34.5341    34.5326    8.16724         27 0.0000e+00
    657.000    649.568    -0.6158  28.461272    -0.6163  28.459849     6.0170     6.0853    -0.0144    91.0769 1.0000e-12  -64.17338  -61.97972 348.583996      99.97 4.3014e+02   1709.272      41024  1030.8815  1030.8805    34.5339    34.5326    8.16729         25 0.0000e+00
    656.000    648.580    -0.6162  28.460496    -0.6165  28.459182     6.0139     6.0846    -0.0194    91.1081 1.0000e-12  -64.17338  -61.97970 348.584011      99.97 4.3014e+02   1710.530      41054  1030.8768  1030.8757    34.5339    34.5325    8.16737         32 0.0000e+00
    655.000    647.592    -0.6163  28.460021    -0.6165  28.458776     6.0058     6.0920    -0.0157    91.0912 1.0000e-12  -64.17338  -61.97970 348.584026      99.97 4.3014e+02   1711.873      41086  1030.8721  1030.8710    34.5340    34.5325    8.16738         31 0.0000e+00
    654.000    646.607    -0.6162  28.459515    -0.6165  28.458309     6.0129     6.0877    -0.0147    91.0926 1.0000e-12  -64.17336  -61.97970 348.584041      99.97 4.3014e+02   1713.116      41116  1030.8673  1030.8662    34.5338    34.5325    8.16738         28 0.0000e+00
    653.000    645.619    -0.6163  28.459027    -0.6165  28.457830     6.0105     6.0888    -0.0219    91.1130 1.0000e-12  -64.17336  -61.97970 348.584054      99.97 4.3014e+02   1714.259      41143  1030.8626  1030.8615    34.5339    34.5324    8.16740         27 0.0000e+00
    652.000    644.633    -0.6164  28.458565    -0.6166  28.457389     6.0081     6.0892    -0.0215    91.1050 1.0000e-12  -64.17336  -61.97970 348.584067      99.97 4.3014e+02   1715.351      41169  1030.8579  1030.8569    34.5339    34.5326    8.16741         26 0.0000e+00
    651.000    643.645    -0.6168  28.457764    -0.6171  28.456487     6.0076     6.0901    -0.0216    91.1144 1.0000e-12  -64.17336  -61.97970 348.584080      99.97 4.3014e+02   1716.484      41197  1030.8533  1030.8522    34.5339    34.5325    8.16750         29 0.0000e+00
    650.000    642.658    -0.6174  28.456823    -0.6174  28.455720     6.0137     6.0921    -0.0215    91.1199 1.0000e-12  -64.17335  -61.97970 348.584094      99.97 4.3014e+02   1717.749      41227  1030.8486  1030.8474    34.5339    34.5324    8.16762         32 0.0000e+00
    649.000    641.670    -0.6176  28.456118    -0.6177  28.454984     6.0094     6.0894    -0.0183    91.0608 1.0000e-12  -64.17334  -61.97970 348.584109      99.97 4.3066e+02   1719.039      41258  1030.8438  1030.8427    34.5338    34.5324    8.16767         27 0.0000e+00
    648.000    640.684    -0.6173  28.455947    -0.6175  28.454596     6.0068     6.0865    -0.0222    91.1073 1.0000e-12  -64.17334  -61.97970 348.584123      99.97 4.3110e+02   1720.252      41287  1030.8390  1030.8378    34.5338    34.5322    8.16761         28 0.0000e+00
    647.000    639.696    -0.6167  28.455963    -0.6168  28.454812     6.0108     6.0857    -0.0256    91.1160 1.0000e-12  -64.17334  -61.97970 348.584136      99.97 4.3014e+02   1721.375      41314  1030.8342  1030.8331    34.5337    34.5323    8.16748         25 0.0000e+00
    646.000    638.710    -0.6162  28.455944    -0.6163  28.454723     6.0028     6.0854    -0.0262    91.1186 1.0000e-12  -64.17334  -61.97970 348.584149      99.97 4.3014e+02   1722.452      41340  1030.8295  1030.8283    34.5338    34.5323    8.16738         27 0.0000e+00
    645.000    637.721    -0.6165  28.455305    -0.6167  28.454027     6.0010     6.0847    -0.0293    91.1381 1.0000e-12  -64.17334  -61.97970 348.584161      99.97 4.3014e+02   1723.550      41366  1030.8248  1030.8237    34.5338    34.5324    8.16744         27 0.0000e+00
    644.000    636.735    -0.6169  28.454533    -0.6172  28.453197     6.0031     6.0909    -0.0243    91.1343 1.0000e-12  -64.17334  -61.97970 348.584176      99.97 4.3027e+02   1724.772      41396  1030.8202  1030.8191    34.5338    34.5324    8.16752         30 0.0000e+00
    643.000    635.748    -0.6169  28.453961    -0.6170  28.452830     6.0139     6.0873    -0.0218    91.1112 1.0000e-12  -64.17334  -61.97970 348.584191      99.97 4.3126e+02   1726.104      41427  1030.8153  1030.8142    34.5337    34.5323    8.16753         31 0.0000e+00
    642.000    634.760    -0.6165  28.453830    -0.6165  28.452799     6.0038     6.0847    -0.0207    91.1336 1.0000e-12  -64.17334  -61.97970 348.584206      99.97 4.3114e+02   1727.409      41459  1030.8106  1030.8094    34.5337    34.5322    8.16745         30 0.0000e+00
    641.000    633.774    -0.6156  28.454176    -0.6153  28.453274     5.9988     6.0857    -0.0158    91.1377 1.0000e-12  -64.17332  -61.97970 348.584220      99.97 4.3128e+02   1728.609      41488  1030.8058  1030.8045    34.5337    34.5321    8.16725         28 0.0000e+00
    640.000    632.785    -0.6143  28.454880    -0.6141  28.453826     5.9952     6.0815    -0.0235    91.1529 1.0000e-12  -64.17332  -61.97970 348.584233      99.97 4.3191e+02   1729.749      41515  1030.8010  1030.7997    34.5337    34.5321    8.16696         27 0.0000e+00
    639.000    631.799    -0.6130  28.455558    -0.6129  28.454609     6.0014     6.0823    -0.0278    91.1520 1.0000e-12  -64.17332  -61.97970 348.584246      99.97 4.3191e+02   1730.874      41542  1030.7962  1030.7951    34.5338    34.5324    8.16669         27 0.0000e+00
    638.000    630.812    -0.6126  28.455446    -0.6121  28.454905     6.0086     6.0869    -0.0193    91.1462 1.0000e-12  -64.17332  -61.97970 348.584259      99.97 4.3191e+02   1732.007      41569  1030.7915  1030.7904    34.5338    34.5325    8.16661         27 0.0000e+00
    637.000    629.824    -0.6118  28.455709    -0.6116  28.454876     6.0005     6.0840    -0.0195    91.1524 1.0000e-12  -64.17332  -61.97970 348.584273      99.97 4.3191e+02   1733.158      41597  1030.7868  1030.7856    34.5338    34.5324    8.16643         28 0.0000e+00
    636.000    628.837    -0.6116  28.455484    -0.6126  28.453584     6.0064     6.0841    -0.0258    91.1453 1.0000e-12  -64.17332  -61.97968 348.584287      99.97 4.3191e+02   1734.358      41626  1030.7820  1030.7810    34.5339    34.5325    8.16638         31 0.0000e+00
    635.000    627.851    -0.6126  28.454114    -0.6132  28.452583     6.0012     6.0825    -0.0172    91.1441 1.0000e-12  -64.17331  -61.97968 348.584303      99.97 4.3191e+02   1735.742      41659  1030.7774  1030.7762    34.5338    34.5323    8.16661         36 0.0000e+00
    634.000    626.863    -0.6135  28.452922    -0.6134  28.451931     5.9991     6.0802    -0.0284    91.1603 1.0000e-12  -64.17330  -61.97968 348.584321      99.97 4.3191e+02   1737.350      41697  1030.7728  1030.7716    34.5338    34.5324    8.16680         29 0.0000e+00
    633.000    625.876    -0.6133  28.452612    -0.6136  28.451275     5.9980     6.0804    -0.0188    91.1552 1.0000e-12  -64.17330  -61.97968 348.584341      99.97 4.3191e+02   1739.081      41739  1030.7679  1030.7668    34.5337    34.5323    8.16675         38 0.0000e+00
    632.000    624.888    -0.6134  28.452013    -0.6135  28.450848     5.9996     6.0820    -0.0236    91.1534 1.0000e-12  -64.17330  -61.97968 348.584360      99.97 4.3191e+02   1740.688      41778  1030.7631  1030.7621    34.5336    34.5323    8.16678         31 0.0000e+00
    631.000    623.901    -0.6134  28.451642    -0.6137  28.450330     6.0007     6.0849    -0.0255    91.1498 1.0000e-12  -64.17330  -61.97968 348.584377      99.97 4.3191e+02   1742.173      41813  1030.7585  1030.7575    34.5337    34.5323    8.16677         36 0.0000e+00
    630.000    622.913    -0.6128  28.451697    -0.6128  28.450628     5.9979     6.0811    -0.0216    91.1604 1.0000e-12  -64.17330  -61.97968 348.584396      99.97 4.3191e+02   1743.837      41853  1030.7537  1030.7526    34.5337    34.5323    8.16665         36 0.0000e+00
    629.000    621.927    -0.6124  28.451599    -0.6121  28.450769     5.9924     6.0864    -0.0211    91.1520 1.0000e-12  -64.17330  -61.97968 348.584414      99.97 4.3191e+02   1745.391      41890  1030.7490  1030.7478    34.5338    34.5323    8.16656         33 0.0000e+00
    628.000    620.939    -0.6120  28.451473    -0.6121  28.450369     5.9998     6.0836    -0.0155    91.1605 1.0000e-12  -64.17330  -61.97968 348.584433      99.97 4.3191e+02   1746.986      41929  1030.7442  1030.7432    34.5337    34.5324    8.16647         36 0.0000e+00
    627.000    619.953    -0.6120  28.451055    -0.6120  28.450075     6.0084     6.0802    -0.0141    91.1451 1.0000e-12  -64.17330  -61.97968 348.584452      99.97 4.3191e+02   1748.629      41968  1030.7395  1030.7384    34.5337    34.5324    8.16647         36 0.0000e+00
