NBP2113_155081_ctd/data/unbp2113_017.cnv
* Sea-Bird SBE 9 Data File:
* FileName = D:\Data\raw\NBP2113_017.hex
* Software Version Seasave V 7.26.7.121
* Temperature SN = 2438
* Conductivity SN = 2067
* Number of Bytes Per Scan = 40
* Number of Voltage Words = 5
* Number of Scans Averaged by the Deck Unit = 1
* NMEA Latitude = 65 14.32 S
* NMEA Longitude = 069 47.72 W
* NMEA UTC (Time) = Nov 28 2021  09:59:52
* NMEA baud rate = 9600
** Ship: RVIB N.B. Palmer
** Cruise: NBP2113 LTER
** Station: 400.200
** Operator: B. Urmston
# nquan = 25
# nvalues = 2755                        
# units = specified
# name 0 = prDM: Pressure, Digiquartz [db]
# name 1 = depSM: Depth [salt water, m]
# name 2 = t090C: Temperature [ITS-90, deg C]
# name 3 = c0mS/cm: Conductivity [mS/cm]
# name 4 = t190C: Temperature, 2 [ITS-90, deg C]
# name 5 = c1mS/cm: Conductivity, 2 [mS/cm]
# name 6 = sbeox0ML/L: Oxygen, SBE 43 [ml/l]
# name 7 = sbeox1ML/L: Oxygen, SBE 43, 2 [ml/l]
# name 8 = flECO-AFL: Fluorescence, WET Labs ECO-AFL/FL [mg/m^3]
# name 9 = CStarTr0: Beam Transmission, WET Labs C-Star [%]
# name 10 = par: PAR/Irradiance, Biospherical/Licor
# name 11 = latitude: Latitude [deg]
# name 12 = longitude: Longitude [deg]
# name 13 = timeJ: Julian Days
# name 14 = altM: Altimeter [m]
# name 15 = spar: SPAR, Biospherical/Licor
# name 16 = timeS: Time, Elapsed [seconds]
# name 17 = scan: Scan Count
# name 18 = density00: Density [density, kg/m^3]
# name 19 = density11: Density, 2 [density, kg/m^3]
# name 20 = sal00: Salinity, Practical [PSU]
# name 21 = sal11: Salinity, Practical, 2 [PSU]
# name 22 = oxsolML/L: Oxygen Saturation, Garcia & Gordon [ml/l]
# name 23 = nbin: number of scans per bin
# name 24 = flag: flag
# span 0 =      1.000,   2755.000       
# span 1 =      0.992,   2710.199       
# span 2 =    -0.8803,     2.0064       
# span 3 =  27.599174,  30.670061       
# span 4 =    -0.8797,     2.0062       
# span 5 =  27.597203,  30.669171       
# span 6 =     3.8706,     9.4211       
# span 7 =     3.9241,    10.0093       
# span 8 =    -0.0226,     7.4342       
# span 9 =    87.3419,    97.9842       
# span 10 = 1.0000e-12, 1.0000e-12      
# span 11 =  -65.23756,  -65.23662      
# span 12 =  -69.79936,  -69.79792      
# span 13 = 332.462639, 332.506389      
# span 14 =       1.07,     100.66      
# span 15 = 2.6267e+02, 6.5233e+02      
# span 16 =   3979.995,   7760.045      
# span 17 =      95521,     186242      
# span 18 =  1027.3210,  1040.5463      
# span 19 =  1027.3201,  1040.5457      
# span 20 =    33.9856,    34.7281      
# span 21 =    33.9845,    34.7276      
# span 22 =    7.62748,    8.25370      
# span 23 =         11,         48      
# span 24 = 0.0000e+00, 0.0000e+00      
# interval = decibars: 1                
# start_time = Nov 28 2021 09:59:52 [NMEA time, header]
# bad_flag = -9.990e-29
*END*
[from data line 2435]
    320.000    316.612     1.9911  30.658140     1.9906  30.657296     3.9384     3.9782     0.0013    97.8745 1.0000e-12  -65.23662  -69.79890 332.497413      99.98 2.8560e+02   6984.488     167629  1029.2155  1029.2151    34.6766    34.6761    7.62930         28 0.0000e+00
    319.000    315.626     1.9916  30.658650     1.9915  30.658356     3.9350     3.9865     0.0019    97.8798 1.0000e-12  -65.23664  -69.79890 332.497441      99.98 2.8559e+02   6986.935     167687  1029.2112  1029.2111    34.6773    34.6771    7.62916         35 0.0000e+00
    318.000    314.636     1.9911  30.657364     1.9906  30.656510     3.9311     3.9852    -0.0005    97.8689 1.0000e-12  -65.23664  -69.79888 332.497456      99.98 2.8559e+02   6988.179     167717  1029.2062  1029.2058    34.6767    34.6762    7.62928         21 0.0000e+00
    317.000    313.647     1.9911  30.656684     1.9909  30.655968     3.9270     3.9833    -0.0056    97.8751 1.0000e-12  -65.23664  -69.79889 332.497464      99.98 2.8559e+02   6988.929     167735  1029.2014  1029.2009    34.6765    34.6759    7.62931         17 0.0000e+00
    316.000    312.659     1.9924  30.656927     1.9921  30.656288     3.9263     3.9781    -0.0051    97.8840 1.0000e-12  -65.23664  -69.79890 332.497472      99.98 2.8559e+02   6989.615     167752  1029.1961  1029.1957    34.6760    34.6754    7.62909         17 0.0000e+00
    315.000    311.670     1.9925  30.656406     1.9922  30.655531     3.9279     3.9747    -0.0050    97.8819 1.0000e-12  -65.23664  -69.79890 332.497481      99.98 2.8559e+02   6990.392     167770  1029.1912  1029.1907    34.6757    34.6750    7.62907         22 0.0000e+00
    314.000    310.681     1.9919  30.655525     1.9916  30.654883     3.9344     3.9797    -0.0006    97.8855 1.0000e-12  -65.23664  -69.79890 332.497499      99.98 2.8559e+02   6991.927     167807  1029.1867  1029.1864    34.6759    34.6754    7.62918         35 0.0000e+00
    313.000    309.693     1.9912  30.654737     1.9906  30.653856     3.9296     3.9834     0.0045    97.8840 1.0000e-12  -65.23664  -69.79891 332.497524      99.98 2.8450e+02   6994.092     167859  1029.1824  1029.1821    34.6762    34.6757    7.62930         36 0.0000e+00
    312.000    308.703     1.9915  30.653931     1.9913  30.653363     3.9270     3.9754     0.0038    97.8841 1.0000e-12  -65.23664  -69.79892 332.497538      99.97 2.8381e+02   6995.294     167888  1029.1771  1029.1767    34.6754    34.6749    7.62928         26 0.0000e+00
    311.000    307.714     1.9913  30.652948     1.9905  30.651309     3.9241     3.9786    -0.0043    97.8705 1.0000e-12  -65.23664  -69.79890 332.497550      99.98 2.8290e+02   6996.344     167913  1029.1721  1029.1712    34.6750    34.6739    7.62934         25 0.0000e+00
    310.000    306.726     1.9899  30.649859     1.9895  30.648906     3.9265     3.9777     0.0030    97.8742 1.0000e-12  -65.23664  -69.79890 332.497563      99.98 2.8206e+02   6997.399     167939  1029.1662  1029.1656    34.6732    34.6725    7.62971         26 0.0000e+00
    309.000    305.736     1.9900  30.649620     1.9900  30.648626     3.9223     3.9743     0.0037    97.8482 1.0000e-12  -65.23664  -69.79890 332.497574      99.98 2.8053e+02   6998.418     167963  1029.1616  1029.1606    34.6734    34.6721    7.62967         23 0.0000e+00
    308.000    304.750     1.9902  30.649048     1.9903  30.648238     3.9283     3.9707    -0.0038    97.8361 1.0000e-12  -65.23664  -69.79890 332.497585      99.97 2.7985e+02   6999.366     167986  1029.1565  1029.1556    34.6730    34.6718    7.62965         23 0.0000e+00
    307.000    303.760     1.9903  30.648081     1.9898  30.646857     3.9308     3.9740    -0.0008    97.8837 1.0000e-12  -65.23664  -69.79890 332.497597      99.98 2.7823e+02   7000.347     168009  1029.1513  1029.1505    34.6723    34.6713    7.62968         25 0.0000e+00
    306.000    302.770     1.9902  30.647765     1.9896  30.646465     3.9271     3.9742     0.0089    97.8787 1.0000e-12  -65.23666  -69.79889 332.497613      99.98 2.7599e+02   7001.760     168043  1029.1468  1029.1461    34.6726    34.6716    7.62968         41 0.0000e+00
    305.000    301.783     1.9898  30.646415     1.9897  30.646136     3.9107     3.9689     0.0313    97.8505 1.0000e-12  -65.23666  -69.79888 332.497636      99.98 2.7312e+02   7003.710     168090  1029.1417  1029.1415    34.6719    34.6716    7.62980         38 0.0000e+00
    304.000    300.794     1.9885  30.643656     1.9887  30.643838     3.9023     3.9617     0.0196    97.8655 1.0000e-12  -65.23666  -69.79889 332.497650      99.98 2.7134e+02   7004.996     168121  1029.1359  1029.1359    34.6703    34.6703    7.63012         25 0.0000e+00
    303.000    299.805     1.9882  30.642754     1.9880  30.642053     3.9020     3.9656    -0.0009    97.8779 1.0000e-12  -65.23666  -69.79890 332.497662      99.98 2.6973e+02   7005.952     168144  1029.1311  1029.1305    34.6701    34.6695    7.63019         21 0.0000e+00
    302.000    298.815     1.9881  30.641832     1.9876  30.640608     3.8993     3.9636     0.0065    97.7961 1.0000e-12  -65.23666  -69.79890 332.497672      99.98 2.6898e+02   7006.871     168166  1029.1261  1029.1253    34.6697    34.6687    7.63024         21 0.0000e+00
    301.000    297.828     1.9875  30.640482     1.9869  30.639369     3.8914     3.9552     0.0093    97.8559 1.0000e-12  -65.23667  -69.79890 332.497683      99.98 2.6798e+02   7007.834     168189  1029.1210  1029.1205    34.6692    34.6685    7.63037         24 0.0000e+00
    300.000    296.837     1.9874  30.640017     1.9866  30.638776     3.9012     3.9540    -0.0019    97.8492 1.0000e-12  -65.23668  -69.79889 332.497695      99.98 2.6789e+02   7008.849     168213  1029.1164  1029.1159    34.6693    34.6686    7.63039         25 0.0000e+00
    299.000    295.850     1.9854  30.637484     1.9845  30.636166     3.9063     3.9544    -0.0059    97.8571 1.0000e-12  -65.23668  -69.79888 332.497708      99.98 2.6658e+02   7009.978     168240  1029.1116  1029.1112    34.6688    34.6682    7.63079         27 0.0000e+00
    298.000    294.861     1.9864  30.638495     1.9850  30.636551     3.9020     3.9529     0.0039    97.8624 1.0000e-12  -65.23668  -69.79888 332.497724      99.98 2.6620e+02   7011.364     168274  1029.1074  1029.1068    34.6696    34.6687    7.63056         37 0.0000e+00
    297.000    293.873     1.9871  30.638563     1.9837  30.634569     3.8855     3.9453     0.0011    97.8745 1.0000e-12  -65.23668  -69.79886 332.497742      99.98 2.6620e+02   7012.882     168310  1029.1026  1029.1019    34.6695    34.6682    7.63043         34 0.0000e+00
    296.000    292.883     1.9810  30.631519     1.9804  30.630688     3.8706     3.9399    -0.0131    97.8571 1.0000e-12  -65.23668  -69.79886 332.497757      99.97 2.6524e+02   7014.167     168341  1029.0972  1029.0970    34.6678    34.6675    7.63168         28 0.0000e+00
    295.000    291.896     1.9790  30.629075     1.9772  30.626806     3.8782     3.9417    -0.0023    97.8640 1.0000e-12  -65.23668  -69.79886 332.497770      99.98 2.6443e+02   7015.294     168368  1029.0925  1029.0920    34.6676    34.6667    7.63208         27 0.0000e+00
    294.000    290.906     1.9767  30.626307     1.9756  30.624711     3.8839     3.9369    -0.0034    97.8703 1.0000e-12  -65.23668  -69.79887 332.497784      99.97 2.6443e+02   7016.571     168399  1029.0878  1029.0873    34.6673    34.6664    7.63255         36 0.0000e+00
    293.000    289.918     1.9793  30.628565     1.9771  30.625570     3.8806     3.9346     0.0017    97.8751 1.0000e-12  -65.23669  -69.79888 332.497802      99.98 2.6443e+02   7018.103     168435  1029.0833  1029.0824    34.6678    34.6664    7.63203         34 0.0000e+00
    292.000    288.930     1.9757  30.623956     1.9752  30.623071     3.8781     3.9286    -0.0117    97.8740 1.0000e-12  -65.23670  -69.79888 332.497816      99.98 2.6395e+02   7019.294     168464  1029.0779  1029.0775    34.6665    34.6659    7.63278         23 0.0000e+00
    291.000    287.939     1.9759  30.623335     1.9757  30.622604     3.8713     3.9265    -0.0004    97.8845 1.0000e-12  -65.23670  -69.79886 332.497826      99.98 2.6353e+02   7020.181     168485  1029.0728  1029.0723    34.6660    34.6654    7.63276         20 0.0000e+00
    290.000    286.952     1.9760  30.622208     1.9757  30.621279     3.8731     3.9246     0.0032    97.8632 1.0000e-12  -65.23670  -69.79886 332.497835      99.97 2.6274e+02   7020.978     168504  1029.0673  1029.0667    34.6651    34.6643    7.63279         19 0.0000e+00
    289.000    285.961     1.9763  30.621670     1.9762  30.620883     3.8725     3.9281     0.0013    97.8497 1.0000e-12  -65.23670  -69.79886 332.497845      99.97 2.6267e+02   7021.791     168524  1029.0623  1029.0616    34.6647    34.6638    7.63276         21 0.0000e+00
    288.000    284.973     1.9765  30.621433     1.9762  30.620279     3.8770     3.9264    -0.0114    97.8451 1.0000e-12  -65.23670  -69.79886 332.497856      99.98 2.6267e+02   7022.762     168547  1029.0576  1029.0567    34.6647    34.6636    7.63272         27 0.0000e+00
    287.000    283.985     1.9765  30.621086     1.9762  30.620300     3.8809     3.9241    -0.0045    97.8410 1.0000e-12  -65.23670  -69.79885 332.497873      99.98 2.6267e+02   7024.206     168582  1029.0530  1029.0525    34.6648    34.6642    7.63271         42 0.0000e+00
    286.000    282.995     1.9765  30.620172     1.9761  30.619336     3.8808     3.9294    -0.0067    97.8583 1.0000e-12  -65.23670  -69.79884 332.497893      99.97 2.6267e+02   7025.995     168625  1029.0478  1029.0473    34.6643    34.6636    7.63274         38 0.0000e+00
    285.000    282.007     1.9771  30.619292     1.9765  30.618795     3.8923     3.9308    -0.0130    97.8583 1.0000e-12  -65.23670  -69.79884 332.497913      99.98 2.6267e+02   7027.715     168666  1029.0421  1029.0422    34.6630    34.6631    7.63268         42 0.0000e+00
    284.000    281.019     1.9797  30.620588     1.9773  30.618356     3.9094     3.9511    -0.0060    97.8717 1.0000e-12  -65.23672  -69.79884 332.497932      99.98 2.6267e+02   7029.289     168704  1029.0366  1029.0367    34.6624    34.6622    7.63222         30 0.0000e+00
    283.000    280.029     1.9864  30.625550     1.9813  30.621089     3.9202     3.9620     0.0038    97.8620 1.0000e-12  -65.23672  -69.79884 332.497943      99.98 2.6267e+02   7030.291     168728  1029.0308  1029.0313    34.6619    34.6619    7.63097         20 0.0000e+00
    282.000    279.040     1.9937  30.631389     1.9912  30.628938     3.9226     3.9669    -0.0023    97.8729 1.0000e-12  -65.23672  -69.79884 332.497952      99.97 2.6267e+02   7031.025     168746  1029.0253  1029.0252    34.6619    34.6615    7.62958         16 0.0000e+00
    281.000    278.051     1.9988  30.635316     1.9986  30.634526     3.9180     3.9662    -0.0023    97.8773 1.0000e-12  -65.23672  -69.79884 332.497959      99.98 2.6267e+02   7031.676     168761  1029.0200  1029.0194    34.6618    34.6610    7.62860         15 0.0000e+00
    280.000    277.063     2.0002  30.636049     1.9997  30.635160     3.9160     3.9639    -0.0040    97.8585 1.0000e-12  -65.23672  -69.79884 332.497966      99.98 2.6267e+02   7032.305     168776  1029.0151  1029.0147    34.6617    34.6611    7.62833         16 0.0000e+00
    279.000    276.074     2.0018  30.636857     2.0018  30.636323     3.9148     3.9599    -0.0038    97.8539 1.0000e-12  -65.23672  -69.79884 332.497974      99.97 2.6267e+02   7032.983     168793  1029.0101  1029.0096    34.6615    34.6608    7.62803         17 0.0000e+00
    278.000    275.084     1.9966  30.631918     2.0010  30.635170     3.9188     3.9584    -0.0016    97.8743 1.0000e-12  -65.23672  -69.79883 332.497985      99.98 2.6267e+02   7033.868     168814  1029.0061  1029.0051    34.6616    34.6609    7.62903         27 0.0000e+00
    277.000    274.096     1.9989  30.633501     1.9983  30.632484     3.9186     3.9600    -0.0065    97.8572 1.0000e-12  -65.23673  -69.79881 332.498016      99.97 2.6369e+02   7036.542     168878  1029.0014  1029.0009    34.6617    34.6610    7.62859         39 0.0000e+00
    276.000    273.107     1.9970  30.631492     1.9951  30.629595     3.9146     3.9640    -0.0062    97.8412 1.0000e-12  -65.23674  -69.79881 332.498045      99.98 2.6447e+02   7039.072     168939  1028.9971  1028.9970    34.6618    34.6615    7.62894         30 0.0000e+00
    275.000    272.119     1.9983  30.632063     1.9986  30.631866     3.9154     3.9669     0.0031    97.8635 1.0000e-12  -65.23674  -69.79882 332.498056      99.98 2.6443e+02   7040.047     168962  1028.9921  1028.9916    34.6616    34.6611    7.62870         22 0.0000e+00
    274.000    271.131     2.0026  30.634769     2.0023  30.634069     3.9142     3.9646    -0.0074    97.8351 1.0000e-12  -65.23674  -69.79882 332.498066      99.98 2.6443e+02   7040.864     168982  1028.9864  1028.9860    34.6609    34.6603    7.62791         18 0.0000e+00
    273.000    270.140     2.0029  30.633690     2.0024  30.633000     3.9167     3.9598    -0.0129    97.8341 1.0000e-12  -65.23674  -69.79882 332.498074      99.98 2.6287e+02   7041.592     168999  1028.9807  1028.9806    34.6597    34.6594    7.62791         17 0.0000e+00
    272.000    269.152     2.0019  30.631761     2.0017  30.631077     3.9165     3.9586    -0.0133    97.8691 1.0000e-12  -65.23674  -69.79882 332.498082      99.98 2.6288e+02   7042.295     169016  1028.9756  1028.9752    34.6590    34.6584    7.62814         17 0.0000e+00
    271.000    268.163     2.0020  30.630742     2.0017  30.630009     3.9158     3.9619    -0.0086    97.8486 1.0000e-12  -65.23674  -69.79882 332.498090      99.98 2.6431e+02   7043.010     169033  1028.9703  1028.9699    34.6582    34.6576    7.62817         18 0.0000e+00
    270.000    267.174     2.0034  30.631210     2.0032  30.630443     3.9144     3.9655    -0.0070    97.8616 1.0000e-12  -65.23675  -69.79882 332.498100      99.98 2.6443e+02   7043.811     169052  1028.9651  1028.9646    34.6578    34.6570    7.62792         21 0.0000e+00
    269.000    266.185     2.0039  30.631047     2.0041  30.630767     3.9159     3.9617    -0.0114    97.8406 1.0000e-12  -65.23676  -69.79881 332.498112      99.98 2.6443e+02   7044.841     169077  1028.9604  1028.9599    34.6577    34.6571    7.62784         26 0.0000e+00
    268.000    265.196     2.0026  30.629867     2.0028  30.629559     3.9161     3.9617    -0.0063    97.8680 1.0000e-12  -65.23676  -69.79880 332.498131      99.98 2.6527e+02   7046.549     169118  1028.9562  1028.9557    34.6581    34.6575    7.62805         44 0.0000e+00
    267.000    264.208     2.0018  30.629106     2.0019  30.628482     3.9219     3.9651    -0.0028    97.8462 1.0000e-12  -65.23676  -69.79879 332.498158      99.98 2.6583e+02   7048.819     169173  1028.9521  1028.9514    34.6586    34.6578    7.62818         41 0.0000e+00
    266.000    263.218     2.0038  30.629760     2.0034  30.628926     3.9191     3.9715    -0.0063    97.8626 1.0000e-12  -65.23676  -69.79880 332.498175      99.98 2.6451e+02   7050.285     169208  1028.9465  1028.9461    34.6579    34.6572    7.62784         28 0.0000e+00
    265.000    262.230     2.0057  30.630152     2.0051  30.629360     3.9074     3.9656    -0.0055    97.8709 1.0000e-12  -65.23678  -69.79880 332.498187      99.98 2.6443e+02   7051.319     169233  1028.9409  1028.9407    34.6569    34.6565    7.62754         23 0.0000e+00
    264.000    261.241     2.0048  30.627848     2.0046  30.627352     3.9130     3.9641     0.0207    97.8738 1.0000e-12  -65.23678  -69.79880 332.498197      99.98 2.6443e+02   7052.205     169254  1028.9352  1028.9349    34.6555    34.6550    7.62778         20 0.0000e+00
