NBP2113_155081_ctd/data/unbp2113_013.cnv
* Sea-Bird SBE 9 Data File:
* FileName = D:\Data\raw\NBP2113_013.hex
* Software Version Seasave V 7.26.7.121
* Temperature SN = 2438
* Conductivity SN = 2067
* Number of Bytes Per Scan = 40
* Number of Voltage Words = 5
* Number of Scans Averaged by the Deck Unit = 1
* NMEA Latitude = 65 13.99 S
* NMEA Longitude = 066 46.43 W
* NMEA UTC (Time) = Nov 27 2021  04:09:52
* NMEA baud rate = 9600
** Ship: RVIB N.B. Palmer
** Cruise: NBP2113 LTER
** Station: 500.100
** Operator: B. Urmston
# nquan = 25
# nvalues = 432                         
# units = specified
# name 0 = prDM: Pressure, Digiquartz [db]
# name 1 = depSM: Depth [salt water, m]
# name 2 = t090C: Temperature [ITS-90, deg C]
# name 3 = c0mS/cm: Conductivity [mS/cm]
# name 4 = t190C: Temperature, 2 [ITS-90, deg C]
# name 5 = c1mS/cm: Conductivity, 2 [mS/cm]
# name 6 = sbeox0ML/L: Oxygen, SBE 43 [ml/l]
# name 7 = sbeox1ML/L: Oxygen, SBE 43, 2 [ml/l]
# name 8 = flECO-AFL: Fluorescence, WET Labs ECO-AFL/FL [mg/m^3]
# name 9 = CStarTr0: Beam Transmission, WET Labs C-Star [%]
# name 10 = par: PAR/Irradiance, Biospherical/Licor
# name 11 = latitude: Latitude [deg]
# name 12 = longitude: Longitude [deg]
# name 13 = timeJ: Julian Days
# name 14 = altM: Altimeter [m]
# name 15 = spar: SPAR, Biospherical/Licor
# name 16 = timeS: Time, Elapsed [seconds]
# name 17 = scan: Scan Count
# name 18 = density00: Density [density, kg/m^3]
# name 19 = density11: Density, 2 [density, kg/m^3]
# name 20 = sal00: Salinity, Practical [PSU]
# name 21 = sal11: Salinity, Practical, 2 [PSU]
# name 22 = oxsolML/L: Oxygen Saturation, Garcia & Gordon [ml/l]
# name 23 = nbin: number of scans per bin
# name 24 = flag: flag
# span 0 =      1.000,    432.000       
# span 1 =      0.988,    427.313       
# span 2 =    -0.6161,     1.5346       
# span 3 =  27.815456,  30.327393       
# span 4 =    -0.6155,     1.5347       
# span 5 =  27.813979,  30.326422       
# span 6 =     4.1299,     9.9920       
# span 7 =     4.1116,     9.9636       
# span 8 =    -0.0221,     2.3439       
# span 9 =    87.8255,    97.7473       
# span 10 = 1.0000e-12, 2.0690e+00      
# span 11 =  -65.23318,  -65.23308      
# span 12 =  -66.77598,  -66.77500      
# span 13 = 331.185520, 331.198233      
# span 14 =       6.42,     100.53      
# span 15 = 0.0000e+00, 0.0000e+00      
# span 16 =   1036.918,   2135.328      
# span 17 =      24887,      51249      
# span 18 =  1027.2988,  1029.8058      
# span 19 =  1027.2955,  1029.8047      
# span 20 =    33.9668,    34.7091      
# span 21 =    33.9626,    34.7077      
# span 22 =    7.71629,    8.19640      
# span 23 =         13,         47      
# span 24 = 0.0000e+00, 0.0000e+00      
# interval = decibars: 1                
# start_time = Nov 27 2021 04:09:52 [NMEA time, header]
# bad_flag = -9.990e-29
*END*
[from data line 348]
     84.000     83.158    -0.4485  28.087293    -0.4513  28.083210     6.4877     6.3533     0.0977    97.0749 1.0000e-12  -65.23316  -66.77522 331.193625      99.98 0.0000e+00   1737.170      41693  1027.8775  1027.8758    34.1893    34.1870    8.15109         33 0.0000e+00
     83.000     82.169    -0.4263  28.110619    -0.4222  28.113986     6.5361     6.3776     0.0813    97.0850 1.0000e-12  -65.23314  -66.77523 331.193669      99.98 0.0000e+00   1741.039      41786  1027.8759  1027.8755    34.1963    34.1961    8.14593         36 0.0000e+00
     82.000     81.179    -0.4273  28.108496    -0.4231  28.111868     6.6920     6.4985     0.0713    97.1195 1.0000e-12  -65.23314  -66.77526 331.193700      99.98 0.0000e+00   1743.672      41849  1027.8700  1027.8695    34.1952    34.1949    8.14622         22 0.0000e+00
     81.000     80.189    -0.4659  28.065311    -0.4667  28.063304     6.7460     6.5401     0.0681    97.0853 1.0000e-12  -65.23314  -66.77526 331.193709      99.98 0.0000e+00   1744.428      41867  1027.8568  1027.8554    34.1813    34.1794    8.15530         17 0.0000e+00
     80.000     79.199    -0.4993  28.027563    -0.5057  28.019597     6.7727     6.5536     0.0725    96.9965 1.0000e-12  -65.23314  -66.77528 331.193717      99.98 0.0000e+00   1745.137      41884  1027.8443  1027.8419    34.1688    34.1653    8.16320         17 0.0000e+00
     79.000     78.209    -0.5298  27.992880    -0.5344  27.987002     6.7560     6.5574     0.1048    96.9454 1.0000e-12  -65.23314  -66.77527 331.193726      99.97 0.0000e+00   1745.897      41903  1027.8320  1027.8302    34.1571    34.1544    8.17043         20 0.0000e+00
     78.000     77.219    -0.5077  28.017297    -0.5123  28.010635     6.6781     6.5383     0.1456    96.8374 1.0000e-12  -65.23314  -66.77526 331.193738      99.97 0.0000e+00   1746.961      41928  1027.8321  1027.8294    34.1657    34.1619    8.16518         30 0.0000e+00
     77.000     76.229    -0.4751  28.054926    -0.4676  28.061323     6.6136     6.4667     0.1237    96.9259 1.0000e-12  -65.23314  -66.77524 331.193789      99.98 0.0000e+00   1751.333      42033  1027.8358  1027.8353    34.1801    34.1803    8.15733         37 0.0000e+00
     76.000     75.240    -0.4917  28.035130    -0.4819  28.044334     6.7018     6.4948     0.1157    96.9313 1.0000e-12  -65.23314  -66.77525 331.193807      99.98 0.0000e+00   1752.887      42070  1027.8263  1027.8266    34.1728    34.1742    8.16132         35 0.0000e+00
     75.000     74.250    -0.5099  28.014396    -0.4989  28.024196     6.6631     6.5135     0.1576    96.8594 1.0000e-12  -65.23314  -66.77526 331.193829      99.98 0.0000e+00   1754.783      42116  1027.8172  1027.8170    34.1662    34.1669    8.16563         35 0.0000e+00
     74.000     73.260    -0.5053  28.016859    -0.5031  28.018008     6.8552     6.6173     0.1796    96.8463 1.0000e-12  -65.23314  -66.77528 331.193868      99.98 0.0000e+00   1758.196      42198  1027.8107  1027.8100    34.1649    34.1639    8.16471         41 0.0000e+00
     73.000     72.269    -0.5761  27.928946    -0.5458  27.965846     7.2231     6.8246     0.2081    96.6349 1.0000e-12  -65.23314  -66.77528 331.193902      99.98 0.0000e+00   1761.160      42269  1027.7800  1027.7905    34.1269    34.1425    8.18218         30 0.0000e+00
     72.000     71.281    -0.5961  27.907723    -0.5828  27.922523     7.1915     6.8950     0.2127    96.5028 1.0000e-12  -65.23314  -66.77527 331.193942      99.98 0.0000e+00   1764.624      42352  1027.7711  1027.7746    34.1215    34.1265    8.18680         47 0.0000e+00
     71.000     70.291    -0.6037  27.891413    -0.5899  27.909554     7.4159     6.9893     0.3087    96.3143 1.0000e-12  -65.23314  -66.77529 331.193964      99.98 0.0000e+00   1766.533      42398  1027.7562  1027.7627    34.1087    34.1176    8.18918         46 0.0000e+00
     70.000     69.300    -0.5966  27.894647    -0.5817  27.916314     7.4439     7.1478     0.4407    95.6357 1.0000e-12  -65.23314  -66.77531 331.194017      99.98 0.0000e+00   1771.098      42507  1027.7480  1027.7573    34.1057    34.1181    8.18782         36 0.0000e+00
     69.000     68.312    -0.6072  27.866507    -0.6089  27.858713     7.6601     7.3859     0.5675    95.4546 1.0000e-12  -65.23314  -66.77532 331.194049      99.97 0.0000e+00   1773.798      42572  1027.7232  1027.7168    34.0803    34.0717    8.19158         39 0.0000e+00
     68.000     67.319    -0.6104  27.856876    -0.6108  27.856694     7.5667     7.2991     0.7203    94.7463 1.0000e-12  -65.23315  -66.77530 331.194097      99.97 0.0000e+00   1777.937      42671  1027.7112  1027.7116    34.0715    34.0717    8.19278         37 0.0000e+00
     67.000     66.331    -0.6122  27.846102    -0.6032  27.868220     7.9283     7.5375     0.9051    94.4112 1.0000e-12  -65.23314  -66.77532 331.194145      99.97 0.0000e+00   1782.144      42772  1027.6968  1027.7121    34.0597    34.0793    8.19386         39 0.0000e+00
     66.000     65.340    -0.6161  27.826165    -0.6155  27.826915     8.0605     7.7159     0.8226    94.0391 1.0000e-12  -65.23314  -66.77534 331.194162      99.97 0.0000e+00   1783.599      42807  1027.6745  1027.6748    34.0378    34.0381    8.19597         25 0.0000e+00
     65.000     64.352    -0.6138  27.815648    -0.6133  27.814582     7.9918     7.7084     0.8447    93.6255 1.0000e-12  -65.23314  -66.77533 331.194175      99.97 0.0000e+00   1784.718      42834  1027.6565  1027.6549    34.0216    34.0196    8.19640         31 0.0000e+00
     64.000     63.362    -0.6072  27.818977    -0.6077  27.818432     7.9253     7.7441     0.9559    93.0565 1.0000e-12  -65.23314  -66.77531 331.194505      99.97 0.0000e+00   1813.266      43519  1027.6492  1027.6491    34.0193    34.0192    8.19511         33 0.0000e+00
     63.000     62.371    -0.6078  27.818426    -0.6075  27.817259     7.9800     7.7738     1.0855    92.9689 1.0000e-12  -65.23316  -66.77532 331.194591      99.97 0.0000e+00   1820.700      43698  1027.6449  1027.6433    34.0199    34.0180    8.19521         43 0.0000e+00
     62.000     61.382    -0.6054  27.816278    -0.6062  27.815673     8.0179     7.8213     1.2486    92.9261 1.0000e-12  -65.23314  -66.77532 331.194618      99.97 0.0000e+00   1823.005      43753  1027.6359  1027.6361    34.0149    34.0150    8.19497         46 0.0000e+00
     61.000     60.393    -0.6043  27.815456    -0.6050  27.813979     8.1444     7.9184     1.1867    92.8209 1.0000e-12  -65.23314  -66.77532 331.194640      99.97 0.0000e+00   1824.887      43798  1027.6297  1027.6288    34.0131    34.0119    8.19484         33 0.0000e+00
     60.000     59.401    -0.5887  27.818377    -0.5893  27.816754     8.1509     7.9318     1.0323    92.5130 1.0000e-12  -65.23314  -66.77530 331.194654      99.97 0.0000e+00   1826.126      43828  1027.6133  1027.6122    34.0002    33.9987    8.19221         31 0.0000e+00
     59.000     58.413    -0.5782  27.822475    -0.5783  27.820669     8.1389     7.9448     1.1060    92.2728 1.0000e-12  -65.23314  -66.77531 331.194697      99.97 0.0000e+00   1829.828      43917  1027.6033  1027.6015    33.9944    33.9922    8.19026         27 0.0000e+00
     58.000     57.422    -0.5716  27.825570    -0.5732  27.823374     8.2052     7.9970     0.9545    92.1755 1.0000e-12  -65.23314  -66.77534 331.194734      99.97 0.0000e+00   1833.023      43994  1027.5960  1027.5952    33.9918    33.9907    8.18898         15 0.0000e+00
     57.000     56.431    -0.5656  27.828322    -0.5680  27.825665     8.2334     8.0033     1.0346    91.4574 1.0000e-12  -65.23314  -66.77534 331.194741      99.97 0.0000e+00   1833.592      44007  1027.5889  1027.5883    33.9894    33.9885    8.18782         14 0.0000e+00
     56.000     55.442    -0.5623  27.829866    -0.5603  27.830063     8.2034     8.0064     1.1037    91.2968 1.0000e-12  -65.23314  -66.77534 331.194748      99.97 0.0000e+00   1834.210      44022  1027.5831  1027.5814    33.9884    33.9865    8.18717         16 0.0000e+00
     55.000     54.452    -0.5632  27.829916    -0.5602  27.830252     8.1736     8.0009     1.2798    91.0901 1.0000e-12  -65.23314  -66.77534 331.194757      99.97 0.0000e+00   1834.997      44041  1027.5799  1027.5773    33.9901    33.9872    8.18727         23 0.0000e+00
     54.000     53.462    -0.5603  27.830725    -0.5628  27.828033     8.2327     8.0054     1.2668    90.9499 1.0000e-12  -65.23315  -66.77531 331.194806      99.97 0.0000e+00   1839.232      44143  1027.5740  1027.5735    33.9886    33.9877    8.18673         22 0.0000e+00
     53.000     52.473    -0.5551  27.833854    -0.5553  27.832604     8.1697     8.0250     1.1511    90.9733 1.0000e-12  -65.23314  -66.77530 331.194845      99.97 0.0000e+00   1842.594      44223  1027.5682  1027.5670    33.9875    33.9861    8.18566         13 0.0000e+00
     52.000     51.482    -0.5513  27.835721    -0.5524  27.834035     8.1892     8.0246     1.1494    90.9177 1.0000e-12  -65.23314  -66.77532 331.194851      99.97 0.0000e+00   1843.141      44236  1027.5623  1027.5615    33.9864    33.9854    8.18491         16 0.0000e+00
     51.000     50.491    -0.5521  27.834582    -0.5499  27.835176     8.2023     8.0320     1.3927    90.7441 1.0000e-12  -65.23314  -66.77530 331.194877      82.25 0.0000e+00   1845.399      44291  1027.5576  1027.5561    33.9864    33.9848    8.18508         29 0.0000e+00
     50.000     49.503    -0.5458  27.839078    -0.5389  27.842396     8.2745     8.0758     1.5783    90.5505 1.0000e-12  -65.23315  -66.77529 331.194953      99.71 0.0000e+00   1851.924      44447  1027.5523  1027.5492    33.9860    33.9827    8.18374         42 0.0000e+00
     49.000     48.513    -0.5009  27.870031    -0.5088  27.861815     8.2810     8.0873     1.6411    90.5299 1.0000e-12  -65.23314  -66.77529 331.194992      99.97 0.0000e+00   1855.321      44529  1027.5381  1027.5369    33.9778    33.9756    8.17451         30 0.0000e+00
     48.000     47.524    -0.5347  27.845283    -0.5328  27.845695     8.2046     8.0583     1.7653    90.1042 1.0000e-12  -65.23314  -66.77532 331.195046      99.97 0.0000e+00   1859.995      44641  1027.5404  1027.5388    33.9831    33.9815    8.18152         41 0.0000e+00
     47.000     46.532    -0.5286  27.849173    -0.5303  27.846896     8.2806     8.0995     1.5151    90.1731 1.0000e-12  -65.23314  -66.77530 331.195104      99.96 0.0000e+00   1864.975      44760  1027.5345  1027.5335    33.9822    33.9810    8.18026         26 0.0000e+00
     46.000     45.542    -0.5085  27.863468    -0.5070  27.863292     8.2712     8.1209     1.4053    89.7887 1.0000e-12  -65.23314  -66.77531 331.195137      99.97 0.0000e+00   1867.801      44828  1027.5260  1027.5244    33.9794    33.9775    8.17607         22 0.0000e+00
     45.000     44.555    -0.4968  27.871008    -0.4976  27.869228     8.2756     8.1110     1.4816    89.3625 1.0000e-12  -65.23314  -66.77532 331.195147      99.97 0.0000e+00   1868.719      44850  1027.5186  1027.5174    33.9771    33.9756    8.17369         24 0.0000e+00
     44.000     43.564    -0.4941  27.872246    -0.4931  27.871868     8.2736     8.1204     1.6111    89.0106 1.0000e-12  -65.23314  -66.77531 331.195375      99.97 0.0000e+00   1888.357      45322  1027.5133  1027.5120    33.9763    33.9747    8.17315         37 0.0000e+00
     43.000     42.574    -0.4880  27.876165    -0.4873  27.875460     8.3094     8.1442     1.7294    89.0124 1.0000e-12  -65.23316  -66.77528 331.195725      99.97 0.0000e+00   1918.645      46048  1027.5078  1027.5064    33.9753    33.9736    8.17189         35 0.0000e+00
     42.000     41.583    -0.4868  27.876536    -0.4867  27.875406     8.3267     8.1487     1.6309    88.9072 1.0000e-12  -65.23316  -66.77526 331.195749      99.97 0.0000e+00   1920.692      46098  1027.5027  1027.5014    33.9751    33.9735    8.17163         33 0.0000e+00
     41.000     40.590    -0.4842  27.877635    -0.4860  27.875289     8.3388     8.1480     1.8801    88.8477 1.0000e-12  -65.23316  -66.77528 331.195788      99.97 0.0000e+00   1924.109      46180  1027.4972  1027.4964    33.9743    33.9732    8.17113         25 0.0000e+00
     40.000     39.602    -0.4780  27.881326    -0.4833  27.876586     8.3166     8.1557     1.9791    88.8752 1.0000e-12  -65.23316  -66.77530 331.195825      99.97 0.0000e+00   1927.257      46255  1027.4909  1027.4910    33.9729    33.9725    8.16987         40 0.0000e+00
     39.000     38.614    -0.4772  27.881248    -0.4810  27.877615     8.3260     8.1622     1.8384    88.7577 1.0000e-12  -65.23316  -66.77526 331.195890      99.97 0.0000e+00   1932.895      46390  1027.4858  1027.4856    33.9725    33.9719    8.16971         39 0.0000e+00
     38.000     37.624    -0.4776  27.880850    -0.4778  27.879537     8.3116     8.1657     1.7391    88.6628 1.0000e-12  -65.23316  -66.77526 331.195908      99.97 0.0000e+00   1934.420      46427  1027.4816  1027.4803    33.9730    33.9715    8.16978         32 0.0000e+00
     37.000     36.633    -0.4702  27.885132    -0.4698  27.884098     8.3387     8.1765     1.8654    88.4373 1.0000e-12  -65.23316  -66.77528 331.195938      99.97 0.0000e+00   1937.043      46490  1027.4747  1027.4732    33.9711    33.9692    8.16829         29 0.0000e+00
     36.000     35.644    -0.4690  27.885282    -0.4679  27.884970     8.3196     8.1742     1.9664    88.3957 1.0000e-12  -65.23316  -66.77528 331.195980      99.97 0.0000e+00   1940.658      46577  1027.4696  1027.4681    33.9706    33.9690    8.16807         46 0.0000e+00
     35.000     34.653    -0.4687  27.885154    -0.4687  27.883954     8.3340     8.1752     1.8414    88.2683 1.0000e-12  -65.23316  -66.77524 331.196143      99.97 0.0000e+00   1954.725      46914  1027.4649  1027.4637    33.9707    33.9691    8.16799         41 0.0000e+00
     34.000     33.663    -0.4636  27.887992    -0.4641  27.886480     8.3143     8.1850     1.9330    88.0932 1.0000e-12  -65.23316  -66.77520 331.196416      99.97 0.0000e+00   1978.357      47482  1027.4589  1027.4578    33.9694    33.9679    8.16698         45 0.0000e+00
     33.000     32.674    -0.4633  27.887647    -0.4632  27.886613     8.3178     8.1797     1.9134    88.1181 1.0000e-12  -65.23316  -66.77520 331.196499      99.97 0.0000e+00   1985.511      47653  1027.4540  1027.4528    33.9692    33.9677    8.16691         38 0.0000e+00
     32.000     31.683    -0.4644  27.886571    -0.4645  27.885332     8.3365     8.1716     1.8363    88.1537 1.0000e-12  -65.23316  -66.77520 331.196515      99.97 0.0000e+00   1986.938      47688  1027.4496  1027.4484    33.9696    33.9681    8.16713         37 0.0000e+00
     31.000     30.694    -0.4658  27.885322    -0.4652  27.884544     8.3164     8.1758     1.9681    88.1800 1.0000e-12  -65.23316  -66.77518 331.196559      99.97 0.0000e+00   1990.659      47777  1027.4454  1027.4439    33.9701    33.9684    8.16741         42 0.0000e+00
     30.000     29.703    -0.4660  27.884730    -0.4657  27.883775     8.3211     8.1753     1.8328    88.2026 1.0000e-12  -65.23316  -66.77517 331.196609      99.97 0.0000e+00   1995.029      47882  1027.4406  1027.4393    33.9702    33.9686    8.16744         40 0.0000e+00
     29.000     28.714    -0.4658  27.884446    -0.4654  27.883497     8.3288     8.1755     2.1715    88.1789 1.0000e-12  -65.23316  -66.77518 331.196645      99.97 0.0000e+00   1998.109      47956  1027.4358  1027.4344    33.9701    33.9684    8.16740         27 0.0000e+00
     28.000     27.724    -0.4647  27.884648    -0.4651  27.883238     8.3260     8.1815     2.1195    88.1912 1.0000e-12  -65.23316  -66.77517 331.196689      99.96 0.0000e+00   2001.927      48047  1027.4307  1027.4294    33.9699    33.9683    8.16719         37 0.0000e+00
