NBP2113_155081_ctd/data/unbp2113_029.cnv
* Sea-Bird SBE 9 Data File:
* FileName = D:\Data\raw\NBP2113_029.hex
* Software Version Seasave V 7.26.7.121
* Temperature SN = 2438
* Conductivity SN = 2067
* Number of Bytes Per Scan = 40
* Number of Voltage Words = 5
* Number of Scans Averaged by the Deck Unit = 1
* NMEA Latitude = 66 51.18 S
* NMEA Longitude = 068 36.27 W
* NMEA UTC (Time) = Dec 05 2021  02:21:18
* NMEA baud rate = 9600
** Ship: RVIB N.B. Palmer
** Cruise: NBP2113 LTER
** Station: AS01
** Operator: S. Blackman
# nquan = 25
# nvalues = 231                         
# units = specified
# name 0 = prDM: Pressure, Digiquartz [db]
# name 1 = depSM: Depth [salt water, m]
# name 2 = t090C: Temperature [ITS-90, deg C]
# name 3 = c0mS/cm: Conductivity [mS/cm]
# name 4 = t190C: Temperature, 2 [ITS-90, deg C]
# name 5 = c1mS/cm: Conductivity, 2 [mS/cm]
# name 6 = sbeox0ML/L: Oxygen, SBE 43 [ml/l]
# name 7 = sbeox1ML/L: Oxygen, SBE 43, 2 [ml/l]
# name 8 = flECO-AFL: Fluorescence, WET Labs ECO-AFL/FL [mg/m^3]
# name 9 = CStarTr0: Beam Transmission, WET Labs C-Star [%]
# name 10 = par: PAR/Irradiance, Biospherical/Licor
# name 11 = latitude: Latitude [deg]
# name 12 = longitude: Longitude [deg]
# name 13 = timeJ: Julian Days
# name 14 = altM: Altimeter [m]
# name 15 = spar: SPAR, Biospherical/Licor
# name 16 = timeS: Time, Elapsed [seconds]
# name 17 = scan: Scan Count
# name 18 = density00: Density [density, kg/m^3]
# name 19 = density11: Density, 2 [density, kg/m^3]
# name 20 = sal00: Salinity, Practical [PSU]
# name 21 = sal11: Salinity, Practical, 2 [PSU]
# name 22 = oxsolML/L: Oxygen Saturation, Garcia & Gordon [ml/l]
# name 23 = nbin: number of scans per bin
# name 24 = flag: flag
# span 0 =      1.000,    231.000       
# span 1 =      0.988,    228.580       
# span 2 =    -0.8920,     1.1788       
# span 3 =  27.407954,  29.880165       
# span 4 =    -0.8923,     1.1798       
# span 5 =  27.404400,  29.880567       
# span 6 =     4.2996,    11.5084       
# span 7 =     4.3577,     8.0780       
# span 8 =    -0.0079,     1.2574       
# span 9 =    90.6973,    95.3861       
# span 10 = 1.0000e-12, 1.3393e+01      
# span 11 =  -66.85278,  -66.85266      
# span 12 =  -68.60352,  -68.60325      
# span 13 = 339.107461, 339.115027      
# span 14 =       5.87,     101.22      
# span 15 = 5.1514e+00, 8.8144e+00      
# span 16 =    806.646,   1460.357      
# span 17 =      19361,      35050      
# span 18 =  1027.1792,  1028.8301      
# span 19 =  1027.1782,  1028.8295      
# span 20 =    33.7974,    34.6353      
# span 21 =    33.7960,    34.6347      
# span 22 =    7.79005,    8.26972      
# span 23 =          9,         43      
# span 24 = 0.0000e+00, 0.0000e+00      
# interval = decibars: 1                
# start_time = Dec 05 2021 02:21:18 [NMEA time, header]
# bad_flag = -9.990e-29
*END*
[from data line 58]
    173.000    171.209     0.1153  28.706665     0.1033  28.691791     5.7242     5.7296     0.0706    95.1536 1.0000e-12  -66.85272  -68.60328 339.109888      58.27 8.8144e+00   1016.360      24394  1028.3810  1028.3769    34.3268    34.3206    8.02384         36 0.0000e+00
    172.000    170.222     0.0691  28.656506     0.0734  28.658594     5.8051     5.7897     0.0767    95.2277 1.0000e-12  -66.85270  -68.60330 339.109925      58.93 8.6481e+00   1019.560      24470  1028.3676  1028.3660    34.3129    34.3108    8.03430         26 0.0000e+00
    171.000    169.230    -0.0181  28.558588    -0.0041  28.573051     6.1736     6.1403     0.0424    95.2151 1.0000e-12  -66.85270  -68.60330 339.109995      59.32 7.0146e+00   1025.557      24614  1028.3432  1028.3446    34.2815    34.2849    8.05438         17 0.0000e+00
    170.000    168.243    -0.1123  28.459522    -0.0754  28.500135     6.2671     6.2217     0.0670    95.2306 1.0000e-12  -66.85270  -68.60330 339.110001      60.13 7.0515e+00   1026.119      24628  1028.3256  1028.3325    34.2562    34.2687    8.07566         16 0.0000e+00
    169.000    167.254    -0.1942  28.372212    -0.1525  28.414677     6.3038     6.2428     0.0791    95.2780 1.0000e-12  -66.85270  -68.60330 339.110010      61.07 7.0515e+00   1026.817      24645  1028.3082  1028.3122    34.2325    34.2422    8.09435         18 0.0000e+00
    168.000    166.264    -0.2304  28.335989    -0.3272  28.230542     6.2333     6.1548     0.1152    95.2619 1.0000e-12  -66.85270  -68.60330 339.110021      62.54 7.0515e+00   1027.808      24668  1028.2996  1028.2815    34.2254    34.1933    8.10245         32 0.0000e+00
    167.000    165.278    -0.1002  28.472919    -0.1434  28.427862     6.0462     6.2195     0.1215    95.2891 1.0000e-12  -66.85270  -68.60335 339.110061      64.06 8.1778e+00   1031.298      24752  1028.3119  1028.3060    34.2623    34.2507    8.07278         34 0.0000e+00
    166.000    164.286    -0.3737  28.179198    -0.4154  28.136044     6.3725     6.3998     0.1554    95.3271 1.0000e-12  -66.85268  -68.60338 339.110126      64.70 7.3166e+00   1036.873      24886  1028.2583  1028.2515    34.1780    34.1672    8.13578         23 0.0000e+00
    165.000    163.297    -0.3171  28.240950    -0.3439  28.212481     6.3544     6.3804     0.1330    95.2849 1.0000e-12  -66.85269  -68.60337 339.110147      65.22 7.0529e+00   1038.699      24930  1028.2637  1028.2582    34.1978    34.1899    8.12248         21 0.0000e+00
    164.000    162.307    -0.3335  28.220090    -0.3279  28.225462     6.3146     6.3631     0.1180    95.2765 1.0000e-12  -66.85270  -68.60336 339.110158      66.48 7.0515e+00   1039.631      24952  1028.2529  1028.2521    34.1890    34.1898    8.12649         25 0.0000e+00
    163.000    161.317    -0.3634  28.189290    -0.3676  28.182285     6.4388     6.4635     0.1448    95.2638 1.0000e-12  -66.85269  -68.60336 339.110196      67.67 7.0515e+00   1042.925      25031  1028.2437  1028.2396    34.1819    34.1773    8.13327         30 0.0000e+00
    162.000    160.329    -0.3775  28.171588    -0.3829  28.165518     6.6376     6.5664     0.1337    95.2546 1.0000e-12  -66.85268  -68.60337 339.110228      68.65 7.3079e+00   1045.657      25097  1028.2334  1028.2315    34.1747    34.1726    8.13671         18 0.0000e+00
    161.000    159.338    -0.4306  28.112908    -0.4248  28.119569     6.6846     6.5978     0.1167    95.2544 1.0000e-12  -66.85268  -68.60338 339.110235      69.94 8.3788e+00   1046.316      25113  1028.2178  1028.2187    34.1564    34.1588    8.14913         16 0.0000e+00
    160.000    158.350    -0.4712  28.069497    -0.4703  28.068688     6.6768     6.6099     0.1244    95.2776 1.0000e-12  -66.85268  -68.60340 339.110243      70.63 8.2594e+00   1047.031      25130  1028.2062  1028.2040    34.1444    34.1423    8.15854         19 0.0000e+00
    159.000    157.359    -0.5037  28.034506    -0.4963  28.042714     6.6423     6.6227     0.1671    95.2435 1.0000e-12  -66.85268  -68.60339 339.110305      72.16 7.8370e+00   1052.336      25257  1028.1945  1028.1958    34.1346    34.1373    8.16611         27 0.0000e+00
    158.000    156.371    -0.5343  28.001142    -0.5296  28.004786     6.7263     6.7251     0.2057    95.1893 1.0000e-12  -66.85270  -68.60336 339.110456      74.17 6.9816e+00   1065.408      25571  1028.1815  1028.1808    34.1248    34.1245    8.17326         27 0.0000e+00
    157.000    155.383    -0.5686  27.962774    -0.5695  27.960827     6.8418     6.8300     0.1903    95.1552 1.0000e-12  -66.85270  -68.60330 339.110558      74.88 7.0515e+00   1074.259      25783  1028.1685  1028.1674    34.1124    34.1109    8.18137         12 0.0000e+00
    156.000    154.393    -0.5731  27.957029    -0.5716  27.958168     6.8449     6.8428     0.1901    95.1918 1.0000e-12  -66.85270  -68.60330 339.110566      75.86 7.0515e+00   1074.871      25798  1028.1624  1028.1621    34.1104    34.1102    8.18247         11 0.0000e+00
    155.000    153.403    -0.5774  27.951000    -0.5725  27.955898     6.8407     6.8485     0.1954    95.1851 1.0000e-12  -66.85270  -68.60330 339.110571      76.52 7.0515e+00   1075.329      25809  1028.1556  1028.1561    34.1077    34.1088    8.18355         11 0.0000e+00
    154.000    152.414    -0.5839  27.942043    -0.5788  27.947613     6.8381     6.8473     0.1974    95.1752 1.0000e-12  -66.85270  -68.60330 339.110576      77.41 7.0515e+00   1075.770      25819  1028.1479  1028.1490    34.1036    34.1054    8.18519         10 0.0000e+00
    153.000    151.426    -0.5873  27.938003    -0.5849  27.939611     6.8376     6.8371     0.1999    95.1870 1.0000e-12  -66.85270  -68.60330 339.110582      77.20 7.0515e+00   1076.236      25831  1028.1425  1028.1419    34.1026    34.1021    8.18599         12 0.0000e+00
    152.000    150.435    -0.5858  27.939244    -0.5913  27.932785     6.8238     6.8270     0.2046    95.1999 1.0000e-12  -66.85270  -68.60330 339.110587      78.50 7.0515e+00   1076.738      25843  1028.1380  1028.1364    34.1032    34.1007    8.18564         13 0.0000e+00
    151.000    149.445    -0.5887  27.935794    -0.5855  27.939076     6.8125     6.8132     0.2258    95.1406 1.0000e-12  -66.85270  -68.60330 339.110595      81.35 7.0515e+00   1077.379      25858  1028.1328  1028.1331    34.1025    34.1032    8.18631         19 0.0000e+00
    150.000    148.452    -0.5964  27.925999    -0.5984  27.922558     6.9214     6.9105     0.2281    95.0808 1.0000e-12  -66.85271  -68.60329 339.110664      81.57 7.0515e+00   1083.342      26001  1028.1247  1028.1230    34.0985    34.0961    8.18819         18 0.0000e+00
    149.000    147.469    -0.6115  27.907342    -0.6109  27.907203     6.9889     6.9708     0.2122    95.0775 1.0000e-12  -66.85270  -68.60328 339.110703      82.46 7.0515e+00   1086.756      26083  1028.1146  1028.1137    34.0910    34.0901    8.19190         13 0.0000e+00
    148.000    146.477    -0.6173  27.897724    -0.6215  27.891181     6.9653     6.9611     0.2624    95.0273 1.0000e-12  -66.85270  -68.60328 339.110711      82.72 7.0515e+00   1087.400      26099  1028.1055  1028.1025    34.0852    34.0811    8.19349         17 0.0000e+00
    147.000    145.489    -0.6148  27.900593    -0.6149  27.900898     6.9563     6.9588     0.2890    95.0033 1.0000e-12  -66.85272  -68.60328 339.110719      84.69 7.0515e+00   1088.166      26117  1028.1017  1028.1021    34.0869    34.0873    8.19286         20 0.0000e+00
    146.000    144.499    -0.6138  27.902622    -0.6132  27.902071     6.9323     6.9613     0.2860    94.9772 1.0000e-12  -66.85272  -68.60328 339.110732      85.14 7.0515e+00   1089.204      26142  1028.0986  1028.0974    34.0891    34.0877    8.19251         31 0.0000e+00
    145.000    143.509    -0.6232  27.886030    -0.6224  27.886392     7.0830     7.0732     0.3113    94.8432 1.0000e-12  -66.85271  -68.60330 339.110769      87.93 7.0515e+00   1092.408      26219  1028.0852  1028.0846    34.0779    34.0775    8.19519         38 0.0000e+00
    144.000    142.520    -0.6435  27.850461    -0.6451  27.846306     7.1827     7.2195     0.3577    94.7374 1.0000e-12  -66.85269  -68.60328 339.110829      87.57 7.0515e+00   1097.644      26344  1028.0614  1028.0585    34.0533    34.0496    8.20100         22 0.0000e+00
    143.000    141.532    -0.6354  27.864652    -0.6351  27.863970     7.3248     7.2955     0.3808    94.7916 1.0000e-12  -66.85270  -68.60328 339.110838      89.46 7.0515e+00   1098.383      26362  1028.0646  1028.0635    34.0640    34.0628    8.19862         17 0.0000e+00
    142.000    140.541    -0.6335  27.864466    -0.6326  27.865691     7.5338     7.4107     0.3852    94.7941 1.0000e-12  -66.85270  -68.60328 339.110846      89.92 7.0515e+00   1099.064      26379  1028.0582  1028.0588    34.0623    34.0629    8.19832         16 0.0000e+00
    141.000    139.552    -0.6322  27.864828    -0.6310  27.868525     7.6448     7.4769     0.3531    94.7630 1.0000e-12  -66.85270  -68.60328 339.110853      90.65 7.0515e+00   1099.712      26394  1028.0530  1028.0559    34.0619    34.0656    8.19806         15 0.0000e+00
    140.000    138.564    -0.6350  27.840275    -0.6346  27.843693     7.6204     7.4779     0.3709    94.6768 1.0000e-12  -66.85270  -68.60328 339.110860      92.02 7.0515e+00   1100.353      26409  1028.0246  1028.0280    34.0325    34.0367    8.20036         16 0.0000e+00
    139.000    137.574    -0.6395  27.811545    -0.6391  27.813715     7.5261     7.4284     0.3944    94.3810 1.0000e-12  -66.85272  -68.60328 339.110869      92.52 7.0515e+00   1101.060      26426  1027.9938  1027.9957    33.9996    34.0020    8.20326         19 0.0000e+00
    138.000    136.579    -0.6373  27.831230    -0.6381  27.828746     7.4637     7.4056     0.4723    94.0090 1.0000e-12  -66.85271  -68.60328 339.110889      93.55 7.0515e+00   1102.778      26468  1028.0083  1028.0067    34.0242    34.0217    8.20135         26 0.0000e+00
    137.000    135.595    -0.6410  27.821358    -0.6404  27.827283     7.7754     7.7216     0.3998    94.0889 1.0000e-12  -66.85266  -68.60330 339.110964      94.52 7.0515e+00   1109.313      26625  1027.9970  1028.0027    34.0156    34.0230    8.20265         10 0.0000e+00
    136.000    134.605    -0.6413  27.817536    -0.6438  27.809060     7.8449     7.7583     0.4025    94.0226 1.0000e-12  -66.85266  -68.60330 339.110966      95.64 7.0515e+00   1109.509      26629  1027.9887  1027.9820    34.0114    34.0028    8.20295         11 0.0000e+00
    135.000    133.621    -0.6442  27.808747    -0.6480  27.799107     7.8945     7.7948     0.4025    94.0216 1.0000e-12  -66.85266  -68.60330 339.110971      97.27 7.0515e+00   1109.937      26639  1027.9777  1027.9709    34.0034    33.9947    8.20404         10 0.0000e+00
    134.000    132.626    -0.6519  27.790467    -0.6504  27.792639     7.9329     7.8110     0.4638    94.0216 1.0000e-12  -66.85266  -68.60330 339.110976      98.39 7.0515e+00   1110.325      26649  1027.9609  1027.9618    33.9880    33.9893    8.20660          9 0.0000e+00
    133.000    131.634    -0.6762  27.760529    -0.6736  27.762739     7.9381     7.8139     0.5010    93.8869 1.0000e-12  -66.85267  -68.60330 339.110980      99.11 7.0515e+00   1110.724      26658  1027.9480  1027.9479    33.9756    33.9756    8.21260         10 0.0000e+00
    132.000    130.651    -0.7107  27.724295    -0.7006  27.734615     7.9382     7.8142     0.5036    93.7725 1.0000e-12  -66.85268  -68.60330 339.110985      99.73 7.0515e+00   1111.143      26668  1027.9380  1027.9392    33.9661    33.9686    8.22067         10 0.0000e+00
    131.000    129.656    -0.7368  27.696524    -0.7289  27.703884     7.9147     7.8060     0.6534    93.6976 1.0000e-12  -66.85268  -68.60330 339.110991      99.93 7.0515e+00   1111.591      26679  1027.9288  1027.9291    33.9585    33.9595    8.22679         12 0.0000e+00
    130.000    128.667    -0.7418  27.691080    -0.7419  27.689818     7.8374     7.7800     0.6659    93.6203 1.0000e-12  -66.85270  -68.60330 339.110997      70.15 7.0515e+00   1112.123      26692  1027.9234  1027.9222    33.9574    33.9558    8.22796         14 0.0000e+00
    129.000    127.680    -0.7172  27.718445    -0.7165  27.720164     7.7526     7.7558     0.6368    93.5701 1.0000e-12  -66.85271  -68.60329 339.111014      50.82 7.0515e+00   1113.615      26728  1027.9242  1027.9256    33.9673    33.9688    8.22200         24 0.0000e+00
    128.000    126.695    -0.7299  27.700555    -0.7270  27.703028     7.8283     7.8652     0.5427    93.5047 1.0000e-12  -66.85268  -68.60328 339.111111      99.43 7.0515e+00   1122.013      26929  1027.9121  1027.9120    33.9580    33.9582    8.22531         10 0.0000e+00
    127.000    125.698    -0.7335  27.695820    -0.7301  27.698676     7.8229     7.8618     0.5668    93.4662 1.0000e-12  -66.85268  -68.60328 339.111117      99.98 7.0515e+00   1122.512      26941  1027.9061  1027.9059    33.9563    33.9564    8.22620         10 0.0000e+00
    126.000    124.709    -0.7390  27.688469    -0.7398  27.686126     7.8275     7.8527     0.5696    93.4443 1.0000e-12  -66.85270  -68.60330 339.111122      99.97 7.0515e+00   1122.940      26952  1027.8991  1027.8974    33.9531    33.9508    8.22758         11 0.0000e+00
    125.000    123.721    -0.7408  27.685706    -0.7422  27.682896     7.8252     7.8514     0.6358    93.3933 1.0000e-12  -66.85270  -68.60330 339.111128      99.97 7.0515e+00   1123.434      26963  1027.8935  1027.8919    33.9520    33.9498    8.22804         12 0.0000e+00
    124.000    122.731    -0.7400  27.686265    -0.7422  27.682598     7.8176     7.8534     0.7036    93.3778 1.0000e-12  -66.85270  -68.60330 339.111135      99.97 7.0515e+00   1124.023      26978  1027.8889  1027.8871    33.9525    33.9500    8.22784         16 0.0000e+00
    123.000    121.742    -0.7398  27.686161    -0.7389  27.686216     7.8165     7.8575     0.6510    93.3727 1.0000e-12  -66.85270  -68.60330 339.111145      99.97 7.0515e+00   1124.899      26999  1027.8842  1027.8835    33.9527    33.9519    8.22777         28 0.0000e+00
    122.000    120.753    -0.7431  27.682043    -0.7420  27.682518     7.8151     7.8656     0.6408    93.3362 1.0000e-12  -66.85270  -68.60331 339.111253      99.97 7.0515e+00   1134.299      27224  1027.8781  1027.8776    33.9515    33.9509    8.22857         35 0.0000e+00
    121.000    119.762    -0.7916  27.630104    -0.7923  27.628632     7.8046     7.8576     0.5466    93.2829 1.0000e-12  -66.85268  -68.60338 339.111509      99.97 7.0515e+00   1156.342      27753  1027.8638  1027.8629    33.9364    33.9352    8.24005         15 0.0000e+00
    120.000    118.774    -0.7920  27.630153    -0.7936  27.627647     7.7990     7.8528     0.5725    93.3012 1.0000e-12  -66.85268  -68.60338 339.111514      99.97 7.0515e+00   1156.848      27765  1027.8598  1027.8587    33.9376    33.9359    8.24007         21 0.0000e+00
    119.000    117.784    -0.7978  27.623592    -0.7964  27.624201     7.7939     7.8387     0.6406    93.3893 1.0000e-12  -66.85269  -68.60338 339.111619      99.97 7.0515e+00   1165.848      27981  1027.8538  1027.8531    33.9358    33.9350    8.24143         32 0.0000e+00
    118.000    116.797    -0.8247  27.597117    -0.8229  27.597214     7.8015     7.8589     0.6567    93.2882 1.0000e-12  -66.85272  -68.60337 339.111878      99.97 7.0515e+00   1188.278      28520  1027.8461  1027.8445    33.9308    33.9289    8.24761         37 0.0000e+00
    117.000    115.805    -0.8112  27.609137    -0.8111  27.608120     7.8008     7.8563     0.5764    93.3432 1.0000e-12  -66.85272  -68.60335 339.111897      99.97 7.0515e+00   1189.942      28560  1027.8418  1027.8405    33.9325    33.9310    8.24456         36 0.0000e+00
