NBP2113_155081_ctd/data/unbp2113_040.cnv
* Sea-Bird SBE 9 Data File:
* FileName = D:\Data\raw\NBP2113_040.hex
* Software Version Seasave V 7.26.7.121
* Temperature SN = 2438
* Conductivity SN = 2067
* Number of Bytes Per Scan = 40
* Number of Voltage Words = 5
* Number of Scans Averaged by the Deck Unit = 1
* NMEA Latitude = 64 51.74 S
* NMEA Longitude = 063 55.31 W
* NMEA UTC (Time) = Dec 10 2021  12:43:38
* NMEA baud rate = 9600
** Ship: RVIB N.B. Palmer
** Cruise: NBP2113 LTER
** Station: 621.028
** Operator: B. Urmston
# nquan = 25
# nvalues = 377                         
# units = specified
# name 0 = prDM: Pressure, Digiquartz [db]
# name 1 = depSM: Depth [salt water, m]
# name 2 = t090C: Temperature [ITS-90, deg C]
# name 3 = c0mS/cm: Conductivity [mS/cm]
# name 4 = t190C: Temperature, 2 [ITS-90, deg C]
# name 5 = c1mS/cm: Conductivity, 2 [mS/cm]
# name 6 = sbeox0ML/L: Oxygen, SBE 43 [ml/l]
# name 7 = sbeox1ML/L: Oxygen, SBE 43, 2 [ml/l]
# name 8 = flECO-AFL: Fluorescence, WET Labs ECO-AFL/FL [mg/m^3]
# name 9 = CStarTr0: Beam Transmission, WET Labs C-Star [%]
# name 10 = par: PAR/Irradiance, Biospherical/Licor
# name 11 = latitude: Latitude [deg]
# name 12 = longitude: Longitude [deg]
# name 13 = timeJ: Julian Days
# name 14 = altM: Altimeter [m]
# name 15 = spar: SPAR, Biospherical/Licor
# name 16 = timeS: Time, Elapsed [seconds]
# name 17 = scan: Scan Count
# name 18 = density00: Density [density, kg/m^3]
# name 19 = density11: Density, 2 [density, kg/m^3]
# name 20 = sal00: Salinity, Practical [PSU]
# name 21 = sal11: Salinity, Practical, 2 [PSU]
# name 22 = oxsolML/L: Oxygen Saturation, Garcia & Gordon [ml/l]
# name 23 = nbin: number of scans per bin
# name 24 = flag: flag
# span 0 =      1.000,    377.000       
# span 1 =      0.988,    372.969       
# span 2 =    -0.3617,     1.2709       
# span 3 =  27.899808,  30.020904       
# span 4 =    -0.3609,     1.2707       
# span 5 =  27.897651,  30.019758       
# span 6 =     4.3210,     9.2503       
# span 7 =     4.3863,     9.9552       
# span 8 =    -0.0151,     1.8783       
# span 9 =    88.4251,    94.7529       
# span 10 = 1.0000e-12, 5.1464e+02      
# span 11 =  -64.86224,  -64.86194      
# span 12 =  -63.92210,  -63.92190      
# span 13 = 344.542113, 344.552546      
# span 14 =       0.69,     103.60      
# span 15 = 2.8206e+02, 4.0197e+02      
# span 16 =   1020.525,   1921.942      
# span 17 =      24494,      46128      
# span 18 =  1027.1548,  1029.5069      
# span 19 =  1027.1534,  1029.5059      
# span 20 =    33.7969,    34.6324      
# span 21 =    33.7945,    34.6310      
# span 22 =    7.77195,    8.14608      
# span 23 =         15,         49      
# span 24 = 0.0000e+00, 0.0000e+00      
# interval = decibars: 1                
# start_time = Dec 10 2021 12:43:38 [NMEA time, header]
# bad_flag = -9.990e-29
*END*
[from data line 58]
    319.000    315.633     1.2504  29.976154     1.2501  29.974751     4.3519     4.4170    -0.0058    94.7063 1.0000e-12  -64.86206  -63.92196 344.543723      67.48 3.5081e+02   1159.669      27833  1029.2334  1029.2322    34.6279    34.6264    7.77625         27 0.0000e+00
    318.000    314.643     1.2489  29.974037     1.2488  29.972928     4.3533     4.4179    -0.0017    94.6914 1.0000e-12  -64.86206  -63.92196 344.543737      68.49 3.5081e+02   1160.895      27862  1029.2285  1029.2275    34.6274    34.6261    7.77657         31 0.0000e+00
    317.000    313.657     1.2481  29.972727     1.2476  29.971069     4.3577     4.4141    -0.0104    94.7092 1.0000e-12  -64.86206  -63.92194 344.543755      69.63 3.5081e+02   1162.436      27899  1029.2237  1029.2225    34.6272    34.6257    7.77674         34 0.0000e+00
    316.000    312.666     1.2496  29.973830     1.2493  29.972381     4.3540     4.4131    -0.0094    94.7121 1.0000e-12  -64.86206  -63.92194 344.543791      70.78 3.5081e+02   1165.528      27974  1029.2190  1029.2179    34.6276    34.6260    7.77643         23 0.0000e+00
    315.000    311.678     1.2498  29.973726     1.2495  29.972365     4.3562     4.4201    -0.0147    94.7053 1.0000e-12  -64.86206  -63.92196 344.543818      71.68 3.5081e+02   1167.868      28030  1029.2145  1029.2134    34.6278    34.6263    7.77638         36 0.0000e+00
    314.000    310.689     1.2491  29.972369     1.2484  29.970707     4.3568     4.4201    -0.0100    94.7169 1.0000e-12  -64.86204  -63.92196 344.543836      72.84 3.5081e+02   1169.443      28068  1029.2096  1029.2085    34.6274    34.6260    7.77654         34 0.0000e+00
    313.000    309.700     1.2497  29.972674     1.2493  29.971152     4.3523     4.4169    -0.0084    94.7308 1.0000e-12  -64.86204  -63.92196 344.543852      73.87 3.5081e+02   1170.822      28101  1029.2050  1029.2039    34.6277    34.6262    7.77640         33 0.0000e+00
    312.000    308.711     1.2496  29.972173     1.2492  29.970625     4.3486     4.4160    -0.0117    94.7159 1.0000e-12  -64.86204  -63.92196 344.543869      74.86 3.5081e+02   1172.315      28137  1029.2004  1029.1992    34.6277    34.6262    7.77642         36 0.0000e+00
    311.000    307.721     1.2493  29.971430     1.2490  29.969985     4.3563     4.4159    -0.0082    94.7169 1.0000e-12  -64.86204  -63.92196 344.543899      76.10 3.5092e+02   1174.908      28199  1029.1956  1029.1945    34.6276    34.6261    7.77647         31 0.0000e+00
    310.000    306.736     1.2484  29.970135     1.2482  29.968708     4.3560     4.4158    -0.0039    94.7289 1.0000e-12  -64.86204  -63.92196 344.543937      77.24 3.5256e+02   1178.128      28276  1029.1910  1029.1898    34.6275    34.6260    7.77665         38 0.0000e+00
    309.000    305.746     1.2510  29.972316     1.2521  29.972423     4.3516     4.4157    -0.0107    94.7330 1.0000e-12  -64.86202  -63.92196 344.543983      78.29 3.5258e+02   1182.121      28372  1029.1865  1029.1854    34.6281    34.6270    7.77612         35 0.0000e+00
    308.000    304.759     1.2501  29.970984     1.2499  29.969811     4.3476     4.4178    -0.0028    94.7177 1.0000e-12  -64.86202  -63.92196 344.544021      79.41 3.5197e+02   1185.370      28450  1029.1817  1029.1807    34.6279    34.6267    7.77630         42 0.0000e+00
    307.000    303.767     1.2523  29.972762     1.2511  29.970546     4.3518     4.4100    -0.0130    94.7169 1.0000e-12  -64.86202  -63.92197 344.544052      80.47 3.5210e+02   1188.106      28516  1029.1772  1029.1760    34.6284    34.6268    7.77584         40 0.0000e+00
    306.000    302.778     1.2532  29.973357     1.2527  29.971677     4.3485     4.4146    -0.0066    94.6894 1.0000e-12  -64.86200  -63.92198 344.544079      81.46 3.5260e+02   1190.449      28572  1029.1727  1029.1714    34.6287    34.6272    7.77565         41 0.0000e+00
    305.000    301.792     1.2532  29.972952     1.2527  29.971341     4.3463     4.4184    -0.0035    94.6702 1.0000e-12  -64.86200  -63.92199 344.544099      82.76 3.5258e+02   1192.126      28612  1029.1680  1029.1668    34.6288    34.6273    7.77564         38 0.0000e+00
    304.000    300.803     1.2534  29.972532     1.2530  29.971107     4.3477     4.4124    -0.0007    94.6984 1.0000e-12  -64.86200  -63.92199 344.544180      83.77 3.5283e+02   1199.119      28780  1029.1632  1029.1621    34.6286    34.6272    7.77561         33 0.0000e+00
    303.000    299.812     1.2530  29.971771     1.2525  29.970168     4.3460     4.4077    -0.0138    94.6478 1.0000e-12  -64.86200  -63.92200 344.544206      84.59 3.5433e+02   1201.354      28834  1029.1585  1029.1574    34.6286    34.6272    7.77568         27 0.0000e+00
    302.000    298.825     1.2535  29.971801     1.2530  29.970311     4.3500     4.4113    -0.0086    94.6727 1.0000e-12  -64.86200  -63.92202 344.544219      85.55 3.5434e+02   1202.486      28861  1029.1539  1029.1528    34.6288    34.6274    7.77559         27 0.0000e+00
    301.000    297.833     1.2434  29.961072     1.2426  29.958796     4.3702     4.4264    -0.0106    94.6720 1.0000e-12  -64.86197  -63.92203 344.544454      87.58 3.5358e+02   1222.839      29349  1029.1485  1029.1468    34.6268    34.6247    7.77770         35 0.0000e+00
    300.000    296.848     1.2226  29.938831     1.2245  29.938314     4.3937     4.4501    -0.0074    94.6826 1.0000e-12  -64.86194  -63.92203 344.544772      89.82 3.5364e+02   1250.292      30008  1029.1411  1029.1392    34.6218    34.6191    7.78208         30 0.0000e+00
    299.000    295.858     1.2278  29.943942     1.2321  29.947506     4.5054     4.5104     0.0004    94.7086 1.0000e-12  -64.86194  -63.92204 344.544798      90.92 3.5435e+02   1252.507      30061  1029.1375  1029.1368    34.6232    34.6231    7.78098         33 0.0000e+00
    298.000    294.869     1.1711  29.884870     1.1892  29.904103     4.5208     4.5303    -0.0127    94.7148 1.0000e-12  -64.86194  -63.92205 344.544811      91.68 3.5434e+02   1253.701      30090  1029.1285  1029.1304    34.6109    34.6155    7.79291         24 0.0000e+00
    297.000    293.881     1.1380  29.846726     1.1449  29.853269     4.4981     4.5326    -0.0113    94.7286 1.0000e-12  -64.86194  -63.92206 344.544822      92.49 3.5434e+02   1254.612      30112  1029.1177  1029.1179    34.5991    34.5999    7.80012         20 0.0000e+00
    296.000    292.892     1.1560  29.863695     1.1576  29.864802     4.4782     4.5282    -0.0091    94.7254 1.0000e-12  -64.86194  -63.92206 344.544832      93.36 3.5434e+02   1255.468      30132  1029.1129  1029.1124    34.6016    34.6012    7.79641         21 0.0000e+00
    295.000    291.903     1.1635  29.872310     1.1621  29.869799     4.4620     4.5163    -0.0137    94.6968 1.0000e-12  -64.86194  -63.92206 344.544842      94.37 3.5434e+02   1256.386      30154  1029.1099  1029.1088    34.6050    34.6033    7.79475         24 0.0000e+00
    294.000    290.913     1.1667  29.875552     1.1662  29.873805     4.4519     4.5112    -0.0006    94.7113 1.0000e-12  -64.86194  -63.92206 344.544854      95.39 3.5434e+02   1257.384      30178  1029.1057  1029.1045    34.6061    34.6045    7.79404         24 0.0000e+00
    293.000    289.925     1.1740  29.882827     1.1737  29.881403     4.4464     4.5103    -0.0004    94.7191 1.0000e-12  -64.86194  -63.92206 344.544866      96.42 3.5434e+02   1258.402      30203  1029.1015  1029.1005    34.6079    34.6064    7.79248         24 0.0000e+00
    292.000    288.937     1.1782  29.886965     1.1780  29.885783     4.4439     4.5125    -0.0004    94.7293 1.0000e-12  -64.86194  -63.92206 344.544878      97.33 3.5427e+02   1259.424      30227  1029.0975  1029.0964    34.6092    34.6079    7.79159         25 0.0000e+00
    291.000    287.947     1.1772  29.885787     1.1765  29.883847     4.4353     4.5036     0.0067    94.7030 1.0000e-12  -64.86194  -63.92206 344.544890      98.64 3.5283e+02   1260.523      30254  1029.0929  1029.0916    34.6094    34.6077    7.79178         28 0.0000e+00
    290.000    286.958     1.1805  29.888577     1.1795  29.886538     4.4090     4.4968     0.0074    94.7092 1.0000e-12  -64.86194  -63.92206 344.544904      99.18 3.5258e+02   1261.714      30282  1029.0882  1029.0871    34.6099    34.6084    7.79109         27 0.0000e+00
    289.000    285.970     1.1930  29.901208     1.1873  29.894059     4.4662     4.5272     0.0058    94.6811 1.0000e-12  -64.86194  -63.92206 344.544918      99.84 3.5258e+02   1262.938      30312  1029.0845  1029.0829    34.6128    34.6100    7.78844         28 0.0000e+00
    288.000    284.982     1.1753  29.885194     1.1713  29.879345     4.5441     4.5534    -0.0076    94.7071 1.0000e-12  -64.86194  -63.92206 344.544934      99.97 3.5258e+02   1264.278      30344  1029.0814  1029.0793    34.6125    34.6094    7.79199         35 0.0000e+00
    287.000    283.992     1.1198  29.823319     1.1394  29.843497     4.5703     4.5884    -0.0067    94.7046 1.0000e-12  -64.86194  -63.92206 344.544953      99.97 3.5258e+02   1265.976      30384  1029.0682  1029.0697    34.5951    34.5993    7.80398         46 0.0000e+00
    286.000    283.003     1.1121  29.814919     1.1084  29.810315     4.6073     4.6308     0.0040    94.7088 1.0000e-12  -64.86194  -63.92206 344.544975      99.97 3.5258e+02   1267.816      30429  1029.0626  1029.0617    34.5935    34.5916    7.80561         34 0.0000e+00
    285.000    282.015     1.0863  29.786643     1.0905  29.790570     4.6211     4.6501     0.0028    94.7067 1.0000e-12  -64.86194  -63.92206 344.544988      99.97 3.5258e+02   1268.957      30456  1029.0545  1029.0544    34.5862    34.5867    7.81113         23 0.0000e+00
    284.000    281.025     1.0751  29.774030     1.0788  29.777139     4.6213     4.6532    -0.0004    94.7184 1.0000e-12  -64.86194  -63.92206 344.544997      99.97 3.5258e+02   1269.774      30476  1029.0481  1029.0478    34.5830    34.5829    7.81354         18 0.0000e+00
    283.000    280.037     1.0698  29.767623     1.0697  29.766628     4.6112     4.6490    -0.0004    94.7169 1.0000e-12  -64.86194  -63.92206 344.545006      99.97 3.5258e+02   1270.490      30493  1029.0424  1029.0415    34.5813    34.5801    7.81471         17 0.0000e+00
    282.000    279.047     1.0694  29.766359     1.0688  29.764822     4.6016     4.6461     0.0048    94.7155 1.0000e-12  -64.86194  -63.92208 344.545014      99.97 3.5258e+02   1271.215      30510  1029.0370  1029.0361    34.5806    34.5794    7.81481         18 0.0000e+00
    281.000    278.060     1.0707  29.767425     1.0694  29.765191     4.5997     4.6477     0.0069    94.7008 1.0000e-12  -64.86194  -63.92208 344.545023      99.97 3.5258e+02   1271.992      30529  1029.0325  1029.0314    34.5812    34.5797    7.81454         19 0.0000e+00
    280.000    277.069     1.0704  29.766629     1.0703  29.765514     4.5999     4.6486     0.0076    94.6910 1.0000e-12  -64.86194  -63.92208 344.545033      99.97 3.5258e+02   1272.840      30549  1029.0275  1029.0265    34.5811    34.5797    7.81460         21 0.0000e+00
    279.000    276.082     1.0717  29.767957     1.0717  29.766928     4.5913     4.6453    -0.0004    94.7012 1.0000e-12  -64.86194  -63.92208 344.545043      99.97 3.5258e+02   1273.752      30571  1029.0232  1029.0222    34.5819    34.5806    7.81429         23 0.0000e+00
    278.000    275.092     1.0703  29.766105     1.0703  29.765130     4.5778     4.6436    -0.0070    94.7127 1.0000e-12  -64.86194  -63.92207 344.545055      90.54 3.5258e+02   1274.753      30595  1029.0182  1029.0173    34.5816    34.5804    7.81458         26 0.0000e+00
    277.000    274.104     1.0727  29.768035     1.0742  29.768478     4.5793     4.6424    -0.0011    94.7004 1.0000e-12  -64.86194  -63.92206 344.545071      71.87 3.5186e+02   1276.129      30628  1029.0135  1029.0125    34.5821    34.5810    7.81408         34 0.0000e+00
    276.000    273.115     1.0795  29.775033     1.0785  29.772763     4.5696     4.6338    -0.0065    94.6936 1.0000e-12  -64.86194  -63.92206 344.545108      99.88 3.5103e+02   1279.354      30705  1029.0094  1029.0081    34.5841    34.5823    7.81261         32 0.0000e+00
    275.000    272.127     1.0778  29.773249     1.0783  29.772711     4.5688     4.6363    -0.0070    94.7101 1.0000e-12  -64.86194  -63.92206 344.545123      99.97 3.5263e+02   1280.626      30736  1029.0050  1029.0039    34.5843    34.5830    7.81295         21 0.0000e+00
    274.000    271.136     1.0785  29.773154     1.0783  29.772223     4.5654     4.6373    -0.0002    94.7121 1.0000e-12  -64.86194  -63.92206 344.545132      99.97 3.5258e+02   1281.372      30754  1029.0000  1028.9991    34.5840    34.5830    7.81282         16 0.0000e+00
    273.000    270.150     1.0780  29.772594     1.0773  29.770844     4.5685     4.6349     0.0033    94.7153 1.0000e-12  -64.86194  -63.92208 344.545139      99.97 3.5258e+02   1282.023      30770  1028.9955  1028.9945    34.5844    34.5829    7.81289         16 0.0000e+00
    272.000    269.157     1.0769  29.770775     1.0762  29.769074     4.5720     4.6334     0.0069    94.7169 1.0000e-12  -64.86194  -63.92208 344.545147      99.97 3.5258e+02   1282.670      30785  1028.9905  1028.9895    34.5839    34.5824    7.81315         15 0.0000e+00
    271.000    268.172     1.0774  29.770968     1.0765  29.768867     4.5722     4.6372     0.0004    94.7007 1.0000e-12  -64.86194  -63.92208 344.545155      99.97 3.5258e+02   1283.369      30802  1028.9859  1028.9847    34.5841    34.5825    7.81302         19 0.0000e+00
    270.000    267.181     1.0765  29.769449     1.0758  29.767793     4.5730     4.6399    -0.0004    94.6925 1.0000e-12  -64.86194  -63.92208 344.545165      99.97 3.5258e+02   1284.218      30822  1028.9810  1028.9800    34.5837    34.5824    7.81322         23 0.0000e+00
    269.000    266.192     1.0769  29.769355     1.0764  29.767756     4.5768     4.6415    -0.0004    94.7021 1.0000e-12  -64.86194  -63.92207 344.545180      99.97 3.5116e+02   1285.516      30853  1028.9763  1028.9751    34.5838    34.5823    7.81315         40 0.0000e+00
    268.000    265.203     1.0759  29.767909     1.0763  29.767384     4.5808     4.6411     0.0021    94.6870 1.0000e-12  -64.86194  -63.92206 344.545211      99.97 3.5049e+02   1288.218      30918  1028.9715  1028.9706    34.5836    34.5825    7.81336         33 0.0000e+00
    267.000    264.214     1.0748  29.766187     1.0748  29.764933     4.5788     4.6448    -0.0052    94.6929 1.0000e-12  -64.86194  -63.92207 344.545239      99.97 3.5225e+02   1290.631      30976  1028.9664  1028.9652    34.5832    34.5816    7.81359         33 0.0000e+00
    266.000    263.224     1.0761  29.767413     1.0761  29.766305     4.5823     4.6395    -0.0032    94.7049 1.0000e-12  -64.86194  -63.92208 344.545252      99.97 3.5158e+02   1291.780      31004  1028.9623  1028.9611    34.5840    34.5825    7.81331         23 0.0000e+00
    265.000    262.237     1.0746  29.765278     1.0741  29.763793     4.5838     4.6396    -0.0061    94.6910 1.0000e-12  -64.86194  -63.92208 344.545263      99.97 3.5080e+02   1292.697      31026  1028.9572  1028.9562    34.5834    34.5820    7.81362         22 0.0000e+00
    264.000    261.248     1.0756  29.765732     1.0756  29.764690     4.5793     4.6402    -0.0006    94.7143 1.0000e-12  -64.86194  -63.92208 344.545274      99.97 3.5081e+02   1293.698      31050  1028.9525  1028.9514    34.5835    34.5821    7.81343         28 0.0000e+00
    263.000    260.258     1.0759  29.765711     1.0759  29.764738     4.5809     4.6441     0.0023    94.6925 1.0000e-12  -64.86194  -63.92207 344.545292      99.97 3.5081e+02   1295.215      31086  1028.9479  1028.9468    34.5837    34.5824    7.81335         40 0.0000e+00
