NBP2113_155081_ctd/data/unbp2113_045.cnv
* Sea-Bird SBE 9 Data File:
* FileName = D:\Data\raw\NBP2113_045.hex
* Software Version Seasave V 7.26.7.121
* Temperature SN = 2438
* Conductivity SN = 2067
* Number of Bytes Per Scan = 40
* Number of Voltage Words = 5
* Number of Scans Averaged by the Deck Unit = 1
* NMEA Latitude = 64 53.15 S
* NMEA Longitude = 063 45.53 W
* NMEA UTC (Time) = Dec 11 2021  03:56:53
* NMEA baud rate = 9600
** Ship: RVIB N.B. Palmer
** Cruise: NBP2113 LTER
** Station: 624.021
** Operator: B. Urmston
# nquan = 25
# nvalues = 616                         
# units = specified
# name 0 = prDM: Pressure, Digiquartz [db]
# name 1 = depSM: Depth [salt water, m]
# name 2 = t090C: Temperature [ITS-90, deg C]
# name 3 = c0mS/cm: Conductivity [mS/cm]
# name 4 = t190C: Temperature, 2 [ITS-90, deg C]
# name 5 = c1mS/cm: Conductivity, 2 [mS/cm]
# name 6 = sbeox0ML/L: Oxygen, SBE 43 [ml/l]
# name 7 = sbeox1ML/L: Oxygen, SBE 43, 2 [ml/l]
# name 8 = flECO-AFL: Fluorescence, WET Labs ECO-AFL/FL [mg/m^3]
# name 9 = CStarTr0: Beam Transmission, WET Labs C-Star [%]
# name 10 = par: PAR/Irradiance, Biospherical/Licor
# name 11 = latitude: Latitude [deg]
# name 12 = longitude: Longitude [deg]
# name 13 = timeJ: Julian Days
# name 14 = altM: Altimeter [m]
# name 15 = spar: SPAR, Biospherical/Licor
# name 16 = timeS: Time, Elapsed [seconds]
# name 17 = scan: Scan Count
# name 18 = density00: Density [density, kg/m^3]
# name 19 = density11: Density, 2 [density, kg/m^3]
# name 20 = sal00: Salinity, Practical [PSU]
# name 21 = sal11: Salinity, Practical, 2 [PSU]
# name 22 = oxsolML/L: Oxygen Saturation, Garcia & Gordon [ml/l]
# name 23 = nbin: number of scans per bin
# name 24 = flag: flag
# span 0 =      1.000,    616.000       
# span 1 =      0.991,    609.063       
# span 2 =    -0.3407,     1.2214       
# span 3 =  27.879721,  30.073823       
# span 4 =    -0.3418,     1.2211       
# span 5 =  27.877313,  30.072390       
# span 6 =     4.3668,     9.8020       
# span 7 =     4.4425,     9.8969       
# span 8 =    -0.0129,     2.3245       
# span 9 =    84.5699,    91.7734       
# span 10 = 1.0000e-12, 2.4859e+00      
# span 11 =  -64.88606,  -64.88554      
# span 12 =  -63.75908,  -63.75803      
# span 13 = 345.180245, 345.195261      
# span 14 =       1.16,     100.14      
# span 15 = 0.0000e+00, 0.0000e+00      
# span 16 =   1360.155,   2657.586      
# span 17 =      32645,      63783      
# span 18 =  1027.1118,  1030.6169      
# span 19 =  1027.1103,  1030.6157      
# span 20 =    33.7502,    34.6157      
# span 21 =    33.7469,    34.6141      
# span 22 =    7.78265,    8.14873      
# span 23 =         16,         52      
# span 24 = 0.0000e+00, 0.0000e+00      
# interval = decibars: 1                
# start_time = Dec 11 2021 03:56:53 [NMEA time, header]
# bad_flag = -9.990e-29
*END*
[from data line 290]
    326.000    322.552     1.0290  29.743305     1.0257  29.738780     4.6312     4.6932     0.0035    91.5959 1.0000e-12  -64.88584  -63.75860 345.185784      99.97 0.0000e+00   1838.705      44130  1029.2371  1029.2357    34.5701    34.5679    7.82346         39 0.0000e+00
    325.000    321.564     1.0297  29.744065     1.0302  29.743099     4.6360     4.6995     0.0056    91.6167 1.0000e-12  -64.88584  -63.75859 345.185808      99.97 0.0000e+00   1840.810      44180  1029.2329  1029.2314    34.5708    34.5691    7.82328         40 0.0000e+00
    324.000    320.575     1.0259  29.739628     1.0245  29.737054     4.6390     4.7064     0.0072    91.6050 1.0000e-12  -64.88584  -63.75858 345.185834      99.97 0.0000e+00   1843.030      44234  1029.2278  1029.2265    34.5699    34.5682    7.82409         43 0.0000e+00
    323.000    319.587     1.0234  29.736226     1.0232  29.735093     4.6399     4.7081     0.0114    91.6308 1.0000e-12  -64.88584  -63.75858 345.185857      99.97 0.0000e+00   1845.027      44282  1029.2225  1029.2216    34.5690    34.5677    7.82466         38 0.0000e+00
    322.000    318.599     1.0208  29.733193     1.0194  29.730708     4.6561     4.7144     0.0083    91.6161 1.0000e-12  -64.88584  -63.75858 345.185880      99.97 0.0000e+00   1847.067      44331  1029.2177  1029.2165    34.5685    34.5669    7.82520         36 0.0000e+00
    321.000    317.608     1.0167  29.728439     1.0093  29.719496     4.6704     4.7347     0.0109    91.6131 1.0000e-12  -64.88584  -63.75858 345.185904      99.97 0.0000e+00   1849.097      44379  1029.2125  1029.2106    34.5675    34.5642    7.82607         41 0.0000e+00
    320.000    316.620     1.0076  29.718131     0.9994  29.708433     4.6931     4.7358     0.0076    91.6516 1.0000e-12  -64.88584  -63.75858 345.185922      99.97 0.0000e+00   1850.623      44416  1029.2067  1029.2047    34.5649    34.5616    7.82804         32 0.0000e+00
    319.000    315.632     0.9975  29.706951     0.9956  29.703639     4.6755     4.7318     0.0053    91.6305 1.0000e-12  -64.88584  -63.75857 345.185937      99.97 0.0000e+00   1851.917      44447  1029.2007  1029.1991    34.5623    34.5601    7.83020         32 0.0000e+00
    318.000    314.645     1.0000  29.708610     0.9995  29.707154     4.6700     4.7287     0.0007    91.6242 1.0000e-12  -64.88584  -63.75856 345.185956      99.97 0.0000e+00   1853.593      44487  1029.1956  1029.1945    34.5622    34.5609    7.82970         33 0.0000e+00
    317.000    313.655     0.9977  29.706320     0.9966  29.703990     4.6769     4.7357     0.0065    91.6252 1.0000e-12  -64.88584  -63.75856 345.185999      99.97 0.0000e+00   1857.349      44577  1029.1911  1029.1898    34.5624    34.5606    7.83015         31 0.0000e+00
    316.000    312.665     0.9983  29.706276     0.9986  29.705657     4.6831     4.7515     0.0121    91.6269 1.0000e-12  -64.88584  -63.75856 345.186023      99.97 0.0000e+00   1859.359      44626  1029.1862  1029.1852    34.5623    34.5612    7.83005         35 0.0000e+00
    315.000    311.678     0.9939  29.702009     0.9883  29.695434     4.7100     4.7734    -0.0041    91.6269 1.0000e-12  -64.88583  -63.75856 345.186039      99.97 0.0000e+00   1860.760      44659  1029.1818  1029.1806    34.5622    34.5600    7.83092         33 0.0000e+00
    314.000    310.688     0.9717  29.678292     0.9585  29.663604     4.7561     4.8028     0.0068    91.6336 1.0000e-12  -64.88582  -63.75854 345.186055      99.97 0.0000e+00   1862.160      44693  1029.1751  1029.1729    34.5569    34.5526    7.83568         35 0.0000e+00
    313.000    309.698     0.9434  29.647754     0.9324  29.635132     4.7374     4.7812     0.0069    91.6485 1.0000e-12  -64.88582  -63.75854 345.186073      99.97 0.0000e+00   1863.700      44730  1029.1670  1029.1647    34.5495    34.5454    7.84177         40 0.0000e+00
    312.000    308.708     0.9499  29.655890     0.9605  29.661729     4.7269     4.7755     0.0066    91.6313 1.0000e-12  -64.88582  -63.75853 345.186113      99.97 0.0000e+00   1867.183      44813  1029.1642  1029.1597    34.5534    34.5491    7.84025         27 0.0000e+00
    311.000    307.722     0.9271  29.628546     0.9530  29.657116     4.7429     4.7919     0.0153    91.6287 1.0000e-12  -64.88582  -63.75852 345.186172      99.97 0.0000e+00   1872.226      44934  1029.1540  1029.1581    34.5440    34.5520    7.84535         42 0.0000e+00
    310.000    306.732     0.9482  29.650452     0.9477  29.649021     4.7158     4.7859    -0.0042    91.6575 1.0000e-12  -64.88582  -63.75852 345.186198      99.97 0.0000e+00   1874.512      44989  1029.1513  1029.1504    34.5494    34.5482    7.84081         40 0.0000e+00
    309.000    305.746     0.9566  29.660574     0.9645  29.665848     4.7203     4.7863     0.0038    91.6352 1.0000e-12  -64.88582  -63.75850 345.186270      99.97 0.0000e+00   1880.736      45139  1029.1486  1029.1469    34.5537    34.5518    7.83889         23 0.0000e+00
    308.000    304.756     0.9480  29.650467     0.9421  29.644383     4.7160     4.7867     0.0080    91.6619 1.0000e-12  -64.88582  -63.75850 345.186305      99.97 0.0000e+00   1883.781      45212  1029.1430  1029.1426    34.5508    34.5495    7.84077         39 0.0000e+00
    307.000    303.768     0.9633  29.664943     0.9549  29.655462     4.7263     4.7930     0.0010    91.6403 1.0000e-12  -64.88581  -63.75850 345.186328      99.97 0.0000e+00   1885.779      45260  1029.1384  1029.1370    34.5531    34.5502    7.83757         38 0.0000e+00
    306.000    302.779     0.9550  29.655452     0.9502  29.649564     4.7052     4.7713     0.0041    91.6588 1.0000e-12  -64.88580  -63.75849 345.186370      99.97 0.0000e+00   1889.396      45347  1029.1327  1029.1314    34.5506    34.5484    7.83937         29 0.0000e+00
    305.000    301.791     0.9801  29.682967     0.9720  29.672479     4.6800     4.7616     0.0113    91.5987 1.0000e-12  -64.88580  -63.75848 345.186418      99.97 0.0000e+00   1893.515      45445  1029.1323  1029.1297    34.5588    34.5543    7.83388         30 0.0000e+00
    304.000    300.802     0.9836  29.684925     0.9765  29.676668     4.6683     4.7443     0.0076    91.6448 1.0000e-12  -64.88580  -63.75850 345.186443      99.97 0.0000e+00   1895.701      45498  1029.1267  1029.1251    34.5581    34.5553    7.83323         37 0.0000e+00
    303.000    299.814     0.9977  29.700251     0.9943  29.695833     4.6769     4.7450     0.0073    91.6247 1.0000e-12  -64.88580  -63.75849 345.186471      99.97 0.0000e+00   1898.076      45555  1029.1245  1029.1233    34.5628    34.5609    7.83014         39 0.0000e+00
    302.000    298.823     0.9691  29.669633     0.9771  29.676685     4.7124     4.7717     0.0077    91.6169 1.0000e-12  -64.88578  -63.75842 345.186729      99.97 0.0000e+00   1920.375      46090  1029.1166  1029.1161    34.5556    34.5558    7.83626         39 0.0000e+00
    301.000    297.834     0.9612  29.661653     0.9604  29.659995     4.7185     4.7854    -0.0034    91.6272 1.0000e-12  -64.88578  -63.75842 345.186750      99.97 0.0000e+00   1922.236      46135  1029.1121  1029.1112    34.5547    34.5534    7.83791         30 0.0000e+00
    300.000    296.847     0.9500  29.647696     0.9525  29.649367     4.7235     4.7876     0.0050    91.6269 1.0000e-12  -64.88578  -63.75844 345.186764      99.97 0.0000e+00   1923.370      46162  1029.1045  1029.1038    34.5497    34.5491    7.84043         24 0.0000e+00
    299.000    295.856     0.9600  29.658464     0.9555  29.652770     4.7204     4.7798     0.0022    91.6269 1.0000e-12  -64.88578  -63.75842 345.186776      99.97 0.0000e+00   1924.426      46187  1029.1013  1029.0999    34.5530    34.5507    7.83823         26 0.0000e+00
    298.000    294.870     0.9601  29.658173     0.9539  29.650372     4.7136     4.7742     0.0045    91.6345 1.0000e-12  -64.88577  -63.75842 345.186789      99.97 0.0000e+00   1925.565      46215  1029.0967  1029.0949    34.5531    34.5500    7.83820         27 0.0000e+00
    297.000    293.879     0.9621  29.659730     0.9597  29.656168     4.7086     4.7764     0.0038    91.6147 1.0000e-12  -64.88577  -63.75842 345.186804      99.97 0.0000e+00   1926.894      46246  1029.0921  1029.0908    34.5535    34.5516    7.83778         35 0.0000e+00
    296.000    292.891     0.9671  29.664467     0.9616  29.657700     4.7137     4.7794     0.0026    91.6111 1.0000e-12  -64.88576  -63.75840 345.186823      99.97 0.0000e+00   1928.508      46285  1029.0879  1029.0863    34.5547    34.5520    7.83672         37 0.0000e+00
    295.000    291.902     0.9652  29.662355     0.9628  29.658568     4.7153     4.7829    -0.0016    91.6383 1.0000e-12  -64.88576  -63.75840 345.186844      99.97 0.0000e+00   1930.354      46329  1029.0834  1029.0817    34.5547    34.5524    7.83710         39 0.0000e+00
    294.000    290.914     0.9625  29.658990     0.9600  29.655618     4.7396     4.7991     0.0053    91.6229 1.0000e-12  -64.88576  -63.75840 345.186863      99.97 0.0000e+00   1931.957      46368  1029.0783  1029.0772    34.5539    34.5524    7.83768         34 0.0000e+00
    293.000    289.925     0.9512  29.647596     0.9370  29.631117     4.7568     4.8008     0.0051    91.6251 1.0000e-12  -64.88576  -63.75840 345.186878      99.97 0.0000e+00   1933.248      46399  1029.0735  1029.0705    34.5523    34.5468    7.84005         28 0.0000e+00
    292.000    288.936     0.9407  29.634898     0.9393  29.632684     4.7630     4.8032     0.0074    91.6542 1.0000e-12  -64.88576  -63.75840 345.186891      99.97 0.0000e+00   1934.406      46427  1029.0664  1029.0654    34.5482    34.5468    7.84238         29 0.0000e+00
    291.000    287.947     0.9372  29.630946     0.9368  29.629434     4.7551     4.8099     0.0041    91.6368 1.0000e-12  -64.88576  -63.75839 345.186905      99.97 0.0000e+00   1935.617      46456  1029.0615  1029.0602    34.5476    34.5460    7.84312         30 0.0000e+00
    290.000    286.958     0.9346  29.627719     0.9320  29.624181     4.7524     4.8189     0.0117    91.6533 1.0000e-12  -64.88576  -63.75839 345.186922      99.97 0.0000e+00   1937.035      46490  1029.0564  1029.0552    34.5468    34.5452    7.84368         37 0.0000e+00
    289.000    285.969     0.9286  29.621309     0.9228  29.614265     4.7744     4.8314     0.0004    91.6540 1.0000e-12  -64.88576  -63.75838 345.186940      99.97 0.0000e+00   1938.623      46528  1029.0513  1029.0497    34.5458    34.5432    7.84494         39 0.0000e+00
    288.000    284.981     0.9190  29.610336     0.9133  29.603354     4.7838     4.8366     0.0093    91.6708 1.0000e-12  -64.88576  -63.75837 345.186958      99.97 0.0000e+00   1940.206      46566  1029.0451  1029.0434    34.5429    34.5402    7.84703         37 0.0000e+00
    287.000    283.992     0.9132  29.603779     0.9096  29.598931     4.7856     4.8398     0.0142    91.6530 1.0000e-12  -64.88576  -63.75838 345.186977      99.97 0.0000e+00   1941.770      46603  1029.0396  1029.0381    34.5414    34.5392    7.84827         35 0.0000e+00
    286.000    283.002     0.9071  29.596952     0.9040  29.592728     4.7797     4.8430     0.0104    91.6676 1.0000e-12  -64.88576  -63.75838 345.186994      99.97 0.0000e+00   1943.276      46640  1029.0342  1029.0328    34.5400    34.5380    7.84958         35 0.0000e+00
    285.000    282.015     0.9048  29.594072     0.9020  29.590123     4.7856     4.8426     0.0016    91.6536 1.0000e-12  -64.88575  -63.75838 345.187009      99.97 0.0000e+00   1944.568      46671  1029.0291  1029.0277    34.5394    34.5374    7.85008         28 0.0000e+00
    284.000    281.025     0.9048  29.593613     0.9014  29.588912     4.7792     4.8435     0.0052    91.6626 1.0000e-12  -64.88574  -63.75838 345.187022      99.97 0.0000e+00   1945.694      46698  1029.0244  1029.0228    34.5394    34.5371    7.85008         26 0.0000e+00
    283.000    280.036     0.9021  29.590299     0.9016  29.588844     4.7819     4.8473    -0.0041    91.6646 1.0000e-12  -64.88574  -63.75838 345.187034      99.97 0.0000e+00   1946.771      46724  1029.0193  1029.0181    34.5387    34.5373    7.85066         26 0.0000e+00
    282.000    279.047     0.9022  29.590028     0.9018  29.588588     4.7814     4.8419    -0.0021    91.6689 1.0000e-12  -64.88574  -63.75837 345.187048      99.97 0.0000e+00   1947.926      46751  1029.0146  1029.0134    34.5388    34.5375    7.85064         30 0.0000e+00
    281.000    278.059     0.9060  29.593598     0.9036  29.590013     4.7826     4.8419     0.0081    91.6397 1.0000e-12  -64.88574  -63.75836 345.187064      99.97 0.0000e+00   1949.364      46786  1029.0102  1029.0087    34.5398    34.5378    7.84981         39 0.0000e+00
    280.000    277.070     0.9035  29.590747     0.9036  29.589701     4.7818     4.8450     0.0094    91.6466 1.0000e-12  -64.88574  -63.75835 345.187088      99.97 0.0000e+00   1951.390      46834  1029.0053  1029.0041    34.5394    34.5380    7.85033         47 0.0000e+00
    279.000    276.081     0.9041  29.590619     0.9027  29.588322     4.7826     4.8451     0.0027    91.6754 1.0000e-12  -64.88574  -63.75834 345.187112      99.97 0.0000e+00   1953.486      46885  1029.0004  1028.9993    34.5392    34.5379    7.85023         40 0.0000e+00
    278.000    275.093     0.9006  29.586622     0.8991  29.584103     4.7892     4.8456     0.0118    91.6710 1.0000e-12  -64.88574  -63.75835 345.187129      99.97 0.0000e+00   1954.921      46919  1028.9954  1028.9942    34.5386    34.5370    7.85098         28 0.0000e+00
    277.000    274.103     0.8971  29.582645     0.8969  29.581264     4.7982     4.8494     0.0011    91.6655 1.0000e-12  -64.88574  -63.75836 345.187141      50.11 0.0000e+00   1955.986      46945  1028.9904  1028.9892    34.5379    34.5364    7.85171         24 0.0000e+00
    276.000    273.113     0.8954  29.580344     0.8953  29.579139     4.7920     4.8488     0.0143    91.6784 1.0000e-12  -64.88574  -63.75836 345.187152     100.10 0.0000e+00   1956.940      46968  1028.9855  1028.9843    34.5373    34.5360    7.85208         22 0.0000e+00
    275.000    272.126     0.8960  29.580502     0.8958  29.579235     4.7890     4.8448     0.0006    91.6774 1.0000e-12  -64.88574  -63.75836 345.187163      99.97 0.0000e+00   1957.907      46991  1028.9808  1028.9796    34.5375    34.5361    7.85196         25 0.0000e+00
    274.000    271.137     0.8963  29.580475     0.8967  29.579852     4.7936     4.8418     0.0062    91.6668 1.0000e-12  -64.88574  -63.75835 345.187176      99.28 0.0000e+00   1958.988      47017  1028.9761  1028.9751    34.5377    34.5365    7.85188         28 0.0000e+00
    273.000    270.148     0.8976  29.581136     0.8972  29.580018     4.7832     4.8464     0.0151    91.6609 1.0000e-12  -64.88574  -63.75834 345.187192      98.90 0.0000e+00   1960.393      47050  1028.9713  1028.9705    34.5377    34.5367    7.85162         38 0.0000e+00
    272.000    269.159     0.8968  29.580066     0.8967  29.579012     4.7853     4.8436     0.0047    91.6936 1.0000e-12  -64.88574  -63.75832 345.187214      99.97 0.0000e+00   1962.332      47097  1028.9667  1028.9657    34.5378    34.5366    7.85178         42 0.0000e+00
    271.000    268.169     0.8966  29.579446     0.8963  29.578141     4.7799     4.8402     0.0077    91.6674 1.0000e-12  -64.88574  -63.75832 345.187238      99.97 0.0000e+00   1964.382      47146  1028.9620  1028.9609    34.5379    34.5364    7.85183         42 0.0000e+00
    270.000    267.181     0.8954  29.578171     0.8948  29.576476     4.7844     4.8423     0.0122    91.7042 1.0000e-12  -64.88574  -63.75832 345.187257      99.97 0.0000e+00   1965.992      47185  1028.9576  1028.9564    34.5381    34.5365    7.85205         33 0.0000e+00
