NBP2113_155081_ctd/data/unbp2113_041.cnv
* Sea-Bird SBE 9 Data File:
* FileName = D:\Data\raw\NBP2113_041.hex
* Software Version Seasave V 7.26.7.121
* Temperature SN = 2438
* Conductivity SN = 2067
* Number of Bytes Per Scan = 40
* Number of Voltage Words = 5
* Number of Scans Averaged by the Deck Unit = 1
* NMEA Latitude = 64 50.77 S
* NMEA Longitude = 063 54.70 W
* NMEA UTC (Time) = Dec 10 2021  14:38:32
* NMEA baud rate = 9600
** Ship: RVIB N.B. Palmer
** Cruise: NBP2113 LTER
** Station: 622.029
** Operator: B. Urmston
# nquan = 25
# nvalues = 254                         
# units = specified
# name 0 = prDM: Pressure, Digiquartz [db]
# name 1 = depSM: Depth [salt water, m]
# name 2 = t090C: Temperature [ITS-90, deg C]
# name 3 = c0mS/cm: Conductivity [mS/cm]
# name 4 = t190C: Temperature, 2 [ITS-90, deg C]
# name 5 = c1mS/cm: Conductivity, 2 [mS/cm]
# name 6 = sbeox0ML/L: Oxygen, SBE 43 [ml/l]
# name 7 = sbeox1ML/L: Oxygen, SBE 43, 2 [ml/l]
# name 8 = flECO-AFL: Fluorescence, WET Labs ECO-AFL/FL [mg/m^3]
# name 9 = CStarTr0: Beam Transmission, WET Labs C-Star [%]
# name 10 = par: PAR/Irradiance, Biospherical/Licor
# name 11 = latitude: Latitude [deg]
# name 12 = longitude: Longitude [deg]
# name 13 = timeJ: Julian Days
# name 14 = altM: Altimeter [m]
# name 15 = spar: SPAR, Biospherical/Licor
# name 16 = timeS: Time, Elapsed [seconds]
# name 17 = scan: Scan Count
# name 18 = density00: Density [density, kg/m^3]
# name 19 = density11: Density, 2 [density, kg/m^3]
# name 20 = sal00: Salinity, Practical [PSU]
# name 21 = sal11: Salinity, Practical, 2 [PSU]
# name 22 = oxsolML/L: Oxygen Saturation, Garcia & Gordon [ml/l]
# name 23 = nbin: number of scans per bin
# name 24 = flag: flag
# span 0 =      1.000,    254.000       
# span 1 =      0.991,    251.358       
# span 2 =    -0.3326,     1.1510       
# span 3 =  27.842505,  29.841274       
# span 4 =    -0.3331,     1.1488       
# span 5 =  27.840475,  29.837270       
# span 6 =     4.4990,     9.8802       
# span 7 =     4.5640,     9.7644       
# span 8 =    -0.0077,     1.5842       
# span 9 =    87.0951,    94.6582       
# span 10 = 1.0000e-12, 1.7150e+03      
# span 11 =  -64.84650,  -64.84624      
# span 12 =  -63.91182,  -63.91175      
# span 13 = 344.620163, 344.628749      
# span 14 =       8.10,      99.98      
# span 15 = 1.0225e+03, 1.2692e+03      
# span 16 =    870.038,   1611.950      
# span 17 =      20882,      38688      
# span 18 =  1027.1165,  1028.9158      
# span 19 =  1027.1150,  1028.9143      
# span 20 =    33.7502,    34.6040      
# span 21 =    33.7481,    34.6019      
# span 22 =    7.79728,    8.14561      
# span 23 =         17,         49      
# span 24 = 0.0000e+00, 0.0000e+00      
# interval = decibars: 1                
# start_time = Dec 10 2021 14:38:32 [NMEA time, header]
# bad_flag = -9.990e-29
*END*
[from data line 174]
     80.000     79.201    -0.0249  28.457272    -0.0364  28.445873     6.5726     6.6610     0.1817    93.6969 2.1519e+00  -64.84638  -63.91178 344.625889      99.97 1.2254e+03   1364.826      32757  1027.8529  1027.8520    34.2098    34.2076    8.05984         33 0.0000e+00
     79.000     78.212    -0.0574  28.426446    -0.0903  28.391075     6.6153     6.6869     0.1611    93.6906 2.2437e+00  -64.84638  -63.91178 344.625904      99.97 1.2270e+03   1366.116      32788  1027.8471  1027.8416    34.2059    34.1958    8.06692         27 0.0000e+00
     78.000     77.222    -0.1452  28.331424    -0.1589  28.313855     6.6832     6.6911     0.1623    93.6696 2.3492e+00  -64.84638  -63.91178 344.625918      99.97 1.2287e+03   1367.303      32816  1027.8267  1027.8214    34.1785    34.1705    8.08703         29 0.0000e+00
     77.000     76.231    -0.2025  28.267355    -0.2033  28.265386     6.6455     6.7017     0.1576    93.7094 2.4723e+00  -64.84638  -63.91178 344.625932      99.97 1.2287e+03   1368.555      32846  1027.8094  1027.8079    34.1580    34.1564    8.10034         32 0.0000e+00
     76.000     75.242    -0.1837  28.287014    -0.2251  28.241282     6.6284     6.7120     0.1841    93.7621 2.6046e+00  -64.84637  -63.91178 344.625951      99.97 1.2287e+03   1370.149      32885  1027.8065  1027.7975    34.1638    34.1492    8.09604         36 0.0000e+00
     75.000     74.252    -0.1976  28.273925    -0.2368  28.225138     6.6751     6.7302     0.1847    93.7731 2.7297e+00  -64.84636  -63.91177 344.625973      99.97 1.2296e+03   1372.091      32931  1027.8013  1027.7866    34.1625    34.1414    8.09906         34 0.0000e+00
     74.000     73.263    -0.2376  28.224791    -0.2431  28.218122     6.7364     6.7548     0.1956    93.7405 2.8585e+00  -64.84636  -63.91177 344.625990      99.97 1.2312e+03   1373.523      32966  1027.7827  1027.7802    34.1425    34.1397    8.10870         29 0.0000e+00
     73.000     72.272    -0.2454  28.214841    -0.2582  28.198261     6.7173     6.7596     0.1825    93.7611 3.0052e+00  -64.84636  -63.91177 344.626003      99.97 1.2323e+03   1374.627      32992  1027.7748  1027.7689    34.1386    34.1307    8.11058         25 0.0000e+00
     72.000     71.282    -0.2548  28.202920    -0.2584  28.197487     6.7008     6.7698     0.1692    93.7807 3.1645e+00  -64.84636  -63.91177 344.626015      99.97 1.2333e+03   1375.729      33018  1027.7664  1027.7636    34.1337    34.1306    8.11285         28 0.0000e+00
     71.000     70.293    -0.2548  28.202261    -0.2602  28.195221     6.7186     6.7788     0.2077    93.7616 3.3282e+00  -64.84636  -63.91177 344.626030      99.97 1.2338e+03   1377.024      33050  1027.7610  1027.7582    34.1335    34.1302    8.11287         33 0.0000e+00
     70.000     69.303    -0.2591  28.197393    -0.2636  28.190942     6.7325     6.7889     0.2323    93.7197 3.4897e+00  -64.84636  -63.91176 344.626047      99.97 1.2324e+03   1378.464      33084  1027.7551  1027.7521    34.1325    34.1288    8.11385         31 0.0000e+00
     69.000     68.312    -0.2625  28.192636    -0.2672  28.185811     6.7487     6.8055     0.2461    93.7572 3.6591e+00  -64.84636  -63.91178 344.626063      99.97 1.2330e+03   1379.801      33116  1027.7487  1027.7456    34.1305    34.1266    8.11468         30 0.0000e+00
     68.000     67.323    -0.2683  28.184694    -0.2734  28.177418     6.7469     6.8128     0.2012    93.7526 3.8392e+00  -64.84636  -63.91178 344.626076      99.97 1.2349e+03   1381.007      33145  1027.7412  1027.7381    34.1270    34.1231    8.11611         29 0.0000e+00
     67.000     66.332    -0.2781  28.172509    -0.2812  28.167482     6.7740     6.8165     0.1878    93.7245 4.0151e+00  -64.84636  -63.91178 344.626090      99.97 1.2366e+03   1382.163      33173  1027.7332  1027.7305    34.1224    34.1191    8.11847         25 0.0000e+00
     66.000     65.343    -0.2787  28.170948    -0.2822  28.165649     6.7826     6.8292     0.2162    93.6995 4.1774e+00  -64.84636  -63.91178 344.626104      99.97 1.2376e+03   1383.368      33202  1027.7275  1027.7250    34.1215    34.1184    8.11864         31 0.0000e+00
     65.000     64.354    -0.2835  28.165129    -0.2863  28.160511     6.7720     6.8428     0.2303    93.6659 4.3442e+00  -64.84636  -63.91178 344.626120      99.97 1.2373e+03   1384.735      33235  1027.7213  1027.7189    34.1197    34.1167    8.11976         35 0.0000e+00
     64.000     63.364    -0.2829  28.164713    -0.2897  28.155771     6.8070     6.8463     0.2623    93.6683 4.5513e+00  -64.84636  -63.91176 344.626139      99.97 1.2351e+03   1386.397      33275  1027.7158  1027.7127    34.1191    34.1148    8.11967         40 0.0000e+00
     63.000     62.373    -0.2912  28.154625    -0.2920  28.152554     6.7967     6.8529     0.2732    93.6718 4.8619e+00  -64.84636  -63.91176 344.626160      99.97 1.2378e+03   1388.254      33319  1027.7085  1027.7068    34.1156    34.1137    8.12165         38 0.0000e+00
     62.000     61.384    -0.2952  28.149288    -0.2967  28.146232     6.8040     6.8594     0.2865    93.6508 5.1874e+00  -64.84636  -63.91176 344.626179      99.97 1.2405e+03   1389.839      33357  1027.7022  1027.7002    34.1135    34.1111    8.12262         30 0.0000e+00
     61.000     60.393    -0.2969  28.146456    -0.2986  28.143238     6.8329     6.8723     0.2428    93.6678 5.4672e+00  -64.84636  -63.91177 344.626193      99.97 1.2411e+03   1391.036      33386  1027.6964  1027.6944    34.1122    34.1099    8.12305         25 0.0000e+00
     60.000     59.403    -0.2980  28.144305    -0.2992  28.141682     6.8031     6.8797     0.2250    93.6380 5.7183e+00  -64.84636  -63.91178 344.626204      99.97 1.2411e+03   1392.026      33410  1027.6907  1027.6890    34.1112    34.1091    8.12334         23 0.0000e+00
     59.000     58.415    -0.2987  28.143121    -0.2996  28.140748     6.7917     6.8736     0.2124    93.6334 5.9692e+00  -64.84636  -63.91178 344.626215      99.97 1.2411e+03   1393.016      33433  1027.6857  1027.6840    34.1111    34.1089    8.12351         26 0.0000e+00
     58.000     57.424    -0.2980  28.143034    -0.2986  28.140770     6.8076     6.8720     0.2403    93.6304 6.2135e+00  -64.84636  -63.91178 344.626231      99.97 1.2411e+03   1394.398      33467  1027.6806  1027.6787    34.1108    34.1085    8.12337         40 0.0000e+00
     57.000     56.434    -0.3000  28.137960    -0.2985  28.139330     6.8376     6.8911     0.2702    93.6606 6.6723e+00  -64.84636  -63.91176 344.626304      99.97 1.2456e+03   1400.677      33617  1027.6726  1027.6725    34.1068    34.1069    8.12403         35 0.0000e+00
     56.000     55.444    -0.2975  28.141743    -0.2985  28.139104     6.8451     6.9329     0.2523    93.6582 7.0324e+00  -64.84636  -63.91178 344.626340      99.97 1.2464e+03   1403.769      33691  1027.6697  1027.6679    34.1097    34.1073    8.12332         35 0.0000e+00
     55.000     54.454    -0.2988  28.138265    -0.3031  28.129324     6.8123     6.9432     0.2456    93.6298 7.2489e+00  -64.84636  -63.91177 344.626362      99.97 1.2464e+03   1405.688      33738  1027.6630  1027.6574    34.1071    34.1000    8.12375         41 0.0000e+00
     54.000     53.466    -0.2969  28.140814    -0.3009  28.131186     6.8523     6.9191     0.2898    93.5941 7.5395e+00  -64.84634  -63.91176 344.626398      99.97 1.2464e+03   1408.797      33812  1027.6596  1027.6531    34.1090    34.1007    8.12324         28 0.0000e+00
     53.000     52.475    -0.3039  28.127546    -0.3005  28.131636     6.9065     6.9436     0.2757    93.5637 8.1711e+00  -64.84634  -63.91176 344.626448      99.97 1.2486e+03   1413.129      33916  1027.6477  1027.6488    34.0997    34.1014    8.12526         49 0.0000e+00
     52.000     51.484    -0.3040  28.126419    -0.3029  28.127062     6.9065     6.9612     0.2894    93.5681 8.5860e+00  -64.84634  -63.91176 344.626471      99.97 1.2499e+03   1415.112      33964  1027.6423  1027.6419    34.0989    34.0985    8.12532         44 0.0000e+00
     51.000     50.495    -0.3049  28.124463    -0.3078  28.118707     6.9365     7.0050     0.3142    93.5154 8.8980e+00  -64.84634  -63.91176 344.626505      99.97 1.2499e+03   1418.010      34033  1027.6368  1027.6333    34.0980    34.0935    8.12558         33 0.0000e+00
     50.000     49.505    -0.3118  28.112248    -0.3116  28.111498     6.9597     7.0124     0.2971    93.4910 9.5063e+00  -64.84633  -63.91176 344.626663      99.97 1.2520e+03   1431.722      34362  1027.6258  1027.6248    34.0899    34.0887    8.12750         38 0.0000e+00
     49.000     48.514    -0.3105  28.113979    -0.3116  28.110586     7.0097     7.0645     0.2912    93.4904 1.0180e+01  -64.84632  -63.91176 344.626778      99.97 1.2534e+03   1441.626      34600  1027.6220  1027.6195    34.0914    34.0881    8.12714         38 0.0000e+00
     48.000     47.525    -0.3155  28.102553    -0.3155  28.101365     7.0362     7.1010     0.2987    93.4742 1.0659e+01  -64.84632  -63.91177 344.626793      99.97 1.2546e+03   1442.918      34631  1027.6103  1027.6091    34.0824    34.0808    8.12873         32 0.0000e+00
     47.000     46.535    -0.3145  28.101845    -0.3151  28.099540     7.0763     7.1248     0.3018    93.4549 1.1047e+01  -64.84632  -63.91178 344.626807      99.97 1.2552e+03   1444.157      34661  1027.6043  1027.6024    34.0810    34.0784    8.12860         28 0.0000e+00
     46.000     45.545    -0.3123  28.101789    -0.3121  28.098611     7.1223     7.1542     0.3168    93.4267 1.1457e+01  -64.84632  -63.91178 344.626821      99.97 1.2552e+03   1445.359      34690  1027.5978  1027.5942    34.0790    34.0745    8.12824         30 0.0000e+00
     45.000     44.554    -0.3164  28.092529    -0.3188  28.086593     7.1329     7.1665     0.3491    93.3880 1.1958e+01  -64.84632  -63.91176 344.626836      99.97 1.2552e+03   1446.669      34721  1027.5875  1027.5835    34.0718    34.0666    8.12952         33 0.0000e+00
     44.000     43.564    -0.3200  28.085412    -0.3226  28.079148     7.1179     7.1657     0.3915    93.3603 1.2631e+01  -64.84632  -63.91176 344.626855      99.97 1.2538e+03   1448.310      34760  1027.5790  1027.5748    34.0669    34.0615    8.13057         43 0.0000e+00
     43.000     42.574    -0.3213  28.083275    -0.3223  28.080569     7.1391     7.1891     0.4324    93.3642 1.3542e+01  -64.84632  -63.91176 344.626879      99.97 1.2542e+03   1450.378      34810  1027.5736  1027.5717    34.0661    34.0637    8.13090         32 0.0000e+00
     42.000     41.585    -0.3257  28.072841    -0.3257  28.072177     7.1467     7.2111     0.3934    93.3664 1.4542e+01  -64.84632  -63.91176 344.626896      99.97 1.2566e+03   1451.841      34845  1027.5624  1027.5617    34.0577    34.0569    8.13232         29 0.0000e+00
     41.000     40.595    -0.3314  28.066964    -0.3310  28.066320     7.1649     7.2371     0.3859    93.3158 1.5525e+01  -64.84632  -63.91177 344.626909      99.97 1.2569e+03   1452.917      34871  1027.5573  1027.5562    34.0569    34.0555    8.13359         24 0.0000e+00
     40.000     39.603    -0.3326  28.064097    -0.3331  28.059491     7.1944     7.2477     0.3786    93.2709 1.6350e+01  -64.84632  -63.91178 344.626920      99.97 1.2569e+03   1453.912      34895  1027.5511  1027.5466    34.0550    34.0494    8.13395         24 0.0000e+00
     39.000     38.613    -0.3319  28.061662    -0.3305  28.057875     7.2067     7.2506     0.3906    93.2500 1.7086e+01  -64.84632  -63.91178 344.626932      99.97 1.2569e+03   1454.961      34920  1027.5434  1027.5380    34.0516    34.0450    8.13400         27 0.0000e+00
     38.000     37.625    -0.3304  28.058962    -0.3307  28.057906     7.2090     7.2634     0.4357    93.2144 1.7742e+01  -64.84632  -63.91176 344.626946      99.97 1.2566e+03   1456.128      34948  1027.5347  1027.5338    34.0469    34.0458    8.13395         29 0.0000e+00
     37.000     36.635    -0.3306  28.058726    -0.3307  28.056933     7.2257     7.2952     0.4475    93.1610 1.8436e+01  -64.84632  -63.91176 344.626961      99.97 1.2552e+03   1457.398      34979  1027.5303  1027.5285    34.0473    34.0451    8.13395         31 0.0000e+00
     36.000     35.644    -0.3303  28.057533    -0.3284  28.054762     7.2688     7.3317     0.6338    93.1519 1.9490e+01  -64.84632  -63.91176 344.626976      99.97 1.2562e+03   1458.706      35010  1027.5245  1027.5196    34.0461    34.0403    8.13397         32 0.0000e+00
     35.000     34.654    -0.3269  28.055530    -0.3248  28.052975     7.3181     7.3554     0.5704    93.1172 2.1030e+01  -64.84632  -63.91176 344.626992      99.97 1.2575e+03   1460.156      35045  1027.5146  1027.5098    34.0401    34.0344    8.13357         37 0.0000e+00
     34.000     33.665    -0.3217  28.053460    -0.3217  28.051627     7.3090     7.3759     0.5167    93.0582 2.2978e+01  -64.84632  -63.91176 344.627012      99.97 1.2587e+03   1461.843      35085  1027.5030  1027.5011    34.0322    34.0298    8.13292         42 0.0000e+00
     33.000     32.673    -0.3202  28.054339    -0.3170  28.053200     7.3074     7.4365     0.5702    92.9725 2.4808e+01  -64.84632  -63.91176 344.627034      99.97 1.2573e+03   1463.737      35131  1027.4983  1027.4939    34.0324    34.0273    8.13260         43 0.0000e+00
     32.000     31.686    -0.3156  28.056402    -0.2984  28.058654     7.4346     7.5036     0.5437    92.7917 2.6619e+01  -64.84632  -63.91176 344.627059      99.97 1.2593e+03   1465.930      35183  1027.4917  1027.4775    34.0305    34.0143    8.13171         41 0.0000e+00
     31.000     30.693    -0.2917  28.062603    -0.2874  28.063099     7.5285     7.5525     0.5599    92.6731 2.8187e+01  -64.84632  -63.91178 344.627085      99.97 1.2605e+03   1468.179      35237  1027.4708  1027.4673    34.0127    34.0086    8.12763         34 0.0000e+00
     30.000     29.704    -0.2766  28.068110    -0.2740  28.068164     7.4971     7.5189     0.6134    92.6490 2.9748e+01  -64.84632  -63.91177 344.627105      99.97 1.2604e+03   1469.910      35279  1027.4580  1027.4556    34.0038    34.0009    8.12492         41 0.0000e+00
     29.000     28.717    -0.2468  28.078934    -0.2579  28.073309     7.6262     7.6109     0.6431    92.6877 3.3226e+01  -64.84630  -63.91176 344.627160      99.97 1.2613e+03   1474.624      35392  1027.4367  1027.4415    33.9855    33.9904    8.11959         35 0.0000e+00
     28.000     27.725    -0.2527  28.076785    -0.2569  28.073901     7.5310     7.6226     0.6955    92.3464 3.6203e+01  -64.84630  -63.91176 344.627193      99.97 1.2622e+03   1477.469      35460  1027.4363  1027.4372    33.9899    33.9907    8.12061         37 0.0000e+00
     27.000     26.736    -0.2560  28.074111    -0.2633  28.070685     7.5473     7.6105     0.8892    92.0334 3.8479e+01  -64.84630  -63.91176 344.627225      99.97 1.2613e+03   1480.202      35526  1027.4325  1027.4357    33.9906    33.9942    8.12127         23 0.0000e+00
     26.000     25.745    -0.2558  28.073767    -0.2538  28.072864     7.6093     7.6950     0.9472    91.9582 4.2117e+01  -64.84630  -63.91176 344.627271      99.97 1.2622e+03   1484.224      35622  1027.4279  1027.4248    33.9906    33.9871    8.12124         24 0.0000e+00
     25.000     24.750    -0.2382  28.076862    -0.2383  28.075546     7.6516     7.7266     1.1118    91.7569 4.6872e+01  -64.84630  -63.91176 344.627379      99.97 1.2635e+03   1493.553      35846  1027.4102  1027.4085    33.9756    33.9739    8.11834         21 0.0000e+00
     24.000     23.763    -0.2056  28.073229    -0.2085  28.071580     7.8281     7.9317     1.3397    90.8304 5.1158e+01  -64.84628  -63.91176 344.627832      99.97 1.2676e+03   1532.663      36785  1027.3715  1027.3726    33.9349    33.9361    8.11370         39 0.0000e+00
