NBP2113_155081_ctd/data/unbp2113_053.cnv
* Sea-Bird SBE 9 Data File:
* FileName = D:\Data\raw\NBP2113_053.hex
* Software Version Seasave V 7.26.7.121
* Temperature SN = 2438
* Conductivity SN = 2067
* Number of Bytes Per Scan = 40
* Number of Voltage Words = 5
* Number of Scans Averaged by the Deck Unit = 1
* NMEA Latitude = 64 53.78 S
* NMEA Longitude = 064 39.15 W
* NMEA UTC (Time) = Dec 11 2021  18:56:20
* NMEA baud rate = 9600
** Ship: RVIB N.B. Palmer
** Cruise: NBP2113 LTER
** Station: 595.052
** Operator: S. Blackman
# nquan = 25
# nvalues = 485                         
# units = specified
# name 0 = prDM: Pressure, Digiquartz [db]
# name 1 = depSM: Depth [salt water, m]
# name 2 = t090C: Temperature [ITS-90, deg C]
# name 3 = c0mS/cm: Conductivity [mS/cm]
# name 4 = t190C: Temperature, 2 [ITS-90, deg C]
# name 5 = c1mS/cm: Conductivity, 2 [mS/cm]
# name 6 = sbeox0ML/L: Oxygen, SBE 43 [ml/l]
# name 7 = sbeox1ML/L: Oxygen, SBE 43, 2 [ml/l]
# name 8 = flECO-AFL: Fluorescence, WET Labs ECO-AFL/FL [mg/m^3]
# name 9 = CStarTr0: Beam Transmission, WET Labs C-Star [%]
# name 10 = par: PAR/Irradiance, Biospherical/Licor
# name 11 = latitude: Latitude [deg]
# name 12 = longitude: Longitude [deg]
# name 13 = timeJ: Julian Days
# name 14 = altM: Altimeter [m]
# name 15 = spar: SPAR, Biospherical/Licor
# name 16 = timeS: Time, Elapsed [seconds]
# name 17 = scan: Scan Count
# name 18 = density00: Density [density, kg/m^3]
# name 19 = density11: Density, 2 [density, kg/m^3]
# name 20 = sal00: Salinity, Practical [PSU]
# name 21 = sal11: Salinity, Practical, 2 [PSU]
# name 22 = oxsolML/L: Oxygen Saturation, Garcia & Gordon [ml/l]
# name 23 = nbin: number of scans per bin
# name 24 = flag: flag
# span 0 =      1.000,    485.000       
# span 1 =      0.992,    479.687       
# span 2 =    -0.2936,     1.4446       
# span 3 =  27.837677,  30.256758       
# span 4 =    -0.2974,     1.4444       
# span 5 =  27.832811,  30.255431       
# span 6 =     4.1076,     8.0474       
# span 7 =     4.1735,     8.0320       
# span 8 =    -0.0225,     1.7712       
# span 9 =    85.0365,    92.1169       
# span 10 = 1.0000e-12, 1.0695e+03      
# span 11 =  -64.89646,  -64.89640      
# span 12 =  -64.65299,  -64.65254      
# span 13 = 345.802193, 345.811111      
# span 14 =       9.55,     101.53      
# span 15 = 6.3413e+02, 8.8146e+02      
# span 16 =   1129.440,   1899.958      
# span 17 =      27108,      45600      
# span 18 =  1027.1035,  1030.0341      
# span 19 =  1027.1017,  1030.0330      
# span 20 =    33.7326,    34.6767      
# span 21 =    33.7302,    34.6751      
# span 22 =    7.73535,    8.14406      
# span 23 =         12,         45      
# span 24 = 0.0000e+00, 0.0000e+00      
# interval = decibars: 1                
# start_time = Dec 11 2021 18:56:20 [NMEA time, header]
# bad_flag = -9.990e-29
*END*
[from data line 464]
     21.000     20.793     0.0226  28.269909     0.0220  28.268009     7.8856     7.9549     1.4058    87.8808 3.9366e+01  -64.89644  -64.65294 345.810443      99.97 7.8640e+02   1842.255      44215  1027.3530  1027.3514    33.9443    33.9424    8.06486         38 0.0000e+00
     20.000     19.803     0.0225  28.269462     0.0223  28.267739     7.9127     7.9646     1.3597    87.8367 4.6896e+01  -64.89644  -64.65294 345.810460      99.97 7.8805e+02   1843.720      44250  1027.3483  1027.3466    33.9444    33.9424    8.06487         32 0.0000e+00
     19.000     18.814     0.0263  28.268852     0.0256  28.268019     7.9373     7.9912     1.3534    87.7436 5.4458e+01  -64.89645  -64.65295 345.810473      99.97 7.8801e+02   1844.878      44278  1027.3396  1027.3394    33.9400    33.9397    8.06431         25 0.0000e+00
     18.000     17.823     0.0207  28.258562     0.0190  28.255576     7.9450     8.0064     1.3787    87.6266 6.0673e+01  -64.89646  -64.65296 345.810484      99.97 7.8919e+02   1845.838      44301  1027.3298  1027.3283    33.9332    33.9311    8.06588         21 0.0000e+00
     17.000     16.832     0.0088  28.243681     0.0005  28.231401     7.9487     8.0092     1.4344    87.0763 6.6013e+01  -64.89646  -64.65298 345.810495      99.96 7.8977e+02   1846.733      44323  1027.3213  1027.3162    33.9273    33.9203    8.06872         22 0.0000e+00
     16.000     15.842    -0.0024  28.227046    -0.0051  28.222265     7.9587     8.0122     1.5819    86.5447 7.0684e+01  -64.89646  -64.65299 345.810505      99.97 7.9065e+02   1847.674      44345  1027.3100  1027.3075    33.9183    33.9149    8.07159         25 0.0000e+00
     15.000     14.852     0.0025  28.233443    -0.0054  28.221549     7.9435     8.0005     1.7712    86.3173 7.3258e+01  -64.89645  -64.65298 345.810522      99.97 7.9155e+02   1849.057      44378  1027.3078  1027.3026    33.9220    33.9149    8.07036         34 0.0000e+00
     14.000     13.863    -0.0017  28.226730     0.0002  28.228304     7.9534     8.0129     1.5223    86.6259 7.8911e+01  -64.89644  -64.65294 345.810565      99.97 7.9327e+02   1852.801      44468  1027.3003  1027.2999    33.9183    33.9182    8.07144         36 0.0000e+00
     13.000     12.873    -0.0118  28.214988    -0.0059  28.220862     7.9657     8.0319     1.6628    86.6127 9.7000e+01  -64.89644  -64.65294 345.810583      99.97 7.9330e+02   1854.396      44506  1027.2930  1027.2937    33.9145    33.9158    8.07378         25 0.0000e+00
     12.000     11.881    -0.0203  28.202382    -0.0190  28.205841     7.9073     8.0318     1.6620    86.3883 1.1220e+02  -64.89644  -64.65296 345.810595      99.97 7.9444e+02   1855.366      44530  1027.2837  1027.2858    33.9079    33.9110    8.07596         23 0.0000e+00
     11.000     10.892    -0.0527  28.161653    -0.0514  28.156056     7.9289     8.0005     1.6394    86.0523 1.2587e+02  -64.89645  -64.65297 345.810607      99.97 7.9504e+02   1856.490      44557  1027.2671  1027.2599    33.8904    33.8816    8.08380         32 0.0000e+00
     10.000      9.902    -0.1981  27.974010    -0.1628  28.011310     7.9584     8.0202     1.5502    85.4945 1.2393e+02  -64.89644  -64.65297 345.810642      99.96 7.9550e+02   1859.481      44629  1027.2006  1027.2087    33.8028    33.8133    8.11966         33 0.0000e+00
      9.000      8.912    -0.1483  28.032913    -0.1354  28.042562     7.9475     8.0299     1.4063    85.5862 1.3434e+02  -64.89646  -64.65296 345.810676      99.97 7.9375e+02   1862.367      44698  1027.2108  1027.2090    33.8267    33.8251    8.10770         41 0.0000e+00
      8.000      7.920    -0.1280  28.056359    -0.0736  28.127912     7.9839     8.0105     1.2742    85.6676 1.6063e+02  -64.89646  -64.65295 345.810698      99.97 7.9330e+02   1864.305      44744  1027.2118  1027.2365    33.8360    33.8707    8.10285         38 0.0000e+00
      7.000      6.932    -0.1077  28.083581    -0.1094  28.083869     7.9230     8.0320     1.0646    85.6568 1.8376e+02  -64.89645  -64.65295 345.810723      99.96 7.9336e+02   1866.447      44796  1027.2169  1027.2189    33.8502    33.8524    8.09773         37 0.0000e+00
      6.000      5.943    -0.1939  27.969684    -0.1418  28.039994     7.9280     7.9965     1.0942    85.6045 2.1237e+02  -64.89644  -64.65296 345.810756      99.96 7.9401e+02   1869.348      44865  1027.1739  1027.1988    33.7949    33.8307    8.11920         34 0.0000e+00
      5.000      4.951    -0.2194  27.915765    -0.2258  27.912727     7.9465     8.0183     0.8064    85.2736 2.4537e+02  -64.89645  -64.65297 345.810776      99.97 7.9505e+02   1871.007      44905  1027.1358  1027.1389    33.7520    33.7550    8.12708         38 0.0000e+00
      4.000      3.963    -0.2067  27.923201    -0.2292  27.901255     7.9372     8.0012     0.6380    85.1683 2.8475e+02  -64.89644  -64.65295 345.810965      99.96 8.0338e+02   1887.403      45299  1027.1264  1027.1247    33.7484    33.7441    8.12459         26 0.0000e+00
      3.000      2.969    -0.2780  27.854082    -0.2912  27.841126     7.9960     8.0142     0.6474    85.0866 3.3406e+02  -64.89644  -64.65295 345.811024      99.97 8.0550e+02   1892.510      45421  1027.1163  1027.1149    33.7359    33.7332    8.14052         25 0.0000e+00
      2.000      1.980    -0.2822  27.852164    -0.2774  27.855605     8.0474     8.0138     0.6110    85.0491 3.7484e+02  -64.89646  -64.65295 345.811087      99.97 8.0455e+02   1897.886      45550  1027.1127  1027.1117    33.7387    33.7379    8.14127         32 0.0000e+00
      1.000      0.992    -0.2936  27.837677    -0.2974  27.832811 -9.990e-29 -9.990e-29     0.5469    85.0365 1.0695e+03  -64.89645  -64.65293 345.811111      99.97 8.0565e+02   1899.958      45600  1027.1035  1027.1017    33.7326    33.7302    8.14406         32 0.0000e+00
