NBP2113_155081_ctd/data/unbp2113_061.cnv
* Sea-Bird SBE 9 Data File:
* FileName = D:\Data\raw\NBP2113_061.hex
* Software Version Seasave V 7.26.7.121
* Temperature SN = 2438
* Conductivity SN = 2067
* Number of Bytes Per Scan = 40
* Number of Voltage Words = 5
* Number of Scans Averaged by the Deck Unit = 1
* NMEA Latitude = 64 46.21 S
* NMEA Longitude = 063 05.90 W
* NMEA UTC (Time) = Dec 13 2021  23:26:08
* NMEA baud rate = 9600
** Ship: RVIB N.B. Palmer
** Cruise: NBP2113 LTER
** Station: 654.005
** Operator: S. Blackman
# nquan = 25
# nvalues = 338                         
# units = specified
# name 0 = prDM: Pressure, Digiquartz [db]
# name 1 = depSM: Depth [salt water, m]
# name 2 = t090C: Temperature [ITS-90, deg C]
# name 3 = c0mS/cm: Conductivity [mS/cm]
# name 4 = t190C: Temperature, 2 [ITS-90, deg C]
# name 5 = c1mS/cm: Conductivity, 2 [mS/cm]
# name 6 = sbeox0ML/L: Oxygen, SBE 43 [ml/l]
# name 7 = sbeox1ML/L: Oxygen, SBE 43, 2 [ml/l]
# name 8 = flECO-AFL: Fluorescence, WET Labs ECO-AFL/FL [mg/m^3]
# name 9 = CStarTr0: Beam Transmission, WET Labs C-Star [%]
# name 10 = par: PAR/Irradiance, Biospherical/Licor
# name 11 = latitude: Latitude [deg]
# name 12 = longitude: Longitude [deg]
# name 13 = timeJ: Julian Days
# name 14 = altM: Altimeter [m]
# name 15 = spar: SPAR, Biospherical/Licor
# name 16 = timeS: Time, Elapsed [seconds]
# name 17 = scan: Scan Count
# name 18 = density00: Density [density, kg/m^3]
# name 19 = density11: Density, 2 [density, kg/m^3]
# name 20 = sal00: Salinity, Practical [PSU]
# name 21 = sal11: Salinity, Practical, 2 [PSU]
# name 22 = oxsolML/L: Oxygen Saturation, Garcia & Gordon [ml/l]
# name 23 = nbin: number of scans per bin
# name 24 = flag: flag
# span 0 =      1.000,    338.000       
# span 1 =      0.990,    334.418       
# span 2 =    -0.4900,     0.8040       
# span 3 =  27.960152,  29.430952       
# span 4 =    -0.4901,     0.7984       
# span 5 =  27.958579,  29.424954       
# span 6 =     4.9720,     7.7453       
# span 7 =     5.0530,     7.4396       
# span 8 =    -0.0213,     1.3868       
# span 9 =    83.4385,    90.0893       
# span 10 = 1.0000e-12, 3.2112e+02      
# span 11 =  -64.77050,  -64.77020      
# span 12 =  -63.09852,  -63.09826      
# span 13 = 347.986579, 347.996222      
# span 14 =      10.14,     100.44      
# span 15 = 4.3719e+02, 1.3186e+03      
# span 16 =    872.401,   1705.564      
# span 17 =      20939,      40935      
# span 18 =  1027.1564,  1029.3461      
# span 19 =  1027.1494,  1029.3449      
# span 20 =    33.7946,    34.5110      
# span 21 =    33.7917,    34.5095      
# span 22 =    7.87241,    8.14154      
# span 23 =         25,         51      
# span 24 = 0.0000e+00, 0.0000e+00      
# interval = decibars: 1                
# start_time = Dec 13 2021 23:26:08 [NMEA time, header]
# bad_flag = -9.990e-29
*END*
[from data line 58]
    280.000    277.072    -0.2880  28.544964    -0.2882  28.543637     5.7660     5.8417    -0.0024    89.1953 1.0000e-12  -64.77050  -63.09828 347.987470      68.71 1.2610e+03    949.379      22786  1029.0508  1029.0497    34.5012    34.4996    8.09898         44 0.0000e+00
    279.000    276.084    -0.2858  28.546174    -0.2862  28.544756     5.7603     5.8432    -0.0071    89.4808 1.0000e-12  -64.77050  -63.09828 347.987494      69.97 1.2641e+03    951.520      22837  1029.0458  1029.0448    34.5009    34.4995    8.09853         40 0.0000e+00
    278.000    275.094    -0.2859  28.545712    -0.2868  28.543827     5.7624     5.8473    -0.0005    89.5084 1.0000e-12  -64.77050  -63.09828 347.987519      70.81 1.2668e+03    953.644      22888  1029.0413  1029.0402    34.5010    34.4995    8.09855         42 0.0000e+00
    277.000    274.105    -0.2865  28.544758    -0.2883  28.542125     5.7671     5.8436     0.0059    89.5078 1.0000e-12  -64.77050  -63.09828 347.987545      71.79 1.2662e+03    955.877      22942  1029.0367  1029.0357    34.5010    34.4996    8.09867         47 0.0000e+00
    276.000    273.117    -0.2891  28.542125    -0.2891  28.541125     5.7655     5.8510     0.0042    89.4549 1.0000e-12  -64.77049  -63.09828 347.987571      72.79 1.2657e+03    958.135      22996  1029.0322  1029.0312    34.5011    34.4998    8.09922         38 0.0000e+00
    275.000    272.127    -0.2908  28.540316    -0.2901  28.539699     5.7688     5.8467    -0.0030    89.4780 1.0000e-12  -64.77049  -63.09828 347.987597      74.16 1.2657e+03    960.365      23050  1029.0277  1029.0264    34.5012    34.4996    8.09957         43 0.0000e+00
    274.000    271.139    -0.2902  28.540357    -0.2893  28.539958     5.7687     5.8454    -0.0018    89.4590 1.0000e-12  -64.77049  -63.09828 347.987623      75.14 1.2665e+03    962.586      23103  1029.0229  1029.0217    34.5011    34.4996    8.09945         40 0.0000e+00
    273.000    270.150    -0.2890  28.540752    -0.2890  28.539633     5.7663     5.8439     0.0074    89.4891 1.0000e-12  -64.77048  -63.09828 347.987648      75.89 1.2696e+03    964.800      23156  1029.0180  1029.0167    34.5009    34.4994    8.09921         34 0.0000e+00
    272.000    269.160    -0.2884  28.540860    -0.2849  28.542049     5.7704     5.8473     0.0074    89.4678 1.0000e-12  -64.77048  -63.09828 347.987673      77.08 1.2718e+03    966.969      23208  1029.0132  1029.0111    34.5010    34.4987    8.09908         45 0.0000e+00
    271.000    268.173    -0.2848  28.543294    -0.2819  28.543834     5.7612     5.8386    -0.0055    89.4868 1.0000e-12  -64.77048  -63.09828 347.987699      77.95 1.2728e+03    969.211      23262  1029.0081  1029.0058    34.5008    34.4983    8.09833         43 0.0000e+00
    270.000    267.183    -0.2808  28.545271    -0.2795  28.545412     5.7527     5.8405     0.0040    89.5106 1.0000e-12  -64.77048  -63.09828 347.987727      79.11 1.2728e+03    971.635      23320  1029.0020  1029.0009    34.4996    34.4983    8.09755         32 0.0000e+00
    269.000    266.193    -0.2792  28.546453    -0.2793  28.545152     5.7602     5.8390     0.0109    89.4793 1.0000e-12  -64.77048  -63.09828 347.987759      80.24 1.2712e+03    974.388      23386  1028.9975  1028.9962    34.4999    34.4983    8.09718         43 0.0000e+00
    268.000    265.205    -0.2790  28.545931    -0.2775  28.546005     5.7667     5.8374     0.0063    89.5128 1.0000e-12  -64.77048  -63.09828 347.987792      81.25 1.2751e+03    977.229      23454  1028.9925  1028.9911    34.4996    34.4980    8.09717         39 0.0000e+00
    267.000    264.217    -0.2783  28.546079    -0.2755  28.547233     5.7628     5.8377     0.0046    89.5034 1.0000e-12  -64.77048  -63.09828 347.987826      82.13 1.2824e+03    980.134      23524  1028.9877  1028.9862    34.4996    34.4980    8.09701         41 0.0000e+00
    266.000    263.227    -0.2737  28.549054    -0.2730  28.548621     5.7619     5.8350    -0.0025    89.5031 1.0000e-12  -64.77048  -63.09828 347.987860      83.21 1.2887e+03    983.128      23596  1028.9823  1028.9811    34.4990    34.4977    8.09608         44 0.0000e+00
    265.000    262.237    -0.2746  28.548079    -0.2725  28.548585     5.7568     5.8356    -0.0034    89.4368 1.0000e-12  -64.77048  -63.09828 347.987895      84.10 1.2904e+03    986.161      23669  1028.9778  1028.9763    34.4993    34.4976    8.09624         42 0.0000e+00
    264.000    261.251    -0.2733  28.548700    -0.2743  28.546737     5.7646     5.8349     0.0029    89.5428 1.0000e-12  -64.77048  -63.09828 347.987929      85.33 1.2894e+03    989.048      23738  1028.9730  1028.9719    34.4993    34.4978    8.09597         35 0.0000e+00
    263.000    260.260    -0.2648  28.555274    -0.2633  28.555135     5.7599     5.8336    -0.0027    89.5115 1.0000e-12  -64.77048  -63.09828 347.988070      86.35 1.2978e+03   1001.255      24031  1028.9676  1028.9661    34.4990    34.4972    8.09418         35 0.0000e+00
    262.000    259.272    -0.2552  28.561812    -0.2558  28.560753     5.7530     5.8177     0.0040    89.5452 1.0000e-12  -64.77048  -63.09828 347.988315      87.86 1.3186e+03   1022.407      24539  1028.9616  1028.9609    34.4976    34.4967    8.09223         38 0.0000e+00
    261.000    258.283    -0.2478  28.567625    -0.2463  28.567309     5.7315     5.8074     0.0010    89.3095 1.0000e-12  -64.77048  -63.09828 347.988332      88.64 1.3186e+03   1023.902      24575  1028.9561  1028.9542    34.4975    34.4954    8.09066         30 0.0000e+00
    260.000    257.294    -0.2313  28.579954    -0.2235  28.585373     5.7203     5.8014     0.0129    87.7748 1.0000e-12  -64.77048  -63.09828 347.988347      89.60 1.3174e+03   1025.187      24605  1028.9487  1028.9467    34.4959    34.4943    8.08725         31 0.0000e+00
    259.000    256.304    -0.2221  28.587416    -0.2172  28.590387     5.7120     5.7937     0.0087    89.3210 1.0000e-12  -64.77048  -63.09828 347.988362      90.60 1.3160e+03   1026.457      24636  1028.9433  1028.9417    34.4961    34.4945    8.08529         29 0.0000e+00
    258.000    255.316    -0.2145  28.593400    -0.2099  28.595871     5.7152     5.7947     0.0153    89.2472 1.0000e-12  -64.77048  -63.09828 347.988376      91.23 1.3137e+03   1027.668      24665  1028.9380  1028.9362    34.4961    34.4942    8.08368         29 0.0000e+00
    257.000    254.328    -0.2085  28.597924    -0.2046  28.600229     5.7137     5.7858     0.0053    89.0862 1.0000e-12  -64.77048  -63.09828 347.988390      92.07 1.3116e+03   1028.866      24694  1028.9327  1028.9314    34.4959    34.4946    8.08242         28 0.0000e+00
    256.000    253.337    -0.2051  28.600565    -0.2053  28.599378     5.7072     5.7724     0.0141    89.0254 1.0000e-12  -64.77048  -63.09828 347.988403      93.35 1.3092e+03   1030.036      24722  1028.9280  1028.9270    34.4962    34.4948    8.08168         28 0.0000e+00
    255.000    252.349    -0.1973  28.605750    -0.1927  28.608409     5.6924     5.7700     0.0173    88.9861 1.0000e-12  -64.77048  -63.09828 347.988416      94.80 1.3072e+03   1031.166      24749  1028.9217  1028.9200    34.4949    34.4932    8.08010         27 0.0000e+00
    254.000    251.359    -0.1810  28.619302    -0.1755  28.622792     5.6742     5.7620     0.0066    88.8761 1.0000e-12  -64.77048  -63.09828 347.988429      95.25 1.3063e+03   1032.276      24776  1028.9160  1028.9142    34.4952    34.4936    8.07665         26 0.0000e+00
    253.000    250.372    -0.1689  28.628874    -0.1655  28.630511     5.6611     5.7598     0.0001    88.9222 1.0000e-12  -64.77048  -63.09828 347.988442      96.67 1.3064e+03   1033.375      24802  1028.9100  1028.9085    34.4948    34.4932    8.07409         27 0.0000e+00
    252.000    249.381    -0.1598  28.636055    -0.1572  28.637244     5.6651     5.7568     0.0001    88.9054 1.0000e-12  -64.77048  -63.09828 347.988455      97.33 1.3072e+03   1034.482      24829  1028.9046  1028.9034    34.4947    34.4934    8.07218         27 0.0000e+00
    251.000    248.392    -0.1562  28.638695    -0.1548  28.638851     5.6698     5.7537     0.0063    89.0241 1.0000e-12  -64.77048  -63.09828 347.988468      98.66 1.3087e+03   1035.615      24856  1028.8998  1028.8987    34.4947    34.4934    8.07141         27 0.0000e+00
    250.000    247.404    -0.1518  28.641895    -0.1511  28.641383     5.6678     5.7453     0.0117    88.6131 1.0000e-12  -64.77048  -63.09828 347.988481      99.42 1.3102e+03   1036.769      24883  1028.8948  1028.8936    34.4947    34.4932    8.07050         26 0.0000e+00
    249.000    246.414    -0.1474  28.644892    -0.1467  28.644599     5.6568     5.7419     0.0151    88.9273 1.0000e-12  -64.77048  -63.09828 347.988494      99.90 1.3116e+03   1037.918      24911  1028.8896  1028.8886    34.4943    34.4931    8.06960         27 0.0000e+00
    248.000    245.426    -0.1420  28.648681    -0.1387  28.649982     5.6491     5.7336     0.0037    89.0061 1.0000e-12  -64.77048  -63.09828 347.988507      99.97 1.3116e+03   1039.031      24938  1028.8842  1028.8823    34.4939    34.4919    8.06847         26 0.0000e+00
    247.000    244.436    -0.1269  28.660330    -0.1248  28.661194     5.6282     5.7120     0.0094    89.0888 1.0000e-12  -64.77048  -63.09828 347.988520      99.97 1.3116e+03   1040.134      24964  1028.8776  1028.8764    34.4929    34.4917    8.06535         27 0.0000e+00
    246.000    243.448    -0.1100  28.673952    -0.1027  28.678246     5.6049     5.6960     0.0113    89.0336 1.0000e-12  -64.77048  -63.09828 347.988533      99.97 1.3116e+03   1041.254      24991  1028.8713  1028.8687    34.4926    34.4901    8.06180         27 0.0000e+00
    245.000    242.458    -0.0748  28.702268    -0.0622  28.712095     5.5712     5.6748     0.0127    89.0607 1.0000e-12  -64.77048  -63.09828 347.988546      55.47 1.3116e+03   1042.382      25018  1028.8627  1028.8608    34.4911    34.4899    8.05447         27 0.0000e+00
    244.000    241.470    -0.0465  28.726209    -0.0526  28.720079     5.5553     5.6594     0.0034    89.1188 1.0000e-12  -64.77048  -63.09828 347.988559     100.01 1.3116e+03   1043.501      25045  1028.8562  1028.8558    34.4916    34.4903    8.04849         27 0.0000e+00
    243.000    240.480    -0.0197  28.748434    -0.0171  28.749600     5.5546     5.6506     0.0101    89.0774 1.0000e-12  -64.77048  -63.09828 347.988572      99.97 1.3116e+03   1044.612      25072  1028.8495  1028.8482    34.4915    34.4901    8.04286         26 0.0000e+00
    242.000    239.492    -0.0119  28.755655    -0.0083  28.757562     5.5524     5.6391     0.0249    89.0508 1.0000e-12  -64.77048  -63.09828 347.988585      99.96 1.3116e+03   1045.717      25098  1028.8456  1028.8442    34.4928    34.4913    8.04114         27 0.0000e+00
    241.000    238.502    -0.0108  28.755755     0.0002  28.763457     5.5359     5.6330     0.0186    89.0005 1.0000e-12  -64.77048  -63.09828 347.988598      99.97 1.3116e+03   1046.832      25125  1028.8408  1028.8381    34.4923    34.4901    8.04094         27 0.0000e+00
    240.000    237.512     0.0058  28.769847     0.0242  28.783895     5.5139     5.6189     0.0184    89.0999 1.0000e-12  -64.77048  -63.09828 347.988611      99.97 1.3127e+03   1047.962      25152  1028.8353  1028.8322    34.4929    34.4908    8.03742         27 0.0000e+00
    239.000    236.525     0.0393  28.796830     0.0405  28.797443     5.5193     5.6082     0.0254    89.1313 1.0000e-12  -64.77048  -63.09828 347.988624      99.97 1.3134e+03   1049.090      25179  1028.8271  1028.8267    34.4916    34.4910    8.03048         27 0.0000e+00
    238.000    235.535     0.0392  28.797727     0.0520  28.807280     5.5206     5.6058     0.0267    88.9948 1.0000e-12  -64.77048  -63.09828 347.988637      61.17 1.3137e+03   1050.215      25206  1028.8243  1028.8220    34.4934    34.4917    8.03039         27 0.0000e+00
    237.000    234.547     0.0480  28.804829     0.0585  28.812391     5.5148     5.5964     0.0193    89.0082 1.0000e-12  -64.77048  -63.09828 347.988650     100.44 1.3133e+03   1051.347      25233  1028.8192  1028.8170    34.4935    34.4917    8.02854         27 0.0000e+00
    236.000    233.556     0.0514  28.806446     0.0579  28.811310     5.5149     5.6000     0.0355    89.0725 1.0000e-12  -64.77048  -63.09828 347.988663      99.97 1.3133e+03   1052.456      25260  1028.8137  1028.8127    34.4924    34.4916    8.02789         25 0.0000e+00
    235.000    232.568     0.0562  28.810837     0.0643  28.816426     5.5169     5.6036     0.0267    89.1627 1.0000e-12  -64.77048  -63.09828 347.988675      99.97 1.3115e+03   1053.561      25286  1028.8097  1028.8078    34.4934    34.4918    8.02683         26 0.0000e+00
    234.000    231.578     0.0535  28.807266     0.0605  28.812786     5.5177     5.6032     0.0124    89.1109 1.0000e-12  -64.77048  -63.09828 347.988689      99.96 1.3103e+03   1054.690      25314  1028.8046  1028.8037    34.4925    34.4918    8.02747         27 0.0000e+00
    233.000    230.590     0.0585  28.811348     0.0582  28.809683     5.5176     5.5993     0.0280    89.1478 1.0000e-12  -64.77048  -63.09828 347.988702      99.97 1.3110e+03   1055.822      25341  1028.8000  1028.7987    34.4928    34.4909    8.02639         28 0.0000e+00
    232.000    229.600     0.0601  28.812086     0.0660  28.816240     5.5119     5.6001     0.0262    89.1768 1.0000e-12  -64.77048  -63.09828 347.988715      99.97 1.3116e+03   1056.956      25368  1028.7951  1028.7938    34.4925    34.4914    8.02607         27 0.0000e+00
    231.000    228.613     0.0634  28.814438     0.0637  28.813649     5.5210     5.5987     0.0196    89.1557 1.0000e-12  -64.77048  -63.09828 347.988728      99.97 1.3127e+03   1058.094      25395  1028.7903  1028.7893    34.4926    34.4912    8.02539         27 0.0000e+00
    230.000    227.621     0.0631  28.813935     0.0639  28.813248     5.5152     5.5912     0.0222    89.1463 1.0000e-12  -64.77048  -63.09828 347.988741      99.97 1.3133e+03   1059.217      25422  1028.7859  1028.7846    34.4928    34.4911    8.02542         27 0.0000e+00
    229.000    226.634     0.0638  28.813777     0.0646  28.813397     5.5124     5.5904     0.0262    89.1444 1.0000e-12  -64.77048  -63.09828 347.988754      99.97 1.3136e+03   1060.338      25449  1028.7810  1028.7798    34.4925    34.4910    8.02530         27 0.0000e+00
    228.000    225.644     0.0690  28.817493     0.0720  28.818949     5.5062     5.5757     0.0171    89.0755 1.0000e-12  -64.77048  -63.09828 347.988767      99.97 1.3151e+03   1061.447      25476  1028.7757  1028.7743    34.4922    34.4906    8.02424         27 0.0000e+00
    227.000    224.655     0.0711  28.819194     0.0755  28.821494     5.5131     5.5748     0.0174    89.0658 1.0000e-12  -64.77048  -63.09828 347.988780      99.97 1.3136e+03   1062.561      25502  1028.7712  1028.7694    34.4925    34.4907    8.02376         26 0.0000e+00
    226.000    223.666     0.0796  28.825702     0.0872  28.831073     5.4858     5.5570     0.0258    89.0450 1.0000e-12  -64.77048  -63.09828 347.988793      99.97 1.3014e+03   1063.680      25529  1028.7656  1028.7639    34.4923    34.4908    8.02201         27 0.0000e+00
    225.000    222.676     0.0858  28.830549     0.0963  28.838227     5.4721     5.5147     0.0202    89.0117 1.0000e-12  -64.77048  -63.09828 347.988805      99.97 1.2684e+03   1064.796      25556  1028.7605  1028.7583    34.4922    34.4906    8.02071         27 0.0000e+00
    224.000    221.687     0.1067  28.846719     0.1485  28.879803     5.4296     5.4602     0.0230    88.9476 1.0000e-12  -64.77048  -63.09828 347.988819      99.97 1.2217e+03   1065.924      25583  1028.7528  1028.7467    34.4907    34.4875    8.01643         27 0.0000e+00
