NBP2113_155081_ctd/data/unbp2113_036.cnv
* Sea-Bird SBE 9 Data File:
* FileName = D:\Data\raw\NBP2113_036.hex
* Software Version Seasave V 7.26.7.121
* Temperature SN = 2438
* Conductivity SN = 2067
* Number of Bytes Per Scan = 40
* Number of Voltage Words = 5
* Number of Scans Averaged by the Deck Unit = 1
* NMEA Latitude = 64 56.01 S
* NMEA Longitude = 064 24.02 W
* NMEA UTC (Time) = Dec 09 2021  08:52:43
* NMEA baud rate = 9600
** Ship: RVIB N.B. Palmer
** Cruise: NBP2113 LTER
** Station: 600.040
** Operator: B. Urmston
# nquan = 25
# nvalues = 1320                        
# units = specified
# name 0 = prDM: Pressure, Digiquartz [db]
# name 1 = depSM: Depth [salt water, m]
# name 2 = t090C: Temperature [ITS-90, deg C]
# name 3 = c0mS/cm: Conductivity [mS/cm]
# name 4 = t190C: Temperature, 2 [ITS-90, deg C]
# name 5 = c1mS/cm: Conductivity, 2 [mS/cm]
# name 6 = sbeox0ML/L: Oxygen, SBE 43 [ml/l]
# name 7 = sbeox1ML/L: Oxygen, SBE 43, 2 [ml/l]
# name 8 = flECO-AFL: Fluorescence, WET Labs ECO-AFL/FL [mg/m^3]
# name 9 = CStarTr0: Beam Transmission, WET Labs C-Star [%]
# name 10 = par: PAR/Irradiance, Biospherical/Licor
# name 11 = latitude: Latitude [deg]
# name 12 = longitude: Longitude [deg]
# name 13 = timeJ: Julian Days
# name 14 = altM: Altimeter [m]
# name 15 = spar: SPAR, Biospherical/Licor
# name 16 = timeS: Time, Elapsed [seconds]
# name 17 = scan: Scan Count
# name 18 = density00: Density [density, kg/m^3]
# name 19 = density11: Density, 2 [density, kg/m^3]
# name 20 = sal00: Salinity, Practical [PSU]
# name 21 = sal11: Salinity, Practical, 2 [PSU]
# name 22 = oxsolML/L: Oxygen Saturation, Garcia & Gordon [ml/l]
# name 23 = nbin: number of scans per bin
# name 24 = flag: flag
# span 0 =      1.000,   1320.000       
# span 1 =      0.991,   1302.935       
# span 2 =    -0.8801,     1.4953       
# span 3 =  27.240278,  30.665300       
# span 4 =    -0.8887,     1.4953       
# span 5 =  27.228788,  30.664082       
# span 6 =     4.0305,     9.1074       
# span 7 =     4.0848,     9.8278       
# span 8 =    -0.0221,     1.5805       
# span 9 =    87.9010,    95.7138       
# span 10 = 1.0000e-12, 3.5589e+02      
# span 11 =  -64.93360,  -64.93348      
# span 12 =  -64.40002,  -64.39930      
# span 13 = 343.398069, 343.421022      
# span 14 =       8.13,     100.59      
# span 15 = 1.2511e+02, 2.6975e+02      
# span 16 =   2430.150,   4413.284      
# span 17 =      58325,     105920      
# span 18 =  1026.9977,  1033.8993      
# span 19 =  1026.9967,  1033.8983      
# span 20 =    33.5726,    34.6777      
# span 21 =    33.5713,    34.6764      
# span 22 =    7.72533,    8.28030      
# span 23 =          8,         47      
# span 24 = 0.0000e+00, 0.0000e+00      
# interval = decibars: 1                
# start_time = Dec 09 2021 08:52:43 [NMEA time, header]
# bad_flag = -9.990e-29
*END*
[from data line 1102]
    218.000    215.750     1.0013  29.668422     1.0057  29.672504     4.6942     4.7319    -0.0003    95.4180 1.0000e-12  -64.93356  -64.39988 343.415042      99.97 1.4103e+02   3896.646      93520  1028.7284  1028.7283    34.5675    34.5680    7.82916         35 0.0000e+00
    217.000    214.761     0.9892  29.656817     0.9853  29.651813     4.7404     4.7557    -0.0074    95.4161 1.0000e-12  -64.93357  -64.39989 343.415057      99.97 1.4191e+02   3897.894      93550  1028.7241  1028.7228    34.5666    34.5645    7.83163         26 0.0000e+00
    216.000    213.773     0.9600  29.624820     0.9629  29.627573     4.7375     4.7555    -0.0077    95.4121 1.0000e-12  -64.93358  -64.39990 343.415068      99.97 1.4254e+02   3898.885      93574  1028.7155  1028.7155    34.5583    34.5586    7.83794         22 0.0000e+00
    215.000    212.782     0.9488  29.611501     0.9492  29.611426     4.7338     4.7533     0.0036    95.3870 1.0000e-12  -64.93358  -64.39990 343.415080      99.97 1.4278e+02   3899.874      93598  1028.7085  1028.7079    34.5542    34.5536    7.84043         26 0.0000e+00
    214.000    211.794     0.9651  29.627677     0.9711  29.632971     4.7214     4.7489    -0.0003    95.3971 1.0000e-12  -64.93358  -64.39989 343.415120      99.98 1.4279e+02   3903.327      93681  1028.7046  1028.7041    34.5575    34.5577    7.83697         40 0.0000e+00
    213.000    210.805     0.9680  29.631771     0.9703  29.633444     4.7460     4.7689    -0.0080    95.3973 1.0000e-12  -64.93358  -64.39990 343.415179      99.97 1.4279e+02   3908.460      93804  1028.7015  1028.7010    34.5602    34.5598    7.83624         33 0.0000e+00
    212.000    209.815     0.9475  29.609768     0.9599  29.622363     4.7760     4.7848    -0.0080    95.4069 1.0000e-12  -64.93358  -64.39990 343.415190      99.97 1.4279e+02   3909.451      93828  1028.6947  1028.6955    34.5551    34.5576    7.84063         24 0.0000e+00
    211.000    208.826     0.9371  29.597408     0.9403  29.600617     4.7711     4.7913    -0.0077    95.4067 1.0000e-12  -64.93358  -64.39992 343.415201      99.97 1.4279e+02   3910.332      93849  1028.6878  1028.6881    34.5513    34.5519    7.84294         19 0.0000e+00
    210.000    207.835     0.9315  29.591104     0.9331  29.592394     4.7569     4.7873    -0.0077    95.3967 1.0000e-12  -64.93358  -64.39992 343.415210      99.98 1.4279e+02   3911.145      93868  1028.6824  1028.6823    34.5499    34.5499    7.84413         20 0.0000e+00
    209.000    206.848     0.9348  29.593255     0.9317  29.589660     4.7628     4.7864    -0.0004    95.3885 1.0000e-12  -64.93358  -64.39992 343.415222      99.97 1.4279e+02   3912.155      93893  1028.6770  1028.6765    34.5497    34.5485    7.84349         28 0.0000e+00
    208.000    205.858     0.9505  29.610221     0.9446  29.603456     4.7230     4.7777     0.0003    95.3864 1.0000e-12  -64.93358  -64.39990 343.415283      99.97 1.4162e+02   3917.426      94019  1028.6745  1028.6734    34.5547    34.5525    7.84005         40 0.0000e+00
    207.000    204.872     0.9439  29.603051     0.9428  29.601511     4.7451     4.7895     0.0087    95.3804 1.0000e-12  -64.93358  -64.39992 343.415321      99.98 1.4104e+02   3920.735      94099  1028.6693  1028.6687    34.5534    34.5526    7.84145         38 0.0000e+00
    206.000    203.879     0.9364  29.594894     0.9363  29.593541     4.7840     4.8024    -0.0086    95.3802 1.0000e-12  -64.93358  -64.39992 343.415340      99.97 1.4103e+02   3922.397      94139  1028.6640  1028.6627    34.5518    34.5502    7.84305         29 0.0000e+00
    205.000    202.891     0.9294  29.587211     0.9294  29.586660     4.7903     4.8136    -0.0049    95.3841 1.0000e-12  -64.93358  -64.39992 343.415352      99.97 1.4103e+02   3923.414      94163  1028.6586  1028.6581    34.5502    34.5495    7.84453         23 0.0000e+00
    204.000    201.901     0.9201  29.576391     0.9192  29.574932     4.7819     4.8164     0.0043    95.3657 1.0000e-12  -64.93358  -64.39994 343.415364      99.97 1.4103e+02   3924.430      94187  1028.6523  1028.6516    34.5472    34.5462    7.84658         26 0.0000e+00
    203.000    200.911     0.9172  29.572626     0.9153  29.569808     4.7785     4.8074    -0.0078    95.3740 1.0000e-12  -64.93358  -64.39994 343.415378      99.97 1.4103e+02   3925.704      94218  1028.6469  1028.6458    34.5461    34.5446    7.84722         36 0.0000e+00
    202.000    199.921     0.9199  29.574895     0.9203  29.574615     4.7790     4.8117    -0.0019    95.3524 1.0000e-12  -64.93358  -64.39995 343.415549      99.97 1.4316e+02   3940.408      94571  1028.6420  1028.6413    34.5466    34.5459    7.84664         34 0.0000e+00
    201.000    198.934     0.9108  29.565234     0.9109  29.564901     4.7878     4.8303    -0.0054    95.3365 1.0000e-12  -64.93358  -64.39998 343.415769      99.97 1.4683e+02   3959.445      95028  1028.6364  1028.6359    34.5449    34.5443    7.84858         23 0.0000e+00
    200.000    197.945     0.9064  29.559939     0.9045  29.557543     4.7812     4.8379    -0.0032    95.3489 1.0000e-12  -64.93358  -64.39998 343.415788      99.97 1.4799e+02   3961.107      95068  1028.6310  1028.6304    34.5434    34.5425    7.84953         32 0.0000e+00
    199.000    196.955     0.9105  29.563729     0.9057  29.558545     4.8081     4.8572     0.0058    95.3403 1.0000e-12  -64.93358  -64.39998 343.415804      99.97 1.4808e+02   3962.501      95101  1028.6266  1028.6260    34.5444    34.5431    7.84866         33 0.0000e+00
    198.000    195.967     0.8991  29.552277     0.8905  29.542279     4.8288     4.8610     0.0069    95.3558 1.0000e-12  -64.93358  -64.39998 343.415819      99.97 1.4808e+02   3963.749      95131  1028.6217  1028.6197    34.5429    34.5394    7.85104         27 0.0000e+00
    197.000    194.977     0.8866  29.537315     0.8841  29.534645     4.8240     4.8658     0.0069    95.3487 1.0000e-12  -64.93358  -64.39998 343.415832      99.97 1.4808e+02   3964.884      95158  1028.6142  1028.6139    34.5379    34.5374    7.85382         28 0.0000e+00
    196.000    193.986     0.8932  29.544043     0.8801  29.529072     4.8178     4.8684     0.0069    95.3318 1.0000e-12  -64.93358  -64.39998 343.415848      99.98 1.4808e+02   3966.284      95192  1028.6102  1028.6077    34.5399    34.5351    7.85238         33 0.0000e+00
    195.000    193.000     0.8989  29.550234     0.9013  29.552146     4.8340     4.8733     0.0003    95.3349 1.0000e-12  -64.93358  -64.39999 343.415887      99.97 1.4949e+02   3969.639      95272  1028.6068  1028.6062    34.5422    34.5420    7.85112         31 0.0000e+00
    194.000    192.009     0.8860  29.537028     0.8796  29.529194     4.8811     4.9093     0.0034    95.3349 1.0000e-12  -64.93358  -64.40000 343.415902      99.97 1.4986e+02   3970.924      95303  1028.6016  1028.5996    34.5401    34.5370    7.85383         20 0.0000e+00
    193.000    191.019     0.8734  29.523331     0.8722  29.521509     4.9095     4.9230     0.0071    95.3330 1.0000e-12  -64.93358  -64.40000 343.415910      99.97 1.4984e+02   3971.597      95319  1028.5955  1028.5947    34.5370    34.5359    7.85655         14 0.0000e+00
    192.000    190.033     0.8573  29.506715     0.8542  29.503037     4.9120     4.9262    -0.0005    95.3349 1.0000e-12  -64.93358  -64.40002 343.415916      99.98 1.4984e+02   3972.135      95332  1028.5898  1028.5890    34.5339    34.5326    7.85995         13 0.0000e+00
    191.000    189.040     0.8430  29.490409     0.8432  29.489872     4.9128     4.9266    -0.0004    95.3277 1.0000e-12  -64.93358  -64.40002 343.415922      99.97 1.4984e+02   3972.637      95344  1028.5826  1028.5818    34.5293    34.5283    7.86309         11 0.0000e+00
    190.000    188.050     0.8371  29.482761     0.8373  29.482723     4.9096     4.9310     0.0052    95.3219 1.0000e-12  -64.93358  -64.40002 343.415927      99.98 1.4984e+02   3973.116      95356  1028.5762  1028.5759    34.5265    34.5263    7.86444         12 0.0000e+00
    189.000    187.063     0.8362  29.481042     0.8343  29.478637     4.9041     4.9274     0.0069    95.3012 1.0000e-12  -64.93358  -64.40002 343.415933      99.98 1.4984e+02   3973.626      95368  1028.5709  1028.5703    34.5259    34.5249    7.86465         13 0.0000e+00
    188.000    186.073     0.8333  29.477081     0.8325  29.475982     4.8966     4.9199     0.0122    95.2753 1.0000e-12  -64.93358  -64.40000 343.415940      99.97 1.4984e+02   3974.198      95382  1028.5653  1028.5649    34.5245    34.5240    7.86531         15 0.0000e+00
    187.000    185.083     0.8380  29.481852     0.8398  29.482790     4.8888     4.9154     0.0051    95.2371 1.0000e-12  -64.93358  -64.40000 343.415949      99.97 1.4984e+02   3975.014      95401  1028.5612  1028.5604    34.5261    34.5253    7.86427         27 0.0000e+00
    186.000    184.093     0.8501  29.493941     0.8469  29.490489     4.8904     4.9203     0.0026    95.2779 1.0000e-12  -64.93358  -64.39999 343.416007      99.97 1.5051e+02   3980.017      95521  1028.5574  1028.5568    34.5290    34.5281    7.86169         23 0.0000e+00
    185.000    183.107     0.8457  29.490328     0.8464  29.490012     4.8899     4.9261     0.0020    95.2904 1.0000e-12  -64.93358  -64.40000 343.416026      99.97 1.5150e+02   3981.644      95560  1028.5535  1028.5524    34.5297    34.5285    7.86252         15 0.0000e+00
    184.000    182.116     0.8408  29.483975     0.8411  29.483750     4.8855     4.9326    -0.0078    95.2851 1.0000e-12  -64.93358  -64.40000 343.416033      99.97 1.5161e+02   3982.254      95575  1028.5475  1028.5469    34.5276    34.5269    7.86364         15 0.0000e+00
    183.000    181.125     0.8374  29.479717     0.8370  29.478799     4.8953     4.9331     0.0004    95.2648 1.0000e-12  -64.93358  -64.40000 343.416040      99.97 1.5161e+02   3982.865      95590  1028.5421  1028.5416    34.5264    34.5257    7.86439         15 0.0000e+00
    182.000    180.139     0.8350  29.476762     0.8348  29.476154     4.8981     4.9321     0.0069    95.2576 1.0000e-12  -64.93358  -64.40000 343.416047      99.97 1.5161e+02   3983.500      95605  1028.5371  1028.5366    34.5258    34.5253    7.86490         15 0.0000e+00
    181.000    179.147     0.8325  29.473855     0.8310  29.471585     4.8966     4.9366     0.0069    95.2576 1.0000e-12  -64.93358  -64.40002 343.416055      99.97 1.5161e+02   3984.179      95621  1028.5323  1028.5313    34.5254    34.5241    7.86543         17 0.0000e+00
    180.000    178.160     0.8294  29.470251     0.8294  29.469552     4.8998     4.9441     0.0096    95.2576 1.0000e-12  -64.93358  -64.40002 343.416064      99.97 1.5161e+02   3984.910      95639  1028.5273  1028.5265    34.5248    34.5239    7.86609         19 0.0000e+00
    179.000    177.169     0.8273  29.467490     0.8247  29.464613     4.9079     4.9495     0.0143    95.2576 1.0000e-12  -64.93358  -64.40002 343.416072      99.97 1.5161e+02   3985.663      95657  1028.5222  1028.5217    34.5241    34.5234    7.86655         17 0.0000e+00
    178.000    176.182     0.8209  29.461158     0.8164  29.456009     4.9115     4.9499     0.0209    95.2824 1.0000e-12  -64.93358  -64.40002 343.416081      99.97 1.5161e+02   3986.409      95675  1028.5175  1028.5166    34.5237    34.5220    7.86787         18 0.0000e+00
    177.000    175.189     0.8053  29.445027     0.8000  29.439196     4.9008     4.9479     0.0144    95.2822 1.0000e-12  -64.93358  -64.40000 343.416090      99.97 1.5161e+02   3987.189      95694  1028.5118  1028.5109    34.5206    34.5190    7.87118         21 0.0000e+00
    176.000    174.198     0.8065  29.443379     0.8016  29.437280     4.8860     4.9416     0.0117    95.3264 1.0000e-12  -64.93360  -64.40000 343.416106      99.97 1.5182e+02   3988.580      95727  1028.5046  1028.5030    34.5178    34.5153    7.87110         26 0.0000e+00
    175.000    173.214     0.8270  29.467121     0.8275  29.465957     4.9347     4.9672     0.0038    95.2773 1.0000e-12  -64.93359  -64.39999 343.416167      99.97 1.5400e+02   3993.806      95852  1028.5046  1028.5029    34.5264    34.5243    7.86649         15 0.0000e+00
    174.000    172.221     0.8115  29.449708     0.8165  29.454389     4.9539     4.9748    -0.0004    95.2834 1.0000e-12  -64.93358  -64.40000 343.416172      99.97 1.5513e+02   3994.271      95864  1028.4977  1028.4974    34.5217    34.5222    7.86988         12 0.0000e+00
    173.000    171.234     0.7973  29.435623     0.8056  29.444243     4.9640     4.9730    -0.0004    95.3260 1.0000e-12  -64.93358  -64.40000 343.416178      99.97 1.5513e+02   3994.808      95876  1028.4926  1028.4933    34.5198    34.5218    7.87286         12 0.0000e+00
    172.000    170.244     0.7899  29.426489     0.7892  29.425874     4.9654     4.9733    -0.0004    95.3149 1.0000e-12  -64.93358  -64.40000 343.416184      99.97 1.5513e+02   3995.342      95889  1028.4861  1028.4863    34.5167    34.5168    7.87452         13 0.0000e+00
    171.000    169.254     0.7724  29.408500     0.7732  29.408325     4.9646     4.9750     0.0039    95.3155 1.0000e-12  -64.93358  -64.40002 343.416192      99.98 1.5513e+02   3995.943      95904  1028.4803  1028.4793    34.5135    34.5124    7.87825         16 0.0000e+00
    170.000    168.264     0.7667  29.400914     0.7686  29.401547     4.9585     4.9816     0.0069    95.3600 1.0000e-12  -64.93359  -64.40001 343.416200      97.90 1.5513e+02   3996.678      95921  1028.4737  1028.4725    34.5106    34.5093    7.87956         20 0.0000e+00
    169.000    167.276     0.7788  29.412193     0.7888  29.422110     4.9564     4.9867     0.0069    95.3667 1.0000e-12  -64.93360  -64.40001 343.416211      98.04 1.5513e+02   3997.607      95944  1028.4690  1028.4695    34.5123    34.5141    7.87700         25 0.0000e+00
    168.000    166.286     0.7729  29.406253     0.7721  29.406162     4.9659     4.9817     0.0069    95.3734 1.0000e-12  -64.93360  -64.40001 343.416223      99.95 1.5513e+02   3998.634      95968  1028.4643  1028.4650    34.5117    34.5126    7.87823         24 0.0000e+00
    167.000    165.298     0.7745  29.407857     0.7697  29.401586     4.9621     4.9815     0.0069    95.3767 1.0000e-12  -64.93360  -64.39999 343.416234      99.97 1.5591e+02   3999.638      95992  1028.4600  1028.4582    34.5127    34.5098    7.87786         24 0.0000e+00
    166.000    164.307     0.7549  29.387437     0.7813  29.412352     4.9359     4.9710     0.0128    95.3835 1.0000e-12  -64.93360  -64.39998 343.416247      99.97 1.5688e+02   4000.705      96018  1028.4537  1028.4536    34.5086    34.5115    7.88206         28 0.0000e+00
    165.000    163.322     0.7643  29.396654     0.7796  29.412066     4.9322     4.9758     0.0057    95.3650 1.0000e-12  -64.93360  -64.39996 343.416274      99.97 1.5690e+02   4003.112      96076  1028.4495  1028.4505    34.5107    34.5136    7.88004         32 0.0000e+00
    164.000    162.328     0.7650  29.395943     0.7721  29.403399     4.9791     5.0199     0.0064    95.3634 1.0000e-12  -64.93360  -64.39996 343.416311      99.97 1.5718e+02   4006.297      96152  1028.4436  1028.4446    34.5096    34.5114    7.87996         27 0.0000e+00
    163.000    161.340     0.7725  29.403257     0.7699  29.400335     5.0374     5.0518     0.0069    95.3728 1.0000e-12  -64.93360  -64.39996 343.416320      99.97 1.5866e+02   4007.083      96171  1028.4396  1028.4392    34.5113    34.5104    7.87834         19 0.0000e+00
    162.000    160.352     0.7496  29.384418     0.7489  29.382246     5.0824     5.0755     0.0069    95.3719 1.0000e-12  -64.93360  -64.39997 343.416329      99.97 1.5866e+02   4007.797      96188  1028.4382  1028.4368    34.5129    34.5109    7.88289         16 0.0000e+00
