NBP2113_155081_ctd/data/unbp2113_008.cnv
* Sea-Bird SBE 9 Data File:
* FileName = D:\Data\raw\NBP2113_008.hex
* Software Version Seasave V 7.26.7.121
* Temperature SN = 2438
* Conductivity SN = 2067
* Number of Bytes Per Scan = 40
* Number of Voltage Words = 5
* Number of Scans Averaged by the Deck Unit = 1
* NMEA Latitude = 64 55.99 S
* NMEA Longitude = 064 24.05 W
* NMEA UTC (Time) = Nov 25 2021  04:33:36
* NMEA baud rate = 9600
** Ship: RVIB N.B. Palmer
** Cruise: NBP2113 LTER
** Station: 600.040
** Operator: B. Urmston
# nquan = 25
# nvalues = 1295                        
# units = specified
# name 0 = prDM: Pressure, Digiquartz [db]
# name 1 = depSM: Depth [salt water, m]
# name 2 = t090C: Temperature [ITS-90, deg C]
# name 3 = c0mS/cm: Conductivity [mS/cm]
# name 4 = t190C: Temperature, 2 [ITS-90, deg C]
# name 5 = c1mS/cm: Conductivity, 2 [mS/cm]
# name 6 = sbeox0ML/L: Oxygen, SBE 43 [ml/l]
# name 7 = sbeox1ML/L: Oxygen, SBE 43, 2 [ml/l]
# name 8 = flECO-AFL: Fluorescence, WET Labs ECO-AFL/FL [mg/m^3]
# name 9 = CStarTr0: Beam Transmission, WET Labs C-Star [%]
# name 10 = par: PAR/Irradiance, Biospherical/Licor
# name 11 = latitude: Latitude [deg]
# name 12 = longitude: Longitude [deg]
# name 13 = timeJ: Julian Days
# name 14 = altM: Altimeter [m]
# name 15 = spar: SPAR, Biospherical/Licor
# name 16 = timeS: Time, Elapsed [seconds]
# name 17 = scan: Scan Count
# name 18 = density00: Density [density, kg/m^3]
# name 19 = density11: Density, 2 [density, kg/m^3]
# name 20 = sal00: Salinity, Practical [PSU]
# name 21 = sal11: Salinity, Practical, 2 [PSU]
# name 22 = oxsolML/L: Oxygen Saturation, Garcia & Gordon [ml/l]
# name 23 = nbin: number of scans per bin
# name 24 = flag: flag
# span 0 =      1.000,   1295.000       
# span 1 =      0.991,   1278.334       
# span 2 =    -0.7757,     1.4982       
# span 3 =  27.458468,  30.658010       
# span 4 =    -0.7751,     1.4984       
# span 5 =  27.458170,  30.657040       
# span 6 =     4.0518,     8.2576       
# span 7 =     4.0872,     8.1281       
# span 8 =    -0.0220,     1.3802       
# span 9 =    91.8358,    98.1624       
# span 10 = 1.0000e-12, 5.7581e+00      
# span 11 =  -64.93344,  -64.93266      
# span 12 =  -64.40226,  -64.40188      
# span 13 = 329.215638, 329.241351      
# span 14 =       9.01,     100.21      
# span 15 = 0.0000e+00, 0.0000e+00      
# span 16 =   2215.150,   4436.767      
# span 17 =      53165,     106483      
# span 18 =  1027.1448,  1033.7850      
# span 19 =  1027.1439,  1033.7838      
# span 20 =    33.7600,    34.6787      
# span 21 =    33.7590,    34.6771      
# span 22 =    7.72471,    8.24682      
# span 23 =         16,         51      
# span 24 = 0.0000e+00, 0.0000e+00      
# interval = decibars: 1                
# start_time = Nov 25 2021 04:33:36 [NMEA time, header]
# bad_flag = -9.990e-29
*END*
[from data line 812]
    483.000    477.710     1.3861  30.190923     1.3860  30.189887     4.2328     4.2303    -0.0077    98.1459 1.0000e-12  -64.93300  -64.40210 329.228181      99.97 0.0000e+00   3298.816      79173  1030.0152  1030.0142    34.6579    34.6566    7.74784         30 0.0000e+00
    482.000    476.721     1.3862  30.190536     1.3861  30.189476     4.2298     4.2237    -0.0111    98.1140 1.0000e-12  -64.93300  -64.40210 329.228195      99.98 0.0000e+00   3300.068      79203  1030.0104  1030.0094    34.6578    34.6566    7.74782         30 0.0000e+00
    481.000    475.734     1.3863  30.190203     1.3862  30.189132     4.2377     4.2238    -0.0048    98.1480 1.0000e-12  -64.93300  -64.40210 329.228209      99.98 0.0000e+00   3301.272      79232  1030.0057  1030.0047    34.6578    34.6565    7.74779         28 0.0000e+00
    480.000    474.746     1.3867  30.190072     1.3868  30.189109     4.2360     4.2251    -0.0096    98.1236 1.0000e-12  -64.93300  -64.40210 329.228222      99.98 0.0000e+00   3302.412      79259  1030.0010  1030.0000    34.6578    34.6565    7.74772         27 0.0000e+00
    479.000    473.759     1.3868  30.189571     1.3863  30.188095     4.2341     4.2242    -0.0147    98.1473 1.0000e-12  -64.93300  -64.40210 329.228235      99.98 0.0000e+00   3303.509      79285  1029.9962  1029.9951    34.6577    34.6563    7.74771         26 0.0000e+00
    478.000    472.770     1.3856  30.187935     1.3848  30.186204     4.2414     4.2246    -0.0094    98.1558 1.0000e-12  -64.93300  -64.40210 329.228248      99.98 0.0000e+00   3304.619      79312  1029.9915  1029.9905    34.6575    34.6561    7.74796         27 0.0000e+00
    477.000    471.782     1.3846  30.186531     1.3843  30.185270     4.2374     4.2246    -0.0128    98.1528 1.0000e-12  -64.93300  -64.40210 329.228262      99.98 0.0000e+00   3305.798      79340  1029.9868  1029.9858    34.6573    34.6560    7.74816         30 0.0000e+00
    476.000    470.795     1.3845  30.185875     1.3843  30.184724     4.2324     4.2265    -0.0131    98.1455 1.0000e-12  -64.93300  -64.40210 329.228277      99.98 0.0000e+00   3307.127      79372  1029.9821  1029.9811    34.6572    34.6559    7.74819         34 0.0000e+00
    475.000    469.806     1.3843  30.185270     1.3842  30.184146     4.2367     4.2288    -0.0015    98.1551 1.0000e-12  -64.93300  -64.40210 329.228293      99.98 0.0000e+00   3308.527      79406  1029.9774  1029.9764    34.6572    34.6559    7.74822         32 0.0000e+00
    474.000    468.820     1.3839  30.184275     1.3835  30.183057     4.2443     4.2314    -0.0103    98.1414 1.0000e-12  -64.93300  -64.40210 329.228308      99.98 0.0000e+00   3309.770      79435  1029.9726  1029.9717    34.6570    34.6558    7.74832         27 0.0000e+00
    473.000    467.831     1.3829  30.182745     1.3823  30.181115     4.2449     4.2403    -0.0121    98.1416 1.0000e-12  -64.93300  -64.40210 329.228320      99.98 0.0000e+00   3310.853      79461  1029.9678  1029.9667    34.6567    34.6553    7.74853         25 0.0000e+00
    472.000    466.842     1.3811  30.180406     1.3793  30.177755     4.2465     4.2350    -0.0074    98.1416 1.0000e-12  -64.93300  -64.40210 329.228332      99.98 0.0000e+00   3311.862      79486  1029.9630  1029.9620    34.6563    34.6548    7.74891         24 0.0000e+00
    471.000    465.855     1.3782  30.177191     1.3782  30.176166     4.2502     4.2358    -0.0057    98.1518 1.0000e-12  -64.93300  -64.40210 329.228344      99.98 0.0000e+00   3312.889      79510  1029.9582  1029.9572    34.6559    34.6546    7.74949         26 0.0000e+00
    470.000    464.866     1.3761  30.174631     1.3755  30.173093     4.2553     4.2415    -0.0020    98.1401 1.0000e-12  -64.93300  -64.40210 329.228357      99.98 0.0000e+00   3314.016      79537  1029.9535  1029.9525    34.6555    34.6543    7.74992         29 0.0000e+00
    469.000    463.879     1.3763  30.174281     1.3741  30.171178     4.2499     4.2427    -0.0108    98.1335 1.0000e-12  -64.93300  -64.40210 329.228372      99.98 0.0000e+00   3315.368      79570  1029.9487  1029.9478    34.6555    34.6540    7.74990         35 0.0000e+00
    468.000    462.891     1.3749  30.172680     1.3745  30.171318     4.2486     4.2422    -0.0150    98.1297 1.0000e-12  -64.93300  -64.40210 329.228389      99.98 0.0000e+00   3316.823      79605  1029.9442  1029.9432    34.6555    34.6542    7.75016         32 0.0000e+00
    467.000    461.904     1.3724  30.169704     1.3719  30.168232     4.2517     4.2430    -0.0066    98.1419 1.0000e-12  -64.93300  -64.40210 329.228403      99.98 0.0000e+00   3318.054      79634  1029.9394  1029.9384    34.6550    34.6537    7.75068         26 0.0000e+00
    466.000    460.913     1.3719  30.168738     1.3717  30.167572     4.2488     4.2457    -0.0065    98.1416 1.0000e-12  -64.93300  -64.40210 329.228415      99.98 0.0000e+00   3319.078      79659  1029.9347  1029.9337    34.6549    34.6537    7.75078         24 0.0000e+00
    465.000    459.928     1.3712  30.167567     1.3709  30.166275     4.2555     4.2439    -0.0127    98.1416 1.0000e-12  -64.93300  -64.40210 329.228426      99.97 0.0000e+00   3320.033      79682  1029.9299  1029.9289    34.6548    34.6534    7.75093         23 0.0000e+00
    464.000    458.939     1.3709  30.166739     1.3706  30.165618     4.2503     4.2421    -0.0097    98.1521 1.0000e-12  -64.93300  -64.40210 329.228438      99.98 0.0000e+00   3321.047      79706  1029.9252  1029.9242    34.6547    34.6535    7.75100         26 0.0000e+00
    463.000    457.951     1.3722  30.167763     1.3708  30.165375     4.2502     4.2447    -0.0073    98.1476 1.0000e-12  -64.93300  -64.40210 329.228452      99.98 0.0000e+00   3322.281      79736  1029.9206  1029.9196    34.6550    34.6536    7.75071         31 0.0000e+00
    462.000    456.963     1.3712  30.166128     1.3715  30.165546     4.2546     4.2496    -0.0090    98.1557 1.0000e-12  -64.93302  -64.40210 329.228469      99.98 0.0000e+00   3323.732      79771  1029.9157  1029.9148    34.6547    34.6536    7.75094         35 0.0000e+00
    461.000    455.975     1.3708  30.165297     1.3705  30.164029     4.2456     4.2442    -0.0121    98.1544 1.0000e-12  -64.93302  -64.40210 329.228485      99.98 0.0000e+00   3325.139      79804  1029.9110  1029.9100    34.6546    34.6534    7.75102         32 0.0000e+00
    460.000    454.987     1.3704  30.164363     1.3702  30.163223     4.2499     4.2420    -0.0067    98.1409 1.0000e-12  -64.93302  -64.40210 329.228499      99.98 0.0000e+00   3326.354      79833  1029.9062  1029.9053    34.6544    34.6532    7.75110         26 0.0000e+00
    459.000    453.999     1.3698  30.163457     1.3696  30.162221     4.2540     4.2439    -0.0071    98.1546 1.0000e-12  -64.93302  -64.40210 329.228513      99.98 0.0000e+00   3327.492      79861  1029.9016  1029.9006    34.6545    34.6532    7.75121         26 0.0000e+00
    458.000    453.010     1.3694  30.162544     1.3691  30.161252     4.2565     4.2484    -0.0115    98.1395 1.0000e-12  -64.93302  -64.40210 329.228525      99.98 0.0000e+00   3328.598      79887  1029.8969  1029.8959    34.6544    34.6531    7.75131         27 0.0000e+00
    457.000    452.023     1.3690  30.161611     1.3686  30.160226     4.2592     4.2508    -0.0147    98.1406 1.0000e-12  -64.93302  -64.40210 329.228538      99.98 0.0000e+00   3329.690      79914  1029.8921  1029.8911    34.6542    34.6529    7.75140         26 0.0000e+00
    456.000    451.035     1.3686  30.160827     1.3683  30.159650     4.2549     4.2498    -0.0107    98.1124 1.0000e-12  -64.93302  -64.40210 329.228550      99.98 0.0000e+00   3330.738      79939  1029.8875  1029.8865    34.6542    34.6530    7.75147         24 0.0000e+00
    455.000    450.047     1.3683  30.160108     1.3681  30.158896     4.2591     4.2524    -0.0097    98.1438 1.0000e-12  -64.93302  -64.40210 329.228562      99.98 0.0000e+00   3331.756      79963  1029.8828  1029.8817    34.6542    34.6529    7.75154         25 0.0000e+00
    454.000    449.059     1.3680  30.159364     1.3680  30.158364     4.2604     4.2509    -0.0147    98.1416 1.0000e-12  -64.93302  -64.40210 329.228574      99.98 0.0000e+00   3332.789      79988  1029.8781  1029.8771    34.6541    34.6529    7.75159         25 0.0000e+00
    453.000    448.071     1.3678  30.158498     1.3676  30.157450     4.2613     4.2499    -0.0105    98.1416 1.0000e-12  -64.93302  -64.40210 329.228587      99.98 0.0000e+00   3333.952      80016  1029.8732  1029.8723    34.6539    34.6528    7.75166         31 0.0000e+00
    452.000    447.083     1.3684  30.158721     1.3682  30.157695     4.2566     4.2483    -0.0058    98.1416 1.0000e-12  -64.93302  -64.40209 329.228606      99.98 0.0000e+00   3335.535      80054  1029.8686  1029.8677    34.6541    34.6530    7.75153         44 0.0000e+00
    451.000    446.094     1.3679  30.157829     1.3678  30.156699     4.2551     4.2470    -0.0037    98.1514 1.0000e-12  -64.93302  -64.40208 329.228627      99.98 0.0000e+00   3337.392      80098  1029.8639  1029.8629    34.6540    34.6527    7.75162         35 0.0000e+00
    450.000    445.107     1.3675  30.156729     1.3673  30.155554     4.2525     4.2477    -0.0075    98.1373 1.0000e-12  -64.93302  -64.40209 329.228642      99.98 0.0000e+00   3338.675      80129  1029.8590  1029.8579    34.6537    34.6524    7.75172         26 0.0000e+00
    449.000    444.119     1.3679  30.156705     1.3680  30.155534     4.2577     4.2498    -0.0117    98.1492 1.0000e-12  -64.93302  -64.40210 329.228653      99.98 0.0000e+00   3339.599      80151  1029.8542  1029.8530    34.6537    34.6521    7.75163         20 0.0000e+00
    448.000    443.130     1.3684  30.156321     1.3685  30.155407     4.2624     4.2544    -0.0150    98.1603 1.0000e-12  -64.93302  -64.40210 329.228662      99.98 0.0000e+00   3340.404      80171  1029.8492  1029.8482    34.6533    34.6520    7.75156         18 0.0000e+00
    447.000    442.142     1.3687  30.156048     1.3685  30.155021     4.2656     4.2542    -0.0150    98.1468 1.0000e-12  -64.93302  -64.40210 329.228671      99.98 0.0000e+00   3341.175      80189  1029.8444  1029.8435    34.6532    34.6521    7.75151         19 0.0000e+00
    446.000    441.155     1.3687  30.155528     1.3684  30.154339     4.2623     4.2514    -0.0085    98.1277 1.0000e-12  -64.93302  -64.40210 329.228681      99.98 0.0000e+00   3342.012      80209  1029.8397  1029.8388    34.6531    34.6519    7.75152         22 0.0000e+00
    445.000    440.166     1.3685  30.154970     1.3683  30.153806     4.2600     4.2503    -0.0077    98.1402 1.0000e-12  -64.93302  -64.40210 329.228694      99.98 0.0000e+00   3343.167      80237  1029.8350  1029.8341    34.6531    34.6519    7.75155         34 0.0000e+00
    444.000    439.177     1.3684  30.154473     1.3682  30.153400     4.2562     4.2512    -0.0066    98.1460 1.0000e-12  -64.93302  -64.40208 329.228719      99.98 0.0000e+00   3345.312      80288  1029.8304  1029.8295    34.6533    34.6521    7.75157         39 0.0000e+00
    443.000    438.190     1.3684  30.153980     1.3682  30.152828     4.2685     4.2575    -0.0037    98.1366 1.0000e-12  -64.93302  -64.40208 329.228738      99.98 0.0000e+00   3346.964      80328  1029.8257  1029.8247    34.6532    34.6520    7.75157         28 0.0000e+00
    442.000    437.202     1.3678  30.152614     1.3672  30.150965     4.2688     4.2634    -0.0154    98.1138 1.0000e-12  -64.93302  -64.40208 329.228749      99.98 0.0000e+00   3347.951      80352  1029.8206  1029.8196    34.6526    34.6512    7.75171         21 0.0000e+00
    441.000    436.214     1.3620  30.145715     1.3611  30.143696     4.2708     4.2668    -0.0150    98.1187 1.0000e-12  -64.93302  -64.40209 329.228759      99.98 0.0000e+00   3348.774      80372  1029.8151  1029.8140    34.6508    34.6493    7.75295         19 0.0000e+00
    440.000    435.225     1.3597  30.143031     1.3584  30.140729     4.2773     4.2668    -0.0150    98.1342 1.0000e-12  -64.93302  -64.40210 329.228768      99.98 0.0000e+00   3349.579      80391  1029.8104  1029.8094    34.6505    34.6491    7.75342         20 0.0000e+00
    439.000    434.237     1.3585  30.141245     1.3573  30.139022     4.2849     4.2670    -0.0109    98.1293 1.0000e-12  -64.93302  -64.40210 329.228778      99.98 0.0000e+00   3350.457      80412  1029.8056  1029.8044    34.6502    34.6486    7.75369         23 0.0000e+00
    438.000    433.250     1.3590  30.141386     1.3587  30.140088     4.2797     4.2630    -0.0119    98.1339 1.0000e-12  -64.93302  -64.40209 329.228791      99.98 0.0000e+00   3351.581      80439  1029.8010  1029.7999    34.6504    34.6490    7.75358         31 0.0000e+00
    437.000    432.261     1.3602  30.141970     1.3601  30.141149     4.2818     4.2599    -0.0107    98.1190 1.0000e-12  -64.93302  -64.40208 329.228811      99.98 0.0000e+00   3353.231      80479  1029.7962  1029.7953    34.6504    34.6493    7.75334         42 0.0000e+00
    436.000    431.274     1.3586  30.139997     1.3593  30.139758     4.2707     4.2668    -0.0097    98.1322 1.0000e-12  -64.93302  -64.40208 329.228833      99.98 0.0000e+00   3355.161      80525  1029.7914  1029.7905    34.6501    34.6491    7.75366         39 0.0000e+00
    435.000    430.285     1.3573  30.138184     1.3573  30.137198     4.2741     4.2713    -0.0077    98.1363 1.0000e-12  -64.93302  -64.40208 329.228849      99.98 0.0000e+00   3356.519      80557  1029.7866  1029.7857    34.6498    34.6486    7.75393         29 0.0000e+00
    434.000    429.297     1.3565  30.137004     1.3557  30.135077     4.2853     4.2738    -0.0069    98.1406 1.0000e-12  -64.93302  -64.40208 329.228862      99.98 0.0000e+00   3357.643      80584  1029.7819  1029.7808    34.6498    34.6483    7.75409         26 0.0000e+00
    433.000    428.310     1.3542  30.134092     1.3537  30.132550     4.2870     4.2718    -0.0015    98.1217 1.0000e-12  -64.93302  -64.40209 329.228874      99.98 0.0000e+00   3358.752      80611  1029.7770  1029.7759    34.6492    34.6478    7.75458         28 0.0000e+00
    432.000    427.321     1.3527  30.132130     1.3523  30.130775     4.2790     4.2707    -0.0148    98.1222 1.0000e-12  -64.93302  -64.40209 329.228889      99.98 0.0000e+00   3359.999      80641  1029.7723  1029.7713    34.6490    34.6476    7.75489         32 0.0000e+00
    431.000    426.333     1.3545  30.133586     1.3525  30.130377     4.2805     4.2758    -0.0104    98.1269 1.0000e-12  -64.93302  -64.40208 329.228907      99.98 0.0000e+00   3361.573      80679  1029.7677  1029.7664    34.6494    34.6475    7.75451         38 0.0000e+00
    430.000    425.345     1.3533  30.131613     1.3534  30.131037     4.2904     4.2714    -0.0047    98.1375 1.0000e-12  -64.93304  -64.40208 329.228933      99.98 0.0000e+00   3363.785      80732  1029.7627  1029.7619    34.6488    34.6479    7.75478         44 0.0000e+00
    429.000    424.356     1.3495  30.127259     1.3514  30.128439     4.2906     4.2764    -0.0026    98.1254 1.0000e-12  -64.93304  -64.40208 329.228957      99.98 0.0000e+00   3365.915      80783  1029.7577  1029.7570    34.6480    34.6474    7.75558         40 0.0000e+00
    428.000    423.368     1.3489  30.126211     1.3491  30.125307     4.2955     4.2818    -0.0067    98.1157 1.0000e-12  -64.93304  -64.40208 329.228976      99.98 0.0000e+00   3367.489      80821  1029.7529  1029.7519    34.6479    34.6465    7.75570         34 0.0000e+00
    427.000    422.380     1.3470  30.123580     1.3456  30.121202     4.2881     4.2800    -0.0037    98.1158 1.0000e-12  -64.93304  -64.40208 329.228993      99.98 0.0000e+00   3369.021      80858  1029.7479  1029.7468    34.6472    34.6457    7.75611         38 0.0000e+00
