NBP2113_155081_ctd/data/unbp2113_028.cnv
* Sea-Bird SBE 9 Data File:
* FileName = D:\Data\raw\NBP2113_028.hex
* Software Version Seasave V 7.26.7.121
* Temperature SN = 2438
* Conductivity SN = 2067
* Number of Bytes Per Scan = 40
* Number of Voltage Words = 5
* Number of Scans Averaged by the Deck Unit = 1
* NMEA Latitude = 68 01.84 S
* NMEA Longitude = 069 17.14 W
* NMEA UTC (Time) = Dec 04 2021  16:43:12
* NMEA baud rate = 9600
** Ship: RVIB N.B. Palmer
** Cruise: NBP2113 LTER
** Station: 200.-040
** Operator: S. Blackman
# nquan = 25
# nvalues = 206                         
# units = specified
# name 0 = prDM: Pressure, Digiquartz [db]
# name 1 = depSM: Depth [salt water, m]
# name 2 = t090C: Temperature [ITS-90, deg C]
# name 3 = c0mS/cm: Conductivity [mS/cm]
# name 4 = t190C: Temperature, 2 [ITS-90, deg C]
# name 5 = c1mS/cm: Conductivity, 2 [mS/cm]
# name 6 = sbeox0ML/L: Oxygen, SBE 43 [ml/l]
# name 7 = sbeox1ML/L: Oxygen, SBE 43, 2 [ml/l]
# name 8 = flECO-AFL: Fluorescence, WET Labs ECO-AFL/FL [mg/m^3]
# name 9 = CStarTr0: Beam Transmission, WET Labs C-Star [%]
# name 10 = par: PAR/Irradiance, Biospherical/Licor
# name 11 = latitude: Latitude [deg]
# name 12 = longitude: Longitude [deg]
# name 13 = timeJ: Julian Days
# name 14 = altM: Altimeter [m]
# name 15 = spar: SPAR, Biospherical/Licor
# name 16 = timeS: Time, Elapsed [seconds]
# name 17 = scan: Scan Count
# name 18 = density00: Density [density, kg/m^3]
# name 19 = density11: Density, 2 [density, kg/m^3]
# name 20 = sal00: Salinity, Practical [PSU]
# name 21 = sal11: Salinity, Practical, 2 [PSU]
# name 22 = oxsolML/L: Oxygen Saturation, Garcia & Gordon [ml/l]
# name 23 = nbin: number of scans per bin
# name 24 = flag: flag
# span 0 =      1.000,    206.000       
# span 1 =      0.991,    203.840       
# span 2 =    -1.1965,    -0.2155       
# span 3 =  27.223974,  28.392724       
# span 4 =    -1.1948,    -0.2156       
# span 5 =  27.221588,  28.391500       
# span 6 =     5.9955,     9.0651       
# span 7 =     6.0680,     8.4036       
# span 8 =     0.0809,     1.7482       
# span 9 =    88.4744,    95.7091       
# span 10 = 1.0000e-12, 7.6171e+02      
# span 11 =  -68.03090,  -68.03058      
# span 12 =  -69.28598,  -69.28570      
# span 13 = 338.705300, 338.709903      
# span 14 =       9.40,     102.00      
# span 15 = 1.0154e+03, 1.1309e+03      
# span 16 =    745.889,   1143.637      
# span 17 =      17902,      27448      
# span 18 =  1027.1902,  1028.5029      
# span 19 =  1027.1888,  1028.5010      
# span 20 =    33.8144,    34.2655      
# span 21 =    33.8125,    34.2639      
# span 22 =    8.09699,    8.33250      
# span 23 =         17,         47      
# span 24 = 0.0000e+00, 0.0000e+00      
# interval = decibars: 1                
# start_time = Dec 04 2021 16:43:12 [NMEA time, header]
# bad_flag = -9.990e-29
*END*
[from data line 58]
    148.000    146.466    -0.8885  27.646454    -0.8922  27.640715     7.5776     7.6008     0.3954    95.1534 1.0000e-12  -68.03088  -69.28573 338.706272      99.97 1.1066e+03    829.909      19919  1028.0897  1028.0871    34.0511    34.0476    8.25456         35 0.0000e+00
    147.000    145.478    -0.9024  27.627863    -0.9030  27.626107     7.6593     7.6374     0.3743    95.0723 1.0000e-12  -68.03087  -69.28574 338.706285      99.97 1.1085e+03    830.998      19945  1028.0787  1028.0772    34.0422    34.0405    8.25814         21 0.0000e+00
    146.000    144.488    -0.9067  27.621760    -0.9063  27.621490     7.7007     7.6600     0.3808    95.0150 1.0000e-12  -68.03086  -69.28575 338.706294      99.97 1.1094e+03    831.774      19964  1028.0717  1028.0711    34.0394    34.0387    8.25925         17 0.0000e+00
    145.000    143.499    -0.9100  27.616066    -0.9101  27.614949     7.7088     7.6711     0.3693    95.0442 1.0000e-12  -68.03086  -69.28576 338.706302      99.97 1.1106e+03    832.472      19980  1028.0644  1028.0632    34.0360    34.0346    8.26017         18 0.0000e+00
    144.000    142.509    -0.9106  27.613318    -0.9108  27.612048     7.6915     7.6722     0.3886    94.9816 1.0000e-12  -68.03086  -69.28576 338.706310      99.98 1.1119e+03    833.211      19998  1028.0576  1028.0563    34.0336    34.0320    8.26045         18 0.0000e+00
    143.000    141.519    -0.9091  27.613850    -0.9086  27.614051     7.6561     7.6752     0.4461    94.9163 1.0000e-12  -68.03086  -69.28576 338.706321      99.97 1.1127e+03    834.174      20021  1028.0523  1028.0520    34.0333    34.0329    8.26014         30 0.0000e+00
    142.000    140.531    -0.9082  27.615646    -0.9088  27.613819     7.6390     7.6755     0.4417    94.9188 1.0000e-12  -68.03086  -69.28575 338.706345      99.97 1.1165e+03    836.174      20069  1028.0490  1028.0475    34.0353    34.0334    8.25982         47 0.0000e+00
    141.000    139.542    -0.9078  27.616058    -0.9087  27.613504     7.6961     7.7275     0.4509    94.9168 1.0000e-12  -68.03086  -69.28574 338.706367      99.97 1.1184e+03    838.114      20116  1028.0445  1028.0426    34.0359    34.0335    8.25968         30 0.0000e+00
    140.000    138.552    -0.9134  27.605732    -0.9133  27.604557     7.7180     7.7469     0.4301    94.9080 1.0000e-12  -68.03086  -69.28574 338.706379      99.97 1.1198e+03    839.141      20140  1028.0344  1028.0330    34.0289    34.0272    8.26133         21 0.0000e+00
    139.000    137.562    -0.9175  27.598927    -0.9172  27.598272     7.7411     7.7516     0.4077    94.9155 1.0000e-12  -68.03086  -69.28574 338.706389      99.97 1.1212e+03    840.001      20161  1028.0266  1028.0256    34.0249    34.0237    8.26247         21 0.0000e+00
    138.000    136.574    -0.9202  27.595176    -0.9199  27.594585     7.7490     7.7535     0.4163    94.9465 1.0000e-12  -68.03086  -69.28574 338.706399      99.97 1.1212e+03    840.888      20182  1028.0208  1028.0199    34.0235    34.0224    8.26315         23 0.0000e+00
    137.000    135.585    -0.9222  27.592539    -0.9186  27.596034     7.7430     7.7500     0.5154    94.9143 1.0000e-12  -68.03086  -69.28575 338.706412      99.97 1.1223e+03    841.992      20209  1028.0154  1028.0158    34.0227    34.0235    8.26362         29 0.0000e+00
    136.000    134.595    -0.9196  27.595383    -0.9168  27.598178     7.7282     7.7551     0.5038    94.9803 1.0000e-12  -68.03086  -69.28576 338.706430      99.97 1.1238e+03    843.529      20246  1028.0117  1028.0120    34.0243    34.0249    8.26296         39 0.0000e+00
    135.000    133.606    -0.9214  27.592319    -0.9195  27.593681     7.7324     7.7694     0.5743    95.0008 1.0000e-12  -68.03086  -69.28576 338.706448      99.97 1.1247e+03    845.133      20284  1028.0057  1028.0054    34.0228    34.0225    8.26345         33 0.0000e+00
    134.000    132.617    -0.9263  27.585034    -0.9233  27.588033     7.7630     7.7855     0.5023    95.0374 1.0000e-12  -68.03086  -69.28576 338.706462      99.97 1.1250e+03    846.299      20312  1027.9982  1027.9986    34.0191    34.0198    8.26474         25 0.0000e+00
    133.000    131.626    -0.9398  27.568727    -0.9476  27.557402     7.7798     7.8000     0.4220    94.9914 1.0000e-12  -68.03086  -69.28576 338.706472      99.98 1.1265e+03    847.224      20334  1027.9891  1027.9845    34.0127    34.0062    8.26807         20 0.0000e+00
    132.000    130.638    -0.9492  27.553133    -0.9503  27.551707     7.7943     7.8108     0.3653    94.9653 1.0000e-12  -68.03086  -69.28578 338.706482      99.97 1.1265e+03    848.066      20355  1027.9770  1027.9764    34.0028    34.0020    8.27074         20 0.0000e+00
    131.000    129.646    -0.9483  27.551526    -0.9484  27.549946     7.7948     7.8177     0.3808    94.9476 1.0000e-12  -68.03086  -69.28578 338.706492      99.97 1.1265e+03    848.931      20375  1027.9698  1027.9682    34.0002    33.9981    8.27068         22 0.0000e+00
    130.000    128.660    -0.9483  27.550117    -0.9484  27.548580     7.7847     7.8183     0.4196    94.9324 1.0000e-12  -68.03086  -69.28577 338.706504      99.97 1.1265e+03    849.904      20399  1027.9639  1027.9624    33.9989    33.9970    8.27077         25 0.0000e+00
    129.000    127.669    -0.9466  27.551928    -0.9473  27.549411     7.7657     7.8171     0.4653    94.8828 1.0000e-12  -68.03086  -69.28576 338.706517      99.97 1.1265e+03    851.114      20428  1027.9598  1027.9578    34.0000    33.9975    8.27031         32 0.0000e+00
    128.000    126.680    -0.9451  27.554592    -0.9453  27.551844     7.7741     7.8165     0.4295    94.9409 1.0000e-12  -68.03086  -69.28576 338.706537      99.97 1.1265e+03    852.831      20469  1027.9569  1027.9541    34.0026    33.9992    8.26983         40 0.0000e+00
    127.000    125.691    -0.9461  27.552722    -0.9453  27.551643     7.7676     7.8304     0.4519    94.8784 1.0000e-12  -68.03086  -69.28576 338.706561      99.97 1.1265e+03    854.913      20519  1027.9514  1027.9495    34.0018    33.9994    8.27010         36 0.0000e+00
    126.000    124.702    -0.9451  27.552420    -0.9435  27.552064     7.7840     7.8395     0.4584    94.9530 1.0000e-12  -68.03086  -69.28576 338.706578      99.97 1.1268e+03    856.303      20552  1027.9458  1027.9439    34.0009    33.9987    8.26995         28 0.0000e+00
    125.000    123.710    -0.9417  27.553450    -0.9416  27.552033     7.8009     7.8446     0.4005    94.9474 1.0000e-12  -68.03086  -69.28578 338.706590      99.97 1.1281e+03    857.348      20577  1027.9393  1027.9376    33.9991    33.9970    8.26930         23 0.0000e+00
    124.000    122.725    -0.9356  27.556406    -0.9364  27.554608     7.7788     7.8417     0.4055    94.9135 1.0000e-12  -68.03086  -69.28578 338.706600      99.97 1.1272e+03    858.238      20599  1027.9322  1027.9310    33.9968    33.9953    8.26808         20 0.0000e+00
    123.000    121.733    -0.9381  27.552996    -0.9386  27.551408     7.7687     7.8367     0.3852    94.8604 1.0000e-12  -68.03086  -69.28578 338.706609      99.97 1.1265e+03    859.043      20618  1027.9267  1027.9255    33.9957    33.9941    8.26871         19 0.0000e+00
    122.000    120.744    -0.9403  27.550249    -0.9404  27.548880     7.7658     7.8292     0.4047    94.8240 1.0000e-12  -68.03085  -69.28578 338.706618      99.97 1.1252e+03    859.816      20637  1027.9215  1027.9201    33.9950    33.9933    8.26922         18 0.0000e+00
    121.000    119.752    -0.9423  27.547713    -0.9428  27.546070     7.7883     7.8198     0.4175    94.8321 1.0000e-12  -68.03084  -69.28578 338.706628      99.97 1.1224e+03    860.622      20656  1027.9164  1027.9151    33.9944    33.9927    8.26970         21 0.0000e+00
    120.000    118.765    -0.9430  27.546648    -0.9470  27.541268     7.7710     7.8184     0.4431    94.8355 1.0000e-12  -68.03084  -69.28578 338.706638      99.97 1.1183e+03    861.562      20678  1027.9116  1027.9096    33.9944    33.9915    8.26986         26 0.0000e+00
    119.000    117.776    -0.9426  27.546723    -0.9445  27.543567     7.7474     7.8229     0.4670    94.7958 1.0000e-12  -68.03085  -69.28578 338.706655      99.97 1.1090e+03    863.005      20713  1027.9070  1027.9054    33.9947    33.9925    8.26976         42 0.0000e+00
    118.000    116.786    -0.9446  27.544232    -0.9427  27.544907     7.7872     7.8234     0.4586    94.8405 1.0000e-12  -68.03086  -69.28578 338.706680      99.97 1.0946e+03    865.152      20765  1027.9019  1027.9007    33.9941    33.9929    8.27022         39 0.0000e+00
    117.000    115.796    -0.9441  27.543994    -0.9437  27.543072     7.7685     7.8128     0.4808    94.8303 1.0000e-12  -68.03086  -69.28576 338.706700      99.97 1.0905e+03    866.901      20807  1027.8969  1027.8955    33.9939    33.9922    8.27013         36 0.0000e+00
    116.000    114.807    -0.9488  27.538443    -0.9501  27.535749     7.7054     7.7877     0.4510    94.7783 1.0000e-12  -68.03086  -69.28576 338.706715      99.97 1.0921e+03    868.170      20837  1027.8910  1027.8894    33.9922    33.9901    8.27125         26 0.0000e+00
    115.000    113.819    -0.9576  27.528178    -0.9565  27.527987     7.6502     7.7524     0.3655    94.8142 1.0000e-12  -68.03084  -69.28578 338.706726      99.97 1.0916e+03    869.137      20860  1027.8841  1027.8828    33.9889    33.9873    8.27340         21 0.0000e+00
    114.000    112.828    -0.9613  27.523194    -0.9612  27.522347     7.6129     7.7310     0.3925    94.8160 2.4945e-04  -68.03084  -69.28578 338.706736      99.97 1.0901e+03    869.975      20880  1027.8779  1027.8769    33.9869    33.9856    8.27433         20 0.0000e+00
    113.000    111.838    -0.9731  27.511966    -0.9790  27.505643     7.5939     7.7199     0.4071    94.8033 2.2627e-03  -68.03084  -69.28578 338.706745      99.97 1.0874e+03    870.801      20900  1027.8728  1027.8716    33.9855    33.9836    8.27700         20 0.0000e+00
    112.000    110.849    -0.9854  27.500638    -0.9879  27.497247     7.6090     7.7280     0.4326    94.8153 5.0967e-03  -68.03084  -69.28578 338.706756      99.97 1.0839e+03    871.702      20922  1027.8680  1027.8667    33.9846    33.9828    8.27977         23 0.0000e+00
    111.000    109.859    -0.9907  27.495228    -0.9887  27.496745     7.6764     7.7363     0.4913    94.8463 7.9618e-03  -68.03084  -69.28579 338.706768      99.97 1.0787e+03    872.784      20948  1027.8628  1027.8625    33.9839    33.9837    8.28098         29 0.0000e+00
    110.000    108.871    -0.9801  27.504489    -0.9722  27.510882     7.6784     7.7400     0.5335    94.8076 1.0567e-02  -68.03084  -69.28580 338.706784      99.97 1.0757e+03    874.118      20980  1027.8581  1027.8574    33.9851    33.9849    8.27857         35 0.0000e+00
    109.000    107.882    -0.9786  27.504922    -0.9748  27.507502     7.6780     7.7566     0.5098    94.7297 1.4346e-02  -68.03084  -69.28579 338.706801      99.97 1.0783e+03    875.605      21016  1027.8528  1027.8519    33.9846    33.9838    8.27827         33 0.0000e+00
    108.000    106.891    -0.9832  27.499556    -0.9793  27.502744     7.7148     7.7841     0.4986    94.7545 1.8482e-02  -68.03084  -69.28578 338.706817      99.97 1.0792e+03    877.016      21049  1027.8470  1027.8468    33.9831    33.9831    8.27936         32 0.0000e+00
    107.000    105.902    -0.9810  27.501179    -0.9764  27.502664     7.7377     7.7939     0.4554    94.8012 2.3141e-02  -68.03084  -69.28578 338.706831      99.97 1.0769e+03    878.218      21078  1027.8423  1027.8395    33.9835    33.9804    8.27886         27 0.0000e+00
    106.000    104.913    -0.9755  27.503018    -0.9732  27.502409     7.7202     7.7848     0.4047    94.7382 2.8863e-02  -68.03084  -69.28578 338.706844      99.97 1.0729e+03    879.327      21105  1027.8346  1027.8317    33.9803    33.9770    8.27783         27 0.0000e+00
    105.000    103.922    -0.9785  27.498140    -0.9816  27.494030     7.7047     7.7533     0.4157    94.6244 3.4662e-02  -68.03084  -69.28578 338.706857      99.97 1.0718e+03    880.484      21133  1027.8278  1027.8265    33.9777    33.9757    8.27864         28 0.0000e+00
    104.000    102.934    -0.9898  27.487195    -0.9967  27.479660     7.6741     7.7299     0.5224    94.6451 4.0449e-02  -68.03084  -69.28578 338.706872      99.97 1.0731e+03    881.749      21163  1027.8225  1027.8210    33.9762    33.9738    8.28122         33 0.0000e+00
    103.000    101.944    -1.0022  27.475161    -1.0064  27.470265     7.6505     7.7136     0.5095    94.6317 4.5723e-02  -68.03084  -69.28578 338.706888      99.97 1.0728e+03    883.145      21196  1027.8171  1027.8158    33.9745    33.9726    8.28406         35 0.0000e+00
    102.000    100.955    -1.0237  27.454484    -1.0332  27.444810     7.6105     7.6898     0.5710    94.7506 5.0210e-02  -68.03084  -69.28580 338.706905      99.98 1.0699e+03    884.566      21231  1027.8110  1027.8096    33.9713    33.9688    8.28901         31 0.0000e+00
    101.000     99.965    -1.0186  27.456923    -1.0214  27.452416     7.5533     7.6754     0.4978    94.7317 5.4415e-02  -68.03084  -69.28580 338.706918      99.97 1.0693e+03    885.698      21258  1027.8041  1027.8018    33.9694    33.9664    8.28798         24 0.0000e+00
    100.000     98.976    -1.0192  27.451313    -1.0204  27.449327     7.5317     7.6421     0.4149    94.6387 5.9684e-02  -68.03084  -69.28580 338.706928      99.97 1.0701e+03    886.579      21279  1027.7941  1027.7931    33.9630    33.9617    8.28849         19 0.0000e+00
     99.000     97.986    -1.0511  27.420719    -1.0585  27.413105     7.4848     7.6162     0.3719    94.6153 6.5640e-02  -68.03084  -69.28580 338.706937      99.97 1.0701e+03    887.356      21298  1027.7874  1027.7862    33.9580    33.9560    8.29584         18 0.0000e+00
     98.000     96.997    -1.0809  27.394178    -1.0873  27.387003     7.4989     7.6227     0.3480    94.6421 7.2328e-02  -68.03084  -69.28580 338.706946      99.97 1.0701e+03    888.144      21316  1027.7828  1027.7811    33.9560    33.9536    8.30253         20 0.0000e+00
     97.000     96.006    -1.0909  27.384429    -1.0863  27.387759     7.5269     7.6262     0.3688    94.7511 8.0254e-02  -68.03084  -69.28580 338.706957      99.97 1.0701e+03    889.123      21340  1027.7772  1027.7764    33.9547    33.9541    8.30483         29 0.0000e+00
     96.000     95.018    -1.0784  27.395996    -1.0711  27.401432     7.5371     7.6168     0.3685    94.7052 8.9329e-02  -68.03084  -69.28579 338.706980      99.97 1.0673e+03    891.084      21387  1027.7730  1027.7718    33.9570    33.9561    8.30194         37 0.0000e+00
     95.000     94.028    -1.0747  27.399008    -1.0733  27.398223     7.7587     7.7306     0.3867    94.6508 9.8964e-02  -68.03084  -69.28580 338.707004      99.97 1.0609e+03    893.157      21437  1027.7681  1027.7658    33.9576    33.9549    8.30109         31 0.0000e+00
     94.000     93.038    -1.0659  27.405439    -1.0636  27.405665     7.9713     7.8502     0.3497    94.6663 1.1031e-01  -68.03084  -69.28580 338.707017      99.97 1.0549e+03    894.285      21464  1027.7621  1027.7601    33.9570    33.9547    8.29917         25 0.0000e+00
     93.000     92.049    -0.9180  27.534145    -0.9260  27.525593     8.0602     7.9456     0.3293    94.3906 1.2285e-01  -68.03082  -69.28580 338.707028      99.97 1.0501e+03    895.250      21487  1027.7545  1027.7528    33.9659    33.9633    8.26607         21 0.0000e+00
     92.000     91.060    -0.7848  27.641518    -0.8015  27.625720     8.0376     7.9722     0.4237    94.0254 1.3568e-01  -68.03082  -69.28580 338.707039      99.97 1.0463e+03    896.154      21509  1027.7379  1027.7370    33.9620    33.9594    8.23705         22 0.0000e+00
