NBP2113_155081_ctd/data/unbp2113_020.cnv
* Sea-Bird SBE 9 Data File:
* FileName = D:\Data\raw\NBP2113_020.hex
* Software Version Seasave V 7.26.7.121
* Temperature SN = 2438
* Conductivity SN = 2067
* Number of Bytes Per Scan = 40
* Number of Voltage Words = 5
* Number of Scans Averaged by the Deck Unit = 1
* NMEA Latitude = 66 30.70 S
* NMEA Longitude = 069 51.30 W
* NMEA UTC (Time) = Nov 29 2021  16:09:08
* NMEA baud rate = 9600
** Ship: RVIB N.B. Palmer
** Cruise: NBP2113 LTER
** Station: 300.100
** Operator: S. Blackman
# nquan = 25
# nvalues = 475                         
# units = specified
# name 0 = prDM: Pressure, Digiquartz [db]
# name 1 = depSM: Depth [salt water, m]
# name 2 = t090C: Temperature [ITS-90, deg C]
# name 3 = c0mS/cm: Conductivity [mS/cm]
# name 4 = t190C: Temperature, 2 [ITS-90, deg C]
# name 5 = c1mS/cm: Conductivity, 2 [mS/cm]
# name 6 = sbeox0ML/L: Oxygen, SBE 43 [ml/l]
# name 7 = sbeox1ML/L: Oxygen, SBE 43, 2 [ml/l]
# name 8 = flECO-AFL: Fluorescence, WET Labs ECO-AFL/FL [mg/m^3]
# name 9 = CStarTr0: Beam Transmission, WET Labs C-Star [%]
# name 10 = par: PAR/Irradiance, Biospherical/Licor
# name 11 = latitude: Latitude [deg]
# name 12 = longitude: Longitude [deg]
# name 13 = timeJ: Julian Days
# name 14 = altM: Altimeter [m]
# name 15 = spar: SPAR, Biospherical/Licor
# name 16 = timeS: Time, Elapsed [seconds]
# name 17 = scan: Scan Count
# name 18 = density00: Density [density, kg/m^3]
# name 19 = density11: Density, 2 [density, kg/m^3]
# name 20 = sal00: Salinity, Practical [PSU]
# name 21 = sal11: Salinity, Practical, 2 [PSU]
# name 22 = oxsolML/L: Oxygen Saturation, Garcia & Gordon [ml/l]
# name 23 = nbin: number of scans per bin
# name 24 = flag: flag
# span 0 =      1.000,    475.000       
# span 1 =      0.990,    469.755       
# span 2 =    -1.0204,     1.4797       
# span 3 =  27.513037,  30.241230       
# span 4 =    -1.0223,     1.4792       
# span 5 =  27.510863,  30.240237       
# span 6 =     3.9224,     8.4328       
# span 7 =     3.9930,     8.2061       
# span 8 =    -0.0223,     1.6151       
# span 9 =    91.9205,    97.4978       
# span 10 = 1.0000e-12, 9.9330e+02      
# span 11 =  -66.51126,  -66.51094      
# span 12 =  -69.86315,  -69.86094      
# span 13 = 333.686081, 333.693074      
# span 14 =       1.10,     100.15      
# span 15 = 1.0360e+03, 1.1092e+03      
# span 16 =   1129.408,   1733.613      
# span 17 =      27107,      41608      
# span 18 =  1027.3458,  1030.0403      
# span 19 =  1027.3447,  1030.0397      
# span 20 =    34.0137,    34.7262      
# span 21 =    34.0123,    34.7253      
# span 22 =    7.72717,    8.28244      
# span 23 =         11,         45      
# span 24 = 0.0000e+00, 0.0000e+00      
# interval = decibars: 1                
# start_time = Nov 29 2021 16:09:08 [NMEA time, header]
# bad_flag = -9.990e-29
*END*
[from data line 348]
    127.000    125.704     0.8105  29.409089     0.8482  29.447647     4.2879     4.3074     0.0184    97.2690 1.8805e-01  -66.51100  -69.86240 333.691055      99.98 1.0714e+03   1559.179      37421  1028.2589  1028.2619    34.4980    34.5060    7.87138         28 0.0000e+00
    126.000    124.713     0.8031  29.401091     0.8351  29.431840     4.3149     4.3342     0.0163    97.2753 1.9861e-01  -66.51100  -69.86240 333.691069      99.97 1.0732e+03   1560.363      37450  1028.2531  1028.2538    34.4964    34.5007    7.87297         28 0.0000e+00
    125.000    123.724     0.7654  29.361565     0.7928  29.388698     4.3282     4.3542     0.0136    97.2848 2.0713e-01  -66.51100  -69.86240 333.691082      99.98 1.0736e+03   1561.479      37476  1028.2444  1028.2460    34.4877    34.4923    7.88108         25 0.0000e+00
    124.000    122.735     0.7399  29.335065     0.7543  29.348866     4.3466     4.3604     0.0127    97.2832 2.1557e-01  -66.51102  -69.86240 333.691094      99.98 1.0719e+03   1562.493      37501  1028.2371  1028.2377    34.4822    34.4841    7.88654         24 0.0000e+00
    123.000    121.745     0.7165  29.311331     0.7312  29.325475     4.3796     4.3799     0.0094    97.2413 2.2444e-01  -66.51102  -69.86242 333.691105      99.98 1.0703e+03   1563.482      37525  1028.2307  1028.2313    34.4780    34.4800    7.89153         24 0.0000e+00
    122.000    120.757     0.6828  29.277430     0.7076  29.300929     4.4392     4.4300     0.0161    97.2766 2.3323e-01  -66.51102  -69.86242 333.691117      99.98 1.0671e+03   1564.506      37549  1028.2238  1028.2242    34.4721    34.4750    7.89872         25 0.0000e+00
    121.000    119.767     0.6327  29.225129     0.6658  29.258777     4.4671     4.4421     0.0210    97.1632 2.4268e-01  -66.51102  -69.86242 333.691129      99.98 1.0627e+03   1565.529      37574  1028.2136  1028.2166    34.4603    34.4673    7.90956         24 0.0000e+00
    120.000    118.775     0.5984  29.190408     0.6213  29.213397     4.4861     4.4695     0.0141    97.2283 2.5261e-01  -66.51102  -69.86242 333.691141      99.98 1.0604e+03   1566.587      37599  1028.2061  1028.2081    34.4539    34.4584    7.91692         28 0.0000e+00
    119.000    117.787     0.5647  29.155396     0.5994  29.190291     4.5536     4.5378     0.0200    97.2543 2.6456e-01  -66.51101  -69.86242 333.691158      99.98 1.0639e+03   1568.044      37634  1028.1974  1028.2002    34.4464    34.4532    7.92423         38 0.0000e+00
    118.000    116.797     0.5173  29.107494     0.5185  29.108230     4.5687     4.5876     0.0259    97.2161 2.7970e-01  -66.51100  -69.86242 333.691185      99.98 1.0711e+03   1570.419      37691  1028.1879  1028.1880    34.4373    34.4369    7.93445         36 0.0000e+00
    117.000    115.808     0.5149  29.103417     0.5128  29.101459     4.7350     4.6873     0.0145    97.2294 2.9589e-01  -66.51100  -69.86243 333.691202      99.98 1.0745e+03   1571.845      37725  1028.1810  1028.1814    34.4352    34.4351    7.93505         25 0.0000e+00
    116.000    114.819     0.4189  29.006920     0.4575  29.042960     4.8599     4.7633     0.0158    97.2352 3.1235e-01  -66.51100  -69.86244 333.691212      99.98 1.0756e+03   1572.728      37746  1028.1691  1028.1696    34.4166    34.4208    7.95582         20 0.0000e+00
    115.000    113.828     0.3142  28.901493     0.3469  28.933883     4.9152     4.8087     0.0259    97.2122 3.2878e-01  -66.51100  -69.86244 333.691221      99.98 1.0771e+03   1573.506      37765  1028.1563  1028.1588    34.3960    34.4019    7.97861         18 0.0000e+00
    114.000    112.839     0.2255  28.814398     0.2452  28.833265     4.9315     4.8321     0.0376    97.1949 3.4511e-01  -66.51100  -69.86246 333.691230      99.97 1.0771e+03   1574.256      37783  1028.1464  1028.1474    34.3811    34.3840    7.99782         18 0.0000e+00
    113.000    111.851     0.1831  28.771375     0.1994  28.787262     4.9292     4.8508     0.0569    97.1889 3.6187e-01  -66.51100  -69.86246 333.691239      99.98 1.0764e+03   1575.071      37803  1028.1372  1028.1385    34.3725    34.3752    8.00713         21 0.0000e+00
    112.000    110.860     0.1617  28.750069     0.1831  28.770124     4.9141     4.8709     0.0490    97.1858 3.7691e-01  -66.51100  -69.86246 333.691250      99.97 1.0754e+03   1576.030      37826  1028.1302  1028.1310    34.3690    34.3715    8.01179         25 0.0000e+00
    111.000    109.870     0.1447  28.733126     0.1469  28.734291     4.9151     4.8880     0.0704    97.1804 3.8952e-01  -66.51100  -69.86246 333.691265      99.98 1.0754e+03   1577.285      37856  1028.1232  1028.1227    34.3662    34.3653    8.01548         36 0.0000e+00
    110.000    108.881     0.1163  28.704707     0.1151  28.703390     4.9088     4.9090     0.0754    97.1791 4.0060e-01  -66.51100  -69.86246 333.691287      99.97 1.0745e+03   1579.210      37902  1028.1148  1028.1148    34.3612    34.3607    8.02171         40 0.0000e+00
    109.000    107.892     0.1001  28.688659     0.1061  28.693538     4.9400     4.9472     0.0691    97.1589 4.1640e-01  -66.51100  -69.86246 333.691308      99.98 1.0736e+03   1580.989      37945  1028.1078  1028.1074    34.3587    34.3585    8.02523         31 0.0000e+00
    108.000    106.903     0.0727  28.660995     0.0932  28.680549     4.9765     4.9729     0.0666    97.1619 4.3672e-01  -66.51100  -69.86248 333.691319      99.98 1.0736e+03   1582.005      37969  1028.1003  1028.1012    34.3535    34.3563    8.03126         21 0.0000e+00
    107.000    105.912     0.0514  28.640377     0.0541  28.642340     4.9846     4.9919     0.0729    97.1180 4.6069e-01  -66.51100  -69.86248 333.691330      99.98 1.0736e+03   1582.868      37990  1028.0944  1028.0941    34.3507    34.3502    8.03588         21 0.0000e+00
    106.000    104.922     0.0314  28.620168     0.0265  28.614938     4.9983     4.9976     0.0729    97.1393 4.8625e-01  -66.51100  -69.86248 333.691340      99.97 1.0736e+03   1583.734      38011  1028.0876  1028.0872    34.3470    34.3455    8.04028         21 0.0000e+00
    105.000    103.933     0.0162  28.605469     0.0175  28.606041     5.0114     5.0147     0.0799    97.1246 5.1350e-01  -66.51100  -69.86248 333.691351      99.98 1.0749e+03   1584.710      38034  1028.0820  1028.0815    34.3451    34.3444    8.04357         25 0.0000e+00
    104.000    102.943     0.0059  28.594422     0.0101  28.597695     5.0673     5.0802     0.0936    97.1244 5.4054e-01  -66.51100  -69.86249 333.691365      99.98 1.0754e+03   1585.899      38063  1028.0752  1028.0749    34.3426    34.3423    8.04587         30 0.0000e+00
    103.000    101.953    -0.0403  28.548134    -0.0521  28.535722     5.1915     5.1720     0.1207    97.1355 5.6667e-01  -66.51100  -69.86250 333.691383      99.98 1.0747e+03   1587.507      38101  1028.0660  1028.0646    34.3337    34.3305    8.05609         38 0.0000e+00
    102.000    100.965    -0.1042  28.485075    -0.0984  28.489858     5.3824     5.2929     0.1337    97.1204 5.9182e-01  -66.51100  -69.86252 333.691403      99.98 1.0736e+03   1589.179      38141  1028.0561  1028.0556    34.3223    34.3222    8.07020         33 0.0000e+00
    101.000     99.975    -0.1831  28.404185    -0.1558  28.430968     5.5296     5.4220     0.0878    97.0908 6.1704e-01  -66.51100  -69.86252 333.691416      99.98 1.0736e+03   1590.317      38169  1028.0421  1028.0440    34.3040    34.3090    8.08793         23 0.0000e+00
    100.000     98.985    -0.2375  28.350718    -0.2232  28.363959     5.6238     5.5709     0.1284    97.0222 6.4319e-01  -66.51100  -69.86252 333.691427      99.97 1.0736e+03   1591.260      38191  1028.0331  1028.0334    34.2946    34.2961    8.10003         22 0.0000e+00
     99.000     97.995    -0.2753  28.311768    -0.2987  28.287978     5.7984     5.6886     0.1393    96.9681 6.7010e-01  -66.51100  -69.86252 333.691437      99.98 1.0733e+03   1592.192      38214  1028.0232  1028.0209    34.2856    34.2802    8.10855         23 0.0000e+00
     98.000     97.007    -0.3504  28.238667    -0.3902  28.195839     5.9418     5.7752     0.1507    96.9406 6.9760e-01  -66.51100  -69.86252 333.691449      99.97 1.0718e+03   1593.164      38237  1028.0132  1028.0061    34.2732    34.2606    8.12529         24 0.0000e+00
     97.000     96.016    -0.4145  28.169900    -0.4533  28.131424     6.0171     5.8339     0.1612    96.8944 7.2622e-01  -66.51100  -69.86252 333.691461      99.98 1.0718e+03   1594.214      38262  1027.9966  1027.9931    34.2539    34.2460    8.14012         26 0.0000e+00
     96.000     95.026    -0.4711  28.114744    -0.4681  28.116748     5.9843     5.8639     0.1814    96.8248 7.5778e-01  -66.51100  -69.86252 333.691474      99.97 1.0718e+03   1595.385      38290  1027.9868  1027.9859    34.2443    34.2436    8.15278         30 0.0000e+00
     95.000     94.037    -0.4821  28.103158    -0.4916  28.093752     5.9612     5.8834     0.2381    96.8101 7.9612e-01  -66.51100  -69.86252 333.691490      99.97 1.0718e+03   1596.743      38323  1027.9792  1027.9783    34.2418    34.2399    8.15529         35 0.0000e+00
     94.000     93.047    -0.4822  28.102175    -0.4934  28.091386     5.9380     5.9256     0.2488    96.8291 8.4869e-01  -66.51100  -69.86254 333.691508      99.97 1.0730e+03   1598.310      38360  1027.9725  1027.9716    34.2412    34.2393    8.15536         34 0.0000e+00
     93.000     92.058    -0.5002  28.084990    -0.5054  28.079163     6.0563     6.0397     0.2237    96.7671 9.0832e-01  -66.51100  -69.86255 333.691524      99.97 1.0736e+03   1599.707      38394  1027.9661  1027.9647    34.2390    34.2371    8.15935         29 0.0000e+00
     92.000     91.068    -0.5246  28.059076    -0.5520  28.031064     6.1426     6.1205     0.2122    96.7313 9.6439e-01  -66.51099  -69.86256 333.691537      99.98 1.0736e+03   1600.785      38420  1027.9570  1027.9533    34.2323    34.2256    8.16498         24 0.0000e+00
     91.000     90.078    -0.5838  27.999401    -0.6042  27.978275     6.2152     6.1694     0.2248    96.7084 1.0171e+00  -66.51098  -69.86257 333.691548      99.97 1.0726e+03   1601.764      38443  1027.9454  1027.9424    34.2195    34.2141    8.17849         24 0.0000e+00
     90.000     89.089    -0.6046  27.979032    -0.6279  27.954339     6.1779     6.2026     0.2586    96.6517 1.0627e+00  -66.51098  -69.86258 333.691561      99.97 1.0714e+03   1602.838      38469  1027.9386  1027.9343    34.2161    34.2092    8.18317         28 0.0000e+00
     89.000     88.097    -0.6093  27.971585    -0.6378  27.944180     6.1317     6.2407     0.2633    96.4832 1.0944e+00  -66.51098  -69.86256 333.691576      99.97 1.0701e+03   1604.171      38501  1027.9299  1027.9276    34.2121    34.2073    8.18444         33 0.0000e+00
     88.000     87.111    -0.5775  28.005135    -0.6477  27.932964     6.2913     6.3104     0.2911    96.5661 1.1196e+00  -66.51098  -69.86256 333.691594      99.97 1.0701e+03   1605.700      38538  1027.9298  1027.9198    34.2220    34.2040    8.17700         35 0.0000e+00
     87.000     86.120    -0.6574  27.923284    -0.6724  27.907728     6.4463     6.4195     0.3227    96.6132 1.1587e+00  -66.51099  -69.86256 333.691609      99.97 1.0701e+03   1606.993      38569  1027.9144  1027.9116    34.2025    34.1984    8.19540         27 0.0000e+00
     86.000     85.132    -0.6814  27.898166    -0.7027  27.875962     6.6455     6.5800     0.3219    96.6251 1.2149e+00  -66.51099  -69.86257 333.691620      99.97 1.0700e+03   1607.950      38592  1027.9058  1027.9018    34.1964    34.1904    8.20096         20 0.0000e+00
     85.000     84.139    -0.7095  27.869030    -0.7432  27.833550     6.6793     6.6398     0.2895    96.5962 1.2841e+00  -66.51098  -69.86258 333.691629      99.97 1.0676e+03   1608.760      38611  1027.8969  1027.8906    34.1894    34.1795    8.20746         19 0.0000e+00
     84.000     83.151    -0.7436  27.833293    -0.7721  27.802887     6.6083     6.5494     0.3176    96.5678 1.3652e+00  -66.51098  -69.86258 333.691639      99.98 1.0646e+03   1609.593      38631  1027.8864  1027.8807    34.1802    34.1713    8.21540         22 0.0000e+00
     83.000     82.160    -0.7601  27.814357    -0.7889  27.788251     6.6243     6.5806     0.3951    96.4444 1.4602e+00  -66.51098  -69.86258 333.691651      99.97 1.0593e+03   1610.677      38657  1027.8769  1027.8758    34.1738    34.1711    8.21937         29 0.0000e+00
     82.000     81.172    -0.7383  27.836337    -0.7137  27.859551     6.9326     6.9582     0.3680    96.3189 1.5519e+00  -66.51098  -69.86258 333.691669      99.97 1.0571e+03   1612.203      38694  1027.8744  1027.8748    34.1795    34.1831    8.21431         38 0.0000e+00
     81.000     80.181    -0.8298  27.734532    -0.9232  27.636715     7.4486     7.2509     0.4696    96.4067 1.6409e+00  -66.51098  -69.86260 333.691686      99.97 1.0577e+03   1613.634      38728  1027.8478  1027.8319    34.1458    34.1187    8.23622         31 0.0000e+00
     80.000     79.192    -0.9272  27.629558    -0.9735  27.581134     7.6135     7.3293     0.4743    96.2675 1.7450e+00  -66.51098  -69.86260 333.691699      99.97 1.0577e+03   1614.828      38757  1027.8232  1027.8147    34.1141    34.1007    8.25940         28 0.0000e+00
     79.000     78.203    -0.9899  27.562009    -0.9888  27.563188     7.5903     7.3756     0.5224    96.1735 1.8594e+00  -66.51098  -69.86261 333.691714      99.97 1.0577e+03   1616.091      38787  1027.8051  1027.8045    34.0939    34.0943    8.27437         32 0.0000e+00
     78.000     77.213    -0.9921  27.560758    -1.0061  27.543784     7.5005     7.3920     0.5297    96.1027 1.9637e+00  -66.51098  -69.86262 333.691729      99.97 1.0553e+03   1617.395      38818  1027.8003  1027.7947    34.0953    34.0881    8.27475         29 0.0000e+00
     77.000     76.222    -0.9970  27.554241    -1.0074  27.542431     7.4879     7.4065     0.5624    96.0754 2.0462e+00  -66.51098  -69.86262 333.691742      99.98 1.0497e+03   1618.534      38846  1027.7928  1027.7892    34.0926    34.0883    8.27600         26 0.0000e+00
     76.000     75.233    -0.9952  27.555484    -1.0123  27.536612     7.4666     7.4027     0.6146    96.0562 2.1251e+00  -66.51098  -69.86262 333.691754      99.97 1.0412e+03   1619.568      38871  1027.7872  1027.7827    34.0928    34.0866    8.27558         25 0.0000e+00
     75.000     74.244    -1.0103  27.539148    -1.0139  27.534937     7.4301     7.4022     0.6913    96.0578 2.2003e+00  -66.51098  -69.86261 333.691767      99.97 1.0360e+03   1620.649      38897  1027.7791  1027.7775    34.0883    34.0867    8.27918         27 0.0000e+00
     74.000     73.254    -1.0060  27.544514    -1.0100  27.538614     7.4289     7.4134     0.6786    95.9354 2.2900e+00  -66.51098  -69.86260 333.691781      99.97 1.0429e+03   1621.867      38926  1027.7758  1027.7728    34.0914    34.0880    8.27804         31 0.0000e+00
     73.000     72.264    -1.0052  27.543850    -1.0125  27.535653     7.4187     7.4267     0.6150    96.1055 2.4091e+00  -66.51098  -69.86262 333.691795      99.97 1.0535e+03   1623.124      38956  1027.7695  1027.7672    34.0903    34.0873    8.27795         28 0.0000e+00
     72.000     71.274    -1.0145  27.533737    -1.0168  27.530651     7.4137     7.4454     0.6341    95.9871 2.5659e+00  -66.51098  -69.86264 333.691808      99.97 1.0546e+03   1624.226      38982  1027.7627  1027.7612    34.0876    34.0860    8.28014         25 0.0000e+00
     71.000     70.284    -1.0155  27.531928    -1.0152  27.530941     7.4354     7.4813     0.5566    95.9543 2.7625e+00  -66.51098  -69.86264 333.691820      99.97 1.0540e+03   1625.218      39006  1027.7570  1027.7553    34.0869    34.0853    8.28041         24 0.0000e+00
