NBP2113_155081_ctd/data/unbp2113_053.cnv
* Sea-Bird SBE 9 Data File:
* FileName = D:\Data\raw\NBP2113_053.hex
* Software Version Seasave V 7.26.7.121
* Temperature SN = 2438
* Conductivity SN = 2067
* Number of Bytes Per Scan = 40
* Number of Voltage Words = 5
* Number of Scans Averaged by the Deck Unit = 1
* NMEA Latitude = 64 53.78 S
* NMEA Longitude = 064 39.15 W
* NMEA UTC (Time) = Dec 11 2021  18:56:20
* NMEA baud rate = 9600
** Ship: RVIB N.B. Palmer
** Cruise: NBP2113 LTER
** Station: 595.052
** Operator: S. Blackman
# nquan = 25
# nvalues = 485                         
# units = specified
# name 0 = prDM: Pressure, Digiquartz [db]
# name 1 = depSM: Depth [salt water, m]
# name 2 = t090C: Temperature [ITS-90, deg C]
# name 3 = c0mS/cm: Conductivity [mS/cm]
# name 4 = t190C: Temperature, 2 [ITS-90, deg C]
# name 5 = c1mS/cm: Conductivity, 2 [mS/cm]
# name 6 = sbeox0ML/L: Oxygen, SBE 43 [ml/l]
# name 7 = sbeox1ML/L: Oxygen, SBE 43, 2 [ml/l]
# name 8 = flECO-AFL: Fluorescence, WET Labs ECO-AFL/FL [mg/m^3]
# name 9 = CStarTr0: Beam Transmission, WET Labs C-Star [%]
# name 10 = par: PAR/Irradiance, Biospherical/Licor
# name 11 = latitude: Latitude [deg]
# name 12 = longitude: Longitude [deg]
# name 13 = timeJ: Julian Days
# name 14 = altM: Altimeter [m]
# name 15 = spar: SPAR, Biospherical/Licor
# name 16 = timeS: Time, Elapsed [seconds]
# name 17 = scan: Scan Count
# name 18 = density00: Density [density, kg/m^3]
# name 19 = density11: Density, 2 [density, kg/m^3]
# name 20 = sal00: Salinity, Practical [PSU]
# name 21 = sal11: Salinity, Practical, 2 [PSU]
# name 22 = oxsolML/L: Oxygen Saturation, Garcia & Gordon [ml/l]
# name 23 = nbin: number of scans per bin
# name 24 = flag: flag
# span 0 =      1.000,    485.000       
# span 1 =      0.992,    479.687       
# span 2 =    -0.2936,     1.4446       
# span 3 =  27.837677,  30.256758       
# span 4 =    -0.2974,     1.4444       
# span 5 =  27.832811,  30.255431       
# span 6 =     4.1076,     8.0474       
# span 7 =     4.1735,     8.0320       
# span 8 =    -0.0225,     1.7712       
# span 9 =    85.0365,    92.1169       
# span 10 = 1.0000e-12, 1.0695e+03      
# span 11 =  -64.89646,  -64.89640      
# span 12 =  -64.65299,  -64.65254      
# span 13 = 345.802193, 345.811111      
# span 14 =       9.55,     101.53      
# span 15 = 6.3413e+02, 8.8146e+02      
# span 16 =   1129.440,   1899.958      
# span 17 =      27108,      45600      
# span 18 =  1027.1035,  1030.0341      
# span 19 =  1027.1017,  1030.0330      
# span 20 =    33.7326,    34.6767      
# span 21 =    33.7302,    34.6751      
# span 22 =    7.73535,    8.14406      
# span 23 =         12,         45      
# span 24 = 0.0000e+00, 0.0000e+00      
# interval = decibars: 1                
# start_time = Dec 11 2021 18:56:20 [NMEA time, header]
# bad_flag = -9.990e-29
*END*
[from data line 406]
     79.000     78.212     0.0481  28.580889     0.0459  28.577621     6.2261     6.2840     0.0618    91.1594 1.2152e+00  -64.89645  -64.65292 345.809295      99.97 7.4703e+02   1743.065      41835  1027.9091  1027.9078    34.2925    34.2907    8.03983         39 0.0000e+00
     78.000     77.221     0.0424  28.573851     0.0415  28.571772     6.2466     6.2990     0.0634    91.1604 1.2787e+00  -64.89644  -64.65292 345.809316      99.97 7.4806e+02   1744.885      41878  1027.9029  1027.9015    34.2902    34.2885    8.04116         43 0.0000e+00
     77.000     76.232     0.0375  28.567458     0.0247  28.553654     6.3358     6.3544     0.0991    91.1398 1.3092e+00  -64.89644  -64.65293 345.809340      99.97 7.4924e+02   1746.995      41929  1027.8965  1027.8945    34.2878    34.2840    8.04232         41 0.0000e+00
     76.000     75.242     0.0179  28.545382     0.0131  28.539093     6.4468     6.4035     0.0982    91.1368 1.3381e+00  -64.89645  -64.65293 345.809358      99.97 7.4934e+02   1748.494      41965  1027.8879  1027.8858    34.2812    34.2782    8.04682         30 0.0000e+00
     75.000     74.251    -0.0170  28.501630    -0.0167  28.501168     6.3893     6.3990     0.0675    91.1184 1.4041e+00  -64.89646  -64.65293 345.809433      99.97 7.5273e+02   1755.044      42122  1027.8707  1027.8697    34.2629    34.2619    8.05519         34 0.0000e+00
     74.000     73.262    -0.0352  28.474854    -0.0307  28.479928     6.6140     6.5897     0.0730    91.1398 1.5073e+00  -64.89646  -64.65294 345.809694      99.97 7.5994e+02   1777.552      42662  1027.8544  1027.8552    34.2484    34.2500    8.05984         30 0.0000e+00
     73.000     72.272    -0.0461  28.459889    -0.0408  28.466304     6.6170     6.6040     0.0729    91.1280 1.5677e+00  -64.89644  -64.65294 345.809702      99.97 7.5980e+02   1778.272      42680  1027.8446  1027.8463    34.2413    34.2439    8.06253         24 0.0000e+00
     72.000     71.281    -0.0525  28.450027    -0.0526  28.448737     6.5893     6.5987     0.0814    91.0593 1.6482e+00  -64.89644  -64.65294 345.809715      99.97 7.6135e+02   1779.343      42705  1027.8361  1027.8348    34.2361    34.2344    8.06419         28 0.0000e+00
     71.000     70.290    -0.0444  28.459201    -0.0459  28.455911     6.5945     6.6335     0.1015    91.0821 1.7559e+00  -64.89644  -64.65293 345.809736      99.97 7.6204e+02   1781.151      42749  1027.8335  1027.8315    34.2397    34.2370    8.06226         36 0.0000e+00
     70.000     69.303    -0.0478  28.455489    -0.0530  28.446989     6.8433     6.7872     0.0974    91.1022 1.8716e+00  -64.89644  -64.65293 345.809766      99.97 7.6345e+02   1783.816      42813  1027.8285  1027.8245    34.2392    34.2338    8.06301         27 0.0000e+00
     69.000     68.314    -0.0534  28.445130    -0.0558  28.439936     6.9456     6.8528     0.1067    91.1091 1.9666e+00  -64.89644  -64.65294 345.809775      99.97 7.6440e+02   1784.528      42830  1027.8186  1027.8154    34.2323    34.2282    8.06458         17 0.0000e+00
     68.000     67.322    -0.0540  28.424095    -0.0542  28.420894     6.9823     6.8789     0.0792    91.0557 2.0666e+00  -64.89644  -64.65294 345.809782      99.97 7.6510e+02   1785.135      42844  1027.7925  1027.7891    34.2057    34.2016    8.06622         13 0.0000e+00
     67.000     66.332    -0.0514  28.416920    -0.0520  28.416645     6.9578     6.8863     0.0856    91.0174 2.1752e+00  -64.89644  -64.65294 345.809788      99.97 7.6509e+02   1785.710      42858  1027.7779  1027.7781    34.1939    34.1942    8.06634         15 0.0000e+00
     66.000     65.342    -0.0499  28.415045    -0.0502  28.412725     6.9309     6.8861     0.0942    90.9770 2.2910e+00  -64.89644  -64.65294 345.809795      99.97 7.6509e+02   1786.323      42873  1027.7701  1027.7679    34.1903    34.1876    8.06622         15 0.0000e+00
     65.000     64.353    -0.0486  28.413803    -0.0485  28.411177     6.9079     6.8739     0.1107    90.9340 2.4039e+00  -64.89644  -64.65296 345.809804      99.97 7.6634e+02   1787.084      42891  1027.7632  1027.7602    34.1878    34.1842    8.06608         22 0.0000e+00
     64.000     63.363    -0.0495  28.416540    -0.0501  28.414881     6.8812     6.8679     0.1244    90.9469 2.4803e+00  -64.89644  -64.65294 345.809822      99.97 7.6746e+02   1788.593      42927  1027.7626  1027.7614    34.1931    34.1915    8.06598         37 0.0000e+00
     63.000     62.373    -0.0506  28.416452    -0.0513  28.415756     6.9314     6.9059     0.1215    90.9731 2.5419e+00  -64.89644  -64.65294 345.809845      99.97 7.6867e+02   1790.612      42976  1027.7593  1027.7592    34.1948    34.1946    8.06611         32 0.0000e+00
     62.000     61.384    -0.0460  28.413623    -0.0483  28.412327     6.9618     6.9217     0.1306    90.9631 2.6918e+00  -64.89644  -64.65294 345.809857      99.97 7.6935e+02   1791.664      43001  1027.7475  1027.7484    34.1865    34.1874    8.06562         22 0.0000e+00
     61.000     60.393    -0.0371  28.414215    -0.0381  28.412665     6.9225     6.9321     0.1169    90.9575 2.8769e+00  -64.89644  -64.65294 345.809869      99.97 7.7036e+02   1792.663      43025  1027.7351  1027.7344    34.1779    34.1770    8.06422         28 0.0000e+00
     60.000     59.403    -0.0369  28.414657    -0.0407  28.412883     6.9577     6.9784     0.1364    90.8645 3.0807e+00  -64.89644  -64.65294 345.809887      99.97 7.7191e+02   1794.204      43062  1027.7311  1027.7329    34.1789    34.1807    8.06412         44 0.0000e+00
     59.000     58.416    -0.0358  28.414168    -0.0312  28.412761     7.1075     7.0821     0.1377    90.7718 3.2209e+00  -64.89644  -64.65294 345.809906      99.97 7.7406e+02   1795.883      43102  1027.7253  1027.7193    34.1776    34.1706    8.06396         26 0.0000e+00
     58.000     57.423    -0.0252  28.413656    -0.0220  28.412015     7.2459     7.1731     0.1363    90.8834 3.3607e+00  -64.89644  -64.65295 345.809916      99.97 7.7391e+02   1796.773      43124  1027.7102  1027.7052    34.1657    34.1600    8.06241         18 0.0000e+00
     57.000     56.434    -0.0266  28.401552    -0.0246  28.403217     7.3017     7.2008     0.1288    90.8817 3.5274e+00  -64.89644  -64.65296 345.809924      99.97 7.7391e+02   1797.463      43140  1027.6943  1027.6942    34.1517    34.1518    8.06348         17 0.0000e+00
     56.000     55.445    -0.0324  28.387338    -0.0337  28.382350     7.2987     7.2014     0.1206    90.8755 3.7155e+00  -64.89644  -64.65296 345.809932      99.97 7.7391e+02   1798.133      43156  1027.6805  1027.6764    34.1400    34.1348    8.06538         16 0.0000e+00
     55.000     54.452    -0.0350  28.369606    -0.0369  28.360185     7.2554     7.1922     0.1382    90.8507 3.9178e+00  -64.89644  -64.65296 345.809941      99.97 7.7391e+02   1798.866      43174  1027.6598  1027.6516    34.1200    34.1096    8.06705         19 0.0000e+00
     54.000     53.464    -0.0347  28.367722    -0.0329  28.376270     7.1418     7.1663     0.1724    90.8041 4.1231e+00  -64.89644  -64.65295 345.809952      99.97 7.7489e+02   1799.861      43198  1027.6532  1027.6606    34.1178    34.1271    8.06712         32 0.0000e+00
     53.000     52.474    -0.0277  28.395053    -0.0304  28.387432     7.2187     7.2529     0.1790    90.8105 4.3023e+00  -64.89644  -64.65294 345.809983      99.97 7.7566e+02   1802.559      43262  1027.6715  1027.6660    34.1469    34.1398    8.06400         30 0.0000e+00
     52.000     51.484    -0.0297  28.390498    -0.0305  28.386911     7.5380     7.4271     0.1852    90.8310 4.5804e+00  -64.89644  -64.65294 345.810001      99.97 7.7590e+02   1804.082      43299  1027.6642  1027.6611    34.1436    34.1397    8.06460         21 0.0000e+00
     51.000     50.495    -0.0358  28.362169    -0.0385  28.351329     7.5810     7.4715     0.1609    90.8241 4.8882e+00  -64.89644  -64.65295 345.810009      99.97 7.7745e+02   1804.801      43316  1027.6356  1027.6266    34.1135    34.1020    8.06760         17 0.0000e+00
     50.000     49.503    -0.0255  28.334956    -0.0282  28.334280     7.5471     7.4830     0.1840    90.7663 5.2043e+00  -64.89644  -64.65296 345.810017      99.97 7.7743e+02   1805.475      43332  1027.5923  1027.5941    34.0665    34.0686    8.06808         16 0.0000e+00
     49.000     48.514    -0.0214  28.331106    -0.0203  28.328328     7.5266     7.4694     0.2109    90.6556 5.5446e+00  -64.89644  -64.65296 345.810026      99.97 7.7743e+02   1806.258      43351  1027.5798  1027.5757    34.0574    34.0524    8.06774         21 0.0000e+00
     48.000     47.524    -0.0258  28.340523    -0.0245  28.335907     7.4860     7.4317     0.2625    90.5348 5.8159e+00  -64.89644  -64.65296 345.810041      99.97 7.7743e+02   1807.520      43381  1027.5899  1027.5837    34.0754    34.0678    8.06764         34 0.0000e+00
     47.000     46.535    -0.0307  28.341157    -0.0301  28.340280     7.5463     7.4989     0.2410    90.5646 5.8749e+00  -64.89644  -64.65294 345.810069      99.97 7.7743e+02   1809.932      43439  1027.5912  1027.5895    34.0824    34.0804    8.06829         32 0.0000e+00
     46.000     45.543    -0.0274  28.338544    -0.0312  28.343400     7.7817     7.6705     0.2660    90.5999 6.2398e+00  -64.89644  -64.65294 345.810083      99.97 7.7743e+02   1811.191      43470  1027.5808  1027.5897    34.0757    34.0864    8.06795         23 0.0000e+00
     45.000     44.555    -0.0138  28.327860    -0.0158  28.327371     7.8787     7.7544     0.2788    90.6006 6.8091e+00  -64.89644  -64.65294 345.810094      99.97 7.7743e+02   1812.096      43491  1027.5518  1027.5533    34.0470    34.0487    8.06671         21 0.0000e+00
     44.000     43.565     0.0064  28.308595     0.0056  28.307083     7.9072     7.7926     0.3123    90.3446 7.4551e+00  -64.89644  -64.65295 345.810103      99.97 7.7916e+02   1812.925      43511  1027.5073  1027.5064    33.9997    33.9985    8.06514         20 0.0000e+00
     43.000     42.574     0.0081  28.305846     0.0085  28.303479     7.8995     7.8060     0.3794    90.0626 8.0954e+00  -64.89644  -64.65296 345.810113      99.97 7.7919e+02   1813.776      43532  1027.4985  1027.4956    33.9947    33.9912    8.06506         21 0.0000e+00
     42.000     41.584     0.0085  28.303547     0.0100  28.299553     7.8343     7.8042     0.5348    89.7592 8.6644e+00  -64.89644  -64.65296 345.810124      99.97 7.7919e+02   1814.712      43554  1027.4915  1027.4857    33.9918    33.9848    8.06514         24 0.0000e+00
     41.000     40.594     0.0095  28.299915     0.0085  28.298853     7.7702     7.8052     0.6503    89.5033 9.0980e+00  -64.89644  -64.65296 345.810138      99.97 7.7919e+02   1815.885      43582  1027.4824  1027.4822    33.9864    33.9862    8.06522         31 0.0000e+00
     40.000     39.605     0.0044  28.303304     0.0100  28.294987     7.7524     7.8112     0.7223    89.3510 9.3646e+00  -64.89644  -64.65296 345.810154      99.97 7.7888e+02   1817.344      43617  1027.4869  1027.4725    33.9972    33.9800    8.06569         36 0.0000e+00
     39.000     38.615     0.0063  28.301754     0.0089  28.295606     7.8257     7.8228     0.8316    89.2638 9.7478e+00  -64.89644  -64.65296 345.810173      99.97 7.7847e+02   1818.948      43656  1027.4791  1027.4700    33.9937    33.9826    8.06549         37 0.0000e+00
     38.000     37.624     0.0116  28.291324     0.0109  28.290347     7.8358     7.8391     0.8724    89.2321 1.0547e+01  -64.89644  -64.65294 345.810189      99.97 7.7743e+02   1820.359      43690  1027.4586  1027.4583    33.9745    33.9741    8.06545         32 0.0000e+00
     37.000     36.634     0.0120  28.289038     0.0111  28.288707     7.8464     7.8574     0.8185    89.2664 1.1645e+01  -64.89644  -64.65295 345.810204      99.97 7.7743e+02   1821.610      43720  1027.4516  1027.4521    33.9718    33.9722    8.06554         29 0.0000e+00
     36.000     35.645     0.0126  28.286267     0.0121  28.284762     7.8371     7.8648     0.8025    89.2159 1.2589e+01  -64.89644  -64.65295 345.810218      99.97 7.7873e+02   1822.867      43750  1027.4439  1027.4428    33.9680    33.9666    8.06562         31 0.0000e+00
     35.000     34.654     0.0129  28.285339     0.0124  28.283427     7.8390     7.8681     0.8509    89.0976 1.3349e+01  -64.89644  -64.65296 345.810233      99.97 7.7920e+02   1824.114      43780  1027.4384  1027.4367    33.9671    33.9650    8.06561         27 0.0000e+00
     34.000     33.665     0.0133  28.284140     0.0128  28.282393     7.8476     7.8727     0.8362    89.0187 1.4176e+01  -64.89644  -64.65296 345.810245      99.97 7.7919e+02   1825.124      43804  1027.4324  1027.4310    33.9656    33.9638    8.06560         22 0.0000e+00
     33.000     32.674     0.0138  28.282543     0.0133  28.280827     7.8328     7.8811     0.8271    88.9991 1.5150e+01  -64.89644  -64.65296 345.810254      99.97 7.7919e+02   1825.931      43823  1027.4260  1027.4246    33.9635    33.9618    8.06562         18 0.0000e+00
     32.000     31.684     0.0137  28.280948     0.0132  28.279022     7.8296     7.8840     0.7832    88.9889 1.6219e+01  -64.89644  -64.65297 345.810263      99.97 7.7919e+02   1826.692      43842  1027.4201  1027.4185    33.9621    33.9601    8.06571         18 0.0000e+00
     31.000     30.693     0.0132  28.277990     0.0127  28.275601     7.8339     7.8826     0.8327    88.9414 1.7395e+01  -64.89644  -64.65298 345.810272      99.97 7.7919e+02   1827.509      43861  1027.4132  1027.4111    33.9594    33.9568    8.06598         22 0.0000e+00
     30.000     29.702     0.0131  28.279643     0.0128  28.275867     7.8314     7.8780     0.8803    88.8234 1.8535e+01  -64.89646  -64.65296 345.810287      99.97 7.7959e+02   1828.789      43892  1027.4108  1027.4071    33.9623    33.9576    8.06584         34 0.0000e+00
     29.000     28.715     0.0130  28.281026     0.0125  28.279439     7.8598     7.9098     0.8849    88.8678 2.0028e+01  -64.89644  -64.65294 345.810329      99.97 7.8304e+02   1832.466      43980  1027.4082  1027.4069    33.9649    33.9633    8.06572         31 0.0000e+00
     28.000     27.725     0.0131  28.280145     0.0129  28.276805     7.8985     7.9345     0.8742    88.9151 2.2512e+01  -64.89644  -64.65296 345.810338      99.97 7.8308e+02   1833.188      43998  1027.4028  1027.3994    33.9642    33.9600    8.06573         17 0.0000e+00
     27.000     26.734     0.0164  28.274899     0.0166  28.272404     7.9130     7.9448     0.8948    88.7445 2.4876e+01  -64.89644  -64.65296 345.810345      99.97 7.8451e+02   1833.848      44013  1027.3897  1027.3868    33.9542    33.9506    8.06560         15 0.0000e+00
     26.000     25.746     0.0223  28.272051     0.0216  28.270268     7.8998     7.9419     0.9645    88.5559 2.7302e+01  -64.89644  -64.65296 345.810352      99.97 7.8448e+02   1834.442      44028  1027.3767  1027.3755    33.9445    33.9429    8.06491         14 0.0000e+00
     25.000     24.751     0.0244  28.271581     0.0239  28.269800     7.8969     7.9345     1.0038    88.2552 2.9839e+01  -64.89644  -64.65298 345.810359      99.97 7.8448e+02   1835.042      44042  1027.3699  1027.3685    33.9421    33.9403    8.06459         15 0.0000e+00
     24.000     23.765     0.0240  28.271712     0.0247  28.269822     7.9074     7.9321     1.0564    87.7976 3.2498e+01  -64.89645  -64.65297 345.810367      99.96 7.8448e+02   1835.748      44059  1027.3662  1027.3635    33.9433    33.9400    8.06461         20 0.0000e+00
     23.000     22.772     0.0221  28.271564     0.0208  28.270096     7.8958     7.9321     1.2891    87.6677 3.4832e+01  -64.89646  -64.65297 345.810381      99.97 7.8448e+02   1836.890      44086  1027.3636  1027.3633    33.9458    33.9453    8.06487         29 0.0000e+00
