NBP2113_155081_ctd/data/unbp2113_014.cnv
* Sea-Bird SBE 9 Data File:
* FileName = D:\Data\raw\NBP2113_014.hex
* Software Version Seasave V 7.26.7.121
* Temperature SN = 2438
* Conductivity SN = 2067
* Number of Bytes Per Scan = 40
* Number of Voltage Words = 5
* Number of Scans Averaged by the Deck Unit = 1
* NMEA Latitude = 65 28.72 S
* NMEA Longitude = 066 08.92 W
* NMEA UTC (Time) = Nov 27 2021  11:12:57
* NMEA baud rate = 9600
** Ship: RVIB N.B. Palmer
** Cruise: NBP2113 LTER
** Station: 500.060
** Operator: B. Urmston
# nquan = 25
# nvalues = 305                         
# units = specified
# name 0 = prDM: Pressure, Digiquartz [db]
# name 1 = depSM: Depth [salt water, m]
# name 2 = t090C: Temperature [ITS-90, deg C]
# name 3 = c0mS/cm: Conductivity [mS/cm]
# name 4 = t190C: Temperature, 2 [ITS-90, deg C]
# name 5 = c1mS/cm: Conductivity, 2 [mS/cm]
# name 6 = sbeox0ML/L: Oxygen, SBE 43 [ml/l]
# name 7 = sbeox1ML/L: Oxygen, SBE 43, 2 [ml/l]
# name 8 = flECO-AFL: Fluorescence, WET Labs ECO-AFL/FL [mg/m^3]
# name 9 = CStarTr0: Beam Transmission, WET Labs C-Star [%]
# name 10 = par: PAR/Irradiance, Biospherical/Licor
# name 11 = latitude: Latitude [deg]
# name 12 = longitude: Longitude [deg]
# name 13 = timeJ: Julian Days
# name 14 = altM: Altimeter [m]
# name 15 = spar: SPAR, Biospherical/Licor
# name 16 = timeS: Time, Elapsed [seconds]
# name 17 = scan: Scan Count
# name 18 = density00: Density [density, kg/m^3]
# name 19 = density11: Density, 2 [density, kg/m^3]
# name 20 = sal00: Salinity, Practical [PSU]
# name 21 = sal11: Salinity, Practical, 2 [PSU]
# name 22 = oxsolML/L: Oxygen Saturation, Garcia & Gordon [ml/l]
# name 23 = nbin: number of scans per bin
# name 24 = flag: flag
# span 0 =      1.000,    305.000       
# span 1 =      0.988,    301.776       
# span 2 =    -1.3094,     1.3188       
# span 3 =  27.186826,  30.046896       
# span 4 =    -1.3128,     1.3189       
# span 5 =  27.182700,  30.046049       
# span 6 =     4.3260,     9.7249       
# span 7 =     4.3164,     9.5421       
# span 8 =    -0.0172,     1.7086       
# span 9 =    89.6077,    97.4266       
# span 10 = 1.0000e-12, 1.8249e+02      
# span 11 =  -65.47883,  -65.47876      
# span 12 =  -66.14942,  -66.14898      
# span 13 = 331.478821, 331.489994      
# span 14 =       6.40,      99.98      
# span 15 = 1.8679e+02, 2.4504e+02      
# span 16 =    993.117,   1958.469      
# span 17 =      23836,      47004      
# span 18 =  1027.1715,  1029.1816      
# span 19 =  1027.1675,  1029.1805      
# span 20 =    33.7913,    34.6525      
# span 21 =    33.7874,    34.6513      
# span 22 =    7.76138,    8.35398      
# span 23 =         11,         50      
# span 24 = 0.0000e+00, 0.0000e+00      
# interval = decibars: 1                
# start_time = Nov 27 2021 11:12:57 [NMEA time, header]
# bad_flag = -9.990e-29
*END*
[from data line 174]
    131.000    129.671    -0.2088  28.353744    -0.2112  28.350106     6.3178     6.2130     0.0688    96.9098 1.0000e-12  -65.47880  -66.14926 331.484023      99.98 2.2775e+02   1442.565      34623  1028.1361  1028.1346    34.2474    34.2453    8.09661         33 0.0000e+00
    130.000    128.680    -0.2142  28.346147    -0.2173  28.342137     6.5211     6.3316     0.0694    96.9167 1.0000e-12  -65.47880  -66.14926 331.484034      99.98 2.2903e+02   1443.538      34646  1028.1287  1028.1275    34.2439    34.2421    8.09795         19 0.0000e+00
    129.000    127.691    -0.2486  28.307644    -0.2487  28.306301     6.6177     6.3950     0.0626    96.9127 1.0000e-12  -65.47880  -66.14926 331.484043      99.98 2.2917e+02   1444.280      34664  1028.1166  1028.1154    34.2318    34.2301    8.10594         18 0.0000e+00
    128.000    126.701    -0.3033  28.247570    -0.3086  28.242134     6.6675     6.4199     0.0627    96.8946 1.0000e-12  -65.47880  -66.14926 331.484051      99.98 2.2917e+02   1445.005      34681  1028.1013  1028.1007    34.2137    34.2124    8.11863         18 0.0000e+00
    127.000    125.713    -0.3389  28.209581    -0.3437  28.204822     6.6431     6.4252     0.0694    96.8454 1.0000e-12  -65.47881  -66.14926 331.484061      99.97 2.2917e+02   1445.889      34702  1028.0906  1028.0902    34.2035    34.2025    8.12680         25 0.0000e+00
    126.000    124.723    -0.3351  28.214584    -0.3341  28.218152     6.5461     6.4088     0.0857    96.8487 1.0000e-12  -65.47882  -66.14926 331.484078      99.98 2.2917e+02   1447.370      34738  1028.0871  1028.0901    34.2065    34.2103    8.12582         42 0.0000e+00
    125.000    123.732    -0.3057  28.245590    -0.3110  28.238743     6.5343     6.4368     0.0944    96.8284 7.3858e-05  -65.47882  -66.14924 331.484103      99.97 2.2917e+02   1449.484      34789  1028.0865  1028.0844    34.2156    34.2124    8.11904         34 0.0000e+00
    124.000    122.744    -0.3541  28.191069    -0.3448  28.201187     6.4909     6.4182     0.0867    96.8465 1.6069e-03  -65.47881  -66.14925 331.484118      99.98 2.2917e+02   1450.793      34820  1028.0708  1028.0725    34.1977    34.2008    8.13039         25 0.0000e+00
    123.000    121.755    -0.3684  28.174169    -0.3723  28.169636     6.4941     6.4121     0.0703    96.8361 3.8982e-03  -65.47880  -66.14926 331.484128      99.97 2.2917e+02   1451.687      34841  1028.0620  1028.0609    34.1918    34.1901    8.13380         20 0.0000e+00
    122.000    120.763    -0.4516  28.085027    -0.4424  28.094539     6.5011     6.4194     0.0769    96.7913 6.7154e-03  -65.47880  -66.14926 331.484137      99.97 2.2917e+02   1452.478      34860  1028.0429  1028.0441    34.1665    34.1689    8.15308         18 0.0000e+00
    121.000    119.775    -0.5144  28.020268    -0.4937  28.039242     6.5084     6.4130     0.0802    96.7770 9.7308e-03  -65.47880  -66.14928 331.484147      99.98 2.2917e+02   1453.288      34880  1028.0297  1028.0300    34.1509    34.1531    8.16749         21 0.0000e+00
    120.000    118.784    -0.5747  27.958196    -0.5626  27.968674     6.5190     6.4177     0.0848    96.7633 1.2904e-02  -65.47880  -66.14928 331.484158      99.98 2.2917e+02   1454.285      34904  1028.0164  1028.0160    34.1358    34.1363    8.18135         29 0.0000e+00
    119.000    117.796    -0.5327  28.003944    -0.5167  28.017289     6.5032     6.4111     0.0846    96.7666 1.5391e-02  -65.47880  -66.14927 331.484178      99.97 2.2917e+02   1455.958      34944  1028.0194  1028.0181    34.1507    34.1507    8.17144         48 0.0000e+00
    118.000    116.807    -0.4744  28.061772    -0.4626  28.073756     6.5188     6.4345     0.0846    96.7586 1.8115e-02  -65.47881  -66.14925 331.484204      99.98 2.2917e+02   1458.213      34998  1028.0194  1028.0208    34.1633    34.1662    8.15815         40 0.0000e+00
    117.000    115.816    -0.4367  28.099966    -0.4604  28.073874     6.5254     6.4593     0.0876    96.7842 2.2275e-02  -65.47881  -66.14925 331.484233      99.98 2.3077e+02   1460.755      35059  1028.0187  1028.0138    34.1728    34.1644    8.14951         37 0.0000e+00
    116.000    114.827    -0.5202  28.009051    -0.5293  28.000835     6.6814     6.5358     0.0687    96.7848 2.5575e-02  -65.47880  -66.14926 331.484248      99.98 2.3095e+02   1462.009      35089  1027.9982  1027.9982    34.1453    34.1445    8.16907         23 0.0000e+00
    115.000    113.838    -0.6489  27.875523    -0.6557  27.867941     6.7307     6.5704     0.0688    96.7755 2.8997e-02  -65.47880  -66.14926 331.484258      99.98 2.3094e+02   1462.866      35110  1027.9748  1027.9732    34.1110    34.1085    8.19886         20 0.0000e+00
    114.000    112.847    -0.7279  27.795753    -0.7351  27.787538     6.7731     6.5922     0.0591    96.7705 3.3024e-02  -65.47880  -66.14926 331.484267      99.98 2.3094e+02   1463.675      35129  1027.9607  1027.9587    34.0931    34.0902    8.21705         20 0.0000e+00
    113.000    111.857    -0.7536  27.768379    -0.7528  27.768351     6.7574     6.5959     0.0693    96.7412 3.6780e-02  -65.47880  -66.14927 331.484278      99.97 2.3094e+02   1464.581      35151  1027.9508  1027.9500    34.0857    34.0848    8.22307         24 0.0000e+00
    112.000    110.869    -0.7604  27.762115    -0.7598  27.761003     6.7147     6.5940     0.0830    96.7236 4.0339e-02  -65.47880  -66.14928 331.484291      99.97 2.3094e+02   1465.779      35180  1027.9452  1027.9434    34.0855    34.0833    8.22456         34 0.0000e+00
    111.000    109.878    -0.7304  27.790975    -0.7410  27.782154     6.7000     6.5871     0.0764    96.7333 4.4366e-02  -65.47880  -66.14927 331.484319      99.98 2.2909e+02   1468.160      35237  1027.9415  1027.9422    34.0913    34.0914    8.21770         38 0.0000e+00
    110.000    108.889    -0.7479  27.774256    -0.7406  27.780585     6.6998     6.5968     0.0754    96.7242 5.0011e-02  -65.47880  -66.14926 331.484366      99.97 2.2917e+02   1472.256      35335  1027.9342  1027.9341    34.0891    34.0894    8.22163         28 0.0000e+00
    109.000    107.899    -0.7513  27.769599    -0.7478  27.772557     6.7181     6.6059     0.0573    96.7294 5.5092e-02  -65.47880  -66.14926 331.484378      99.98 2.2774e+02   1473.277      35360  1027.9279  1027.9277    34.0872    34.0873    8.22248         26 0.0000e+00
    108.000    106.910    -0.7587  27.761747    -0.7600  27.759457     6.7157     6.6122     0.0706    96.7335 6.0086e-02  -65.47880  -66.14927 331.484392      99.98 2.2742e+02   1474.468      35388  1027.9219  1027.9208    34.0856    34.0839    8.22419         34 0.0000e+00
    107.000    105.919    -0.7626  27.758387    -0.7603  27.757862     6.7158     6.6215     0.0942    96.7748 6.3220e-02  -65.47880  -66.14928 331.484412      99.98 2.2741e+02   1476.201      35430  1027.9173  1027.9145    34.0860    34.0827    8.22501         38 0.0000e+00
    106.000    104.930    -0.7961  27.721893    -0.7843  27.733077     6.7865     6.6428     0.0943    96.7894 6.5220e-02  -65.47880  -66.14928 331.484431      99.97 2.2741e+02   1477.869      35470  1027.9058  1027.9065    34.0751    34.0769    8.23296         29 0.0000e+00
    105.000    103.942    -0.8228  27.695217    -0.8235  27.693640     6.7866     6.6542     0.0821    96.7636 6.8980e-02  -65.47880  -66.14928 331.484445      99.98 2.2614e+02   1479.081      35499  1027.8981  1027.8970    34.0697    34.0683    8.23911         30 0.0000e+00
    104.000    102.951    -0.8667  27.652952    -0.8429  27.675722     6.7773     6.6584     0.0732    96.7872 7.5530e-02  -65.47880  -66.14927 331.484483      99.98 2.2450e+02   1482.338      35577  1027.8899  1027.8918    34.0625    34.0666    8.24912         28 0.0000e+00
    103.000    101.961    -0.8621  27.656579    -0.8568  27.661049     6.8042     6.6727     0.0580    96.7898 8.2793e-02  -65.47880  -66.14930 331.484542      99.98 2.2208e+02   1487.428      35699  1027.8844  1027.8843    34.0629    34.0630    8.24810         18 0.0000e+00
    102.000    100.972    -0.8760  27.642892    -0.8699  27.647912     6.7971     6.6758     0.0638    96.8272 8.7527e-02  -65.47880  -66.14930 331.484551      99.97 2.2123e+02   1488.183      35717  1027.8786  1027.8783    34.0607    34.0606    8.25128         23 0.0000e+00
    101.000     99.980    -0.8829  27.635119    -0.8783  27.639018     6.8123     6.6945     0.0860    96.8377 8.9990e-02  -65.47881  -66.14931 331.484634      99.97 2.1949e+02   1495.379      35890  1027.8715  1027.8714    34.0585    34.0585    8.25291         37 0.0000e+00
    100.000     98.993    -0.9225  27.594656    -0.9375  27.577960     6.8722     6.7736     0.0975    96.8343 9.2008e-02  -65.47881  -66.14934 331.485029      99.97 2.1061e+02   1529.488      36709  1027.8592  1027.8553    34.0489    34.0432    8.26216         31 0.0000e+00
     99.000     98.003    -0.9394  27.576108    -0.9399  27.574097     6.9571     6.8243     0.0807    96.8374 9.6800e-02  -65.47882  -66.14935 331.485118      99.98 2.0793e+02   1537.176      36893  1027.8509  1027.8487    34.0434    34.0412    8.26620         32 0.0000e+00
     98.000     97.013    -0.9582  27.553711    -0.9591  27.552145     6.9932     6.8440     0.0739    96.8453 1.0185e-01  -65.47882  -66.14936 331.485129      99.97 2.0802e+02   1538.165      36917  1027.8404  1027.8392    34.0348    34.0338    8.27083         26 0.0000e+00
     97.000     96.023    -0.9722  27.538160    -0.9692  27.540409     6.9903     6.8469     0.0828    96.7907 1.0690e-01  -65.47882  -66.14936 331.485142      99.97 2.0802e+02   1539.241      36943  1027.8326  1027.8317    34.0301    34.0297    8.27419         27 0.0000e+00
     96.000     95.033    -0.9693  27.540755    -0.9718  27.537226     6.9757     6.8442     0.0949    96.7840 1.1129e-01  -65.47881  -66.14933 331.485180      99.98 2.0605e+02   1542.550      37022  1027.8280  1027.8263    34.0310    34.0291    8.27350         40 0.0000e+00
     95.000     94.043    -0.9692  27.540606    -0.9691  27.539563     6.9893     6.8635     0.0795    96.7842 1.2144e-01  -65.47882  -66.14934 331.485235      99.98 2.0418e+02   1547.276      37136  1027.8231  1027.8218    34.0313    34.0298    8.27346         35 0.0000e+00
     94.000     93.054    -0.9742  27.534232    -0.9748  27.532513     6.9742     6.8637     0.0850    96.7835 1.3049e-01  -65.47882  -66.14934 331.485253      99.98 2.0275e+02   1548.823      37173  1027.8166  1027.8152    34.0289    34.0272    8.27471         39 0.0000e+00
     93.000     92.064    -0.9720  27.536277    -0.9740  27.532602     6.9683     6.8659     0.1211    96.7643 1.3375e-01  -65.47882  -66.14934 331.485279      99.97 2.0273e+02   1551.094      37227  1027.8123  1027.8102    34.0298    34.0271    8.27417         43 0.0000e+00
     92.000     91.074    -0.9748  27.532158    -0.9758  27.529810     6.9677     6.8691     0.1245    96.7392 1.3585e-01  -65.47882  -66.14934 331.485307      99.97 2.0235e+02   1553.556      37286  1027.8062  1027.8044    34.0281    34.0259    8.27490         42 0.0000e+00
     91.000     90.086    -0.9739  27.532592    -0.9759  27.528873     7.0162     6.8986     0.0982    96.7601 1.4599e-01  -65.47882  -66.14934 331.485366      99.97 2.0095e+02   1558.617      37408  1027.8013  1027.7992    34.0282    34.0254    8.27468         33 0.0000e+00
     90.000     89.096    -0.9895  27.514923    -0.9880  27.515126     7.0823     6.9344     0.0860    96.7508 1.5620e-01  -65.47882  -66.14934 331.485395      99.97 2.0097e+02   1561.112      37468  1027.7930  1027.7915    34.0224    34.0209    8.27846         20 0.0000e+00
     89.000     88.106    -1.0616  27.443806    -1.0697  27.435260     7.1279     6.9514     0.0838    96.7643 1.6705e-01  -65.47882  -66.14934 331.485403      99.97 2.0097e+02   1561.830      37485  1027.7808  1027.7793    34.0076    34.0051    8.29524         18 0.0000e+00
     88.000     87.115    -1.1098  27.397614    -1.1100  27.396629     7.1141     6.9495     0.0865    96.8460 1.7922e-01  -65.47882  -66.14934 331.485413      99.98 2.0097e+02   1562.666      37505  1027.7727  1027.7716    33.9998    33.9987    8.30638         25 0.0000e+00
     87.000     86.128    -1.0879  27.417194    -1.0880  27.415888     7.1275     6.9739     0.0784    96.8336 1.8274e-01  -65.47880  -66.14935 331.485470      99.97 2.0097e+02   1567.581      37623  1027.7675  1027.7659    34.0024    34.0006    8.30137         24 0.0000e+00
     86.000     85.136    -1.1019  27.400922    -1.1014  27.400550     7.1405     6.9841     0.0737    96.8274 1.9102e-01  -65.47880  -66.14934 331.485493      99.98 2.0097e+02   1569.559      37670  1027.7586  1027.7575    33.9965    33.9955    8.30481         22 0.0000e+00
     85.000     84.147    -1.1004  27.401570    -1.0953  27.406449     7.1444     6.9930     0.1011    96.8094 2.0460e-01  -65.47880  -66.14934 331.485519      99.97 2.0097e+02   1571.873      37726  1027.7531  1027.7534    33.9964    33.9973    8.30450         33 0.0000e+00
     84.000     83.157    -1.1003  27.401613    -1.0986  27.401626     7.1526     7.0359     0.0964    96.8474 2.2320e-01  -65.47882  -66.14936 331.485587      99.98 2.0097e+02   1577.726      37866  1027.7480  1027.7463    33.9970    33.9951    8.30444         25 0.0000e+00
     83.000     82.167    -1.0954  27.403038    -1.0935  27.402677     7.1831     7.0382     0.0847    96.8299 2.3549e-01  -65.47880  -66.14936 331.485595      99.97 2.0097e+02   1578.426      37883  1027.7404  1027.7380    33.9940    33.9913    8.30353         20 0.0000e+00
     82.000     81.177    -1.0921  27.401772    -1.0906  27.401164     7.1677     7.0348     0.0946    96.8004 2.4797e-01  -65.47880  -66.14934 331.485606      99.98 2.0097e+02   1579.386      37906  1027.7313  1027.7292    33.9891    33.9866    8.30307         29 0.0000e+00
     81.000     80.186    -1.0935  27.400125    -1.0931  27.399696     7.2257     7.0803     0.1025    96.7780 2.4572e-01  -65.47880  -66.14933 331.485664      99.97 2.0097e+02   1584.332      38025  1027.7265  1027.7256    33.9891    33.9881    8.30339         25 0.0000e+00
     80.000     79.197    -1.0960  27.392583    -1.0981  27.388496     7.2461     7.0930     0.0916    96.7639 2.6491e-01  -65.47881  -66.14934 331.485678      99.97 2.0097e+02   1585.543      38054  1027.7163  1027.7138    33.9823    33.9790    8.30436         23 0.0000e+00
     79.000     78.208    -1.1072  27.379997    -1.1088  27.377012     7.2274     7.0954     0.1198    96.7370 2.8887e-01  -65.47882  -66.14934 331.485702      99.97 2.0126e+02   1587.634      38104  1027.7089  1027.7072    33.9783    33.9761    8.30705         32 0.0000e+00
     78.000     77.217    -1.1205  27.365315    -1.1267  27.358361     7.2701     7.1277     0.0972    96.7297 3.0193e-01  -65.47882  -66.14934 331.485757      99.98 2.0274e+02   1592.416      38219  1027.7014  1027.6997    33.9740    33.9714    8.31027         18 0.0000e+00
     77.000     76.229    -1.1544  27.332177    -1.1549  27.330814     7.2855     7.1275     0.1011    96.7385 3.2120e-01  -65.47882  -66.14934 331.485766      99.97 2.0273e+02   1593.224      38238  1027.6937  1027.6925    33.9677    33.9664    8.31817         23 0.0000e+00
     76.000     75.238    -1.1850  27.304440    -1.1912  27.298652     7.2551     7.1249     0.1236    96.7669 3.4412e-01  -65.47882  -66.14932 331.485820      99.97 2.0260e+02   1597.883      38350  1027.6882  1027.6877    33.9650    33.9640    8.32513         40 0.0000e+00
     75.000     74.248    -1.2852  27.211038    -1.2767  27.217660     7.3044     7.1859     0.1508    96.8012 3.6858e-01  -65.47882  -66.14933 331.486122      99.97 2.0766e+02   1623.963      38976  1027.6749  1027.6738    33.9511    33.9506    8.34829         36 0.0000e+00
