NBP2113_155081_ctd/data/unbp2113_049.cnv
* Sea-Bird SBE 9 Data File:
* FileName = D:\Data\raw\NBP2113_049.hex
* Software Version Seasave V 7.26.7.121
* Temperature SN = 2438
* Conductivity SN = 2067
* Number of Bytes Per Scan = 40
* Number of Voltage Words = 5
* Number of Scans Averaged by the Deck Unit = 1
* NMEA Latitude = 64 50.72 S
* NMEA Longitude = 064 06.15 W
* NMEA UTC (Time) = Dec 11 2021  08:50:11
* NMEA baud rate = 9600
** Ship: RVIB N.B. Palmer
** Cruise: NBP2113 LTER
** Station: 617.036
** Operator: B. Urmston
# nquan = 25
# nvalues = 632                         
# units = specified
# name 0 = prDM: Pressure, Digiquartz [db]
# name 1 = depSM: Depth [salt water, m]
# name 2 = t090C: Temperature [ITS-90, deg C]
# name 3 = c0mS/cm: Conductivity [mS/cm]
# name 4 = t190C: Temperature, 2 [ITS-90, deg C]
# name 5 = c1mS/cm: Conductivity, 2 [mS/cm]
# name 6 = sbeox0ML/L: Oxygen, SBE 43 [ml/l]
# name 7 = sbeox1ML/L: Oxygen, SBE 43, 2 [ml/l]
# name 8 = flECO-AFL: Fluorescence, WET Labs ECO-AFL/FL [mg/m^3]
# name 9 = CStarTr0: Beam Transmission, WET Labs C-Star [%]
# name 10 = par: PAR/Irradiance, Biospherical/Licor
# name 11 = latitude: Latitude [deg]
# name 12 = longitude: Longitude [deg]
# name 13 = timeJ: Julian Days
# name 14 = altM: Altimeter [m]
# name 15 = spar: SPAR, Biospherical/Licor
# name 16 = timeS: Time, Elapsed [seconds]
# name 17 = scan: Scan Count
# name 18 = density00: Density [density, kg/m^3]
# name 19 = density11: Density, 2 [density, kg/m^3]
# name 20 = sal00: Salinity, Practical [PSU]
# name 21 = sal11: Salinity, Practical, 2 [PSU]
# name 22 = oxsolML/L: Oxygen Saturation, Garcia & Gordon [ml/l]
# name 23 = nbin: number of scans per bin
# name 24 = flag: flag
# span 0 =      1.000,    632.000       
# span 1 =      0.991,    624.857       
# span 2 =    -0.1410,     1.4096       
# span 3 =  28.151152,  30.278245       
# span 4 =    -0.1418,     1.4090       
# span 5 =  28.148785,  30.276778       
# span 6 =     4.1453,     9.7507       
# span 7 =     4.2128,     9.5724       
# span 8 =    -0.0227,     1.4289       
# span 9 =    86.8458,    91.3455       
# span 10 = 1.0000e-12, 1.1447e+02      
# span 11 =  -64.84542,  -64.84484      
# span 12 =  -64.10244,  -64.10142      
# span 13 = 345.382404, 345.396484      
# span 14 =       9.12,      99.97      
# span 15 = 6.8752e+01, 8.6202e+01      
# span 16 =   1228.673,   2445.228      
# span 17 =      29489,      58686      
# span 18 =  1027.2166,  1030.7131      
# span 19 =  1027.2154,  1030.7119      
# span 20 =    33.8886,    34.6656      
# span 21 =    33.8868,    34.6640      
# span 22 =    7.74279,    8.09802      
# span 23 =         14,         49      
# span 24 = 0.0000e+00, 0.0000e+00      
# interval = decibars: 1                
# start_time = Dec 11 2021 08:50:11 [NMEA time, header]
# bad_flag = -9.990e-29
*END*
[from data line 348]
    284.000    281.025     1.0577  29.757948     1.0633  29.762916     4.5891     4.6324    -0.0077    91.2922 1.0000e-12  -64.84486  -64.10142 345.389390      99.97 7.5804e+01   1832.263      43975  1029.0477  1029.0473    34.5816    34.5818    7.81710         23 0.0000e+00
    283.000    280.037     1.0488  29.747831     1.0494  29.747642     4.5826     4.6348    -0.0074    91.2822 1.0000e-12  -64.84486  -64.10142 345.389400      99.97 7.5804e+01   1833.201      43998  1029.0417  1029.0409    34.5791    34.5781    7.81902         23 0.0000e+00
    282.000    279.048     1.0488  29.746497     1.0458  29.742963     4.5812     4.6398     0.0019    91.2903 1.0000e-12  -64.84484  -64.10142 345.389413      99.97 7.5804e+01   1834.288      44024  1029.0358  1029.0352    34.5779    34.5767    7.81908         28 0.0000e+00
    281.000    278.059     1.0511  29.750076     1.0501  29.746940     4.5873     4.6387     0.0106    91.2989 1.0000e-12  -64.84486  -64.10142 345.389428      99.97 7.5804e+01   1835.598      44055  1029.0328  1029.0306    34.5806    34.5777    7.81848         31 0.0000e+00
    280.000    277.070     1.0427  29.739779     1.0422  29.738305     4.5823     4.6320    -0.0031    91.3111 1.0000e-12  -64.84486  -64.10142 345.389442      99.97 7.5804e+01   1836.784      44084  1029.0261  1029.0251    34.5772    34.5759    7.82034         25 0.0000e+00
    279.000    276.083     1.0464  29.742934     1.0471  29.742745     4.5694     4.6289    -0.0061    91.2954 1.0000e-12  -64.84486  -64.10142 345.389453      99.97 7.5495e+01   1837.757      44107  1029.0213  1029.0205    34.5777    34.5768    7.81957         23 0.0000e+00
    278.000    275.091     1.0494  29.745987     1.0486  29.744330     4.5661     4.6309    -0.0005    91.2923 1.0000e-12  -64.84486  -64.10142 345.389464      99.97 7.5196e+01   1838.692      44130  1029.0173  1029.0163    34.5790    34.5777    7.81891         23 0.0000e+00
    277.000    274.104     1.0502  29.746431     1.0503  29.745623     4.5744     4.6306    -0.0021    91.2820 1.0000e-12  -64.84486  -64.10142 345.389477      99.97 7.5389e+01   1839.816      44157  1029.0125  1029.0116    34.5792    34.5781    7.81873         30 0.0000e+00
    276.000    273.115     1.0501  29.745933     1.0502  29.744971     4.5790     4.6310     0.0009    91.2799 1.0000e-12  -64.84485  -64.10142 345.389496      99.97 7.4334e+01   1841.438      44196  1029.0078  1029.0067    34.5793    34.5779    7.81875         44 0.0000e+00
    275.000    272.126     1.0513  29.746691     1.0529  29.747280     4.5654     4.6333    -0.0021    91.2960 1.0000e-12  -64.84484  -64.10142 345.389516      99.97 7.4037e+01   1843.198      44238  1029.0031  1029.0021    34.5795    34.5785    7.81850         36 0.0000e+00
    274.000    271.137     1.0556  29.751214     1.0552  29.749626     4.5857     4.6519    -0.0077    91.2999 1.0000e-12  -64.84484  -64.10142 345.389532      99.97 7.4041e+01   1844.569      44271  1028.9992  1028.9980    34.5812    34.5796    7.81755         30 0.0000e+00
    273.000    270.148     1.0417  29.736816     1.0322  29.726228     4.6167     4.6658     0.0009    91.3086 1.0000e-12  -64.84485  -64.10142 345.389547      99.97 7.4041e+01   1845.830      44301  1028.9939  1028.9923    34.5786    34.5755    7.82047         30 0.0000e+00
    272.000    269.160     1.0217  29.714507     1.0181  29.709247     4.6319     4.6817    -0.0028    91.3014 1.0000e-12  -64.84486  -64.10142 345.389560      99.97 7.4041e+01   1846.973      44328  1028.9862  1028.9843    34.5726    34.5699    7.82479         25 0.0000e+00
    271.000    268.171     1.0166  29.708946     1.0129  29.704033     4.6342     4.6856    -0.0115    91.2738 1.0000e-12  -64.84486  -64.10143 345.389571      99.97 7.4041e+01   1847.915      44351  1028.9812  1028.9797    34.5717    34.5695    7.82586         21 0.0000e+00
    270.000    267.180     1.0049  29.696140     1.0037  29.693156     4.6381     4.6847    -0.0150    91.2835 1.0000e-12  -64.84486  -64.10143 345.389580      99.97 7.4041e+01   1848.719      44370  1028.9752  1028.9733    34.5688    34.5663    7.82837         18 0.0000e+00
    269.000    266.194     0.9998  29.689457     0.9991  29.687812     4.6429     4.6811    -0.0150    91.2800 1.0000e-12  -64.84486  -64.10142 345.389589      99.97 7.4041e+01   1849.497      44389  1028.9690  1028.9680    34.5665    34.5651    7.82953         19 0.0000e+00
    268.000    265.203     1.0001  29.689190     1.0001  29.688246     4.6390     4.6807    -0.0093    91.2708 1.0000e-12  -64.84486  -64.10142 345.389599      99.97 7.4041e+01   1850.392      44410  1028.9640  1028.9629    34.5664    34.5651    7.82947         25 0.0000e+00
    267.000    264.217     1.0042  29.692650     1.0079  29.695752     4.6302     4.6816    -0.0045    91.2799 1.0000e-12  -64.84484  -64.10142 345.389620      99.97 7.4041e+01   1852.191      44454  1028.9591  1028.9586    34.5668    34.5667    7.82862         33 0.0000e+00
    266.000    263.225     1.0059  29.694773     1.0087  29.697010     4.6351     4.6903    -0.0078    91.2901 1.0000e-12  -64.84484  -64.10142 345.389648      99.97 7.4041e+01   1854.605      44512  1028.9551  1028.9547    34.5682    34.5680    7.82819         31 0.0000e+00
    265.000    262.239     1.0043  29.692396     1.0034  29.690715     4.6381     4.7001    -0.0114    91.2909 1.0000e-12  -64.84485  -64.10142 345.389660      99.97 7.4041e+01   1855.585      44535  1028.9501  1028.9492    34.5676    34.5664    7.82856         20 0.0000e+00
    264.000    261.248     0.9962  29.684388     0.9948  29.682239     4.6369     4.6995    -0.0138    91.2718 1.0000e-12  -64.84486  -64.10142 345.389669      99.97 7.4041e+01   1856.366      44554  1028.9455  1028.9446    34.5669    34.5656    7.83023         18 0.0000e+00
    263.000    260.257     0.9937  29.680222     0.9917  29.676743     4.6408     4.6914    -0.0005    91.2870 1.0000e-12  -64.84486  -64.10142 345.389678      99.97 7.4041e+01   1857.142      44572  1028.9393  1028.9378    34.5648    34.5626    7.83083         20 0.0000e+00
    262.000    259.270     0.9953  29.681606     0.9939  29.679384     4.6452     4.6917    -0.0004    91.2701 1.0000e-12  -64.84486  -64.10142 345.389688      99.97 7.4041e+01   1858.063      44595  1028.9348  1028.9339    34.5653    34.5640    7.83047         26 0.0000e+00
    261.000    258.280     0.9968  29.682792     0.9966  29.681407     4.6401     4.6952    -0.0023    91.2679 1.0000e-12  -64.84485  -64.10142 345.389704      99.97 7.4041e+01   1859.446      44628  1028.9303  1028.9291    34.5659    34.5643    7.83016         37 0.0000e+00
    260.000    257.292     0.9951  29.680327     0.9946  29.679174     4.6563     4.7051    -0.0078    91.2826 1.0000e-12  -64.84484  -64.10142 345.389724      99.97 7.4041e+01   1861.159      44669  1028.9251  1028.9244    34.5651    34.5642    7.83053         34 0.0000e+00
    259.000    256.303     0.9847  29.669958     0.9861  29.670006     4.6771     4.7198    -0.0021    91.2698 1.0000e-12  -64.84484  -64.10142 345.389739      99.97 7.4041e+01   1862.473      44700  1028.9203  1028.9190    34.5639    34.5624    7.83269         29 0.0000e+00
    258.000    255.315     0.9721  29.654928     0.9798  29.662949     4.6716     4.7270    -0.0004    91.2792 1.0000e-12  -64.84484  -64.10142 345.389752      99.97 7.4041e+01   1863.596      44727  1028.9129  1028.9136    34.5591    34.5609    7.83548         26 0.0000e+00
    257.000    254.325     0.9634  29.645381     0.9631  29.644349     4.6731     4.7271    -0.0004    91.2660 1.0000e-12  -64.84485  -64.10142 345.389765      99.97 7.4041e+01   1864.659      44753  1028.9074  1028.9066    34.5571    34.5560    7.83734         23 0.0000e+00
    256.000    253.335     0.9677  29.649299     0.9673  29.647952     4.6696     4.7262    -0.0061    91.2642 1.0000e-12  -64.84485  -64.10142 345.389777      99.97 7.4041e+01   1865.701      44778  1028.9028  1028.9018    34.5579    34.5566    7.83643         23 0.0000e+00
    255.000    252.348     0.9711  29.652906     0.9696  29.650145     4.6659     4.7299    -0.0077    91.2497 1.0000e-12  -64.84485  -64.10142 345.389789      99.97 7.4041e+01   1866.765      44803  1028.8988  1028.8975    34.5594    34.5575    7.83567         26 0.0000e+00
    254.000    251.358     0.9691  29.650372     0.9683  29.648522     4.6669     4.7328     0.0033    91.2671 1.0000e-12  -64.84485  -64.10142 345.389802      99.97 7.4041e+01   1867.879      44830  1028.8938  1028.8927    34.5589    34.5574    7.83609         28 0.0000e+00
    253.000    250.369     0.9675  29.648217     0.9632  29.642828     4.6694     4.7334     0.0052    91.2559 1.0000e-12  -64.84484  -64.10142 345.389817      99.97 7.4041e+01   1869.200      44862  1028.8888  1028.8875    34.5584    34.5562    7.83643         36 0.0000e+00
    252.000    249.382     0.9708  29.651568     0.9615  29.640310     4.6749     4.7428    -0.0046    91.2682 1.0000e-12  -64.84484  -64.10142 345.389836      99.97 7.4041e+01   1870.863      44902  1028.8847  1028.8823    34.5597    34.5555    7.83570         35 0.0000e+00
    251.000    248.391     0.9610  29.641160     0.9548  29.632792     4.6913     4.7456    -0.0003    91.2646 1.0000e-12  -64.84484  -64.10142 345.389854      99.97 7.4041e+01   1872.355      44938  1028.8793  1028.8767    34.5577    34.5538    7.83777         30 0.0000e+00
    250.000    247.403     0.9544  29.632975     0.9529  29.630269     4.7029     4.7507    -0.0069    91.2482 1.0000e-12  -64.84486  -64.10142 345.389866      99.97 7.4041e+01   1873.439      44964  1028.8731  1028.8717    34.5551    34.5533    7.83925         23 0.0000e+00
    249.000    246.413     0.9496  29.627573     0.9466  29.623807     4.7058     4.7530    -0.0077    91.2444 1.0000e-12  -64.84486  -64.10142 345.389877      99.97 7.4041e+01   1874.337      44985  1028.8679  1028.8669    34.5540    34.5524    7.84027         20 0.0000e+00
    248.000    245.425     0.9452  29.622156     0.9442  29.619997     4.7063     4.7528    -0.0017    91.2595 1.0000e-12  -64.84486  -64.10142 345.389887      99.97 7.4041e+01   1875.192      45006  1028.8623  1028.8611    34.5525    34.5509    7.84123         22 0.0000e+00
    247.000    244.435     0.9452  29.621685     0.9443  29.619529     4.7031     4.7559     0.0012    91.2568 1.0000e-12  -64.84484  -64.10142 345.389898      99.97 7.4041e+01   1876.202      45030  1028.8576  1028.8562    34.5525    34.5507    7.84124         29 0.0000e+00
    246.000    243.446     0.9464  29.622426     0.9460  29.621118     4.7021     4.7543    -0.0007    91.2589 1.0000e-12  -64.84484  -64.10142 345.389920      99.97 7.3136e+01   1878.130      45076  1028.8528  1028.8517    34.5527    34.5514    7.84099         38 0.0000e+00
    245.000    242.457     0.9451  29.620960     0.9440  29.618875     4.7073     4.7707    -0.0082    91.2506 1.0000e-12  -64.84484  -64.10142 345.389943      99.97 7.2220e+01   1880.037      45122  1028.8481  1028.8470    34.5528    34.5513    7.84124         27 0.0000e+00
    244.000    241.468     0.9372  29.611938     0.9371  29.611111     4.7129     4.7717    -0.0029    91.2515 1.0000e-12  -64.84484  -64.10142 345.389953      99.97 7.2278e+01   1880.907      45143  1028.8424  1028.8415    34.5506    34.5496    7.84296         19 0.0000e+00
    243.000    240.480     0.9325  29.606926     0.9302  29.603889     4.7227     4.7714    -0.0021    91.2407 1.0000e-12  -64.84484  -64.10142 345.389961      99.97 7.2278e+01   1881.624      45160  1028.8375  1028.8365    34.5498    34.5485    7.84393         17 0.0000e+00
    242.000    239.490     0.9275  29.601005     0.9260  29.598261     4.7301     4.7731    -0.0077    91.2208 1.0000e-12  -64.84484  -64.10142 345.389969      99.97 7.2278e+01   1882.349      45177  1028.8320  1028.8306    34.5484    34.5465    7.84502         18 0.0000e+00
    241.000    238.501     0.9256  29.597699     0.9233  29.594755     4.7321     4.7761    -0.0020    91.2361 1.0000e-12  -64.84484  -64.10142 345.389980      99.97 7.2278e+01   1883.238      45199  1028.8261  1028.8254    34.5468    34.5456    7.84548         26 0.0000e+00
    240.000    237.512     0.9284  29.600751     0.9283  29.599566     4.7195     4.7703    -0.0050    91.2521 1.0000e-12  -64.84484  -64.10142 345.389996      99.97 7.2278e+01   1884.699      45234  1028.8222  1028.8210    34.5483    34.5468    7.84485         41 0.0000e+00
    239.000    236.524     0.9293  29.601327     0.9307  29.601773     4.7232     4.7836    -0.0050    91.2411 1.0000e-12  -64.84484  -64.10142 345.390017      99.97 7.2278e+01   1886.479      45276  1028.8175  1028.8166    34.5485    34.5476    7.84465         35 0.0000e+00
    238.000    235.534     0.9233  29.594677     0.9249  29.595965     4.7463     4.7898    -0.0014    91.2416 1.0000e-12  -64.84484  -64.10142 345.390032      99.97 7.2278e+01   1887.727      45306  1028.8123  1028.8120    34.5473    34.5471    7.84594         28 0.0000e+00
    237.000    234.544     0.9139  29.584520     0.9119  29.581309     4.7435     4.7932    -0.0064    91.2407 1.0000e-12  -64.84484  -64.10142 345.390045      99.97 7.2278e+01   1888.916      45335  1028.8067  1028.8054    34.5451    34.5432    7.84793         30 0.0000e+00
    236.000    233.556     0.9103  29.579897     0.9096  29.577934     4.7359     4.7980     0.0048    91.2311 1.0000e-12  -64.84484  -64.10142 345.390061      99.97 7.2278e+01   1890.292      45368  1028.8012  1028.7998    34.5438    34.5420    7.84874         35 0.0000e+00
    235.000    232.566     0.9111  29.580541     0.9104  29.578616     4.7370     4.8009    -0.0043    91.2111 1.0000e-12  -64.84484  -64.10142 345.390078      99.97 7.2278e+01   1891.729      45402  1028.7966  1028.7954    34.5442    34.5425    7.84854         32 0.0000e+00
    234.000    231.578     0.9091  29.577703     0.9089  29.576505     4.7411     4.8000    -0.0077    91.2400 1.0000e-12  -64.84484  -64.10142 345.390091      99.97 7.2278e+01   1892.888      45430  1028.7914  1028.7903    34.5434    34.5420    7.84899         25 0.0000e+00
    233.000    230.589     0.9091  29.577395     0.9088  29.576050     4.7463     4.8013    -0.0014    91.2384 1.0000e-12  -64.84484  -64.10142 345.390102      99.97 7.2597e+01   1893.849      45453  1028.7868  1028.7857    34.5436    34.5422    7.84899         22 0.0000e+00
    232.000    229.599     0.9061  29.573965     0.9051  29.571815     4.7479     4.8034     0.0041    91.2406 1.0000e-12  -64.84484  -64.10142 345.390114      99.97 7.2988e+01   1894.816      45477  1028.7818  1028.7807    34.5430    34.5415    7.84961         22 0.0000e+00
    231.000    228.609     0.9018  29.568941     0.9006  29.566710     4.7444     4.8030     0.0020    91.2407 1.0000e-12  -64.84484  -64.10142 345.390126      99.97 7.2909e+01   1895.881      45502  1028.7766  1028.7755    34.5419    34.5404    7.85054         28 0.0000e+00
    230.000    227.621     0.9039  29.570414     0.9010  29.566332     4.7467     4.7958     0.0031    91.2283 1.0000e-12  -64.84484  -64.10142 345.390141      99.97 7.2547e+01   1897.176      45533  1028.7718  1028.7704    34.5421    34.5401    7.85012         33 0.0000e+00
    229.000    226.631     0.9063  29.572579     0.9055  29.570631     4.7456     4.7993    -0.0047    91.2369 1.0000e-12  -64.84484  -64.10142 345.390162      99.97 7.3405e+01   1898.971      45576  1028.7673  1028.7660    34.5428    34.5412    7.84959         42 0.0000e+00
    228.000    225.643     0.9041  29.569694     0.9048  29.569520     4.7430     4.8006     0.0016    91.2375 1.0000e-12  -64.84484  -64.10142 345.390187      99.97 7.4027e+01   1901.157      45629  1028.7622  1028.7613    34.5421    34.5412    7.85007         40 0.0000e+00
