NBP2113_155081_ctd/data/unbp2113_011.cnv
* Sea-Bird SBE 9 Data File:
* FileName = D:\Data\raw\NBP2113_011.hex
* Software Version Seasave V 7.26.7.121
* Temperature SN = 2438
* Conductivity SN = 2067
* Number of Bytes Per Scan = 40
* Number of Voltage Words = 5
* Number of Scans Averaged by the Deck Unit = 1
* NMEA Latitude = 63 57.92 S
* NMEA Longitude = 066 51.27 W
* NMEA UTC (Time) = Nov 26 2021  05:08:42
* NMEA baud rate = 9600
** Ship: RVIB N.B. Palmer
** Cruise: NBP2113 LTER
** Station: 600.200
** Operator: B. Urmston
# nquan = 25
# nvalues = 3097                        
# units = specified
# name 0 = prDM: Pressure, Digiquartz [db]
# name 1 = depSM: Depth [salt water, m]
# name 2 = t090C: Temperature [ITS-90, deg C]
# name 3 = c0mS/cm: Conductivity [mS/cm]
# name 4 = t190C: Temperature, 2 [ITS-90, deg C]
# name 5 = c1mS/cm: Conductivity, 2 [mS/cm]
# name 6 = sbeox0ML/L: Oxygen, SBE 43 [ml/l]
# name 7 = sbeox1ML/L: Oxygen, SBE 43, 2 [ml/l]
# name 8 = flECO-AFL: Fluorescence, WET Labs ECO-AFL/FL [mg/m^3]
# name 9 = CStarTr0: Beam Transmission, WET Labs C-Star [%]
# name 10 = par: PAR/Irradiance, Biospherical/Licor
# name 11 = latitude: Latitude [deg]
# name 12 = longitude: Longitude [deg]
# name 13 = timeJ: Julian Days
# name 14 = altM: Altimeter [m]
# name 15 = spar: SPAR, Biospherical/Licor
# name 16 = timeS: Time, Elapsed [seconds]
# name 17 = scan: Scan Count
# name 18 = density00: Density [density, kg/m^3]
# name 19 = density11: Density, 2 [density, kg/m^3]
# name 20 = sal00: Salinity, Practical [PSU]
# name 21 = sal11: Salinity, Practical, 2 [PSU]
# name 22 = oxsolML/L: Oxygen Saturation, Garcia & Gordon [ml/l]
# name 23 = nbin: number of scans per bin
# name 24 = flag: flag
# span 0 =      1.000,   3097.000       
# span 1 =      0.994,   3044.510       
# span 2 =    -1.2048,     2.0374       
# span 3 =  27.308759,  30.722632       
# span 4 =    -1.1900,     2.0371       
# span 5 =  27.323530,  30.722628       
# span 6 =     3.9792,     9.8840       
# span 7 =     3.9759,     9.9490       
# span 8 =    -0.0227,     6.6545       
# span 9 =    89.0813,    97.8852       
# span 10 = 1.0000e-12, 1.0000e-12      
# span 11 =  -63.96594,  -63.96564      
# span 12 =  -66.85620,  -66.85562      
# span 13 = 330.264526, 330.313487      
# span 14 =       7.60,     100.85      
# span 15 = 7.0515e+00, 7.2274e+01      
# span 16 =   4333.080,   8563.305      
# span 17 =     103995,     205520      
# span 18 =  1027.2359,  1042.0729      
# span 19 =  1027.2298,  1042.0719      
# span 20 =    33.8825,    34.7284      
# span 21 =    33.8790,    34.7276      
# span 22 =    7.62152,    8.32646      
# span 23 =         13,         47      
# span 24 = 0.0000e+00, 0.0000e+00      
# interval = decibars: 1                
# start_time = Nov 26 2021 05:08:42 [NMEA time, header]
# bad_flag = -9.990e-29
*END*
[from data line 812]
   2285.000   2250.502     0.6389  30.342542     0.6394  30.342239     4.5722     4.5985    -0.0004    97.8583 1.0000e-12  -63.96576  -66.85582 330.275947      99.98 1.0577e+01   5319.837     127677  1038.4154  1038.4146    34.7052    34.7043    7.89482         18 0.0000e+00
   2284.000   2249.523     0.6416  30.344446     0.6417  30.343735     4.5759     4.5990    -0.0008    97.8583 1.0000e-12  -63.96576  -66.85582 330.275956      99.97 1.0577e+01   5320.581     127695  1038.4104  1038.4097    34.7051    34.7042    7.89427         18 0.0000e+00
   2283.000   2248.541     0.6427  30.345031     0.6438  30.345358     4.5710     4.5983    -0.0159    97.8583 1.0000e-12  -63.96576  -66.85582 330.275965      99.98 1.0577e+01   5321.338     127713  1038.4058  1038.4050    34.7052    34.7044    7.89404         18 0.0000e+00
   2282.000   2247.563     0.6439  30.345686     0.6440  30.345108     4.5722     4.5960    -0.0108    97.8583 1.0000e-12  -63.96576  -66.85582 330.275974      99.97 1.0577e+01   5322.165     127733  1038.4011  1038.4005    34.7052    34.7043    7.89380         21 0.0000e+00
   2281.000   2246.584     0.6443  30.345573     0.6442  30.344841     4.5744     4.5948    -0.0120    97.8583 1.0000e-12  -63.96576  -66.85582 330.275985      99.98 1.0577e+01   5323.140     127756  1038.3966  1038.3959    34.7052    34.7043    7.89372         27 0.0000e+00
   2280.000   2245.602     0.6425  30.343583     0.6437  30.343933     4.5785     4.5950    -0.0072    97.8583 1.0000e-12  -63.96576  -66.85580 330.276002      99.98 1.0577e+01   5324.537     127790  1038.3923  1038.3914    34.7051    34.7042    7.89409         30 0.0000e+00
   2279.000   2244.624     0.6427  30.343396     0.6419  30.341971     4.5775     4.6028    -0.0139    97.8583 1.0000e-12  -63.96575  -66.85580 330.276028      99.97 1.0577e+01   5326.778     127844  1038.3878  1038.3872    34.7051    34.7042    7.89405         36 0.0000e+00
   2278.000   2243.644     0.6432  30.343440     0.6438  30.343318     4.5715     4.6008    -0.0008    97.8583 1.0000e-12  -63.96574  -66.85580 330.276043      99.98 1.0577e+01   5328.081     127875  1038.3832  1038.3825    34.7051    34.7043    7.89395         24 0.0000e+00
   2277.000   2242.666     0.6456  30.345160     0.6450  30.343885     4.5665     4.5969    -0.0077    97.8583 1.0000e-12  -63.96574  -66.85580 330.276053      99.98 1.0577e+01   5329.005     127897  1038.3785  1038.3778    34.7052    34.7043    7.89346         21 0.0000e+00
   2276.000   2241.685     0.6481  30.346931     0.6480  30.346168     4.5691     4.5925    -0.0124    97.8583 1.0000e-12  -63.96575  -66.85580 330.276063      99.97 1.0577e+01   5329.849     127917  1038.3736  1038.3729    34.7052    34.7044    7.89294         20 0.0000e+00
   2275.000   2240.705     0.6488  30.347224     0.6489  30.346603     4.5713     4.5903    -0.0159    97.8583 1.0000e-12  -63.96576  -66.85580 330.276073      99.97 1.0577e+01   5330.715     127938  1038.3690  1038.3684    34.7053    34.7045    7.89279         22 0.0000e+00
   2274.000   2239.725     0.6494  30.347288     0.6493  30.346614     4.5736     4.5988    -0.0137    97.8583 1.0000e-12  -63.96576  -66.85580 330.276085      99.97 1.0577e+01   5331.728     127962  1038.3644  1038.3638    34.7053    34.7045    7.89268         27 0.0000e+00
   2273.000   2238.745     0.6483  30.345882     0.6482  30.345042     4.5728     4.5905    -0.0050    97.8583 1.0000e-12  -63.96575  -66.85580 330.276100      99.98 1.0577e+01   5333.079     127995  1038.3600  1038.3593    34.7052    34.7043    7.89290         37 0.0000e+00
   2272.000   2237.766     0.6479  30.345195     0.6482  30.344685     4.5713     4.5956    -0.0134    97.8583 1.0000e-12  -63.96574  -66.85579 330.276118      99.98 1.0577e+01   5334.614     128032  1038.3556  1038.3549    34.7053    34.7043    7.89298         33 0.0000e+00
   2271.000   2236.787     0.6490  30.345783     0.6490  30.345100     4.5719     4.5967    -0.0081    97.8583 1.0000e-12  -63.96574  -66.85580 330.276133      99.98 1.0577e+01   5335.931     128063  1038.3510  1038.3504    34.7053    34.7045    7.89276         31 0.0000e+00
   2270.000   2235.806     0.6494  30.345678     0.6500  30.345580     4.5676     4.5929    -0.0101    97.8583 1.0000e-12  -63.96574  -66.85582 330.276147      99.98 1.0577e+01   5337.121     128092  1038.3464  1038.3457    34.7052    34.7045    7.89268         27 0.0000e+00
   2269.000   2234.828     0.6509  30.346525     0.6514  30.346398     4.5717     4.5911    -0.0139    97.8583 1.0000e-12  -63.96574  -66.85580 330.276160      99.98 1.0918e+01   5338.237     128119  1038.3417  1038.3410    34.7052    34.7045    7.89239         26 0.0000e+00
   2268.000   2233.847     0.6516  30.346816     0.6521  30.346582     4.5717     4.5939    -0.0076    97.8583 1.0000e-12  -63.96574  -66.85582 330.276172      99.97 1.0806e+01   5339.260     128143  1038.3371  1038.3364    34.7053    34.7045    7.89223         23 0.0000e+00
   2267.000   2232.867     0.6522  30.347052     0.6528  30.346817     4.5623     4.5909    -0.0087    97.8583 1.0000e-12  -63.96574  -66.85580 330.276183      99.98 1.1137e+01   5340.186     128165  1038.3325  1038.3318    34.7054    34.7045    7.89210         22 0.0000e+00
   2266.000   2231.888     0.6534  30.347659     0.6538  30.347255     4.5770     4.5938    -0.0012    97.8583 1.0000e-12  -63.96574  -66.85580 330.276193      99.98 1.1247e+01   5341.067     128187  1038.3279  1038.3271    34.7054    34.7044    7.89186         21 0.0000e+00
   2265.000   2230.908     0.6543  30.348048     0.6548  30.347730     4.5743     4.5917    -0.0112    97.8583 1.0000e-12  -63.96574  -66.85579 330.276203      99.98 1.1062e+01   5341.962     128208  1038.3233  1038.3225    34.7054    34.7045    7.89168         22 0.0000e+00
   2264.000   2229.929     0.6550  30.348276     0.6546  30.347293     4.5615     4.5883    -0.0160    97.8583 1.0000e-12  -63.96574  -66.85578 330.276215      99.98 1.1239e+01   5342.958     128232  1038.3187  1038.3181    34.7055    34.7047    7.89154         24 0.0000e+00
   2263.000   2228.948     0.6544  30.347405     0.6555  30.347689     4.5752     4.5891    -0.0113    97.8583 1.0000e-12  -63.96574  -66.85578 330.276229      99.97 1.1502e+01   5344.190     128262  1038.3143  1038.3135    34.7055    34.7046    7.89165         34 0.0000e+00
   2262.000   2227.968     0.6533  30.345933     0.6540  30.345913     4.5686     4.5937    -0.0115    97.8583 1.0000e-12  -63.96574  -66.85578 330.276247      99.98 1.1984e+01   5345.768     128299  1038.3098  1038.3092    34.7053    34.7046    7.89188         38 0.0000e+00
   2261.000   2226.988     0.6545  30.346733     0.6542  30.345709     4.5672     4.5978    -0.0061    97.8583 1.0000e-12  -63.96574  -66.85578 330.276270      99.97 1.2335e+01   5347.764     128347  1038.3053  1038.3046    34.7055    34.7046    7.89162         39 0.0000e+00
   2260.000   2226.010     0.6547  30.346490     0.6547  30.345758     4.5688     4.5941    -0.0090    97.8583 1.0000e-12  -63.96574  -66.85578 330.276289      99.98 1.2340e+01   5349.400     128387  1038.3008  1038.3001    34.7055    34.7046    7.89159         30 0.0000e+00
   2259.000   2225.031     0.6557  30.346902     0.6562  30.346696     4.5665     4.5922    -0.0115    97.8741 1.0000e-12  -63.96574  -66.85578 330.276302      99.98 1.2340e+01   5350.467     128412  1038.2961  1038.2953    34.7054    34.7046    7.89139         23 0.0000e+00
   2258.000   2224.049     0.6578  30.348339     0.6583  30.348143     4.5640     4.5886    -0.0154    97.8719 1.0000e-12  -63.96574  -66.85578 330.276312      99.98 1.2340e+01   5351.342     128433  1038.2913  1038.2906    34.7055    34.7047    7.89096         19 0.0000e+00
   2257.000   2223.071     0.6591  30.349111     0.6592  30.348529     4.5700     4.5900    -0.0088    97.8732 1.0000e-12  -63.96574  -66.85578 330.276321      99.98 1.2340e+01   5352.127     128452  1038.2866  1038.2859    34.7055    34.7047    7.89069         19 0.0000e+00
   2256.000   2222.090     0.6592  30.348804     0.6595  30.348461     4.5681     4.5914    -0.0085    97.8741 1.0000e-12  -63.96574  -66.85578 330.276330      99.97 1.2340e+01   5352.895     128470  1038.2821  1038.2815    34.7055    34.7048    7.89067         18 0.0000e+00
   2255.000   2221.110     0.6593  30.348528     0.6597  30.348105     4.5654     4.5883    -0.0063    97.8743 1.0000e-12  -63.96574  -66.85578 330.276339      99.97 1.2340e+01   5353.710     128490  1038.2776  1038.2769    34.7056    34.7047    7.89065         21 0.0000e+00
   2254.000   2220.131     0.6591  30.347937     0.6594  30.347505     4.5683     4.5893    -0.0009    97.8736 1.0000e-12  -63.96574  -66.85578 330.276351      99.98 1.2340e+01   5354.703     128514  1038.2731  1038.2725    34.7055    34.7047    7.89069         27 0.0000e+00
   2253.000   2219.151     0.6587  30.347180     0.6589  30.346693     4.5691     4.5876    -0.0060    97.8682 1.0000e-12  -63.96574  -66.85578 330.276368      99.97 1.2340e+01   5356.211     128550  1038.2687  1038.2680    34.7055    34.7047    7.89077         40 0.0000e+00
   2252.000   2218.172     0.6589  30.346965     0.6591  30.346431     4.5664     4.5903    -0.0090    97.8744 1.0000e-12  -63.96574  -66.85578 330.276387      99.98 1.2340e+01   5357.869     128590  1038.2642  1038.2634    34.7056    34.7046    7.89074         31 0.0000e+00
   2251.000   2217.191     0.6591  30.346716     0.6591  30.346049     4.5683     4.5922    -0.0086    97.8775 1.0000e-12  -63.96574  -66.85578 330.276400      99.98 1.2340e+01   5358.945     128616  1038.2596  1038.2588    34.7056    34.7046    7.89070         23 0.0000e+00
   2250.000   2216.211     0.6592  30.346383     0.6595  30.345997     4.5645     4.5911    -0.0004    97.8582 1.0000e-12  -63.96574  -66.85578 330.276410      99.97 1.2340e+01   5359.860     128638  1038.2550  1038.2544    34.7055    34.7047    7.89068         22 0.0000e+00
   2249.000   2215.232     0.6598  30.346564     0.6600  30.346080     4.5633     4.5904    -0.0156    97.8623 1.0000e-12  -63.96574  -66.85578 330.276421      99.97 1.2340e+01   5360.812     128660  1038.2505  1038.2498    34.7055    34.7047    7.89055         25 0.0000e+00
   2248.000   2214.252     0.6596  30.345961     0.6598  30.345455     4.5693     4.5950    -0.0114    97.8698 1.0000e-12  -63.96574  -66.85578 330.276435      99.98 1.2340e+01   5362.001     128689  1038.2460  1038.2453    34.7056    34.7047    7.89060         33 0.0000e+00
   2247.000   2213.272     0.6595  30.345431     0.6592  30.344623     4.5681     4.5905    -0.0131    97.8697 1.0000e-12  -63.96574  -66.85577 330.276452      99.97 1.2340e+01   5363.473     128724  1038.2414  1038.2409    34.7055    34.7047    7.89062         34 0.0000e+00
   2246.000   2212.292     0.6595  30.345155     0.6597  30.344644     4.5634     4.5918    -0.0125    97.8731 1.0000e-12  -63.96574  -66.85578 330.276467      99.98 1.2340e+01   5364.738     128755  1038.2370  1038.2363    34.7056    34.7047    7.89060         26 0.0000e+00
   2245.000   2211.311     0.6600  30.345169     0.6599  30.344499     4.5737     4.5890    -0.0128    97.8623 1.0000e-12  -63.96574  -66.85578 330.276480      99.98 1.2340e+01   5365.852     128781  1038.2324  1038.2318    34.7056    34.7048    7.89051         26 0.0000e+00
   2244.000   2210.333     0.6617  30.346263     0.6619  30.345753     4.5614     4.5891    -0.0077    97.8795 1.0000e-12  -63.96574  -66.85578 330.276493      99.98 1.2340e+01   5366.980     128809  1038.2277  1038.2270    34.7056    34.7048    7.89016         28 0.0000e+00
   2243.000   2209.353     0.6628  30.346844     0.6635  30.346774     4.5623     4.5880    -0.0077    97.8716 1.0000e-12  -63.96574  -66.85578 330.276507      99.98 1.2340e+01   5368.168     128837  1038.2230  1038.2223    34.7057    34.7049    7.88993         29 0.0000e+00
   2242.000   2208.373     0.6640  30.347416     0.6644  30.347196     4.5600     4.5882    -0.0077    97.8792 1.0000e-12  -63.96574  -66.85578 330.276521      99.98 1.2340e+01   5369.430     128867  1038.2183  1038.2176    34.7056    34.7049    7.88970         32 0.0000e+00
   2241.000   2207.394     0.6640  30.347153     0.6644  30.346750     4.5653     4.5891    -0.0092    97.8744 1.0000e-12  -63.96574  -66.85578 330.276537      99.98 1.2340e+01   5370.765     128899  1038.2139  1038.2131    34.7057    34.7048    7.88968         32 0.0000e+00
   2240.000   2206.413     0.6645  30.347150     0.6651  30.347040     4.5659     4.5906    -0.0162    97.8772 1.0000e-12  -63.96574  -66.85578 330.276551      99.98 1.2340e+01   5371.987     128929  1038.2093  1038.2085    34.7057    34.7049    7.88959         26 0.0000e+00
   2239.000   2205.432     0.6657  30.347758     0.6659  30.347236     4.5646     4.5929    -0.0150    97.8759 1.0000e-12  -63.96574  -66.85578 330.276562      99.97 1.2340e+01   5372.983     128953  1038.2046  1038.2039    34.7057    34.7048    7.88935         22 0.0000e+00
   2238.000   2204.457     0.6665  30.348086     0.6667  30.347592     4.5600     4.5938    -0.0096    97.8773 1.0000e-12  -63.96574  -66.85578 330.276572      99.98 1.2340e+01   5373.839     128973  1038.2000  1038.1993    34.7057    34.7049    7.88918         19 0.0000e+00
   2237.000   2203.474     0.6669  30.347986     0.6670  30.347498     4.5663     4.5930    -0.0121    97.8673 1.0000e-12  -63.96574  -66.85578 330.276582      99.97 1.2340e+01   5374.651     128993  1038.1954  1038.1947    34.7056    34.7049    7.88910         20 0.0000e+00
   2236.000   2202.492     0.6669  30.347654     0.6672  30.347227     4.5680     4.5896    -0.0144    97.8681 1.0000e-12  -63.96574  -66.85578 330.276592      99.98 1.2340e+01   5375.533     129014  1038.1910  1038.1902    34.7058    34.7049    7.88910         21 0.0000e+00
   2235.000   2201.514     0.6667  30.347016     0.6666  30.346313     4.5630     4.5888    -0.0087    97.8762 1.0000e-12  -63.96574  -66.85577 330.276606      99.98 1.2340e+01   5376.770     129043  1038.1864  1038.1858    34.7057    34.7049    7.88915         33 0.0000e+00
   2234.000   2200.535     0.6665  30.346560     0.6668  30.346039     4.5739     4.5855    -0.0011    97.8740 1.0000e-12  -63.96574  -66.85576 330.276630      99.98 1.2340e+01   5378.844     129093  1038.1820  1038.1812    34.7058    34.7048    7.88917         36 0.0000e+00
   2233.000   2199.553     0.6667  30.346276     0.6669  30.345704     4.5527     4.5873    -0.0044    97.8619 1.0000e-12  -63.96574  -66.85576 330.276646      99.98 1.2340e+01   5380.183     129125  1038.1774  1038.1767    34.7057    34.7048    7.88913         26 0.0000e+00
   2232.000   2198.574     0.6673  30.346283     0.6676  30.345991     4.5708     4.5869    -0.0086    97.8777 1.0000e-12  -63.96574  -66.85576 330.276657      99.98 1.2340e+01   5381.192     129150  1038.1727  1038.1721    34.7056    34.7048    7.88902         24 0.0000e+00
   2231.000   2197.594     0.6692  30.347717     0.6694  30.347227     4.5693     4.5857    -0.0070    97.8767 1.0000e-12  -63.96574  -66.85578 330.276668      99.98 1.2340e+01   5382.128     129172  1038.1681  1038.1674    34.7058    34.7050    7.88862         21 0.0000e+00
   2230.000   2196.616     0.6703  30.348231     0.6705  30.347823     4.5567     4.5847    -0.0004    97.8673 1.0000e-12  -63.96574  -66.85578 330.276679      99.98 1.2340e+01   5383.041     129194  1038.1634  1038.1628    34.7058    34.7051    7.88840         23 0.0000e+00
   2229.000   2195.635     0.6711  30.348578     0.6711  30.347942     4.5626     4.5840    -0.0010    97.8763 1.0000e-12  -63.96574  -66.85578 330.276690      99.98 1.2340e+01   5383.994     129217  1038.1588  1038.1582    34.7058    34.7051    7.88824         24 0.0000e+00
