NBP2113_155081_ctd/data/unbp2113_036.cnv
* Sea-Bird SBE 9 Data File:
* FileName = D:\Data\raw\NBP2113_036.hex
* Software Version Seasave V 7.26.7.121
* Temperature SN = 2438
* Conductivity SN = 2067
* Number of Bytes Per Scan = 40
* Number of Voltage Words = 5
* Number of Scans Averaged by the Deck Unit = 1
* NMEA Latitude = 64 56.01 S
* NMEA Longitude = 064 24.02 W
* NMEA UTC (Time) = Dec 09 2021  08:52:43
* NMEA baud rate = 9600
** Ship: RVIB N.B. Palmer
** Cruise: NBP2113 LTER
** Station: 600.040
** Operator: B. Urmston
# nquan = 25
# nvalues = 1320                        
# units = specified
# name 0 = prDM: Pressure, Digiquartz [db]
# name 1 = depSM: Depth [salt water, m]
# name 2 = t090C: Temperature [ITS-90, deg C]
# name 3 = c0mS/cm: Conductivity [mS/cm]
# name 4 = t190C: Temperature, 2 [ITS-90, deg C]
# name 5 = c1mS/cm: Conductivity, 2 [mS/cm]
# name 6 = sbeox0ML/L: Oxygen, SBE 43 [ml/l]
# name 7 = sbeox1ML/L: Oxygen, SBE 43, 2 [ml/l]
# name 8 = flECO-AFL: Fluorescence, WET Labs ECO-AFL/FL [mg/m^3]
# name 9 = CStarTr0: Beam Transmission, WET Labs C-Star [%]
# name 10 = par: PAR/Irradiance, Biospherical/Licor
# name 11 = latitude: Latitude [deg]
# name 12 = longitude: Longitude [deg]
# name 13 = timeJ: Julian Days
# name 14 = altM: Altimeter [m]
# name 15 = spar: SPAR, Biospherical/Licor
# name 16 = timeS: Time, Elapsed [seconds]
# name 17 = scan: Scan Count
# name 18 = density00: Density [density, kg/m^3]
# name 19 = density11: Density, 2 [density, kg/m^3]
# name 20 = sal00: Salinity, Practical [PSU]
# name 21 = sal11: Salinity, Practical, 2 [PSU]
# name 22 = oxsolML/L: Oxygen Saturation, Garcia & Gordon [ml/l]
# name 23 = nbin: number of scans per bin
# name 24 = flag: flag
# span 0 =      1.000,   1320.000       
# span 1 =      0.991,   1302.935       
# span 2 =    -0.8801,     1.4953       
# span 3 =  27.240278,  30.665300       
# span 4 =    -0.8887,     1.4953       
# span 5 =  27.228788,  30.664082       
# span 6 =     4.0305,     9.1074       
# span 7 =     4.0848,     9.8278       
# span 8 =    -0.0221,     1.5805       
# span 9 =    87.9010,    95.7138       
# span 10 = 1.0000e-12, 3.5589e+02      
# span 11 =  -64.93360,  -64.93348      
# span 12 =  -64.40002,  -64.39930      
# span 13 = 343.398069, 343.421022      
# span 14 =       8.13,     100.59      
# span 15 = 1.2511e+02, 2.6975e+02      
# span 16 =   2430.150,   4413.284      
# span 17 =      58325,     105920      
# span 18 =  1026.9977,  1033.8993      
# span 19 =  1026.9967,  1033.8983      
# span 20 =    33.5726,    34.6777      
# span 21 =    33.5713,    34.6764      
# span 22 =    7.72533,    8.28030      
# span 23 =          8,         47      
# span 24 = 0.0000e+00, 0.0000e+00      
# interval = decibars: 1                
# start_time = Dec 09 2021 08:52:43 [NMEA time, header]
# bad_flag = -9.990e-29
*END*
[from data line 1276]
     44.000     43.564    -0.2236  28.148335    -0.2109  28.157634     7.4180     7.4535     0.3202    94.0996 2.5007e+00  -64.93358  -64.39991 343.418896      99.98 2.3855e+02   4229.591     101511  1027.5546  1027.5522    34.0431    34.0413    8.11139         32 0.0000e+00
     43.000     42.574    -0.2307  28.140110    -0.2264  28.141797     7.5055     7.4972     0.2621    94.1439 2.8656e+00  -64.93358  -64.39990 343.418959      99.97 2.4153e+02   4235.042     101642  1027.5483  1027.5459    34.0406    34.0381    8.11303         19 0.0000e+00
     42.000     41.585    -0.2078  28.157045    -0.2084  28.156442     7.5252     7.5053     0.2589    94.1447 3.0944e+00  -64.93358  -64.39990 343.418967      99.97 2.4151e+02   4235.756     101659  1027.5399  1027.5399    34.0383    34.0382    8.10830         18 0.0000e+00
     41.000     40.593    -0.2000  28.163194    -0.2002  28.162083     7.5208     7.5112     0.2763    94.0676 3.3007e+00  -64.93358  -64.39991 343.418978      99.97 2.4151e+02   4236.660     101681  1027.5348  1027.5337    34.0384    34.0371    8.10664         26 0.0000e+00
     40.000     39.603    -0.2040  28.159756    -0.2004  28.160819     7.5238     7.5179     0.3182    94.0463 3.3377e+00  -64.93358  -64.39991 343.418998      99.97 2.4151e+02   4238.410     101723  1027.5308  1027.5285    34.0388    34.0363    8.10744         38 0.0000e+00
     39.000     38.614    -0.2015  28.160032    -0.2016  28.159337     7.4991     7.5090     0.3433    94.0608 3.3536e+00  -64.93358  -64.39991 343.419027      99.97 2.4184e+02   4240.959     101784  1027.5246  1027.5240    34.0370    34.0362    8.10703         41 0.0000e+00
     38.000     37.623    -0.2026  28.157765    -0.2050  28.156531     7.5002     7.5438     0.3562    94.0113 3.6190e+00  -64.93358  -64.39989 343.419052      99.97 2.4333e+02   4243.094     101835  1027.5191  1027.5200    34.0358    34.0368    8.10732         39 0.0000e+00
     37.000     36.633    -0.1963  28.151701    -0.1772  28.168192     7.5527     7.6184     0.3609    94.0507 3.9470e+00  -64.93358  -64.39988 343.419096      99.97 2.4328e+02   4246.860     101926  1027.5020  1027.5014    34.0213    34.0220    8.10681         34 0.0000e+00
     36.000     35.643    -0.2368  28.118751    -0.2292  28.123466     7.6318     7.6554     0.3830    94.0376 4.3504e+00  -64.93358  -64.39990 343.419110      99.97 2.4328e+02   4248.078     101955  1027.5021  1027.4998    34.0232    34.0210    8.11532         24 0.0000e+00
     35.000     34.655    -0.2716  28.063172    -0.2485  28.078497     7.6754     7.6785     0.3618    93.8913 4.7943e+00  -64.93358  -64.39990 343.419121      99.97 2.4328e+02   4249.087     101979  1027.4718  1027.4659    33.9886    33.9832    8.12472         25 0.0000e+00
     34.000     33.664    -0.2100  28.110988    -0.2090  28.110891     7.6557     7.6511     0.4593    93.5516 5.1875e+00  -64.93358  -64.39991 343.419230      99.97 2.4186e+02   4258.467     102204  1027.4591  1027.4580    33.9842    33.9829    8.11185         38 0.0000e+00
     33.000     32.674    -0.1872  28.130037    -0.1992  28.120742     7.7228     7.7491     0.5424    93.3309 5.6213e+00  -64.93358  -64.39990 343.419560      99.97 2.4213e+02   4286.970     102888  1027.4539  1027.4555    33.9847    33.9857    8.10695         40 0.0000e+00
     32.000     31.684    -0.1718  28.140037    -0.1738  28.137450     7.7340     7.7743     0.5952    93.3029 6.1190e+00  -64.93358  -64.39990 343.419583      99.97 2.4252e+02   4288.949     102936  1027.4454  1027.4442    33.9815    33.9802    8.10387         37 0.0000e+00
     31.000     30.694    -0.1584  28.147702    -0.1620  28.144235     7.7127     7.7662     0.6065    93.3338 6.3735e+00  -64.93358  -64.39989 343.419607      99.97 2.4268e+02   4291.008     102985  1027.4362  1027.4358    33.9773    33.9768    8.10125         35 0.0000e+00
     30.000     29.704    -0.1803  28.132026    -0.1796  28.131272     7.7766     7.7985     0.5974    93.2825 6.7742e+00  -64.93358  -64.39990 343.419667      99.97 2.4329e+02   4296.206     103110  1027.4366  1027.4350    33.9815    33.9798    8.10568         18 0.0000e+00
     29.000     28.714    -0.1743  28.127662    -0.1800  28.123254     7.7723     7.7995     0.5493    93.1148 7.3536e+00  -64.93358  -64.39990 343.419674      99.97 2.4328e+02   4296.809     103124  1027.4216  1027.4223    33.9696    33.9701    8.10508         16 0.0000e+00
     28.000     27.724    -0.1761  28.117514    -0.1785  28.117899     7.7597     7.7972     0.6523    92.9212 8.0363e+00  -64.93358  -64.39990 343.419682      99.97 2.4328e+02   4297.517     103141  1027.4082  1027.4108    33.9587    33.9619    8.10607         18 0.0000e+00
     27.000     26.734    -0.1792  28.111493    -0.1812  28.110593     7.7827     7.7958     0.7397    92.6321 8.8431e+00  -64.93358  -64.39990 343.419693      99.97 2.4328e+02   4298.497     103165  1027.4004  1027.4014    33.9547    33.9558    8.10696         31 0.0000e+00
     26.000     25.743    -0.1694  28.125955    -0.1725  28.125498     7.7697     7.8063     0.8177    92.5540 9.9841e+00  -64.93358  -64.39988 343.419768      99.97 2.4508e+02   4304.938     103320  1027.4021  1027.4047    33.9637    33.9666    8.10438         36 0.0000e+00
     25.000     24.754    -0.1782  28.114522    -0.1793  28.114041     7.8068     7.8272     0.8221    92.4571 1.0855e+01  -64.93358  -64.39988 343.419783      99.97 2.4504e+02   4306.222     103350  1027.3942  1027.3947    33.9589    33.9595    8.10652         32 0.0000e+00
     24.000     23.764    -0.2104  28.062095    -0.2050  28.070335     7.7819     7.8279     0.9462    92.3270 1.1618e+01  -64.93358  -64.39988 343.419806      99.97 2.4514e+02   4308.208     103398  1027.3648  1027.3681    33.9255    33.9305    8.11526         35 0.0000e+00
     23.000     22.774    -0.2604  27.988319    -0.2585  27.990416     7.8405     7.8836     1.3705    91.2518 1.3217e+01  -64.93358  -64.39992 343.420186      99.97 2.4864e+02   4341.105     104188  1027.3277  1027.3281    33.8835    33.8841    8.12834         37 0.0000e+00
     22.000     21.784    -0.2558  27.995341    -0.2587  27.990559     7.8451     7.8902     1.3621    91.0913 1.4378e+01  -64.93358  -64.39992 343.420300      99.97 2.4857e+02   4350.910     104423  1027.3262  1027.3239    33.8883    33.8851    8.12707         27 0.0000e+00
     21.000     20.790    -0.2668  27.979907    -0.2834  27.959121     7.8365     7.8900     1.3761    90.9691 1.5416e+01  -64.93358  -64.39991 343.420326      99.97 2.4857e+02   4353.129     104476  1027.3161  1027.3097    33.8805    33.8712    8.12986         33 0.0000e+00
     20.000     19.803    -0.2654  27.981201    -0.2737  27.969552     7.8454     7.8935     1.5344    90.9491 1.6384e+01  -64.93358  -64.39990 343.420386      99.97 2.4857e+02   4358.385     104602  1027.3118  1027.3072    33.8813    33.8750    8.12952         34 0.0000e+00
     19.000     18.813    -0.2725  27.973605    -0.2757  27.969805     7.8580     7.9293     1.4752    90.7901 1.9565e+01  -64.93358  -64.39993 343.420402      99.97 2.4857e+02   4359.759     104635  1027.3062  1027.3048    33.8797    33.8782    8.13113         31 0.0000e+00
     18.000     17.824    -0.3356  27.896793    -0.3505  27.878242     7.8430     7.9133     1.5043    90.6105 2.1713e+01  -64.93358  -64.39994 343.420419      99.97 2.4857e+02   4361.238     104671  1027.2803  1027.2748    33.8479    33.8398    8.14645         34 0.0000e+00
     17.000     16.830    -0.4188  27.801473    -0.4051  27.817148     7.9019     7.9354     1.5805    90.4181 2.1915e+01  -64.93358  -64.39991 343.420471      99.96 2.5065e+02   4365.678     104777  1027.2520  1027.2557    33.8135    33.8193    8.16632         33 0.0000e+00
     16.000     15.843    -0.4375  27.776163    -0.4338  27.775877     7.8469     7.9270     1.4779    90.4257 2.4207e+01  -64.93358  -64.39990 343.420511      99.97 2.5212e+02   4369.121     104860  1027.2367  1027.2335    33.8012    33.7966    8.17104         20 0.0000e+00
     15.000     14.852    -0.4997  27.713009    -0.5325  27.677670     7.9247     7.9469     1.4122    90.4527 2.7162e+01  -64.93358  -64.39991 343.420519      99.97 2.5209e+02   4369.859     104878  1027.2244  1027.2182    33.7864    33.7754    8.18530         19 0.0000e+00
     14.000     13.863    -0.5826  27.609048    -0.5285  27.670072     7.9372     7.9836     1.4478    90.3765 3.0087e+01  -64.93358  -64.39993 343.420544      99.97 2.5270e+02   4372.020     104929  1027.1866  1027.2013    33.7395    33.7614    8.20598         34 0.0000e+00
     13.000     12.873    -0.7224  27.449197    -0.6405  27.546309     7.8842     7.9311     1.3952    90.1147 3.2857e+01  -64.93358  -64.39993 343.420591      99.97 2.5574e+02   4376.022     105026  1027.1411  1027.1693    33.6805    33.7201    8.23982         39 0.0000e+00
     12.000     11.880    -0.7470  27.410447    -0.6704  27.499166     7.9427     7.9825     1.4540    90.0654 3.6173e+01  -64.93358  -64.39992 343.420647      99.97 2.5842e+02   4380.890     105142  1027.1161  1027.1402    33.6561    33.6905    8.24665         31 0.0000e+00
     11.000     10.893    -0.6245  27.571882    -0.6240  27.573498     7.9635     8.0317     1.3907    90.0648 4.1851e+01  -64.93358  -64.39992 343.420663      99.97 2.5915e+02   4382.283     105176  1027.1679  1027.1710    33.7381    33.7396    8.21515         24 0.0000e+00
     10.000      9.902    -0.8159  27.336639    -0.8348  27.311181     7.8945     8.0093     1.3625    89.4013 4.8325e+01  -64.93358  -64.39994 343.420674      99.97 2.5960e+02   4383.240     105199  1027.0930  1027.0841    33.6344    33.6210    8.26296         23 0.0000e+00
      9.000      8.912    -0.8141  27.320615    -0.8759  27.252816     7.9240     7.9893     1.4782    88.6346 5.3960e+01  -64.93358  -64.39995 343.420727      99.96 2.6223e+02   4387.833     105309  1027.0668  1027.0533    33.6112    33.5883    8.26394         35 0.0000e+00
      8.000      7.921    -0.8425  27.289523    -0.8643  27.259846     7.9532     8.0222     1.5005    88.0870 5.9835e+01  -64.93358  -64.39994 343.420909      99.97 2.6798e+02   4403.505     105685  1027.0516  1027.0404    33.6015    33.5855    8.27073         29 0.0000e+00
      7.000      6.932    -0.8663  27.262093    -0.8729  27.253685     8.2092     8.0347     1.4594    88.3373 7.1005e+01  -64.93358  -64.39995 343.420921      99.97 2.6796e+02   4404.601     105711  1027.0403  1027.0376    33.5914    33.5874    8.27654         27 0.0000e+00
      6.000      5.941    -0.8745  27.249930    -0.8887  27.228788     8.3431     8.0312     1.4419    88.2280 8.2373e+01  -64.93358  -64.39997 343.420935      99.97 2.6796e+02   4405.744     105739  1027.0306  1027.0213    33.5847    33.5719    8.27875         28 0.0000e+00
      5.000      4.951    -0.8801  27.240788    -0.8788  27.237513     7.7804     8.0287     1.4385    88.0141 8.9951e+01  -64.93358  -64.39998 343.420950      99.97 2.6796e+02   4407.057     105770  1027.0217  1027.0169    33.5792    33.5733    8.28030         36 0.0000e+00
      4.000      3.961    -0.8723  27.243335    -0.8625  27.258790     8.2945     8.0730     1.4377    87.9358 1.0437e+02  -64.93359  -64.39998 343.420969      99.97 2.6796e+02   4408.715     105810  1027.0127  1027.0202    33.5745    33.5846    8.27886         33 0.0000e+00
      3.000      2.970    -0.8640  27.249814    -0.8669  27.246635     9.0216     9.7183     1.3499    87.9157 1.1494e+02  -64.93360  -64.39997 343.420983      99.96 2.6796e+02   4409.903     105839  1027.0074  1027.0068    33.5747    33.5736    8.27702         24 0.0000e+00
      2.000      1.980    -0.8731  27.240278    -0.8734  27.239117     9.1074     9.8278     1.2140    87.9238 1.4265e+02  -64.93360  -64.39995 343.420998      99.97 2.6898e+02   4411.238     105871  1027.0015  1027.0005    33.5726    33.5713    8.27915         34 0.0000e+00
      1.000      0.991    -0.8647  27.248168    -0.8645  27.247484     9.0119     9.7957     1.0397    87.9010 3.5589e+02  -64.93358  -64.39996 343.421022      99.97 2.6975e+02   4413.284     105920  1026.9977  1026.9967    33.5745    33.5733    8.27719         26 0.0000e+00
