NBP2113_155081_ctd/data/unbp2113_052.cnv
* Sea-Bird SBE 9 Data File:
* FileName = D:\Data\raw\NBP2113_052.hex
* Software Version Seasave V 7.26.7.121
* Temperature SN = 2438
* Conductivity SN = 2067
* Number of Bytes Per Scan = 40
* Number of Voltage Words = 5
* Number of Scans Averaged by the Deck Unit = 1
* NMEA Latitude = 64 54.69 S
* NMEA Longitude = 064 40.23 W
* NMEA UTC (Time) = Dec 11 2021  16:24:27
* NMEA baud rate = 9600
** Ship: RVIB N.B. Palmer
** Cruise: NBP2113 LTER
** Station: 593.051
** Operator: S. Blackman
# nquan = 25
# nvalues = 955                         
# units = specified
# name 0 = prDM: Pressure, Digiquartz [db]
# name 1 = depSM: Depth [salt water, m]
# name 2 = t090C: Temperature [ITS-90, deg C]
# name 3 = c0mS/cm: Conductivity [mS/cm]
# name 4 = t190C: Temperature, 2 [ITS-90, deg C]
# name 5 = c1mS/cm: Conductivity, 2 [mS/cm]
# name 6 = sbeox0ML/L: Oxygen, SBE 43 [ml/l]
# name 7 = sbeox1ML/L: Oxygen, SBE 43, 2 [ml/l]
# name 8 = flECO-AFL: Fluorescence, WET Labs ECO-AFL/FL [mg/m^3]
# name 9 = CStarTr0: Beam Transmission, WET Labs C-Star [%]
# name 10 = par: PAR/Irradiance, Biospherical/Licor
# name 11 = latitude: Latitude [deg]
# name 12 = longitude: Longitude [deg]
# name 13 = timeJ: Julian Days
# name 14 = altM: Altimeter [m]
# name 15 = spar: SPAR, Biospherical/Licor
# name 16 = timeS: Time, Elapsed [seconds]
# name 17 = scan: Scan Count
# name 18 = density00: Density [density, kg/m^3]
# name 19 = density11: Density, 2 [density, kg/m^3]
# name 20 = sal00: Salinity, Practical [PSU]
# name 21 = sal11: Salinity, Practical, 2 [PSU]
# name 22 = oxsolML/L: Oxygen Saturation, Garcia & Gordon [ml/l]
# name 23 = nbin: number of scans per bin
# name 24 = flag: flag
# span 0 =      1.000,    955.000       
# span 1 =      0.989,    943.477       
# span 2 =    -0.7368,     1.4836       
# span 3 =  27.374513,  30.503059       
# span 4 =    -0.7448,     1.4834       
# span 5 =  27.362356,  30.501669       
# span 6 =     4.0474,     8.0729       
# span 7 =     4.1128,     8.1737       
# span 8 =    -0.0227,     1.7120       
# span 9 =    81.8827,    91.8546       
# span 10 = 1.0000e-12, 7.8527e+02      
# span 11 =  -64.91190,  -64.91178      
# span 12 =  -64.67152,  -64.67096      
# span 13 = 345.703514, 345.720935      
# span 14 =       8.39,     100.51      
# span 15 = 5.9603e+02, 1.3186e+03      
# span 16 =   1716.628,   3221.801      
# span 17 =      41200,      77324      
# span 18 =  1027.0247,  1032.2221      
# span 19 =  1027.0223,  1032.2210      
# span 20 =    33.6017,    34.6828      
# span 21 =    33.5931,    34.6813      
# span 22 =    7.72734,    8.24752      
# span 23 =          9,         44      
# span 24 = 0.0000e+00, 0.0000e+00      
# interval = decibars: 1                
# start_time = Dec 11 2021 16:24:27 [NMEA time, header]
# bad_flag = -9.990e-29
*END*
[from data line 174]
    781.000    771.897     1.4610  30.404336     1.4608  30.402887     4.0791     4.1421    -0.0053    91.5222 1.0000e-12  -64.91186  -64.67132 345.705986      99.97 1.2499e+03   1930.176      46325  1031.4143  1031.4130    34.6786    34.6770    7.73199         15 0.0000e+00
    780.000    770.908     1.4606  30.403431     1.4602  30.401799     4.0813     4.1379    -0.0092    91.5239 1.0000e-12  -64.91186  -64.67132 345.705993      99.97 1.2499e+03   1930.829      46341  1031.4096  1031.4083    34.6785    34.6768    7.73208         16 0.0000e+00
    779.000    769.922     1.4602  30.402535     1.4600  30.401265     4.0760     4.1389    -0.0135    91.5063 1.0000e-12  -64.91186  -64.67132 345.706002      99.97 1.2499e+03   1931.543      46358  1031.4049  1031.4038    34.6783    34.6769    7.73217         19 0.0000e+00
    778.000    768.934     1.4604  30.402298     1.4602  30.400894     4.0823     4.1339    -0.0044    91.5316 1.0000e-12  -64.91186  -64.67132 345.706013      99.97 1.2499e+03   1932.496      46381  1031.4003  1031.3990    34.6784    34.6768    7.73213         29 0.0000e+00
    777.000    767.947     1.4606  30.402048     1.4602  30.400504     4.0786     4.1382    -0.0119    91.5220 1.0000e-12  -64.91186  -64.67132 345.706040      99.97 1.2491e+03   1934.875      46438  1031.3956  1031.3944    34.6784    34.6769    7.73209         38 0.0000e+00
    776.000    766.963     1.4605  30.401642     1.4603  30.400166     4.0819     4.1424    -0.0089    91.5240 1.0000e-12  -64.91186  -64.67132 345.706069      99.97 1.2499e+03   1937.343      46497  1031.3911  1031.3898    34.6785    34.6769    7.73210         33 0.0000e+00
    775.000    765.976     1.4603  30.400975     1.4601  30.399589     4.0845     4.1464    -0.0045    91.5239 1.0000e-12  -64.91186  -64.67132 345.706081      99.97 1.2499e+03   1938.395      46522  1031.3864  1031.3852    34.6784    34.6769    7.73214         21 0.0000e+00
    774.000    764.990     1.4596  30.399847     1.4593  30.398267     4.0804     4.1415    -0.0045    91.5372 1.0000e-12  -64.91186  -64.67132 345.706090      99.97 1.2500e+03   1939.170      46541  1031.3817  1031.3805    34.6783    34.6767    7.73228         16 0.0000e+00
    773.000    764.003     1.4588  30.398383     1.4585  30.396963     4.0798     4.1391    -0.0043    91.5554 1.0000e-12  -64.91186  -64.67132 345.706098      99.97 1.2514e+03   1939.813      46557  1031.3768  1031.3757    34.6780    34.6765    7.73247         15 0.0000e+00
    772.000    763.016     1.4588  30.397817     1.4586  30.396446     4.0855     4.1397    -0.0019    91.5663 1.0000e-12  -64.91186  -64.67132 345.706104      99.97 1.2516e+03   1940.402      46571  1031.3721  1031.3708    34.6778    34.6762    7.73248         14 0.0000e+00
    771.000    762.031     1.4588  30.397517     1.4586  30.396082     4.0870     4.1397    -0.0117    91.5686 1.0000e-12  -64.91186  -64.67132 345.706111      99.97 1.2516e+03   1941.008      46585  1031.3675  1031.3663    34.6779    34.6763    7.73246         15 0.0000e+00
    770.000    761.042     1.4591  30.397443     1.4590  30.396114     4.0869     4.1388    -0.0089    91.5727 1.0000e-12  -64.91186  -64.67132 345.706119      99.97 1.2527e+03   1941.714      46602  1031.3629  1031.3617    34.6781    34.6765    7.73240         20 0.0000e+00
    769.000    760.057     1.4590  30.396788     1.4585  30.395206     4.0828     4.1408    -0.0028    91.5556 1.0000e-12  -64.91186  -64.67132 345.706156      99.97 1.2534e+03   1944.836      46677  1031.3582  1031.3570    34.6779    34.6764    7.73242         30 0.0000e+00
    768.000    759.070     1.4587  30.396056     1.4584  30.394533     4.0798     4.1456     0.0017    91.5509 1.0000e-12  -64.91186  -64.67130 345.706185      99.97 1.2534e+03   1947.372      46738  1031.3535  1031.3523    34.6779    34.6763    7.73249         21 0.0000e+00
    767.000    758.084     1.4589  30.395768     1.4585  30.394410     4.0818     4.1443     0.0073    91.5511 1.0000e-12  -64.91186  -64.67132 345.706195      99.97 1.2534e+03   1948.204      46758  1031.3489  1031.3478    34.6779    34.6765    7.73245         19 0.0000e+00
    766.000    757.097     1.4590  30.395496     1.4588  30.394054     4.0761     4.1419     0.0144    91.5453 1.0000e-12  -64.91186  -64.67132 345.706204      99.97 1.2543e+03   1948.988      46777  1031.3442  1031.3430    34.6779    34.6764    7.73242         18 0.0000e+00
    765.000    756.112     1.4586  30.394726     1.4582  30.392992     4.0803     4.1404    -0.0020    91.5411 1.0000e-12  -64.91186  -64.67132 345.706212      99.97 1.2552e+03   1949.729      46795  1031.3396  1031.3383    34.6780    34.6763    7.73251         18 0.0000e+00
    764.000    755.124     1.4571  30.392603     1.4565  30.390772     4.0835     4.1405    -0.0055    91.5332 1.0000e-12  -64.91186  -64.67132 345.706220      99.97 1.2552e+03   1950.441      46812  1031.3348  1031.3336    34.6775    34.6759    7.73283         17 0.0000e+00
    763.000    754.137     1.4552  30.390183     1.4547  30.388481     4.0918     4.1397    -0.0123    91.5740 1.0000e-12  -64.91186  -64.67132 345.706229      99.97 1.2552e+03   1951.164      46829  1031.3301  1031.3288    34.6771    34.6754    7.73322         18 0.0000e+00
    762.000    753.150     1.4541  30.388441     1.4534  30.386472     4.0998     4.1391     0.0103    91.5619 1.0000e-12  -64.91186  -64.67132 345.706238      99.97 1.2552e+03   1951.988      46849  1031.3252  1031.3239    34.6766    34.6749    7.73346         22 0.0000e+00
    761.000    752.164     1.4551  30.388815     1.4555  30.388075     4.0891     4.1446    -0.0014    91.5970 1.0000e-12  -64.91186  -64.67132 345.706255      99.97 1.2557e+03   1953.428      46883  1031.3204  1031.3192    34.6766    34.6752    7.73327         30 0.0000e+00
    760.000    751.178     1.4572  30.391043     1.4564  30.389030     4.0835     4.1443    -0.0041    91.5737 1.0000e-12  -64.91184  -64.67132 345.706287      99.97 1.2552e+03   1956.221      46950  1031.3163  1031.3150    34.6776    34.6760    7.73280         32 0.0000e+00
    759.000    750.191     1.4547  30.387776     1.4549  30.386915     4.0901     4.1461    -0.0105    91.5603 1.0000e-12  -64.91184  -64.67130 345.706301      99.97 1.2552e+03   1957.402      46979  1031.3113  1031.3102    34.6769    34.6755    7.73334         24 0.0000e+00
    758.000    749.205     1.4534  30.385973     1.4530  30.384500     4.0964     4.1508    -0.0124    91.5922 1.0000e-12  -64.91186  -64.67132 345.706312      99.98 1.2552e+03   1958.366      47002  1031.3066  1031.3054    34.6765    34.6750    7.73360         22 0.0000e+00
    757.000    748.217     1.4525  30.384560     1.4521  30.382935     4.0934     4.1512    -0.0088    91.6208 1.0000e-12  -64.91186  -64.67130 345.706323      99.97 1.2540e+03   1959.348      47025  1031.3018  1031.3005    34.6763    34.6747    7.73380         26 0.0000e+00
    756.000    747.232     1.4522  30.383820     1.4519  30.382355     4.0919     4.1464    -0.0101    91.6253 1.0000e-12  -64.91186  -64.67130 345.706338      99.97 1.2535e+03   1960.573      47055  1031.2971  1031.2959    34.6762    34.6747    7.73385         33 0.0000e+00
    755.000    746.244     1.4526  30.383817     1.4521  30.382110     4.0962     4.1461    -0.0133    91.6246 1.0000e-12  -64.91186  -64.67131 345.706354      99.97 1.2551e+03   1961.999      47089  1031.2925  1031.2913    34.6763    34.6747    7.73377         34 0.0000e+00
    754.000    745.257     1.4519  30.382641     1.4513  30.380976     4.0941     4.1513    -0.0045    91.6177 1.0000e-12  -64.91186  -64.67132 345.706369      99.97 1.2535e+03   1963.261      47119  1031.2878  1031.2866    34.6762    34.6747    7.73392         25 0.0000e+00
    753.000    744.271     1.4515  30.381851     1.4511  30.380251     4.0907     4.1520    -0.0045    91.6180 1.0000e-12  -64.91184  -64.67132 345.706381      99.97 1.2519e+03   1964.298      47144  1031.2832  1031.2819    34.6762    34.6746    7.73400         23 0.0000e+00
    752.000    743.284     1.4512  30.381085     1.4509  30.379615     4.0914     4.1508    -0.0128    91.6258 1.0000e-12  -64.91184  -64.67132 345.706392      99.97 1.2509e+03   1965.261      47167  1031.2784  1031.2772    34.6760    34.6745    7.73405         24 0.0000e+00
    751.000    742.298     1.4512  30.380566     1.4507  30.378866     4.0943     4.1495    -0.0052    91.6407 1.0000e-12  -64.91184  -64.67132 345.706406      99.97 1.2499e+03   1966.442      47196  1031.2738  1031.2725    34.6760    34.6744    7.73406         34 0.0000e+00
    750.000    741.311     1.4512  30.380163     1.4508  30.378598     4.0887     4.1516    -0.0099    91.6282 1.0000e-12  -64.91184  -64.67132 345.706427      99.97 1.2484e+03   1968.256      47239  1031.2691  1031.2679    34.6760    34.6745    7.73406         34 0.0000e+00
    749.000    740.323     1.4508  30.379313     1.4504  30.377821     4.0889     4.1489    -0.0137    91.6472 1.0000e-12  -64.91186  -64.67132 345.706442      99.97 1.2475e+03   1969.548      47270  1031.2644  1031.2633    34.6759    34.6744    7.73414         25 0.0000e+00
    748.000    739.339     1.4506  30.378603     1.4503  30.377225     4.0885     4.1462    -0.0073    91.6279 1.0000e-12  -64.91186  -64.67132 345.706452      99.97 1.2464e+03   1970.473      47292  1031.2598  1031.2586    34.6758    34.6744    7.73419         21 0.0000e+00
    747.000    738.353     1.4504  30.377968     1.4501  30.376618     4.0878     4.1494    -0.0051    91.6503 1.0000e-12  -64.91186  -64.67132 345.706462      99.97 1.2464e+03   1971.319      47313  1031.2550  1031.2540    34.6758    34.6744    7.73423         20 0.0000e+00
    746.000    737.364     1.4500  30.377253     1.4498  30.375788     4.0903     4.1494    -0.0026    91.6219 1.0000e-12  -64.91186  -64.67132 345.706472      99.97 1.2464e+03   1972.219      47334  1031.2505  1031.2492    34.6758    34.6742    7.73430         24 0.0000e+00
    745.000    736.378     1.4499  30.376528     1.4499  30.375389     4.0951     4.1495     0.0018    91.6337 1.0000e-12  -64.91184  -64.67132 345.706485      99.97 1.2446e+03   1973.306      47360  1031.2456  1031.2445    34.6756    34.6742    7.73434         29 0.0000e+00
    744.000    735.393     1.4501  30.376378     1.4499  30.375073     4.1000     4.1512    -0.0051    91.6166 1.0000e-12  -64.91184  -64.67131 345.706504      99.97 1.2440e+03   1974.919      47399  1031.2411  1031.2399    34.6758    34.6743    7.73429         38 0.0000e+00
    743.000    734.405     1.4500  30.375788     1.4497  30.374509     4.0943     4.1492    -0.0070    91.6323 1.0000e-12  -64.91184  -64.67131 345.706533      99.97 1.2412e+03   1977.456      47460  1031.2364  1031.2353    34.6757    34.6744    7.73432         33 0.0000e+00
    742.000    733.419     1.4497  30.375153     1.4495  30.373730     4.0892     4.1556     0.0028    91.6334 1.0000e-12  -64.91184  -64.67132 345.706549      99.97 1.2411e+03   1978.840      47493  1031.2318  1031.2306    34.6757    34.6742    7.73436         24 0.0000e+00
    741.000    732.431     1.4493  30.374306     1.4492  30.373134     4.0873     4.1585    -0.0037    91.6266 1.0000e-12  -64.91184  -64.67132 345.706559      99.97 1.2411e+03   1979.705      47514  1031.2271  1031.2261    34.6756    34.6744    7.73444         19 0.0000e+00
    740.000    731.445     1.4487  30.373091     1.4483  30.371687     4.0917     4.1546    -0.0047    91.6481 1.0000e-12  -64.91184  -64.67132 345.706567      99.97 1.2399e+03   1980.415      47531  1031.2223  1031.2213    34.6754    34.6741    7.73459         17 0.0000e+00
    739.000    730.457     1.4481  30.372088     1.4480  30.370732     4.0944     4.1533    -0.0054    91.6350 1.0000e-12  -64.91184  -64.67132 345.706575      99.97 1.2393e+03   1981.102      47547  1031.2176  1031.2165    34.6753    34.6737    7.73470         16 0.0000e+00
    738.000    729.471     1.4477  30.371249     1.4475  30.369802     4.0935     4.1520    -0.0115    91.6269 1.0000e-12  -64.91185  -64.67132 345.706584      99.97 1.2393e+03   1981.832      47565  1031.2130  1031.2118    34.6752    34.6737    7.73478         19 0.0000e+00
    737.000    728.484     1.4472  30.370250     1.4474  30.369253     4.0929     4.1517    -0.0137    91.6248 1.0000e-12  -64.91185  -64.67131 345.706594      99.97 1.2390e+03   1982.735      47587  1031.2083  1031.2071    34.6751    34.6736    7.73489         24 0.0000e+00
    736.000    727.497     1.4479  30.370497     1.4477  30.369115     4.0927     4.1516    -0.0132    91.6065 1.0000e-12  -64.91184  -64.67130 345.706610      99.97 1.2368e+03   1984.139      47620  1031.2036  1031.2025    34.6752    34.6737    7.73475         37 0.0000e+00
    735.000    726.511     1.4478  30.370002     1.4477  30.368747     4.0971     4.1497    -0.0058    91.6144 1.0000e-12  -64.91184  -64.67130 345.706637      99.97 1.2342e+03   1986.439      47676  1031.1990  1031.1979    34.6752    34.6738    7.73477         40 0.0000e+00
    734.000    725.526     1.4479  30.369712     1.4476  30.368244     4.0941     4.1541    -0.0056    91.6273 1.0000e-12  -64.91184  -64.67130 345.706657      99.97 1.2319e+03   1988.137      47716  1031.1944  1031.1933    34.6753    34.6738    7.73475         31 0.0000e+00
    733.000    724.537     1.4470  30.368257     1.4467  30.366857     4.0901     4.1571     0.0028    91.6226 1.0000e-12  -64.91184  -64.67130 345.706670      99.97 1.2305e+03   1989.245      47743  1031.1897  1031.1885    34.6751    34.6736    7.73494         24 0.0000e+00
    732.000    723.551     1.4460  30.366843     1.4458  30.365552     4.0898     4.1557    -0.0001    91.6434 1.0000e-12  -64.91184  -64.67130 345.706680      99.97 1.2295e+03   1990.190      47766  1031.1850  1031.1838    34.6748    34.6734    7.73514         22 0.0000e+00
    731.000    722.564     1.4459  30.366213     1.4456  30.364823     4.0909     4.1575    -0.0094    91.6544 1.0000e-12  -64.91184  -64.67130 345.706692      99.97 1.2283e+03   1991.187      47789  1031.1803  1031.1791    34.6748    34.6733    7.73517         27 0.0000e+00
    730.000    721.579     1.4460  30.365990     1.4458  30.364654     4.0974     4.1570    -0.0130    91.6298 1.0000e-12  -64.91184  -64.67129 345.706710      99.97 1.2260e+03   1992.764      47827  1031.1757  1031.1745    34.6749    34.6735    7.73514         40 0.0000e+00
    729.000    720.592     1.4458  30.365310     1.4457  30.363992     4.0954     4.1545    -0.0073    91.6297 1.0000e-12  -64.91184  -64.67130 345.706731      99.97 1.2251e+03   1994.520      47869  1031.1710  1031.1698    34.6748    34.6733    7.73518         28 0.0000e+00
    728.000    719.604     1.4457  30.364695     1.4455  30.363318     4.0956     4.1578    -0.0010    91.6476 1.0000e-12  -64.91184  -64.67130 345.706741      99.97 1.2245e+03   1995.392      47890  1031.1663  1031.1651    34.6747    34.6732    7.73521         18 0.0000e+00
    727.000    718.619     1.4446  30.363036     1.4444  30.361844     4.0953     4.1568     0.0042    91.6658 1.0000e-12  -64.91184  -64.67132 345.706749      99.97 1.2235e+03   1996.073      47907  1031.1615  1031.1605    34.6744    34.6731    7.73545         16 0.0000e+00
    726.000    717.630     1.4438  30.361522     1.4437  30.360308     4.1007     4.1544     0.0030    91.6630 1.0000e-12  -64.91184  -64.67131 345.706756      99.97 1.2234e+03   1996.701      47922  1031.1565  1031.1554    34.6739    34.6725    7.73562         15 0.0000e+00
    725.000    716.643     1.4438  30.360939     1.4435  30.359609     4.1006     4.1542     0.0037    91.6670 1.0000e-12  -64.91184  -64.67130 345.706763      99.97 1.2231e+03   1997.333      47937  1031.1517  1031.1506    34.6737    34.6724    7.73563         16 0.0000e+00
