NBP2113_155081_ctd/data/unbp2113_035.cnv
* Sea-Bird SBE 9 Data File:
* FileName = D:\Data\raw\NBP2113_035.hex
* Software Version Seasave V 7.26.7.121
* Temperature SN = 2438
* Conductivity SN = 2067
* Number of Bytes Per Scan = 40
* Number of Voltage Words = 5
* Number of Scans Averaged by the Deck Unit = 1
* NMEA Latitude = 64 56.00 S
* NMEA Longitude = 064 23.93 W
* NMEA UTC (Time) = Dec 09 2021  05:14:22
* NMEA baud rate = 9600
** Ship: RVIB N.B. Palmer
** Cruise: NBP2113 LTER
** Station: 600.040
** Operator: B. Urmston
# nquan = 25
# nvalues = 122                         
# units = specified
# name 0 = prDM: Pressure, Digiquartz [db]
# name 1 = depSM: Depth [salt water, m]
# name 2 = t090C: Temperature [ITS-90, deg C]
# name 3 = c0mS/cm: Conductivity [mS/cm]
# name 4 = t190C: Temperature, 2 [ITS-90, deg C]
# name 5 = c1mS/cm: Conductivity, 2 [mS/cm]
# name 6 = sbeox0ML/L: Oxygen, SBE 43 [ml/l]
# name 7 = sbeox1ML/L: Oxygen, SBE 43, 2 [ml/l]
# name 8 = flECO-AFL: Fluorescence, WET Labs ECO-AFL/FL [mg/m^3]
# name 9 = CStarTr0: Beam Transmission, WET Labs C-Star [%]
# name 10 = par: PAR/Irradiance, Biospherical/Licor
# name 11 = latitude: Latitude [deg]
# name 12 = longitude: Longitude [deg]
# name 13 = timeJ: Julian Days
# name 14 = altM: Altimeter [m]
# name 15 = spar: SPAR, Biospherical/Licor
# name 16 = timeS: Time, Elapsed [seconds]
# name 17 = scan: Scan Count
# name 18 = density00: Density [density, kg/m^3]
# name 19 = density11: Density, 2 [density, kg/m^3]
# name 20 = sal00: Salinity, Practical [PSU]
# name 21 = sal11: Salinity, Practical, 2 [PSU]
# name 22 = oxsolML/L: Oxygen Saturation, Garcia & Gordon [ml/l]
# name 23 = nbin: number of scans per bin
# name 24 = flag: flag
# span 0 =      1.000,    122.000       
# span 1 =      0.991,    120.769       
# span 2 =    -0.9587,     0.2280       
# span 3 =  27.179301,  28.823611       
# span 4 =    -0.9594,     0.2281       
# span 5 =  27.177180,  28.823079       
# span 6 =     5.6602,     9.2262       
# span 7 =     5.7082,     9.9121       
# span 8 =     0.0159,     1.7635       
# span 9 =    88.4164,    95.5607       
# span 10 = 1.0000e-12, 4.2827e+00      
# span 11 =  -64.93360,  -64.93358      
# span 12 =  -64.40202,  -64.40162      
# span 13 = 343.226345, 343.229317      
# span 14 =       1.55,      99.98      
# span 15 = 0.0000e+00, 0.0000e+00      
# span 16 =    694.181,    951.009      
# span 17 =      16661,      22825      
# span 18 =  1027.0054,  1028.1796      
# span 19 =  1027.0039,  1028.1784      
# span 20 =    33.5797,    34.3872      
# span 21 =    33.5779,    34.3857      
# span 22 =    7.99709,    8.29746      
# span 23 =         12,         47      
# span 24 = 0.0000e+00, 0.0000e+00      
# interval = decibars: 1                
# start_time = Dec 09 2021 05:14:22 [NMEA time, header]
# bad_flag = -9.990e-29
*END*
[from data line 58]
     64.000     63.364    -0.0543  28.456182    -0.0554  28.453652     6.3704     6.4048     0.0695    95.1804 1.0000e-12  -64.93358  -64.40202 343.227576      99.97 0.0000e+00    800.570      19215  1027.8107  1027.8089    34.2511    34.2489    8.06372         13 0.0000e+00
     63.000     62.374    -0.0549  28.454844    -0.0558  28.452297     6.3673     6.4012     0.0690    95.1821 1.0000e-12  -64.93358  -64.40202 343.227583      99.97 0.0000e+00    801.149      19229  1027.8054  1027.8036    34.2506    34.2483    8.06386         15 0.0000e+00
     62.000     61.383    -0.0537  28.454818    -0.0523  28.455724     6.3591     6.3977     0.0776    95.1598 1.0000e-12  -64.93358  -64.40201 343.227591      99.97 0.0000e+00    801.899      19247  1027.7998  1027.7994    34.2498    34.2495    8.06366         23 0.0000e+00
     61.000     60.393    -0.0536  28.455796    -0.0551  28.452840     6.3876     6.4262     0.0629    95.1542 1.0000e-12  -64.93358  -64.40198 343.227657      99.97 0.0000e+00    807.581      19383  1027.7961  1027.7944    34.2516    34.2494    8.06353         17 0.0000e+00
     60.000     59.404    -0.0550  28.453078    -0.0558  28.451022     6.4006     6.4340     0.0583    95.1567 1.0000e-12  -64.93358  -64.40198 343.227676      99.97 0.0000e+00    809.227      19422  1027.7903  1027.7888    34.2502    34.2483    8.06391         12 0.0000e+00
     59.000     58.413    -0.0585  28.449430    -0.0574  28.449374     6.4081     6.4352     0.0592    95.1417 1.0000e-12  -64.93358  -64.40199 343.227683      99.98 0.0000e+00    809.816      19437  1027.7854  1027.7843    34.2499    34.2486    8.06466         14 0.0000e+00
     58.000     57.423    -0.0619  28.443474    -0.0663  28.439357     6.3957     6.4295     0.0710    95.1081 1.0000e-12  -64.93358  -64.40200 343.227691      99.97 0.0000e+00    810.466      19452  1027.7781  1027.7779    34.2463    34.2458    8.06557         18 0.0000e+00
     57.000     56.433    -0.0636  28.442800    -0.0704  28.431987     6.3982     6.4252     0.0890    95.1297 1.0000e-12  -64.93358  -64.40200 343.227701      99.97 0.0000e+00    811.394      19474  1027.7747  1027.7698    34.2480    34.2412    8.06585         28 0.0000e+00
     56.000     55.444    -0.0713  28.433125    -0.0589  28.445791     6.4381     6.4395     0.0808    95.1508 1.0000e-12  -64.93360  -64.40199 343.227721      99.98 0.0000e+00    813.114      19516  1027.7674  1027.7688    34.2444    34.2473    8.06767         42 0.0000e+00
     55.000     54.456    -0.1097  28.389404    -0.1144  28.384562     6.4325     6.4631     0.0873    95.1494 1.0000e-12  -64.93360  -64.40196 343.227759      99.97 0.0000e+00    816.351      19593  1027.7537  1027.7532    34.2300    34.2288    8.07660         34 0.0000e+00
     54.000     53.464    -0.1042  28.394547    -0.0951  28.404591     6.4097     6.4670     0.0898    95.1727 1.0000e-12  -64.93360  -64.40197 343.227788      99.97 0.0000e+00    818.886      19654  1027.7494  1027.7510    34.2312    34.2344    8.07537         38 0.0000e+00
     53.000     52.475    -0.1093  28.389491    -0.1119  28.385635     6.3634     6.4382     0.0864    95.1603 1.0000e-12  -64.93359  -64.40196 343.227809      99.97 0.0000e+00    820.711      19698  1027.7442  1027.7429    34.2308    34.2286    8.07647         37 0.0000e+00
     52.000     51.484    -0.1359  28.363587    -0.1182  28.381899     6.4031     6.4590     0.0970    95.2054 1.0000e-12  -64.93358  -64.40198 343.227828      99.97 0.0000e+00    822.354      19737  1027.7383  1027.7405    34.2268    34.2313    8.08233         33 0.0000e+00
     51.000     50.494    -0.1711  28.323024    -0.1917  28.301423     6.4822     6.5463     0.0838    95.2198 1.0000e-12  -64.93358  -64.40198 343.227841      99.97 0.0000e+00    823.477      19764  1027.7247  1027.7221    34.2129    34.2073    8.09057         23 0.0000e+00
     50.000     49.504    -0.1926  28.298114    -0.2161  28.265934     6.5483     6.5970     0.0794    95.2183 1.0000e-12  -64.93358  -64.40200 343.227851      99.97 0.0000e+00    824.330      19785  1027.7148  1027.7030    34.2044    34.1879    8.09560         19 0.0000e+00
     49.000     48.513    -0.2153  28.264430    -0.2164  28.258343     6.5799     6.6023     0.0798    95.2223 1.0000e-12  -64.93358  -64.40200 343.227860      99.97 0.0000e+00    825.115      19804  1027.6962  1027.6906    34.1856    34.1787    8.10150         19 0.0000e+00
     48.000     47.525    -0.2113  28.264612    -0.2140  28.254294     6.5613     6.5888     0.1016    95.1940 1.0000e-12  -64.93358  -64.40200 343.227870      99.97 0.0000e+00    825.957      19824  1027.6878  1027.6793    34.1820    34.1712    8.10085         22 0.0000e+00
     47.000     46.534    -0.2063  28.270013    -0.2068  28.265834     6.5042     6.5495     0.1286    95.1499 1.0000e-12  -64.93358  -64.40198 343.227888      99.97 0.0000e+00    827.528      19862  1027.6840  1027.6800    34.1841    34.1791    8.09966         34 0.0000e+00
     46.000     45.544    -0.2027  28.279589    -0.2038  28.274485     6.5502     6.5724     0.1259    95.1596 1.0000e-12  -64.93360  -64.40196 343.227929      99.97 0.0000e+00    831.027      19946  1027.6858  1027.6814    34.1935    34.1880    8.09837         39 0.0000e+00
     45.000     44.555    -0.2086  28.266986    -0.2059  28.269468     6.6070     6.6627     0.1092    95.1695 1.0000e-12  -64.93360  -64.40196 343.227944      99.97 0.0000e+00    832.321      19977  1027.6736  1027.6737    34.1839    34.1842    8.10017         31 0.0000e+00
     44.000     43.564    -0.2088  28.262405    -0.2118  28.253392     6.7670     6.8421     0.1144    95.1307 1.0000e-12  -64.93359  -64.40197 343.227961      99.97 0.0000e+00    833.824      20013  1027.6644  1027.6577    34.1787    34.1700    8.10051         34 0.0000e+00
     43.000     42.574    -0.2121  28.254200    -0.2182  28.232317     7.3510     7.2231     0.1633    94.9932 1.0000e-12  -64.93358  -64.40199 343.227981      99.97 0.0000e+00    835.519      20053  1027.6544  1027.6368    34.1721    34.1497    8.10159         36 0.0000e+00
     42.000     41.585    -0.2122  28.223937    -0.1992  28.218097     7.8306     7.4937     0.1451    94.9225 1.0000e-12  -64.93358  -64.40200 343.227995      99.97 0.0000e+00    836.736      20083  1027.6175  1027.5985    34.1324    34.1101    8.10387         24 0.0000e+00
     41.000     40.594    -0.1629  28.226349    -0.1444  28.229091     7.8881     7.5908     0.1398    94.8937 1.0000e-12  -64.93358  -64.40200 343.228006      99.97 0.0000e+00    837.685      20105  1027.5675  1027.5523    34.0810    34.0640    8.09632         22 0.0000e+00
     40.000     39.606    -0.1287  28.235108    -0.1212  28.235335     7.7533     7.5923     0.1631    94.7199 1.0000e-12  -64.93358  -64.40199 343.228016      99.97 0.0000e+00    838.567      20127  1027.5391  1027.5321    34.0550    34.0470    8.09054         20 0.0000e+00
     39.000     38.614    -0.1283  28.234629    -0.1169  28.234296     7.6211     7.5359     0.2480    94.4400 1.0000e-12  -64.93358  -64.40198 343.228027      99.97 0.0000e+00    839.506      20149  1027.5342  1027.5227    34.0546    34.0414    8.09049         26 0.0000e+00
     38.000     37.625    -0.1555  28.230715    -0.1454  28.229019     7.4800     7.4630     0.3368    94.3396 1.0000e-12  -64.93358  -64.40196 343.228057      99.97 0.0000e+00    842.143      20212  1027.5526  1027.5409    34.0804    34.0668    8.09478         40 0.0000e+00
     37.000     36.634    -0.1513  28.229167    -0.1474  28.228938     7.7627     7.6138     0.2760    94.4655 2.3895e-03  -64.93358  -64.40196 343.228098      99.97 0.0000e+00    845.655      20297  1027.5425  1027.5387    34.0742    34.0696    8.09424         25 0.0000e+00
     36.000     35.644    -0.1298  28.228134    -0.1275  28.225356     7.8566     7.6869     0.2709    94.3800 7.6577e-03  -64.93358  -64.40196 343.228108      99.97 0.0000e+00    846.489      20317  1027.5162  1027.5111    34.0495    34.0432    8.09110         20 0.0000e+00
     35.000     34.654    -0.1261  28.210838    -0.1245  28.211669     7.8638     7.7266     0.3076    94.2546 1.3696e-02  -64.93358  -64.40198 343.228118      99.97 0.0000e+00    847.366      20338  1027.4899  1027.4893    34.0229    34.0222    8.09182         21 0.0000e+00
     34.000     33.664    -0.1403  28.183032    -0.1397  28.183649     7.8605     7.7505     0.3872    94.1634 1.9054e-02  -64.93358  -64.40198 343.228129      99.97 0.0000e+00    848.322      20361  1027.4697  1027.4700    34.0024    34.0025    8.09600         24 0.0000e+00
     33.000     32.675    -0.1448  28.175919    -0.1499  28.167281     7.8018     7.7606     0.4846    94.0091 2.3059e-02  -64.93358  -64.40198 343.228141      99.97 0.0000e+00    849.382      20386  1027.4622  1027.4581    33.9985    33.9927    8.09717         27 0.0000e+00
     32.000     31.684    -0.1484  28.168076    -0.1488  28.165629     7.7186     7.7555     0.5049    93.9097 2.4392e-02  -64.93358  -64.40198 343.228154      99.97 0.0000e+00    850.543      20414  1027.4530  1027.4510    33.9927    33.9899    8.09826         29 0.0000e+00
     31.000     30.694    -0.1429  28.180068    -0.1470  28.165933     7.6893     7.7242     0.5497    93.7895 2.5836e-02  -64.93358  -64.40196 343.228172      99.97 0.0000e+00    852.028      20450  1027.4563  1027.4451    34.0031    33.9889    8.09650         42 0.0000e+00
     30.000     29.707    -0.1342  28.197302    -0.1342  28.195425     7.6411     7.6918     0.4488    93.8697 2.8296e-02  -64.93359  -64.40194 343.228209      99.97 0.0000e+00    855.269      20527  1027.4622  1027.4603    34.0169    34.0145    8.09387         36 0.0000e+00
     29.000     28.714    -0.1364  28.194169    -0.1352  28.195738     7.6279     7.6886     0.5118    93.8273 3.7517e-02  -64.93358  -64.40194 343.228234      99.97 0.0000e+00    857.448      20580  1027.4568  1027.4575    34.0159    34.0167    8.09440         34 0.0000e+00
     28.000     27.724    -0.1565  28.162529    -0.1540  28.170173     7.5830     7.6626     0.5131    93.9291 4.8187e-02  -64.93358  -64.40195 343.228248      99.97 0.0000e+00    858.640      20608  1027.4388  1027.4435    33.9968    34.0042    8.09975         25 0.0000e+00
     27.000     26.733    -0.3559  27.957198    -0.3306  27.977222     7.5871     7.6848     0.5027    93.7699 5.9786e-02  -64.93358  -64.40197 343.228259      99.97 0.0000e+00    859.612      20632  1027.4066  1027.4045    33.9460    33.9444    8.14520         22 0.0000e+00
     26.000     25.744    -0.4396  27.857485    -0.4271  27.870173     7.5929     7.6481     0.5692    93.2786 7.0372e-02  -64.93358  -64.40198 343.228270      99.97 0.0000e+00    860.479      20653  1027.3761  1027.3775    33.9065    33.9095    8.16543         20 0.0000e+00
     25.000     24.754    -0.4550  27.839923    -0.4621  27.831525     7.5905     7.6427     0.6598    93.1493 7.8675e-02  -64.93358  -64.40198 343.228280      99.97 0.0000e+00    861.357      20674  1027.3668  1027.3648    33.9007    33.8974    8.16907         22 0.0000e+00
     24.000     23.762    -0.4728  27.822070    -0.4753  27.815529     7.6413     7.6722     0.8040    93.1521 8.2087e-02  -64.93358  -64.40198 343.228292      99.97 0.0000e+00    862.420      20699  1027.3595  1027.3545    33.8973    33.8913    8.17311         30 0.0000e+00
     23.000     22.777    -0.4062  27.889670    -0.3902  27.901306     7.5720     7.6438     0.7706    93.2051 7.4921e-02  -64.93358  -64.40193 343.228323      99.97 0.0000e+00    865.144      20764  1027.3618  1027.3593    33.9141    33.9118    8.15780         25 0.0000e+00
     22.000     21.784    -0.5658  27.736367    -0.5365  27.765798     7.4249     7.5673     0.7746    93.2077 8.1337e-02  -64.93358  -64.40191 343.228360      99.97 0.0000e+00    868.300      20840  1027.3456  1027.3492    33.8874    33.8942    8.19381         39 0.0000e+00
     21.000     20.795    -0.5733  27.717765    -0.5763  27.716697     7.4777     7.5716     0.8885    93.2657 1.0982e-01  -64.93358  -64.40194 343.228386      99.97 0.0000e+00    870.518      20893  1027.3273  1027.3282    33.8713    33.8733    8.19632         36 0.0000e+00
     20.000     19.803    -0.7310  27.557705    -0.6059  27.692660     7.5629     7.5993     0.7772    93.2629 1.3014e-01  -64.93358  -64.40196 343.228402      99.97 0.0000e+00    871.913      20927  1027.3003  1027.3259    33.8325    33.8746    8.23288         30 0.0000e+00
     19.000     18.813    -0.8431  27.396304    -0.7878  27.475963     7.5898     7.6394     0.8781    92.6311 1.4568e-01  -64.93358  -64.40195 343.228477      99.97 0.0000e+00    878.382      21082  1027.2234  1027.2571    33.7402    33.7863    8.26274         32 0.0000e+00
     18.000     17.822    -0.8515  27.384499    -0.8425  27.395117     7.7014     7.7136     0.8238    92.3970 1.7345e-01  -64.93358  -64.40196 343.228555      99.97 0.0000e+00    885.172      21245  1027.2097  1027.2131    33.7342    33.7385    8.26496         33 0.0000e+00
     17.000     16.835    -0.9134  27.276854    -0.9106  27.282286     7.8311     7.8285     0.9798    91.0172 1.9318e-01  -64.93358  -64.40196 343.228883      99.97 0.0000e+00    913.464      21924  1027.1448  1027.1479    33.6580    33.6622    8.28303         25 0.0000e+00
     16.000     15.845    -0.9186  27.263065    -0.9186  27.263096     7.8813     7.8680     1.1862    90.5963 2.1447e-01  -64.93358  -64.40196 343.228985      99.97 0.0000e+00    922.284      22136  1027.1295  1027.1295    33.6456    33.6457    8.28489         32 0.0000e+00
     15.000     14.852    -0.9221  27.255380    -0.9194  27.261618     7.8555     7.8872     1.2573    90.3840 2.1908e-01  -64.93358  -64.40194 343.229029      99.97 0.0000e+00    926.115      22228  1027.1201  1027.1243    33.6398    33.6452    8.28601         39 0.0000e+00
     14.000     13.863    -0.9234  27.252089    -0.9231  27.253636     7.9004     7.9050     1.1871    90.3385 2.6108e-01  -64.93358  -64.40194 343.229052      99.97 0.0000e+00    928.095      22275  1027.1134  1027.1149    33.6374    33.6392    8.28644         33 0.0000e+00
     13.000     12.873    -0.9293  27.239233    -0.9271  27.243288     7.9296     7.9300     1.2232    89.7754 3.2258e-01  -64.93358  -64.40195 343.229069      99.97 0.0000e+00    929.532      22310  1027.1007  1027.1031    33.6271    33.6302    8.28834         35 0.0000e+00
     12.000     11.881    -0.9392  27.217065    -0.9337  27.229538     7.9537     7.9619     1.3837    89.2643 3.6056e-01  -64.93358  -64.40196 343.229088      99.97 0.0000e+00    931.184      22349  1027.0816  1027.0900    33.6086    33.6195    8.29160         41 0.0000e+00
     11.000     10.893    -0.9429  27.210334    -0.9457  27.206502     7.9438     7.9666     1.7635    89.0493 3.9184e-01  -64.93358  -64.40195 343.229115      99.97 0.0000e+00    933.500      22405  1027.0733  1027.0718    33.6043    33.6022    8.29269         47 0.0000e+00
     10.000      9.902    -0.9554  27.191962    -0.9530  27.194228     7.9444     7.9828     1.7288    88.9617 4.7127e-01  -64.93358  -64.40194 343.229140      99.96 0.0000e+00    935.728      22458  1027.0607  1027.0609    33.5938    33.5943    8.29605         39 0.0000e+00
      9.000      8.911    -0.9587  27.184069    -0.9594  27.181578     7.9403     7.9963     1.4902    88.8400 5.6174e-01  -64.93358  -64.40196 343.229159      62.01 0.0000e+00    937.329      22497  1027.0508  1027.0488    33.5874    33.5848    8.29716         37 0.0000e+00
      8.000      7.922    -0.9584  27.179301    -0.9592  27.180390     7.9561     8.0019     1.4586    88.6678 6.5657e-01  -64.93358  -64.40196 343.229176       3.09 0.0000e+00    938.791      22532  1027.0409  1027.0428    33.5813    33.5836    8.29746         35 0.0000e+00
