NBP2113_155081_ctd/data/unbp2113_028.cnv
* Sea-Bird SBE 9 Data File:
* FileName = D:\Data\raw\NBP2113_028.hex
* Software Version Seasave V 7.26.7.121
* Temperature SN = 2438
* Conductivity SN = 2067
* Number of Bytes Per Scan = 40
* Number of Voltage Words = 5
* Number of Scans Averaged by the Deck Unit = 1
* NMEA Latitude = 68 01.84 S
* NMEA Longitude = 069 17.14 W
* NMEA UTC (Time) = Dec 04 2021  16:43:12
* NMEA baud rate = 9600
** Ship: RVIB N.B. Palmer
** Cruise: NBP2113 LTER
** Station: 200.-040
** Operator: S. Blackman
# nquan = 25
# nvalues = 206                         
# units = specified
# name 0 = prDM: Pressure, Digiquartz [db]
# name 1 = depSM: Depth [salt water, m]
# name 2 = t090C: Temperature [ITS-90, deg C]
# name 3 = c0mS/cm: Conductivity [mS/cm]
# name 4 = t190C: Temperature, 2 [ITS-90, deg C]
# name 5 = c1mS/cm: Conductivity, 2 [mS/cm]
# name 6 = sbeox0ML/L: Oxygen, SBE 43 [ml/l]
# name 7 = sbeox1ML/L: Oxygen, SBE 43, 2 [ml/l]
# name 8 = flECO-AFL: Fluorescence, WET Labs ECO-AFL/FL [mg/m^3]
# name 9 = CStarTr0: Beam Transmission, WET Labs C-Star [%]
# name 10 = par: PAR/Irradiance, Biospherical/Licor
# name 11 = latitude: Latitude [deg]
# name 12 = longitude: Longitude [deg]
# name 13 = timeJ: Julian Days
# name 14 = altM: Altimeter [m]
# name 15 = spar: SPAR, Biospherical/Licor
# name 16 = timeS: Time, Elapsed [seconds]
# name 17 = scan: Scan Count
# name 18 = density00: Density [density, kg/m^3]
# name 19 = density11: Density, 2 [density, kg/m^3]
# name 20 = sal00: Salinity, Practical [PSU]
# name 21 = sal11: Salinity, Practical, 2 [PSU]
# name 22 = oxsolML/L: Oxygen Saturation, Garcia & Gordon [ml/l]
# name 23 = nbin: number of scans per bin
# name 24 = flag: flag
# span 0 =      1.000,    206.000       
# span 1 =      0.991,    203.840       
# span 2 =    -1.1965,    -0.2155       
# span 3 =  27.223974,  28.392724       
# span 4 =    -1.1948,    -0.2156       
# span 5 =  27.221588,  28.391500       
# span 6 =     5.9955,     9.0651       
# span 7 =     6.0680,     8.4036       
# span 8 =     0.0809,     1.7482       
# span 9 =    88.4744,    95.7091       
# span 10 = 1.0000e-12, 7.6171e+02      
# span 11 =  -68.03090,  -68.03058      
# span 12 =  -69.28598,  -69.28570      
# span 13 = 338.705300, 338.709903      
# span 14 =       9.40,     102.00      
# span 15 = 1.0154e+03, 1.1309e+03      
# span 16 =    745.889,   1143.637      
# span 17 =      17902,      27448      
# span 18 =  1027.1902,  1028.5029      
# span 19 =  1027.1888,  1028.5010      
# span 20 =    33.8144,    34.2655      
# span 21 =    33.8125,    34.2639      
# span 22 =    8.09699,    8.33250      
# span 23 =         17,         47      
# span 24 = 0.0000e+00, 0.0000e+00      
# interval = decibars: 1                
# start_time = Dec 04 2021 16:43:12 [NMEA time, header]
# bad_flag = -9.990e-29
*END*
    206.000    203.840    -0.2327  28.377560    -0.2374  28.371561     6.0378     6.1125     0.1008    95.7069 1.0000e-12  -68.03090  -69.28571 338.705300      99.98 1.0544e+03    745.889      17902  1028.5029  1028.5010    34.2605    34.2577    8.10094         31 0.0000e+00
    205.000    202.849    -0.2328  28.377371    -0.2351  28.373607     6.0359     6.0990     0.1147    95.6909 1.0000e-12  -68.03090  -69.28570 338.705441      99.97 1.0681e+03    758.125      18196  1028.4984  1028.4967    34.2609    34.2585    8.10093         36 0.0000e+00
    204.000    201.860    -0.2314  28.378479    -0.2305  28.378033     6.0147     6.0807     0.0963    95.6630 1.0000e-12  -68.03090  -69.28570 338.705486      99.97 1.0746e+03    761.968      18288  1028.4940  1028.4926    34.2615    34.2598    8.10061         38 0.0000e+00
    203.000    200.869    -0.2224  28.387448    -0.2245  28.384193     6.0039     6.0740     0.0835    95.6870 1.0000e-12  -68.03090  -69.28570 338.705502      99.97 1.0810e+03    763.381      18322  1028.4904  1028.4890    34.2638    34.2619    8.09855         25 0.0000e+00
    202.000    199.883    -0.2177  28.391914    -0.2183  28.390015     6.0124     6.0680     0.0851    95.7065 1.0000e-12  -68.03090  -69.28570 338.705514      99.97 1.0847e+03    764.445      18348  1028.4863  1028.4849    34.2651    34.2633    8.09748         25 0.0000e+00
    201.000    198.891    -0.2169  28.392304    -0.2167  28.391356     6.0085     6.0742     0.1034    95.7091 1.0000e-12  -68.03090  -69.28570 338.705528      99.97 1.0868e+03    765.588      18375  1028.4817  1028.4805    34.2653    34.2638    8.09729         30 0.0000e+00
    200.000    197.903    -0.2160  28.392724    -0.2160  28.391500     5.9955     6.0746     0.1246    95.7011 1.0000e-12  -68.03090  -69.28570 338.705543      99.97 1.0897e+03    766.940      18408  1028.4770  1028.4758    34.2655    34.2639    8.09709         32 0.0000e+00
    199.000    196.914    -0.2155  28.392655    -0.2156  28.391342     6.0094     6.0875     0.1355    95.6473 1.0000e-12  -68.03090  -69.28570 338.705558      99.97 1.0948e+03    768.182      18437  1028.4723  1028.4710    34.2654    34.2639    8.09699         23 0.0000e+00
    198.000    195.925    -0.2161  28.391585    -0.2161  28.390378     6.0564     6.1000     0.1497    95.6734 1.0000e-12  -68.03090  -69.28570 338.705569      99.97 1.0987e+03    769.130      18460  1028.4675  1028.4662    34.2654    34.2637    8.09714         21 0.0000e+00
    197.000    194.936    -0.2211  28.385500    -0.2240  28.381280     6.0827     6.1046     0.1132    95.7031 1.0000e-12  -68.03090  -69.28570 338.705578      99.97 1.1012e+03    769.978      18480  1028.4616  1028.4600    34.2634    34.2611    8.09830         20 0.0000e+00
    196.000    193.946    -0.2489  28.355302    -0.2475  28.356358     6.0765     6.1105     0.0925    95.6938 1.0000e-12  -68.03090  -69.28570 338.705589      99.97 1.1020e+03    770.904      18503  1028.4523  1028.4520    34.2550    34.2548    8.10469         26 0.0000e+00
    195.000    192.958    -0.2436  28.361764    -0.2364  28.367491     6.0565     6.1161     0.1089    95.6935 1.0000e-12  -68.03090  -69.28570 338.705607      99.97 1.1028e+03    772.457      18540  1028.4496  1028.4487    34.2583    34.2578    8.10337         42 0.0000e+00
    194.000    191.970    -0.2399  28.364368    -0.2361  28.367247     6.0979     6.1570     0.1122    95.6803 1.0000e-12  -68.03090  -69.28570 338.705633      99.97 1.1011e+03    774.677      18593  1028.4444  1028.4438    34.2582    34.2578    8.10260         33 0.0000e+00
    193.000    190.982    -0.2603  28.341803    -0.2514  28.349845     6.2130     6.2415     0.1302    95.6786 1.0000e-12  -68.03090  -69.28570 338.705648      99.97 1.1000e+03    775.944      18624  1028.4360  1028.4358    34.2516    34.2523    8.10730         23 0.0000e+00
    192.000    189.991    -0.2907  28.308080    -0.2935  28.303412     6.2966     6.2838     0.0809    95.6745 1.0000e-12  -68.03090  -69.28570 338.705659      99.97 1.1000e+03    776.910      18647  1028.4254  1028.4231    34.2415    34.2383    8.11437         21 0.0000e+00
    191.000    189.001    -0.3503  28.245738    -0.3518  28.243388     6.3533     6.3201     0.1125    95.6673 1.0000e-12  -68.03090  -69.28570 338.705669      99.97 1.1000e+03    777.812      18668  1028.4124  1028.4114    34.2257    34.2242    8.12797         22 0.0000e+00
    190.000    188.013    -0.3639  28.230483    -0.3682  28.225061     6.3996     6.3623     0.1136    95.6763 1.0000e-12  -68.03090  -69.28571 338.705680      99.97 1.1000e+03    778.747      18691  1028.4048  1028.4033    34.2212    34.2188    8.13114         23 0.0000e+00
    189.000    187.023    -0.3856  28.207186    -0.3808  28.210777     6.4759     6.3878     0.1068    95.6953 1.0000e-12  -68.03090  -69.28571 338.705692      99.97 1.1000e+03    779.787      18716  1028.3963  1028.3955    34.2150    34.2145    8.13614         27 0.0000e+00
    188.000    186.034    -0.4192  28.170797    -0.4177  28.171508     6.5124     6.4099     0.0990    95.6964 1.0000e-12  -68.03090  -69.28570 338.705705      99.97 1.1007e+03    780.906      18743  1028.3854  1028.3848    34.2047    34.2040    8.14392         25 0.0000e+00
    187.000    185.046    -0.4578  28.129360    -0.4176  28.169517     6.5223     6.4306     0.1332    95.6430 1.0000e-12  -68.03090  -69.28570 338.705719      99.97 1.1018e+03    782.081      18771  1028.3738  1028.3777    34.1932    34.2018    8.15287         27 0.0000e+00
    186.000    184.056    -0.4656  28.121395    -0.4411  28.146867     6.4799     6.4423     0.1560    95.6358 1.0000e-12  -68.03090  -69.28570 338.705733      99.97 1.1033e+03    783.353      18801  1028.3679  1028.3715    34.1919    34.1985    8.15462         32 0.0000e+00
    185.000    183.067    -0.4675  28.119522    -0.4428  28.146150     6.4227     6.4356     0.1520    95.6730 1.0000e-12  -68.03090  -69.28570 338.705750      99.97 1.1036e+03    784.758      18835  1028.3629  1028.3677    34.1921    34.2001    8.15501         34 0.0000e+00
    184.000    182.078    -0.4583  28.137556    -0.4263  28.163180     6.4632     6.5091     0.1609    95.6702 1.0000e-12  -68.03090  -69.28570 338.705768      99.97 1.1028e+03    786.376      18874  1028.3682  1028.3650    34.2066    34.2050    8.15220         37 0.0000e+00
    183.000    181.088    -0.4455  28.138048    -0.4594  28.124523     6.7677     6.6694     0.1640    95.6049 1.0000e-12  -68.03090  -69.28570 338.705784      99.97 1.1017e+03    787.777      18908  1028.3519  1028.3513    34.1935    34.1910    8.15021         28 0.0000e+00
    182.000    180.101    -0.5510  28.028541    -0.5620  28.017457     6.9244     6.7647     0.2001    95.6227 1.0000e-12  -68.03090  -69.28570 338.705796      99.97 1.1000e+03    788.797      18932  1028.3325  1028.3318    34.1657    34.1633    8.17451         23 0.0000e+00
    181.000    179.111    -0.6303  27.950333    -0.6270  27.952878     6.9475     6.7691     0.1696    95.6781 1.0000e-12  -68.03090  -69.28570 338.705807      99.98 1.1000e+03    789.715      18954  1028.3209  1028.3206    34.1505    34.1502    8.19253         22 0.0000e+00
    180.000    178.121    -0.6507  27.928086    -0.6446  27.933593     6.9372     6.7837     0.1807    95.6865 1.0000e-12  -68.03090  -69.28571 338.705818      99.97 1.1000e+03    790.714      18978  1028.3118  1028.3120    34.1442    34.1447    8.19733         27 0.0000e+00
    179.000    177.132    -0.6554  27.925949    -0.6123  27.966874     6.8958     6.8203     0.2230    95.6829 1.0000e-12  -68.03090  -69.28571 338.705833      99.97 1.1017e+03    791.992      19009  1028.3090  1028.3111    34.1471    34.1537    8.19816         31 0.0000e+00
    178.000    176.144    -0.6697  27.907697    -0.6505  27.925132     6.9179     6.8768     0.2352    95.6415 1.0000e-12  -68.03090  -69.28572 338.705849      99.97 1.1037e+03    793.364      19042  1028.2979  1028.2985    34.1393    34.1412    8.20171         30 0.0000e+00
    177.000    175.155    -0.6707  27.905812    -0.6647  27.911234     7.0401     6.9665     0.2713    95.6811 1.0000e-12  -68.03090  -69.28570 338.705861      99.97 1.1036e+03    794.425      19067  1028.2920  1028.2924    34.1385    34.1391    8.20198         23 0.0000e+00
    176.000    174.164    -0.6950  27.878114    -0.6873  27.885237     7.0900     6.9799     0.1893    95.6735 1.0000e-12  -68.03090  -69.28572 338.705872      99.97 1.1036e+03    795.313      19089  1028.2811  1028.2817    34.1291    34.1301    8.20780         20 0.0000e+00
    175.000    173.175    -0.7389  27.830848    -0.7300  27.839278     7.0520     6.9805     0.1923    95.6489 1.0000e-12  -68.03090  -69.28570 338.705882      99.97 1.1020e+03    796.178      19109  1028.2680  1028.2688    34.1154    34.1168    8.21813         22 0.0000e+00
    174.000    172.186    -0.7463  27.824202    -0.7358  27.833784     7.0238     7.0035     0.2158    95.6637 1.0000e-12  -68.03090  -69.28572 338.705894      99.97 1.1008e+03    797.214      19134  1028.2631  1028.2635    34.1154    34.1165    8.21975         29 0.0000e+00
    173.000    171.196    -0.7196  27.852138    -0.7107  27.857925     6.9618     6.9859     0.2202    95.6427 1.0000e-12  -68.03090  -69.28570 338.705914      99.97 1.1007e+03    799.009      19177  1028.2621  1028.2601    34.1236    34.1214    8.21346         36 0.0000e+00
    172.000    170.208    -0.7072  27.864083    -0.7039  27.866568     7.0005     7.0399     0.2329    95.6491 1.0000e-12  -68.03090  -69.28570 338.705944      99.98 1.1030e+03    801.580      19239  1028.2579  1028.2576    34.1264    34.1260    8.21061         37 0.0000e+00
    171.000    169.219    -0.7330  27.836572    -0.7336  27.834797     7.1344     7.1123     0.2166    95.6498 1.0000e-12  -68.03089  -69.28570 338.705957      99.97 1.1036e+03    802.688      19266  1028.2488  1028.2477    34.1189    34.1172    8.21665         22 0.0000e+00
    170.000    168.231    -0.7485  27.818128    -0.7561  27.808510     7.1636     7.1464     0.1887    95.6623 1.0000e-12  -68.03088  -69.28570 338.705966      99.97 1.1050e+03    803.475      19284  1028.2394  1028.2367    34.1121    34.1077    8.22042         17 0.0000e+00
    169.000    167.239    -0.7895  27.774210    -0.7869  27.776135     7.1844     7.1551     0.1749    95.6316 1.0000e-12  -68.03088  -69.28572 338.705974      99.97 1.1053e+03    804.172      19301  1028.2273  1028.2270    34.0996    34.0993    8.23008         17 0.0000e+00
    168.000    166.252    -0.7913  27.771716    -0.7932  27.768507     7.1943     7.1569     0.1986    95.5483 1.0000e-12  -68.03088  -69.28572 338.705982      99.97 1.1053e+03    804.894      19318  1028.2219  1028.2203    34.0989    34.0966    8.23053         18 0.0000e+00
    167.000    165.263    -0.7938  27.768803    -0.7949  27.766319     7.1863     7.1596     0.2207    95.5848 1.0000e-12  -68.03088  -69.28572 338.705992      99.97 1.1053e+03    805.716      19338  1028.2165  1028.2150    34.0984    34.0963    8.23110         22 0.0000e+00
    166.000    164.272    -0.7932  27.768870    -0.7909  27.770387     7.1520     7.1601     0.2348    95.4998 1.0000e-12  -68.03088  -69.28572 338.706004      99.97 1.1053e+03    806.734      19363  1028.2113  1028.2108    34.0984    34.0978    8.23096         28 0.0000e+00
    165.000    163.284    -0.7853  27.776862    -0.7887  27.772519     7.1418     7.1532     0.2577    95.5324 1.0000e-12  -68.03088  -69.28572 338.706020      99.97 1.1053e+03    808.112      19396  1028.2076  1028.2064    34.1009    34.0989    8.22910         34 0.0000e+00
    164.000    162.295    -0.7926  27.768860    -0.7862  27.774390     7.1438     7.1582     0.2868    95.5618 1.0000e-12  -68.03088  -69.28572 338.706040      99.98 1.1053e+03    809.842      19437  1028.2014  1028.2013    34.0989    34.0993    8.23080         39 0.0000e+00
    163.000    161.306    -0.7929  27.768910    -0.7879  27.771883     7.1218     7.1773     0.3141    95.5334 1.0000e-12  -68.03088  -69.28571 338.706059      99.97 1.1053e+03    811.536      19478  1028.1972  1028.1956    34.1000    34.0983    8.23081         35 0.0000e+00
    162.000    160.316    -0.7924  27.768175    -0.7962  27.763027     7.1875     7.2147     0.2671    95.5265 1.0000e-12  -68.03088  -69.28570 338.706075      99.98 1.1053e+03    812.914      19511  1028.1914  1028.1896    34.0990    34.0964    8.23075         29 0.0000e+00
    161.000    159.327    -0.8020  27.757427    -0.8023  27.755946     7.3215     7.2834     0.2229    95.5620 1.0000e-12  -68.03088  -69.28570 338.706088      99.97 1.1053e+03    814.026      19538  1028.1847  1028.1834    34.0959    34.0943    8.23304         25 0.0000e+00
    160.000    158.337    -0.8218  27.733343    -0.8220  27.731929     7.3671     7.3339     0.1948    95.5689 1.0000e-12  -68.03088  -69.28572 338.706100      99.97 1.1053e+03    815.044      19562  1028.1734  1028.1721    34.0862    34.0846    8.23791         23 0.0000e+00
    159.000    157.350    -0.8517  27.697559    -0.8462  27.703052     7.3698     7.3586     0.2237    95.4438 1.0000e-12  -68.03088  -69.28572 338.706112      99.97 1.1053e+03    816.041      19586  1028.1591  1028.1598    34.0721    34.0734    8.24528         22 0.0000e+00
    158.000    156.359    -0.8492  27.700279    -0.8535  27.694052     7.3882     7.3748     0.2454    95.3836 1.0000e-12  -68.03088  -69.28572 338.706123      99.97 1.1053e+03    817.053      19610  1028.1551  1028.1526    34.0736    34.0700    8.24465         25 0.0000e+00
    157.000    155.370    -0.8557  27.691826    -0.8545  27.692177     7.3507     7.3704     0.2605    95.4459 1.0000e-12  -68.03088  -69.28572 338.706136      99.98 1.1053e+03    818.132      19636  1028.1477  1028.1470    34.0702    34.0693    8.24628         27 0.0000e+00
    156.000    154.381    -0.8520  27.696570    -0.8559  27.690236     7.3172     7.3746     0.4312    95.3408 1.0000e-12  -68.03088  -69.28574 338.706150      99.97 1.1053e+03    819.332      19665  1028.1447  1028.1417    34.0730    34.0688    8.24529         31 0.0000e+00
    155.000    153.391    -0.8506  27.697496    -0.8492  27.697424     7.3861     7.3999     0.3882    95.3934 1.0000e-12  -68.03088  -69.28573 338.706165      99.97 1.1040e+03    820.622      19696  1028.1398  1028.1384    34.0732    34.0716    8.24497         32 0.0000e+00
    154.000    152.401    -0.8642  27.680180    -0.8627  27.680208     7.4477     7.4349     0.4612    95.3785 1.0000e-12  -68.03088  -69.28573 338.706180      99.97 1.1036e+03    821.968      19728  1028.1298  1028.1284    34.0658    34.0642    8.24839         32 0.0000e+00
    153.000    151.415    -0.8749  27.666897    -0.8671  27.675441     7.5039     7.4898     0.3435    95.3545 1.0000e-12  -68.03088  -69.28574 338.706195      99.97 1.1036e+03    823.275      19760  1028.1212  1028.1230    34.0604    34.0633    8.25104         30 0.0000e+00
    152.000    150.422    -0.8794  27.660276    -0.8849  27.651691     7.5699     7.5430     0.2885    95.3266 1.0000e-12  -68.03088  -69.28572 338.706209      99.98 1.1036e+03    824.418      19787  1028.1139  1028.1100    34.0571    34.0517    8.25222         25 0.0000e+00
    151.000    149.436    -0.8896  27.646736    -0.8903  27.644860     7.5851     7.5557     0.2818    95.2978 1.0000e-12  -68.03088  -69.28572 338.706220      99.97 1.1036e+03    825.420      19811  1028.1046  1028.1033    34.0509    34.0491    8.25482         23 0.0000e+00
    150.000    148.445    -0.9013  27.631106    -0.8997  27.632248     7.5362     7.5544     0.3071    95.2021 1.0000e-12  -68.03088  -69.28572 338.706232      99.97 1.1036e+03    826.461      19836  1028.0946  1028.0942    34.0435    34.0433    8.25782         27 0.0000e+00
