NBP2113_155081_ctd/data/unbp2113_011.cnv
* Sea-Bird SBE 9 Data File:
* FileName = D:\Data\raw\NBP2113_011.hex
* Software Version Seasave V 7.26.7.121
* Temperature SN = 2438
* Conductivity SN = 2067
* Number of Bytes Per Scan = 40
* Number of Voltage Words = 5
* Number of Scans Averaged by the Deck Unit = 1
* NMEA Latitude = 63 57.92 S
* NMEA Longitude = 066 51.27 W
* NMEA UTC (Time) = Nov 26 2021  05:08:42
* NMEA baud rate = 9600
** Ship: RVIB N.B. Palmer
** Cruise: NBP2113 LTER
** Station: 600.200
** Operator: B. Urmston
# nquan = 25
# nvalues = 3097                        
# units = specified
# name 0 = prDM: Pressure, Digiquartz [db]
# name 1 = depSM: Depth [salt water, m]
# name 2 = t090C: Temperature [ITS-90, deg C]
# name 3 = c0mS/cm: Conductivity [mS/cm]
# name 4 = t190C: Temperature, 2 [ITS-90, deg C]
# name 5 = c1mS/cm: Conductivity, 2 [mS/cm]
# name 6 = sbeox0ML/L: Oxygen, SBE 43 [ml/l]
# name 7 = sbeox1ML/L: Oxygen, SBE 43, 2 [ml/l]
# name 8 = flECO-AFL: Fluorescence, WET Labs ECO-AFL/FL [mg/m^3]
# name 9 = CStarTr0: Beam Transmission, WET Labs C-Star [%]
# name 10 = par: PAR/Irradiance, Biospherical/Licor
# name 11 = latitude: Latitude [deg]
# name 12 = longitude: Longitude [deg]
# name 13 = timeJ: Julian Days
# name 14 = altM: Altimeter [m]
# name 15 = spar: SPAR, Biospherical/Licor
# name 16 = timeS: Time, Elapsed [seconds]
# name 17 = scan: Scan Count
# name 18 = density00: Density [density, kg/m^3]
# name 19 = density11: Density, 2 [density, kg/m^3]
# name 20 = sal00: Salinity, Practical [PSU]
# name 21 = sal11: Salinity, Practical, 2 [PSU]
# name 22 = oxsolML/L: Oxygen Saturation, Garcia & Gordon [ml/l]
# name 23 = nbin: number of scans per bin
# name 24 = flag: flag
# span 0 =      1.000,   3097.000       
# span 1 =      0.994,   3044.510       
# span 2 =    -1.2048,     2.0374       
# span 3 =  27.308759,  30.722632       
# span 4 =    -1.1900,     2.0371       
# span 5 =  27.323530,  30.722628       
# span 6 =     3.9792,     9.8840       
# span 7 =     3.9759,     9.9490       
# span 8 =    -0.0227,     6.6545       
# span 9 =    89.0813,    97.8852       
# span 10 = 1.0000e-12, 1.0000e-12      
# span 11 =  -63.96594,  -63.96564      
# span 12 =  -66.85620,  -66.85562      
# span 13 = 330.264526, 330.313487      
# span 14 =       7.60,     100.85      
# span 15 = 7.0515e+00, 7.2274e+01      
# span 16 =   4333.080,   8563.305      
# span 17 =     103995,     205520      
# span 18 =  1027.2359,  1042.0729      
# span 19 =  1027.2298,  1042.0719      
# span 20 =    33.8825,    34.7284      
# span 21 =    33.8790,    34.7276      
# span 22 =    7.62152,    8.32646      
# span 23 =         13,         47      
# span 24 = 0.0000e+00, 0.0000e+00      
# interval = decibars: 1                
# start_time = Nov 26 2021 05:08:42 [NMEA time, header]
# bad_flag = -9.990e-29
*END*
[from data line 1624]
   1473.000   1453.533     1.0953  30.416590     1.0951  30.415841     4.4184     4.4396    -0.0056    97.8830 1.0000e-12  -63.96582  -66.85596 330.286988      99.98 2.8206e+01   6273.774     150572  1034.6774  1034.6768    34.7192    34.7185    7.80214         24 0.0000e+00
   1472.000   1452.547     1.0959  30.416686     1.0956  30.415759     4.4129     4.4335    -0.0093    97.8703 1.0000e-12  -63.96582  -66.85596 330.286999      99.97 2.8206e+01   6274.711     150594  1034.6727  1034.6721    34.7192    34.7184    7.80202         22 0.0000e+00
   1471.000   1451.565     1.0986  30.418651     1.0979  30.417342     4.4090     4.4352    -0.0122    97.8754 1.0000e-12  -63.96583  -66.85596 330.287009      99.97 2.8206e+01   6275.604     150616  1034.6678  1034.6673    34.7192    34.7184    7.80147         21 0.0000e+00
   1470.000   1450.581     1.0996  30.419201     1.1005  30.419288     4.4119     4.4314    -0.0100    97.8830 1.0000e-12  -63.96584  -66.85596 330.287021      99.97 2.8206e+01   6276.584     150639  1034.6632  1034.6625    34.7194    34.7186    7.80127         26 0.0000e+00
   1469.000   1449.598     1.0976  30.416833     1.0980  30.416714     4.4142     4.4408    -0.0067    97.8746 1.0000e-12  -63.96583  -66.85596 330.287036      99.98 2.8206e+01   6277.884     150670  1034.6587  1034.6582    34.7191    34.7185    7.80168         35 0.0000e+00
   1468.000   1448.614     1.0983  30.417156     1.0982  30.416374     4.4143     4.4351    -0.0153    97.8834 1.0000e-12  -63.96582  -66.85596 330.287058      99.97 2.8206e+01   6279.783     150716  1034.6543  1034.6536    34.7194    34.7185    7.80154         38 0.0000e+00
   1467.000   1447.631     1.1006  30.418901     1.0991  30.416839     4.4179     4.4344    -0.0095    97.8841 1.0000e-12  -63.96582  -66.85596 330.287074      99.98 2.8206e+01   6281.194     150750  1034.6495  1034.6490    34.7195    34.7186    7.80106         28 0.0000e+00
   1466.000   1446.648     1.1020  30.419709     1.1009  30.418103     4.4070     4.4367    -0.0136    97.8841 1.0000e-12  -63.96582  -66.85596 330.287087      99.98 2.8206e+01   6282.283     150776  1034.6447  1034.6443    34.7195    34.7187    7.80078         24 0.0000e+00
   1465.000   1445.665     1.1055  30.422321     1.1055  30.421722     4.4084     4.4341    -0.0064    97.8841 1.0000e-12  -63.96582  -66.85596 330.287099      99.98 2.8206e+01   6283.352     150801  1034.6398  1034.6392    34.7196    34.7188    7.80009         28 0.0000e+00
   1464.000   1444.681     1.1067  30.422920     1.1065  30.422088     4.4129     4.4337    -0.0133    97.8841 1.0000e-12  -63.96582  -66.85596 330.287116      99.98 2.8206e+01   6284.836     150837  1034.6351  1034.6345    34.7196    34.7187    7.79985         37 0.0000e+00
   1463.000   1443.697     1.1067  30.422616     1.1056  30.420973     4.4065     4.4406    -0.0094    97.8841 1.0000e-12  -63.96582  -66.85596 330.287136      99.97 2.8206e+01   6286.548     150878  1034.6306  1034.6300    34.7196    34.7188    7.79984         31 0.0000e+00
   1462.000   1442.716     1.1083  30.423462     1.1079  30.422551     4.4103     4.4379    -0.0028    97.8841 1.0000e-12  -63.96582  -66.85596 330.287147      99.98 2.8706e+01   6287.542     150902  1034.6257  1034.6252    34.7195    34.7188    7.79953         20 0.0000e+00
   1461.000   1441.730     1.1086  30.423346     1.1087  30.422759     4.4113     4.4328    -0.0118    97.8841 1.0000e-12  -63.96582  -66.85598 330.287156      99.98 2.9381e+01   6288.312     150920  1034.6211  1034.6205    34.7196    34.7188    7.79947         18 0.0000e+00
   1460.000   1440.748     1.1089  30.423066     1.1090  30.422671     4.4151     4.4318    -0.0112    97.8841 1.0000e-12  -63.96584  -66.85598 330.287165      99.97 2.9145e+01   6289.024     150938  1034.6164  1034.6159    34.7195    34.7188    7.79942         17 0.0000e+00
   1459.000   1439.764     1.1089  30.422817     1.1089  30.422264     4.4081     4.4353    -0.0123    97.8841 1.0000e-12  -63.96584  -66.85598 330.287173      99.98 2.8592e+01   6289.772     150956  1034.6120  1034.6114    34.7197    34.7189    7.79941         19 0.0000e+00
   1458.000   1438.779     1.1087  30.422177     1.1086  30.421446     4.4066     4.4366    -0.0039    97.8841 1.0000e-12  -63.96584  -66.85598 330.287184      99.98 2.8217e+01   6290.682     150977  1034.6074  1034.6068    34.7196    34.7188    7.79945         25 0.0000e+00
   1457.000   1437.797     1.1083  30.421389     1.1085  30.420907     4.4140     4.4336    -0.0154    97.8834 1.0000e-12  -63.96584  -66.85597 330.287200      99.98 2.8206e+01   6292.050     151010  1034.6029  1034.6023    34.7195    34.7188    7.79952         37 0.0000e+00
   1456.000   1436.814     1.1090  30.421581     1.1082  30.420303     4.4157     4.4326    -0.0116    97.8822 1.0000e-12  -63.96582  -66.85596 330.287216      99.97 2.8206e+01   6293.449     151044  1034.5983  1034.5977    34.7196    34.7188    7.79940         28 0.0000e+00
   1455.000   1435.831     1.1104  30.422419     1.1091  30.420729     4.4141     4.4312    -0.0046    97.8605 1.0000e-12  -63.96584  -66.85596 330.287229      99.97 2.8206e+01   6294.568     151071  1034.5936  1034.5931    34.7197    34.7189    7.79911         27 0.0000e+00
   1454.000   1434.846     1.1095  30.421159     1.1096  30.420671     4.4104     4.4306    -0.0048    97.8735 1.0000e-12  -63.96584  -66.85595 330.287248      99.98 2.8206e+01   6296.220     151110  1034.5890  1034.5884    34.7196    34.7188    7.79929         33 0.0000e+00
   1453.000   1433.863     1.1095  30.420912     1.1094  30.420027     4.4125     4.4333    -0.0115    97.8847 1.0000e-12  -63.96584  -66.85596 330.287273      99.98 2.8206e+01   6298.343     151161  1034.5846  1034.5839    34.7197    34.7188    7.79928         32 0.0000e+00
   1452.000   1432.881     1.1152  30.425420     1.1142  30.423903     4.4049     4.4304    -0.0108    97.8841 1.0000e-12  -63.96584  -66.85596 330.287284      99.97 2.8206e+01   6299.356     151186  1034.5793  1034.5788    34.7197    34.7190    7.79814         21 0.0000e+00
   1451.000   1431.895     1.1169  30.426607     1.1176  30.426499     4.4060     4.4298    -0.0112    97.8841 1.0000e-12  -63.96584  -66.85598 330.287294      99.98 2.9668e+01   6300.178     151205  1034.5747  1034.5738    34.7200    34.7190    7.79780         19 0.0000e+00
   1450.000   1430.915     1.1199  30.428794     1.1195  30.427682     4.4051     4.4289    -0.0092    97.8841 1.0000e-12  -63.96584  -66.85598 330.287303      99.97 2.9974e+01   6300.971     151224  1034.5697  1034.5690    34.7200    34.7190    7.79720         19 0.0000e+00
   1449.000   1429.928     1.1203  30.428760     1.1202  30.428070     4.4082     4.4299    -0.0065    97.8841 1.0000e-12  -63.96584  -66.85598 330.287313      99.97 2.9969e+01   6301.857     151246  1034.5652  1034.5645    34.7200    34.7192    7.79712         24 0.0000e+00
   1448.000   1428.947     1.1201  30.428018     1.1201  30.427553     4.4061     4.4314    -0.0162    97.8841 1.0000e-12  -63.96584  -66.85598 330.287328      99.98 2.9969e+01   6303.098     151275  1034.5605  1034.5600    34.7198    34.7192    7.79717         34 0.0000e+00
   1447.000   1427.963     1.1195  30.427229     1.1194  30.426473     4.4075     4.4298    -0.0157    97.8841 1.0000e-12  -63.96584  -66.85598 330.287345      99.98 2.9287e+01   6304.652     151313  1034.5561  1034.5555    34.7200    34.7192    7.79728         32 0.0000e+00
   1446.000   1426.979     1.1203  30.427464     1.1202  30.426784     4.4041     4.4237    -0.0128    97.8841 1.0000e-12  -63.96584  -66.85597 330.287358      99.97 2.8277e+01   6305.757     151339  1034.5514  1034.5509    34.7199    34.7192    7.79711         23 0.0000e+00
   1445.000   1425.996     1.1212  30.427835     1.1210  30.426987     4.4081     4.4233    -0.0170    97.8841 1.0000e-12  -63.96584  -66.85597 330.287369      99.98 2.8207e+01   6306.675     151361  1034.5467  1034.5461    34.7200    34.7191    7.79693         22 0.0000e+00
   1444.000   1425.012     1.1214  30.427628     1.1216  30.427025     4.4035     4.4269    -0.0151    97.8841 1.0000e-12  -63.96584  -66.85597 330.287379      99.98 2.8782e+01   6307.565     151383  1034.5422  1034.5414    34.7200    34.7190    7.79689         21 0.0000e+00
   1443.000   1424.029     1.1213  30.427073     1.1214  30.426508     4.4010     4.4297    -0.0072    97.8665 1.0000e-12  -63.96584  -66.85597 330.287391      99.98 2.9691e+01   6308.616     151408  1034.5376  1034.5369    34.7200    34.7192    7.79692         30 0.0000e+00
   1442.000   1423.046     1.1210  30.426395     1.1212  30.425957     4.4022     4.4294    -0.0104    97.8739 1.0000e-12  -63.96584  -66.85597 330.287411      99.97 2.9970e+01   6310.313     151449  1034.5330  1034.5324    34.7199    34.7191    7.79697         38 0.0000e+00
   1441.000   1422.062     1.1211  30.425977     1.1210  30.425322     4.4137     4.4296    -0.0147    97.8771 1.0000e-12  -63.96584  -66.85597 330.287430      99.98 2.9969e+01   6311.970     151488  1034.5284  1034.5279    34.7199    34.7192    7.79697         29 0.0000e+00
   1440.000   1421.079     1.1213  30.425890     1.1213  30.425177     4.4131     4.4306    -0.0160    97.8678 1.0000e-12  -63.96584  -66.85598 330.287443      99.98 2.9969e+01   6313.043     151514  1034.5239  1034.5232    34.7200    34.7192    7.79691         24 0.0000e+00
   1439.000   1420.095     1.1221  30.426139     1.1219  30.425263     4.4042     4.4306    -0.0147    97.8841 1.0000e-12  -63.96584  -66.85596 330.287454      99.98 2.9969e+01   6314.021     151538  1034.5192  1034.5186    34.7200    34.7192    7.79675         24 0.0000e+00
   1438.000   1419.111     1.1227  30.426288     1.1228  30.425570     4.4122     4.4294    -0.0198    97.8831 1.0000e-12  -63.96584  -66.85598 330.287466      99.97 2.9969e+01   6315.045     151562  1034.5146  1034.5139    34.7201    34.7191    7.79663         26 0.0000e+00
   1437.000   1418.127     1.1232  30.426337     1.1229  30.425385     4.4001     4.4336    -0.0136    97.8806 1.0000e-12  -63.96584  -66.85596 330.287479      99.98 2.9969e+01   6316.188     151590  1034.5100  1034.5094    34.7201    34.7192    7.79653         29 0.0000e+00
   1436.000   1417.145     1.1231  30.425719     1.1229  30.424989     4.4034     4.4322    -0.0034    97.8840 1.0000e-12  -63.96584  -66.85597 330.287494      99.98 2.9969e+01   6317.441     151620  1034.5053  1034.5048    34.7200    34.7192    7.79656         31 0.0000e+00
   1435.000   1416.161     1.1232  30.425411     1.1232  30.424800     4.4163     4.4308    -0.0085    97.8841 1.0000e-12  -63.96584  -66.85598 330.287508      99.98 2.9969e+01   6318.724     151650  1034.5008  1034.5002    34.7201    34.7193    7.79654         28 0.0000e+00
   1434.000   1415.178     1.1231  30.424934     1.1230  30.424233     4.4050     4.4251    -0.0112    97.8841 1.0000e-12  -63.96584  -66.85598 330.287522      99.98 2.9969e+01   6319.914     151679  1034.4962  1034.4956    34.7201    34.7193    7.79656         27 0.0000e+00
   1433.000   1414.194     1.1233  30.424627     1.1234  30.424110     4.4036     4.4271    -0.0060    97.8841 1.0000e-12  -63.96584  -66.85598 330.287535      99.97 2.9969e+01   6320.995     151705  1034.4916  1034.4910    34.7200    34.7193    7.79652         25 0.0000e+00
   1432.000   1413.210     1.1235  30.424475     1.1237  30.423992     4.4039     4.4280    -0.0146    97.8841 1.0000e-12  -63.96584  -66.85598 330.287547      99.97 2.9969e+01   6322.045     151730  1034.4870  1034.4863    34.7201    34.7192    7.79647         26 0.0000e+00
   1431.000   1412.226     1.1238  30.424287     1.1240  30.423880     4.4065     4.4256    -0.0142    97.8841 1.0000e-12  -63.96584  -66.85600 330.287560      99.98 2.9969e+01   6323.150     151757  1034.4824  1034.4818    34.7201    34.7193    7.79642         27 0.0000e+00
   1430.000   1411.244     1.1241  30.424151     1.1240  30.423458     4.4036     4.4252    -0.0063    97.8841 1.0000e-12  -63.96584  -66.85598 330.287573      99.98 2.9969e+01   6324.267     151783  1034.4778  1034.4772    34.7201    34.7193    7.79635         26 0.0000e+00
   1429.000   1410.261     1.1245  30.424181     1.1244  30.423416     4.4049     4.4290    -0.0034    97.8841 1.0000e-12  -63.96584  -66.85598 330.287585      99.97 2.9969e+01   6325.323     151809  1034.4732  1034.4726    34.7202    34.7194    7.79626         24 0.0000e+00
   1428.000   1409.276     1.1252  30.424180     1.1256  30.423956     4.4088     4.4292    -0.0077    97.8841 1.0000e-12  -63.96584  -66.85598 330.287596      99.98 2.9969e+01   6326.326     151833  1034.4684  1034.4678    34.7200    34.7193    7.79614         25 0.0000e+00
   1427.000   1408.292     1.1264  30.424905     1.1265  30.424313     4.4041     4.4292    -0.0063    97.8841 1.0000e-12  -63.96584  -66.85596 330.287610      99.97 2.8867e+01   6327.464     151860  1034.4638  1034.4631    34.7201    34.7193    7.79589         31 0.0000e+00
   1426.000   1407.309     1.1247  30.422943     1.1248  30.422498     4.4083     4.4298    -0.0132    97.8841 1.0000e-12  -63.96584  -66.85597 330.287634      99.97 2.9280e+01   6329.580     151911  1034.4593  1034.4588    34.7200    34.7194    7.79623         35 0.0000e+00
   1425.000   1406.326     1.1259  30.423644     1.1253  30.422481     4.4099     4.4255    -0.0121    97.8841 1.0000e-12  -63.96584  -66.85598 330.287657      99.97 2.9978e+01   6331.587     151959  1034.4547  1034.4541    34.7202    34.7193    7.79600         25 0.0000e+00
   1424.000   1405.341     1.1276  30.424736     1.1271  30.423658     4.3946     4.4259    -0.0131    97.8841 1.0000e-12  -63.96584  -66.85598 330.287668      99.98 2.9969e+01   6332.504     151981  1034.4499  1034.4494    34.7202    34.7194    7.79565         19 0.0000e+00
   1423.000   1404.359     1.1310  30.427324     1.1304  30.426194     4.3993     4.4255    -0.0203    97.8841 1.0000e-12  -63.96584  -66.85600 330.287677      99.97 2.9969e+01   6333.261     151999  1034.4450  1034.4445    34.7203    34.7196    7.79497         17 0.0000e+00
   1422.000   1403.374     1.1319  30.427535     1.1318  30.426951     4.3940     4.4239    -0.0211    97.8841 1.0000e-12  -63.96584  -66.85600 330.287685      99.98 2.9969e+01   6333.962     152016  1034.4401  1034.4396    34.7201    34.7195    7.79480         17 0.0000e+00
   1421.000   1402.391     1.1322  30.427557     1.1323  30.426996     4.3945     4.4252    -0.0193    97.8841 1.0000e-12  -63.96584  -66.85600 330.287693      99.97 2.9969e+01   6334.705     152034  1034.4357  1034.4351    34.7204    34.7196    7.79473         19 0.0000e+00
   1420.000   1401.408     1.1323  30.427178     1.1324  30.426666     4.3981     4.4235    -0.0127    97.8841 1.0000e-12  -63.96584  -66.85599 330.287703      99.98 2.9969e+01   6335.558     152054  1034.4311  1034.4304    34.7203    34.7195    7.79471         23 0.0000e+00
   1419.000   1400.423     1.1312  30.425856     1.1317  30.425674     4.3987     4.4238    -0.0111    97.8841 1.0000e-12  -63.96584  -66.85598 330.287716      99.97 2.9969e+01   6336.703     152082  1034.4267  1034.4260    34.7203    34.7196    7.79493         31 0.0000e+00
   1418.000   1399.441     1.1318  30.425970     1.1316  30.425132     4.4057     4.4220    -0.0074    97.8841 1.0000e-12  -63.96584  -66.85598 330.287734      99.98 2.9969e+01   6338.251     152119  1034.4220  1034.4214    34.7203    34.7195    7.79480         36 0.0000e+00
   1417.000   1398.457     1.1318  30.425469     1.1318  30.424874     4.4055     4.4220    -0.0110    97.8841 1.0000e-12  -63.96584  -66.85598 330.287753      99.98 2.9969e+01   6339.860     152158  1034.4174  1034.4168    34.7203    34.7196    7.79481         38 0.0000e+00
