NBP2113_155081_ctd/data/unbp2113_051.cnv
* Sea-Bird SBE 9 Data File:
* FileName = D:\Data\raw\NBP2113_051.hex
* Software Version Seasave V 7.26.7.121
* Temperature SN = 2438
* Conductivity SN = 2067
* Number of Bytes Per Scan = 40
* Number of Voltage Words = 5
* Number of Scans Averaged by the Deck Unit = 1
* NMEA Latitude = 64 55.61 S
* NMEA Longitude = 064 41.14 W
* NMEA UTC (Time) = Dec 11 2021  14:40:45
* NMEA baud rate = 9600
** Ship: RVIB N.B. Palmer
** Cruise: NBP2113 LTER
** Station: 592.051
** Operator: B. Urmston
# nquan = 25
# nvalues = 869                         
# units = specified
# name 0 = prDM: Pressure, Digiquartz [db]
# name 1 = depSM: Depth [salt water, m]
# name 2 = t090C: Temperature [ITS-90, deg C]
# name 3 = c0mS/cm: Conductivity [mS/cm]
# name 4 = t190C: Temperature, 2 [ITS-90, deg C]
# name 5 = c1mS/cm: Conductivity, 2 [mS/cm]
# name 6 = sbeox0ML/L: Oxygen, SBE 43 [ml/l]
# name 7 = sbeox1ML/L: Oxygen, SBE 43, 2 [ml/l]
# name 8 = flECO-AFL: Fluorescence, WET Labs ECO-AFL/FL [mg/m^3]
# name 9 = CStarTr0: Beam Transmission, WET Labs C-Star [%]
# name 10 = par: PAR/Irradiance, Biospherical/Licor
# name 11 = latitude: Latitude [deg]
# name 12 = longitude: Longitude [deg]
# name 13 = timeJ: Julian Days
# name 14 = altM: Altimeter [m]
# name 15 = spar: SPAR, Biospherical/Licor
# name 16 = timeS: Time, Elapsed [seconds]
# name 17 = scan: Scan Count
# name 18 = density00: Density [density, kg/m^3]
# name 19 = density11: Density, 2 [density, kg/m^3]
# name 20 = sal00: Salinity, Practical [PSU]
# name 21 = sal11: Salinity, Practical, 2 [PSU]
# name 22 = oxsolML/L: Oxygen Saturation, Garcia & Gordon [ml/l]
# name 23 = nbin: number of scans per bin
# name 24 = flag: flag
# span 0 =      1.000,    869.000       
# span 1 =      0.990,    858.680       
# span 2 =    -0.6893,     1.4634       
# span 3 =  27.425727,  30.442815       
# span 4 =    -0.6978,     1.4631       
# span 5 =  27.427995,  30.441413       
# span 6 =     4.0661,     8.1854       
# span 7 =     4.1311,     8.1084       
# span 8 =    -0.0215,     1.6394       
# span 9 =    82.3996,    91.7265       
# span 10 = 1.0000e-12, 1.2459e+03      
# span 11 =  -64.92700,  -64.92670      
# span 12 =  -64.68548,  -64.68490      
# span 13 = 345.632257, 345.651757      
# span 14 =       6.91,     100.33      
# span 15 = 8.5898e+02, 1.0812e+03      
# span 16 =   1781.965,   3466.802      
# span 17 =      42768,      83204      
# span 18 =  1027.0249,  1031.8207      
# span 19 =  1027.0230,  1031.8194      
# span 20 =    33.6165,    34.6765      
# span 21 =    33.6141,    34.6749      
# span 22 =    7.73164,    8.23575      
# span 23 =         11,         45      
# span 24 = 0.0000e+00, 0.0000e+00      
# interval = decibars: 1                
# start_time = Dec 11 2021 14:40:45 [NMEA time, header]
# bad_flag = -9.990e-29
*END*
[from data line 638]
    231.000    228.610     1.0466  29.721799     1.0471  29.721242     4.6242     4.6791    -0.0011    91.2906 1.0000e-12  -64.92678  -64.68503 345.644708      99.97 9.8765e+02   2857.804      68588  1028.7952  1028.7941    34.5784    34.5771    7.81949         33 0.0000e+00
    230.000    227.620     1.0471  29.721953     1.0469  29.720841     4.6364     4.6908    -0.0137    91.2944 1.0000e-12  -64.92678  -64.68502 345.644750      99.97 9.8906e+02   2861.421      68675  1028.7905  1028.7896    34.5787    34.5774    7.81939         26 0.0000e+00
    229.000    226.633     1.0452  29.719855     1.0451  29.718768     4.6591     4.6997    -0.0092    91.2717 1.0000e-12  -64.92678  -64.68504 345.644759      99.97 9.9077e+02   2862.164      68693  1028.7860  1028.7850    34.5786    34.5774    7.81976         18 0.0000e+00
    228.000    225.640     1.0386  29.712636     1.0400  29.712856     4.6634     4.6983    -0.0077    91.3065 1.0000e-12  -64.92678  -64.68504 345.644767      99.97 -9.990e-29   2862.851      68709  1028.7808  1028.7797    34.5772    34.5761    7.82116         16 0.0000e+00
    227.000    224.651     1.0281  29.701397     1.0317  29.704226     4.6631     4.7000    -0.0077    91.2955 1.0000e-12  -64.92678  -64.68504 345.644774      99.97 9.9250e+02   2863.513      68725  1028.7753  1028.7746    34.5750    34.5747    7.82339         16 0.0000e+00
    226.000    223.666     1.0247  29.696591     1.0247  29.695757     4.6613     4.7011    -0.0031    91.2909 1.0000e-12  -64.92678  -64.68504 345.644783      99.97 9.9250e+02   2864.241      68743  1028.7694  1028.7686    34.5732    34.5721    7.82417         19 0.0000e+00
    225.000    222.673     1.0251  29.696349     1.0283  29.698694     4.6551     4.6957    -0.0005    91.2645 1.0000e-12  -64.92678  -64.68502 345.644794      99.97 9.9250e+02   2865.241      68767  1028.7644  1028.7637    34.5730    34.5725    7.82409         31 0.0000e+00
    224.000    221.684     1.0308  29.701964     1.0322  29.702743     4.6428     4.6941     0.0020    91.2863 1.0000e-12  -64.92678  -64.68501 345.644833      99.97 9.9109e+02   2868.544      68846  1028.7602  1028.7597    34.5745    34.5739    7.82287         35 0.0000e+00
    223.000    220.696     1.0322  29.703097     1.0332  29.703177     4.6438     4.6971    -0.0038    91.2902 1.0000e-12  -64.92678  -64.68500 345.644860      99.97 9.9073e+02   2870.914      68903  1028.7557  1028.7548    34.5750    34.5740    7.82257         38 0.0000e+00
    222.000    219.708     1.0306  29.701218     1.0332  29.702722     4.6447     4.6985    -0.0042    91.2923 1.0000e-12  -64.92678  -64.68500 345.644884      99.97 9.9160e+02   2873.008      68953  1028.7511  1028.7501    34.5750    34.5740    7.82289         39 0.0000e+00
    221.000    218.717     1.0272  29.696829     1.0301  29.699128     4.6937     4.7297     0.0081    91.2846 1.0000e-12  -64.92678  -64.68502 345.644907      99.97 9.9485e+02   2874.954      69000  1028.7456  1028.7451    34.5737    34.5734    7.82364         31 0.0000e+00
    220.000    217.730     1.0160  29.686122     1.0194  29.688631     4.7265     4.7431     0.0049    91.2757 1.0000e-12  -64.92678  -64.68502 345.644918      99.97 9.9606e+02   2875.941      69024  1028.7413  1028.7406    34.5728    34.5723    7.82592         19 0.0000e+00
    219.000    216.740     0.9986  29.666365     1.0003  29.667457     4.7279     4.7481    -0.0079    91.2832 1.0000e-12  -64.92678  -64.68502 345.644927      99.97 9.9603e+02   2876.680      69041  1028.7338  1028.7333    34.5673    34.5668    7.82971         17 0.0000e+00
    218.000    215.749     0.9951  29.662008     0.9963  29.662190     4.7125     4.7492    -0.0077    91.2646 1.0000e-12  -64.92678  -64.68502 345.644935      99.97 9.9603e+02   2877.362      69058  1028.7285  1028.7275    34.5662    34.5650    7.83048         16 0.0000e+00
    217.000    214.760     0.9922  29.658308     0.9920  29.656922     4.7064     4.7441    -0.0048    91.2496 1.0000e-12  -64.92678  -64.68502 345.644943      99.97 9.9603e+02   2878.110      69076  1028.7232  1028.7219    34.5652    34.5636    7.83111         20 0.0000e+00
    216.000    213.770     0.9944  29.659868     0.9992  29.663679     4.7079     4.7477     0.0039    91.2426 1.0000e-12  -64.92678  -64.68500 345.644967      99.97 9.9621e+02   2880.139      69124  1028.7181  1028.7174    34.5653    34.5649    7.83066         29 0.0000e+00
    215.000    212.784     0.9973  29.663082     0.9975  29.662306     4.7234     4.7637     0.0024    91.2407 1.0000e-12  -64.92678  -64.68500 345.645020      99.97 9.9919e+02   2884.732      69235  1028.7142  1028.7132    34.5669    34.5657    7.83000         18 0.0000e+00
    214.000    211.794     0.9873  29.652632     0.9908  29.655100     4.7318     4.7660     0.0144    91.2407 1.0000e-12  -64.92678  -64.68500 345.645028      99.97 9.9955e+02   2885.381      69250  1028.7090  1028.7080    34.5651    34.5643    7.83210         15 0.0000e+00
    213.000    210.805     0.9810  29.644488     0.9861  29.649222     4.7328     4.7666     0.0101    91.2407 1.0000e-12  -64.92678  -64.68500 345.645036      99.97 9.9955e+02   2886.062      69266  1028.7026  1028.7024    34.5622    34.5626    7.83353         17 0.0000e+00
    212.000    209.816     0.9750  29.638236     0.9772  29.639438     4.7273     4.7676     0.0070    91.2407 1.0000e-12  -64.92678  -64.68500 345.645044      99.97 9.9955e+02   2886.846      69285  1028.6976  1028.6968    34.5614    34.5605    7.83478         21 0.0000e+00
    211.000    208.826     0.9748  29.636735     0.9795  29.640300     4.7261     4.7657     0.0024    91.2317 1.0000e-12  -64.92678  -64.68500 345.645058      99.97 9.9790e+02   2888.037      69314  1028.6918  1028.6909    34.5602    34.5596    7.83487         28 0.0000e+00
    210.000    207.836     0.9817  29.643923     0.9876  29.649011     4.7211     4.7678     0.0029    91.2326 1.0000e-12  -64.92678  -64.68500 345.645108      99.97 9.9939e+02   2892.305      69416  1028.6880  1028.6876    34.5624    34.5625    7.83337         35 0.0000e+00
    209.000    206.848     0.9827  29.645021     0.9841  29.645065     4.7657     4.7957     0.0028    91.2398 1.0000e-12  -64.92677  -64.68501 345.645125      99.97 9.9955e+02   2893.781      69452  1028.6839  1028.6826    34.5632    34.5618    7.83311         25 0.0000e+00
    208.000    205.858     0.9728  29.634519     0.9739  29.634770     4.7883     4.8077    -0.0004    91.2325 1.0000e-12  -64.92676  -64.68501 345.645135      99.97 9.9955e+02   2894.679      69473  1028.6786  1028.6778    34.5613    34.5604    7.83521         19 0.0000e+00
    207.000    204.870     0.9507  29.610966     0.9526  29.611913     4.7884     4.8115    -0.0004    91.2239 1.0000e-12  -64.92676  -64.68500 345.645145      99.97 9.9972e+02   2895.499      69493  1028.6716  1028.6709    34.5560    34.5552    7.83993         21 0.0000e+00
    206.000    203.879     0.9397  29.597607     0.9472  29.604063     4.7710     4.8066     0.0005    91.2154 1.0000e-12  -64.92676  -64.68500 345.645156      99.97 9.9962e+02   2896.480      69517  1028.6643  1028.6638    34.5516    34.5517    7.84239         29 0.0000e+00
    205.000    202.892     0.9551  29.613069     0.9591  29.616867     4.7584     4.8055     0.0009    91.2156 1.0000e-12  -64.92676  -64.68500 345.645191      99.97 1.0007e+03   2899.462      69588  1028.6607  1028.6608    34.5551    34.5556    7.83912         39 0.0000e+00
    204.000    201.903     0.9543  29.612574     0.9536  29.610739     4.7706     4.8142     0.0047    91.2169 1.0000e-12  -64.92676  -64.68500 345.645215      99.97 9.9987e+02   2901.600      69639  1028.6565  1028.6554    34.5559    34.5543    7.83922         26 0.0000e+00
    203.000    200.912     0.9477  29.604994     0.9493  29.605445     4.7774     4.8116     0.0018    91.2221 1.0000e-12  -64.92676  -64.68500 345.645227      99.97 9.9956e+02   2902.645      69664  1028.6509  1028.6499    34.5540    34.5529    7.84065         28 0.0000e+00
    202.000    199.924     0.9406  29.596823     0.9468  29.601526     4.7794     4.8152     0.0066    91.1954 1.0000e-12  -64.92676  -64.68500 345.645247      99.97 1.0018e+03   2904.322      69705  1028.6451  1028.6440    34.5520    34.5512    7.84220         39 0.0000e+00
    201.000    198.935     0.9409  29.596839     0.9414  29.596309     4.7872     4.8379    -0.0067    91.2156 1.0000e-12  -64.92676  -64.68502 345.645268      99.97 1.0032e+03   2906.152      69749  1028.6405  1028.6396    34.5523    34.5510    7.84212         29 0.0000e+00
    200.000    197.945     0.9315  29.586462     0.9336  29.587226     4.7988     4.8439     0.0046    91.2186 1.0000e-12  -64.92676  -64.68500 345.645279      99.97 1.0031e+03   2907.135      69772  1028.6347  1028.6335    34.5499    34.5485    7.84414         21 0.0000e+00
    199.000    196.955     0.9220  29.576260     0.9242  29.577653     4.8046     4.8418     0.0024    91.2222 1.0000e-12  -64.92676  -64.68500 345.645289      99.97 1.0028e+03   2907.988      69793  1028.6292  1028.6286    34.5479    34.5472    7.84616         21 0.0000e+00
    198.000    195.966     0.9260  29.578806     0.9247  29.576960     4.7992     4.8397     0.0043    91.2146 1.0000e-12  -64.92676  -64.68499 345.645308      99.97 1.0002e+03   2909.615      69832  1028.6236  1028.6229    34.5473    34.5463    7.84539         38 0.0000e+00
    197.000    194.977     0.9311  29.585057     0.9299  29.582254     4.8056     4.8572     0.0070    91.2191 1.0000e-12  -64.92676  -64.68498 345.645352      99.97 1.0044e+03   2913.442      69924  1028.6205  1028.6188    34.5503    34.5480    7.84420         32 0.0000e+00
    196.000    193.988     0.9223  29.574817     0.9225  29.574206     4.8389     4.8675     0.0069    91.2381 1.0000e-12  -64.92676  -64.68500 345.645364      99.97 1.0041e+03   2914.408      69947  1028.6142  1028.6135    34.5473    34.5464    7.84612         21 0.0000e+00
    195.000    192.998     0.9132  29.565749     0.9143  29.565416     4.8333     4.8730     0.0069    91.2165 1.0000e-12  -64.92676  -64.68500 345.645373      99.97 1.0032e+03   2915.259      69967  1028.6096  1028.6082    34.5464    34.5447    7.84801         20 0.0000e+00
    194.000    192.010     0.9017  29.552368     0.9032  29.553328     4.8231     4.8736     0.0069    91.2215 1.0000e-12  -64.92676  -64.68500 345.645384      99.97 1.0033e+03   2916.153      69989  1028.6027  1028.6023    34.5424    34.5421    7.85053         23 0.0000e+00
    193.000    191.019     0.9068  29.556357     0.9035  29.552537     4.8202     4.8695     0.0067    91.1976 1.0000e-12  -64.92676  -64.68500 345.645398      99.97 1.0023e+03   2917.345      70017  1028.5975  1028.5968    34.5425    34.5412    7.84950         37 0.0000e+00
    192.000    190.036     0.9087  29.558715     0.9102  29.559016     4.8204     4.8659     0.0064    91.2082 1.0000e-12  -64.92676  -64.68497 345.645430      99.97 1.0033e+03   2920.121      70084  1028.5936  1028.5925    34.5440    34.5428    7.84904         27 0.0000e+00
    191.000    189.041     0.9094  29.559236     0.9091  29.557910     4.8489     4.8918     0.0147    91.2152 1.0000e-12  -64.92676  -64.68498 345.645455      99.97 1.0056e+03   2922.323      70137  1028.5892  1028.5880    34.5446    34.5432    7.84887         32 0.0000e+00
    190.000    188.051     0.8969  29.545573     0.8968  29.544014     4.8719     4.8926     0.0143    91.2149 1.0000e-12  -64.92676  -64.68498 345.645468      99.97 1.0048e+03   2923.457      70164  1028.5830  1028.5815    34.5413    34.5394    7.85156         28 0.0000e+00
    189.000    187.061     0.8839  29.531358     0.8903  29.536362     4.8569     4.8878     0.0084    91.2053 1.0000e-12  -64.92676  -64.68498 345.645484      99.97 1.0032e+03   2924.842      70197  1028.5768  1028.5756    34.5380    34.5374    7.85437         35 0.0000e+00
    188.000    186.073     0.8920  29.539074     0.8935  29.540360     4.8753     4.9102     0.0069    91.1890 1.0000e-12  -64.92676  -64.68500 345.645510      99.97 1.0062e+03   2927.082      70251  1028.5723  1028.5722    34.5396    34.5395    7.85265         35 0.0000e+00
    187.000    185.084     0.8784  29.524112     0.8767  29.521226     4.9119     4.9322     0.0069    91.1892 1.0000e-12  -64.92676  -64.68500 345.645526      99.97 1.0066e+03   2928.416      70283  1028.5659  1028.5647    34.5360    34.5341    7.85559         24 0.0000e+00
    186.000    184.094     0.8652  29.509794     0.8713  29.515032     4.9102     4.9302     0.0081    91.1672 1.0000e-12  -64.92676  -64.68498 345.645537      99.97 1.0060e+03   2929.438      70308  1028.5598  1028.5593    34.5327    34.5327    7.85844         25 0.0000e+00
    185.000    183.107     0.8553  29.498045     0.8564  29.498689     4.9138     4.9312     0.0116    91.1552 1.0000e-12  -64.92676  -64.68497 345.645554      99.97 1.0035e+03   2930.838      70341  1028.5529  1028.5524    34.5290    34.5287    7.86062         32 0.0000e+00
    184.000    182.119     0.8607  29.502836     0.8666  29.508347     4.9244     4.9562     0.0182    91.1625 1.0000e-12  -64.92676  -64.68496 345.645585      99.97 1.0039e+03   2933.551      70406  1028.5480  1028.5479    34.5298    34.5304    7.85949         31 0.0000e+00
    183.000    181.126     0.8563  29.499476     0.8579  29.500486     4.9444     4.9693     0.0142    91.1470 1.0000e-12  -64.92676  -64.68497 345.645600      99.97 1.0065e+03   2934.798      70436  1028.5445  1028.5440    34.5310    34.5304    7.86032         24 0.0000e+00
    182.000    180.138     0.8376  29.478595     0.8386  29.478794     4.9371     4.9758     0.0074    91.1366 1.0000e-12  -64.92676  -64.68499 345.645610      99.97 1.0077e+03   2935.671      70457  1028.5369  1028.5363    34.5253    34.5244    7.86440         20 0.0000e+00
    181.000    179.147     0.8321  29.471845     0.8309  29.469476     4.9275     4.9729     0.0069    91.1377 1.0000e-12  -64.92676  -64.68499 345.645620      99.97 1.0084e+03   2936.603      70479  1028.5309  1028.5298    34.5233    34.5216    7.86562         25 0.0000e+00
    180.000    178.159     0.8387  29.478013     0.8443  29.483180     4.9318     4.9736     0.0069    91.1323 1.0000e-12  -64.92675  -64.68497 345.645654      99.97 1.0058e+03   2939.537      70550  1028.5264  1028.5263    34.5246    34.5250    7.86423         38 0.0000e+00
    179.000    177.170     0.8398  29.479239     0.8429  29.481431     4.9601     4.9915     0.0085    91.1190 1.0000e-12  -64.92674  -64.68496 345.645693      99.97 1.0068e+03   2942.845      70629  1028.5221  1028.5214    34.5255    34.5249    7.86395         29 0.0000e+00
    178.000    176.180     0.8331  29.472175     0.8332  29.471351     4.9743     5.0076     0.0148    91.1356 1.0000e-12  -64.92674  -64.68497 345.645702      99.97 1.0084e+03   2943.689      70650  1028.5170  1028.5162    34.5243    34.5232    7.86536         21 0.0000e+00
    177.000    175.189     0.8151  29.453883     0.8174  29.455120     4.9685     5.0115     0.0215    91.1377 1.0000e-12  -64.92674  -64.68498 345.645712      99.97 1.0084e+03   2944.490      70669  1028.5115  1028.5106    34.5213    34.5203    7.86918         19 0.0000e+00
    176.000    174.203     0.8036  29.441149     0.8042  29.441210     4.9669     5.0059     0.0113    91.1457 1.0000e-12  -64.92674  -64.68498 345.645721      99.97 1.0084e+03   2945.277      70688  1028.5052  1028.5048    34.5181    34.5176    7.87167         19 0.0000e+00
    175.000    173.212     0.8036  29.439917     0.8008  29.435554     4.9595     5.0032     0.0108    91.1381 1.0000e-12  -64.92674  -64.68498 345.645732      99.97 1.0076e+03   2946.206      70710  1028.4996  1028.4979    34.5172    34.5146    7.87173         27 0.0000e+00
