NBP2113_155081_ctd/data/unbp2113_010.cnv
* Sea-Bird SBE 9 Data File:
* FileName = D:\Data\raw\NBP2113_010.hex
* Software Version Seasave V 7.26.7.121
* Temperature SN = 2438
* Conductivity SN = 2067
* Number of Bytes Per Scan = 40
* Number of Voltage Words = 5
* Number of Scans Averaged by the Deck Unit = 1
* NMEA Latitude = 64 34.40 S
* NMEA Longitude = 065 21.00 W
* NMEA UTC (Time) = Nov 25 2021  20:37:57
* NMEA baud rate = 9600
** Ship: RVIB N.B. Palmer
** Cruise: NBP2113 LTER
** Station: 600.100
** Operator: S. Blackman
# nquan = 25
# nvalues = 604                         
# units = specified
# name 0 = prDM: Pressure, Digiquartz [db]
# name 1 = depSM: Depth [salt water, m]
# name 2 = t090C: Temperature [ITS-90, deg C]
# name 3 = c0mS/cm: Conductivity [mS/cm]
# name 4 = t190C: Temperature, 2 [ITS-90, deg C]
# name 5 = c1mS/cm: Conductivity, 2 [mS/cm]
# name 6 = sbeox0ML/L: Oxygen, SBE 43 [ml/l]
# name 7 = sbeox1ML/L: Oxygen, SBE 43, 2 [ml/l]
# name 8 = flECO-AFL: Fluorescence, WET Labs ECO-AFL/FL [mg/m^3]
# name 9 = CStarTr0: Beam Transmission, WET Labs C-Star [%]
# name 10 = par: PAR/Irradiance, Biospherical/Licor
# name 11 = latitude: Latitude [deg]
# name 12 = longitude: Longitude [deg]
# name 13 = timeJ: Julian Days
# name 14 = altM: Altimeter [m]
# name 15 = spar: SPAR, Biospherical/Licor
# name 16 = timeS: Time, Elapsed [seconds]
# name 17 = scan: Scan Count
# name 18 = density00: Density [density, kg/m^3]
# name 19 = density11: Density, 2 [density, kg/m^3]
# name 20 = sal00: Salinity, Practical [PSU]
# name 21 = sal11: Salinity, Practical, 2 [PSU]
# name 22 = oxsolML/L: Oxygen Saturation, Garcia & Gordon [ml/l]
# name 23 = nbin: number of scans per bin
# name 24 = flag: flag
# span 0 =      1.000,    604.000       
# span 1 =      0.989,    597.227       
# span 2 =    -0.4243,     1.5126       
# span 3 =  27.985864,  30.387877       
# span 4 =    -0.4185,     1.5129       
# span 5 =  27.983122,  30.386901       
# span 6 =     4.0627,     8.2561       
# span 7 =     4.0752,     8.1262       
# span 8 =    -0.0219,     1.4226       
# span 9 =    89.8711,    97.3403       
# span 10 = 1.0000e-12, 4.1970e+02      
# span 11 =  -64.57444,  -64.57382      
# span 12 =  -65.34838,  -65.34640      
# span 13 = 329.874187, 329.888368      
# span 14 =       9.02,     102.37      
# span 15 = 3.4373e+02, 4.9890e+02      
# span 16 =   1252.744,   2478.027      
# span 17 =      30067,      59474      
# span 18 =  1027.3103,  1030.6031      
# span 19 =  1027.3077,  1030.6018      
# span 20 =    33.9875,    34.7004      
# span 21 =    33.9842,    34.6988      
# span 22 =    7.72072,    8.14870      
# span 23 =         14,         50      
# span 24 = 0.0000e+00, 0.0000e+00      
# interval = decibars: 1                
# start_time = Nov 25 2021 20:37:57 [NMEA time, header]
# bad_flag = -9.990e-29
*END*
[from data line 580]
     24.000     23.764    -0.3496  27.993660    -0.3495  27.992611     8.2264     8.0989     1.3168    90.1505 1.9020e+01  -64.57438  -65.34656 329.887013      99.97 3.6844e+02   2360.918      56663  1027.4222  1027.4210    33.9896    33.9880    8.14134         45 0.0000e+00
     23.000     22.774    -0.3497  27.993579    -0.3497  27.991904     8.2059     8.1024     1.3580    90.0938 2.0262e+01  -64.57438  -65.34656 329.887038      99.97 3.6844e+02   2363.091      56715  1027.4179  1027.4162    33.9901    33.9880    8.14132         33 0.0000e+00
     22.000     21.786    -0.3493  27.993593    -0.3493  27.992208     8.2089     8.0996     1.3763    90.1322 2.1398e+01  -64.57438  -65.34656 329.887078      99.97 3.6933e+02   2366.572      56799  1027.4133  1027.4117    33.9904    33.9884    8.14123         27 0.0000e+00
     21.000     20.794    -0.3494  27.993300    -0.3492  27.991826     8.2144     8.1008     1.3811    90.1002 2.3898e+01  -64.57438  -65.34658 329.887113      99.97 3.7020e+02   2369.590      56871  1027.4087  1027.4070    33.9907    33.9885    8.14123         36 0.0000e+00
     20.000     19.806    -0.3497  27.992084    -0.3493  27.990980     8.2086     8.1022     1.3188    90.0613 2.5947e+01  -64.57438  -65.34660 329.887261      99.97 3.7194e+02   2382.352      57177  1027.4035  1027.4018    33.9900    33.9880    8.14133         37 0.0000e+00
     19.000     18.811    -0.3478  27.992243    -0.3477  27.990879     8.2141     8.1142     1.2770    90.0229 2.8451e+01  -64.57436  -65.34669 329.887708      99.97 3.7778e+02   2420.953      58104  1027.3975  1027.3960    33.9887    33.9868    8.14100         31 0.0000e+00
     18.000     17.824    -0.3472  27.991983    -0.3475  27.990591     8.1995     8.1107     1.2669    90.0462 2.9587e+01  -64.57436  -65.34669 329.887715      99.97 3.7875e+02   2421.560      58118  1027.3924  1027.3912    33.9883    33.9868    8.14089         41 0.0000e+00
     17.000     16.833    -0.3476  27.991481    -0.3474  27.990181     8.2231     8.1003     1.2430    90.0176 3.3632e+01  -64.57436  -65.34670 329.887734      99.97 3.7902e+02   2423.229      58159  1027.3879  1027.3863    33.9887    33.9867    8.14096         35 0.0000e+00
     16.000     15.843    -0.3474  27.991022    -0.3474  27.989686     8.2041     8.1169     1.3215    90.0313 3.7267e+01  -64.57434  -65.34670 329.887766      99.97 3.7902e+02   2425.957      58224  1027.3829  1027.3815    33.9884    33.9866    8.14092         40 0.0000e+00
     15.000     14.853    -0.3469  27.990662    -0.3470  27.989241     8.2199     8.1215     1.2790    90.0067 4.1383e+01  -64.57434  -65.34670 329.887790      99.97 3.7902e+02   2428.012      58273  1027.3779  1027.3764    33.9881    33.9863    8.14085         41 0.0000e+00
     14.000     13.863    -0.3470  27.990065    -0.3474  27.988366     8.2183     8.1195     1.2637    90.0114 4.6437e+01  -64.57434  -65.34670 329.887816      99.97 3.7969e+02   2430.276      58328  1027.3730  1027.3715    33.9879    33.9861    8.14087         35 0.0000e+00
     13.000     12.873    -0.3483  27.988809    -0.3479  27.987519     8.2236     8.1157     1.3314    89.9999 5.2234e+01  -64.57434  -65.34672 329.887846      99.97 3.8074e+02   2432.896      58391  1027.3685  1027.3668    33.9883    33.9861    8.14112         40 0.0000e+00
     12.000     11.883    -0.3482  27.988414    -0.3481  27.986936     8.2019     8.1148     1.2935    89.9436 5.8536e+01  -64.57434  -65.34672 329.887868      99.97 3.8113e+02   2434.770      58435  1027.3637  1027.3620    33.9883    33.9862    8.14110         31 0.0000e+00
     11.000     10.892    -0.3489  27.987539    -0.3489  27.985900     8.2055     8.1148     1.2815    89.9799 6.4471e+01  -64.57434  -65.34672 329.887884      99.97 3.8248e+02   2436.136      58468  1027.3592  1027.3574    33.9885    33.9863    8.14124         37 0.0000e+00
     10.000      9.903    -0.3450  27.990078    -0.3476  27.986474     8.2054     8.1182     1.2715    89.9803 7.0529e+01  -64.57434  -65.34673 329.887925      99.97 3.8255e+02   2439.697      58554  1027.3539  1027.3525    33.9882    33.9863    8.14043         37 0.0000e+00
      9.000      8.911    -0.3476  27.987394    -0.3470  27.986296     8.2122     8.1170     1.2481    89.9670 7.9245e+01  -64.57434  -65.34674 329.887950      99.97 3.8351e+02   2441.853      58605  1027.3492  1027.3474    33.9881    33.9859    8.14098         25 0.0000e+00
      8.000      7.921    -0.3468  27.987562    -0.3460  27.986346     8.2126     8.1142     1.2017    89.9783 9.1456e+01  -64.57434  -65.34674 329.887962      99.97 3.8520e+02   2442.910      58631  1027.3444  1027.3422    33.9881    33.9855    8.14083         30 0.0000e+00
      7.000      6.932    -0.3449  27.988392    -0.3462  27.986060     8.2118     8.1202     1.1835    89.9979 1.0051e+02  -64.57434  -65.34674 329.888004      99.97 3.8614e+02   2446.501      58717  1027.3391  1027.3378    33.9877    33.9859    8.14044         37 0.0000e+00
      6.000      5.941    -0.3425  27.989788    -0.3439  27.986962     8.1946     8.1194     1.1131    89.9625 1.1265e+02  -64.57434  -65.34674 329.888021      88.10 3.8607e+02   2448.023      58754  1027.3341  1027.3324    33.9875    33.9853    8.13994         22 0.0000e+00
      5.000      4.951    -0.3434  27.988656    -0.3446  27.985756     8.2213     8.1185     1.0221    89.9315 1.2933e+02  -64.57434  -65.34674 329.888040      74.30 3.8709e+02   2449.645      58792  1027.3294  1027.3274    33.9876    33.9850    8.14013         35 0.0000e+00
      4.000      3.960    -0.3450  27.987005    -0.3447  27.985680     8.1973     8.1219     0.9983    89.9614 1.4804e+02  -64.57432  -65.34678 329.888296     101.28 3.8972e+02   2471.802      59324  1027.3248  1027.3232    33.9877    33.9856    8.14045         42 0.0000e+00
      3.000      2.970    -0.3445  27.986951    -0.3447  27.985101     8.2105     8.1262     0.9504    89.9308 1.7614e+02  -64.57432  -65.34678 329.888308      99.97 3.8960e+02   2472.835      59349  1027.3200  1027.3183    33.9877    33.9855    8.14034         38 0.0000e+00
      2.000      1.982    -0.3447  27.986370    -0.3447  27.984404 -9.990e-29 -9.990e-29     0.9008    89.9590 2.0888e+02  -64.57432  -65.34680 329.888339      53.64 3.8915e+02   2475.522      59414  1027.3153  1027.3132    33.9878    33.9852    8.14039         40 0.0000e+00
      1.000      0.989    -0.3445  27.985864    -0.3448  27.983122 -9.990e-29 -9.990e-29     0.8872    89.8711 4.1970e+02  -64.57432  -65.34679 329.888368      37.85 3.8768e+02   2478.027      59474  1027.3103  1027.3077    33.9876    33.9842    8.14037         20 0.0000e+00
