NBP2113_155081_ctd/data/unbp2113_058.cnv
* Sea-Bird SBE 9 Data File:
* FileName = D:\Data\raw\NBP2113_058.hex
* Software Version Seasave V 7.26.7.121
* Temperature SN = 2438
* Conductivity SN = 2067
* Number of Bytes Per Scan = 40
* Number of Voltage Words = 5
* Number of Scans Averaged by the Deck Unit = 1
* NMEA Latitude = 64 56.50 S
* NMEA Longitude = 064 28.63 W
* NMEA UTC (Time) = Dec 12 2021  02:31:22
* NMEA baud rate = 9600
** Ship: RVIB N.B. Palmer
** Cruise: NBP2113 LTER
** Station: 597.042
** Operator: S. Blackman
# nquan = 25
# nvalues = 1147                        
# units = specified
# name 0 = prDM: Pressure, Digiquartz [db]
# name 1 = depSM: Depth [salt water, m]
# name 2 = t090C: Temperature [ITS-90, deg C]
# name 3 = c0mS/cm: Conductivity [mS/cm]
# name 4 = t190C: Temperature, 2 [ITS-90, deg C]
# name 5 = c1mS/cm: Conductivity, 2 [mS/cm]
# name 6 = sbeox0ML/L: Oxygen, SBE 43 [ml/l]
# name 7 = sbeox1ML/L: Oxygen, SBE 43, 2 [ml/l]
# name 8 = flECO-AFL: Fluorescence, WET Labs ECO-AFL/FL [mg/m^3]
# name 9 = CStarTr0: Beam Transmission, WET Labs C-Star [%]
# name 10 = par: PAR/Irradiance, Biospherical/Licor
# name 11 = latitude: Latitude [deg]
# name 12 = longitude: Longitude [deg]
# name 13 = timeJ: Julian Days
# name 14 = altM: Altimeter [m]
# name 15 = spar: SPAR, Biospherical/Licor
# name 16 = timeS: Time, Elapsed [seconds]
# name 17 = scan: Scan Count
# name 18 = density00: Density [density, kg/m^3]
# name 19 = density11: Density, 2 [density, kg/m^3]
# name 20 = sal00: Salinity, Practical [PSU]
# name 21 = sal11: Salinity, Practical, 2 [PSU]
# name 22 = oxsolML/L: Oxygen Saturation, Garcia & Gordon [ml/l]
# name 23 = nbin: number of scans per bin
# name 24 = flag: flag
# span 0 =      1.000,   1147.000       
# span 1 =      0.991,   1132.636       
# span 2 =    -0.6550,     1.4843       
# span 3 =  27.430063,  30.581994       
# span 4 =    -0.6556,     1.4841       
# span 5 =  27.427957,  30.580794       
# span 6 =     4.0402,     9.6974       
# span 7 =     4.1007,     9.9460       
# span 8 =    -0.0227,     2.2246       
# span 9 =    80.8283,    91.2146       
# span 10 = 1.0000e-12, 2.0261e+00      
# span 11 =  -64.94192,  -64.94178      
# span 12 =  -64.47760,  -64.47527      
# span 13 = 346.128592, 346.147547      
# span 14 =       9.33,     100.89      
# span 15 = 0.0000e+00, 0.0000e+00      
# span 16 =   2028.356,   3666.074      
# span 17 =      48682,      87987      
# span 18 =  1026.9999,  1033.1044      
# span 19 =  1026.9982,  1033.1034      
# span 20 =    33.5870,    34.6773      
# span 21 =    33.5848,    34.6759      
# span 22 =    7.72750,    8.23053      
# span 23 =         12,         48      
# span 24 = 0.0000e+00, 0.0000e+00      
# interval = decibars: 1                
# start_time = Dec 12 2021 02:31:22 [NMEA time, header]
# bad_flag = -9.990e-29
*END*
[from data line 986]
    161.000    159.360     0.8101  29.432280     0.8079  29.429137     4.7622     4.8371     0.0011    90.9317 1.0000e-12  -64.94180  -64.47754 346.143513      99.97 0.0000e+00   3317.503      79621  1028.4252  1028.4241    34.5083    34.5067    7.87090         19 0.0000e+00
    160.000    158.371     0.8030  29.423419     0.8020  29.421591     4.7731     4.8412    -0.0008    90.9304 1.0000e-12  -64.94180  -64.47754 346.143522      99.97 0.0000e+00   3318.313      79641  1028.4187  1028.4177    34.5053    34.5040    7.87250         20 0.0000e+00
    159.000    157.381     0.7998  29.419244     0.7994  29.418140     4.7839     4.8441    -0.0004    90.9240 1.0000e-12  -64.94180  -64.47754 346.143532      99.97 0.0000e+00   3319.190      79662  1028.4132  1028.4124    34.5040    34.5031    7.87321         23 0.0000e+00
    158.000    156.392     0.8000  29.419377     0.7991  29.417117     4.7762     4.8386     0.0022    90.9228 1.0000e-12  -64.94180  -64.47754 346.143545      99.97 0.0000e+00   3320.323      79689  1028.4088  1028.4073    34.5046    34.5027    7.87314         32 0.0000e+00
    157.000    155.399     0.8024  29.421173     0.8014  29.419469     4.7951     4.8466     0.0026    90.9220 1.0000e-12  -64.94180  -64.47754 346.143571      99.97 0.0000e+00   3322.557      79742  1028.4040  1028.4031    34.5049    34.5037    7.87265         32 0.0000e+00
    156.000    154.414     0.8000  29.418916     0.8004  29.418300     4.8426     4.8803    -0.0008    90.9259 1.0000e-12  -64.94178  -64.47756 346.143590      99.97 0.0000e+00   3324.215      79782  1028.3997  1028.3986    34.5051    34.5039    7.87310         26 0.0000e+00
    155.000    153.424     0.7867  29.404535     0.7886  29.405889     4.8575     4.8911    -0.0007    90.9200 1.0000e-12  -64.94180  -64.47754 346.143601      99.97 0.0000e+00   3325.142      79804  1028.3936  1028.3931    34.5019    34.5016    7.87598         22 0.0000e+00
    154.000    152.435     0.7681  29.384776     0.7683  29.384608     4.8687     4.8905     0.0041    90.9301 1.0000e-12  -64.94180  -64.47754 346.143612      99.97 0.0000e+00   3326.090      79827  1028.3870  1028.3866    34.4976    34.4971    7.87999         23 0.0000e+00
    153.000    151.442     0.7666  29.382588     0.7656  29.380031     4.8507     4.8940     0.0012    90.9171 1.0000e-12  -64.94180  -64.47754 346.143631      99.97 0.0000e+00   3327.725      79866  1028.3817  1028.3801    34.4970    34.4947    7.88032         33 0.0000e+00
    152.000    150.455     0.7704  29.386004     0.7667  29.382150     4.8655     4.9073     0.0065    90.9328 1.0000e-12  -64.94180  -64.47755 346.143657      99.97 0.0000e+00   3329.977      79920  1028.3771  1028.3767    34.4978    34.4969    7.87951         28 0.0000e+00
    151.000    149.468     0.7543  29.370294     0.7524  29.367883     4.8603     4.9095    -0.0006    90.9317 1.0000e-12  -64.94180  -64.47756 346.143667      99.97 0.0000e+00   3330.794      79940  1028.3723  1028.3715    34.4959    34.4948    7.88288         18 0.0000e+00
    150.000    148.476     0.7476  29.362086     0.7464  29.360117     4.8578     4.9100    -0.0056    90.9317 1.0000e-12  -64.94180  -64.47756 346.143674      99.97 0.0000e+00   3331.436      79955  1028.3660  1028.3651    34.4933    34.4920    7.88438         14 0.0000e+00
    149.000    147.487     0.7470  29.359591     0.7460  29.357683     4.8567     4.9051    -0.0077    90.9317 1.0000e-12  -64.94180  -64.47758 346.143681      99.97 0.0000e+00   3332.045      79970  1028.3597  1028.3586    34.4913    34.4899    7.88461         15 0.0000e+00
    148.000    146.495     0.7466  29.357883     0.7460  29.356674     4.8556     4.9034    -0.0024    90.9317 1.0000e-12  -64.94180  -64.47757 346.143688      99.96 0.0000e+00   3332.670      79985  1028.3539  1028.3532    34.4901    34.4892    7.88475         16 0.0000e+00
    147.000    145.508     0.7466  29.356783     0.7457  29.354829     4.8617     4.9062     0.0021    90.9085 1.0000e-12  -64.94180  -64.47756 346.143697      99.97 0.0000e+00   3333.448      80004  1028.3484  1028.3473    34.4892    34.4878    7.88480         22 0.0000e+00
    146.000    144.516     0.7484  29.359193     0.7482  29.358308     4.8647     4.9076     0.0073    90.9060 1.0000e-12  -64.94180  -64.47755 346.143721      99.97 0.0000e+00   3335.532      80054  1028.3448  1028.3440    34.4910    34.4901    7.88434         36 0.0000e+00
    145.000    143.530     0.7486  29.359768     0.7499  29.360560     4.8459     4.9060     0.0069    90.9059 1.0000e-12  -64.94180  -64.47754 346.143753      99.97 0.0000e+00   3338.289      80120  1028.3407  1028.3402    34.4922    34.4917    7.88425         32 0.0000e+00
    144.000    142.539     0.7482  29.358478     0.7477  29.357065     4.8351     4.9049     0.0069    90.9059 1.0000e-12  -64.94180  -64.47754 346.143766      99.97 0.0000e+00   3339.344      80145  1028.3355  1028.3345    34.4915    34.4902    7.88436         23 0.0000e+00
    143.000    141.548     0.7462  29.354751     0.7458  29.353351     4.8388     4.9119     0.0069    90.9059 1.0000e-12  -64.94180  -64.47756 346.143777      99.97 0.0000e+00   3340.310      80168  1028.3293  1028.3282    34.4895    34.4881    7.88487         24 0.0000e+00
    142.000    140.561     0.7404  29.346723     0.7418  29.347521     4.8587     4.9246     0.0069    90.9059 1.0000e-12  -64.94180  -64.47756 346.143788      99.97 0.0000e+00   3341.268      80191  1028.3222  1028.3218    34.4861    34.4856    7.88623         23 0.0000e+00
    141.000    139.571     0.7269  29.331451     0.7261  29.329991     4.8959     4.9331     0.0069    90.9059 1.0000e-12  -64.94180  -64.47756 346.143799      99.97 0.0000e+00   3342.238      80215  1028.3154  1028.3146    34.4819    34.4809    7.88921         22 0.0000e+00
    140.000    138.581     0.7171  29.319735     0.7113  29.313417     4.9006     4.9359     0.0066    90.9059 1.0000e-12  -64.94180  -64.47756 346.143810      99.97 0.0000e+00   3343.177      80237  1028.3085  1028.3076    34.4782    34.4764    7.89141         23 0.0000e+00
    139.000    137.592     0.7085  29.310690     0.7059  29.306340     4.8924     4.9298     0.0081    90.9059 1.0000e-12  -64.94180  -64.47758 346.143821      99.97 0.0000e+00   3344.156      80261  1028.3031  1028.3011    34.4765    34.4738    7.89323         25 0.0000e+00
    138.000    136.601     0.7110  29.311618     0.7095  29.309443     4.8853     4.9309     0.0119    90.9041 1.0000e-12  -64.94180  -64.47758 346.143835      99.97 0.0000e+00   3345.328      80289  1028.2972  1028.2964    34.4756    34.4745    7.89279         32 0.0000e+00
    137.000    135.612     0.7160  29.317835     0.7117  29.312493     4.8837     4.9342     0.0085    90.8760 1.0000e-12  -64.94180  -64.47757 346.143856      99.97 0.0000e+00   3347.167      80333  1028.2943  1028.2929    34.4787    34.4765    7.89160         42 0.0000e+00
    136.000    134.623     0.7194  29.321277     0.7130  29.312828     4.8878     4.9403     0.0103    90.8871 1.0000e-12  -64.94180  -64.47756 346.143877      99.97 0.0000e+00   3348.966      80376  1028.2902  1028.2876    34.4800    34.4761    7.89083         35 0.0000e+00
    135.000    133.634     0.7117  29.311936     0.7088  29.307551     4.9069     4.9518     0.0118    90.8812 1.0000e-12  -64.94180  -64.47756 346.143891      99.97 0.0000e+00   3350.206      80406  1028.2838  1028.2820    34.4771    34.4745    7.89257         27 0.0000e+00
    134.000    132.643     0.6984  29.297334     0.6955  29.293229     4.9267     4.9598     0.0144    90.8890 1.0000e-12  -64.94180  -64.47756 346.143904      99.97 0.0000e+00   3351.305      80432  1028.2773  1028.2758    34.4734    34.4713    7.89546         24 0.0000e+00
    133.000    131.654     0.6832  29.279563     0.6839  29.279391     4.9357     4.9721     0.0095    90.9002 1.0000e-12  -64.94180  -64.47756 346.143916      99.97 0.0000e+00   3352.321      80457  1028.2693  1028.2685    34.4678    34.4668    7.89886         23 0.0000e+00
    132.000    130.665     0.6774  29.272769     0.6769  29.271013     4.9385     4.9749     0.0102    90.8898 1.0000e-12  -64.94180  -64.47758 346.143927      99.97 0.0000e+00   3353.252      80479  1028.2636  1028.2622    34.4660    34.4643    7.90014         22 0.0000e+00
    131.000    129.675     0.6706  29.265018     0.6691  29.263043     4.9292     4.9745     0.0118    90.8825 1.0000e-12  -64.94180  -64.47758 346.143938      99.97 0.0000e+00   3354.202      80502  1028.2577  1028.2571    34.4641    34.4632    7.90163         24 0.0000e+00
    130.000    128.686     0.6743  29.268779     0.6700  29.262461     4.9323     4.9740     0.0069    90.8699 1.0000e-12  -64.94180  -64.47758 346.143953      99.97 0.0000e+00   3355.505      80533  1028.2536  1028.2512    34.4654    34.4621    7.90080         38 0.0000e+00
    129.000    127.697     0.6733  29.266546     0.6741  29.266419     4.9326     4.9818     0.0107    90.8839 1.0000e-12  -64.94180  -64.47758 346.143979      99.97 0.0000e+00   3357.809      80588  1028.2478  1028.2468    34.4643    34.4632    7.90108         43 0.0000e+00
    128.000    126.705     0.6705  29.263742     0.6704  29.262504     4.9662     5.0020     0.0130    90.8586 1.0000e-12  -64.94180  -64.47758 346.143994      99.97 0.0000e+00   3359.091      80619  1028.2433  1028.2421    34.4644    34.4629    7.90165         22 0.0000e+00
    127.000    125.717     0.6538  29.245528     0.6572  29.248776     4.9755     5.0093     0.0143    90.8687 1.0000e-12  -64.94180  -64.47758 346.144004      99.97 0.0000e+00   3359.945      80640  1028.2364  1028.2363    34.4598    34.4603    7.90529         20 0.0000e+00
    126.000    124.727     0.6416  29.231424     0.6399  29.228487     4.9710     5.0072     0.0121    90.8762 1.0000e-12  -64.94180  -64.47758 346.144013      99.97 0.0000e+00   3360.752      80659  1028.2293  1028.2279    34.4557    34.4537    7.90801         20 0.0000e+00
    125.000    123.737     0.6333  29.221366     0.6325  29.219928     4.9732     5.0043     0.0060    90.8581 1.0000e-12  -64.94180  -64.47758 346.144024      99.97 0.0000e+00   3361.691      80682  1028.2225  1028.2218    34.4524    34.4514    7.90989         26 0.0000e+00
    124.000    122.747     0.6458  29.234262     0.6447  29.232360     4.9692     5.0085     0.0050    90.8663 1.0000e-12  -64.94180  -64.47758 346.144062      99.97 0.0000e+00   3364.972      80760  1028.2191  1028.2181    34.4559    34.4546    7.90715         31 0.0000e+00
    123.000    121.759     0.6411  29.229336     0.6441  29.231401     4.9859     5.0249     0.0112    90.8673 1.0000e-12  -64.94180  -64.47759 346.144093      99.97 0.0000e+00   3367.636      80824  1028.2141  1028.2133    34.4553    34.4546    7.90813         30 0.0000e+00
    122.000    120.769     0.6290  29.215933     0.6312  29.217574     5.0067     5.0355     0.0143    90.8794 1.0000e-12  -64.94180  -64.47759 346.144108      99.97 0.0000e+00   3368.930      80855  1028.2076  1028.2072    34.4518    34.4516    7.91078         34 0.0000e+00
    121.000    119.780     0.6211  29.206941     0.6206  29.205353     5.0008     5.0377     0.0143    90.8722 1.0000e-12  -64.94180  -64.47759 346.144127      99.97 0.0000e+00   3370.612      80896  1028.2016  1028.2004    34.4496    34.4481    7.91253         40 0.0000e+00
    120.000    118.792     0.6160  29.201363     0.6220  29.207510     5.0352     5.0597     0.0157    90.8587 1.0000e-12  -64.94180  -64.47760 346.144149      99.97 0.0000e+00   3372.436      80939  1028.1963  1028.1969    34.4486    34.4499    7.91362         32 0.0000e+00
    119.000    117.799     0.5989  29.182113     0.6058  29.188562     5.0597     5.0767     0.0352    90.8347 1.0000e-12  -64.94180  -64.47760 346.144162      99.97 0.0000e+00   3373.634      80968  1028.1887  1028.1886    34.4431    34.4438    7.91742         25 0.0000e+00
    118.000    116.811     0.5700  29.150941     0.5804  29.161452     5.0501     5.0743     0.0015    90.8538 1.0000e-12  -64.94180  -64.47760 346.144175      99.97 0.0000e+00   3374.680      80993  1028.1800  1028.1808    34.4352    34.4374    7.92376         27 0.0000e+00
    117.000    115.823     0.5699  29.149788     0.5697  29.149049     5.0748     5.1033     0.0100    90.8544 1.0000e-12  -64.94180  -64.47758 346.144231      99.97 0.0000e+00   3379.532      81110  1028.1742  1028.1737    34.4344    34.4337    7.92382         20 0.0000e+00
    116.000    114.832     0.5627  29.142901     0.5620  29.141276     5.1130     5.1287     0.0178    90.8544 1.0000e-12  -64.94180  -64.47760 346.144258      99.97 0.0000e+00   3381.895      81166  1028.1697  1028.1686    34.4341    34.4327    7.92532         14 0.0000e+00
    115.000    113.839     0.5495  29.129386     0.5487  29.127429     5.1177     5.1283     0.0215    90.8544 1.0000e-12  -64.94180  -64.47760 346.144266      99.97 0.0000e+00   3382.567      81183  1028.1642  1028.1628    34.4318    34.4301    7.92816         17 0.0000e+00
    114.000    112.852     0.5506  29.128011     0.5482  29.124928     5.1088     5.1262     0.0216    90.8659 1.0000e-12  -64.94180  -64.47760 346.144276      99.97 0.0000e+00   3383.437      81203  1028.1572  1028.1562    34.4293    34.4280    7.92805         25 0.0000e+00
    113.000    111.864     0.5436  29.123138     0.5464  29.124163     5.1551     5.1722     0.0121    90.8700 1.0000e-12  -64.94180  -64.47756 346.144357      99.97 0.0000e+00   3390.446      81372  1028.1541  1028.1523    34.4314    34.4296    7.92938         20 0.0000e+00
    112.000    110.873     0.5233  29.101580     0.5295  29.107160     5.1634     5.1786     0.0211    90.8679 1.0000e-12  -64.94180  -64.47758 346.144368      99.97 0.0000e+00   3391.354      81393  1028.1471  1028.1468    34.4264    34.4268    7.93381         21 0.0000e+00
    111.000    109.882     0.5118  29.089371     0.5160  29.091717     5.1734     5.1759     0.0228    90.8698 1.0000e-12  -64.94180  -64.47758 346.144380      99.97 0.0000e+00   3392.427      81419  1028.1411  1028.1395    34.4239    34.4223    7.93631         30 0.0000e+00
    110.000    108.893     0.5219  29.098261     0.5230  29.098825     5.1538     5.1842     0.0267    90.8756 1.0000e-12  -64.94180  -64.47757 346.144432      99.97 0.0000e+00   3396.907      81527  1028.1357  1028.1353    34.4248    34.4244    7.93418         40 0.0000e+00
    109.000    107.904     0.5130  29.089690     0.5191  29.094553     5.1546     5.1996     0.0218    90.8793 1.0000e-12  -64.94180  -64.47756 346.144472      99.97 0.0000e+00   3400.411      81611  1028.1310  1028.1302    34.4242    34.4238    7.93606         29 0.0000e+00
    108.000    106.914     0.5116  29.086876     0.5081  29.082735     5.1671     5.2024     0.0240    90.8802 1.0000e-12  -64.94180  -64.47756 346.144492      99.97 0.0000e+00   3402.149      81653  1028.1249  1028.1241    34.4226    34.4212    7.93642         37 0.0000e+00
    107.000    105.924     0.4877  29.061948     0.4871  29.060974     5.1646     5.2199     0.0233    90.8795 1.0000e-12  -64.94180  -64.47756 346.144563      99.97 0.0000e+00   3408.242      81799  1028.1175  1028.1170    34.4174    34.4167    7.94163         36 0.0000e+00
    106.000    104.935     0.4973  29.071904     0.4962  29.069470     5.1706     5.2195     0.0180    90.8683 1.0000e-12  -64.94180  -64.47756 346.144584      99.97 0.0000e+00   3410.064      81843  1028.1141  1028.1127    34.4203    34.4183    7.93949         34 0.0000e+00
    105.000    103.944     0.4870  29.058148     0.4871  29.057444     5.1703     5.2197     0.0198    90.8728 1.0000e-12  -64.94180  -64.47756 346.144612      99.97 0.0000e+00   3412.453      81900  1028.1055  1028.1046    34.4144    34.4133    7.94194         38 0.0000e+00
