NBP2113_155081_ctd/data/unbp2113_031.cnv
* Sea-Bird SBE 9 Data File:
* FileName = D:\Data\raw\NBP2113_031.hex
* Software Version Seasave V 7.26.7.121
* Temperature SN = 2438
* Conductivity SN = 2067
* Number of Bytes Per Scan = 40
* Number of Voltage Words = 5
* Number of Scans Averaged by the Deck Unit = 1
* NMEA Latitude = 66 30.40 S
* NMEA Longitude = 069 53.27 W
* NMEA UTC (Time) = Dec 06 2021  01:15:18
* NMEA baud rate = 9600
** Ship: RVIB N.B. Palmer
** Cruise: NBP2113 LTER
** Station: 300.100
** Operator: S. Blackman
# nquan = 25
# nvalues = 477                         
# units = specified
# name 0 = prDM: Pressure, Digiquartz [db]
# name 1 = depSM: Depth [salt water, m]
# name 2 = t090C: Temperature [ITS-90, deg C]
# name 3 = c0mS/cm: Conductivity [mS/cm]
# name 4 = t190C: Temperature, 2 [ITS-90, deg C]
# name 5 = c1mS/cm: Conductivity, 2 [mS/cm]
# name 6 = sbeox0ML/L: Oxygen, SBE 43 [ml/l]
# name 7 = sbeox1ML/L: Oxygen, SBE 43, 2 [ml/l]
# name 8 = flECO-AFL: Fluorescence, WET Labs ECO-AFL/FL [mg/m^3]
# name 9 = CStarTr0: Beam Transmission, WET Labs C-Star [%]
# name 10 = par: PAR/Irradiance, Biospherical/Licor
# name 11 = latitude: Latitude [deg]
# name 12 = longitude: Longitude [deg]
# name 13 = timeJ: Julian Days
# name 14 = altM: Altimeter [m]
# name 15 = spar: SPAR, Biospherical/Licor
# name 16 = timeS: Time, Elapsed [seconds]
# name 17 = scan: Scan Count
# name 18 = density00: Density [density, kg/m^3]
# name 19 = density11: Density, 2 [density, kg/m^3]
# name 20 = sal00: Salinity, Practical [PSU]
# name 21 = sal11: Salinity, Practical, 2 [PSU]
# name 22 = oxsolML/L: Oxygen Saturation, Garcia & Gordon [ml/l]
# name 23 = nbin: number of scans per bin
# name 24 = flag: flag
# span 0 =      1.000,    477.000       
# span 1 =      0.995,    471.731       
# span 2 =    -0.5089,     1.5389       
# span 3 =  27.884903,  30.225223       
# span 4 =    -0.5094,     1.5382       
# span 5 =  27.883805,  30.223554       
# span 6 =     3.9201,     8.6212       
# span 7 =     3.9639,     8.1289       
# span 8 =    -0.0221,     1.8375       
# span 9 =    89.2577,    96.5722       
# span 10 = 1.0000e-12, 7.9976e+01      
# span 11 =  -66.50696,  -66.50658      
# span 12 =  -69.88850,  -69.88834      
# span 13 = 340.065674, 340.077578      
# span 14 =       8.77,      99.98      
# span 15 = 4.5835e+01, 5.4653e+01      
# span 16 =   1156.196,   2184.765      
# span 17 =      27750,      52435      
# span 18 =  1027.3251,  1030.0491      
# span 19 =  1027.3238,  1030.0480      
# span 20 =    34.0045,    34.7259      
# span 21 =    34.0029,    34.7249      
# span 22 =    7.71636,    8.17435      
# span 23 =          7,         46      
# span 24 = 0.0000e+00, 0.0000e+00      
# interval = decibars: 1                
# start_time = Dec 06 2021 01:15:18 [NMEA time, header]
# bad_flag = -9.990e-29
*END*
[from data line 290]
    187.000    185.063     1.4449  30.105891     1.4476  30.108077     3.9321     3.9667    -0.0058    96.5434 1.0000e-12  -66.50674  -69.88842 340.070384      99.97 5.1241e+01   1563.209      37518  1028.6201  1028.6196    34.6552    34.6551    7.73640         15 0.0000e+00
    186.000    184.076     1.4418  30.101922     1.4432  30.102630     3.9289     3.9657    -0.0072    96.5469 1.0000e-12  -66.50674  -69.88842 340.070391      99.97 5.1747e+01   1563.805      37532  1028.6148  1028.6142    34.6543    34.6536    7.73708         14 0.0000e+00
    185.000    183.083     1.4409  30.100536     1.4421  30.101137     3.9267     3.9685    -0.0151    96.5582 1.0000e-12  -66.50674  -69.88842 340.070399      99.98 5.2233e+01   1564.448      37548  1028.6100  1028.6094    34.6540    34.6534    7.73726         16 0.0000e+00
    184.000    182.096     1.4394  30.098473     1.4457  30.105427     3.9284     3.9706     0.0015    96.5507 1.0000e-12  -66.50674  -69.88842 340.070407      99.98 5.2327e+01   1565.189      37566  1028.6050  1028.6059    34.6536    34.6555    7.73757         19 0.0000e+00
    183.000    181.107     1.4438  30.103222     1.4468  30.105513     3.9262     3.9639    -0.0054    96.5553 1.0000e-12  -66.50676  -69.88842 340.070419      99.98 5.1817e+01   1566.208      37590  1028.6012  1028.6006    34.6554    34.6550    7.73661         32 0.0000e+00
    182.000    180.117     1.4393  30.097680     1.4397  30.097249     3.9405     3.9681    -0.0107    96.5602 1.0000e-12  -66.50676  -69.88842 340.070458      99.98 5.1986e+01   1569.603      37671  1028.5956  1028.5947    34.6539    34.6529    7.73758         28 0.0000e+00
    181.000    179.128     1.4429  30.101208     1.4427  30.100071     3.9433     3.9782    -0.0171    96.5445 1.0000e-12  -66.50676  -69.88842 340.070495      99.98 5.2926e+01   1572.724      37746  1028.5912  1028.5903    34.6549    34.6538    7.73681         33 0.0000e+00
    180.000    178.140     1.4372  30.094009     1.4386  30.094877     3.9505     3.9796    -0.0140    96.5352 1.0000e-12  -66.50676  -69.88842 340.070506      99.98 5.2886e+01   1573.719      37770  1028.5853  1028.5848    34.6527    34.6523    7.73805         21 0.0000e+00
    179.000    177.149     1.4272  30.082887     1.4274  30.082137     3.9532     3.9776     0.0027    96.5482 1.0000e-12  -66.50676  -69.88842 340.070515      99.98 5.2886e+01   1574.534      37790  1028.5795  1028.5786    34.6501    34.6490    7.74016         18 0.0000e+00
    178.000    176.161     1.4233  30.078251     1.4238  30.077871     3.9555     3.9832    -0.0126    96.5494 1.0000e-12  -66.50676  -69.88842 340.070524      99.98 5.2886e+01   1575.261      37807  1028.5743  1028.5735    34.6491    34.6481    7.74097         17 0.0000e+00
    177.000    175.173     1.4216  30.075887     1.4210  30.074551     3.9490     3.9824    -0.0104    96.5451 1.0000e-12  -66.50676  -69.88842 340.070532      99.98 5.2886e+01   1576.005      37825  1028.5693  1028.5686    34.6486    34.6475    7.74135         19 0.0000e+00
    176.000    174.181     1.4221  30.076026     1.4214  30.074502     3.9483     3.9809    -0.0057    96.5451 1.0000e-12  -66.50676  -69.88842 340.070543      99.98 5.2886e+01   1576.922      37847  1028.5647  1028.5638    34.6488    34.6476    7.74124         27 0.0000e+00
    175.000    173.192     1.4223  30.075857     1.4219  30.074591     3.9516     3.9842    -0.0083    96.5502 1.0000e-12  -66.50676  -69.88842 340.070567      99.97 5.2886e+01   1578.942      37896  1028.5600  1028.5591    34.6489    34.6478    7.74119         36 0.0000e+00
    174.000    172.205     1.4235  30.076768     1.4238  30.076230     3.9446     3.9831     0.0024    96.5489 1.0000e-12  -66.50676  -69.88844 340.070595      99.97 5.2886e+01   1581.450      37956  1028.5554  1028.5545    34.6494    34.6484    7.74093         41 0.0000e+00
    173.000    171.215     1.4221  30.074564     1.4225  30.074296     3.9387     3.9812    -0.0053    96.5636 1.0000e-12  -66.50676  -69.88842 340.070620      99.98 5.2886e+01   1583.573      38007  1028.5502  1028.5495    34.6487    34.6479    7.74125         38 0.0000e+00
    172.000    170.224     1.4167  30.067673     1.4181  30.068472     3.9500     3.9813    -0.0047    96.5557 1.0000e-12  -66.50676  -69.88842 340.070637      99.98 5.2886e+01   1585.070      38043  1028.5442  1028.5437    34.6464    34.6459    7.74242         27 0.0000e+00
    171.000    169.237     1.4072  30.056302     1.4071  30.055204     3.9508     3.9798    -0.0007    96.5580 1.0000e-12  -66.50676  -69.88842 340.070650      99.98 5.2886e+01   1586.188      38070  1028.5376  1028.5366    34.6430    34.6417    7.74447         26 0.0000e+00
    170.000    168.247     1.4039  30.051968     1.4053  30.052787     3.9505     3.9801    -0.0036    96.5705 1.0000e-12  -66.50676  -69.88842 340.070665      99.97 5.2886e+01   1587.439      38100  1028.5321  1028.5316    34.6417    34.6412    7.74519         36 0.0000e+00
    169.000    167.255     1.4074  30.055669     1.4068  30.054155     3.9477     3.9814    -0.0053    96.5562 1.0000e-12  -66.50676  -69.88842 340.070693      99.97 5.2886e+01   1589.889      38158  1028.5281  1028.5272    34.6432    34.6419    7.74443         28 0.0000e+00
    168.000    166.269     1.4045  30.051606     1.4068  30.053619     3.9452     3.9815    -0.0134    96.5714 1.0000e-12  -66.50676  -69.88843 340.070717      99.98 5.2886e+01   1591.992      38209  1028.5225  1028.5223    34.6418    34.6418    7.74508         31 0.0000e+00
    167.000    165.278     1.3987  30.044581     1.4001  30.045290     3.9603     3.9827    -0.0055    96.5709 1.0000e-12  -66.50676  -69.88844 340.070730      99.98 5.2886e+01   1593.032      38234  1028.5168  1028.5162    34.6398    34.6392    7.74632         23 0.0000e+00
    166.000    164.290     1.3867  30.031438     1.3893  30.033281     3.9581     3.9889    -0.0125    96.5709 1.0000e-12  -66.50676  -69.88844 340.070740      99.97 5.2886e+01   1593.962      38256  1028.5109  1028.5102    34.6369    34.6363    7.74884         22 0.0000e+00
    165.000    163.300     1.3822  30.026185     1.3826  30.025707     3.9467     3.9888    -0.0141    96.5709 1.0000e-12  -66.50676  -69.88843 340.070752      99.97 5.2886e+01   1594.966      38280  1028.5056  1028.5048    34.6357    34.6347    7.74978         26 0.0000e+00
    164.000    162.311     1.3813  30.024577     1.3818  30.024410     3.9479     3.9852    -0.0073    96.5709 1.0000e-12  -66.50676  -69.88843 340.070766      99.98 5.2886e+01   1596.198      38310  1028.5005  1028.4999    34.6353    34.6345    7.74999         33 0.0000e+00
    163.000    161.322     1.3799  30.022747     1.3846  30.026802     3.9526     3.9844    -0.0110    96.5709 1.0000e-12  -66.50676  -69.88842 340.070784      99.98 5.2886e+01   1597.744      38347  1028.4957  1028.4953    34.6350    34.6351    7.75028         37 0.0000e+00
    162.000    160.332     1.3831  30.025842     1.3831  30.025175     3.9462     3.9855    -0.0055    96.5709 1.0000e-12  -66.50676  -69.88842 340.070804      99.98 5.2886e+01   1599.500      38389  1028.4913  1028.4907    34.6361    34.6352    7.74960         37 0.0000e+00
    161.000    159.344     1.3833  30.025572     1.3807  30.022105     3.9514     3.9846    -0.0109    96.5709 1.0000e-12  -66.50677  -69.88841 340.070851      99.98 5.2886e+01   1603.497      38485  1028.4865  1028.4855    34.6361    34.6345    7.74955         38 0.0000e+00
    160.000    158.353     1.3745  30.015487     1.3740  30.014311     3.9619     3.9909    -0.0050    96.5709 1.0000e-12  -66.50676  -69.88842 340.070891      99.97 5.2886e+01   1606.965      38568  1028.4805  1028.4798    34.6335    34.6325    7.75143         23 0.0000e+00
    159.000    157.365     1.3593  29.999160     1.3587  29.997675     3.9579     3.9915    -0.0097    96.5709 1.0000e-12  -66.50676  -69.88842 340.070900      99.98 5.2886e+01   1607.728      38586  1028.4745  1028.4736    34.6301    34.6288    7.75461         19 0.0000e+00
    158.000    156.375     1.3487  29.987081     1.3489  29.986507     3.9581     3.9863    -0.0150    96.5413 1.0000e-12  -66.50676  -69.88842 340.070909      99.97 5.2886e+01   1608.504      38605  1028.4683  1028.4675    34.6269    34.6259    7.75686         19 0.0000e+00
    157.000    155.384     1.3428  29.980455     1.3431  29.979901     3.9601     3.9843    -0.0136    96.5678 1.0000e-12  -66.50676  -69.88842 340.070918      99.97 5.2886e+01   1609.313      38625  1028.4630  1028.4621    34.6255    34.6245    7.75810         21 0.0000e+00
    156.000    154.396     1.3427  29.980111     1.3447  29.981174     3.9619     3.9874    -0.0098    96.5653 1.0000e-12  -66.50678  -69.88842 340.070967      99.98 5.2886e+01   1613.516      38725  1028.4581  1028.4573    34.6258    34.6250    7.75810         36 0.0000e+00
    155.000    153.408     1.3426  29.979518     1.3432  29.979143     3.9548     3.9908    -0.0054    96.5710 1.0000e-12  -66.50678  -69.88842 340.071040      99.97 5.2886e+01   1619.873      38878  1028.4530  1028.4521    34.6257    34.6246    7.75812         33 0.0000e+00
    154.000    152.417     1.3379  29.973947     1.3387  29.974023     3.9606     3.9943    -0.0061    96.5709 1.0000e-12  -66.50678  -69.88842 340.071056      99.98 5.2886e+01   1621.247      38911  1028.4477  1028.4470    34.6244    34.6236    7.75913         36 0.0000e+00
    153.000    151.427     1.3363  29.972001     1.3365  29.971376     3.9622     3.9927    -0.0142    96.5721 1.0000e-12  -66.50678  -69.88841 340.071080      99.98 5.2886e+01   1623.303      38960  1028.4430  1028.4421    34.6243    34.6232    7.75946         25 0.0000e+00
    152.000    150.439     1.3366  29.971864     1.3371  29.971570     3.9596     3.9917    -0.0097    96.5518 1.0000e-12  -66.50678  -69.88840 340.071158      99.98 5.2886e+01   1630.038      39122  1028.4381  1028.4373    34.6243    34.6234    7.75939         37 0.0000e+00
    151.000    149.451     1.3285  29.962611     1.3281  29.961181     3.9665     3.9944    -0.0055    96.5693 1.0000e-12  -66.50680  -69.88842 340.071548      99.98 5.2886e+01   1663.729      39930  1028.4321  1028.4311    34.6220    34.6207    7.76111         25 0.0000e+00
    150.000    148.460     1.3261  29.959650     1.3258  29.958408     3.9663     3.9943    -0.0062    96.5096 1.0000e-12  -66.50680  -69.88842 340.071600      99.98 5.2886e+01   1668.231      40039  1028.4272  1028.4263    34.6215    34.6203    7.76161         42 0.0000e+00
    149.000    147.470     1.3260  29.958918     1.3261  29.958242     3.9662     3.9921    -0.0104    96.5549 1.0000e-12  -66.50680  -69.88840 340.071630      99.98 5.2886e+01   1670.792      40100  1028.4223  1028.4215    34.6213    34.6203    7.76165         39 0.0000e+00
    148.000    146.482     1.3247  29.957196     1.3247  29.956171     3.9596     3.9938    -0.0014    96.5710 1.0000e-12  -66.50681  -69.88838 340.071650      99.97 5.2886e+01   1672.601      40143  1028.4175  1028.4165    34.6211    34.6198    7.76191         33 0.0000e+00
    147.000    145.492     1.3231  29.955113     1.3233  29.954372     3.9606     3.9964    -0.0065    96.5709 1.0000e-12  -66.50682  -69.88838 340.071674      99.98 5.2886e+01   1674.662      40193  1028.4127  1028.4117    34.6207    34.6196    7.76224         34 0.0000e+00
    146.000    144.502     1.3246  29.956039     1.3238  29.954330     3.9657     3.9960    -0.0071    96.5709 1.0000e-12  -66.50681  -69.88839 340.071716      99.98 5.2886e+01   1678.278      40280  1028.4079  1028.4069    34.6208    34.6196    7.76194         33 0.0000e+00
    145.000    143.514     1.3182  29.948577     1.3174  29.946647     3.9652     3.9961    -0.0123    96.5722 1.0000e-12  -66.50680  -69.88840 340.071727      99.97 5.2886e+01   1679.187      40301  1028.4023  1028.4011    34.6190    34.6174    7.76331         20 0.0000e+00
    144.000    142.523     1.3087  29.938254     1.3051  29.933567     3.9707     4.0003    -0.0150    96.5709 1.0000e-12  -66.50680  -69.88841 340.071735      99.98 5.2886e+01   1679.918      40319  1028.3968  1028.3956    34.6169    34.6149    7.76529         17 0.0000e+00
    143.000    141.537     1.3022  29.930687     1.2991  29.926732     3.9709     4.0005    -0.0145    96.5692 1.0000e-12  -66.50680  -69.88842 340.071743      99.98 5.2886e+01   1680.588      40335  1028.3912  1028.3901    34.6150    34.6133    7.76669         15 0.0000e+00
    142.000    140.544     1.2961  29.923839     1.2945  29.921168     3.9729     4.0003    -0.0059    96.5709 1.0000e-12  -66.50680  -69.88840 340.071750      99.98 5.2886e+01   1681.226      40350  1028.3859  1028.3848    34.6135    34.6120    7.76796         16 0.0000e+00
    141.000    139.554     1.2918  29.918833     1.2904  29.916487     3.9715     4.0010     0.0015    96.5650 1.0000e-12  -66.50681  -69.88840 340.071758      99.98 5.2886e+01   1681.896      40366  1028.3807  1028.3797    34.6125    34.6111    7.76887         17 0.0000e+00
    140.000    138.566     1.2913  29.917885     1.2888  29.914438     3.9707     3.9985    -0.0126    96.4779 1.0000e-12  -66.50682  -69.88839 340.071767      99.98 5.2886e+01   1682.674      40385  1028.3759  1028.3749    34.6124    34.6109    7.76898         21 0.0000e+00
    139.000    137.576     1.2980  29.924301     1.2956  29.921246     3.9745     4.0001    -0.0071    96.5543 1.0000e-12  -66.50682  -69.88838 340.071787      99.98 5.2886e+01   1684.391      40426  1028.3715  1028.3707    34.6138    34.6126    7.76758         38 0.0000e+00
    138.000    136.589     1.2969  29.922874     1.2962  29.921570     3.9676     4.0049    -0.0023    96.5542 1.0000e-12  -66.50682  -69.88837 340.071824      99.98 5.2886e+01   1687.630      40504  1028.3668  1028.3661    34.6138    34.6130    7.76780         28 0.0000e+00
    137.000    135.597     1.2921  29.917534     1.2931  29.917488     3.9670     4.0040    -0.0148    96.5363 1.0000e-12  -66.50682  -69.88838 340.071835      99.98 5.2886e+01   1688.557      40526  1028.3617  1028.3607    34.6128    34.6117    7.76879         21 0.0000e+00
    136.000    134.609     1.2816  29.905602     1.2819  29.905004     3.9753     4.0095    -0.0139    96.5645 1.0000e-12  -66.50682  -69.88838 340.071845      99.98 5.2886e+01   1689.399      40547  1028.3555  1028.3546    34.6097    34.6087    7.77104         20 0.0000e+00
    135.000    133.620     1.2720  29.895277     1.2696  29.891827     3.9777     4.0127    -0.0141    96.5549 1.0000e-12  -66.50682  -69.88840 340.071856      99.98 5.2886e+01   1690.339      40569  1028.3501  1028.3489    34.6078    34.6060    7.77305         24 0.0000e+00
    134.000    132.629     1.2629  29.884899     1.2611  29.882253     3.9884     4.0126    -0.0143    96.5567 1.0000e-12  -66.50682  -69.88840 340.071869      99.97 5.2886e+01   1691.489      40597  1028.3441  1028.3431    34.6052    34.6038    7.77500         31 0.0000e+00
    133.000    131.641     1.2594  29.881060     1.2565  29.876984     3.9922     4.0155    -0.0007    96.5452 1.0000e-12  -66.50682  -69.88840 340.071884      99.97 5.2886e+01   1692.788      40628  1028.3392  1028.3378    34.6047    34.6027    7.77571         31 0.0000e+00
    132.000    130.650     1.2482  29.868297     1.2510  29.870622     3.9913     4.0191    -0.0146    96.5461 1.0000e-12  -66.50682  -69.88840 340.071898      99.98 5.2886e+01   1694.008      40657  1028.3327  1028.3323    34.6013    34.6012    7.77811         27 0.0000e+00
    131.000    129.661     1.2497  29.869743     1.2520  29.870804     3.9950     4.0222    -0.0142    96.5441 1.0000e-12  -66.50682  -69.88838 340.071911      99.98 5.2886e+01   1695.120      40684  1028.3283  1028.3272    34.6021    34.6009    7.77777         26 0.0000e+00
