NBP2113_155081_ctd/data/unbp2113_063.cnv
* Sea-Bird SBE 9 Data File:
* FileName = D:\Data\raw\NBP2113_063.hex
* Software Version Seasave V 7.26.7.121
* Temperature SN = 2438
* Conductivity SN = 2067
* Number of Bytes Per Scan = 40
* Number of Voltage Words = 5
* Number of Scans Averaged by the Deck Unit = 1
* NMEA Latitude = 64 46.92 S
* NMEA Longitude = 063 01.99 W
* NMEA UTC (Time) = Dec 14 2021  04:14:20
* NMEA baud rate = 9600
** Ship: RVIB N.B. Palmer
** Cruise: NBP2113 LTER
** Station: 655.002
** Operator: B. Urmston
# nquan = 25
# nvalues = 221                         
# units = specified
# name 0 = prDM: Pressure, Digiquartz [db]
# name 1 = depSM: Depth [salt water, m]
# name 2 = t090C: Temperature [ITS-90, deg C]
# name 3 = c0mS/cm: Conductivity [mS/cm]
# name 4 = t190C: Temperature, 2 [ITS-90, deg C]
# name 5 = c1mS/cm: Conductivity, 2 [mS/cm]
# name 6 = sbeox0ML/L: Oxygen, SBE 43 [ml/l]
# name 7 = sbeox1ML/L: Oxygen, SBE 43, 2 [ml/l]
# name 8 = flECO-AFL: Fluorescence, WET Labs ECO-AFL/FL [mg/m^3]
# name 9 = CStarTr0: Beam Transmission, WET Labs C-Star [%]
# name 10 = par: PAR/Irradiance, Biospherical/Licor
# name 11 = latitude: Latitude [deg]
# name 12 = longitude: Longitude [deg]
# name 13 = timeJ: Julian Days
# name 14 = altM: Altimeter [m]
# name 15 = spar: SPAR, Biospherical/Licor
# name 16 = timeS: Time, Elapsed [seconds]
# name 17 = scan: Scan Count
# name 18 = density00: Density [density, kg/m^3]
# name 19 = density11: Density, 2 [density, kg/m^3]
# name 20 = sal00: Salinity, Practical [PSU]
# name 21 = sal11: Salinity, Practical, 2 [PSU]
# name 22 = oxsolML/L: Oxygen Saturation, Garcia & Gordon [ml/l]
# name 23 = nbin: number of scans per bin
# name 24 = flag: flag
# span 0 =      1.000,    221.000       
# span 1 =      0.991,    218.720       
# span 2 =    -0.3251,     0.5487       
# span 3 =  28.454438,  29.166991       
# span 4 =    -0.3247,     0.5359       
# span 5 =  28.450925,  29.154014       
# span 6 =     5.2015,     7.8973       
# span 7 =     5.3114,     8.4972       
# span 8 =    -0.0151,     1.7303       
# span 9 =    83.4172,    90.0986       
# span 10 = 1.0000e-12, 3.7797e+00      
# span 11 =  -64.78200,  -64.78198      
# span 12 =  -63.03356,  -63.03338      
# span 13 = 348.186183, 348.192724      
# span 14 =      10.07,     100.09      
# span 15 = 0.0000e+00, 0.0000e+00      
# span 16 =    826.219,   1391.315      
# span 17 =      19830,      33393      
# span 18 =  1027.3359,  1028.7607      
# span 19 =  1027.3329,  1028.7595      
# span 20 =    34.0502,    34.4909      
# span 21 =    34.0464,    34.4887      
# span 22 =    7.92522,    8.10774      
# span 23 =         25,         48      
# span 24 = 0.0000e+00, 0.0000e+00      
# interval = decibars: 1                
# start_time = Dec 14 2021 04:14:20 [NMEA time, header]
# bad_flag = -9.990e-29
*END*
[from data line 58]
    163.000    161.341     0.0419  28.762195     0.0390  28.758611     5.5755     5.6560     0.0118    89.9460 1.0000e-12  -64.78198  -63.03352 348.188165      69.14 0.0000e+00    997.431      23939  1028.4644  1028.4634    34.4887    34.4872    8.03010         39 0.0000e+00
    162.000    160.351     0.0388  28.758181     0.0375  28.757928     5.5757     5.6698     0.0215    89.9804 1.0000e-12  -64.78198  -63.03352 348.188189      70.19 0.0000e+00    999.503      23989  1028.4595  1028.4605    34.4875    34.4887    8.03082         44 0.0000e+00
    161.000    159.362     0.0386  28.759227     0.0161  28.730611     5.6014     5.6795     0.0227    89.9935 1.0000e-12  -64.78198  -63.03352 348.188215      71.20 0.0000e+00   1001.766      24043  1028.4570  1028.4492    34.4897    34.4771    8.03074         39 0.0000e+00
    160.000    158.371     0.0077  28.728878     0.0104  28.724401     5.6133     5.6757     0.0203    89.9670 1.0000e-12  -64.78198  -63.03352 348.188246      72.31 0.0000e+00   1004.486      24109  1028.4516  1028.4438    34.4849    34.4760    8.03748         37 0.0000e+00
    159.000    157.382     0.0096  28.731194     0.0218  28.739894     5.6078     5.6661     0.0220    89.9777 1.0000e-12  -64.78198  -63.03352 348.188284      73.36 0.0000e+00   1007.755      24187  1028.4476  1028.4448    34.4864    34.4842    8.03700         38 0.0000e+00
    158.000    156.396     0.0070  28.727968     0.0102  28.730686     5.6026     5.6777     0.0298    89.9922 1.0000e-12  -64.78198  -63.03352 348.188324      74.41 0.0000e+00   1011.158      24269  1028.4427  1028.4424    34.4857    34.4857    8.03758         32 0.0000e+00
    157.000    155.402     0.0213  28.739717     0.0041  28.724190     5.5916     5.6773     0.0331    90.0016 1.0000e-12  -64.78198  -63.03352 348.188364      75.50 0.0000e+00   1014.629      24352  1028.4368  1028.4374    34.4857    34.4846    8.03457         32 0.0000e+00
    156.000    154.412     0.0191  28.735396     0.0153  28.733123     5.5799     5.6617     0.0256    90.0064 1.0000e-12  -64.78198  -63.03352 348.188404      76.46 0.0000e+00   1018.062      24434  1028.4304  1028.4316    34.4831    34.4843    8.03519         31 0.0000e+00
    155.000    153.427     0.0632  28.775378     0.0634  28.775746     5.5601     5.6356     0.0285    89.9750 1.0000e-12  -64.78199  -63.03352 348.188443      77.48 0.0000e+00   1021.443      24516  1028.4252  1028.4251    34.4870    34.4873    8.02573         32 0.0000e+00
    154.000    152.436     0.0676  28.779274     0.0677  28.778328     5.5560     5.6364     0.0220    89.9645 1.0000e-12  -64.78200  -63.03351 348.188482      78.47 0.0000e+00   1024.817      24597  1028.4212  1028.4200    34.4878    34.4865    8.02476         29 0.0000e+00
    153.000    151.445     0.0644  28.776017     0.0664  28.776408     5.5669     5.6372     0.0290    89.9722 1.0000e-12  -64.78200  -63.03350 348.188522      79.55 0.0000e+00   1028.263      24679  1028.4170  1028.4153    34.4877    34.4860    8.02544         34 0.0000e+00
    152.000    150.458     0.0637  28.774653     0.0645  28.774495     5.5705     5.6378     0.0287    89.9958 1.0000e-12  -64.78200  -63.03350 348.188606      80.60 0.0000e+00   1035.540      24854  1028.4119  1028.4110    34.4874    34.4862    8.02562         32 0.0000e+00
    151.000    149.469     0.0381  28.752854     0.0411  28.754274     5.5894     5.6507     0.0201    89.9775 1.0000e-12  -64.78200  -63.03350 348.188873      81.60 0.0000e+00   1058.648      25409  1028.4095  1028.4080    34.4879    34.4864    8.03094         41 0.0000e+00
    150.000    148.477     0.0423  28.755135     0.0398  28.752086     5.5682     5.6427     0.0136    89.9667 1.0000e-12  -64.78200  -63.03350 348.188891      82.44 0.0000e+00   1060.161      25445  1028.4035  1028.4026    34.4868    34.4855    8.03012         36 0.0000e+00
    149.000    147.489     0.0566  28.767089     0.0562  28.765502     5.5495     5.6351     0.0030    89.9524 1.0000e-12  -64.78200  -63.03350 348.188907      83.35 0.0000e+00   1061.609      25480  1028.3978  1028.3965    34.4871    34.4854    8.02710         34 0.0000e+00
    148.000    146.498     0.0706  28.778670     0.0702  28.777265     5.5483     5.6295     0.0151    89.9423 1.0000e-12  -64.78200  -63.03350 348.188923      84.37 0.0000e+00   1062.970      25512  1028.3922  1028.3910    34.4873    34.4859    8.02418         31 0.0000e+00
    147.000    145.510     0.0745  28.781715     0.0764  28.782352     5.5334     5.6213     0.0161    89.9354 1.0000e-12  -64.78200  -63.03350 348.188938      85.60 0.0000e+00   1064.279      25544  1028.3873  1028.3861    34.4875    34.4862    8.02334         32 0.0000e+00
    146.000    144.520     0.0946  28.797859     0.0924  28.794976     5.5157     5.6068     0.0134    89.9556 1.0000e-12  -64.78200  -63.03350 348.188953      86.47 0.0000e+00   1065.580      25575  1028.3804  1028.3796    34.4868    34.4855    8.01917         31 0.0000e+00
    145.000    143.530     0.1173  28.817177     0.1098  28.809569     5.5121     5.5962     0.0174    89.9482 1.0000e-12  -64.78200  -63.03350 348.188968      87.48 0.0000e+00   1066.873      25606  1028.3746  1028.3738    34.4875    34.4859    8.01440         31 0.0000e+00
    144.000    142.541     0.1241  28.822632     0.1275  28.824250     5.5080     5.5883     0.0151    89.9417 1.0000e-12  -64.78200  -63.03348 348.188983      88.53 0.0000e+00   1068.114      25636  1028.3696  1028.3679    34.4876    34.4860    8.01297         29 0.0000e+00
    143.000    141.552     0.1302  28.827247     0.1291  28.825496     5.5080     5.5869     0.0258    89.9620 1.0000e-12  -64.78200  -63.03350 348.188997      89.52 0.0000e+00   1069.329      25665  1028.3645  1028.3637    34.4875    34.4865    8.01171         29 0.0000e+00
    142.000    140.561     0.1310  28.827758     0.1310  28.826576     5.5026     5.5908     0.0183    89.9431 1.0000e-12  -64.78200  -63.03349 348.189011      90.54 0.0000e+00   1070.541      25694  1028.3601  1028.3589    34.4879    34.4863    8.01152         29 0.0000e+00
    141.000    139.572     0.1341  28.829877     0.1326  28.827603     5.5103     5.5891     0.0224    89.9532 1.0000e-12  -64.78200  -63.03349 348.189025      91.75 0.0000e+00   1071.750      25723  1028.3553  1028.3543    34.4878    34.4864    8.01088         29 0.0000e+00
    140.000    138.583     0.1346  28.829794     0.1346  28.828757     5.5156     5.5951     0.0246    89.9532 1.0000e-12  -64.78200  -63.03349 348.189039      92.72 0.0000e+00   1072.949      25752  1028.3506  1028.3495    34.4878    34.4864    8.01078         29 0.0000e+00
    139.000    137.592     0.1313  28.826743     0.1315  28.825630     5.5155     5.5924     0.0247    89.9532 1.0000e-12  -64.78200  -63.03348 348.189053      93.64 0.0000e+00   1074.141      25780  1028.3464  1028.3451    34.4880    34.4863    8.01144         26 0.0000e+00
    138.000    136.604     0.1298  28.824468     0.1292  28.823183     5.5175     5.5937     0.0219    89.9399 1.0000e-12  -64.78200  -63.03350 348.189066      94.53 0.0000e+00   1075.325      25809  1028.3414  1028.3406    34.4873    34.4863    8.01180         29 0.0000e+00
    137.000    135.615     0.1321  28.826114     0.1305  28.823554     5.5038     5.5745     0.0255    89.9348 1.0000e-12  -64.78200  -63.03349 348.189080      95.69 0.0000e+00   1076.507      25837  1028.3366  1028.3356    34.4875    34.4859    8.01131         28 0.0000e+00
    136.000    134.624     0.1346  28.827524     0.1346  28.826501     5.4911     5.5721     0.0268    89.9680 1.0000e-12  -64.78200  -63.03349 348.189094      96.49 0.0000e+00   1077.693      25866  1028.3315  1028.3304    34.4871    34.4858    8.01081         28 0.0000e+00
    135.000    133.635     0.1568  28.845277     0.1518  28.840221     5.4850     5.5605     0.0150    89.9398 1.0000e-12  -64.78200  -63.03349 348.189107      97.54 0.0000e+00   1078.877      25894  1028.3242  1028.3238    34.4862    34.4852    8.00623         29 0.0000e+00
    134.000    132.645     0.1727  28.859054     0.1730  28.858373     5.4631     5.5349     0.0130    89.9302 1.0000e-12  -64.78200  -63.03349 348.189121      98.55 0.0000e+00   1080.054      25922  1028.3191  1028.3180    34.4872    34.4859    8.00287         28 0.0000e+00
    133.000    131.656     0.1895  28.872577     0.2004  28.880457     5.4304     5.5164     0.0192    89.9494 1.0000e-12  -64.78200  -63.03350 348.189135      89.29 0.0000e+00   1081.225      25950  1028.3128  1028.3103    34.4868    34.4849    7.99940         28 0.0000e+00
    132.000    130.667     0.2144  28.893630     0.2310  28.906770     5.3977     5.5026     0.0198    89.9577 1.0000e-12  -64.78200  -63.03348 348.189148      69.94 0.0000e+00   1082.394      25978  1028.3065  1028.3039    34.4871    34.4858    7.99420         28 0.0000e+00
    131.000    129.677     0.2516  28.924711     0.2433  28.916827     5.3703     5.4922     0.0206    89.9614 1.0000e-12  -64.78200  -63.03349 348.189162      99.87 0.0000e+00   1083.559      26006  1028.2986  1028.2986    34.4870    34.4859    7.98649         28 0.0000e+00
    130.000    128.687     0.2724  28.942278     0.2742  28.942491     5.3657     5.4828     0.0276    89.9578 1.0000e-12  -64.78200  -63.03349 348.189175      92.57 0.0000e+00   1084.729      26034  1028.2929  1028.2913    34.4874    34.4857    7.98216         28 0.0000e+00
    129.000    127.697     0.2910  28.957503     0.2876  28.953626     5.3710     5.4755     0.0284    89.9559 1.0000e-12  -64.78200  -63.03349 348.189189     100.01 0.0000e+00   1085.902      26063  1028.2867  1028.2860    34.4872    34.4858    7.97831         28 0.0000e+00
    128.000    126.709     0.2972  28.962813     0.2959  28.960581     5.3723     5.4657     0.0315    89.9373 1.0000e-12  -64.78200  -63.03350 348.189202      99.97 0.0000e+00   1087.077      26091  1028.2824  1028.2813    34.4877    34.4863    7.97699         28 0.0000e+00
    127.000    125.718     0.3045  28.968103     0.3046  28.967249     5.3683     5.4591     0.0321    89.9351 1.0000e-12  -64.78200  -63.03348 348.189216      99.97 0.0000e+00   1088.252      26119  1028.2769  1028.2759    34.4872    34.4859    7.97552         27 0.0000e+00
    126.000    124.729     0.3161  28.977579     0.3146  28.975271     5.3708     5.4523     0.0287    89.9494 1.0000e-12  -64.78200  -63.03348 348.189229      99.97 0.0000e+00   1089.426      26147  1028.2716  1028.2706    34.4872    34.4858    7.97311         28 0.0000e+00
    125.000    123.740     0.3219  28.982312     0.3197  28.979389     5.3584     5.4459     0.0289    89.9458 1.0000e-12  -64.78200  -63.03348 348.189243      99.97 0.0000e+00   1090.610      26176  1028.2669  1028.2661    34.4875    34.4862    7.97190         28 0.0000e+00
    124.000    122.749     0.3298  28.988502     0.3288  28.986297     5.3547     5.4425     0.0385    89.9356 1.0000e-12  -64.78200  -63.03348 348.189257      99.97 0.0000e+00   1091.784      26204  1028.2617  1028.2604    34.4874    34.4857    7.97026         28 0.0000e+00
    123.000    121.759     0.3372  28.994078     0.3367  28.992729     5.3605     5.4388     0.0383    89.9413 1.0000e-12  -64.78200  -63.03348 348.189270      99.97 0.0000e+00   1092.962      26232  1028.2563  1028.2554    34.4870    34.4858    7.96876         28 0.0000e+00
    122.000    120.769     0.3369  28.993396     0.3396  28.994521     5.3585     5.4340     0.0484    89.9232 1.0000e-12  -64.78200  -63.03348 348.189284      99.97 0.0000e+00   1094.126      26260  1028.2520  1028.2505    34.4871    34.4856    7.96882         27 0.0000e+00
    121.000    119.781     0.3431  28.998032     0.3453  28.998884     5.3420     5.4273     0.0509    89.9318 1.0000e-12  -64.78200  -63.03348 348.189297      99.97 0.0000e+00   1095.288      26288  1028.2467  1028.2454    34.4868    34.4855    7.96755         28 0.0000e+00
    120.000    118.791     0.3617  29.013452     0.3575  29.009161     5.3271     5.4194     0.0291    89.9402 1.0000e-12  -64.78200  -63.03348 348.189311      99.97 0.0000e+00   1096.466      26316  1028.2407  1028.2402    34.4869    34.4858    7.96371         28 0.0000e+00
    119.000    117.801     0.3738  29.024119     0.3727  29.021759     5.3211     5.4126     0.0297    89.9495 1.0000e-12  -64.78200  -63.03348 348.189325      99.97 0.0000e+00   1097.649      26345  1028.2358  1028.2344    34.4878    34.4860    7.96115         28 0.0000e+00
    118.000    116.813     0.3800  29.028739     0.3788  29.026657     5.3259     5.4123     0.0435    89.9672 1.0000e-12  -64.78200  -63.03348 348.189338      99.97 0.0000e+00   1098.825      26373  1028.2307  1028.2296    34.4876    34.4862    7.95989         29 0.0000e+00
    117.000    115.822     0.3815  29.029590     0.3806  29.027669     5.3352     5.4197     0.0416    89.9612 1.0000e-12  -64.78200  -63.03348 348.189352      99.97 0.0000e+00   1100.036      26402  1028.2260  1028.2250    34.4876    34.4862    7.95958         26 0.0000e+00
    116.000    114.830     0.3798  29.026972     0.3775  29.024510     5.3386     5.4108     0.0397    89.9077 1.0000e-12  -64.78200  -63.03348 348.189368      99.97 0.0000e+00   1101.361      26434  1028.2210  1028.2206    34.4868    34.4860    7.95999         30 0.0000e+00
    115.000    113.842     0.3794  29.025632     0.3682  29.016128     5.3431     5.4158     0.0485    89.9616 1.0000e-12  -64.78200  -63.03348 348.189384      99.97 0.0000e+00   1102.819      26469  1028.2159  1028.2168    34.4860    34.4860    7.96010         32 0.0000e+00
    114.000    112.853     0.3766  29.022760     0.3718  29.018774     5.3492     5.4202     0.0438    89.9571 1.0000e-12  -64.78200  -63.03348 348.189405      99.97 0.0000e+00   1104.566      26511  1028.2116  1028.2121    34.4860    34.4861    7.96068         40 0.0000e+00
    113.000    111.864     0.3681  29.015782     0.3727  29.017829     5.3507     5.4158     0.0434    89.9812 1.0000e-12  -64.78200  -63.03348 348.189430      99.97 0.0000e+00   1106.777      26564  1028.2084  1028.2060    34.4869    34.4844    7.96238         32 0.0000e+00
    112.000    110.876     0.3717  29.018272     0.3782  29.022376     5.3416     5.4176     0.0526    89.9988 1.0000e-12  -64.78200  -63.03348 348.189461      99.97 0.0000e+00   1109.438      26628  1028.2034  1028.2013    34.4867    34.4848    7.96164         35 0.0000e+00
    111.000    109.887     0.3731  29.018928     0.3742  29.018632     5.3470     5.4211     0.0560    90.0464 1.0000e-12  -64.78200  -63.03348 348.189494      99.97 0.0000e+00   1112.263      26695  1028.1985  1028.1972    34.4866    34.4850    7.96136         38 0.0000e+00
    110.000    108.897     0.3596  29.006974     0.3676  29.013256     5.3630     5.4300     0.0462    90.0506 1.0000e-12  -64.78200  -63.03348 348.189532      99.96 0.0000e+00   1115.568      26775  1028.1951  1028.1938    34.4867    34.4860    7.96415         28 0.0000e+00
    109.000    107.907     0.3470  28.994768     0.3442  28.993138     5.3652     5.4371     0.0500    90.0564 1.0000e-12  -64.78200  -63.03348 348.189571      99.97 0.0000e+00   1118.942      26856  1028.1904  1028.1913    34.4854    34.4864    7.96683         28 0.0000e+00
    108.000    106.914     0.3598  29.005770     0.3623  29.007293     5.3470     5.4134     0.0583    90.0664 1.0000e-12  -64.78200  -63.03348 348.189610      99.96 0.0000e+00   1122.326      26937  1028.1848  1028.1838    34.4861    34.4853    7.96414         32 0.0000e+00
    107.000    105.929     0.3980  29.032154     0.3935  29.032839     5.2756     5.3990     0.0491    90.0699 1.0000e-12  -64.78200  -63.03348 348.189649      99.97 0.0000e+00   1125.658      27017  1028.1713  1028.1764    34.4786    34.4845    7.95669         32 0.0000e+00
