NBP2113_155081_ctd/data/unbp2113_054.cnv
* Sea-Bird SBE 9 Data File:
* FileName = D:\Data\raw\NBP2113_054.hex
* Software Version Seasave V 7.26.7.121
* Temperature SN = 2438
* Conductivity SN = 2067
* Number of Bytes Per Scan = 40
* Number of Voltage Words = 5
* Number of Scans Averaged by the Deck Unit = 1
* NMEA Latitude = 64 52.85 S
* NMEA Longitude = 064 38.20 W
* NMEA UTC (Time) = Dec 11 2021  19:48:22
* NMEA baud rate = 9600
** Ship: RVIB N.B. Palmer
** Cruise: NBP2113 LTER
** Station: 597.052
** Operator: S. Blackman
# nquan = 25
# nvalues = 444                         
# units = specified
# name 0 = prDM: Pressure, Digiquartz [db]
# name 1 = depSM: Depth [salt water, m]
# name 2 = t090C: Temperature [ITS-90, deg C]
# name 3 = c0mS/cm: Conductivity [mS/cm]
# name 4 = t190C: Temperature, 2 [ITS-90, deg C]
# name 5 = c1mS/cm: Conductivity, 2 [mS/cm]
# name 6 = sbeox0ML/L: Oxygen, SBE 43 [ml/l]
# name 7 = sbeox1ML/L: Oxygen, SBE 43, 2 [ml/l]
# name 8 = flECO-AFL: Fluorescence, WET Labs ECO-AFL/FL [mg/m^3]
# name 9 = CStarTr0: Beam Transmission, WET Labs C-Star [%]
# name 10 = par: PAR/Irradiance, Biospherical/Licor
# name 11 = latitude: Latitude [deg]
# name 12 = longitude: Longitude [deg]
# name 13 = timeJ: Julian Days
# name 14 = altM: Altimeter [m]
# name 15 = spar: SPAR, Biospherical/Licor
# name 16 = timeS: Time, Elapsed [seconds]
# name 17 = scan: Scan Count
# name 18 = density00: Density [density, kg/m^3]
# name 19 = density11: Density, 2 [density, kg/m^3]
# name 20 = sal00: Salinity, Practical [PSU]
# name 21 = sal11: Salinity, Practical, 2 [PSU]
# name 22 = oxsolML/L: Oxygen Saturation, Garcia & Gordon [ml/l]
# name 23 = nbin: number of scans per bin
# name 24 = flag: flag
# span 0 =      1.000,    444.000       
# span 1 =      0.991,    439.181       
# span 2 =    -0.6469,     1.3374       
# span 3 =  27.477254,  30.121591       
# span 4 =    -0.6478,     1.3370       
# span 5 =  27.488002,  30.120029       
# span 6 =     4.2498,     8.4534       
# span 7 =     4.3057,     8.0391       
# span 8 =    -0.0226,     1.7594       
# span 9 =    83.7273,    91.4425       
# span 10 = 1.0000e-12, 6.1488e+02      
# span 11 =  -64.88094,  -64.88092      
# span 12 =  -64.63768,  -64.63693      
# span 13 = 345.837812, 345.846769      
# span 14 =      -0.88,     100.72      
# span 15 = 5.8351e+02, 6.5765e+02      
# span 16 =   1084.925,   1858.850      
# span 17 =      26039,      44613      
# span 18 =  1027.0374,  1029.8282      
# span 19 =  1027.0351,  1029.8271      
# span 20 =    33.6332,    34.6472      
# span 21 =    33.6320,    34.6457      
# span 22 =    7.75800,    8.22480      
# span 23 =         13,         46      
# span 24 = 0.0000e+00, 0.0000e+00      
# interval = decibars: 1                
# start_time = Dec 11 2021 19:48:22 [NMEA time, header]
# bad_flag = -9.990e-29
*END*
[from data line 116]
    328.000    324.530     1.2399  29.968462     1.2396  29.967162     4.3788     4.4284    -0.0094    91.1377 1.0000e-12  -64.88094  -64.63740 345.840113      99.97 6.0819e+02   1283.796      30812  1029.2738  1029.2728    34.6244    34.6231    7.77851         18 0.0000e+00
    327.000    323.541     1.2394  29.967348     1.2396  29.966510     4.3731     4.4306    -0.0001    91.1161 1.0000e-12  -64.88094  -64.63739 345.840123      99.97 6.0819e+02   1284.635      30832  1029.2690  1029.2679    34.6241    34.6228    7.77863         23 0.0000e+00
    326.000    322.553     1.2403  29.967784     1.2401  29.966632     4.3750     4.4262    -0.0024    91.1019 1.0000e-12  -64.88094  -64.63738 345.840137      99.97 6.0819e+02   1285.808      30860  1029.2642  1029.2632    34.6243    34.6230    7.77844         34 0.0000e+00
    325.000    321.564     1.2403  29.967309     1.2398  29.965832     4.3743     4.4239    -0.0027    91.1146 1.0000e-12  -64.88094  -64.63738 345.840158      99.97 6.0819e+02   1287.664      30905  1029.2596  1029.2584    34.6243    34.6229    7.77845         42 0.0000e+00
    324.000    320.575     1.2406  29.967328     1.2407  29.966341     4.3755     4.4317    -0.0021    91.0863 1.0000e-12  -64.88094  -64.63739 345.840185      99.97 6.0819e+02   1289.980      30961  1029.2549  1029.2538    34.6245    34.6231    7.77837         39 0.0000e+00
    323.000    319.588     1.2402  29.966517     1.2403  29.965554     4.3931     4.4483    -0.0080    91.1134 1.0000e-12  -64.88094  -64.63741 345.840203      99.97 6.0819e+02   1291.551      30998  1029.2503  1029.2492    34.6245    34.6232    7.77845         27 0.0000e+00
    322.000    318.597     1.2357  29.961872     1.2353  29.960646     4.3962     4.4536    -0.0065    91.1147 1.0000e-12  -64.88094  -64.63742 345.840214      99.97 6.0819e+02   1292.455      31020  1029.2457  1029.2448    34.6241    34.6230    7.77936         19 0.0000e+00
    321.000    317.611     1.2233  29.948288     1.2232  29.947041     4.3976     4.4519     0.0001    91.0716 1.0000e-12  -64.88094  -64.63742 345.840222      99.97 6.0819e+02   1293.147      31037  1029.2398  1029.2387    34.6210    34.6195    7.78199         16 0.0000e+00
    320.000    316.619     1.2215  29.945447     1.2214  29.944352     4.3951     4.4531    -0.0035    91.0949 1.0000e-12  -64.88094  -64.63742 345.840229      99.97 6.0819e+02   1293.759      31051  1029.2344  1029.2334    34.6199    34.6187    7.78240         14 0.0000e+00
    319.000    315.633     1.2216  29.945134     1.2212  29.943572     4.3968     4.4520    -0.0076    91.1349 1.0000e-12  -64.88094  -64.63742 345.840235      99.97 6.0819e+02   1294.340      31065  1029.2297  1029.2284    34.6200    34.6184    7.78238         14 0.0000e+00
    318.000    314.644     1.2218  29.944784     1.2216  29.943589     4.4001     4.4513    -0.0077    91.0861 1.0000e-12  -64.88094  -64.63742 345.840242      99.97 6.0819e+02   1294.940      31080  1029.2250  1029.2239    34.6199    34.6187    7.78235         15 0.0000e+00
    317.000    313.654     1.2209  29.943493     1.2214  29.942898     4.4007     4.4535    -0.0067    91.0861 1.0000e-12  -64.88094  -64.63741 345.840251      99.97 6.0819e+02   1295.650      31097  1029.2202  1029.2191    34.6198    34.6185    7.78252         20 0.0000e+00
    316.000    312.666     1.2239  29.945818     1.2239  29.945211     4.3982     4.4489    -0.0117    91.0996 1.0000e-12  -64.88094  -64.63740 345.840280      99.97 6.0819e+02   1298.235      31159  1029.2153  1029.2146    34.6201    34.6193    7.78193         32 0.0000e+00
    315.000    311.677     1.2236  29.945547     1.2237  29.944658     4.4014     4.4460    -0.0226    91.1121 1.0000e-12  -64.88094  -64.63741 345.840312      99.97 6.0819e+02   1300.940      31224  1029.2109  1029.2100    34.6206    34.6194    7.78195         24 0.0000e+00
    314.000    310.690     1.2224  29.943930     1.2223  29.942454     4.4078     4.4512    -0.0084    91.1217 1.0000e-12  -64.88094  -64.63742 345.840322      99.97 6.0819e+02   1301.834      31245  1029.2062  1029.2049    34.6205    34.6187    7.78219         21 0.0000e+00
    313.000    309.700     1.2201  29.940981     1.2197  29.939655     4.4136     4.4564    -0.0131    91.1067 1.0000e-12  -64.88094  -64.63742 345.840333      99.97 6.0819e+02   1302.762      31267  1029.2013  1029.2003    34.6199    34.6185    7.78269         24 0.0000e+00
    312.000    308.711     1.2178  29.938195     1.2167  29.935794     4.4201     4.4647    -0.0150    91.0928 1.0000e-12  -64.88094  -64.63743 345.840345      99.97 6.0819e+02   1303.837      31293  1029.1964  1029.1951    34.6194    34.6176    7.78317         27 0.0000e+00
    311.000    307.722     1.2116  29.931239     1.2146  29.933113     4.4282     4.4693     0.0011    91.1225 1.0000e-12  -64.88094  -64.63745 345.840357      99.97 6.0819e+02   1304.891      31318  1029.1912  1029.1900    34.6179    34.6170    7.78448         23 0.0000e+00
    310.000    306.735     1.2075  29.926118     1.2118  29.929677     4.4217     4.4717     0.0029    91.1176 1.0000e-12  -64.88093  -64.63746 345.840367      99.96 6.0868e+02   1305.731      31339  1029.1857  1029.1851    34.6165    34.6163    7.78537         18 0.0000e+00
    309.000    305.745     1.2062  29.924221     1.2066  29.923751     4.4185     4.4731    -0.0077    91.1239 1.0000e-12  -64.88092  -64.63746 345.840375      99.97 6.0937e+02   1306.415      31355  1029.1807  1029.1799    34.6161    34.6150    7.78565         15 0.0000e+00
    308.000    304.755     1.2063  29.923722     1.2061  29.922743     4.4183     4.4734    -0.0077    91.1342 1.0000e-12  -64.88092  -64.63746 345.840382      99.97 6.0960e+02   1307.038      31370  1029.1759  1029.1750    34.6159    34.6149    7.78564         15 0.0000e+00
    307.000    303.768     1.2060  29.923131     1.2055  29.921543     4.4197     4.4734    -0.0077    91.1169 1.0000e-12  -64.88092  -64.63745 345.840390      99.97 6.0853e+02   1307.681      31385  1029.1713  1029.1702    34.6161    34.6146    7.78570         16 0.0000e+00
    306.000    302.777     1.2041  29.920737     1.2043  29.919883     4.4208     4.4713    -0.0077    91.1111 1.0000e-12  -64.88092  -64.63744 345.840399      99.97 6.0821e+02   1308.480      31405  1029.1664  1029.1654    34.6156    34.6144    7.78608         24 0.0000e+00
    305.000    301.792     1.2086  29.924852     1.2095  29.924921     4.4218     4.4770    -0.0084    91.1119 1.0000e-12  -64.88094  -64.63744 345.840445      99.96 6.0819e+02   1312.460      31500  1029.1619  1029.1610    34.6166    34.6157    7.78515         32 0.0000e+00
    304.000    300.801     1.2075  29.923431     1.2075  29.922553     4.4361     4.4835    -0.0150    91.1119 1.0000e-12  -64.88094  -64.63744 345.840464      99.97 6.0827e+02   1314.073      31539  1029.1572  1029.1563    34.6165    34.6154    7.78537         22 0.0000e+00
    303.000    299.813     1.2039  29.919332     1.2047  29.919158     4.4428     4.4891    -0.0086    91.1119 1.0000e-12  -64.88094  -64.63744 345.840473      99.97 6.0974e+02   1314.883      31558  1029.1523  1029.1514    34.6159    34.6148    7.78612         18 0.0000e+00
    302.000    298.823     1.2002  29.914941     1.2009  29.914614     4.4465     4.4913    -0.0077    91.1119 1.0000e-12  -64.88094  -64.63745 345.840482      99.96 6.0996e+02   1315.641      31576  1029.1473  1029.1462    34.6149    34.6137    7.78691         18 0.0000e+00
    301.000    297.834     1.1943  29.908287     1.1960  29.909179     4.4475     4.4918    -0.0077    91.1119 1.0000e-12  -64.88094  -64.63746 345.840491      99.97 6.0996e+02   1316.454      31596  1029.1419  1029.1412    34.6135    34.6128    7.78815         21 0.0000e+00
    300.000    296.846     1.1919  29.904996     1.1913  29.903404     4.4591     4.4961    -0.0074    91.1228 1.0000e-12  -64.88094  -64.63746 345.840502      99.97 6.0996e+02   1317.352      31617  1029.1367  1029.1357    34.6125    34.6112    7.78869         23 0.0000e+00
    299.000    295.858     1.1908  29.903450     1.1905  29.902184     4.4668     4.5005    -0.0077    91.1331 1.0000e-12  -64.88094  -64.63746 345.840513      99.97 6.0996e+02   1318.326      31641  1029.1319  1029.1308    34.6123    34.6110    7.78891         23 0.0000e+00
    298.000    294.869     1.1849  29.896950     1.1872  29.898211     4.4667     4.5101     0.0073    91.1377 1.0000e-12  -64.88094  -64.63748 345.840524      99.97 6.0996e+02   1319.275      31664  1029.1268  1029.1258    34.6111    34.6102    7.79016         22 0.0000e+00
    297.000    293.879     1.1812  29.892397     1.1824  29.892459     4.4614     4.5085     0.0029    91.1365 1.0000e-12  -64.88094  -64.63748 345.840534      99.97 6.0996e+02   1320.183      31685  1029.1214  1029.1203    34.6099    34.6087    7.79095         22 0.0000e+00
    296.000    292.892     1.1778  29.888241     1.1816  29.891119     4.4534     4.5090    -0.0003    91.1377 1.0000e-12  -64.88094  -64.63748 345.840546      99.97 6.0996e+02   1321.169      31709  1029.1163  1029.1154    34.6090    34.6084    7.79168         27 0.0000e+00
    295.000    291.901     1.1797  29.889593     1.1840  29.893077     4.4517     4.5077     0.0007    91.1384 1.0000e-12  -64.88094  -64.63748 345.840562      99.97 6.0890e+02   1322.570      31743  1029.1114  1029.1108    34.6092    34.6089    7.79130         37 0.0000e+00
    294.000    290.914     1.1820  29.891585     1.1836  29.892447     4.4740     4.5143     0.0055    91.1550 1.0000e-12  -64.88094  -64.63746 345.840583      99.97 6.0816e+02   1324.381      31786  1029.1068  1029.1062    34.6097    34.6090    7.79080         39 0.0000e+00
    293.000    289.924     1.1740  29.883063     1.1773  29.885358     4.4801     4.5197    -0.0060    91.1801 1.0000e-12  -64.88093  -64.63745 345.840601      99.97 6.0900e+02   1325.891      31822  1029.1017  1029.1009    34.6083    34.6076    7.79247         33 0.0000e+00
    292.000    288.936     1.1711  29.879328     1.1739  29.880839     4.4803     4.5228    -0.0076    91.1634 1.0000e-12  -64.88093  -64.63746 345.840618      99.97 6.0993e+02   1327.381      31858  1029.0964  1029.0953    34.6072    34.6061    7.79309         40 0.0000e+00
    291.000    287.946     1.1655  29.872060     1.1734  29.880385     4.4993     4.5394     0.0036    91.1581 1.0000e-12  -64.88094  -64.63748 345.840640      99.97 6.0996e+02   1329.267      31903  1029.0902  1029.0910    34.6047    34.6067    7.79436         35 0.0000e+00
    290.000    286.959     1.1631  29.870016     1.1632  29.869151     4.5012     4.5450    -0.0005    91.2134 1.0000e-12  -64.88094  -64.63748 345.840654      99.97 6.0996e+02   1330.484      31933  1029.0860  1029.0852    34.6053    34.6041    7.79479         22 0.0000e+00
    289.000    285.970     1.1594  29.865292     1.1595  29.864550     4.5014     4.5449    -0.0065    91.1702 1.0000e-12  -64.88094  -64.63750 345.840663      29.34 6.0996e+02   1331.267      31951  1029.0806  1029.0799    34.6039    34.6029    7.79560         17 0.0000e+00
    288.000    284.980     1.1577  29.863078     1.1577  29.862098     4.5004     4.5449    -0.0062    91.1961 1.0000e-12  -64.88094  -64.63751 345.840670      99.49 6.0996e+02   1331.919      31967  1029.0758  1029.0749    34.6035    34.6024    7.79596         15 0.0000e+00
    287.000    283.991     1.1565  29.861388     1.1562  29.859987     4.4904     4.5484    -0.0003    91.1821 1.0000e-12  -64.88094  -64.63752 345.840678      99.98 6.0996e+02   1332.549      31982  1029.0709  1029.0698    34.6033    34.6018    7.79621         15 0.0000e+00
    286.000    283.002     1.1565  29.860827     1.1563  29.859535     4.4907     4.5471     0.0001    91.1630 1.0000e-12  -64.88092  -64.63752 345.840685      99.97 6.0996e+02   1333.201      31998  1029.0661  1029.0650    34.6032    34.6018    7.79623         16 0.0000e+00
    285.000    282.015     1.1564  29.860254     1.1563  29.859117     4.4960     4.5435    -0.0000    91.1710 1.0000e-12  -64.88092  -64.63751 345.840694      99.97 6.0996e+02   1333.922      32015  1029.0613  1029.0603    34.6032    34.6018    7.79625         20 0.0000e+00
    284.000    281.025     1.1563  29.859611     1.1568  29.859062     4.4921     4.5436    -0.0006    91.1723 1.0000e-12  -64.88092  -64.63749 345.840704      99.97 6.0867e+02   1334.842      32037  1029.0564  1029.0555    34.6030    34.6018    7.79628         26 0.0000e+00
    283.000    280.035     1.1579  29.860826     1.1569  29.859018     4.4908     4.5441    -0.0066    91.1611 1.0000e-12  -64.88094  -64.63747 345.840729      99.97 6.0876e+02   1336.993      32089  1029.0519  1029.0509    34.6034    34.6021    7.79594         33 0.0000e+00
    282.000    279.047     1.1582  29.860865     1.1575  29.859112     4.4910     4.5474    -0.0120    91.1757 1.0000e-12  -64.88094  -64.63749 345.840764      99.97 6.1002e+02   1340.017      32161  1029.0473  1029.0462    34.6037    34.6023    7.79586         31 0.0000e+00
    281.000    278.060     1.1579  29.860115     1.1572  29.858461     4.4907     4.5443    -0.0062    91.1816 1.0000e-12  -64.88094  -64.63751 345.840775      99.97 6.0996e+02   1340.953      32184  1029.0425  1029.0414    34.6036    34.6022    7.79592         20 0.0000e+00
    280.000    277.071     1.1560  29.857816     1.1558  29.856616     4.4891     4.5474     0.0009    91.1862 1.0000e-12  -64.88094  -64.63752 345.840784      99.97 6.0996e+02   1341.707      32202  1029.0378  1029.0367    34.6034    34.6021    7.79632         17 0.0000e+00
    279.000    276.080     1.1545  29.855726     1.1544  29.854580     4.4917     4.5515     0.0083    91.1860 1.0000e-12  -64.88094  -64.63752 345.840791      99.97 6.0996e+02   1342.396      32218  1029.0328  1029.0318    34.6029    34.6016    7.79664         16 0.0000e+00
    278.000    275.091     1.1542  29.854793     1.1538  29.853460     4.4949     4.5509     0.0031    91.1757 1.0000e-12  -64.88092  -64.63752 345.840800      99.97 6.0996e+02   1343.119      32236  1029.0280  1029.0270    34.6027    34.6014    7.79672         19 0.0000e+00
    277.000    274.103     1.1541  29.854237     1.1539  29.853042     4.4946     4.5488    -0.0003    91.1856 1.0000e-12  -64.88092  -64.63752 345.840810      99.97 6.0996e+02   1343.979      32256  1029.0232  1029.0221    34.6026    34.6013    7.79673         23 0.0000e+00
    276.000    273.115     1.1547  29.854457     1.1546  29.853273     4.4970     4.5515    -0.0031    91.1256 1.0000e-12  -64.88092  -64.63752 345.840823      99.97 6.0996e+02   1345.105      32284  1029.0186  1029.0175    34.6028    34.6014    7.79660         30 0.0000e+00
    275.000    272.126     1.1546  29.853918     1.1545  29.852784     4.4978     4.5512    -0.0031    91.1892 1.0000e-12  -64.88094  -64.63751 345.840839      99.97 6.0996e+02   1346.484      32317  1029.0139  1029.0128    34.6029    34.6015    7.79663         33 0.0000e+00
    274.000    271.137     1.1535  29.852469     1.1536  29.851497     4.4972     4.5501     0.0002    91.1989 1.0000e-12  -64.88094  -64.63752 345.840854      99.97 6.0996e+02   1347.770      32347  1029.0092  1029.0081    34.6027    34.6014    7.79684         27 0.0000e+00
    273.000    270.148     1.1523  29.850685     1.1520  29.849300     4.5012     4.5530    -0.0064    91.2058 1.0000e-12  -64.88094  -64.63752 345.840866      99.97 6.0996e+02   1348.857      32374  1029.0043  1029.0032    34.6024    34.6010    7.79711         25 0.0000e+00
    272.000    269.159     1.1507  29.848592     1.1508  29.847690     4.5000     4.5558    -0.0026    91.1882 1.0000e-12  -64.88094  -64.63752 345.840878      99.97 6.0996e+02   1349.826      32397  1028.9995  1028.9984    34.6021    34.6008    7.79744         23 0.0000e+00
