NBP2113_155081_ctd/data/unbp2113_061.cnv
* Sea-Bird SBE 9 Data File:
* FileName = D:\Data\raw\NBP2113_061.hex
* Software Version Seasave V 7.26.7.121
* Temperature SN = 2438
* Conductivity SN = 2067
* Number of Bytes Per Scan = 40
* Number of Voltage Words = 5
* Number of Scans Averaged by the Deck Unit = 1
* NMEA Latitude = 64 46.21 S
* NMEA Longitude = 063 05.90 W
* NMEA UTC (Time) = Dec 13 2021  23:26:08
* NMEA baud rate = 9600
** Ship: RVIB N.B. Palmer
** Cruise: NBP2113 LTER
** Station: 654.005
** Operator: S. Blackman
# nquan = 25
# nvalues = 338                         
# units = specified
# name 0 = prDM: Pressure, Digiquartz [db]
# name 1 = depSM: Depth [salt water, m]
# name 2 = t090C: Temperature [ITS-90, deg C]
# name 3 = c0mS/cm: Conductivity [mS/cm]
# name 4 = t190C: Temperature, 2 [ITS-90, deg C]
# name 5 = c1mS/cm: Conductivity, 2 [mS/cm]
# name 6 = sbeox0ML/L: Oxygen, SBE 43 [ml/l]
# name 7 = sbeox1ML/L: Oxygen, SBE 43, 2 [ml/l]
# name 8 = flECO-AFL: Fluorescence, WET Labs ECO-AFL/FL [mg/m^3]
# name 9 = CStarTr0: Beam Transmission, WET Labs C-Star [%]
# name 10 = par: PAR/Irradiance, Biospherical/Licor
# name 11 = latitude: Latitude [deg]
# name 12 = longitude: Longitude [deg]
# name 13 = timeJ: Julian Days
# name 14 = altM: Altimeter [m]
# name 15 = spar: SPAR, Biospherical/Licor
# name 16 = timeS: Time, Elapsed [seconds]
# name 17 = scan: Scan Count
# name 18 = density00: Density [density, kg/m^3]
# name 19 = density11: Density, 2 [density, kg/m^3]
# name 20 = sal00: Salinity, Practical [PSU]
# name 21 = sal11: Salinity, Practical, 2 [PSU]
# name 22 = oxsolML/L: Oxygen Saturation, Garcia & Gordon [ml/l]
# name 23 = nbin: number of scans per bin
# name 24 = flag: flag
# span 0 =      1.000,    338.000       
# span 1 =      0.990,    334.418       
# span 2 =    -0.4900,     0.8040       
# span 3 =  27.960152,  29.430952       
# span 4 =    -0.4901,     0.7984       
# span 5 =  27.958579,  29.424954       
# span 6 =     4.9720,     7.7453       
# span 7 =     5.0530,     7.4396       
# span 8 =    -0.0213,     1.3868       
# span 9 =    83.4385,    90.0893       
# span 10 = 1.0000e-12, 3.2112e+02      
# span 11 =  -64.77050,  -64.77020      
# span 12 =  -63.09852,  -63.09826      
# span 13 = 347.986579, 347.996222      
# span 14 =      10.14,     100.44      
# span 15 = 4.3719e+02, 1.3186e+03      
# span 16 =    872.401,   1705.564      
# span 17 =      20939,      40935      
# span 18 =  1027.1564,  1029.3461      
# span 19 =  1027.1494,  1029.3449      
# span 20 =    33.7946,    34.5110      
# span 21 =    33.7917,    34.5095      
# span 22 =    7.87241,    8.14154      
# span 23 =         25,         51      
# span 24 = 0.0000e+00, 0.0000e+00      
# interval = decibars: 1                
# start_time = Dec 13 2021 23:26:08 [NMEA time, header]
# bad_flag = -9.990e-29
*END*
[from data line 116]
    222.000    219.709     0.2124  28.935287     0.3002  29.012727     5.2855     5.3967     0.0269    89.0515 1.0000e-12  -64.77048  -63.09828 347.988845      99.97 1.0876e+03   1068.178      25637  1028.7340  1028.7297    34.4901    34.4936    7.99446         26 0.0000e+00
    221.000    218.721     0.2786  28.996428     0.3290  29.038694     5.2389     5.3728     0.0289    89.0539 1.0000e-12  -64.77048  -63.09828 347.988858      99.97 1.0053e+03   1069.296      25664  1028.7296  1028.7252    34.4969    34.4960    7.98034         27 0.0000e+00
    220.000    217.731     0.3240  29.034492     0.3406  29.048322     5.2618     5.3614     0.0232    89.0760 1.0000e-12  -64.77048  -63.09828 347.988871      99.97 9.1991e+02   1070.428      25691  1028.7216  1028.7206    34.4967    34.4962    7.97095         27 0.0000e+00
    219.000    216.741     0.3325  29.042927     0.3641  29.067926     5.2518     5.3312     0.0289    88.9650 1.0000e-12  -64.77048  -63.09828 347.988884      99.97 8.3495e+02   1071.567      25719  1028.7184  1028.7143    34.4988    34.4962    7.96907         28 0.0000e+00
    218.000    215.752     0.3506  29.057240     0.3938  29.093027     5.1505     5.2703     0.0289    89.0184 1.0000e-12  -64.77048  -63.09828 347.988897      99.97 7.5610e+02   1072.692      25746  1028.7120  1028.7077    34.4979    34.4965    7.96539         26 0.0000e+00
    217.000    214.764     0.4083  29.103559     0.4659  29.152246     5.0645     5.2163     0.0289    88.8700 1.0000e-12  -64.77048  -63.09828 347.988910      99.97 6.8648e+02   1073.804      25772  1028.7000  1028.6955    34.4946    34.4941    7.95368         27 0.0000e+00
    216.000    213.774     0.5450  29.226025     0.5776  29.251560     5.0246     5.1807     0.0326    88.9526 1.0000e-12  -64.77048  -63.09828 347.988923      99.97 6.2806e+02   1074.928      25799  1028.6902  1028.6857    34.5027    34.4996    7.92515         27 0.0000e+00
    215.000    212.785     0.5733  29.249401     0.6054  29.277654     5.0178     5.1582     0.0359    89.0676 1.0000e-12  -64.77048  -63.09828 347.988936      99.97 5.8234e+02   1076.054      25826  1028.6839  1028.6825    34.5022    34.5032    7.91939         28 0.0000e+00
    214.000    211.795     0.6166  29.287829     0.6402  29.307932     5.0273     5.1487     0.0359    89.1249 1.0000e-12  -64.77048  -63.09828 347.988949      99.97 5.5463e+02   1077.182      25853  1028.6782  1028.6767    34.5046    34.5044    7.91041         26 0.0000e+00
    213.000    210.808     0.6222  29.293617     0.6519  29.317499     5.0291     5.1445     0.0501    89.2869 1.0000e-12  -64.77048  -63.09828 347.988962      99.97 5.4748e+02   1078.316      25881  1028.6754  1028.6719    34.5065    34.5044    7.90916         28 0.0000e+00
    212.000    209.817     0.6299  29.298563     0.6602  29.324104     5.0257     5.1429     0.0533    89.3697 1.0000e-12  -64.77048  -63.09828 347.988975      99.97 5.5834e+02   1079.448      25908  1028.6696  1028.6674    34.5049    34.5045    7.90767         27 0.0000e+00
    211.000    208.829     0.6497  29.315703     0.6629  29.326156     5.0347     5.1373     0.0456    89.3723 1.0000e-12  -64.77048  -63.09828 347.988988      99.97 5.7981e+02   1080.571      25935  1028.6648  1028.6635    34.5058    34.5047    7.90360         27 0.0000e+00
    210.000    207.840     0.6580  29.321392     0.6699  29.330726     5.0394     5.1372     0.0383    89.4435 1.0000e-12  -64.77048  -63.09828 347.989001      99.97 6.0736e+02   1081.688      25962  1028.6590  1028.6578    34.5045    34.5035    7.90197         27 0.0000e+00
    209.000    206.850     0.6619  29.324900     0.6769  29.336567     5.0284     5.1214     0.0419    89.4194 1.0000e-12  -64.77048  -63.09828 347.989014      99.96 6.4310e+02   1082.820      25989  1028.6553  1028.6534    34.5053    34.5038    7.90113         27 0.0000e+00
    208.000    205.860     0.6762  29.336499     0.6850  29.342915     5.0138     5.1176     0.0318    89.1950 1.0000e-12  -64.77048  -63.09828 347.989027      99.97 6.8522e+02   1083.963      26016  1028.6497  1028.6483    34.5051    34.5036    7.89824         27 0.0000e+00
    207.000    204.871     0.6873  29.345370     0.7015  29.356750     5.0194     5.1153     0.0289    89.3175 1.0000e-12  -64.77046  -63.09828 347.989040      99.97 7.2939e+02   1085.087      26043  1028.6443  1028.6428    34.5049    34.5039    7.89599         27 0.0000e+00
    206.000    203.883     0.6948  29.352491     0.6993  29.355338     5.0277     5.1150     0.0348    89.3502 1.0000e-12  -64.77048  -63.09828 347.989053      99.97 7.7203e+02   1086.192      26070  1028.6407  1028.6398    34.5064    34.5051    7.89439         26 0.0000e+00
    205.000    202.893     0.6918  29.348427     0.6961  29.351142     5.0234     5.1122     0.0362    89.5321 1.0000e-12  -64.77046  -63.09828 347.989066      99.97 8.1122e+02   1087.300      26096  1028.6356  1028.6347    34.5051    34.5038    7.89507         27 0.0000e+00
    204.000    201.904     0.6992  29.354857     0.7062  29.360113     5.0229     5.1066     0.0297    89.5554 1.0000e-12  -64.77046  -63.09828 347.989079      99.97 8.4589e+02   1088.414      26123  1028.6311  1028.6300    34.5057    34.5047    7.89352         27 0.0000e+00
    203.000    200.914     0.7093  29.363357     0.7165  29.367753     5.0216     5.0993     0.0289    89.5032 1.0000e-12  -64.77046  -63.09829 347.989092      99.97 8.7353e+02   1089.539      26150  1028.6262  1028.6241    34.5062    34.5038    7.89146         27 0.0000e+00
    202.000    199.926     0.7090  29.361932     0.7200  29.370813     5.0150     5.0955     0.0162    89.4784 1.0000e-12  -64.77046  -63.09829 347.989106      99.97 8.9281e+02   1090.739      26179  1028.6211  1028.6199    34.5052    34.5045    7.89156         29 0.0000e+00
    201.000    198.936     0.7127  29.364702     0.7217  29.372083     5.0104     5.0971     0.0380    89.6032 1.0000e-12  -64.77046  -63.09829 347.989121      99.97 9.0261e+02   1092.030      26210  1028.6164  1028.6155    34.5052    34.5048    7.89080         32 0.0000e+00
    200.000    197.948     0.7204  29.370814     0.7243  29.373475     5.0128     5.0989     0.0438    89.7736 1.0000e-12  -64.77046  -63.09829 347.989137      99.97 8.9073e+02   1093.395      26242  1028.6113  1028.6105    34.5053    34.5044    7.88925         34 0.0000e+00
    199.000    196.958     0.7229  29.372542     0.7257  29.374212     5.0147     5.0934     0.0339    89.7661 1.0000e-12  -64.77046  -63.09829 347.989153      99.97 8.5753e+02   1094.815      26277  1028.6067  1028.6059    34.5053    34.5044    7.88873         34 0.0000e+00
    198.000    195.968     0.7256  29.374697     0.7260  29.374026     5.0166     5.0929     0.0344    89.7936 1.0000e-12  -64.77046  -63.09829 347.989170      99.97 8.0978e+02   1096.263      26311  1028.6022  1028.6014    34.5057    34.5044    7.88817         33 0.0000e+00
    197.000    194.980     0.7256  29.374294     0.7260  29.373497     5.0119     5.0905     0.0317    89.7383 1.0000e-12  -64.77046  -63.09829 347.989187      99.97 7.5594e+02   1097.719      26346  1028.5977  1028.5967    34.5057    34.5042    7.88815         33 0.0000e+00
    196.000    193.989     0.7242  29.372681     0.7254  29.372555     5.0141     5.0838     0.0413    89.7896 1.0000e-12  -64.77046  -63.09828 347.989203      99.97 7.0283e+02   1099.169      26381  1028.5934  1028.5923    34.5058    34.5043    7.88844         33 0.0000e+00
    195.000    193.000     0.7240  29.371869     0.7328  29.378059     5.0074     5.0823     0.0397    89.7944 1.0000e-12  -64.77046  -63.09828 347.989220      99.97 6.5623e+02   1100.644      26416  1028.5887  1028.5866    34.5055    34.5038    7.88849         36 0.0000e+00
    194.000    192.012     0.7292  29.375618     0.7397  29.384106     4.9988     5.0738     0.0445    89.8000 1.0000e-12  -64.77046  -63.09828 347.989238      99.97 6.1830e+02   1102.136      26452  1028.5833  1028.5820    34.5052    34.5046    7.88746         36 0.0000e+00
    193.000    191.021     0.7419  29.385387     0.7387  29.382931     4.9935     5.0770     0.0365    89.7921 1.0000e-12  -64.77046  -63.09829 347.989255      99.97 5.8646e+02   1103.612      26488  1028.5769  1028.5776    34.5044    34.5047    7.88493         35 0.0000e+00
    192.000    190.033     0.7550  29.397261     0.7518  29.392925     4.9844     5.0667     0.0278    89.8078 1.0000e-12  -64.77046  -63.09829 347.989272      99.97 5.6375e+02   1105.090      26523  1028.5722  1028.5710    34.5058    34.5038    7.88219         36 0.0000e+00
    191.000    189.043     0.7527  29.395118     0.7618  29.401476     4.9890     5.0679     0.0283    89.8872 1.0000e-12  -64.77046  -63.09830 347.989289      99.97 5.4421e+02   1106.574      26559  1028.5681  1028.5659    34.5062    34.5043    7.88263         34 0.0000e+00
    190.000    188.053     0.7577  29.398565     0.7633  29.402763     4.9876     5.0644     0.0203    89.9000 1.0000e-12  -64.77046  -63.09830 347.989306      99.97 5.2590e+02   1108.082      26595  1028.5627  1028.5617    34.5057    34.5049    7.88165         36 0.0000e+00
    189.000    187.064     0.7571  29.399413     0.7699  29.407636     4.9973     5.0672     0.0386    89.9345 1.0000e-12  -64.77046  -63.09830 347.989325      99.97 5.1436e+02   1109.634      26632  1028.5601  1028.5562    34.5081    34.5045    7.88164         35 0.0000e+00
    188.000    186.075     0.7504  29.391447     0.7487  29.389692     4.9944     5.0704     0.0405    89.9014 1.0000e-12  -64.77046  -63.09830 347.989345      99.97 5.0970e+02   1111.378      26674  1028.5542  1028.5544    34.5057    34.5054    7.88312         39 0.0000e+00
    187.000    185.085     0.7625  29.400365     0.7494  29.387463     4.9904     5.0729     0.0474    89.9035 1.0000e-12  -64.77046  -63.09830 347.989366      99.97 5.1272e+02   1113.231      26719  1028.5474  1028.5471    34.5045    34.5023    7.88074         41 0.0000e+00
    186.000    184.097     0.7683  29.405189     0.7546  29.391304     4.9949     5.0663     0.0402    89.9545 1.0000e-12  -64.77046  -63.09830 347.989389      99.97 5.2358e+02   1115.223      26766  1028.5426  1028.5417    34.5048    34.5021    7.87954         42 0.0000e+00
    185.000    183.107     0.7681  29.404321     0.7673  29.402492     4.9917     5.0702     0.0569    89.9268 1.0000e-12  -64.77046  -63.09830 347.989413      99.97 5.3338e+02   1117.241      26815  1028.5378  1028.5366    34.5045    34.5030    7.87960         35 0.0000e+00
    184.000    182.117     0.7672  29.402637     0.7671  29.401455     4.9936     5.0686     0.0453    89.9344 1.0000e-12  -64.77046  -63.09830 347.989435      99.97 5.3750e+02   1119.221      26862  1028.5328  1028.5316    34.5040    34.5025    7.87982         41 0.0000e+00
    183.000    181.130     0.7689  29.403491     0.7726  29.405568     4.9889     5.0657     0.0466    89.9668 1.0000e-12  -64.77046  -63.09830 347.989458      99.97 5.3743e+02   1121.200      26910  1028.5279  1028.5264    34.5038    34.5024    7.87949         43 0.0000e+00
    182.000    180.140     0.7764  29.409665     0.7783  29.410359     4.9821     5.0633     0.0430    89.9978 1.0000e-12  -64.77046  -63.09830 347.989481      99.97 5.3296e+02   1123.176      26957  1028.5227  1028.5216    34.5041    34.5028    7.87796         44 0.0000e+00
    181.000    179.149     0.7835  29.414389     0.7777  29.407325     4.9760     5.0622     0.0529    90.0125 1.0000e-12  -64.77046  -63.09830 347.989505      99.97 5.2480e+02   1125.226      27006  1028.5164  1028.5147    34.5029    34.5001    7.87658         43 0.0000e+00
    180.000    178.161     0.7897  29.419859     0.7755  29.404211     4.9929     5.0650     0.0461    90.0532 1.0000e-12  -64.77046  -63.09830 347.989532      99.97 5.2321e+02   1127.602      27063  1028.5120  1028.5096    34.5037    34.4992    7.87528         44 0.0000e+00
    179.000    177.170     0.7745  29.407931     0.7746  29.406464     4.9842     5.0586     0.0492    90.0893 1.0000e-12  -64.77046  -63.09830 347.989563      99.97 5.2914e+02   1130.203      27126  1028.5103  1028.5086    34.5057    34.5036    7.87825         37 0.0000e+00
    178.000    176.182     0.8040  29.430952     0.7930  29.421258     4.9720     5.0530     0.0532    90.0118 1.0000e-12  -64.77046  -63.09830 347.989594      99.97 5.2907e+02   1132.966      27192  1028.5011  1028.5017    34.5034    34.5030    7.87241         35 0.0000e+00
    177.000    175.194     0.8022  29.429299     0.7984  29.424954     4.9820     5.0593     0.0462    90.0760 1.0000e-12  -64.77045  -63.09830 347.989846      99.97 4.8373e+02   1154.662      27713  1028.4972  1028.4962    34.5038    34.5023    7.87274         32 0.0000e+00
    176.000    174.203     0.7888  29.416683     0.7892  29.416083     4.9957     5.0671     0.0327    90.0598 1.0000e-12  -64.77044  -63.09830 347.990064      99.97 4.4543e+02   1173.534      28166  1028.4931  1028.4920    34.5029    34.5017    7.87550         40 0.0000e+00
    175.000    173.214     0.7874  29.414663     0.7858  29.412287     5.0062     5.0731     0.0289    90.0319 1.0000e-12  -64.77044  -63.09830 347.990079      99.97 4.4557e+02   1174.853      28197  1028.4881  1028.4871    34.5024    34.5011    7.87581         36 0.0000e+00
    174.000    172.224     0.7843  29.411248     0.7799  29.406134     5.0094     5.0756     0.0181    89.9925 1.0000e-12  -64.77044  -63.09830 347.990096      99.97 4.4425e+02   1176.275      28232  1028.4833  1028.4822    34.5020    34.5002    7.87645         32 0.0000e+00
    173.000    171.235     0.7805  29.407145     0.7786  29.404295     5.0043     5.0769     0.0391    89.9473 1.0000e-12  -64.77044  -63.09831 347.990111      99.97 4.4425e+02   1177.613      28264  1028.4785  1028.4773    34.5015    34.4999    7.87725         32 0.0000e+00
    172.000    170.247     0.7792  29.405277     0.7780  29.403159     5.0012     5.0777     0.0399    89.8875 1.0000e-12  -64.77044  -63.09831 347.990126      99.97 4.4403e+02   1178.888      28294  1028.4735  1028.4724    34.5011    34.4997    7.87754         30 0.0000e+00
    171.000    169.256     0.7774  29.403073     0.7770  29.401724     5.0084     5.0770     0.0362    89.7719 1.0000e-12  -64.77044  -63.09830 347.990141      99.97 4.4248e+02   1180.148      28325  1028.4687  1028.4677    34.5009    34.4996    7.87792         30 0.0000e+00
    170.000    168.267     0.7757  29.400796     0.7759  29.400183     5.0093     5.0782     0.0418    89.8164 1.0000e-12  -64.77044  -63.09832 347.990155      99.97 4.4248e+02   1181.387      28354  1028.4638  1028.4628    34.5004    34.4994    7.87830         30 0.0000e+00
    169.000    167.277     0.7750  29.399314     0.7751  29.398619     5.0075     5.0747     0.0373    89.8198 1.0000e-12  -64.77044  -63.09831 347.990169      99.97 4.4248e+02   1182.598      28383  1028.4586  1028.4577    34.4999    34.4989    7.87847         28 0.0000e+00
    168.000    166.287     0.7773  29.400792     0.7790  29.401109     5.0092     5.0735     0.0431    89.8024 1.0000e-12  -64.77044  -63.09831 347.990183      99.97 4.4077e+02   1183.801      28412  1028.4535  1028.4522    34.4998    34.4984    7.87800         26 0.0000e+00
    167.000    165.300     0.7821  29.404351     0.7833  29.404281     5.0078     5.0723     0.0363    89.7602 1.0000e-12  -64.77044  -63.09831 347.990197      99.97 4.4072e+02   1184.982      28441  1028.4483  1028.4470    34.4997    34.4983    7.87704         29 0.0000e+00
    166.000    164.309     0.7876  29.408507     0.7887  29.408533     5.0060     5.0759     0.0386    89.7208 1.0000e-12  -64.77044  -63.09832 347.990210      99.97 4.3988e+02   1186.157      28469  1028.4429  1028.4418    34.4995    34.4983    7.87593         27 0.0000e+00
