NBP2113_155081_ctd/data/unbp2113_068.cnv
* Sea-Bird SBE 9 Data File:
* FileName = D:\Data\raw\NBP2113_068.hex
* Software Version Seasave V 7.26.7.121
* Temperature SN = 2438
* Conductivity SN = 2067
* Number of Bytes Per Scan = 40
* Number of Voltage Words = 5
* Number of Scans Averaged by the Deck Unit = 1
* NMEA Latitude = 63 34.55 S
* NMEA Longitude = 060 41.64 W
* NMEA UTC (Time) = Dec 15 2021  00:43:21
* NMEA baud rate = 9600
** Ship: RVIB N.B. Palmer
** Cruise: NBP2113 LTER
** Station: 831.-002
** Operator: S. Blackman
# nquan = 25
# nvalues = 576                         
# units = specified
# name 0 = prDM: Pressure, Digiquartz [db]
# name 1 = depSM: Depth [salt water, m]
# name 2 = t090C: Temperature [ITS-90, deg C]
# name 3 = c0mS/cm: Conductivity [mS/cm]
# name 4 = t190C: Temperature, 2 [ITS-90, deg C]
# name 5 = c1mS/cm: Conductivity, 2 [mS/cm]
# name 6 = sbeox0ML/L: Oxygen, SBE 43 [ml/l]
# name 7 = sbeox1ML/L: Oxygen, SBE 43, 2 [ml/l]
# name 8 = flECO-AFL: Fluorescence, WET Labs ECO-AFL/FL [mg/m^3]
# name 9 = CStarTr0: Beam Transmission, WET Labs C-Star [%]
# name 10 = par: PAR/Irradiance, Biospherical/Licor
# name 11 = latitude: Latitude [deg]
# name 12 = longitude: Longitude [deg]
# name 13 = timeJ: Julian Days
# name 14 = altM: Altimeter [m]
# name 15 = spar: SPAR, Biospherical/Licor
# name 16 = timeS: Time, Elapsed [seconds]
# name 17 = scan: Scan Count
# name 18 = density00: Density [density, kg/m^3]
# name 19 = density11: Density, 2 [density, kg/m^3]
# name 20 = sal00: Salinity, Practical [PSU]
# name 21 = sal11: Salinity, Practical, 2 [PSU]
# name 22 = oxsolML/L: Oxygen Saturation, Garcia & Gordon [ml/l]
# name 23 = nbin: number of scans per bin
# name 24 = flag: flag
# span 0 =      1.000,    576.000       
# span 1 =      0.990,    569.620       
# span 2 =    -1.1676,     0.0050       
# span 3 =  27.755287,  28.443284       
# span 4 =    -1.1672,     0.0046       
# span 5 =  27.753990,  28.440998       
# span 6 =     5.4760,    16.5101       
# span 7 =     6.7772,     9.1118       
# span 8 =    -0.0146,     1.9024       
# span 9 =    81.2310,    89.7643       
# span 10 = 1.0000e-12, 2.0674e+01      
# span 11 =  -63.57578,  -63.57525      
# span 12 =  -60.69402,  -60.69382      
# span 13 = 349.044930, 349.057509      
# span 14 =      -0.14,     100.73      
# span 15 = 1.7629e+01, 3.5258e+01      
# span 16 =   1280.952,   2367.766      
# span 17 =      30744,      56827      
# span 18 =  1027.4628,  1030.5063      
# span 19 =  1027.4614,  1030.5051      
# span 20 =    34.1958,    34.5037      
# span 21 =    34.1940,    34.5023      
# span 22 =    8.05433,    8.28956      
# span 23 =         14,         48      
# span 24 = 0.0000e+00, 0.0000e+00      
# interval = decibars: 1                
# start_time = Dec 15 2021 00:43:21 [NMEA time, header]
# bad_flag = -9.990e-29
*END*
[from data line 348]
    228.000    225.664    -1.1236  27.790916    -1.1235  27.790197     7.0098     7.0880     0.0512    89.4040 1.0000e-12  -63.57558  -60.69392 349.050869      99.97 3.1732e+01   1794.106      43060  1028.8178  1028.8169    34.4661    34.4650    8.28204         44 0.0000e+00
    227.000    224.674    -1.1238  27.790429    -1.1236  27.789681     7.0045     7.0882     0.0506    89.3714 1.0000e-12  -63.57558  -60.69392 349.050897      99.97 3.1732e+01   1796.482      43117  1028.8131  1028.8120    34.4663    34.4651    8.28207         43 0.0000e+00
    226.000    223.686    -1.1235  27.790153    -1.1238  27.789023     7.0203     7.0935     0.0418    89.3912 1.0000e-12  -63.57556  -60.69392 349.050923      99.97 3.1732e+01   1798.724      43170  1028.8081  1028.8071    34.4662    34.4650    8.28200         39 0.0000e+00
    225.000    222.697    -1.1242  27.789199    -1.1245  27.787904     7.0139     7.1002     0.0307    89.4065 1.0000e-12  -63.57556  -60.69394 349.050938      99.97 3.1732e+01   1800.068      43203  1028.8034  1028.8023    34.4663    34.4649    8.28215         25 0.0000e+00
    224.000    221.706    -1.1261  27.786850    -1.1264  27.785610     7.0115     7.1028     0.0366    89.3772 1.0000e-12  -63.57556  -60.69394 349.050949      99.96 3.1732e+01   1800.957      43224  1028.7984  1028.7974    34.4659    34.4646    8.28259         19 0.0000e+00
    223.000    220.718    -1.1271  27.785265    -1.1273  27.784080     7.0135     7.1023     0.0508    89.3881 1.0000e-12  -63.57556  -60.69394 349.050957      99.97 3.1732e+01   1801.702      43242  1028.7934  1028.7923    34.4655    34.4641    8.28283         17 0.0000e+00
    222.000    219.728    -1.1277  27.784028    -1.1278  27.782836     7.0194     7.1028     0.0426    89.4027 1.0000e-12  -63.57556  -60.69394 349.050966      99.97 3.1732e+01   1802.444      43260  1028.7883  1028.7872    34.4651    34.4636    8.28299         19 0.0000e+00
    221.000    218.738    -1.1279  27.783241    -1.1278  27.782537     7.0224     7.0976     0.0481    89.4002 1.0000e-12  -63.57556  -60.69394 349.050976      99.97 3.1732e+01   1803.366      43282  1028.7834  1028.7824    34.4649    34.4638    8.28305         27 0.0000e+00
    220.000    217.750    -1.1273  27.783574    -1.1275  27.782370     7.0187     7.0999     0.0514    89.4052 1.0000e-12  -63.57555  -60.69393 349.051004      99.97 3.1732e+01   1805.719      43338  1028.7787  1028.7777    34.4653    34.4639    8.28289         33 0.0000e+00
    219.000    216.760    -1.1270  27.783474    -1.1273  27.782192     7.0332     7.0981     0.0497    89.4127 1.0000e-12  -63.57554  -60.69390 349.051034      99.97 3.1732e+01   1808.352      43401  1028.7741  1028.7729    34.4655    34.4640    8.28283         38 0.0000e+00
    218.000    215.771    -1.1276  27.782413    -1.1273  27.781786     7.0282     7.1005     0.0430    89.4124 1.0000e-12  -63.57554  -60.69391 349.051056      99.97 3.1732e+01   1810.279      43448  1028.7693  1028.7682    34.4653    34.4641    8.28297         40 0.0000e+00
    217.000    214.782    -1.1281  27.781422    -1.1281  27.780397     7.0188     7.1101     0.0365    89.4124 1.0000e-12  -63.57554  -60.69392 349.051075      99.97 3.1732e+01   1811.920      43487  1028.7643  1028.7632    34.4651    34.4637    8.28308         29 0.0000e+00
    216.000    213.793    -1.1304  27.778580    -1.1301  27.777886     7.0208     7.1120     0.0433    89.4124 1.0000e-12  -63.57554  -60.69392 349.051087      99.97 3.1732e+01   1812.941      43512  1028.7592  1028.7581    34.4645    34.4632    8.28363         22 0.0000e+00
    215.000    212.802    -1.1312  27.777186    -1.1313  27.776034     7.0268     7.1112     0.0282    89.4185 1.0000e-12  -63.57553  -60.69391 349.051098      99.97 3.1732e+01   1813.832      43533  1028.7542  1028.7531    34.4642    34.4627    8.28382         21 0.0000e+00
    214.000    211.814    -1.1314  27.776592    -1.1314  27.775531     7.0291     7.1055     0.0344    89.3982 1.0000e-12  -63.57552  -60.69389 349.051109      99.97 3.1732e+01   1814.834      43557  1028.7494  1028.7482    34.4642    34.4627    8.28386         29 0.0000e+00
    213.000    210.825    -1.1307  27.776721    -1.1308  27.775622     7.0297     7.1114     0.0441    89.3858 1.0000e-12  -63.57552  -60.69387 349.051150      99.97 3.2946e+01   1818.332      43641  1028.7446  1028.7435    34.4642    34.4629    8.28371         36 0.0000e+00
    212.000    209.837    -1.1310  27.775998    -1.1311  27.774885     7.0331     7.1171     0.0413    89.4094 1.0000e-12  -63.57552  -60.69386 349.051177      99.97 3.3504e+01   1820.664      43697  1028.7398  1028.7386    34.4642    34.4628    8.28378         23 0.0000e+00
    211.000    208.847    -1.1316  27.774908    -1.1320  27.773521     7.0472     7.1227     0.0133    89.4000 1.0000e-12  -63.57552  -60.69386 349.051187      99.97 3.3495e+01   1821.563      43719  1028.7349  1028.7337    34.4640    34.4625    8.28393         21 0.0000e+00
    210.000    207.857    -1.1330  27.772241    -1.1333  27.771055     7.0510     7.1274     0.0321    89.3805 1.0000e-12  -63.57552  -60.69386 349.051198      99.97 3.3495e+01   1822.499      43741  1028.7290  1028.7280    34.4625    34.4613    8.28431         25 0.0000e+00
    209.000    206.868    -1.1333  27.771094    -1.1334  27.770028     7.0508     7.1270     0.0400    89.3651 1.0000e-12  -63.57552  -60.69386 349.051215      99.97 3.3495e+01   1823.944      43776  1028.7238  1028.7227    34.4619    34.4606    8.28441         41 0.0000e+00
    208.000    205.878    -1.1326  27.771891    -1.1331  27.770292     7.0368     7.1206     0.0567    89.3690 1.0000e-12  -63.57550  -60.69384 349.051244      99.97 3.3495e+01   1826.488      43837  1028.7197  1028.7184    34.4629    34.4612    8.28420         44 0.0000e+00
    207.000    204.890    -1.1327  27.770884    -1.1329  27.769766     7.0372     7.1256     0.0505    89.3795 1.0000e-12  -63.57550  -60.69384 349.051292      99.97 3.3495e+01   1830.589      43935  1028.7144  1028.7133    34.4623    34.4609    8.28427         39 0.0000e+00
    206.000    203.901    -1.1330  27.769912    -1.1332  27.769220     7.0557     7.1338     0.0467    89.3808 1.0000e-12  -63.57548  -60.69384 349.051321      99.97 3.3495e+01   1833.155      43997  1028.7094  1028.7087    34.4619    34.4611    8.28436         26 0.0000e+00
    205.000    202.909    -1.1334  27.768237    -1.1339  27.766686     7.0645     7.1359     0.0434    89.3555 1.0000e-12  -63.57548  -60.69384 349.051334      99.97 3.3495e+01   1834.277      44024  1028.7036  1028.7024    34.4607    34.4592    8.28452         29 0.0000e+00
    204.000    201.921    -1.1335  27.768076    -1.1337  27.766752     7.0547     7.1377     0.0494    89.3588 1.0000e-12  -63.57548  -60.69387 349.051370      99.96 3.3495e+01   1837.409      44099  1028.6992  1028.6980    34.4612    34.4596    8.28451         42 0.0000e+00
    203.000    200.932    -1.1336  27.767043    -1.1339  27.765604     7.0611     7.1382     0.0534    89.3528 1.0000e-12  -63.57548  -60.69387 349.051402      99.97 3.3495e+01   1840.132      44164  1028.6939  1028.6926    34.4606    34.4590    8.28457         41 0.0000e+00
    202.000    199.941    -1.1336  27.766251    -1.1338  27.765006     7.0614     7.1400     0.0606    89.3573 1.0000e-12  -63.57547  -60.69390 349.051435      99.97 3.3495e+01   1843.001      44233  1028.6887  1028.6875    34.4601    34.4586    8.28459         35 0.0000e+00
    201.000    198.950    -1.1330  27.766339    -1.1334  27.764898     7.0566     7.1392     0.0553    89.3612 1.0000e-12  -63.57545  -60.69395 349.051504      99.96 3.3495e+01   1848.929      44375  1028.6840  1028.6828    34.4602    34.4587    8.28446         32 0.0000e+00
    200.000    197.963    -1.1324  27.765876    -1.1326  27.764645     7.0632     7.1437     0.0365    89.3366 1.0000e-12  -63.57543  -60.69397 349.051654      99.97 3.3999e+01   1861.865      44686  1028.6787  1028.6774    34.4595    34.4579    8.28437         34 0.0000e+00
    199.000    196.975    -1.1310  27.764982    -1.1312  27.763793     7.0814     7.1540     0.0428    89.3322 1.0000e-12  -63.57540  -60.69391 349.051858      99.97 3.5239e+01   1879.568      45111  1028.6719  1028.6708    34.4572    34.4559    8.28418         34 0.0000e+00
    198.000    195.986    -1.1308  27.764623    -1.1310  27.763296     7.0798     7.1574     0.0547    89.3432 1.0000e-12  -63.57540  -60.69390 349.051879      99.97 3.5258e+01   1881.324      45153  1028.6671  1028.6658    34.4571    34.4555    8.28415         33 0.0000e+00
    197.000    194.995    -1.1309  27.764017    -1.1313  27.762625     7.0765     7.1530     0.0530    89.3328 1.0000e-12  -63.57540  -60.69388 349.051896      99.97 3.5258e+01   1882.781      45188  1028.6622  1028.6611    34.4570    34.4556    8.28417         39 0.0000e+00
    196.000    194.008    -1.1309  27.763514    -1.1313  27.762218     7.0753     7.1561     0.0539    89.3420 1.0000e-12  -63.57538  -60.69386 349.051935      99.97 3.5258e+01   1886.140      45268  1028.6574  1028.6563    34.4570    34.4556    8.28419         29 0.0000e+00
    195.000    193.017    -1.1306  27.763091    -1.1312  27.761660     7.0800     7.1587     0.0453    89.3350 1.0000e-12  -63.57538  -60.69386 349.051957      99.97 3.5258e+01   1888.082      45315  1028.6524  1028.6514    34.4567    34.4554    8.28413         27 0.0000e+00
    194.000    192.028    -1.1307  27.762502    -1.1309  27.761254     7.0831     7.1644     0.0436    89.3352 1.0000e-12  -63.57538  -60.69386 349.051968      99.97 3.5258e+01   1889.070      45339  1028.6476  1028.6463    34.4566    34.4551    8.28416         23 0.0000e+00
    193.000    191.037    -1.1301  27.762318    -1.1299  27.761206     7.0833     7.1678     0.0476    89.3352 1.0000e-12  -63.57538  -60.69386 349.051980      99.97 3.5258e+01   1890.063      45363  1028.6425  1028.6411    34.4563    34.4546    8.28404         25 0.0000e+00
    192.000    190.050    -1.1296  27.761993    -1.1291  27.761096     7.0795     7.1626     0.0506    89.3352 1.0000e-12  -63.57538  -60.69386 349.051992      99.97 3.5258e+01   1891.109      45388  1028.6373  1028.6359    34.4559    34.4541    8.28395         24 0.0000e+00
    191.000    189.061    -1.1291  27.761732    -1.1289  27.760639     7.0806     7.1670     0.0529    89.3328 1.0000e-12  -63.57538  -60.69386 349.052003      99.97 3.5258e+01   1892.078      45411  1028.6323  1028.6308    34.4556    34.4538    8.28386         22 0.0000e+00
    190.000    188.070    -1.1288  27.761464    -1.1287  27.760272     7.0755     7.1669     0.0563    89.3139 1.0000e-12  -63.57538  -60.69385 349.052014      99.97 3.5258e+01   1893.010      45433  1028.6274  1028.6260    34.4555    34.4538    8.28380         24 0.0000e+00
    189.000    187.081    -1.1286  27.761055    -1.1289  27.759731     7.0855     7.1623     0.0539    89.3344 1.0000e-12  -63.57538  -60.69384 349.052028      99.97 3.5258e+01   1894.207      45462  1028.6225  1028.6213    34.4554    34.4539    8.28377         33 0.0000e+00
    188.000    186.093    -1.1287  27.760527    -1.1291  27.759190     7.0795     7.1678     0.0483    89.3174 1.0000e-12  -63.57538  -60.69382 349.052063      84.09 3.5258e+01   1897.229      45534  1028.6177  1028.6166    34.4553    34.4540    8.28378         33 0.0000e+00
    187.000    185.102    -1.1286  27.760112    -1.1291  27.758688     7.0811     7.1639     0.0562    89.3018 1.0000e-12  -63.57536  -60.69382 349.052079      69.91 3.5258e+01   1898.611      45568  1028.6129  1028.6118    34.4553    34.4539    8.28377         22 0.0000e+00
    186.000    184.112    -1.1288  27.759480    -1.1289  27.758291     7.0737     7.1710     0.0504    89.3139 1.0000e-12  -63.57536  -60.69382 349.052088     100.47 3.5258e+01   1899.410      45587  1028.6082  1028.6069    34.4553    34.4538    8.28382         18 0.0000e+00
    185.000    183.125    -1.1285  27.759287    -1.1283  27.758106     7.0717     7.1713     0.0381    89.3094 1.0000e-12  -63.57536  -60.69384 349.052096      99.97 3.5258e+01   1900.117      45604  1028.6034  1028.6018    34.4553    34.4535    8.28375         17 0.0000e+00
    184.000    182.134    -1.1279  27.759052    -1.1278  27.757940     7.0719     7.1667     0.0384    89.3094 1.0000e-12  -63.57536  -60.69384 349.052105      99.97 3.5258e+01   1900.834      45621  1028.5982  1028.5969    34.4549    34.4533    8.28363         17 0.0000e+00
    183.000    181.144    -1.1276  27.758711    -1.1278  27.757476     7.0841     7.1614     0.0436    89.3094 1.0000e-12  -63.57536  -60.69384 349.052113      99.97 3.5258e+01   1901.600      45639  1028.5933  1028.5921    34.4548    34.4533    8.28358         20 0.0000e+00
    182.000    180.154    -1.1276  27.758319    -1.1280  27.756927     7.0911     7.1634     0.0502    89.3094 1.0000e-12  -63.57536  -60.69383 349.052124      99.97 3.5258e+01   1902.555      45662  1028.5885  1028.5874    34.4548    34.4534    8.28357         27 0.0000e+00
    181.000    179.166    -1.1273  27.757917    -1.1282  27.756357     7.0856     7.1674     0.0481    89.2945 1.0000e-12  -63.57536  -60.69383 349.052142      99.97 3.5258e+01   1904.028      45698  1028.5835  1028.5827    34.4546    34.4534    8.28353         40 0.0000e+00
    180.000    178.177    -1.1276  27.757258    -1.1281  27.755877     7.0856     7.1740     0.0661    89.2889 1.0000e-12  -63.57535  -60.69383 349.052162      99.97 3.5258e+01   1905.805      45740  1028.5789  1028.5778    34.4547    34.4533    8.28359         34 0.0000e+00
    179.000    177.188    -1.1262  27.757531    -1.1273  27.755844     7.0817     7.1759     0.0503    89.3006 1.0000e-12  -63.57534  -60.69384 349.052176      99.97 3.5258e+01   1907.047      45770  1028.5735  1028.5728    34.4541    34.4531    8.28332         25 0.0000e+00
    178.000    176.196    -1.1261  27.757094    -1.1261  27.755933     7.0825     7.1737     0.0435    89.3095 1.0000e-12  -63.57534  -60.69384 349.052187      99.97 3.5258e+01   1907.992      45793  1028.5687  1028.5674    34.4540    34.4524    8.28330         22 0.0000e+00
    177.000    175.208    -1.1252  27.757154    -1.1253  27.755999     7.0855     7.1731     0.0490    89.2918 1.0000e-12  -63.57534  -60.69384 349.052197      99.97 3.5258e+01   1908.835      45813  1028.5635  1028.5624    34.4537    34.4522    8.28312         20 0.0000e+00
    176.000    174.218    -1.1253  27.756757    -1.1254  27.755485     7.0873     7.1679     0.0508    89.2863 1.0000e-12  -63.57534  -60.69385 349.052207      99.97 3.5258e+01   1909.682      45833  1028.5589  1028.5576    34.4539    34.4523    8.28313         21 0.0000e+00
    175.000    173.229    -1.1255  27.756199    -1.1258  27.754927     7.0937     7.1656     0.0542    89.3044 1.0000e-12  -63.57534  -60.69385 349.052220      99.97 3.5258e+01   1910.806      45860  1028.5542  1028.5531    34.4539    34.4525    8.28317         33 0.0000e+00
    174.000    172.241    -1.1254  27.755666    -1.1257  27.754411     7.0834     7.1736     0.0462    89.2839 1.0000e-12  -63.57532  -60.69386 349.052248      99.96 3.5258e+01   1913.234      45919  1028.5493  1028.5482    34.4537    34.4524    8.28316         31 0.0000e+00
    173.000    171.250    -1.1254  27.755287    -1.1258  27.753990     7.0866     7.1778     0.0560    89.2908 1.0000e-12  -63.57532  -60.69388 349.052262      99.97 3.5258e+01   1914.457      45948  1028.5446  1028.5435    34.4538    34.4524    8.28315         22 0.0000e+00
    172.000    170.259    -1.1225  27.756249    -1.1226  27.754969     7.0917     7.1751     0.0450    89.2978 1.0000e-12  -63.57532  -60.69388 349.052271      99.97 3.5258e+01   1915.251      45967  1028.5385  1028.5372    34.4525    34.4508    8.28259         18 0.0000e+00
