NBP2113_155081_ctd/data/unbp2113_022.cnv
* Sea-Bird SBE 9 Data File:
* FileName = D:\Data\raw\NBP2113_022.hex
* Software Version Seasave V 7.26.7.121
* Temperature SN = 2438
* Conductivity SN = 2067
* Number of Bytes Per Scan = 40
* Number of Voltage Words = 5
* Number of Scans Averaged by the Deck Unit = 1
* NMEA Latitude = 68 01.86 S
* NMEA Longitude = 069 17.08 W
* NMEA UTC (Time) = Nov 30 2021  22:24:22
* NMEA baud rate = 9600
** Ship: RVIB N.B. Palmer
** Cruise: NBP2113 LTER
** Station: 200.-040
** Operator: S. Blackman
# nquan = 25
# nvalues = 457                         
# units = specified
# name 0 = prDM: Pressure, Digiquartz [db]
# name 1 = depSM: Depth [salt water, m]
# name 2 = t090C: Temperature [ITS-90, deg C]
# name 3 = c0mS/cm: Conductivity [mS/cm]
# name 4 = t190C: Temperature, 2 [ITS-90, deg C]
# name 5 = c1mS/cm: Conductivity, 2 [mS/cm]
# name 6 = sbeox0ML/L: Oxygen, SBE 43 [ml/l]
# name 7 = sbeox1ML/L: Oxygen, SBE 43, 2 [ml/l]
# name 8 = flECO-AFL: Fluorescence, WET Labs ECO-AFL/FL [mg/m^3]
# name 9 = CStarTr0: Beam Transmission, WET Labs C-Star [%]
# name 10 = par: PAR/Irradiance, Biospherical/Licor
# name 11 = latitude: Latitude [deg]
# name 12 = longitude: Longitude [deg]
# name 13 = timeJ: Julian Days
# name 14 = altM: Altimeter [m]
# name 15 = spar: SPAR, Biospherical/Licor
# name 16 = timeS: Time, Elapsed [seconds]
# name 17 = scan: Scan Count
# name 18 = density00: Density [density, kg/m^3]
# name 19 = density11: Density, 2 [density, kg/m^3]
# name 20 = sal00: Salinity, Practical [PSU]
# name 21 = sal11: Salinity, Practical, 2 [PSU]
# name 22 = oxsolML/L: Oxygen Saturation, Garcia & Gordon [ml/l]
# name 23 = nbin: number of scans per bin
# name 24 = flag: flag
# span 0 =      1.000,    457.000       
# span 1 =      0.991,    451.928       
# span 2 =    -1.4357,     1.3768       
# span 3 =  26.986889,  30.194292       
# span 4 =    -1.4366,     1.3767       
# span 5 =  26.986162,  30.193614       
# span 6 =     3.9953,     8.9354       
# span 7 =     4.0571,     8.4865       
# span 8 =    -0.0150,     2.4003       
# span 9 =    87.8453,    97.1550       
# span 10 = 1.0000e-12, 1.0091e+02      
# span 11 =  -68.03082,  -68.03054      
# span 12 =  -69.28590,  -69.28530      
# span 13 = 334.945447, 334.957415      
# span 14 =      -2.25,     100.38      
# span 15 = 7.4030e+01, 8.6457e+01      
# span 16 =   1024.614,   2058.683      
# span 17 =      24592,      49409      
# span 18 =  1027.1645,  1029.9177      
# span 19 =  1027.1639,  1029.9172      
# span 20 =    33.7800,    34.6872      
# span 21 =    33.7789,    34.6865      
# span 22 =    7.74809,    8.38912      
# span 23 =         12,         48      
# span 24 = 0.0000e+00, 0.0000e+00      
# interval = decibars: 1                
# start_time = Nov 30 2021 22:24:22 [NMEA time, header]
# bad_flag = -9.990e-29
*END*
[from data line 116]
    341.000    337.310     1.3224  30.078889     1.3225  30.078360     4.0409     4.1021     0.0013    97.0275 1.0000e-12  -68.03066  -69.28568 334.947354      99.98 7.4041e+01   1189.373      28546  1029.3623  1029.3616    34.6669    34.6660    7.75992         42 0.0000e+00
    340.000    336.322     1.3228  30.079093     1.3230  30.078392     4.0473     4.1051    -0.0062    97.0628 1.0000e-12  -68.03066  -69.28567 334.947374      99.97 7.4041e+01   1191.076      28587  1029.3578  1029.3569    34.6672    34.6661    7.75980         34 0.0000e+00
    339.000    335.333     1.3211  30.076756     1.3211  30.075856     4.0501     4.1059    -0.0080    97.0621 1.0000e-12  -68.03066  -69.28566 334.947387      99.98 7.5794e+01   1192.264      28615  1029.3528  1029.3519    34.6667    34.6655    7.76017         26 0.0000e+00
    338.000    334.344     1.3200  30.075209     1.3200  30.074468     4.0526     4.1082    -0.0118    97.0610 1.0000e-12  -68.03066  -69.28564 334.947400      99.98 7.5804e+01   1193.370      28642  1029.3481  1029.3474    34.6665    34.6656    7.76040         28 0.0000e+00
    337.000    333.356     1.3203  30.075013     1.3199  30.073958     4.0523     4.1114    -0.0017    97.0496 1.0000e-12  -68.03066  -69.28566 334.947417      99.98 7.5804e+01   1194.835      28677  1029.3434  1029.3427    34.6665    34.6656    7.76034         43 0.0000e+00
    336.000    332.369     1.3207  30.074933     1.3203  30.073775     4.0512     4.1122    -0.0061    97.0693 1.0000e-12  -68.03066  -69.28567 334.947437      99.97 7.5804e+01   1196.569      28719  1029.3386  1029.3378    34.6665    34.6655    7.76026         33 0.0000e+00
    335.000    331.380     1.3165  30.069886     1.3169  30.069623     4.0515     4.1179    -0.0056    97.0589 1.0000e-12  -68.03066  -69.28568 334.947451      99.98 7.5804e+01   1197.750      28747  1029.3334  1029.3327    34.6653    34.6645    7.76116         24 0.0000e+00
    334.000    330.392     1.3138  30.066547     1.3143  30.066385     4.0506     4.1119    -0.0061    97.0718 1.0000e-12  -68.03067  -69.28568 334.947461      99.98 7.5804e+01   1198.624      28768  1029.3284  1029.3277    34.6646    34.6638    7.76173         18 0.0000e+00
    333.000    329.403     1.3126  30.064760     1.3123  30.063714     4.0605     4.1130    -0.0126    97.0707 1.0000e-12  -68.03068  -69.28568 334.947470      99.98 7.5804e+01   1199.357      28786  1029.3235  1029.3228    34.6642    34.6633    7.76198         17 0.0000e+00
    332.000    328.414     1.3120  30.063455     1.3117  30.062410     4.0621     4.1183    -0.0150    97.0828 1.0000e-12  -68.03068  -69.28568 334.947478      99.98 7.5804e+01   1200.065      28803  1029.3185  1029.3178    34.6638    34.6628    7.76213         18 0.0000e+00
    331.000    327.425     1.3120  30.062834     1.3116  30.061693     4.0520     4.1132    -0.0138    97.0857 1.0000e-12  -68.03068  -69.28567 334.947487      99.98 7.5804e+01   1200.889      28822  1029.3136  1029.3129    34.6636    34.6626    7.76214         23 0.0000e+00
    330.000    326.438     1.3124  30.062886     1.3122  30.062004     4.0558     4.1161    -0.0075    97.0858 1.0000e-12  -68.03068  -69.28565 334.947504      99.98 7.5804e+01   1202.377      28858  1029.3090  1029.3083    34.6637    34.6629    7.76204         45 0.0000e+00
    329.000    325.450     1.3123  30.062542     1.3119  30.061449     4.0470     4.1105    -0.0112    97.0955 1.0000e-12  -68.03068  -69.28562 334.947530      99.98 7.5804e+01   1204.587      28911  1029.3045  1029.3037    34.6640    34.6631    7.76205         35 0.0000e+00
    328.000    324.460     1.3120  30.061623     1.3118  30.060820     4.0467     4.1104    -0.0084    97.0936 1.0000e-12  -68.03068  -69.28562 334.947547      99.97 7.5804e+01   1206.047      28946  1029.2996  1029.2990    34.6637    34.6630    7.76212         33 0.0000e+00
    327.000    323.473     1.3122  30.060912     1.3121  30.060224     4.0259     4.0984    -0.0065    97.0933 1.0000e-12  -68.03068  -69.28562 334.947563      99.98 7.5804e+01   1207.409      28979  1029.2944  1029.2938    34.6632    34.6624    7.76211         31 0.0000e+00
    326.000    322.484     1.3218  30.069211     1.3175  30.064685     4.0114     4.0942    -0.0074    97.1099 1.0000e-12  -68.03068  -69.28564 334.947576      99.97 7.5804e+01   1208.524      29006  1029.2893  1029.2888    34.6639    34.6628    7.76019         22 0.0000e+00
    325.000    321.496     1.3280  30.074442     1.3277  30.073397     4.0126     4.0922    -0.0065    97.1116 1.0000e-12  -68.03068  -69.28564 334.947585      99.98 7.5804e+01   1209.330      29025  1029.2842  1029.2833    34.6642    34.6631    7.75895         18 0.0000e+00
    324.000    320.507     1.3309  30.076531     1.3308  30.075664     4.0191     4.0908    -0.0038    97.1445 1.0000e-12  -68.03068  -69.28564 334.947593      99.98 7.5804e+01   1210.005      29041  1029.2792  1029.2784    34.6642    34.6632    7.75837         15 0.0000e+00
    323.000    319.519     1.3275  30.072495     1.3252  30.069590     4.0313     4.0923     0.0023    97.1550 1.0000e-12  -68.03068  -69.28564 334.947600      99.98 7.5804e+01   1210.646      29057  1029.2742  1029.2735    34.6634    34.6622    7.75908         16 0.0000e+00
    322.000    318.529     1.3196  30.063953     1.3186  30.062487     4.0365     4.0929    -0.0053    97.1427 1.0000e-12  -68.03068  -69.28564 334.947609      99.97 7.5804e+01   1211.388      29074  1029.2691  1029.2686    34.6618    34.6610    7.76073         21 0.0000e+00
    321.000    317.544     1.3221  30.066286     1.3224  30.065920     4.0337     4.0929    -0.0045    97.1449 1.0000e-12  -68.03068  -69.28562 334.947626      99.98 7.5804e+01   1212.899      29111  1029.2649  1029.2641    34.6627    34.6618    7.76020         34 0.0000e+00
    320.000    316.553     1.3280  30.071857     1.3268  30.070103     4.0343     4.1006     0.0014    97.1361 1.0000e-12  -68.03068  -69.28560 334.947655      99.97 7.5804e+01   1215.422      29171  1029.2605  1029.2599    34.6638    34.6629    7.75897         33 0.0000e+00
    319.000    315.564     1.3245  30.067714     1.3193  30.061709     4.0535     4.1085    -0.0057    97.1394 1.0000e-12  -68.03068  -69.28560 334.947669      99.97 7.5804e+01   1216.585      29199  1029.2555  1029.2545    34.6630    34.6610    7.75971         25 0.0000e+00
    318.000    314.577     1.3120  30.054143     1.3122  30.053937     4.0555     4.1122    -0.0114    97.1383 1.0000e-12  -68.03068  -69.28560 334.947681      99.98 7.5804e+01   1217.611      29224  1029.2498  1029.2493    34.6600    34.6595    7.76233         25 0.0000e+00
    317.000    313.587     1.3027  30.044353     1.3044  30.045269     4.0613     4.1238    -0.0069    97.1455 1.0000e-12  -68.03068  -69.28560 334.947693      99.98 7.5804e+01   1218.652      29249  1029.2447  1029.2440    34.6584    34.6577    7.76426         25 0.0000e+00
    316.000    312.600     1.2979  30.038956     1.2993  30.039464     4.0751     4.1286    -0.0064    97.1409 1.0000e-12  -68.03068  -69.28559 334.947705      99.97 7.5804e+01   1219.700      29274  1029.2396  1029.2388    34.6573    34.6565    7.76525         22 0.0000e+00
    315.000    311.610     1.2941  30.033835     1.2884  30.026974     4.0832     4.1299    -0.0077    97.1497 1.0000e-12  -68.03068  -69.28558 334.947716      99.97 7.6100e+01   1220.673      29297  1029.2339  1029.2325    34.6556    34.6532    7.76610         23 0.0000e+00
    314.000    310.623     1.2828  30.021201     1.2840  30.022040     4.0787     4.1306    -0.0143    97.1289 1.0000e-12  -68.03068  -69.28558 334.947727      99.98 7.6971e+01   1221.637      29320  1029.2278  1029.2275    34.6525    34.6523    7.76850         24 0.0000e+00
    313.000    309.633     1.2836  30.021553     1.2848  30.022824     4.0784     4.1315    -0.0068    97.1041 1.0000e-12  -68.03068  -69.28559 334.947741      99.98 7.5901e+01   1222.843      29349  1029.2230  1029.2231    34.6526    34.6530    7.76833         36 0.0000e+00
    312.000    308.645     1.2886  30.027271     1.2873  30.024472     4.0702     4.1363    -0.0074    97.1248 1.0000e-12  -68.03068  -69.28560 334.947761      99.98 7.6058e+01   1224.554      29390  1029.2195  1029.2180    34.6550    34.6529    7.76722         40 0.0000e+00
    311.000    307.657     1.2821  30.018819     1.2792  30.014909     4.0848     4.1427    -0.0145    97.1197 1.0000e-12  -68.03068  -69.28560 334.947776      99.98 7.7604e+01   1225.857      29422  1029.2130  1029.2119    34.6520    34.6502    7.76867         22 0.0000e+00
    310.000    306.667     1.2728  30.008270     1.2724  30.007397     4.1007     4.1469    -0.0146    97.1258 1.0000e-12  -68.03068  -69.28559 334.947786      99.97 7.7567e+01   1226.738      29443  1029.2072  1029.2067    34.6494    34.6487    7.77065         20 0.0000e+00
    309.000    305.680     1.2602  29.994916     1.2594  29.993426     4.1007     4.1468    -0.0078    97.1198 1.0000e-12  -68.03068  -69.28558 334.947796      99.98 7.7567e+01   1227.526      29462  1029.2017  1029.2009    34.6468    34.6458    7.77328         19 0.0000e+00
    308.000    304.691     1.2579  29.992121     1.2573  29.990649     4.0998     4.1500    -0.0027    97.1121 1.0000e-12  -68.03068  -69.28558 334.947806      99.97 7.7567e+01   1228.414      29483  1029.1967  1029.1958    34.6463    34.6452    7.77376         23 0.0000e+00
    307.000    303.703     1.2620  29.996028     1.2632  29.996496     4.0888     4.1441    -0.0076    97.1203 1.0000e-12  -68.03070  -69.28556 334.947827      99.97 7.7567e+01   1230.279      29528  1029.1922  1029.1915    34.6474    34.6467    7.77289         35 0.0000e+00
    306.000    302.714     1.2619  29.995539     1.2623  29.994887     4.0600     4.1367    -0.0077    97.0931 1.0000e-12  -68.03070  -69.28556 334.947851      99.98 7.7567e+01   1232.302      29576  1029.1875  1029.1864    34.6475    34.6462    7.77291         27 0.0000e+00
    305.000    301.726     1.2602  29.992600     1.2597  29.991239     4.0681     4.1338    -0.0072    97.1118 1.0000e-12  -68.03070  -69.28556 334.947861      99.98 7.7567e+01   1233.178      29597  1029.1819  1029.1810    34.6462    34.6450    7.77332         19 0.0000e+00
    304.000    300.736     1.2526  29.982835     1.2521  29.981722     4.0812     4.1358    -0.0052    97.1086 1.0000e-12  -68.03070  -69.28557 334.947869      99.98 7.7567e+01   1233.907      29615  1029.1751  1029.1745    34.6426    34.6418    7.77501         17 0.0000e+00
    303.000    299.749     1.2434  29.972538     1.2420  29.970373     4.0824     4.1388     0.0021    97.1220 1.0000e-12  -68.03070  -69.28558 334.947878      99.97 7.7567e+01   1234.643      29632  1029.1693  1029.1685    34.6402    34.6390    7.77696         19 0.0000e+00
    302.000    298.761     1.2380  29.966025     1.2373  29.964712     4.0798     4.1399     0.0008    97.1278 1.0000e-12  -68.03070  -69.28558 334.947888      99.98 7.7567e+01   1235.539      29654  1029.1637  1029.1630    34.6385    34.6375    7.77814         25 0.0000e+00
    301.000    297.770     1.2436  29.971673     1.2410  29.968698     4.0749     4.1327     0.0018    97.1168 1.0000e-12  -68.03070  -69.28558 334.947905      99.98 7.7567e+01   1236.957      29688  1029.1596  1029.1591    34.6401    34.6392    7.77694         42 0.0000e+00
    300.000    296.784     1.2452  29.973479     1.2472  29.974504     4.0768     4.1397    -0.0014    97.1250 1.0000e-12  -68.03070  -69.28556 334.947928      99.98 7.7567e+01   1238.998      29737  1029.1555  1029.1545    34.6412    34.6403    7.77655         36 0.0000e+00
    299.000    295.794     1.2428  29.970310     1.2413  29.967263     4.0774     4.1385    -0.0110    97.1307 1.0000e-12  -68.03070  -69.28556 334.947946      99.98 7.7567e+01   1240.573      29775  1029.1503  1029.1486    34.6404    34.6381    7.77707         35 0.0000e+00
    298.000    294.806     1.2389  29.965419     1.2366  29.962310     4.0758     4.1390    -0.0084    97.1201 1.0000e-12  -68.03070  -69.28556 334.947965      99.98 7.7340e+01   1242.172      29813  1029.1448  1029.1439    34.6390    34.6376    7.77792         39 0.0000e+00
    297.000    293.818     1.2374  29.962876     1.2347  29.959352     4.0803     4.1396     0.0104    97.1364 1.0000e-12  -68.03070  -69.28556 334.947985      99.98 7.6553e+01   1243.875      29854  1029.1394  1029.1384    34.6381    34.6365    7.77828         34 0.0000e+00
    296.000    292.828     1.2297  29.954316     1.2299  29.953853     4.0821     4.1387    -0.0070    97.1159 1.0000e-12  -68.03070  -69.28556 334.947998      99.97 7.6443e+01   1244.999      29881  1029.1340  1029.1332    34.6361    34.6353    7.77990         22 0.0000e+00
    295.000    291.841     1.2288  29.952759     1.2281  29.951289     4.0841     4.1429    -0.0062    97.1360 1.0000e-12  -68.03070  -69.28556 334.948008      99.97 7.5803e+01   1245.855      29902  1029.1289  1029.1281    34.6357    34.6346    7.78010         20 0.0000e+00
    294.000    290.851     1.2268  29.950073     1.2263  29.948806     4.0796     4.1440    -0.0144    97.1437 1.0000e-12  -68.03070  -69.28556 334.948018      99.97 7.5804e+01   1246.717      29922  1029.1238  1029.1231    34.6350    34.6340    7.78053         23 0.0000e+00
    293.000    289.864     1.2281  29.951048     1.2278  29.950130     4.0799     4.1368     0.0002    97.1342 1.0000e-12  -68.03070  -69.28556 334.948036      99.97 7.5804e+01   1248.324      29961  1029.1193  1029.1186    34.6355    34.6346    7.78026         33 0.0000e+00
    292.000    288.874     1.2303  29.953066     1.2302  29.952317     4.0818     4.1405     0.0075    97.1298 1.0000e-12  -68.03072  -69.28556 334.948074      99.97 7.5804e+01   1251.590      30039  1029.1149  1029.1141    34.6363    34.6354    7.77979         39 0.0000e+00
    291.000    287.886     1.2304  29.952825     1.2332  29.955433     4.0803     4.1441    -0.0041    97.1374 1.0000e-12  -68.03070  -69.28556 334.948119      99.97 7.5804e+01   1255.458      30132  1029.1101  1029.1101    34.6363    34.6366    7.77975         29 0.0000e+00
    290.000    286.897     1.2275  29.948977     1.2281  29.949030     4.0816     4.1418     0.0012    97.1373 1.0000e-12  -68.03070  -69.28554 334.948130      99.97 7.5804e+01   1256.474      30156  1029.1049  1029.1044    34.6353    34.6347    7.78039         20 0.0000e+00
    289.000    285.908     1.2210  29.941162     1.2209  29.940451     4.0855     4.1392     0.0026    97.1373 1.0000e-12  -68.03070  -69.28554 334.948139      99.98 7.5804e+01   1257.199      30174  1029.0990  1029.0984    34.6330    34.6322    7.78180         17 0.0000e+00
    288.000    284.919     1.2181  29.937605     1.2181  29.936912     4.0848     4.1392    -0.0009    97.1373 1.0000e-12  -68.03070  -69.28554 334.948148      99.98 7.5804e+01   1257.942      30192  1029.0940  1029.0933    34.6323    34.6314    7.78242         20 0.0000e+00
    287.000    283.931     1.2213  29.940763     1.2205  29.939161     4.0860     4.1402    -0.0150    97.1313 1.0000e-12  -68.03071  -69.28555 334.948184      99.98 7.5804e+01   1261.074      30267  1029.0898  1029.0889    34.6334    34.6322    7.78173         30 0.0000e+00
    286.000    282.943     1.2210  29.939975     1.2210  29.939272     4.0876     4.1459    -0.0083    97.1175 1.0000e-12  -68.03072  -69.28554 334.948235      99.98 7.5804e+01   1265.537      30374  1029.0849  1029.0842    34.6332    34.6323    7.78179         38 0.0000e+00
    285.000    281.954     1.2225  29.941126     1.2221  29.940165     4.0768     4.1451    -0.0029    97.1162 1.0000e-12  -68.03072  -69.28554 334.948292      99.97 7.5804e+01   1270.423      30491  1029.0804  1029.0798    34.6337    34.6328    7.78147         22 0.0000e+00
