NBP2113_155081_ctd/data/unbp2113_018.cnv
* Sea-Bird SBE 9 Data File:
* FileName = D:\Data\raw\NBP2113_018.hex
* Software Version Seasave V 7.26.7.121
* Temperature SN = 2438
* Conductivity SN = 2067
* Number of Bytes Per Scan = 40
* Number of Voltage Words = 5
* Number of Scans Averaged by the Deck Unit = 1
* NMEA Latitude = 65 50.87 S
* NMEA Longitude = 071 22.66 W
* NMEA UTC (Time) = Nov 28 2021  20:11:54
* NMEA baud rate = 9600
** Ship: RVIB N.B. Palmer
** Cruise: NBP2113 LTER
** Station: 300.200
** Operator: S. Blackman
# nquan = 25
# nvalues = 3101                        
# units = specified
# name 0 = prDM: Pressure, Digiquartz [db]
# name 1 = depSM: Depth [salt water, m]
# name 2 = t090C: Temperature [ITS-90, deg C]
# name 3 = c0mS/cm: Conductivity [mS/cm]
# name 4 = t190C: Temperature, 2 [ITS-90, deg C]
# name 5 = c1mS/cm: Conductivity, 2 [mS/cm]
# name 6 = sbeox0ML/L: Oxygen, SBE 43 [ml/l]
# name 7 = sbeox1ML/L: Oxygen, SBE 43, 2 [ml/l]
# name 8 = flECO-AFL: Fluorescence, WET Labs ECO-AFL/FL [mg/m^3]
# name 9 = CStarTr0: Beam Transmission, WET Labs C-Star [%]
# name 10 = par: PAR/Irradiance, Biospherical/Licor
# name 11 = latitude: Latitude [deg]
# name 12 = longitude: Longitude [deg]
# name 13 = timeJ: Julian Days
# name 14 = altM: Altimeter [m]
# name 15 = spar: SPAR, Biospherical/Licor
# name 16 = timeS: Time, Elapsed [seconds]
# name 17 = scan: Scan Count
# name 18 = density00: Density [density, kg/m^3]
# name 19 = density11: Density, 2 [density, kg/m^3]
# name 20 = sal00: Salinity, Practical [PSU]
# name 21 = sal11: Salinity, Practical, 2 [PSU]
# name 22 = oxsolML/L: Oxygen Saturation, Garcia & Gordon [ml/l]
# name 23 = nbin: number of scans per bin
# name 24 = flag: flag
# span 0 =      1.000,   3101.000       
# span 1 =      0.988,   3048.006       
# span 2 =    -0.9226,     1.9842       
# span 3 =  27.561464,  30.707609       
# span 4 =    -0.9225,     1.9832       
# span 5 =  27.560629,  30.706539       
# span 6 =     3.8782,     8.4841       
# span 7 =     3.9346,     8.4221       
# span 8 =    -0.0219,     9.2677       
# span 9 =    85.5450,    97.8597       
# span 10 = 1.0000e-12, 1.0000e-12      
# span 11 =  -65.84832,  -65.84748      
# span 12 =  -71.37883,  -71.37752      
# span 13 = 332.889283, 332.936425      
# span 14 =       8.20,     101.10      
# span 15 = 1.8334e+02, 4.7422e+02      
# span 16 =   4120.092,   8193.091      
# span 17 =      98883,     196635      
# span 18 =  1027.2925,  1042.0931      
# span 19 =  1027.2915,  1042.0923      
# span 20 =    33.9515,    34.7290      
# span 21 =    33.9504,    34.7284      
# span 22 =    7.63105,    8.26313      
# span 23 =         10,         48      
# span 24 = 0.0000e+00, 0.0000e+00      
# interval = decibars: 1                
# start_time = Nov 28 2021 20:11:54 [NMEA time, header]
# bad_flag = -9.990e-29
*END*
[from data line 232]
   2869.000   2821.478     0.4880  30.435253     0.4884  30.435221     4.6005     4.6567    -0.0034    97.7475 1.0000e-12  -65.84774  -71.37838 332.892573      99.84 2.5209e+02   4404.304     105704  1041.0551  1041.0547    34.7009    34.7005    7.92586         20 0.0000e+00
   2868.000   2820.503     0.4876  30.434465     0.4878  30.434350     4.5861     4.6633    -0.0081    97.7476 1.0000e-12  -65.84774  -71.37838 332.892586      99.98 2.5215e+02   4405.403     105731  1041.0507  1041.0503    34.7009    34.7004    7.92596         30 0.0000e+00
   2867.000   2819.527     0.4875  30.434113     0.4878  30.433917     4.5825     4.6678    -0.0070    97.7485 1.0000e-12  -65.84774  -71.37836 332.892610      99.98 2.5395e+02   4407.513     105781  1041.0463  1041.0459    34.7010    34.7005    7.92596         34 0.0000e+00
   2866.000   2818.550     0.4876  30.433729     0.4879  30.433595     4.5809     4.6642    -0.0119    97.7502 1.0000e-12  -65.84774  -71.37837 332.892623      99.97 2.5559e+02   4408.602     105807  1041.0418  1041.0413    34.7009    34.7004    7.92595         20 0.0000e+00
   2865.000   2817.571     0.4877  30.433503     0.4880  30.433403     4.5854     4.6623    -0.0084    97.7458 1.0000e-12  -65.84774  -71.37838 332.892632      99.97 2.5562e+02   4409.382     105826  1041.0374  1041.0369    34.7010    34.7005    7.92593         19 0.0000e+00
   2864.000   2816.596     0.4882  30.433450     0.4885  30.433402     4.5886     4.6566    -0.0150    97.7481 1.0000e-12  -65.84774  -71.37836 332.892640      99.97 2.5708e+02   4410.141     105844  1041.0327  1041.0323    34.7008    34.7004    7.92583         18 0.0000e+00
   2863.000   2815.619     0.4882  30.433267     0.4886  30.433066     4.5931     4.6591    -0.0150    97.7383 1.0000e-12  -65.84774  -71.37837 332.892651      99.98 2.5738e+02   4411.011     105865  1041.0284  1041.0278    34.7011    34.7004    7.92581         24 0.0000e+00
   2862.000   2814.642     0.4879  30.432546     0.4883  30.432378     4.5862     4.6581    -0.0081    97.7326 1.0000e-12  -65.84773  -71.37836 332.892672      99.97 2.5835e+02   4412.896     105910  1041.0240  1041.0234    34.7010    34.7003    7.92588         33 0.0000e+00
   2861.000   2813.665     0.4878  30.432054     0.4882  30.431918     4.5796     4.6621    -0.0027    97.7416 1.0000e-12  -65.84772  -71.37836 332.892698      99.98 2.6000e+02   4415.086     105963  1041.0194  1041.0189    34.7009    34.7004    7.92590         24 0.0000e+00
   2860.000   2812.688     0.4879  30.431866     0.4883  30.431677     4.5929     4.6626    -0.0076    97.7402 1.0000e-12  -65.84772  -71.37836 332.892707      99.98 2.6090e+02   4415.863     105982  1041.0151  1041.0145    34.7010    34.7004    7.92587         17 0.0000e+00
   2859.000   2811.713     0.4883  30.431738     0.4886  30.431508     4.5831     4.6544    -0.0082    97.7502 1.0000e-12  -65.84772  -71.37836 332.892715      99.97 2.6150e+02   4416.543     105998  1041.0105  1041.0100    34.7010    34.7004    7.92581         15 0.0000e+00
   2858.000   2810.732     0.4888  30.431829     0.4891  30.431612     4.5788     4.6539    -0.0103    97.7554 1.0000e-12  -65.84772  -71.37836 332.892722      99.97 2.6269e+02   4417.221     106014  1041.0060  1041.0054    34.7010    34.7004    7.92570         17 0.0000e+00
   2857.000   2809.755     0.4891  30.431831     0.4894  30.431528     4.5891     4.6607    -0.0149    97.7553 1.0000e-12  -65.84772  -71.37836 332.892731      99.97 2.6267e+02   4417.940     106032  1041.0015  1041.0009    34.7011    34.7004    7.92562         19 0.0000e+00
   2856.000   2808.779     0.4891  30.431419     0.4893  30.431147     4.5902     4.6574    -0.0089    97.7553 1.0000e-12  -65.84772  -71.37836 332.892741      99.98 2.6428e+02   4418.850     106053  1040.9970  1040.9965    34.7011    34.7005    7.92562         26 0.0000e+00
   2855.000   2807.802     0.4886  30.430528     0.4889  30.430381     4.5901     4.6608    -0.0061    97.7553 1.0000e-12  -65.84772  -71.37836 332.892763      99.97 2.6467e+02   4420.723     106098  1040.9926  1040.9921    34.7010    34.7005    7.92573         36 0.0000e+00
   2854.000   2806.825     0.4884  30.429987     0.4887  30.429777     4.5832     4.6638    -0.0126    97.7553 1.0000e-12  -65.84772  -71.37834 332.892784      99.97 2.6599e+02   4422.574     106143  1040.9882  1040.9876    34.7010    34.7004    7.92578         27 0.0000e+00
   2853.000   2805.850     0.4890  30.430186     0.4894  30.430033     4.5812     4.6636    -0.0004    97.7553 1.0000e-12  -65.84772  -71.37834 332.892795      99.97 2.6620e+02   4423.503     106165  1040.9837  1040.9831    34.7011    34.7005    7.92565         21 0.0000e+00
   2852.000   2804.871     0.4898  30.430541     0.4900  30.430246     4.5814     4.6651    -0.0151    97.7553 1.0000e-12  -65.84772  -71.37834 332.892805      99.97 2.6620e+02   4424.359     106186  1040.9791  1040.9786    34.7011    34.7006    7.92548         20 0.0000e+00
   2851.000   2803.896     0.4909  30.430954     0.4913  30.430968     4.5834     4.6590    -0.0100    97.7553 1.0000e-12  -65.84770  -71.37834 332.892815      99.98 2.6708e+02   4425.231     106207  1040.9743  1040.9739    34.7010    34.7005    7.92527         22 0.0000e+00
   2850.000   2802.917     0.4914  30.431117     0.4916  30.430956     4.5827     4.6607    -0.0038    97.7553 1.0000e-12  -65.84770  -71.37834 332.892826      99.97 2.6795e+02   4426.179     106229  1040.9699  1040.9695    34.7011    34.7006    7.92516         24 0.0000e+00
   2849.000   2801.941     0.4915  30.430893     0.4919  30.430704     4.5729     4.6579    -0.0045    97.7553 1.0000e-12  -65.84770  -71.37836 332.892839      99.97 2.6822e+02   4427.247     106255  1040.9655  1040.9649    34.7012    34.7005    7.92513         27 0.0000e+00
   2848.000   2800.964     0.4916  30.430572     0.4917  30.430152     4.5951     4.6544    -0.0077    97.7553 1.0000e-12  -65.84770  -71.37834 332.892853      99.98 2.6970e+02   4428.526     106286  1040.9610  1040.9604    34.7011    34.7005    7.92511         35 0.0000e+00
   2847.000   2799.987     0.4909  30.429490     0.4905  30.428762     4.5872     4.6588    -0.0126    97.7553 1.0000e-12  -65.84770  -71.37834 332.892872      99.98 2.6972e+02   4430.172     106325  1040.9566  1040.9562    34.7010    34.7006    7.92526         41 0.0000e+00
   2846.000   2799.009     0.4916  30.429717     0.4914  30.429244     4.5848     4.6616    -0.0122    97.7553 1.0000e-12  -65.84770  -71.37832 332.892890      99.97 2.6972e+02   4431.695     106362  1040.9520  1040.9517    34.7011    34.7006    7.92513         29 0.0000e+00
   2845.000   2798.034     0.4917  30.429470     0.4920  30.429347     4.5882     4.6682    -0.0112    97.7553 1.0000e-12  -65.84770  -71.37832 332.892902      99.98 2.7115e+02   4432.713     106386  1040.9475  1040.9471    34.7011    34.7006    7.92509         21 0.0000e+00
   2844.000   2797.054     0.4920  30.429379     0.4923  30.429324     4.5893     4.6609    -0.0077    97.7553 1.0000e-12  -65.84770  -71.37832 332.892911      99.97 2.7139e+02   4433.553     106406  1040.9431  1040.9426    34.7011    34.7007    7.92503         19 0.0000e+00
   2843.000   2796.080     0.4923  30.429199     0.4925  30.429053     4.5859     4.6642    -0.0077    97.7553 1.0000e-12  -65.84770  -71.37832 332.892921      99.97 2.7068e+02   4434.359     106426  1040.9385  1040.9381    34.7011    34.7006    7.92498         20 0.0000e+00
   2842.000   2795.102     0.4922  30.428808     0.4925  30.428648     4.5845     4.6631    -0.0142    97.7553 1.0000e-12  -65.84770  -71.37834 332.892930      99.97 2.7146e+02   4435.189     106446  1040.9341  1040.9337    34.7012    34.7006    7.92499         21 0.0000e+00
   2841.000   2794.125     0.4921  30.428314     0.4923  30.428113     4.5912     4.6595    -0.0056    97.7553 1.0000e-12  -65.84770  -71.37834 332.892942      99.98 2.7177e+02   4436.156     106469  1040.9297  1040.9292    34.7012    34.7006    7.92502         24 0.0000e+00
   2840.000   2793.147     0.4918  30.427681     0.4920  30.427442     4.5843     4.6590    -0.0067    97.7553 1.0000e-12  -65.84770  -71.37834 332.892957      99.97 2.7319e+02   4437.488     106501  1040.9253  1040.9248    34.7011    34.7006    7.92508         36 0.0000e+00
   2839.000   2792.171     0.4918  30.427323     0.4920  30.427067     4.5907     4.6527    -0.0124    97.7553 1.0000e-12  -65.84770  -71.37833 332.892976      99.98 2.7325e+02   4439.162     106541  1040.9208  1040.9203    34.7011    34.7006    7.92507         36 0.0000e+00
   2838.000   2791.193     0.4916  30.426801     0.4919  30.426620     4.5835     4.6613    -0.0081    97.7553 1.0000e-12  -65.84770  -71.37832 332.892992      99.98 2.7325e+02   4440.524     106574  1040.9164  1040.9158    34.7011    34.7006    7.92510         31 0.0000e+00
   2837.000   2790.217     0.4916  30.426380     0.4918  30.426233     4.5812     4.6562    -0.0077    97.7553 1.0000e-12  -65.84770  -71.37832 332.893007      99.97 2.7325e+02   4441.760     106603  1040.9119  1040.9115    34.7011    34.7007    7.92511         27 0.0000e+00
   2836.000   2789.240     0.4916  30.425978     0.4918  30.425795     4.5834     4.6612    -0.0141    97.7553 1.0000e-12  -65.84769  -71.37832 332.893021      99.98 2.7325e+02   4442.972     106632  1040.9074  1040.9069    34.7011    34.7006    7.92512         28 0.0000e+00
   2835.000   2788.263     0.4915  30.425458     0.4917  30.425216     4.5769     4.6676    -0.0090    97.7553 1.0000e-12  -65.84768  -71.37832 332.893033      99.97 2.7325e+02   4444.068     106659  1040.9029  1040.9024    34.7011    34.7005    7.92514         24 0.0000e+00
   2834.000   2787.285     0.4914  30.425093     0.4917  30.424856     4.5858     4.6566    -0.0080    97.7553 1.0000e-12  -65.84768  -71.37832 332.893044      99.97 2.7325e+02   4444.969     106680  1040.8985  1040.8980    34.7011    34.7005    7.92515         21 0.0000e+00
   2833.000   2786.307     0.4915  30.424687     0.4917  30.424608     4.5768     4.6697    -0.0053    97.7553 1.0000e-12  -65.84768  -71.37832 332.893053      99.98 2.7428e+02   4445.775     106700  1040.8939  1040.8935    34.7010    34.7007    7.92514         18 0.0000e+00
   2832.000   2785.331     0.4916  30.424400     0.4919  30.424283     4.5825     4.6630    -0.0005    97.7553 1.0000e-12  -65.84768  -71.37832 332.893062      99.98 2.7500e+02   4446.532     106718  1040.8895  1040.8890    34.7011    34.7006    7.92513         19 0.0000e+00
   2831.000   2784.354     0.4917  30.424148     0.4918  30.423932     4.5916     4.6535    -0.0146    97.7553 1.0000e-12  -65.84770  -71.37832 332.893071      99.98 2.7501e+02   4447.334     106737  1040.8850  1040.8847    34.7011    34.7007    7.92510         20 0.0000e+00
   2830.000   2783.377     0.4915  30.423608     0.4917  30.423443     4.5881     4.6604    -0.0096    97.7553 1.0000e-12  -65.84770  -71.37832 332.893089      99.98 2.7468e+02   4448.928     106775  1040.8806  1040.8802    34.7011    34.7007    7.92514         36 0.0000e+00
   2829.000   2782.402     0.4912  30.422997     0.4915  30.422809     4.5904     4.6584    -0.0055    97.7553 1.0000e-12  -65.84768  -71.37834 332.893130      99.97 2.7330e+02   4452.427     106859  1040.8761  1040.8757    34.7011    34.7006    7.92519         23 0.0000e+00
   2828.000   2781.421     0.4913  30.422688     0.4916  30.422579     4.5803     4.6619    -0.0003    97.7553 1.0000e-12  -65.84768  -71.37832 332.893137      99.98 2.7504e+02   4453.018     106873  1040.8716  1040.8712    34.7010    34.7006    7.92517         17 0.0000e+00
   2827.000   2780.448     0.4917  30.422708     0.4920  30.422584     4.5707     4.6601    -0.0062    97.7553 1.0000e-12  -65.84768  -71.37832 332.893144      99.98 2.7501e+02   4453.652     106889  1040.8672  1040.8668    34.7011    34.7007    7.92509         14 0.0000e+00
   2826.000   2779.467     0.4922  30.422778     0.4926  30.422535     4.5725     4.6551    -0.0077    97.7553 1.0000e-12  -65.84768  -71.37832 332.893151      99.97 2.7501e+02   4454.253     106903  1040.8627  1040.8620    34.7012    34.7005    7.92499         15 0.0000e+00
   2825.000   2778.491     0.4931  30.423199     0.4932  30.422724     4.5826     4.6572    -0.0077    97.7553 1.0000e-12  -65.84769  -71.37832 332.893158      99.97 2.7501e+02   4454.843     106917  1040.8580  1040.8575    34.7012    34.7005    7.92480         14 0.0000e+00
   2824.000   2777.514     0.4931  30.422798     0.4935  30.422593     4.5861     4.6621    -0.0077    97.7553 1.0000e-12  -65.84770  -71.37832 332.893165      99.97 2.7501e+02   4455.476     106932  1040.8535  1040.8530    34.7012    34.7005    7.92480         16 0.0000e+00
   2823.000   2776.537     0.4933  30.422574     0.4936  30.422426     4.5898     4.6628    -0.0077    97.7553 1.0000e-12  -65.84770  -71.37832 332.893173      99.97 2.7501e+02   4456.185     106949  1040.8491  1040.8486    34.7012    34.7006    7.92476         19 0.0000e+00
   2822.000   2775.560     0.4932  30.422027     0.4930  30.421493     4.5907     4.6580    -0.0137    97.7553 1.0000e-12  -65.84770  -71.37832 332.893185      99.97 2.7501e+02   4457.193     106974  1040.8446  1040.8442    34.7011    34.7006    7.92479         30 0.0000e+00
   2821.000   2774.582     0.4919  30.420595     0.4922  30.420467     4.5795     4.6602    -0.0076    97.7553 1.0000e-12  -65.84770  -71.37834 332.893230      99.97 2.7463e+02   4461.095     107067  1040.8403  1040.8399    34.7012    34.7007    7.92505         29 0.0000e+00
   2820.000   2773.607     0.4920  30.420307     0.4924  30.420125     4.5785     4.6579    -0.0073    97.7553 1.0000e-12  -65.84769  -71.37834 332.893240      99.97 2.7501e+02   4461.924     107087  1040.8358  1040.8353    34.7011    34.7005    7.92503         19 0.0000e+00
   2819.000   2772.628     0.4930  30.420711     0.4933  30.420666     4.5893     4.6598    -0.0003    97.7553 1.0000e-12  -65.84768  -71.37833 332.893248      99.98 2.7501e+02   4462.655     107105  1040.8312  1040.8308    34.7011    34.7006    7.92483         16 0.0000e+00
   2818.000   2771.651     0.4938  30.421002     0.4940  30.420879     4.5849     4.6631    -0.0032    97.7586 1.0000e-12  -65.84768  -71.37832 332.893256      99.98 2.7501e+02   4463.327     107121  1040.8266  1040.8262    34.7011    34.7007    7.92468         16 0.0000e+00
   2817.000   2770.675     0.4941  30.420858     0.4944  30.420920     4.5776     4.6614    -0.0078    97.7585 1.0000e-12  -65.84770  -71.37832 332.893264      99.97 2.7501e+02   4463.987     107137  1040.8220  1040.8217    34.7010    34.7007    7.92461         16 0.0000e+00
   2816.000   2769.697     0.4941  30.420497     0.4944  30.420403     4.5863     4.6575    -0.0137    97.7659 1.0000e-12  -65.84770  -71.37832 332.893272      99.98 2.7501e+02   4464.665     107153  1040.8175  1040.8172    34.7010    34.7006    7.92460         17 0.0000e+00
   2815.000   2768.720     0.4941  30.420145     0.4942  30.419892     4.5848     4.6592    -0.0150    97.7700 1.0000e-12  -65.84770  -71.37832 332.893281      99.97 2.7468e+02   4465.441     107172  1040.8132  1040.8127    34.7011    34.7006    7.92461         21 0.0000e+00
   2814.000   2767.743     0.4939  30.419603     0.4941  30.419322     4.5900     4.6577    -0.0126    97.7618 1.0000e-12  -65.84770  -71.37832 332.893293      99.98 2.7310e+02   4466.534     107198  1040.8087  1040.8082    34.7011    34.7005    7.92465         26 0.0000e+00
   2813.000   2766.767     0.4932  30.418649     0.4936  30.418624     4.5767     4.6563    -0.0077    97.7624 1.0000e-12  -65.84770  -71.37834 332.893329      99.97 2.7125e+02   4469.639     107272  1040.8043  1040.8039    34.7011    34.7006    7.92478         29 0.0000e+00
