NBP2113_155081_ctd/data/unbp2113_016.cnv
* Sea-Bird SBE 9 Data File:
* FileName = D:\Data\raw\NBP2113_016.hex
* Software Version Seasave V 7.26.7.121
* Temperature SN = 2438
* Conductivity SN = 2067
* Number of Bytes Per Scan = 40
* Number of Voltage Words = 5
* Number of Scans Averaged by the Deck Unit = 1
* NMEA Latitude = 65 52.76 S
* NMEA Longitude = 068 17.29 W
* NMEA UTC (Time) = Nov 28 2021  02:04:04
* NMEA baud rate = 9600
** Ship: RVIB N.B. Palmer
** Cruise: NBP2113 LTER
** Station: 400.100
** Operator: S. Blackman
# nquan = 25
# nvalues = 340                         
# units = specified
# name 0 = prDM: Pressure, Digiquartz [db]
# name 1 = depSM: Depth [salt water, m]
# name 2 = t090C: Temperature [ITS-90, deg C]
# name 3 = c0mS/cm: Conductivity [mS/cm]
# name 4 = t190C: Temperature, 2 [ITS-90, deg C]
# name 5 = c1mS/cm: Conductivity, 2 [mS/cm]
# name 6 = sbeox0ML/L: Oxygen, SBE 43 [ml/l]
# name 7 = sbeox1ML/L: Oxygen, SBE 43, 2 [ml/l]
# name 8 = flECO-AFL: Fluorescence, WET Labs ECO-AFL/FL [mg/m^3]
# name 9 = CStarTr0: Beam Transmission, WET Labs C-Star [%]
# name 10 = par: PAR/Irradiance, Biospherical/Licor
# name 11 = latitude: Latitude [deg]
# name 12 = longitude: Longitude [deg]
# name 13 = timeJ: Julian Days
# name 14 = altM: Altimeter [m]
# name 15 = spar: SPAR, Biospherical/Licor
# name 16 = timeS: Time, Elapsed [seconds]
# name 17 = scan: Scan Count
# name 18 = density00: Density [density, kg/m^3]
# name 19 = density11: Density, 2 [density, kg/m^3]
# name 20 = sal00: Salinity, Practical [PSU]
# name 21 = sal11: Salinity, Practical, 2 [PSU]
# name 22 = oxsolML/L: Oxygen Saturation, Garcia & Gordon [ml/l]
# name 23 = nbin: number of scans per bin
# name 24 = flag: flag
# span 0 =      1.000,    340.000       
# span 1 =      0.991,    336.370       
# span 2 =    -0.6144,     1.5525       
# span 3 =  27.845336,  30.300125       
# span 4 =    -0.6157,     1.5517       
# span 5 =  27.844113,  30.298608       
# span 6 =     3.9373,     9.4572       
# span 7 =     3.9898,    10.1371       
# span 8 =    -0.0225,     2.5562       
# span 9 =    90.2039,    97.8989       
# span 10 = 1.0000e-12, 1.1111e+01      
# span 11 =  -65.88320,  -65.88134      
# span 12 =  -68.28686,  -68.28572      
# span 13 = 332.096608, 332.107006      
# span 14 =       3.54,     100.66      
# span 15 = 3.5196e+00, 8.8144e+00      
# span 16 =    902.940,   1801.309      
# span 17 =      21672,      43232      
# span 18 =  1027.3581,  1029.3832      
# span 19 =  1027.3555,  1029.3822      
# span 20 =    34.0379,    34.7140      
# span 21 =    34.0350,    34.7128      
# span 22 =    7.71219,    8.19386      
# span 23 =         12,         48      
# span 24 = 0.0000e+00, 0.0000e+00      
# interval = decibars: 1                
# start_time = Nov 28 2021 02:04:04 [NMEA time, header]
# bad_flag = -9.990e-29
*END*
    340.000    336.370     1.4428  30.217669     1.4423  30.216058     4.0406     4.1061    -0.0098    97.7038 1.0000e-12  -65.88134  -68.28686 332.096608       3.54 8.8144e+00    902.940      21672  1029.3832  1029.3822    34.7112    34.7098    7.73382         25 0.0000e+00
    339.000    335.382     1.4437  30.217804     1.4438  30.216862     4.0476     4.1069    -0.0081    97.7038 1.0000e-12  -65.88134  -68.28686 332.096616       4.34 8.8144e+00    903.634      21688  1029.3783  1029.3773    34.7110    34.7097    7.73366         17 0.0000e+00
    338.000    334.391     1.4434  30.217071     1.4434  30.216111     4.0493     4.1057     0.0015    97.6896 1.0000e-12  -65.88134  -68.28686 332.096624       5.32 8.8144e+00    904.342      21705  1029.3736  1029.3726    34.7110    34.7097    7.73372         19 0.0000e+00
    337.000    333.404     1.4431  30.216402     1.4433  30.215558     4.0506     4.1018    -0.0054    97.6786 1.0000e-12  -65.88137  -68.28684 332.096731       6.41 8.8144e+00    913.577      21927  1029.3690  1029.3680    34.7110    34.7098    7.73377         24 0.0000e+00
    336.000    332.415     1.4426  30.215671     1.4429  30.214675     4.0491     4.1006     0.0011    97.6780 1.0000e-12  -65.88141  -68.28684 332.096903       7.43 8.8144e+00    928.409      22283  1029.3645  1029.3632    34.7112    34.7096    7.73386         23 0.0000e+00
    335.000    331.426     1.4429  30.215263     1.4431  30.214426     4.0428     4.1022     0.0016    97.6836 1.0000e-12  -65.88142  -68.28684 332.096978       8.35 8.8144e+00    934.919      22439  1029.3596  1029.3586    34.7110    34.7097    7.73383         18 0.0000e+00
    334.000    330.439     1.4437  30.215434     1.4438  30.214521     4.0516     4.1020     0.0033    97.6994 1.0000e-12  -65.88143  -68.28682 332.097023       9.67 8.7668e+00    938.750      22531  1029.3547  1029.3537    34.7108    34.7096    7.73366         34 0.0000e+00
    333.000    329.449     1.4441  30.215198     1.4445  30.214503     4.0338     4.0970     0.0042    97.6845 1.0000e-12  -65.88144  -68.28682 332.097098      10.92 8.0183e+00    945.312      22688  1029.3499  1029.3488    34.7107    34.7094    7.73360         34 0.0000e+00
    332.000    328.462     1.4445  30.215106     1.4447  30.214285     4.0423     4.1000     0.0058    97.7040 1.0000e-12  -65.88146  -68.28682 332.097113      11.70 8.3945e+00    946.554      22718  1029.3451  1029.3441    34.7107    34.7094    7.73352         25 0.0000e+00
    331.000    327.471     1.4445  30.214717     1.4446  30.213843     4.0454     4.0999     0.0069    97.6821 1.0000e-12  -65.88146  -68.28681 332.097126      12.77 8.2499e+00    947.648      22745  1029.3405  1029.3395    34.7107    34.7095    7.73351         28 0.0000e+00
    330.000    326.485     1.4446  30.214326     1.4447  30.213347     4.0402     4.1037    -0.0057    97.7035 1.0000e-12  -65.88147  -68.28682 332.097207      13.88 7.4282e+00    954.672      22913  1029.3358  1029.3347    34.7108    34.7094    7.73350         31 0.0000e+00
    329.000    325.496     1.4452  30.214374     1.4456  30.213750     4.0411     4.0983    -0.0055    97.7038 1.0000e-12  -65.88148  -68.28682 332.097221      14.90 7.4625e+00    955.900      22943  1029.3310  1029.3300    34.7107    34.7095    7.73337         30 0.0000e+00
    328.000    324.506     1.4456  30.214189     1.4464  30.213916     4.0436     4.0995    -0.0062    97.7038 1.0000e-12  -65.88148  -68.28682 332.097241      16.04 7.4663e+00    957.592      22983  1029.3263  1029.3252    34.7106    34.7095    7.73330         34 0.0000e+00
    327.000    323.519     1.4522  30.219465     1.4534  30.219491     4.0448     4.1002    -0.0041    97.7124 1.0000e-12  -65.88149  -68.28680 332.097301      17.22 7.0873e+00    962.811      23108  1029.3209  1029.3198    34.7107    34.7093    7.73202         33 0.0000e+00
    326.000    322.530     1.4524  30.219131     1.4526  30.218249     4.0263     4.1012    -0.0064    97.7495 1.0000e-12  -65.88150  -68.28682 332.097374      18.02 7.0515e+00    969.118      23260  1029.3162  1029.3152    34.7106    34.7093    7.73198         21 0.0000e+00
    325.000    321.541     1.4537  30.219892     1.4542  30.219177     4.0205     4.0984    -0.0057    97.7293 1.0000e-12  -65.88150  -68.28682 332.097380      18.84 7.0515e+00    969.636      23272  1029.3115  1029.3103    34.7107    34.7092    7.73172         15 0.0000e+00
    324.000    320.551     1.4570  30.221970     1.4559  30.220118     4.0251     4.0938    -0.0072    97.7108 1.0000e-12  -65.88150  -68.28682 332.097387      19.73 7.0515e+00    970.241      23287  1029.3061  1029.3053    34.7102    34.7091    7.73108         14 0.0000e+00
    323.000    319.565     1.4584  30.222719     1.4577  30.221054     4.0292     4.0892    -0.0054    97.7216 1.0000e-12  -65.88150  -68.28681 332.097394      20.76 7.0515e+00    970.856      23302  1029.3013  1029.3003    34.7103    34.7089    7.73082         16 0.0000e+00
    322.000    318.575     1.4606  30.224212     1.4595  30.222170     4.0364     4.0937    -0.0108    97.7314 1.0000e-12  -65.88150  -68.28681 332.097410      22.02 7.0515e+00    972.247      23335  1029.2964  1029.2955    34.7103    34.7089    7.73038         29 0.0000e+00
    321.000    317.588     1.4739  30.235887     1.4735  30.234404     4.0490     4.0969    -0.0059    97.7442 1.0000e-12  -65.88152  -68.28682 332.097512      23.00 7.0515e+00    981.008      23545  1029.2911  1029.2899    34.7110    34.7096    7.72774         19 0.0000e+00
    320.000    316.596     1.4832  30.243611     1.4785  30.238463     4.0453     4.0898    -0.0058    97.7564 1.0000e-12  -65.88152  -68.28682 332.097523      24.02 7.0515e+00    981.941      23568  1029.2855  1029.2849    34.7111    34.7098    7.72590         19 0.0000e+00
    319.000    315.610     1.4892  30.248617     1.4826  30.241791     4.0448     4.0981     0.0008    97.7772 1.0000e-12  -65.88152  -68.28682 332.097533      25.08 7.0515e+00    982.842      23589  1029.2805  1029.2801    34.7115    34.7101    7.72471         25 0.0000e+00
    318.000    314.622     1.4884  30.247310     1.4882  30.245833     4.0511     4.1056     0.0059    97.8017 1.0000e-12  -65.88153  -68.28680 332.097592      26.26 7.0515e+00    987.992      23713  1029.2760  1029.2748    34.7112    34.7096    7.72488         25 0.0000e+00
    317.000    313.632     1.4993  30.256470     1.4983  30.254500     4.0493     4.1054     0.0088    97.8068 1.0000e-12  -65.88154  -68.28680 332.097642      26.93 7.0515e+00    992.251      23815  1029.2706  1029.2696    34.7115    34.7101    7.72274         16 0.0000e+00
    316.000    312.644     1.5014  30.257890     1.5001  30.255599     4.0463     4.1048    -0.0048    97.8102 1.0000e-12  -65.88154  -68.28680 332.097649      27.94 7.0515e+00    992.916      23831  1029.2657  1029.2647    34.7115    34.7101    7.72231         15 0.0000e+00
    315.000    311.656     1.5056  30.261356     1.5013  30.256428     4.0527     4.1080    -0.0063    97.8100 1.0000e-12  -65.88154  -68.28680 332.097657      28.96 7.0515e+00    993.559      23846  1029.2609  1029.2601    34.7118    34.7103    7.72147         16 0.0000e+00
    314.000    310.667     1.5237  30.277334     1.5013  30.256002     4.0513     4.1087    -0.0018    97.8226 1.0000e-12  -65.88154  -68.28680 332.097666      30.09 7.0515e+00    994.321      23865  1029.2550  1029.2556    34.7127    34.7104    7.71788         21 0.0000e+00
    313.000    309.678     1.5129  30.266440     1.5115  30.265207     4.0505     4.1132     0.0114    97.8378 1.0000e-12  -65.88156  -68.28678 332.097682      31.46 7.0515e+00    995.726      23898  1029.2506  1029.2506    34.7115    34.7114    7.72008         35 0.0000e+00
    312.000    308.689     1.5249  30.277347     1.5384  30.288620     4.0652     4.1137     0.0084    97.8196 1.0000e-12  -65.88156  -68.28675 332.097719      32.59 7.0515e+00    998.887      23974  1029.2456  1029.2439    34.7126    34.7121    7.71766         38 0.0000e+00
    311.000    307.701     1.5250  30.276798     1.5276  30.278219     4.0741     4.1171    -0.0057    97.8323 1.0000e-12  -65.88156  -68.28675 332.097739      33.45 7.0515e+00   1000.680      24017  1029.2410  1029.2399    34.7124    34.7113    7.71766         36 0.0000e+00
    310.000    306.712     1.5375  30.288246     1.5363  30.286309     4.0647     4.1259     0.0071    97.8356 1.0000e-12  -65.88156  -68.28676 332.097755      34.42 7.0515e+00   1002.044      24050  1029.2361  1029.2354    34.7137    34.7126    7.71513         27 0.0000e+00
    309.000    305.724     1.5469  30.296245     1.5448  30.293146     4.0621     4.1271    -0.0147    97.8671 1.0000e-12  -65.88156  -68.28676 332.097766      35.20 7.0515e+00   1002.979      24072  1029.2307  1029.2297    34.7140    34.7124    7.71328         19 0.0000e+00
    308.000    304.735     1.5512  30.299515     1.5514  30.298608     4.0634     4.1295    -0.0044    97.8759 1.0000e-12  -65.88156  -68.28676 332.097774      36.00 7.0515e+00   1003.695      24090  1029.2256  1029.2246    34.7140    34.7126    7.71244         15 0.0000e+00
    307.000    303.744     1.5525  30.300125     1.5517  30.298453     4.0521     4.1277    -0.0063    97.8791 1.0000e-12  -65.88156  -68.28676 332.097782      36.93 7.0515e+00   1004.317      24105  1029.2209  1029.2200    34.7139    34.7128    7.71219         15 0.0000e+00
    306.000    302.759     1.5515  30.298514     1.5516  30.297749     4.0509     4.1223    -0.0053    97.8669 1.0000e-12  -65.88157  -68.28676 332.097788      38.03 7.0515e+00   1004.916      24119  1029.2161  1029.2152    34.7137    34.7125    7.71241         15 0.0000e+00
    305.000    301.769     1.5473  30.293772     1.5495  30.294942     4.0609     4.1202    -0.0014    97.8772 1.0000e-12  -65.88158  -68.28676 332.097796      39.20 7.0515e+00   1005.538      24134  1029.2113  1029.2103    34.7129    34.7119    7.71328         15 0.0000e+00
    304.000    300.780     1.5418  30.287960     1.5458  30.291091     4.0667     4.1182     0.0025    97.8815 1.0000e-12  -65.88158  -68.28676 332.097804      40.34 7.0515e+00   1006.261      24151  1029.2067  1029.2059    34.7121    34.7116    7.71439         20 0.0000e+00
    303.000    299.792     1.5403  30.286161     1.5406  30.285400     4.0563     4.1107    -0.0108    97.8833 1.0000e-12  -65.88158  -68.28674 332.097825      41.65 7.0515e+00   1008.088      24195  1029.2021  1029.2011    34.7120    34.7107    7.71468         37 0.0000e+00
    302.000    298.802     1.5369  30.282516     1.5353  30.279953     4.0231     4.1054    -0.0092    97.8781 1.0000e-12  -65.88160  -68.28672 332.097870      42.64 7.0515e+00   1011.993      24289  1029.1977  1029.1967    34.7118    34.7103    7.71537         27 0.0000e+00
    301.000    297.817     1.5363  30.280540     1.5390  30.282413     4.0168     4.0970    -0.0225    97.8843 1.0000e-12  -65.88159  -68.28672 332.097880      43.24 7.0515e+00   1012.788      24308  1029.1920  1029.1913    34.7104    34.7099    7.71555         17 0.0000e+00
    300.000    296.824     1.5113  30.256412     1.5271  30.270682     4.0163     4.0951    -0.0083    97.8841 1.0000e-12  -65.88158  -68.28672 332.097887      44.22 7.0515e+00   1013.418      24323  1029.1880  1029.1869    34.7079    34.7086    7.72057         14 0.0000e+00
    299.000    295.837     1.5042  30.248963     1.5144  30.257649     4.0196     4.0928    -0.0054    97.8801 1.0000e-12  -65.88158  -68.28674 332.097893      45.04 7.0515e+00   1013.963      24336  1029.1832  1029.1820    34.7069    34.7067    7.72201         13 0.0000e+00
    298.000    294.848     1.5111  30.255061     1.5120  30.254962     4.0247     4.0903    -0.0132    97.8723 1.0000e-12  -65.88158  -68.28674 332.097899      46.10 7.0515e+00   1014.494      24349  1029.1783  1029.1773    34.7076    34.7065    7.72063         13 0.0000e+00
    297.000    293.858     1.5189  30.261452     1.5149  30.256915     4.0288     4.0883    -0.0144    97.8585 1.0000e-12  -65.88158  -68.28674 332.097906      47.16 7.0515e+00   1015.033      24362  1029.1729  1029.1722    34.7078    34.7063    7.71911         13 0.0000e+00
    296.000    292.870     1.5228  30.264432     1.5201  30.261055     4.0260     4.0893    -0.0073    97.8599 1.0000e-12  -65.88159  -68.28674 332.097912      48.44 7.0515e+00   1015.641      24376  1029.1677  1029.1670    34.7078    34.7065    7.71834         16 0.0000e+00
    295.000    291.881     1.5238  30.264971     1.5212  30.261849     4.0302     4.0879    -0.0055    97.8233 1.0000e-12  -65.88160  -68.28674 332.097922      49.75 7.0515e+00   1016.454      24396  1029.1630  1029.1624    34.7079    34.7068    7.71812         25 0.0000e+00
    294.000    290.893     1.5231  30.263660     1.5240  30.263425     4.0284     4.0876    -0.0041    97.8485 1.0000e-12  -65.88161  -68.28672 332.097951      51.05 7.0515e+00   1018.956      24456  1029.1581  1029.1570    34.7077    34.7063    7.71829         37 0.0000e+00
    293.000    289.904     1.5243  30.264232     1.5241  30.263075     4.0215     4.0868    -0.0057    97.8554 1.0000e-12  -65.88162  -68.28671 332.097979      52.00 7.0515e+00   1021.393      24514  1029.1532  1029.1523    34.7075    34.7064    7.71804         33 0.0000e+00
    292.000    288.916     1.5237  30.263183     1.5245  30.263080     4.0272     4.0876     0.0054    97.8575 1.0000e-12  -65.88162  -68.28671 332.097995      52.96 7.0515e+00   1022.735      24547  1029.1485  1029.1477    34.7075    34.7065    7.71817         35 0.0000e+00
    291.000    287.927     1.5238  30.262799     1.5222  30.260582     4.0200     4.0839    -0.0106    97.8666 1.0000e-12  -65.88160  -68.28672 332.098012      53.85 7.0515e+00   1024.245      24583  1029.1437  1029.1432    34.7074    34.7064    7.71815         35 0.0000e+00
    290.000    286.936     1.5245  30.262651     1.5241  30.261485     4.0105     4.0740    -0.0056    97.8784 1.0000e-12  -65.88160  -68.28672 332.098026      54.86 7.0515e+00   1025.414      24611  1029.1387  1029.1379    34.7071    34.7060    7.71804         22 0.0000e+00
    289.000    285.952     1.5240  30.261083     1.5265  30.262492     4.0077     4.0711    -0.0060    97.8795 1.0000e-12  -65.88160  -68.28672 332.098035      55.44 7.0515e+00   1026.204      24630  1029.1333  1029.1324    34.7062    34.7053    7.71818         17 0.0000e+00
    288.000    284.961     1.5244  30.260678     1.5242  30.259725     4.0098     4.0698    -0.0067    97.8841 1.0000e-12  -65.88161  -68.28671 332.098042      56.57 7.0515e+00   1026.849      24645  1029.1283  1029.1276    34.7058    34.7048    7.71812         14 0.0000e+00
    287.000    283.971     1.5258  30.261303     1.5250  30.259737     4.0068     4.0730    -0.0030    97.8657 1.0000e-12  -65.88162  -68.28670 332.098049      57.46 7.0515e+00   1027.436      24659  1029.1234  1029.1225    34.7056    34.7045    7.71785         14 0.0000e+00
    286.000    282.983     1.5262  30.260997     1.5256  30.259617     4.0056     4.0727     0.0017    97.8675 1.0000e-12  -65.88162  -68.28670 332.098056      58.90 7.0515e+00   1028.017      24673  1029.1184  1029.1176    34.7054    34.7043    7.71779         14 0.0000e+00
    285.000    281.993     1.5248  30.259013     1.5258  30.259142     4.0068     4.0727    -0.0044    97.8686 1.0000e-12  -65.88162  -68.28670 332.098063      59.94 7.0515e+00   1028.631      24688  1029.1135  1029.1127    34.7050    34.7041    7.71808         15 0.0000e+00
    284.000    281.005     1.5203  30.253988     1.5231  30.256064     4.0141     4.0664    -0.0069    97.8750 1.0000e-12  -65.88162  -68.28670 332.098071      61.18 7.0515e+00   1029.351      24705  1029.1087  1029.1080    34.7042    34.7037    7.71901         20 0.0000e+00
