NBP2113_155081_ctd/data/unbp2113_062.cnv
* Sea-Bird SBE 9 Data File:
* FileName = D:\Data\raw\NBP2113_062.hex
* Software Version Seasave V 7.26.7.121
* Temperature SN = 2438
* Conductivity SN = 2067
* Number of Bytes Per Scan = 40
* Number of Voltage Words = 5
* Number of Scans Averaged by the Deck Unit = 1
* NMEA Latitude = 64 46.58 S
* NMEA Longitude = 063 03.86 W
* NMEA UTC (Time) = Dec 14 2021  03:19:35
* NMEA baud rate = 9600
** Ship: RVIB N.B. Palmer
** Cruise: NBP2113 LTER
** Station: 654.003
** Operator: B. Urmston
# nquan = 25
# nvalues = 283                         
# units = specified
# name 0 = prDM: Pressure, Digiquartz [db]
# name 1 = depSM: Depth [salt water, m]
# name 2 = t090C: Temperature [ITS-90, deg C]
# name 3 = c0mS/cm: Conductivity [mS/cm]
# name 4 = t190C: Temperature, 2 [ITS-90, deg C]
# name 5 = c1mS/cm: Conductivity, 2 [mS/cm]
# name 6 = sbeox0ML/L: Oxygen, SBE 43 [ml/l]
# name 7 = sbeox1ML/L: Oxygen, SBE 43, 2 [ml/l]
# name 8 = flECO-AFL: Fluorescence, WET Labs ECO-AFL/FL [mg/m^3]
# name 9 = CStarTr0: Beam Transmission, WET Labs C-Star [%]
# name 10 = par: PAR/Irradiance, Biospherical/Licor
# name 11 = latitude: Latitude [deg]
# name 12 = longitude: Longitude [deg]
# name 13 = timeJ: Julian Days
# name 14 = altM: Altimeter [m]
# name 15 = spar: SPAR, Biospherical/Licor
# name 16 = timeS: Time, Elapsed [seconds]
# name 17 = scan: Scan Count
# name 18 = density00: Density [density, kg/m^3]
# name 19 = density11: Density, 2 [density, kg/m^3]
# name 20 = sal00: Salinity, Practical [PSU]
# name 21 = sal11: Salinity, Practical, 2 [PSU]
# name 22 = oxsolML/L: Oxygen Saturation, Garcia & Gordon [ml/l]
# name 23 = nbin: number of scans per bin
# name 24 = flag: flag
# span 0 =      1.000,    283.000       
# span 1 =      0.991,    280.039       
# span 2 =    -0.3781,     0.8025       
# span 3 =  28.352254,  29.401379       
# span 4 =    -0.3786,     0.8014       
# span 5 =  28.350404,  29.399647       
# span 6 =     4.9877,     7.6919       
# span 7 =     5.0622,     8.2207       
# span 8 =    -0.0191,     1.6154       
# span 9 =    83.9595,    90.8381       
# span 10 = 1.0000e-12, 8.0165e+00      
# span 11 =  -64.77628,  -64.77622      
# span 12 =  -63.06549,  -63.06518      
# span 13 = 348.149906, 348.157377      
# span 14 =      10.85,     100.04      
# span 15 = 0.0000e+00, 0.0000e+00      
# span 16 =    976.865,   1622.401      
# span 17 =      23446,      38939      
# span 18 =  1027.3214,  1029.0637      
# span 19 =  1027.3195,  1029.0625      
# span 20 =    34.0263,    34.5084      
# span 21 =    34.0245,    34.5076      
# span 22 =    7.87269,    8.11865      
# span 23 =         25,         49      
# span 24 = 0.0000e+00, 0.0000e+00      
# interval = decibars: 1                
# start_time = Dec 14 2021 03:19:35 [NMEA time, header]
# bad_flag = -9.990e-29
*END*
[from data line 232]
     51.000     50.495     0.3378  28.843365     0.3285  28.832048     5.7885     5.8516     0.1600    90.3442 1.0000e-12  -64.77628  -63.06518 348.155491      99.97 0.0000e+00   1459.380      35026  1027.7918  1027.7889    34.3317    34.3273    7.97728         38 0.0000e+00
     50.000     49.505     0.2922  28.784841     0.2896  28.783262     5.8500     5.9229     0.2207    90.1421 1.0000e-12  -64.77628  -63.06518 348.155858      99.97 0.0000e+00   1491.123      35788  1027.7684  1027.7693    34.3062    34.3071    7.98815         41 0.0000e+00
     49.000     48.515     0.2800  28.770557     0.2785  28.767721     5.9105     5.9795     0.2030    90.0769 1.0000e-12  -64.77628  -63.06518 348.155986      99.97 0.0000e+00   1502.210      36054  1027.7606  1027.7590    34.3018    34.2996    7.99095         38 0.0000e+00
     48.000     47.524     0.2671  28.754449     0.2579  28.742594     5.9550     6.0129     0.2048    90.0517 1.0000e-12  -64.77628  -63.06518 348.156008      99.97 0.0000e+00   1504.104      36100  1027.7519  1027.7484    34.2956    34.2902    7.99397         34 0.0000e+00
     47.000     46.534     0.2591  28.744590     0.2469  28.727882     5.9933     6.0507     0.2087    90.0011 1.0000e-12  -64.77628  -63.06518 348.156024      99.97 0.0000e+00   1505.458      36132  1027.7450  1027.7393    34.2921    34.2837    7.99582         30 0.0000e+00
     46.000     45.545     0.2421  28.723000     0.2322  28.709787     6.0217     6.0863     0.2325    89.9704 1.0000e-12  -64.77628  -63.06518 348.156039      99.97 0.0000e+00   1506.759      36163  1027.7344  1027.7300    34.2832    34.2769    7.99984         31 0.0000e+00
     45.000     44.554     0.2321  28.708744     0.2249  28.697813     6.0506     6.1233     0.2538    89.9539 1.0000e-12  -64.77628  -63.06518 348.156054      99.97 0.0000e+00   1508.053      36194  1027.7247  1027.7201    34.2762    34.2699    8.00232         31 0.0000e+00
     44.000     43.565     0.2281  28.702714     0.2172  28.687043     6.0955     6.1759     0.2656    89.9482 1.0000e-12  -64.77628  -63.06518 348.156069      99.97 0.0000e+00   1509.345      36225  1027.7178  1027.7117    34.2733    34.2648    8.00331         31 0.0000e+00
     43.000     42.575     0.2172  28.687605     0.2000  28.661113     6.1648     6.2241     0.2498    89.9316 1.0000e-12  -64.77628  -63.06518 348.156084      99.97 0.0000e+00   1510.628      36256  1027.7080  1027.6966    34.2662    34.2505    8.00598         29 0.0000e+00
     42.000     41.584     0.2019  28.662967     0.1756  28.624949     6.2183     6.2395     0.2553    89.9265 1.0000e-12  -64.77628  -63.06518 348.156098      99.97 0.0000e+00   1511.903      36287  1027.6925  1027.6776    34.2514    34.2306    8.01000         30 0.0000e+00
     41.000     40.595     0.1752  28.625430     0.1584  28.600604     6.2243     6.2472     0.2783    89.8912 1.5017e-03  -64.77628  -63.06518 348.156113      99.97 0.0000e+00   1513.187      36317  1027.6742  1027.6640    34.2323    34.2183    8.01663         31 0.0000e+00
     40.000     39.604     0.1659  28.612472     0.1505  28.589576     6.2173     6.2605     0.3076    89.8029 5.0661e-03  -64.77628  -63.06518 348.156128      99.97 0.0000e+00   1514.470      36348  1027.6650  1027.6554    34.2262    34.2132    8.01892         31 0.0000e+00
     39.000     38.615     0.1472  28.585788     0.1347  28.569705     6.2260     6.2679     0.3149    89.7412 8.9095e-03  -64.77628  -63.06518 348.156143      99.97 0.0000e+00   1515.754      36379  1027.6504  1027.6453    34.2124    34.2052    8.02359         31 0.0000e+00
     38.000     37.625     0.1312  28.566074     0.1178  28.548718     6.2343     6.2835     0.3420    89.6436 1.3020e-02  -64.77628  -63.06518 348.156158      99.97 0.0000e+00   1517.038      36410  1027.6405  1027.6348    34.2049    34.1969    8.02737         31 0.0000e+00
     37.000     36.634     0.1144  28.543326     0.1011  28.525013     6.2349     6.2844     0.3495    89.5651 1.7337e-02  -64.77628  -63.06518 348.156173      99.97 0.0000e+00   1518.322      36441  1027.6281  1027.6212    34.1942    34.1848    8.03148         31 0.0000e+00
     36.000     35.645     0.1051  28.529319     0.0909  28.511375     6.2354     6.2937     0.4282    89.4767 2.2416e-02  -64.77628  -63.06518 348.156188      99.97 0.0000e+00   1519.620      36472  1027.6176  1027.6121    34.1867    34.1788    8.03385         31 0.0000e+00
     35.000     34.654     0.0986  28.521299     0.1002  28.522716     6.2585     6.3217     0.4611    89.3970 2.7570e-02  -64.77628  -63.06518 348.156203      99.97 0.0000e+00   1520.925      36503  1027.6108  1027.6105    34.1839    34.1840    8.03537         31 0.0000e+00
     34.000     33.665     0.0859  28.504871     0.0760  28.490919     6.2957     6.3330     0.5132    89.3787 3.3056e-02  -64.77628  -63.06518 348.156218      99.97 0.0000e+00   1522.228      36534  1027.6012  1027.5957    34.1770    34.1696    8.03843         29 0.0000e+00
     33.000     32.674     0.0732  28.486010     0.0677  28.476940     6.3033     6.3544     0.5110    89.2857 3.9071e-02  -64.77628  -63.06518 348.156233      99.97 0.0000e+00   1523.529      36566  1027.5889  1027.5844    34.1668    34.1610    8.04166         31 0.0000e+00
     32.000     31.685     0.0675  28.476831     0.0630  28.469297     6.3079     6.3638     0.5122    89.2148 4.6053e-02  -64.77628  -63.06518 348.156248      99.97 0.0000e+00   1524.816      36597  1027.5802  1027.5763    34.1616    34.1567    8.04315         30 0.0000e+00
     31.000     30.694     0.0638  28.470916     0.0628  28.468726     6.3407     6.3822     0.5392    89.1702 5.3433e-02  -64.77628  -63.06518 348.156263      99.97 0.0000e+00   1526.105      36628  1027.5729  1027.5713    34.1585    34.1568    8.04409         32 0.0000e+00
     30.000     29.704     0.0602  28.464767     0.0553  28.455633     6.4113     6.4463     0.5434    88.9975 6.1783e-02  -64.77628  -63.06518 348.156278      99.97 0.0000e+00   1527.408      36659  1027.5653  1027.5602    34.1550    34.1484    8.04505         31 0.0000e+00
     29.000     28.714     0.0443  28.437567     0.0441  28.437241     6.5275     6.5292     0.5358    88.8728 7.1784e-02  -64.77628  -63.06518 348.156293      99.97 0.0000e+00   1528.725      36690  1027.5473  1027.5469    34.1373    34.1371    8.04938         32 0.0000e+00
     28.000     27.724     0.0226  28.396428     0.0182  28.385513     6.6166     6.6103     0.5596    88.4884 8.2014e-02  -64.77628  -63.06518 348.156308      99.97 0.0000e+00   1530.034      36722  1027.5200  1027.5126    34.1077    34.0981    8.05562         31 0.0000e+00
     27.000     26.734     0.0113  28.368741     0.0082  28.357780     6.6692     6.6550     0.6577    88.2272 9.3878e-02  -64.77628  -63.06518 348.156323      99.97 0.0000e+00   1531.333      36753  1027.4968  1027.4880    34.0842    34.0731    8.05932         31 0.0000e+00
     26.000     25.744     0.0110  28.356840     0.0106  28.350404     6.6966     6.6772     0.7277    87.9995 1.0678e-01  -64.77628  -63.06518 348.156338      99.97 0.0000e+00   1532.644      36784  1027.4798  1027.4732    34.0694    34.0613    8.06023         30 0.0000e+00
     25.000     24.754     0.0132  28.352254     0.0142  28.352378     6.7332     6.7236     0.8306    87.5839 1.2080e-01  -64.77628  -63.06518 348.156354      99.97 0.0000e+00   1533.970      36816  1027.4683  1027.4673    34.0614    34.0605    8.06021         32 0.0000e+00
     24.000     23.763     0.0214  28.354108     0.0248  28.352814     6.7624     6.7531     0.8805    87.1646 1.3644e-01  -64.77628  -63.06518 348.156369      99.97 0.0000e+00   1535.295      36848  1027.4578  1027.4531    34.0554    34.0499    8.05883         31 0.0000e+00
     23.000     22.774     0.0303  28.353458     0.0308  28.351705     6.7648     6.7575     0.9138    87.0359 1.5326e-01  -64.77628  -63.06518 348.156384      99.97 0.0000e+00   1536.604      36880  1027.4440  1027.4415    34.0452    34.0423    8.05753         28 0.0000e+00
     22.000     21.783     0.0348  28.355431     0.0318  28.353079     6.7147     6.7644     1.0644    86.6859 1.6921e-01  -64.77628  -63.06518 348.156400      99.97 0.0000e+00   1537.936      36911  1027.4373  1027.4377    34.0434    34.0436    8.05668         32 0.0000e+00
     21.000     20.794     0.0375  28.358253     0.0354  28.354431     6.7000     6.7669     1.0163    86.5440 1.9202e-01  -64.77628  -63.06518 348.156416      99.97 0.0000e+00   1539.340      36945  1027.4334  1027.4313    34.0447    34.0420    8.05604         34 0.0000e+00
     20.000     19.803     0.0378  28.363172     0.0376  28.355013     6.7284     6.7684     1.1305    86.4526 2.1725e-01  -64.77628  -63.06518 348.156434      99.96 0.0000e+00   1540.854      36982  1027.4341  1027.4255    34.0516    34.0409    8.05560         36 0.0000e+00
     19.000     18.813     0.0399  28.358303     0.0391  28.355638     6.7316     6.7236     1.1738    86.4358 2.4307e-01  -64.77628  -63.06518 348.156451      99.97 0.0000e+00   1542.409      37019  1027.4225  1027.4204    34.0433    34.0407    8.05561         38 0.0000e+00
     18.000     17.823     0.0416  28.358351     0.0368  28.366949     6.7327     6.7360     1.0976    86.3424 2.7271e-01  -64.77628  -63.06518 348.156473      99.97 0.0000e+00   1544.229      37062  1027.4167  1027.4304    34.0421    34.0588    8.05533         42 0.0000e+00
     17.000     16.834     0.0422  28.357718     0.0399  28.359503     6.7173     6.7765     0.9211    86.4162 3.0863e-01  -64.77628  -63.06518 348.156496      99.96 0.0000e+00   1546.274      37112  1027.4112  1027.4152    34.0413    34.0462    8.05526         34 0.0000e+00
     16.000     15.842     0.0428  28.358534     0.0410  28.355758     6.6979     6.7457     1.0369    86.7524 3.5079e-01  -64.77628  -63.06518 348.156522      99.97 0.0000e+00   1548.472      37164  1027.4071  1027.4059    34.0422    34.0406    8.05506         38 0.0000e+00
     15.000     14.853     0.0439  28.362795     0.0387  28.362981     6.7222     6.7155     1.1177    86.3941 3.9802e-01  -64.77628  -63.06518 348.156550      99.97 0.0000e+00   1550.922      37223  1027.4063  1027.4115    34.0473    34.0533    8.05455         49 0.0000e+00
     14.000     13.863     0.0535  28.365552     0.0369  28.363950     6.7690     6.7439     1.2168    85.9864 4.4982e-01  -64.77628  -63.06518 348.156582      99.96 0.0000e+00   1553.687      37289  1027.3957  1027.4100    34.0409    34.0572    8.05290         42 0.0000e+00
     13.000     12.874     0.0550  28.366072     0.0514  28.363791     6.7898     6.8365     1.2230    85.9082 5.0847e-01  -64.77628  -63.06518 348.156615      99.97 0.0000e+00   1556.545      37358  1027.3906  1027.3915    34.0405    34.0415    8.05261         43 0.0000e+00
     12.000     11.881     0.0604  28.365939     0.0592  28.363916     6.8422     6.8678     1.2922    85.5284 5.7882e-01  -64.77628  -63.06518 348.156650      99.97 0.0000e+00   1559.531      37430  1027.3811  1027.3798    34.0349    34.0335    8.05179         39 0.0000e+00
     11.000     10.891     0.0882  28.385887     0.0785  28.376863     6.8841     6.9015     1.4194    85.3641 6.6229e-01  -64.77628  -63.06518 348.156690      99.97 0.0000e+00   1563.011      37513  1027.3709  1027.3707    34.0310    34.0298    8.04617         37 0.0000e+00
     10.000      9.903     0.0904  28.387506     0.0704  28.372284     6.8892     6.8926     1.3547    85.0680 7.5847e-01  -64.77628  -63.06518 348.156732      99.97 0.0000e+00   1566.617      37600  1027.3666  1027.3698    34.0312    34.0334    8.04569         34 0.0000e+00
      9.000      8.907     0.0930  28.388034     0.0841  28.379767     6.8868     6.9392     1.4551    84.7583 8.7056e-01  -64.77628  -63.06518 348.156773      99.97 0.0000e+00   1570.196      37686  1027.3606  1027.3603    34.0297    34.0287    8.04524         29 0.0000e+00
      8.000      7.924     0.0974  28.389937     0.0965  28.388196     6.8994     6.9560     1.4806    84.4964 9.9887e-01  -64.77628  -63.06518 348.156815      99.97 0.0000e+00   1573.840      37773  1027.3543  1027.3531    34.0279    34.0266    8.04440         30 0.0000e+00
      7.000      6.930     0.0977  28.389014     0.0965  28.387015     6.9110     6.9625     1.4712    84.4200 1.1612e+00  -64.77628  -63.06518 348.156858      99.97 0.0000e+00   1577.504      37861  1027.3489  1027.3478    34.0270    34.0256    8.04440         33 0.0000e+00
      6.000      5.947     0.1012  28.391371     0.1005  28.389689     6.9172     6.9684     1.6154    84.4697 1.3538e+00  -64.77628  -63.06518 348.156900      99.97 0.0000e+00   1581.190      37950  1027.3438  1027.3425    34.0267    34.0254    8.04367         31 0.0000e+00
      5.000      4.950     0.0996  28.389373     0.0993  28.387610     6.9178     6.9717     1.5563    84.5134 1.5847e+00  -64.77628  -63.06518 348.156942      99.97 0.0000e+00   1584.819      38037  1027.3389  1027.3373    34.0265    34.0245    8.04402         37 0.0000e+00
      4.000      3.963     0.1018  28.390618     0.1002  28.388040     6.8706     6.9766     1.4822    84.4611 1.8735e+00  -64.77628  -63.06519 348.156984      99.96 0.0000e+00   1588.402      38123  1027.3339  1027.3326    34.0263    34.0247    8.04357         30 0.0000e+00
      3.000      2.973     0.1123  28.400371     0.1099  28.397105     7.0429     6.9851     1.4855    84.2723 2.2952e+00  -64.77628  -63.06520 348.157160      99.97 0.0000e+00   1603.645      38488  1027.3303  1027.3290    34.0282    34.0265    8.04127         38 0.0000e+00
      2.000      1.980     0.1168  28.404042     0.1167  28.402488     7.6919     8.2207     1.4328    84.0483 2.8550e+00  -64.77628  -63.06520 348.157349      99.97 0.0000e+00   1619.958      38880  1027.3256  1027.3240    34.0286    34.0266    8.04030         42 0.0000e+00
      1.000      0.991     0.1205  28.407433     0.1225  28.407569     7.2896     7.9821     1.5293    83.9595 8.0165e+00  -64.77628  -63.06520 348.157377      99.97 0.0000e+00   1622.401      38939  1027.3214  1027.3195    34.0296    34.0275    8.03947         39 0.0000e+00
