NBP2113_155081_ctd/data/unbp2113_016.cnv
* Sea-Bird SBE 9 Data File:
* FileName = D:\Data\raw\NBP2113_016.hex
* Software Version Seasave V 7.26.7.121
* Temperature SN = 2438
* Conductivity SN = 2067
* Number of Bytes Per Scan = 40
* Number of Voltage Words = 5
* Number of Scans Averaged by the Deck Unit = 1
* NMEA Latitude = 65 52.76 S
* NMEA Longitude = 068 17.29 W
* NMEA UTC (Time) = Nov 28 2021  02:04:04
* NMEA baud rate = 9600
** Ship: RVIB N.B. Palmer
** Cruise: NBP2113 LTER
** Station: 400.100
** Operator: S. Blackman
# nquan = 25
# nvalues = 340                         
# units = specified
# name 0 = prDM: Pressure, Digiquartz [db]
# name 1 = depSM: Depth [salt water, m]
# name 2 = t090C: Temperature [ITS-90, deg C]
# name 3 = c0mS/cm: Conductivity [mS/cm]
# name 4 = t190C: Temperature, 2 [ITS-90, deg C]
# name 5 = c1mS/cm: Conductivity, 2 [mS/cm]
# name 6 = sbeox0ML/L: Oxygen, SBE 43 [ml/l]
# name 7 = sbeox1ML/L: Oxygen, SBE 43, 2 [ml/l]
# name 8 = flECO-AFL: Fluorescence, WET Labs ECO-AFL/FL [mg/m^3]
# name 9 = CStarTr0: Beam Transmission, WET Labs C-Star [%]
# name 10 = par: PAR/Irradiance, Biospherical/Licor
# name 11 = latitude: Latitude [deg]
# name 12 = longitude: Longitude [deg]
# name 13 = timeJ: Julian Days
# name 14 = altM: Altimeter [m]
# name 15 = spar: SPAR, Biospherical/Licor
# name 16 = timeS: Time, Elapsed [seconds]
# name 17 = scan: Scan Count
# name 18 = density00: Density [density, kg/m^3]
# name 19 = density11: Density, 2 [density, kg/m^3]
# name 20 = sal00: Salinity, Practical [PSU]
# name 21 = sal11: Salinity, Practical, 2 [PSU]
# name 22 = oxsolML/L: Oxygen Saturation, Garcia & Gordon [ml/l]
# name 23 = nbin: number of scans per bin
# name 24 = flag: flag
# span 0 =      1.000,    340.000       
# span 1 =      0.991,    336.370       
# span 2 =    -0.6144,     1.5525       
# span 3 =  27.845336,  30.300125       
# span 4 =    -0.6157,     1.5517       
# span 5 =  27.844113,  30.298608       
# span 6 =     3.9373,     9.4572       
# span 7 =     3.9898,    10.1371       
# span 8 =    -0.0225,     2.5562       
# span 9 =    90.2039,    97.8989       
# span 10 = 1.0000e-12, 1.1111e+01      
# span 11 =  -65.88320,  -65.88134      
# span 12 =  -68.28686,  -68.28572      
# span 13 = 332.096608, 332.107006      
# span 14 =       3.54,     100.66      
# span 15 = 3.5196e+00, 8.8144e+00      
# span 16 =    902.940,   1801.309      
# span 17 =      21672,      43232      
# span 18 =  1027.3581,  1029.3832      
# span 19 =  1027.3555,  1029.3822      
# span 20 =    34.0379,    34.7140      
# span 21 =    34.0350,    34.7128      
# span 22 =    7.71219,    8.19386      
# span 23 =         12,         48      
# span 24 = 0.0000e+00, 0.0000e+00      
# interval = decibars: 1                
# start_time = Nov 28 2021 02:04:04 [NMEA time, header]
# bad_flag = -9.990e-29
*END*
[from data line 116]
    224.000    221.671     1.4941  30.188462     1.4922  30.185278     3.9721     4.0363     0.0019    97.8873 1.0000e-12  -65.88188  -68.28652 332.099679      99.98 7.0515e+00   1168.273      28040  1028.8128  1028.8114    34.6845    34.6826    7.72519         16 0.0000e+00
    223.000    220.682     1.4879  30.181293     1.4810  30.173396     3.9790     4.0348    -0.0100    97.8761 1.0000e-12  -65.88188  -68.28652 332.099686      99.98 7.0515e+00   1168.878      28054  1028.8075  1028.8061    34.6828    34.6804    7.72650         13 0.0000e+00
    222.000    219.692     1.4800  30.172604     1.4793  30.170864     3.9791     4.0343    -0.0151    97.8767 1.0000e-12  -65.88188  -68.28652 332.099693      99.98 7.0515e+00   1169.446      28068  1028.8021  1028.8010    34.6810    34.6796    7.72813         14 0.0000e+00
    221.000    218.702     1.4803  30.172018     1.4806  30.171286     3.9845     4.0332    -0.0066    97.8721 1.0000e-12  -65.88190  -68.28654 332.099700      99.98 7.0515e+00   1170.070      28083  1028.7970  1028.7958    34.6806    34.6793    7.72811         17 0.0000e+00
    220.000    217.714     1.4826  30.173889     1.4831  30.173707     3.9819     4.0349    -0.0020    97.8567 1.0000e-12  -65.88190  -68.28653 332.099719      99.98 7.0515e+00   1171.676      28121  1028.7924  1028.7917    34.6810    34.6802    7.72764         29 0.0000e+00
    219.000    216.724     1.4862  30.176406     1.4854  30.175394     3.9672     4.0283    -0.0018    97.8605 1.0000e-12  -65.88192  -68.28652 332.099761      99.98 7.0515e+00   1175.367      28210  1028.7872  1028.7869    34.6808    34.6804    7.72694         26 0.0000e+00
    218.000    215.737     1.4843  30.174635     1.4840  30.173680     3.9710     4.0268    -0.0037    97.8583 1.0000e-12  -65.88192  -68.28652 332.099771      99.98 7.0515e+00   1176.202      28230  1028.7830  1028.7823    34.6813    34.6803    7.72729         20 0.0000e+00
    217.000    214.745     1.4908  30.179431     1.4884  30.176513     3.9701     4.0294     0.0006    97.8583 1.0000e-12  -65.88192  -68.28652 332.099781      99.98 7.0515e+00   1177.041      28250  1028.7772  1028.7766    34.6807    34.6797    7.72603         21 0.0000e+00
    216.000    213.758     1.4915  30.179435     1.4915  30.178383     3.9666     4.0234    -0.0142    97.8594 1.0000e-12  -65.88192  -68.28652 332.099791      99.98 7.0515e+00   1177.966      28272  1028.7723  1028.7712    34.6806    34.6792    7.72592         24 0.0000e+00
    215.000    212.769     1.4924  30.179648     1.4926  30.178840     3.9552     4.0152     0.0008    97.8808 1.0000e-12  -65.88192  -68.28652 332.099803      99.98 7.0515e+00   1178.949      28296  1028.7674  1028.7664    34.6804    34.6791    7.72574         22 0.0000e+00
    214.000    211.779     1.4934  30.179869     1.4935  30.179128     3.9416     4.0132    -0.0040    97.8800 1.0000e-12  -65.88192  -68.28652 332.099813      99.98 7.0515e+00   1179.816      28317  1028.7625  1028.7616    34.6802    34.6791    7.72556         19 0.0000e+00
    213.000    210.792     1.4928  30.178919     1.4936  30.178405     3.9455     4.0138    -0.0064    97.8826 1.0000e-12  -65.88192  -68.28652 332.099821      99.98 7.0515e+00   1180.552      28334  1028.7579  1028.7565    34.6802    34.6787    7.72568         17 0.0000e+00
    212.000    209.801     1.4925  30.177500     1.4911  30.174977     3.9450     4.0136    -0.0072    97.8873 1.0000e-12  -65.88192  -68.28652 332.099829      99.98 7.0515e+00   1181.223      28350  1028.7525  1028.7513    34.6794    34.6777    7.72579         16 0.0000e+00
    211.000    208.811     1.4898  30.174093     1.4884  30.171818     3.9516     4.0115    -0.0018    97.8989 1.0000e-12  -65.88192  -68.28652 332.099837      99.98 7.0515e+00   1181.901      28367  1028.7474  1028.7465    34.6786    34.6772    7.72635         17 0.0000e+00
    210.000    207.822     1.4886  30.172936     1.4867  30.169898     3.9573     4.0081    -0.0010    97.8834 1.0000e-12  -65.88192  -68.28652 332.099847      99.98 7.0515e+00   1182.768      28387  1028.7432  1028.7419    34.6790    34.6772    7.72657         27 0.0000e+00
    209.000    206.833     1.4838  30.166877     1.4859  30.168272     3.9571     4.0158    -0.0058    97.8976 1.0000e-12  -65.88194  -68.28652 332.099899      99.98 7.0515e+00   1187.304      28496  1028.7376  1028.7369    34.6772    34.6766    7.72760         24 0.0000e+00
    208.000    205.846     1.4897  30.172835     1.4891  30.171432     3.9582     4.0160    -0.0068    97.8565 1.0000e-12  -65.88194  -68.28652 332.099912      99.98 7.0515e+00   1188.435      28523  1028.7335  1028.7327    34.6788    34.6776    7.72636         15 0.0000e+00
    207.000    204.857     1.4831  30.164785     1.4832  30.164083     3.9589     4.0149    -0.0066    97.8771 1.0000e-12  -65.88194  -68.28652 332.099919      99.98 7.0515e+00   1188.988      28537  1028.7276  1028.7268    34.6764    34.6754    7.72778         13 0.0000e+00
    206.000    203.864     1.4806  30.161430     1.4799  30.159737     3.9643     4.0175    -0.0128    97.8821 1.0000e-12  -65.88194  -68.28652 332.099925      99.97 7.0515e+00   1189.502      28549  1028.7225  1028.7214    34.6755    34.6741    7.72832         13 0.0000e+00
    205.000    202.878     1.4785  30.158542     1.4778  30.156672     3.9641     4.0159    -0.0212    97.8583 1.0000e-12  -65.88194  -68.28652 332.099931      99.98 7.0515e+00   1190.020      28561  1028.7172  1028.7161    34.6747    34.6731    7.72877         12 0.0000e+00
    204.000    201.888     1.4775  30.156754     1.4763  30.154457     3.9647     4.0118    -0.0219    97.8733 1.0000e-12  -65.88194  -68.28652 332.099937      99.98 7.0515e+00   1190.570      28575  1028.7122  1028.7111    34.6741    34.6725    7.72900         14 0.0000e+00
    203.000    200.898     1.4775  30.156465     1.4765  30.153948     3.9652     4.0091    -0.0220    97.8746 1.0000e-12  -65.88194  -68.28650 332.099945      99.98 7.0515e+00   1191.246      28591  1028.7076  1028.7061    34.6743    34.6723    7.72898         19 0.0000e+00
    202.000    199.909     1.4779  30.156245     1.4777  30.155143     3.9642     4.0156     0.0004    97.8713 1.0000e-12  -65.88194  -68.28650 332.099959      99.98 7.0515e+00   1192.458      28620  1028.7028  1028.7019    34.6742    34.6731    7.72892         38 0.0000e+00
    201.000    198.921     1.4749  30.151211     1.4756  30.151289     3.9524     4.0118    -0.0005    97.8767 1.0000e-12  -65.88196  -68.28650 332.100002      99.98 7.0515e+00   1196.149      28709  1028.6963  1028.6957    34.6717    34.6710    7.72964         36 0.0000e+00
    200.000    197.931     1.4758  30.152666     1.4757  30.151578     3.9397     4.0061    -0.0132    97.8677 1.0000e-12  -65.88196  -68.28650 332.100029      99.98 7.0515e+00   1198.503      28765  1028.6926  1028.6916    34.6731    34.6719    7.72938         31 0.0000e+00
    199.000    196.942     1.4726  30.146999     1.4734  30.147422     3.9427     4.0015    -0.0048    97.8844 1.0000e-12  -65.88196  -68.28652 332.100040      99.98 7.0515e+00   1199.479      28788  1028.6857  1028.6854    34.6700    34.6697    7.73018         21 0.0000e+00
    198.000    195.953     1.4705  30.143721     1.4702  30.142281     3.9424     4.0055    -0.0029    97.8841 1.0000e-12  -65.88196  -68.28652 332.100049      99.98 7.0515e+00   1200.261      28807  1028.6802  1028.6791    34.6687    34.6673    7.73066         18 0.0000e+00
    197.000    194.963     1.4692  30.141578     1.4689  30.140090     3.9393     4.0051     0.0022    97.8841 1.0000e-12  -65.88196  -68.28650 332.100058      99.98 7.0515e+00   1201.024      28826  1028.6750  1028.6738    34.6680    34.6665    7.73095         19 0.0000e+00
    196.000    193.975     1.4693  30.141216     1.4684  30.139252     3.9453     4.0048    -0.0116    97.8841 1.0000e-12  -65.88196  -68.28650 332.100069      99.98 7.0515e+00   1201.968      28848  1028.6703  1028.6692    34.6680    34.6665    7.73093         28 0.0000e+00
    195.000    192.984     1.4670  30.137758     1.4683  30.138555     3.9483     4.0054    -0.0066    97.8801 1.0000e-12  -65.88196  -68.28648 332.100096      99.98 7.0515e+00   1204.291      28904  1028.6648  1028.6643    34.6668    34.6664    7.73145         35 0.0000e+00
    194.000    191.995     1.4634  30.132646     1.4661  30.135336     3.9548     4.0059    -0.0064    97.8775 1.0000e-12  -65.88198  -68.28648 332.100133      99.98 7.0515e+00   1207.454      28980  1028.6588  1028.6589    34.6649    34.6653    7.73227         40 0.0000e+00
    193.000    191.007     1.4646  30.133648     1.4666  30.135484     3.9548     4.0051    -0.0115    97.8840 1.0000e-12  -65.88198  -68.28650 332.100157      99.98 7.0515e+00   1209.532      29030  1028.6543  1028.6543    34.6654    34.6655    7.73200         38 0.0000e+00
    192.000    190.017     1.4616  30.129127     1.4616  30.128091     3.9477     4.0116    -0.0018    97.8841 1.0000e-12  -65.88196  -68.28650 332.100176      99.98 7.0515e+00   1211.186      29069  1028.6484  1028.6474    34.6635    34.6621    7.73268         36 0.0000e+00
    191.000    189.029     1.4598  30.126370     1.4595  30.124903     3.9567     4.0104    -0.0064    97.8820 1.0000e-12  -65.88196  -68.28650 332.100190      99.98 7.0515e+00   1212.459      29100  1028.6432  1028.6420    34.6626    34.6611    7.73310         26 0.0000e+00
    190.000    188.040     1.4577  30.123202     1.4567  30.121089     3.9547     4.0070    -0.0085    97.8662 1.0000e-12  -65.88196  -68.28650 332.100201      99.98 7.0515e+00   1213.391      29122  1028.6377  1028.6365    34.6615    34.6598    7.73357         19 0.0000e+00
    189.000    187.051     1.4562  30.121028     1.4550  30.118549     3.9577     4.0015    -0.0146    97.8797 1.0000e-12  -65.88198  -68.28650 332.100210      99.97 7.0515e+00   1214.142      29140  1028.6327  1028.6313    34.6609    34.6590    7.73389         18 0.0000e+00
    188.000    186.061     1.4536  30.117298     1.4521  30.114447     3.9574     3.9990    -0.0095    97.8796 1.0000e-12  -65.88198  -68.28649 332.100218      99.98 7.0515e+00   1214.861      29158  1028.6272  1028.6258    34.6595    34.6576    7.73446         17 0.0000e+00
    187.000    185.071     1.4521  30.115234     1.4489  30.110505     3.9543     3.9997    -0.0075    97.8769 1.0000e-12  -65.88198  -68.28647 332.100228      99.98 7.0515e+00   1215.736      29179  1028.6223  1028.6207    34.6592    34.6568    7.73478         25 0.0000e+00
    186.000    184.081     1.4463  30.108140     1.4465  30.107578     3.9384     4.0007    -0.0062    97.8628 1.0000e-12  -65.88198  -68.28650 332.100316      99.98 7.0515e+00   1223.325      29361  1028.6164  1028.6157    34.6572    34.6562    7.73603         15 0.0000e+00
    185.000    183.093     1.4442  30.105331     1.4451  30.105486     3.9391     4.0003    -0.0071    97.8584 1.0000e-12  -65.88198  -68.28650 332.100324      99.98 7.0515e+00   1223.981      29377  1028.6113  1028.6106    34.6565    34.6557    7.73648         13 0.0000e+00
    184.000    182.105     1.4382  30.098138     1.4383  30.097576     3.9417     4.0002    -0.0067    97.8458 1.0000e-12  -65.88198  -68.28650 332.100330      99.98 7.0515e+00   1224.549      29390  1028.6056  1028.6050    34.6545    34.6537    7.73776         14 0.0000e+00
    183.000    181.113     1.4347  30.093924     1.4333  30.091308     3.9376     3.9979    -0.0058    97.8581 1.0000e-12  -65.88198  -68.28648 332.100338      99.98 7.0515e+00   1225.156      29405  1028.6005  1028.5993    34.6536    34.6518    7.73849         15 0.0000e+00
    182.000    180.125     1.4356  30.094616     1.4323  30.090024     3.9389     3.9928     0.0127    97.8583 1.0000e-12  -65.88199  -68.28647 332.100346      99.98 7.0515e+00   1225.879      29422  1028.5960  1028.5947    34.6540    34.6519    7.73829         20 0.0000e+00
    181.000    179.135     1.4338  30.091801     1.4362  30.093834     3.9460     3.9898     0.0097    97.8668 1.0000e-12  -65.88202  -68.28645 332.100512      99.98 7.0515e+00   1240.243      29767  1028.5905  1028.5902    34.6530    34.6530    7.73870         28 0.0000e+00
    180.000    178.147     1.4264  30.082813     1.4260  30.081776     3.9428     3.9955    -0.0039    97.8598 1.0000e-12  -65.88208  -68.28642 332.100890      99.97 7.0515e+00   1272.864      30550  1028.5840  1028.5833    34.6503    34.6494    7.74030         17 0.0000e+00
    179.000    177.158     1.4234  30.079065     1.4222  30.077013     3.9423     3.9982     0.0014    97.8614 1.0000e-12  -65.88208  -68.28642 332.100895      99.98 7.0515e+00   1273.342      30561  1028.5789  1028.5780    34.6495    34.6482    7.74095         17 0.0000e+00
    178.000    176.169     1.4204  30.075579     1.4193  30.073573     3.9383     3.9972    -0.0041    97.8596 1.0000e-12  -65.88208  -68.28642 332.100904      99.98 7.0515e+00   1274.109      30580  1028.5740  1028.5730    34.6489    34.6476    7.74156         20 0.0000e+00
    177.000    175.179     1.4211  30.075936     1.4199  30.073907     3.9421     3.9977    -0.0002    97.8584 1.0000e-12  -65.88208  -68.28642 332.100917      99.98 7.0515e+00   1275.228      30606  1028.5695  1028.5685    34.6492    34.6479    7.74141         35 0.0000e+00
    176.000    174.191     1.4209  30.075386     1.4211  30.074796     3.9395     3.9930     0.0091    97.8583 1.0000e-12  -65.88210  -68.28640 332.100946      99.98 7.0515e+00   1277.734      30667  1028.5648  1028.5640    34.6493    34.6483    7.74144         36 0.0000e+00
    175.000    173.199     1.4195  30.073014     1.4198  30.072575     3.9373     3.9975     0.0134    97.8583 1.0000e-12  -65.88210  -68.28640 332.100964      99.97 7.0515e+00   1279.277      30704  1028.5595  1028.5588    34.6484    34.6475    7.74176         22 0.0000e+00
    174.000    172.211     1.4152  30.067715     1.4134  30.064973     3.9464     3.9995     0.0127    97.8583 1.0000e-12  -65.88212  -68.28640 332.100973      99.98 7.0515e+00   1280.076      30723  1028.5541  1028.5531    34.6470    34.6455    7.74269         18 0.0000e+00
    173.000    171.224     1.3964  30.047312     1.3934  30.043574     3.9529     3.9995    -0.0141    97.8406 1.0000e-12  -65.88212  -68.28640 332.100981      99.98 7.0515e+00   1280.770      30739  1028.5476  1028.5466    34.6423    34.6408    7.74664         16 0.0000e+00
    172.000    170.231     1.3847  30.035215     1.3819  30.031460     3.9504     4.0011    -0.0053    97.8454 1.0000e-12  -65.88212  -68.28640 332.100990      99.98 7.0515e+00   1281.508      30757  1028.5424  1028.5413    34.6404    34.6387    7.74904         20 0.0000e+00
    171.000    169.246     1.3841  30.034132     1.3825  30.032010     3.9474     4.0012    -0.0034    97.8583 1.0000e-12  -65.88212  -68.28642 332.101003      99.98 7.0515e+00   1282.647      30785  1028.5376  1028.5369    34.6403    34.6393    7.74917         26 0.0000e+00
    170.000    168.254     1.3870  30.037022     1.3916  30.040638     3.9466     4.0067    -0.0046    97.8558 1.0000e-12  -65.88210  -68.28642 332.101034      99.98 7.0515e+00   1285.377      30850  1028.5331  1028.5322    34.6413    34.6408    7.74854         32 0.0000e+00
    169.000    167.265     1.3833  30.032277     1.3855  30.033253     3.9562     4.0160     0.0022    97.8401 1.0000e-12  -65.88212  -68.28640 332.101046      99.98 7.0515e+00   1286.334      30873  1028.5277  1028.5265    34.6400    34.6388    7.74935         19 0.0000e+00
    168.000    166.276     1.3760  30.023285     1.3721  30.018522     3.9651     4.0126    -0.0018    97.8583 1.0000e-12  -65.88212  -68.28638 332.101053      99.98 7.0515e+00   1287.019      30889  1028.5213  1028.5203    34.6371    34.6354    7.75093         16 0.0000e+00
