NBP2113_155081_ctd/data/unbp2113_011.cnv
* Sea-Bird SBE 9 Data File:
* FileName = D:\Data\raw\NBP2113_011.hex
* Software Version Seasave V 7.26.7.121
* Temperature SN = 2438
* Conductivity SN = 2067
* Number of Bytes Per Scan = 40
* Number of Voltage Words = 5
* Number of Scans Averaged by the Deck Unit = 1
* NMEA Latitude = 63 57.92 S
* NMEA Longitude = 066 51.27 W
* NMEA UTC (Time) = Nov 26 2021  05:08:42
* NMEA baud rate = 9600
** Ship: RVIB N.B. Palmer
** Cruise: NBP2113 LTER
** Station: 600.200
** Operator: B. Urmston
# nquan = 25
# nvalues = 3097                        
# units = specified
# name 0 = prDM: Pressure, Digiquartz [db]
# name 1 = depSM: Depth [salt water, m]
# name 2 = t090C: Temperature [ITS-90, deg C]
# name 3 = c0mS/cm: Conductivity [mS/cm]
# name 4 = t190C: Temperature, 2 [ITS-90, deg C]
# name 5 = c1mS/cm: Conductivity, 2 [mS/cm]
# name 6 = sbeox0ML/L: Oxygen, SBE 43 [ml/l]
# name 7 = sbeox1ML/L: Oxygen, SBE 43, 2 [ml/l]
# name 8 = flECO-AFL: Fluorescence, WET Labs ECO-AFL/FL [mg/m^3]
# name 9 = CStarTr0: Beam Transmission, WET Labs C-Star [%]
# name 10 = par: PAR/Irradiance, Biospherical/Licor
# name 11 = latitude: Latitude [deg]
# name 12 = longitude: Longitude [deg]
# name 13 = timeJ: Julian Days
# name 14 = altM: Altimeter [m]
# name 15 = spar: SPAR, Biospherical/Licor
# name 16 = timeS: Time, Elapsed [seconds]
# name 17 = scan: Scan Count
# name 18 = density00: Density [density, kg/m^3]
# name 19 = density11: Density, 2 [density, kg/m^3]
# name 20 = sal00: Salinity, Practical [PSU]
# name 21 = sal11: Salinity, Practical, 2 [PSU]
# name 22 = oxsolML/L: Oxygen Saturation, Garcia & Gordon [ml/l]
# name 23 = nbin: number of scans per bin
# name 24 = flag: flag
# span 0 =      1.000,   3097.000       
# span 1 =      0.994,   3044.510       
# span 2 =    -1.2048,     2.0374       
# span 3 =  27.308759,  30.722632       
# span 4 =    -1.1900,     2.0371       
# span 5 =  27.323530,  30.722628       
# span 6 =     3.9792,     9.8840       
# span 7 =     3.9759,     9.9490       
# span 8 =    -0.0227,     6.6545       
# span 9 =    89.0813,    97.8852       
# span 10 = 1.0000e-12, 1.0000e-12      
# span 11 =  -63.96594,  -63.96564      
# span 12 =  -66.85620,  -66.85562      
# span 13 = 330.264526, 330.313487      
# span 14 =       7.60,     100.85      
# span 15 = 7.0515e+00, 7.2274e+01      
# span 16 =   4333.080,   8563.305      
# span 17 =     103995,     205520      
# span 18 =  1027.2359,  1042.0729      
# span 19 =  1027.2298,  1042.0719      
# span 20 =    33.8825,    34.7284      
# span 21 =    33.8790,    34.7276      
# span 22 =    7.62152,    8.32646      
# span 23 =         13,         47      
# span 24 = 0.0000e+00, 0.0000e+00      
# interval = decibars: 1                
# start_time = Nov 26 2021 05:08:42 [NMEA time, header]
# bad_flag = -9.990e-29
*END*
   3097.000   3044.510     0.4588  30.493554     0.4595  30.493241     4.6339     4.6699    -0.0119    97.5243 1.0000e-12  -63.96594  -66.85620 330.264526       7.60 7.0515e+00   4333.080     103995  1042.0729  1042.0719    34.6983    34.6972    7.93199         41 0.0000e+00
   3096.000   3043.533     0.4590  30.493261     0.4596  30.492933     4.6323     4.6748    -0.0081    97.5176 1.0000e-12  -63.96592  -66.85619 330.264757       8.52 7.0515e+00   4353.022     104474  1042.0684  1042.0674    34.6982    34.6971    7.93196         38 0.0000e+00
   3095.000   3042.558     0.4588  30.492737     0.4594  30.492463     4.6409     4.6723    -0.0077    97.5111 1.0000e-12  -63.96592  -66.85619 330.264792       9.42 7.0515e+00   4356.046     104546  1042.0640  1042.0631    34.6982    34.6972    7.93200         41 0.0000e+00
   3094.000   3041.581     0.4586  30.492209     0.4593  30.491952     4.6363     4.6767    -0.0132    97.5134 1.0000e-12  -63.96592  -66.85618 330.264828      10.49 7.0515e+00   4359.145     104620  1042.0596  1042.0586    34.6982    34.6971    7.93203         38 0.0000e+00
   3093.000   3040.606     0.4585  30.491728     0.4592  30.491449     4.6298     4.6686    -0.0151    97.5173 1.0000e-12  -63.96592  -66.85620 330.264851      11.25 7.0515e+00   4361.125     104668  1042.0551  1042.0541    34.6982    34.6970    7.93206         28 0.0000e+00
   3092.000   3039.630     0.4582  30.491180     0.4590  30.490937     4.6429     4.6737    -0.0082    97.5226 1.0000e-12  -63.96592  -66.85620 330.264863      12.12 7.0515e+00   4362.169     104693  1042.0508  1042.0498    34.6983    34.6972    7.93211         24 0.0000e+00
   3091.000   3038.653     0.4582  30.490645     0.4588  30.490371     4.6486     4.6682    -0.0077    97.5226 1.0000e-12  -63.96592  -66.85620 330.264875      13.10 7.0515e+00   4363.192     104718  1042.0463  1042.0454    34.6982    34.6971    7.93213         26 0.0000e+00
   3090.000   3037.677     0.4581  30.490273     0.4588  30.489933     4.6356     4.6743    -0.0077    97.5113 1.0000e-12  -63.96592  -66.85618 330.264889      14.17 7.0515e+00   4364.425     104747  1042.0419  1042.0409    34.6982    34.6970    7.93214         32 0.0000e+00
   3089.000   3036.701     0.4580  30.489786     0.4588  30.489636     4.6371     4.6708    -0.0061    97.5087 1.0000e-12  -63.96592  -66.85618 330.264912      15.26 7.0515e+00   4366.374     104794  1042.0374  1042.0365    34.6982    34.6972    7.93217         45 0.0000e+00
   3088.000   3035.726     0.4578  30.489350     0.4587  30.489116     4.6362     4.6745    -0.0001    97.5028 1.0000e-12  -63.96592  -66.85618 330.264940      16.26 7.0515e+00   4368.771     104852  1042.0331  1042.0320    34.6983    34.6971    7.93220         39 0.0000e+00
   3087.000   3034.748     0.4577  30.488830     0.4585  30.488592     4.6359     4.6778    -0.0004    97.5104 1.0000e-12  -63.96592  -66.85619 330.264964      17.13 7.0515e+00   4370.896     104903  1042.0286  1042.0275    34.6982    34.6970    7.93222         27 0.0000e+00
   3086.000   3033.774     0.4577  30.488482     0.4583  30.488122     4.6256     4.6790    -0.0004    97.5152 1.0000e-12  -63.96592  -66.85619 330.264977      17.92 7.0515e+00   4371.997     104929  1042.0241  1042.0232    34.6982    34.6971    7.93221         21 0.0000e+00
   3085.000   3032.796     0.4580  30.488326     0.4585  30.487928     4.6427     4.6676    -0.0097    97.5141 1.0000e-12  -63.96592  -66.85618 330.264986      18.73 7.0515e+00   4372.800     104948  1042.0197  1042.0188    34.6982    34.6972    7.93217         19 0.0000e+00
   3084.000   3031.820     0.4581  30.488090     0.4587  30.487768     4.6395     4.6689    -0.0136    97.5145 1.0000e-12  -63.96592  -66.85618 330.264995      19.72 7.0515e+00   4373.528     104966  1042.0152  1042.0143    34.6982    34.6972    7.93213         17 0.0000e+00
   3083.000   3030.845     0.4582  30.487853     0.4588  30.487515     4.6293     4.6719    -0.0077    97.5087 1.0000e-12  -63.96592  -66.85618 330.265003      20.65 7.0515e+00   4374.291     104984  1042.0107  1042.0099    34.6983    34.6973    7.93211         19 0.0000e+00
   3082.000   3029.868     0.4581  30.487337     0.4587  30.487069     4.6378     4.6680    -0.0077    97.5194 1.0000e-12  -63.96592  -66.85618 330.265014      21.79 7.0515e+00   4375.232     105007  1042.0063  1042.0054    34.6982    34.6972    7.93214         29 0.0000e+00
   3081.000   3028.891     0.4577  30.486557     0.4583  30.486295     4.6351     4.6726    -0.0064    97.5138 1.0000e-12  -63.96592  -66.85618 330.265050      23.03 7.0515e+00   4378.362     105082  1042.0019  1042.0010    34.6982    34.6972    7.93223         34 0.0000e+00
   3080.000   3027.915     0.4578  30.486235     0.4584  30.485963     4.6406     4.6705    -0.0003    97.5166 1.0000e-12  -63.96592  -66.85618 330.265070      23.77 7.0515e+00   4380.043     105122  1041.9974  1041.9965    34.6981    34.6971    7.93220         22 0.0000e+00
   3079.000   3026.942     0.4578  30.486105     0.4585  30.485741     4.6398     4.6715    -0.0004    97.5079 1.0000e-12  -63.96592  -66.85618 330.265079      24.61 7.0515e+00   4380.845     105141  1041.9932  1041.9921    34.6985    34.6972    7.93219         18 0.0000e+00
   3078.000   3025.962     0.4579  30.485559     0.4586  30.485315     4.6321     4.6710    -0.0056    97.5069 1.0000e-12  -63.96592  -66.85618 330.265088      25.50 7.0515e+00   4381.586     105159  1041.9885  1041.9876    34.6981    34.6971    7.93219         17 0.0000e+00
   3077.000   3024.988     0.4578  30.485186     0.4585  30.484864     4.6448     4.6700    -0.0077    97.5060 1.0000e-12  -63.96592  -66.85618 330.265096      26.47 7.0515e+00   4382.328     105177  1041.9842  1041.9831    34.6983    34.6971    7.93221         19 0.0000e+00
   3076.000   3024.011     0.4576  30.484702     0.4583  30.484405     4.6411     4.6725    -0.0077    97.4979 1.0000e-12  -63.96592  -66.85618 330.265106      27.48 7.0515e+00   4383.113     105196  1041.9797  1041.9788    34.6983    34.6971    7.93224         19 0.0000e+00
   3075.000   3023.036     0.4576  30.484298     0.4582  30.483975     4.6387     4.6699    -0.0080    97.5040 1.0000e-12  -63.96592  -66.85618 330.265115      28.52 7.0515e+00   4383.961     105216  1041.9753  1041.9744    34.6983    34.6972    7.93225         21 0.0000e+00
   3074.000   3022.058     0.4574  30.483817     0.4581  30.483510     4.6344     4.6682    -0.0080    97.5232 1.0000e-12  -63.96592  -66.85618 330.265126      29.49 7.0515e+00   4384.877     105238  1041.9709  1041.9699    34.6983    34.6972    7.93228         22 0.0000e+00
   3073.000   3021.083     0.4573  30.483346     0.4580  30.483075     4.6472     4.6686    -0.0119    97.5236 1.0000e-12  -63.96592  -66.85618 330.265138      30.52 7.0515e+00   4385.892     105262  1041.9665  1041.9656    34.6983    34.6972    7.93230         27 0.0000e+00
   3072.000   3020.108     0.4572  30.482959     0.4579  30.482636     4.6356     4.6693    -0.0150    97.5131 1.0000e-12  -63.96592  -66.85618 330.265163      31.69 7.0515e+00   4388.084     105315  1041.9620  1041.9611    34.6984    34.6972    7.93231         32 0.0000e+00
   3071.000   3019.130     0.4572  30.482538     0.4579  30.482198     4.6352     4.6702    -0.0073    97.5151 1.0000e-12  -63.96592  -66.85618 330.265196      32.49 7.0515e+00   4390.931     105383  1041.9576  1041.9566    34.6984    34.6972    7.93233         24 0.0000e+00
   3070.000   3018.157     0.4572  30.482161     0.4578  30.481790     4.6441     4.6683    -0.0077    97.4977 1.0000e-12  -63.96592  -66.85618 330.265204      33.24 7.0515e+00   4391.650     105401  1041.9532  1041.9522    34.6984    34.6972    7.93233         18 0.0000e+00
   3069.000   3017.177     0.4572  30.481837     0.4579  30.481571     4.6327     4.6701    -0.0077    97.5114 1.0000e-12  -63.96592  -66.85618 330.265212      34.13 7.0515e+00   4392.325     105417  1041.9487  1041.9478    34.6984    34.6972    7.93231         15 0.0000e+00
   3068.000   3016.202     0.4573  30.481529     0.4579  30.481255     4.6404     4.6771    -0.0077    97.5187 1.0000e-12  -63.96592  -66.85618 330.265220      35.11 7.0515e+00   4392.977     105432  1041.9442  1041.9434    34.6984    34.6973    7.93230         16 0.0000e+00
   3067.000   3015.227     0.4573  30.481100     0.4581  30.480886     4.6559     4.6814    -0.0077    97.5235 1.0000e-12  -63.96592  -66.85618 330.265227      36.07 7.0515e+00   4393.636     105448  1041.9398  1041.9388    34.6983    34.6972    7.93231         16 0.0000e+00
   3066.000   3014.250     0.4572  30.480859     0.4580  30.480509     4.6434     4.6751    -0.0077    97.5194 1.0000e-12  -63.96592  -66.85618 330.265235      37.12 7.0515e+00   4394.344     105465  1041.9355  1041.9345    34.6985    34.6973    7.93230         18 0.0000e+00
   3065.000   3013.273     0.4571  30.480292     0.4579  30.480095     4.6290     4.6698    -0.0077    97.5080 1.0000e-12  -63.96592  -66.85618 330.265245      38.15 7.0515e+00   4395.166     105485  1041.9310  1041.9300    34.6984    34.6973    7.93233         20 0.0000e+00
   3064.000   3012.298     0.4571  30.479799     0.4578  30.479611     4.6444     4.6677    -0.0094    97.5213 1.0000e-12  -63.96592  -66.85616 330.265258      39.36 7.0515e+00   4396.331     105513  1041.9264  1041.9256    34.6982    34.6973    7.93234         36 0.0000e+00
   3063.000   3011.323     0.4569  30.479250     0.4575  30.479012     4.6408     4.6707    -0.0055    97.5236 1.0000e-12  -63.96592  -66.85617 330.265295      40.49 7.0515e+00   4399.454     105588  1041.9220  1041.9212    34.6983    34.6973    7.93239         36 0.0000e+00
   3062.000   3010.344     0.4568  30.478741     0.4575  30.478480     4.6383     4.6700    -0.0136    97.5236 1.0000e-12  -63.96592  -66.85618 330.265313      41.23 7.0515e+00   4401.062     105626  1041.9176  1041.9166    34.6982    34.6971    7.93241         21 0.0000e+00
   3061.000   3009.370     0.4568  30.478514     0.4575  30.478175     4.6366     4.6685    -0.0076    97.5236 1.0000e-12  -63.96592  -66.85618 330.265322      41.97 7.0515e+00   4401.832     105645  1041.9132  1041.9123    34.6984    34.6972    7.93240         18 0.0000e+00
   3060.000   3008.394     0.4574  30.478773     0.4580  30.478346     4.6338     4.6764    -0.0077    97.5236 1.0000e-12  -63.96592  -66.85618 330.265330      42.90 7.0515e+00   4402.525     105662  1041.9088  1041.9078    34.6985    34.6974    7.93227         16 0.0000e+00
   3059.000   3007.416     0.4576  30.478458     0.4583  30.478269     4.6310     4.6793    -0.0103    97.5236 1.0000e-12  -63.96592  -66.85620 330.265338      43.79 7.0515e+00   4403.204     105678  1041.9042  1041.9034    34.6984    34.6974    7.93224         17 0.0000e+00
   3058.000   3006.440     0.4575  30.478126     0.4581  30.477802     4.6437     4.6723    -0.0149    97.5236 1.0000e-12  -63.96592  -66.85619 330.265346      44.94 7.0515e+00   4403.906     105695  1041.8999  1041.8990    34.6985    34.6975    7.93224         17 0.0000e+00
   3057.000   3005.465     0.4574  30.477605     0.4580  30.477385     4.6473     4.6747    -0.0150    97.5236 1.0000e-12  -63.96592  -66.85618 330.265355      45.92 7.0515e+00   4404.687     105713  1041.8954  1041.8945    34.6985    34.6975    7.93228         20 0.0000e+00
   3056.000   3004.487     0.4571  30.477061     0.4579  30.476911     4.6496     4.6693    -0.0109    97.5236 1.0000e-12  -63.96592  -66.85618 330.265367      47.10 7.0515e+00   4405.676     105737  1041.8910  1041.8901    34.6986    34.6975    7.93232         28 0.0000e+00
   3055.000   3003.511     0.4570  30.476634     0.4577  30.476299     4.6372     4.6707    -0.0086    97.5236 1.0000e-12  -63.96592  -66.85617 330.265383      48.23 7.0515e+00   4407.086     105771  1041.8866  1041.8856    34.6986    34.6974    7.93234         40 0.0000e+00
   3054.000   3002.536     0.4570  30.476128     0.4575  30.475835     4.6417     4.6666    -0.0116    97.5328 1.0000e-12  -63.96592  -66.85616 330.265402      49.17 7.0515e+00   4408.738     105811  1041.8821  1041.8813    34.6985    34.6975    7.93236         39 0.0000e+00
   3053.000   3001.559     0.4567  30.475593     0.4575  30.475367     4.6398     4.6720    -0.0085    97.5362 1.0000e-12  -63.96592  -66.85616 330.265424      50.21 7.0515e+00   4410.638     105856  1041.8778  1041.8768    34.6985    34.6974    7.93240         43 0.0000e+00
   3052.000   3000.584     0.4566  30.475128     0.4575  30.474947     4.6357     4.6680    -0.0117    97.5426 1.0000e-12  -63.96592  -66.85618 330.265445      51.06 7.0515e+00   4412.479     105900  1041.8733  1041.8723    34.6985    34.6974    7.93242         30 0.0000e+00
   3051.000   2999.606     0.4569  30.474980     0.4574  30.474717     4.6312     4.6717    -0.0150    97.5432 1.0000e-12  -63.96592  -66.85618 330.265457      51.91 7.0515e+00   4413.503     105925  1041.8688  1041.8680    34.6985    34.6976    7.93237         21 0.0000e+00
   3050.000   2998.632     0.4572  30.474959     0.4579  30.474719     4.6399     4.6684    -0.0150    97.5323 1.0000e-12  -63.96592  -66.85618 330.265466      52.78 7.0515e+00   4414.305     105944  1041.8644  1041.8635    34.6987    34.6976    7.93231         18 0.0000e+00
   3049.000   2997.655     0.4572  30.474648     0.4580  30.474426     4.6387     4.6673    -0.0142    97.5237 1.0000e-12  -63.96592  -66.85618 330.265475      53.76 7.0515e+00   4415.072     105963  1041.8600  1041.8590    34.6987    34.6976    7.93229         19 0.0000e+00
   3048.000   2996.676     0.4574  30.474486     0.4581  30.474208     4.6384     4.6682    -0.0078    97.5464 1.0000e-12  -63.96592  -66.85618 330.265485      54.81 7.0515e+00   4415.902     105983  1041.8556  1041.8546    34.6988    34.6977    7.93226         21 0.0000e+00
   3047.000   2995.702     0.4572  30.473867     0.4578  30.473620     4.6379     4.6676    -0.0077    97.5493 1.0000e-12  -63.96592  -66.85618 330.265498      55.93 7.0515e+00   4417.035     106010  1041.8510  1041.8502    34.6987    34.6977    7.93230         30 0.0000e+00
   3046.000   2994.726     0.4569  30.473225     0.4577  30.472972     4.6381     4.6686    -0.0124    97.5493 1.0000e-12  -63.96592  -66.85618 330.265520      57.03 7.0515e+00   4418.944     106056  1041.8467  1041.8457    34.6986    34.6975    7.93236         36 0.0000e+00
   3045.000   2993.750     0.4569  30.472838     0.4576  30.472594     4.6480     4.6732    -0.0150    97.5493 1.0000e-12  -63.96592  -66.85618 330.265535      57.85 7.0515e+00   4420.267     106087  1041.8422  1041.8413    34.6986    34.6975    7.93236         25 0.0000e+00
   3044.000   2992.774     0.4569  30.472466     0.4577  30.472252     4.6385     4.6638    -0.0153    97.5493 1.0000e-12  -63.96592  -66.85618 330.265547      58.81 7.0515e+00   4421.243     106111  1041.8378  1041.8368    34.6986    34.6975    7.93236         22 0.0000e+00
   3043.000   2991.795     0.4567  30.471959     0.4575  30.471689     4.6315     4.6713    -0.0043    97.5493 1.0000e-12  -63.96592  -66.85618 330.265558      59.76 7.0515e+00   4422.188     106134  1041.8334  1041.8323    34.6987    34.6975    7.93241         23 0.0000e+00
   3042.000   2990.821     0.4565  30.471411     0.4573  30.471184     4.6439     4.6735    -0.0050    97.5493 1.0000e-12  -63.96592  -66.85618 330.265569      60.79 7.0515e+00   4423.160     106157  1041.8290  1041.8280    34.6986    34.6975    7.93244         24 0.0000e+00
   3041.000   2989.843     0.4562  30.470757     0.4568  30.470356     4.6364     4.6726    -0.0114    97.5493 1.0000e-12  -63.96592  -66.85618 330.265580      61.69 7.0515e+00   4424.146     106181  1041.8245  1041.8236    34.6986    34.6975    7.93250         22 0.0000e+00
