NBP2113_155081_ctd/data/unbp2113_061.cnv
* Sea-Bird SBE 9 Data File:
* FileName = D:\Data\raw\NBP2113_061.hex
* Software Version Seasave V 7.26.7.121
* Temperature SN = 2438
* Conductivity SN = 2067
* Number of Bytes Per Scan = 40
* Number of Voltage Words = 5
* Number of Scans Averaged by the Deck Unit = 1
* NMEA Latitude = 64 46.21 S
* NMEA Longitude = 063 05.90 W
* NMEA UTC (Time) = Dec 13 2021  23:26:08
* NMEA baud rate = 9600
** Ship: RVIB N.B. Palmer
** Cruise: NBP2113 LTER
** Station: 654.005
** Operator: S. Blackman
# nquan = 25
# nvalues = 338                         
# units = specified
# name 0 = prDM: Pressure, Digiquartz [db]
# name 1 = depSM: Depth [salt water, m]
# name 2 = t090C: Temperature [ITS-90, deg C]
# name 3 = c0mS/cm: Conductivity [mS/cm]
# name 4 = t190C: Temperature, 2 [ITS-90, deg C]
# name 5 = c1mS/cm: Conductivity, 2 [mS/cm]
# name 6 = sbeox0ML/L: Oxygen, SBE 43 [ml/l]
# name 7 = sbeox1ML/L: Oxygen, SBE 43, 2 [ml/l]
# name 8 = flECO-AFL: Fluorescence, WET Labs ECO-AFL/FL [mg/m^3]
# name 9 = CStarTr0: Beam Transmission, WET Labs C-Star [%]
# name 10 = par: PAR/Irradiance, Biospherical/Licor
# name 11 = latitude: Latitude [deg]
# name 12 = longitude: Longitude [deg]
# name 13 = timeJ: Julian Days
# name 14 = altM: Altimeter [m]
# name 15 = spar: SPAR, Biospherical/Licor
# name 16 = timeS: Time, Elapsed [seconds]
# name 17 = scan: Scan Count
# name 18 = density00: Density [density, kg/m^3]
# name 19 = density11: Density, 2 [density, kg/m^3]
# name 20 = sal00: Salinity, Practical [PSU]
# name 21 = sal11: Salinity, Practical, 2 [PSU]
# name 22 = oxsolML/L: Oxygen Saturation, Garcia & Gordon [ml/l]
# name 23 = nbin: number of scans per bin
# name 24 = flag: flag
# span 0 =      1.000,    338.000       
# span 1 =      0.990,    334.418       
# span 2 =    -0.4900,     0.8040       
# span 3 =  27.960152,  29.430952       
# span 4 =    -0.4901,     0.7984       
# span 5 =  27.958579,  29.424954       
# span 6 =     4.9720,     7.7453       
# span 7 =     5.0530,     7.4396       
# span 8 =    -0.0213,     1.3868       
# span 9 =    83.4385,    90.0893       
# span 10 = 1.0000e-12, 3.2112e+02      
# span 11 =  -64.77050,  -64.77020      
# span 12 =  -63.09852,  -63.09826      
# span 13 = 347.986579, 347.996222      
# span 14 =      10.14,     100.44      
# span 15 = 4.3719e+02, 1.3186e+03      
# span 16 =    872.401,   1705.564      
# span 17 =      20939,      40935      
# span 18 =  1027.1564,  1029.3461      
# span 19 =  1027.1494,  1029.3449      
# span 20 =    33.7946,    34.5110      
# span 21 =    33.7917,    34.5095      
# span 22 =    7.87241,    8.14154      
# span 23 =         25,         51      
# span 24 = 0.0000e+00, 0.0000e+00      
# interval = decibars: 1                
# start_time = Dec 13 2021 23:26:08 [NMEA time, header]
# bad_flag = -9.990e-29
*END*
[from data line 174]
    164.000    162.330     0.7960  29.414951     0.7947  29.412854     4.9965     5.0693     0.0415    89.7996 1.0000e-12  -64.77044  -63.09832 347.990238      99.97 4.3896e+02   1188.538      28526  1028.4329  1028.4320    34.4998    34.4984    7.87422         29 0.0000e+00
    163.000    161.341     0.7973  29.415587     0.7972  29.414564     5.0054     5.0697     0.0542    89.8088 1.0000e-12  -64.77044  -63.09832 347.990251      99.97 4.3896e+02   1189.723      28554  1028.4280  1028.4271    34.4997    34.4985    7.87395         28 0.0000e+00
    162.000    160.352     0.7994  29.416727     0.7976  29.414350     5.0145     5.0737     0.0514    89.7908 1.0000e-12  -64.77044  -63.09832 347.990265      99.97 4.3744e+02   1190.909      28583  1028.4230  1028.4222    34.4995    34.4983    7.87355         29 0.0000e+00
    161.000    159.362     0.7993  29.416122     0.7982  29.414240     5.0210     5.0829     0.0437    89.8466 1.0000e-12  -64.77044  -63.09832 347.990279      99.97 4.3719e+02   1192.087      28611  1028.4182  1028.4173    34.4993    34.4981    7.87356         28 0.0000e+00
    160.000    158.373     0.7975  29.413452     0.7965  29.411532     5.0225     5.0955     0.0436    89.8923 1.0000e-12  -64.77044  -63.09832 347.990292      99.97 4.3719e+02   1193.255      28639  1028.4130  1028.4120    34.4985    34.4972    7.87398         27 0.0000e+00
    159.000    157.383     0.7952  29.410336     0.7940  29.408239     5.0238     5.0882     0.0487    89.9630 1.0000e-12  -64.77044  -63.09832 347.990306      99.97 4.3743e+02   1194.444      28668  1028.4078  1028.4067    34.4976    34.4962    7.87449         30 0.0000e+00
    158.000    156.394     0.7937  29.408109     0.7919  29.405416     5.0273     5.0938     0.0571    89.9892 1.0000e-12  -64.77044  -63.09832 347.990320      99.97 4.3894e+02   1195.648      28697  1028.4027  1028.4016    34.4969    34.4954    7.87483         29 0.0000e+00
    157.000    155.404     0.7919  29.405677     0.7897  29.402357     5.0288     5.0997     0.0585    89.9505 1.0000e-12  -64.77044  -63.09832 347.990334      99.97 4.3896e+02   1196.851      28725  1028.3978  1028.3964    34.4965    34.4946    7.87523         28 0.0000e+00
    156.000    154.416     0.7883  29.401369     0.7876  29.399693     5.0412     5.1098     0.0514    89.9550 1.0000e-12  -64.77044  -63.09832 347.990348      99.97 4.3909e+02   1198.025      28754  1028.3925  1028.3914    34.4954    34.4940    7.87601         28 0.0000e+00
    155.000    153.425     0.7846  29.396747     0.7839  29.395386     5.0462     5.1130     0.0670    88.6075 1.0000e-12  -64.77044  -63.09832 347.990361      99.97 4.4071e+02   1199.184      28781  1028.3871  1028.3863    34.4942    34.4931    7.87684         28 0.0000e+00
    154.000    152.436     0.7815  29.392963     0.7803  29.390748     5.0514     5.1197     0.0497    89.9968 1.0000e-12  -64.77044  -63.09832 347.990375      99.97 4.4072e+02   1200.358      28810  1028.3819  1028.3808    34.4932    34.4918    7.87750         26 0.0000e+00
    153.000    151.447     0.7784  29.389051     0.7782  29.387988     5.0686     5.1257     0.0451    89.9358 1.0000e-12  -64.77044  -63.09832 347.990388      99.97 4.4162e+02   1201.534      28838  1028.3766  1028.3756    34.4922    34.4910    7.87819         29 0.0000e+00
    152.000    150.457     0.7741  29.384209     0.7750  29.384220     5.0775     5.1378     0.0490    89.8969 1.0000e-12  -64.77044  -63.09832 347.990402      99.97 4.4248e+02   1202.708      28866  1028.3715  1028.3707    34.4913    34.4904    7.87911         27 0.0000e+00
    151.000    149.468     0.7680  29.376888     0.7685  29.376554     5.1058     5.1543     0.0484    89.9703 1.0000e-12  -64.77044  -63.09832 347.990415      99.97 4.4248e+02   1203.880      28894  1028.3656  1028.3647    34.4892    34.4883    7.88047         29 0.0000e+00
    150.000    148.478     0.7589  29.366721     0.7591  29.366393     5.1174     5.1683     0.0552    89.9824 1.0000e-12  -64.77044  -63.09832 347.990429      99.97 4.4248e+02   1205.045      28922  1028.3596  1028.3591    34.4868    34.4861    7.88245         28 0.0000e+00
    149.000    147.488     0.7440  29.350282     0.7414  29.347094     5.1353     5.1910     0.0582    89.9535 1.0000e-12  -64.77044  -63.09832 347.990442      99.97 4.4279e+02   1206.216      28950  1028.3529  1028.3520    34.4826    34.4813    7.88570         28 0.0000e+00
    148.000    146.499     0.7366  29.342723     0.7280  29.332090     5.1501     5.2094     0.0559    89.9366 1.0000e-12  -64.77044  -63.09832 347.990456      99.97 4.4349e+02   1207.395      28978  1028.3478  1028.3452    34.4816    34.4773    7.88726         28 0.0000e+00
    147.000    145.509     0.7165  29.320910     0.7107  29.314505     5.1746     5.2235     0.0479    89.9116 1.0000e-12  -64.77044  -63.09832 347.990470      99.97 4.4267e+02   1208.576      29007  1028.3405  1028.3394    34.4762    34.4743    7.89163         29 0.0000e+00
    146.000    144.521     0.7019  29.305267     0.6981  29.300077     5.2021     5.2433     0.0460    89.9054 1.0000e-12  -64.77044  -63.09832 347.990483      99.97 4.4248e+02   1209.767      29035  1028.3340  1028.3323    34.4727    34.4702    7.89479         28 0.0000e+00
    145.000    143.530     0.6871  29.289124     0.6840  29.285463     5.2309     5.2557     0.0617    89.9780 1.0000e-12  -64.77043  -63.09832 347.990497      99.97 4.4248e+02   1210.958      29064  1028.3273  1028.3265    34.4688    34.4675    7.89802         29 0.0000e+00
    144.000    142.540     0.6703  29.271197     0.6713  29.270859     5.2356     5.2699     0.0536    89.9716 1.0000e-12  -64.77044  -63.09832 347.990511      99.97 4.4399e+02   1212.139      29092  1028.3205  1028.3192    34.4647    34.4632    7.90165         28 0.0000e+00
    143.000    141.553     0.6614  29.261539     0.6602  29.259591     5.2342     5.2829     0.0372    89.9800 1.0000e-12  -64.77042  -63.09832 347.990525      99.97 4.4425e+02   1213.334      29121  1028.3147  1028.3138    34.4626    34.4615    7.90358         28 0.0000e+00
    142.000    140.562     0.6548  29.254102     0.6546  29.252768     5.2451     5.2902     0.0435    89.9915 1.0000e-12  -64.77042  -63.09832 347.990539      99.97 4.4554e+02   1214.532      29150  1028.3089  1028.3077    34.4609    34.4594    7.90502         28 0.0000e+00
    141.000    139.572     0.6482  29.246444     0.6496  29.247367     5.2509     5.3010     0.0436    90.0152 1.0000e-12  -64.77042  -63.09832 347.990552      99.97 4.4679e+02   1215.707      29178  1028.3029  1028.3024    34.4589    34.4585    7.90649         27 0.0000e+00
    140.000    138.582     0.6417  29.238885     0.6405  29.237180     5.2612     5.3076     0.0450    89.9448 1.0000e-12  -64.77042  -63.09833 347.990566      99.96 4.4812e+02   1216.868      29206  1028.2969  1028.2963    34.4569    34.4560    7.90792         26 0.0000e+00
    139.000    137.592     0.6378  29.234572     0.6367  29.232151     5.2561     5.3195     0.0497    89.9763 1.0000e-12  -64.77042  -63.09833 347.990579      99.97 4.4988e+02   1218.037      29234  1028.2917  1028.2902    34.4562    34.4543    7.90875         26 0.0000e+00
    138.000    136.605     0.6322  29.228029     0.6298  29.224889     5.2636     5.3280     0.0437    89.9619 1.0000e-12  -64.77042  -63.09834 347.990593      99.97 4.5308e+02   1219.209      29262  1028.2860  1028.2850    34.4545    34.4531    7.90999         27 0.0000e+00
    137.000    135.614     0.6276  29.222853     0.6253  29.219349     5.2770     5.3306     0.0403    89.9446 1.0000e-12  -64.77042  -63.09832 347.990606      99.97 4.5502e+02   1220.374      29290  1028.2806  1028.2791    34.4535    34.4515    7.91098         27 0.0000e+00
    136.000    134.626     0.6246  29.218976     0.6236  29.217159     5.2798     5.3367     0.0396    89.9980 1.0000e-12  -64.77042  -63.09833 347.990620      99.97 4.5714e+02   1221.556      29318  1028.2751  1028.2741    34.4524    34.4511    7.91166         28 0.0000e+00
    135.000    133.634     0.6227  29.216439     0.6199  29.212678     5.2878     5.3446     0.0396    89.9075 1.0000e-12  -64.77042  -63.09833 347.990634      99.97 4.5939e+02   1222.749      29347  1028.2699  1028.2687    34.4518    34.4501    7.91208         28 0.0000e+00
    134.000    132.644     0.6149  29.208080     0.6159  29.208112     5.3075     5.3588     0.0499    89.9272 1.0000e-12  -64.77042  -63.09833 347.990647      99.97 4.6140e+02   1223.922      29375  1028.2643  1028.2634    34.4502    34.4491    7.91376         28 0.0000e+00
    133.000    131.657     0.6070  29.199061     0.6051  29.196065     5.3126     5.3657     0.0532    89.9174 1.0000e-12  -64.77042  -63.09834 347.990661      99.97 4.6350e+02   1225.099      29403  1028.2583  1028.2570    34.4479    34.4461    7.91551         28 0.0000e+00
    132.000    130.666     0.6015  29.192351     0.5999  29.189728     5.3192     5.3747     0.0509    89.9719 1.0000e-12  -64.77042  -63.09832 347.990675      99.97 4.6522e+02   1226.278      29432  1028.2522  1028.2511    34.4458    34.4442    7.91674         28 0.0000e+00
    131.000    129.676     0.5966  29.186747     0.5945  29.183445     5.3213     5.3799     0.0509    89.9638 1.0000e-12  -64.77042  -63.09834 347.990688      99.97 4.6685e+02   1227.456      29460  1028.2468  1028.2454    34.4445    34.4426    7.91780         29 0.0000e+00
    130.000    128.687     0.5931  29.182190     0.5918  29.180122     5.3274     5.3831     0.0573    89.9857 1.0000e-12  -64.77042  -63.09834 347.990702      99.97 4.6896e+02   1228.648      29489  1028.2411  1028.2402    34.4431    34.4419    7.91860         29 0.0000e+00
    129.000    127.697     0.5929  29.181448     0.5928  29.180588     5.3305     5.3910     0.0431    89.9900 1.0000e-12  -64.77042  -63.09834 347.990716      99.97 4.7137e+02   1229.850      29517  1028.2361  1028.2352    34.4430    34.4420    7.91865         28 0.0000e+00
    128.000    126.709     0.5890  29.177068     0.5882  29.175378     5.3416     5.4036     0.0380    90.0011 1.0000e-12  -64.77042  -63.09834 347.990730      99.97 4.7341e+02   1231.035      29546  1028.2309  1028.2299    34.4422    34.4409    7.91949         29 0.0000e+00
    127.000    125.718     0.5853  29.172415     0.5843  29.170575     5.3465     5.4105     0.0492    89.9385 1.0000e-12  -64.77042  -63.09834 347.990743      99.97 4.7613e+02   1232.212      29574  1028.2253  1028.2244    34.4408    34.4396    7.92032         28 0.0000e+00
    126.000    124.728     0.5827  29.169334     0.5810  29.166412     5.3506     5.4145     0.0475    90.0155 1.0000e-12  -64.77042  -63.09834 347.990757      99.97 4.7855e+02   1233.392      29602  1028.2202  1028.2189    34.4403    34.4384    7.92088         28 0.0000e+00
    125.000    123.740     0.5788  29.164497     0.5781  29.162766     5.3670     5.4276     0.0532    89.9873 1.0000e-12  -64.77042  -63.09834 347.990770      99.97 4.8088e+02   1234.556      29630  1028.2146  1028.2135    34.4389    34.4375    7.92175         28 0.0000e+00
    124.000    122.750     0.5751  29.160007     0.5715  29.155383     5.3867     5.4340     0.0493    89.9881 1.0000e-12  -64.77042  -63.09834 347.990784      99.97 4.8304e+02   1235.732      29659  1028.2092  1028.2079    34.4378    34.4358    7.92257         28 0.0000e+00
    123.000    121.759     0.5676  29.151172     0.5624  29.144550     5.3896     5.4439     0.0547    89.9165 1.0000e-12  -64.77042  -63.09834 347.990798      99.97 4.8516e+02   1236.921      29687  1028.2030  1028.2011    34.4352    34.4324    7.92425         29 0.0000e+00
    122.000    120.770     0.5606  29.142733     0.5626  29.144386     5.3846     5.4449     0.0467    89.9007 1.0000e-12  -64.77042  -63.09834 347.990811      99.97 4.8719e+02   1238.103      29715  1028.1966  1028.1963    34.4327    34.4326    7.92583         28 0.0000e+00
    121.000    119.782     0.5593  29.140757     0.5579  29.138604     5.3844     5.4473     0.0528    89.9638 4.5147e-05  -64.77042  -63.09834 347.990825      99.97 4.8909e+02   1239.280      29744  1028.1915  1028.1905    34.4322    34.4308    7.92613         28 0.0000e+00
    120.000    118.791     0.5574  29.138390     0.5566  29.136628     5.3875     5.4556     0.0530    89.9522 1.9194e-03  -64.77042  -63.09834 347.990838      99.97 4.9193e+02   1240.446      29772  1028.1865  1028.1854    34.4317    34.4303    7.92653         28 0.0000e+00
    119.000    117.802     0.5552  29.135511     0.5547  29.134029     5.3879     5.4553     0.0503    89.9382 4.6755e-03  -64.77042  -63.09834 347.990852      99.97 4.9517e+02   1241.624      29800  1028.1813  1028.1802    34.4310    34.4296    7.92703         28 0.0000e+00
    118.000    116.812     0.5538  29.133412     0.5538  29.132734     5.3918     5.4579     0.0509    89.9210 7.5374e-03  -64.77042  -63.09834 347.990866      99.97 5.0033e+02   1242.810      29828  1028.1761  1028.1753    34.4305    34.4296    7.92735         28 0.0000e+00
    117.000    115.822     0.5518  29.130874     0.5520  29.130199     5.3976     5.4636     0.0575    89.9618 1.0357e-02  -64.77042  -63.09834 347.990879      99.97 5.0783e+02   1243.988      29857  1028.1711  1028.1702    34.4300    34.4289    7.92778         28 0.0000e+00
    116.000    114.833     0.5497  29.128102     0.5494  29.126990     5.4045     5.4658     0.0585    89.9401 1.3725e-02  -64.77042  -63.09834 347.990893      99.97 5.1745e+02   1245.159      29885  1028.1659  1028.1649    34.4293    34.4281    7.92825         28 0.0000e+00
    115.000    113.843     0.5479  29.125645     0.5478  29.124601     5.4014     5.4703     0.0630    89.9149 1.6510e-02  -64.77042  -63.09834 347.990907      99.97 5.2798e+02   1246.336      29913  1028.1607  1028.1596    34.4286    34.4274    7.92864         29 0.0000e+00
    114.000    112.853     0.5479  29.125188     0.5468  29.123110     5.4069     5.4735     0.0449    89.9440 2.0101e-02  -64.77042  -63.09834 347.990920      99.97 5.3903e+02   1247.524      29942  1028.1559  1028.1548    34.4287    34.4271    7.92865         28 0.0000e+00
    113.000    111.863     0.5457  29.122195     0.5447  29.120312     5.4076     5.4781     0.0486    89.9443 2.3638e-02  -64.77041  -63.09834 347.990934      99.97 5.4943e+02   1248.704      29970  1028.1506  1028.1496    34.4278    34.4265    7.92915         29 0.0000e+00
    112.000    110.874     0.5445  29.120425     0.5433  29.118105     5.4106     5.4844     0.0410    89.9440 2.7167e-02  -64.77040  -63.09834 347.990948      99.97 5.5878e+02   1249.889      29998  1028.1456  1028.1443    34.4275    34.4257    7.92942         28 0.0000e+00
    111.000    109.884     0.5421  29.117338     0.5409  29.115026     5.4162     5.4904     0.0420    89.9550 3.0891e-02  -64.77040  -63.09834 347.990962      99.97 5.6597e+02   1251.088      30027  1028.1404  1028.1391    34.4267    34.4250    7.92995         29 0.0000e+00
    110.000    108.895     0.5393  29.113448     0.5373  29.110180     5.4315     5.4929     0.0546    89.9532 3.5134e-02  -64.77040  -63.09834 347.990975      99.97 5.7187e+02   1252.271      30056  1028.1348  1028.1332    34.4253    34.4232    7.93059         28 0.0000e+00
    109.000    107.905     0.5360  29.108892     0.5363  29.108480     5.4475     5.5060     0.0582    89.9376 3.9439e-02  -64.77040  -63.09834 347.990989      99.97 5.7669e+02   1253.432      30083  1028.1289  1028.1281    34.4236    34.4227    7.93136         28 0.0000e+00
    108.000    106.915     0.5329  29.104671     0.5327  29.103643     5.4598     5.5166     0.0532    89.9416 4.3911e-02  -64.77040  -63.09834 347.991002      99.97 5.7996e+02   1254.612      30112  1028.1232  1028.1223    34.4222    34.4210    7.93209         29 0.0000e+00
