NBP2113_155081_ctd/data/unbp2113_050.cnv
* Sea-Bird SBE 9 Data File:
* FileName = D:\Data\raw\NBP2113_050.hex
* Software Version Seasave V 7.26.7.121
* Temperature SN = 2438
* Conductivity SN = 2067
* Number of Bytes Per Scan = 40
* Number of Voltage Words = 5
* Number of Scans Averaged by the Deck Unit = 1
* NMEA Latitude = 64 56.46 S
* NMEA Longitude = 064 42.01 W
* NMEA UTC (Time) = Dec 11 2021  13:44:32
* NMEA baud rate = 9600
** Ship: RVIB N.B. Palmer
** Cruise: NBP2113 LTER
** Station: 590.050
** Operator: B. Urmston
# nquan = 25
# nvalues = 394                         
# units = specified
# name 0 = prDM: Pressure, Digiquartz [db]
# name 1 = depSM: Depth [salt water, m]
# name 2 = t090C: Temperature [ITS-90, deg C]
# name 3 = c0mS/cm: Conductivity [mS/cm]
# name 4 = t190C: Temperature, 2 [ITS-90, deg C]
# name 5 = c1mS/cm: Conductivity, 2 [mS/cm]
# name 6 = sbeox0ML/L: Oxygen, SBE 43 [ml/l]
# name 7 = sbeox1ML/L: Oxygen, SBE 43, 2 [ml/l]
# name 8 = flECO-AFL: Fluorescence, WET Labs ECO-AFL/FL [mg/m^3]
# name 9 = CStarTr0: Beam Transmission, WET Labs C-Star [%]
# name 10 = par: PAR/Irradiance, Biospherical/Licor
# name 11 = latitude: Latitude [deg]
# name 12 = longitude: Longitude [deg]
# name 13 = timeJ: Julian Days
# name 14 = altM: Altimeter [m]
# name 15 = spar: SPAR, Biospherical/Licor
# name 16 = timeS: Time, Elapsed [seconds]
# name 17 = scan: Scan Count
# name 18 = density00: Density [density, kg/m^3]
# name 19 = density11: Density, 2 [density, kg/m^3]
# name 20 = sal00: Salinity, Practical [PSU]
# name 21 = sal11: Salinity, Practical, 2 [PSU]
# name 22 = oxsolML/L: Oxygen Saturation, Garcia & Gordon [ml/l]
# name 23 = nbin: number of scans per bin
# name 24 = flag: flag
# span 0 =      1.000,    394.000       
# span 1 =      0.989,    389.770       
# span 2 =    -0.9844,     1.3610       
# span 3 =  27.333559,  30.126600       
# span 4 =    -0.9820,     1.3607       
# span 5 =  27.331849,  30.125138       
# span 6 =     4.1804,     8.6449       
# span 7 =     4.2428,     8.5360       
# span 8 =    -0.0227,     1.3956       
# span 9 =    82.1989,    92.0056       
# span 10 = 1.0000e-12, 1.0082e+03      
# span 11 =  -64.94108,  -64.94072      
# span 12 =  -64.70039,  -64.69986      
# span 13 = 345.583510, 345.593043      
# span 14 =       7.47,      99.99      
# span 15 = 9.3079e+02, 1.0137e+03      
# span 16 =    943.287,   1766.881      
# span 17 =      22640,      42406      
# span 18 =  1027.0033,  1029.5997      
# span 19 =  1027.0016,  1029.5984      
# span 20 =    33.5842,    34.6569      
# span 21 =    33.5822,    34.6553      
# span 22 =    7.75283,    8.28986      
# span 23 =         11,         47      
# span 24 = 0.0000e+00, 0.0000e+00      
# interval = decibars: 1                
# start_time = Dec 11 2021 13:44:32 [NMEA time, header]
# bad_flag = -9.990e-29
*END*
[from data line 348]
     46.000     45.544    -0.5405  27.865564    -0.5343  27.872845     6.8225     6.7479     0.2766    90.9213 1.0528e+01  -64.94082  -64.69996 345.590689      99.97 9.4667e+02   1563.566      37527  1027.5644  1027.5657    34.0181    34.0210    8.18075         20 0.0000e+00
     45.000     44.554    -0.5784  27.806114    -0.5736  27.813441     6.8548     6.7741     0.3098    90.8844 1.0962e+01  -64.94082  -64.69996 345.590699      99.97 9.4667e+02   1564.371      37546  1027.5318  1027.5348    33.9813    33.9858    8.19107         19 0.0000e+00
     44.000     43.564    -0.5800  27.797213    -0.5787  27.798013     6.8253     6.7702     0.3574    90.7792 1.1352e+01  -64.94080  -64.69996 345.590710      99.97 9.4667e+02   1565.358      37570  1027.5186  1027.5180    33.9717    33.9713    8.19196         31 0.0000e+00
     43.000     42.575    -0.5744  27.809150    -0.5609  27.825264     6.7674     6.7878     0.3699    90.7720 1.2405e+01  -64.94080  -64.69994 345.590780      99.97 9.4667e+02   1571.409      37715  1027.5193  1027.5237    33.9821    33.9887    8.19015         30 0.0000e+00
     42.000     41.584    -0.6031  27.777142    -0.5977  27.783797     6.7948     6.8204     0.3659    90.7546 1.3356e+01  -64.94079  -64.69996 345.590805      99.97 9.4600e+02   1573.557      37766  1027.5076  1027.5096    33.9719    33.9747    8.19697         24 0.0000e+00
     41.000     40.594    -0.6265  27.749040    -0.6273  27.745431     6.8120     6.8266     0.4340    90.6764 1.3878e+01  -64.94078  -64.69996 345.590819      99.97 9.4573e+02   1574.777      37796  1027.4953  1027.4922    33.9608    33.9568    8.20267         32 0.0000e+00
     40.000     39.605    -0.6184  27.731494    -0.6130  27.733384     6.9247     6.9802     0.5761    90.3615 1.4739e+01  -64.94078  -64.69996 345.590890      99.97 9.4670e+02   1580.882      37942  1027.4627  1027.4595    33.9287    33.9252    8.20278         34 0.0000e+00
     39.000     38.614    -0.6283  27.733453    -0.6295  27.735069     7.1654     7.1536     0.5846    90.3749 1.5732e+01  -64.94078  -64.69997 345.590933      99.97 9.4608e+02   1584.636      38032  1027.4696  1027.4726    33.9430    33.9466    8.20408         24 0.0000e+00
     38.000     37.624    -0.6294  27.720189    -0.6279  27.714098     7.2965     7.2213     0.5035    90.5020 1.6191e+01  -64.94078  -64.69997 345.590944      99.97 9.4571e+02   1585.553      38054  1027.4519  1027.4438    33.9271    33.9171    8.20526         22 0.0000e+00
     37.000     36.633    -0.6452  27.679006    -0.6399  27.682385     7.2760     7.2080     0.5316    90.3089 1.6563e+01  -64.94078  -64.69996 345.590956      99.97 9.4661e+02   1586.617      38080  1027.4181  1027.4166    33.8898    33.8884    8.21084         32 0.0000e+00
     36.000     35.644    -0.6947  27.630055    -0.6860  27.637117     7.1969     7.2357     0.5841    90.2160 1.8428e+01  -64.94077  -64.69996 345.591027      99.97 9.4527e+02   1592.746      38227  1027.4080  1027.4074    33.8798    33.8796    8.22219         32 0.0000e+00
     35.000     34.652    -0.7351  27.586574    -0.7234  27.598320     7.2261     7.2350     0.6044    90.2388 1.9593e+01  -64.94076  -64.69996 345.591060      99.97 9.4671e+02   1595.576      38295  1027.3952  1027.3969    33.8670    33.8697    8.23173         30 0.0000e+00
     34.000     33.664    -0.7451  27.577098    -0.7817  27.546519     7.1679     7.2370     0.6562    90.2605 1.8984e+01  -64.94076  -64.69994 345.591100      99.97 9.4667e+02   1599.031      38378  1027.3889  1027.3913    33.8660    33.8657    8.23398         39 0.0000e+00
     33.000     32.675    -0.8012  27.522475    -0.8052  27.520146     7.1777     7.2366     0.6438    90.2576 2.0786e+01  -64.94076  -64.69994 345.591130      99.97 9.4667e+02   1601.628      38440  1027.3791  1027.3802    33.8556    33.8570    8.24684         34 0.0000e+00
     32.000     31.684    -0.8728  27.455366    -0.8784  27.447026     7.1950     7.2269     0.6343    90.2495 2.3465e+01  -64.94076  -64.69996 345.591188      99.97 9.4667e+02   1606.660      38561  1027.3693  1027.3659    33.8457    33.8406    8.26311         31 0.0000e+00
     31.000     30.694    -0.9180  27.407114    -0.9096  27.415021     7.2110     7.2447     0.6215    90.2485 2.5076e+01  -64.94076  -64.69996 345.591201      99.97 9.4667e+02   1607.774      38588  1027.3557  1027.3562    33.8316    33.8329    8.27389         30 0.0000e+00
     30.000     29.704    -0.9543  27.367737    -0.9480  27.372736     7.2120     7.2658     0.6336    90.1406 2.6255e+01  -64.94075  -64.69996 345.591407      99.97 9.4667e+02   1625.567      39015  1027.3404  1027.3401    33.8195    33.8192    8.28259         32 0.0000e+00
     29.000     28.714    -0.9722  27.347287    -0.9707  27.348126     7.2646     7.2966     0.6525    90.1032 2.6985e+01  -64.94074  -64.69995 345.591589      99.97 9.4634e+02   1641.312      39392  1027.3292  1027.3288    33.8124    33.8118    8.28695         34 0.0000e+00
     28.000     27.724    -0.9821  27.337089    -0.9807  27.336054     7.2736     7.3048     0.6813    90.1111 2.7969e+01  -64.94074  -64.69993 345.591616      99.97 9.4667e+02   1643.624      39448  1027.3233  1027.3209    33.8103    33.8073    8.28926         39 0.0000e+00
     27.000     26.736    -0.9844  27.333559    -0.9817  27.335516     7.2684     7.3096     0.6572    90.0432 3.0856e+01  -64.94074  -64.69992 345.591638      99.97 9.4647e+02   1645.493      39493  1027.3172  1027.3167    33.8087    33.8082    8.28986         30 0.0000e+00
     26.000     25.743    -0.9785  27.334603    -0.9820  27.331849     7.3829     7.3728     0.6931    89.8154 3.3243e+01  -64.94074  -64.69992 345.591675      99.97 9.4619e+02   1648.721      39570  1027.3084  1027.3086    33.8041    33.8042    8.28883         40 0.0000e+00
     25.000     24.753    -0.9595  27.340917    -0.9636  27.336630     7.4784     7.4801     0.8051    89.4204 3.6344e+01  -64.94074  -64.69992 345.591700      99.96 9.4668e+02   1650.903      39623  1027.2923  1027.2916    33.7919    33.7906    8.28534         43 0.0000e+00
     24.000     23.763    -0.9386  27.353220    -0.9117  27.369282     7.5414     7.5639     0.8983    89.3418 3.9049e+01  -64.94074  -64.69992 345.591724      99.97 9.4667e+02   1652.963      39672  1027.2814  1027.2728    33.7858    33.7774    8.28110         41 0.0000e+00
     23.000     22.771    -0.9046  27.375286    -0.8998  27.379709     7.5363     7.5456     0.8997    89.2141 4.0176e+01  -64.94074  -64.69991 345.591769      99.97 9.4667e+02   1656.817      39765  1027.2688  1027.2692    33.7782    33.7788    8.27406         29 0.0000e+00
     22.000     21.784    -0.8716  27.402943    -0.8855  27.388813     7.5060     7.5569     0.9187    89.2122 4.3840e+01  -64.94074  -64.69990 345.591803      99.97 9.4667e+02   1659.743      39835  1027.2631  1027.2614    33.7794    33.7757    8.26673         36 0.0000e+00
     21.000     20.794    -0.8744  27.401220    -0.8681  27.403344     7.6480     7.6378     0.9931    88.6128 4.9469e+01  -64.94074  -64.69990 345.591831      99.96 9.4586e+02   1662.223      39894  1027.2602  1027.2567    33.7808    33.7766    8.26727         23 0.0000e+00
     20.000     19.802    -0.7631  27.485731    -0.7655  27.482635     7.8334     7.7253     1.1037    88.2504 5.2677e+01  -64.94074  -64.69990 345.591863      99.97 9.4652e+02   1664.960      39960  1027.2407  1027.2398    33.7712    33.7697    8.24345         42 0.0000e+00
     19.000     18.813    -0.7775  27.479912    -0.7607  27.488668     7.7203     7.7158     1.1148    88.0778 5.4712e+01  -64.94074  -64.69988 345.591902      99.96 9.4578e+02   1668.319      40041  1027.2456  1027.2388    33.7800    33.7730    8.24608         37 0.0000e+00
     18.000     17.823    -0.7424  27.500426    -0.7498  27.495102     7.8147     7.8057     1.1048    87.9750 6.0529e+01  -64.94074  -64.69986 345.591939      99.97 9.4490e+02   1671.554      40118  1027.2306  1027.2314    33.7692    33.7702    8.23903         37 0.0000e+00
     17.000     16.830    -0.6708  27.559991    -0.6669  27.561240     7.8277     7.8414     1.1267    87.5121 7.3719e+01  -64.94074  -64.69988 345.591965      99.97 9.4490e+02   1673.799      40172  1027.2224  1027.2197    33.7701    33.7674    8.22334         39 0.0000e+00
     16.000     15.843    -0.6565  27.567012    -0.6648  27.554507     7.8346     7.8780     1.1053    87.3783 8.0019e+01  -64.94074  -64.69989 345.592003      99.97 9.4552e+02   1677.085      40251  1027.2130  1027.2074    33.7643    33.7566    8.22058         37 0.0000e+00
     15.000     14.850    -0.6650  27.550743    -0.6819  27.526180     7.8440     7.8916     1.1304    86.9063 8.6156e+01  -64.94073  -64.69987 345.592038      99.96 9.4588e+02   1680.079      40323  1027.1997  1027.1890    33.7524    33.7381    8.22311         29 0.0000e+00
     14.000     13.863    -0.6744  27.539798    -0.6774  27.531592     7.9357     7.9509     1.2577    84.1935 1.0545e+02  -64.94073  -64.69987 345.592094      99.96 9.4490e+02   1684.890      40438  1027.1933  1027.1871    33.7487    33.7410    8.22537         31 0.0000e+00
     13.000     12.872    -0.6985  27.473341    -0.6998  27.469944     8.0773     8.0578     1.3956    83.3070 1.1779e+02  -64.94072  -64.69990 345.592122      99.97 9.4490e+02   1687.376      40498  1027.1400  1027.1373    33.6865    33.6834    8.23424         39 0.0000e+00
     12.000     11.881    -0.7028  27.442536    -0.7055  27.432181     8.0650     8.0755     1.3908    82.5818 1.2784e+02  -64.94072  -64.69988 345.592164      99.97 9.4366e+02   1691.008      40585  1027.1061  1027.0972    33.6503    33.6393    8.23728         38 0.0000e+00
     11.000     10.893    -0.7064  27.426131    -0.7071  27.424970     8.0603     8.0700     1.3168    82.3997 1.4324e+02  -64.94072  -64.69987 345.592215      99.97 9.4198e+02   1695.358      40690  1027.0872  1027.0864    33.6327    33.6319    8.23908         39 0.0000e+00
     10.000      9.902    -0.7113  27.407442    -0.7120  27.406179     8.0670     8.1037     1.2132    82.1989 1.5942e+02  -64.94072  -64.69992 345.592261      99.97 9.4314e+02   1699.349      40785  1027.0672  1027.0663    33.6136    33.6126    8.24127         27 0.0000e+00
      9.000      8.910    -0.7168  27.393325    -0.7186  27.389026     8.0492     8.1027     1.1287    82.2960 1.8783e+02  -64.94072  -64.69991 345.592277      99.97 9.4314e+02   1700.753      40819  1027.0526  1027.0496    33.6012    33.5975    8.24318         35 0.0000e+00
      8.000      7.922    -0.7201  27.383895    -0.7207  27.382585     8.0482     8.1233     0.8902    82.7029 2.0541e+02  -64.94072  -64.69990 345.592365      99.97 9.4231e+02   1708.332      41001  1027.0409  1027.0400    33.5928    33.5917    8.24440         35 0.0000e+00
      7.000      6.932    -0.7211  27.381707    -0.7209  27.381535     8.0730     8.1185     0.9423    82.6854 2.3661e+02  -64.94072  -64.69992 345.592377      99.97 9.4141e+02   1709.414      41027  1027.0352  1027.0347    33.5916    33.5911    8.24469         28 0.0000e+00
      6.000      5.941    -0.7211  27.378852    -0.7228  27.375839     8.0665     8.1119     0.8843    83.1199 2.6663e+02  -64.94072  -64.69993 345.592431      99.06 9.4081e+02   1714.011      41137  1027.0276  1027.0259    33.5883    33.5861    8.24488         39 0.0000e+00
      5.000      4.950    -0.7173  27.378554    -0.7137  27.379991     8.0772     8.1086     0.6916    83.3961 3.0225e+02  -64.94072  -64.69993 345.592600      99.99 9.3858e+02   1728.659      41489  1027.0193  1027.0175    33.5842    33.5822    8.24428         40 0.0000e+00
      4.000      3.962    -0.6701  27.426523    -0.6695  27.425896     8.6449     8.5360     0.6434    83.6152 3.5518e+02  -64.94074  -64.69996 345.592942      99.97 9.3201e+02   1758.226      42198  1027.0231  1027.0217    33.5972    33.5957    8.23324         40 0.0000e+00
      3.000      2.971    -0.6775  27.412812    -0.6653  27.426683 -9.990e-29 -9.990e-29     0.6264    83.5749 4.0100e+02  -64.94074  -64.69996 345.593025      99.97 9.3079e+02   1765.363      42370  1027.0114  1027.0146    33.5875    33.5926    8.23541         23 0.0000e+00
      2.000      1.979    -0.6711  27.420986    -0.6712  27.421235 -9.990e-29 -9.990e-29     0.6080    83.5505 4.9257e+02  -64.94074  -64.69998 345.593034      99.97 9.3080e+02   1766.168      42389  1027.0095  1027.0100    33.5920    33.5925    8.23374         17 0.0000e+00
      1.000      0.989    -0.6787  27.412507    -0.6732  27.415740 -9.990e-29 -9.990e-29     0.5982    83.5921 1.0082e+03  -64.94074  -64.69998 345.593043      99.96 9.3080e+02   1766.881      42406  1027.0033  1027.0016    33.5896    33.5879    8.23554         16 0.0000e+00
