NBP2113_155081_ctd/data/unbp2113_004.cnv
* Sea-Bird SBE 9 Data File:
* FileName = D:\Data\raw\NBP2113_004.hex
* Software Version Seasave V 7.26.7.121
* Temperature SN = 2438
* Conductivity SN = 2067
* Number of Bytes Per Scan = 40
* Number of Voltage Words = 5
* Number of Scans Averaged by the Deck Unit = 1
* NMEA Latitude = 63 46.12 S
* NMEA Longitude = 062 51.59 W
* NMEA UTC (Time) = Nov 23 2021  06:30:17
* NMEA baud rate = 9600
** Ship: RVIB N.B. Palmer
** Cruise: NBP2113 LTER
** Station: 747.068
** Operator: B. Urmston
# nquan = 25
# nvalues = 369                         
# units = specified
# name 0 = prDM: Pressure, Digiquartz [db]
# name 1 = depSM: Depth [salt water, m]
# name 2 = t090C: Temperature [ITS-90, deg C]
# name 3 = c0mS/cm: Conductivity [mS/cm]
# name 4 = t190C: Temperature, 2 [ITS-90, deg C]
# name 5 = c1mS/cm: Conductivity, 2 [mS/cm]
# name 6 = sbeox0ML/L: Oxygen, SBE 43 [ml/l]
# name 7 = sbeox1ML/L: Oxygen, SBE 43, 2 [ml/l]
# name 8 = flECO-AFL: Fluorescence, WET Labs ECO-AFL/FL [mg/m^3]
# name 9 = CStarTr0: Beam Transmission, WET Labs C-Star [%]
# name 10 = par: PAR/Irradiance, Biospherical/Licor
# name 11 = latitude: Latitude [deg]
# name 12 = longitude: Longitude [deg]
# name 13 = timeJ: Julian Days
# name 14 = altM: Altimeter [m]
# name 15 = spar: SPAR, Biospherical/Licor
# name 16 = timeS: Time, Elapsed [seconds]
# name 17 = scan: Scan Count
# name 18 = density00: Density [density, kg/m^3]
# name 19 = density11: Density, 2 [density, kg/m^3]
# name 20 = sal00: Salinity, Practical [PSU]
# name 21 = sal11: Salinity, Practical, 2 [PSU]
# name 22 = oxsolML/L: Oxygen Saturation, Garcia & Gordon [ml/l]
# name 23 = nbin: number of scans per bin
# name 24 = flag: flag
# span 0 =      1.000,    369.000       
# span 1 =      0.991,    365.088       
# span 2 =    -0.7613,     1.5849       
# span 3 =  27.716418,  30.328243       
# span 4 =    -0.7611,     1.5850       
# span 5 =  27.716325,  30.326982       
# span 6 =     4.1580,    10.2392       
# span 7 =     4.1428,    10.0637       
# span 8 =    -0.0223,     1.4867       
# span 9 =    91.4292,    99.4814       
# span 10 = 1.0000e-12, 4.7478e+01      
# span 11 =  -63.76812,  -63.76768      
# span 12 =  -62.86104,  -62.86028      
# span 13 = 327.285672, 327.296999      
# span 14 =       6.17,     100.73      
# span 15 = 1.7629e+01, 3.4837e+01      
# span 16 =   1265.064,   2243.714      
# span 17 =      30363,      53850      
# span 18 =  1027.2892,  1029.4946      
# span 19 =  1027.2860,  1029.4933      
# span 20 =    33.9501,    34.6944      
# span 21 =    33.9463,    34.6929      
# span 22 =    7.70747,    8.22650      
# span 23 =         14,         50      
# span 24 = 0.0000e+00, 0.0000e+00      
# interval = decibars: 1                
# start_time = Nov 23 2021 06:30:17 [NMEA time, header]
# bad_flag = -9.990e-29
*END*
[from data line 348]
     21.000     20.794    -0.5104  27.830384    -0.5118  27.827773     8.1994     8.0831     1.4867    91.4371 2.1039e+00  -63.76784  -62.86074 327.296540      99.97 3.3495e+01   2204.075      52899  1027.3851  1027.3835    33.9524    33.9504    8.17804         34 0.0000e+00
     20.000     19.804    -0.5120  27.828631    -0.5127  27.826571     8.2154     8.0842     1.3125    91.4292 2.3042e+00  -63.76784  -62.86074 327.296558      99.97 3.3495e+01   2205.635      52936  1027.3804  1027.3789    33.9524    33.9505    8.17837         31 0.0000e+00
     19.000     18.815    -0.5177  27.823034    -0.5200  27.819488     8.1865     8.0836     1.2700    91.4508 2.7015e+00  -63.76784  -62.86074 327.296574      99.97 3.3495e+01   2206.965      52968  1027.3757  1027.3740    33.9519    33.9498    8.17964         36 0.0000e+00
     18.000     17.824    -0.5227  27.817729    -0.5205  27.818415     8.1974     8.0838     1.4062    91.4636 2.8840e+00  -63.76784  -62.86072 327.296614      99.97 3.3495e+01   2210.447      53052  1027.3705  1027.3690    33.9511    33.9495    8.18077         30 0.0000e+00
     17.000     16.835    -0.5243  27.816512    -0.5244  27.814938     8.2298     8.0817     1.2734    91.5216 3.0552e+00  -63.76784  -62.86072 327.296640      99.97 3.3495e+01   2212.726      53106  1027.3663  1027.3647    33.9518    33.9498    8.18108         30 0.0000e+00
     16.000     15.844    -0.5249  27.815304    -0.5253  27.813349     8.1816     8.0863     1.2170    91.5438 3.3741e+00  -63.76784  -62.86072 327.296654      99.97 3.3495e+01   2213.891      53134  1027.3613  1027.3595    33.9515    33.9493    8.18122         28 0.0000e+00
     15.000     14.855    -0.5297  27.810777    -0.5286  27.810056     8.2070     8.0812     1.3262    91.5787 3.8477e+00  -63.76785  -62.86072 327.296687      99.97 3.3495e+01   2216.757      53203  1027.3567  1027.3548    33.9514    33.9491    8.18226         36 0.0000e+00
     14.000     13.864    -0.5317  27.808499    -0.5318  27.806772     8.2000     8.0799     1.3016    91.5820 4.1444e+00  -63.76785  -62.86072 327.296720      99.97 3.3495e+01   2219.635      53272  1027.3518  1027.3500    33.9512    33.9490    8.18271         32 0.0000e+00
     13.000     12.874    -0.5307  27.808822    -0.5303  27.807571     8.1902     8.0916     1.2235    91.5715 4.5522e+00  -63.76786  -62.86072 327.296733      99.97 3.3495e+01   2220.773      53300  1027.3468  1027.3451    33.9511    33.9489    8.18249         26 0.0000e+00
     12.000     11.883    -0.5316  27.807726    -0.5318  27.805833     8.1893     8.0897     1.2214    91.6131 5.0179e+00  -63.76786  -62.86072 327.296748      99.97 3.3495e+01   2222.013      53329  1027.3422  1027.3404    33.9513    33.9490    8.18268         34 0.0000e+00
     11.000     10.893    -0.5320  27.806955    -0.5316  27.805690     8.2016     8.0836     1.2784    91.5970 5.7486e+00  -63.76786  -62.86071 327.296779      99.97 3.3495e+01   2224.707      53394  1027.3374  1027.3357    33.9513    33.9492    8.18277         39 0.0000e+00
     10.000      9.902    -0.5324  27.806152    -0.5320  27.804826     8.1954     8.0823     1.2976    91.5908 6.3148e+00  -63.76786  -62.86070 327.296805      99.97 3.3495e+01   2226.950      53448  1027.3326  1027.3308    33.9512    33.9491    8.18285         35 0.0000e+00
      9.000      8.912    -0.5319  27.806236    -0.5323  27.803949     8.1994     8.0853     1.2371    91.5954 7.1859e+00  -63.76786  -62.86070 327.296822      99.97 3.3495e+01   2228.430      53483  1027.3279  1027.3258    33.9514    33.9488    8.18273         36 0.0000e+00
      8.000      7.922    -0.5313  27.806207    -0.5332  27.802754     8.1912     8.0836     1.3582    91.6698 7.5700e+00  -63.76786  -62.86070 327.296849      99.97 3.3495e+01   2230.733      53539  1027.3229  1027.3211    33.9513    33.9488    8.18260         43 0.0000e+00
      7.000      6.933    -0.5352  27.802114    -0.5380  27.797807     8.1693     8.0858     1.3143    91.7129 8.0513e+00  -63.76786  -62.86070 327.296873      99.97 3.3495e+01   2232.806      53588  1027.3180  1027.3161    33.9508    33.9482    8.18348         31 0.0000e+00
      6.000      5.943    -0.5449  27.793028    -0.5468  27.789567     8.2116     8.0805     1.1728    91.7301 9.5804e+00  -63.76786  -62.86070 327.296885      99.97 3.3495e+01   2233.865      53614  1027.3134  1027.3114    33.9501    33.9475    8.18563         22 0.0000e+00
      5.000      4.951    -0.5479  27.790173    -0.5482  27.787742     8.1728     8.0744     1.1952    91.7732 1.1136e+01  -63.76786  -62.86069 327.296896      99.97 3.3495e+01   2234.847      53637  1027.3088  1027.3064    33.9502    33.9472    8.18626         25 0.0000e+00
      4.000      3.962    -0.5457  27.791606    -0.5463  27.789290     8.1749     8.0872     1.2022    91.7569 1.2841e+01  -63.76786  -62.86068 327.296939      99.97 3.3495e+01   2238.496      53725  1027.3038  1027.3019    33.9503    33.9479    8.18578         30 0.0000e+00
      3.000      2.971    -0.5462  27.790703    -0.5464  27.788098     8.1856     8.1044     1.1650    91.7689 1.4539e+01  -63.76786  -62.86070 327.296957      99.97 3.3495e+01   2240.062      53762  1027.2990  1027.2963    33.9503    33.9470    8.18590         33 0.0000e+00
      2.000      1.984    -0.5439  27.792147    -0.5450  27.789072     9.3744     9.2013     1.2505    91.7743 1.7650e+01  -63.76786  -62.86070 327.296983      99.97 3.3931e+01   2242.344      53817  1027.2940  1027.2916    33.9503    33.9473    8.18540         35 0.0000e+00
      1.000      0.991    -0.5447  27.791009    -0.5448  27.788006    10.2392    10.0637     1.2344    91.7737 4.7478e+01  -63.76786  -62.86068 327.296999      99.97 3.4837e+01   2243.714      53850  1027.2892  1027.2860    33.9502    33.9463    8.18556         30 0.0000e+00
