NBP2113_155081_ctd/data/unbp2113_017.cnv
* Sea-Bird SBE 9 Data File:
* FileName = D:\Data\raw\NBP2113_017.hex
* Software Version Seasave V 7.26.7.121
* Temperature SN = 2438
* Conductivity SN = 2067
* Number of Bytes Per Scan = 40
* Number of Voltage Words = 5
* Number of Scans Averaged by the Deck Unit = 1
* NMEA Latitude = 65 14.32 S
* NMEA Longitude = 069 47.72 W
* NMEA UTC (Time) = Nov 28 2021  09:59:52
* NMEA baud rate = 9600
** Ship: RVIB N.B. Palmer
** Cruise: NBP2113 LTER
** Station: 400.200
** Operator: B. Urmston
# nquan = 25
# nvalues = 2755                        
# units = specified
# name 0 = prDM: Pressure, Digiquartz [db]
# name 1 = depSM: Depth [salt water, m]
# name 2 = t090C: Temperature [ITS-90, deg C]
# name 3 = c0mS/cm: Conductivity [mS/cm]
# name 4 = t190C: Temperature, 2 [ITS-90, deg C]
# name 5 = c1mS/cm: Conductivity, 2 [mS/cm]
# name 6 = sbeox0ML/L: Oxygen, SBE 43 [ml/l]
# name 7 = sbeox1ML/L: Oxygen, SBE 43, 2 [ml/l]
# name 8 = flECO-AFL: Fluorescence, WET Labs ECO-AFL/FL [mg/m^3]
# name 9 = CStarTr0: Beam Transmission, WET Labs C-Star [%]
# name 10 = par: PAR/Irradiance, Biospherical/Licor
# name 11 = latitude: Latitude [deg]
# name 12 = longitude: Longitude [deg]
# name 13 = timeJ: Julian Days
# name 14 = altM: Altimeter [m]
# name 15 = spar: SPAR, Biospherical/Licor
# name 16 = timeS: Time, Elapsed [seconds]
# name 17 = scan: Scan Count
# name 18 = density00: Density [density, kg/m^3]
# name 19 = density11: Density, 2 [density, kg/m^3]
# name 20 = sal00: Salinity, Practical [PSU]
# name 21 = sal11: Salinity, Practical, 2 [PSU]
# name 22 = oxsolML/L: Oxygen Saturation, Garcia & Gordon [ml/l]
# name 23 = nbin: number of scans per bin
# name 24 = flag: flag
# span 0 =      1.000,   2755.000       
# span 1 =      0.992,   2710.199       
# span 2 =    -0.8803,     2.0064       
# span 3 =  27.599174,  30.670061       
# span 4 =    -0.8797,     2.0062       
# span 5 =  27.597203,  30.669171       
# span 6 =     3.8706,     9.4211       
# span 7 =     3.9241,    10.0093       
# span 8 =    -0.0226,     7.4342       
# span 9 =    87.3419,    97.9842       
# span 10 = 1.0000e-12, 1.0000e-12      
# span 11 =  -65.23756,  -65.23662      
# span 12 =  -69.79936,  -69.79792      
# span 13 = 332.462639, 332.506389      
# span 14 =       1.07,     100.66      
# span 15 = 2.6267e+02, 6.5233e+02      
# span 16 =   3979.995,   7760.045      
# span 17 =      95521,     186242      
# span 18 =  1027.3210,  1040.5463      
# span 19 =  1027.3201,  1040.5457      
# span 20 =    33.9856,    34.7281      
# span 21 =    33.9845,    34.7276      
# span 22 =    7.62748,    8.25370      
# span 23 =         11,         48      
# span 24 = 0.0000e+00, 0.0000e+00      
# interval = decibars: 1                
# start_time = Nov 28 2021 09:59:52 [NMEA time, header]
# bad_flag = -9.990e-29
*END*
[from data line 1972]
    783.000    773.850     1.5954  30.560400     1.5953  30.559919     4.1723     4.2412    -0.0037    97.9527 1.0000e-12  -65.23720  -69.79820 332.490280      99.98 4.6585e+02   6368.151     152837  1031.4496  1031.4492    34.7272    34.7267    7.70311         21 0.0000e+00
    782.000    772.864     1.5950  30.559674     1.5948  30.559048     4.1687     4.2394     0.0023    97.9505 1.0000e-12  -65.23720  -69.79820 332.490289      99.97 4.6716e+02   6368.957     152856  1031.4451  1031.4447    34.7273    34.7268    7.70319         19 0.0000e+00
    781.000    771.876     1.5982  30.561946     1.5987  30.562068     4.1668     4.2403    -0.0118    97.9582 1.0000e-12  -65.23720  -69.79820 332.490297      99.98 4.6798e+02   6369.699     152874  1031.4400  1031.4396    34.7272    34.7268    7.70256         17 0.0000e+00
    780.000    770.891     1.6028  30.565206     1.6022  30.564323     4.1715     4.2351    -0.0146    97.9518 1.0000e-12  -65.23720  -69.79820 332.490306      99.98 4.6949e+02   6370.461     152892  1031.4345  1031.4342    34.7269    34.7264    7.70170         19 0.0000e+00
    779.000    769.904     1.6047  30.566505     1.6048  30.566182     4.1793     4.2374    -0.0130    97.9490 1.0000e-12  -65.23720  -69.79820 332.490317      99.98 4.7130e+02   6371.362     152914  1031.4297  1031.4294    34.7270    34.7265    7.70132         25 0.0000e+00
    778.000    768.918     1.6012  30.563121     1.6009  30.562502     4.1757     4.2356    -0.0112    97.9433 1.0000e-12  -65.23720  -69.79819 332.490331      99.97 4.7243e+02   6372.585     152943  1031.4256  1031.4253    34.7271    34.7266    7.70199         34 0.0000e+00
    777.000    767.931     1.6034  30.564428     1.6029  30.563566     4.1768     4.2350    -0.0056    97.9357 1.0000e-12  -65.23720  -69.79818 332.490348      99.97 4.7409e+02   6374.080     152979  1031.4206  1031.4202    34.7269    34.7263    7.70158         34 0.0000e+00
    776.000    766.944     1.6043  30.564739     1.6036  30.563695     4.1820     4.2373    -0.0128    97.9356 1.0000e-12  -65.23722  -69.79818 332.490366      99.98 4.7571e+02   6375.651     153017  1031.4159  1031.4155    34.7269    34.7263    7.70141         43 0.0000e+00
    775.000    765.959     1.5994  30.560305     1.5983  30.558922     4.1767     4.2383    -0.0096    97.9356 1.0000e-12  -65.23722  -69.79818 332.490393      99.98 4.7598e+02   6377.974     153072  1031.4120  1031.4118    34.7271    34.7266    7.70233         33 0.0000e+00
    774.000    764.971     1.6068  30.566188     1.6055  30.564757     4.1707     4.2366    -0.0117    97.9385 1.0000e-12  -65.23722  -69.79820 332.490408      99.98 4.7778e+02   6379.219     153102  1031.4065  1031.4062    34.7271    34.7266    7.70091         22 0.0000e+00
    773.000    763.986     1.6092  30.567755     1.6093  30.567546     4.1722     4.2321    -0.0061    97.9369 1.0000e-12  -65.23720  -69.79818 332.490417      99.97 4.7821e+02   6380.050     153122  1031.4014  1031.4011    34.7269    34.7265    7.70044         19 0.0000e+00
    772.000    762.999     1.6109  30.568863     1.6107  30.568223     4.1742     4.2303    -0.0214    97.9399 1.0000e-12  -65.23720  -69.79818 332.490426      99.97 4.7949e+02   6380.805     153140  1031.3966  1031.3962    34.7270    34.7264    7.70010         18 0.0000e+00
    771.000    762.011     1.6115  30.568849     1.6113  30.568323     4.1723     4.2317    -0.0173    97.9534 1.0000e-12  -65.23721  -69.79817 332.490435      99.98 4.7950e+02   6381.592     153159  1031.3918  1031.3916    34.7269    34.7265    7.69999         20 0.0000e+00
    770.000    761.026     1.6125  30.569265     1.6123  30.568766     4.1720     4.2310    -0.0145    97.9496 1.0000e-12  -65.23722  -69.79816 332.490446      99.97 4.7950e+02   6382.530     153182  1031.3872  1031.3869    34.7269    34.7265    7.69980         26 0.0000e+00
    769.000    760.039     1.6112  30.567758     1.6110  30.567060     4.1721     4.2306    -0.0189    97.9391 1.0000e-12  -65.23722  -69.79816 332.490461      99.98 4.7950e+02   6383.847     153213  1031.3827  1031.3823    34.7270    34.7263    7.70005         37 0.0000e+00
    768.000    759.052     1.6121  30.568174     1.6112  30.566969     4.1761     4.2311    -0.0072    97.9356 1.0000e-12  -65.23722  -69.79816 332.490478      99.98 4.7950e+02   6385.324     153249  1031.3781  1031.3778    34.7270    34.7265    7.69987         32 0.0000e+00
    767.000    758.067     1.6141  30.569443     1.6128  30.567884     4.1705     4.2316    -0.0055    97.9356 1.0000e-12  -65.23722  -69.79816 332.490492      99.98 4.7950e+02   6386.543     153278  1031.3732  1031.3729    34.7270    34.7264    7.69948         27 0.0000e+00
    766.000    757.079     1.6168  30.571215     1.6165  30.570748     4.1642     4.2322    -0.0052    97.9356 1.0000e-12  -65.23722  -69.79816 332.490504      99.98 4.7950e+02   6387.579     153303  1031.3682  1031.3679    34.7269    34.7266    7.69897         23 0.0000e+00
    765.000    756.092     1.6214  30.574755     1.6209  30.573902     4.1652     4.2276    -0.0140    97.9356 1.0000e-12  -65.23722  -69.79816 332.490515      99.98 4.7950e+02   6388.519     153325  1031.3629  1031.3626    34.7268    34.7264    7.69807         22 0.0000e+00
    764.000    755.107     1.6222  30.575083     1.6219  30.574364     4.1746     4.2274    -0.0189    97.9356 1.0000e-12  -65.23722  -69.79815 332.490527      99.98 4.7821e+02   6389.544     153350  1031.3583  1031.3579    34.7270    34.7264    7.69792         29 0.0000e+00
    763.000    754.121     1.6182  30.571085     1.6186  30.570999     4.1711     4.2335    -0.0176    97.9356 1.0000e-12  -65.23722  -69.79814 332.490559      99.98 4.7642e+02   6392.327     153417  1031.3541  1031.3537    34.7268    34.7263    7.69869         30 0.0000e+00
    762.000    753.134     1.6202  30.572340     1.6207  30.572349     4.1566     4.2285    -0.0221    97.9356 1.0000e-12  -65.23722  -69.79814 332.490579      99.98 4.7417e+02   6394.016     153457  1031.3493  1031.3488    34.7268    34.7262    7.69831         20 0.0000e+00
    761.000    752.146     1.6228  30.574266     1.6227  30.573665     4.1607     4.2274    -0.0120    97.9356 1.0000e-12  -65.23722  -69.79814 332.490587      99.98 4.7422e+02   6394.720     153474  1031.3444  1031.3439    34.7269    34.7263    7.69780         15 0.0000e+00
    760.000    751.163     1.6250  30.575754     1.6245  30.574742     4.1656     4.2258    -0.0055    97.9356 1.0000e-12  -65.23722  -69.79814 332.490594      99.98 4.7422e+02   6395.292     153488  1031.3395  1031.3390    34.7269    34.7262    7.69736         13 0.0000e+00
    759.000    750.170     1.6267  30.576588     1.6264  30.575998     4.1703     4.2219    -0.0132    97.9426 1.0000e-12  -65.23722  -69.79814 332.490600      99.97 4.7289e+02   6395.812     153500  1031.3345  1031.3341    34.7267    34.7262    7.69705         12 0.0000e+00
    758.000    749.187     1.6274  30.576738     1.6273  30.576219     4.1690     4.2194    -0.0226    97.9435 1.0000e-12  -65.23722  -69.79814 332.490606      99.97 4.7244e+02   6396.343     153513  1031.3297  1031.3294    34.7266    34.7261    7.69691         13 0.0000e+00
    757.000    748.202     1.6279  30.576762     1.6275  30.576110     4.1681     4.2191    -0.0122    97.9298 1.0000e-12  -65.23724  -69.79814 332.490613      99.98 4.7245e+02   6396.947     153528  1031.3251  1031.3248    34.7267    34.7262    7.69681         17 0.0000e+00
    756.000    747.213     1.6265  30.575141     1.6261  30.574473     4.1712     4.2215    -0.0068    97.9259 1.0000e-12  -65.23724  -69.79813 332.490632      99.98 4.7059e+02   6398.620     153568  1031.3207  1031.3204    34.7267    34.7262    7.69708         32 0.0000e+00
    755.000    746.228     1.6252  30.573545     1.6252  30.573271     4.1689     4.2267    -0.0140    97.9358 1.0000e-12  -65.23724  -69.79812 332.490670      99.98 4.6841e+02   6401.886     153646  1031.3163  1031.3159    34.7267    34.7263    7.69734         30 0.0000e+00
    754.000    745.241     1.6254  30.573292     1.6255  30.572998     4.1641     4.2297    -0.0122    97.9356 1.0000e-12  -65.23724  -69.79813 332.490683      99.98 4.6714e+02   6402.994     153673  1031.3116  1031.3112    34.7267    34.7262    7.69729         26 0.0000e+00
    753.000    744.254     1.6269  30.574141     1.6261  30.572983     4.1608     4.2246     0.0029    97.9356 1.0000e-12  -65.23724  -69.79814 332.490695      99.98 4.6716e+02   6404.041     153698  1031.3068  1031.3064    34.7267    34.7261    7.69701         24 0.0000e+00
    752.000    743.268     1.6288  30.575237     1.6283  30.574505     4.1619     4.2214    -0.0142    97.9356 1.0000e-12  -65.23724  -69.79814 332.490705      99.97 4.6716e+02   6404.917     153719  1031.3018  1031.3016    34.7266    34.7262    7.69665         19 0.0000e+00
    751.000    742.281     1.6327  30.578366     1.6319  30.577214     4.1618     4.2243    -0.0091    97.9356 1.0000e-12  -65.23724  -69.79814 332.490714      99.98 4.6617e+02   6405.647     153737  1031.2969  1031.2966    34.7267    34.7262    7.69587         16 0.0000e+00
    750.000    741.294     1.6361  30.580702     1.6351  30.579511     4.1598     4.2197    -0.0068    97.9356 1.0000e-12  -65.23724  -69.79814 332.490721      99.98 4.6540e+02   6406.309     153752  1031.2917  1031.2915    34.7266    34.7261    7.69523         16 0.0000e+00
    749.000    740.307     1.6378  30.581655     1.6372  30.580755     4.1598     4.2144     0.0017    97.9356 1.0000e-12  -65.23726  -69.79814 332.490729      99.97 4.6540e+02   6406.964     153768  1031.2868  1031.2865    34.7264    34.7260    7.69490         16 0.0000e+00
    748.000    739.320     1.6380  30.581316     1.6384  30.581229     4.1588     4.2127    -0.0034    97.9356 1.0000e-12  -65.23726  -69.79813 332.490738      99.98 4.6525e+02   6407.732     153787  1031.2820  1031.2816    34.7263    34.7258    7.69486         22 0.0000e+00
    747.000    738.338     1.6351  30.578463     1.6349  30.577985     4.1627     4.2190    -0.0083    97.9356 1.0000e-12  -65.23726  -69.79812 332.490767      99.98 4.6367e+02   6410.268     153847  1031.2780  1031.2777    34.7265    34.7261    7.69542         30 0.0000e+00
    746.000    737.348     1.6361  30.578906     1.6351  30.577596     4.1624     4.2191    -0.0048    97.9356 1.0000e-12  -65.23726  -69.79812 332.490791      99.97 4.6292e+02   6412.312     153896  1031.2733  1031.2729    34.7265    34.7260    7.69523         26 0.0000e+00
    745.000    736.360     1.6377  30.579683     1.6374  30.578939     4.1540     4.2136    -0.0096    97.9356 1.0000e-12  -65.23726  -69.79812 332.490802      99.98 4.6188e+02   6413.286     153920  1031.2682  1031.2678    34.7263    34.7257    7.69493         23 0.0000e+00
    744.000    735.375     1.6395  30.580223     1.6392  30.579722     4.1500     4.2124    -0.0141    97.9356 1.0000e-12  -65.23726  -69.79812 332.490814      99.98 4.6081e+02   6414.292     153944  1031.2628  1031.2626    34.7255    34.7252    7.69462         26 0.0000e+00
    743.000    734.388     1.6397  30.579896     1.6395  30.579344     4.1476     4.2087     0.0030    97.9356 1.0000e-12  -65.23726  -69.79812 332.490827      99.98 4.6011e+02   6415.477     153972  1031.2581  1031.2577    34.7255    34.7250    7.69458         30 0.0000e+00
    742.000    733.402     1.6401  30.579520     1.6398  30.578988     4.1417     4.2109     0.0017    97.9356 1.0000e-12  -65.23726  -69.79812 332.490841      99.98 4.5958e+02   6416.636     154000  1031.2532  1031.2529    34.7251    34.7247    7.69453         24 0.0000e+00
    741.000    732.414     1.6402  30.579187     1.6397  30.578449     4.1456     4.2054    -0.0137    97.9356 1.0000e-12  -65.23726  -69.79812 332.490851      99.98 4.5835e+02   6417.545     154022  1031.2485  1031.2483    34.7251    34.7247    7.69450         21 0.0000e+00
    740.000    731.429     1.6408  30.579138     1.6407  30.578658     4.1474     4.2021    -0.0146    97.9356 1.0000e-12  -65.23726  -69.79812 332.490861      99.98 4.5835e+02   6418.370     154042  1031.2437  1031.2433    34.7250    34.7244    7.69440         19 0.0000e+00
    739.000    730.439     1.6413  30.578959     1.6410  30.578387     4.1432     4.2068    -0.0046    97.9356 1.0000e-12  -65.23726  -69.79812 332.490871      99.98 4.5660e+02   6419.244     154063  1031.2388  1031.2386    34.7247    34.7244    7.69431         23 0.0000e+00
    738.000    729.455     1.6411  30.578449     1.6404  30.577546     4.1448     4.2091    -0.0117    97.9356 1.0000e-12  -65.23726  -69.79812 332.490885      99.98 4.5640e+02   6420.444     154092  1031.2343  1031.2341    34.7249    34.7245    7.69434         36 0.0000e+00
    737.000    728.468     1.6408  30.577773     1.6406  30.577142     4.1479     4.2062    -0.0055    97.9356 1.0000e-12  -65.23727  -69.79811 332.490902      99.98 4.5477e+02   6421.961     154128  1031.2298  1031.2293    34.7249    34.7243    7.69440         33 0.0000e+00
    736.000    727.481     1.6415  30.577868     1.6410  30.576942     4.1525     4.2040    -0.0049    97.9356 1.0000e-12  -65.23728  -69.79810 332.490916      99.97 4.5407e+02   6423.156     154157  1031.2251  1031.2246    34.7249    34.7242    7.69427         26 0.0000e+00
    735.000    726.494     1.6412  30.577135     1.6409  30.576495     4.1521     4.2083    -0.0056    97.9356 1.0000e-12  -65.23728  -69.79810 332.490929      99.98 4.5309e+02   6424.297     154184  1031.2204  1031.2200    34.7248    34.7243    7.69433         31 0.0000e+00
    734.000    725.508     1.6410  30.576555     1.6408  30.576000     4.1485     4.2059    -0.0084    97.9356 1.0000e-12  -65.23728  -69.79811 332.490951      99.98 4.5100e+02   6426.142     154228  1031.2158  1031.2154    34.7249    34.7243    7.69437         47 0.0000e+00
    733.000    724.522     1.6412  30.576338     1.6411  30.575827     4.1446     4.2027    -0.0121    97.9356 1.0000e-12  -65.23728  -69.79812 332.490972      99.98 4.4947e+02   6427.948     154272  1031.2112  1031.2108    34.7249    34.7244    7.69432         29 0.0000e+00
    732.000    723.535     1.6423  30.576780     1.6419  30.576020     4.1404     4.2049    -0.0066    97.9381 1.0000e-12  -65.23728  -69.79812 332.490983      99.97 4.4829e+02   6428.924     154295  1031.2063  1031.2059    34.7247    34.7242    7.69411         21 0.0000e+00
    731.000    722.548     1.6444  30.578075     1.6442  30.577554     4.1492     4.2069    -0.0102    97.9369 1.0000e-12  -65.23728  -69.79812 332.490993      99.98 4.4778e+02   6429.761     154315  1031.2013  1031.2010    34.7246    34.7242    7.69371         20 0.0000e+00
    730.000    721.560     1.6457  30.578666     1.6454  30.578020     4.1523     4.2080    -0.0124    97.9356 1.0000e-12  -65.23728  -69.79811 332.491002      99.98 4.4777e+02   6430.594     154335  1031.1964  1031.1961    34.7245    34.7241    7.69346         20 0.0000e+00
    729.000    720.574     1.6467  30.579265     1.6467  30.578876     4.1517     4.2059    -0.0053    97.9356 1.0000e-12  -65.23728  -69.79810 332.491013      99.97 4.4777e+02   6431.488     154357  1031.1919  1031.1914    34.7247    34.7242    7.69325         23 0.0000e+00
    728.000    719.588     1.6495  30.581307     1.6494  30.580691     4.1554     4.2046    -0.0130    97.9230 1.0000e-12  -65.23728  -69.79810 332.491024      99.98 4.4777e+02   6432.457     154380  1031.1870  1031.1865    34.7248    34.7242    7.69271         24 0.0000e+00
