NBP2113_155081_ctd/data/unbp2113_016.cnv
* Sea-Bird SBE 9 Data File:
* FileName = D:\Data\raw\NBP2113_016.hex
* Software Version Seasave V 7.26.7.121
* Temperature SN = 2438
* Conductivity SN = 2067
* Number of Bytes Per Scan = 40
* Number of Voltage Words = 5
* Number of Scans Averaged by the Deck Unit = 1
* NMEA Latitude = 65 52.76 S
* NMEA Longitude = 068 17.29 W
* NMEA UTC (Time) = Nov 28 2021  02:04:04
* NMEA baud rate = 9600
** Ship: RVIB N.B. Palmer
** Cruise: NBP2113 LTER
** Station: 400.100
** Operator: S. Blackman
# nquan = 25
# nvalues = 340                         
# units = specified
# name 0 = prDM: Pressure, Digiquartz [db]
# name 1 = depSM: Depth [salt water, m]
# name 2 = t090C: Temperature [ITS-90, deg C]
# name 3 = c0mS/cm: Conductivity [mS/cm]
# name 4 = t190C: Temperature, 2 [ITS-90, deg C]
# name 5 = c1mS/cm: Conductivity, 2 [mS/cm]
# name 6 = sbeox0ML/L: Oxygen, SBE 43 [ml/l]
# name 7 = sbeox1ML/L: Oxygen, SBE 43, 2 [ml/l]
# name 8 = flECO-AFL: Fluorescence, WET Labs ECO-AFL/FL [mg/m^3]
# name 9 = CStarTr0: Beam Transmission, WET Labs C-Star [%]
# name 10 = par: PAR/Irradiance, Biospherical/Licor
# name 11 = latitude: Latitude [deg]
# name 12 = longitude: Longitude [deg]
# name 13 = timeJ: Julian Days
# name 14 = altM: Altimeter [m]
# name 15 = spar: SPAR, Biospherical/Licor
# name 16 = timeS: Time, Elapsed [seconds]
# name 17 = scan: Scan Count
# name 18 = density00: Density [density, kg/m^3]
# name 19 = density11: Density, 2 [density, kg/m^3]
# name 20 = sal00: Salinity, Practical [PSU]
# name 21 = sal11: Salinity, Practical, 2 [PSU]
# name 22 = oxsolML/L: Oxygen Saturation, Garcia & Gordon [ml/l]
# name 23 = nbin: number of scans per bin
# name 24 = flag: flag
# span 0 =      1.000,    340.000       
# span 1 =      0.991,    336.370       
# span 2 =    -0.6144,     1.5525       
# span 3 =  27.845336,  30.300125       
# span 4 =    -0.6157,     1.5517       
# span 5 =  27.844113,  30.298608       
# span 6 =     3.9373,     9.4572       
# span 7 =     3.9898,    10.1371       
# span 8 =    -0.0225,     2.5562       
# span 9 =    90.2039,    97.8989       
# span 10 = 1.0000e-12, 1.1111e+01      
# span 11 =  -65.88320,  -65.88134      
# span 12 =  -68.28686,  -68.28572      
# span 13 = 332.096608, 332.107006      
# span 14 =       3.54,     100.66      
# span 15 = 3.5196e+00, 8.8144e+00      
# span 16 =    902.940,   1801.309      
# span 17 =      21672,      43232      
# span 18 =  1027.3581,  1029.3832      
# span 19 =  1027.3555,  1029.3822      
# span 20 =    34.0379,    34.7140      
# span 21 =    34.0350,    34.7128      
# span 22 =    7.71219,    8.19386      
# span 23 =         12,         48      
# span 24 = 0.0000e+00, 0.0000e+00      
# interval = decibars: 1                
# start_time = Nov 28 2021 02:04:04 [NMEA time, header]
# bad_flag = -9.990e-29
*END*
[from data line 232]
    108.000    106.906     0.9285  29.518524     0.9358  29.525505     4.4796     4.4790     0.1092    97.3434 1.0000e-12  -65.88230  -68.28628 332.101888      99.98 5.2886e+00   1359.085      32619  1028.1769  1028.1770    34.5198    34.5207    7.84638         27 0.0000e+00
    107.000    105.917     0.8977  29.486162     0.9267  29.516317     4.5173     4.5014     0.1379    97.2557 1.0000e-12  -65.88230  -68.28628 332.101901      99.98 5.2886e+00   1360.224      32646  1028.1692  1028.1720    34.5128    34.5195    7.85297         29 0.0000e+00
    106.000    104.925     0.8792  29.467383     0.8929  29.481207     4.6785     4.5806     0.2068    97.1399 1.0000e-12  -65.88230  -68.28628 332.101919      99.98 5.2886e+00   1361.799      32684  1028.1631  1028.1642    34.5096    34.5123    7.85687         31 0.0000e+00
    105.000    103.939     0.8308  29.415547     0.8328  29.416355     4.5768     4.6239     0.1950    96.9825 1.0000e-12  -65.88232  -68.28628 332.101965      99.98 5.2886e+00   1365.744      32779  1028.1512  1028.1504    34.4969    34.4957    7.86734         33 0.0000e+00
    104.000    102.948     0.8392  29.422681     0.8372  29.419470     4.6355     4.6304     0.1786    96.9867 1.0000e-12  -65.88232  -68.28628 332.101989      99.97 5.2886e+00   1367.846      32829  1028.1456  1028.1445    34.4973    34.4954    7.86561         44 0.0000e+00
    103.000    101.959     0.8008  29.382313     0.8360  29.417962     4.7816     4.7590     0.3367    97.0055 1.0000e-12  -65.88233  -68.28628 332.102015      99.97 5.2886e+00   1370.070      32883  1028.1368  1028.1394    34.4883    34.4954    7.87387         40 0.0000e+00
    102.000    100.969     0.7322  29.308039     0.7402  29.313474     4.8850     4.8626     0.3232    96.9236 1.0000e-12  -65.88234  -68.28627 332.102033      99.97 5.2886e+00   1371.680      32921  1028.1222  1028.1204    34.4688    34.4669    7.88886         27 0.0000e+00
    101.000     99.979     0.6529  29.227834     0.6532  29.227910     4.9302     4.8729     0.3203    96.7268 1.0000e-12  -65.88234  -68.28626 332.102044      99.97 5.2886e+00   1372.639      32944  1028.1118  1028.1120    34.4533    34.4531    7.90583         22 0.0000e+00
    100.000     98.989     0.6666  29.244111     0.6456  29.219423     4.9221     4.8772     0.3860    96.5824 1.0000e-12  -65.88234  -68.28625 332.102056      99.98 5.2886e+00   1373.673      32969  1028.1105  1028.1056    34.4599    34.4511    7.90270         31 0.0000e+00
     99.000     98.000     0.5543  29.127030     0.5695  29.142506     5.1284     5.1255     0.3504    96.2846 1.0000e-12  -65.88236  -68.28626 332.102131      99.98 5.2886e+00   1380.075      33123  1028.0913  1028.0931    34.4329    34.4362    7.92710         16 0.0000e+00
     98.000     97.010     0.5312  29.104523     0.5072  29.077698     5.1336     5.1107     0.3883    96.2256 1.0000e-12  -65.88236  -68.28625 332.102137      99.98 5.2886e+00   1380.624      33136  1028.0859  1028.0817    34.4299    34.4215    7.93201         17 0.0000e+00
     97.000     96.021     0.5085  29.082585     0.4495  29.019770     5.1536     5.1085     0.5633    95.7966 1.0000e-12  -65.88236  -68.28624 332.102146      99.98 5.2886e+00   1381.401      33155  1028.0804  1028.0728    34.4271    34.4108    7.93681         22 0.0000e+00
     96.000     95.031     0.3691  28.939073     0.3741  28.942829     5.3255     5.2587     0.8660    94.9622 1.0000e-12  -65.88238  -68.28619 332.102281      99.97 5.2886e+00   1393.102      33435  1028.0568  1028.0560    34.3952    34.3945    7.96738         37 0.0000e+00
     95.000     94.041     0.1617  28.729626     0.1632  28.730002     5.6288     5.6138     1.2533    94.1571 1.0000e-12  -65.88246  -68.28614 332.102652      99.97 5.2886e+00   1425.134      34204  1028.0283  1028.0273    34.3523    34.3512    8.01270         31 0.0000e+00
     94.000     93.052     0.1515  28.717547     0.1549  28.720803     5.7932     5.6680     1.2775    94.2114 1.0000e-12  -65.88246  -68.28614 332.102660      99.97 5.2886e+00   1425.801      34220  1028.0212  1028.0213    34.3484    34.3488    8.01508         22 0.0000e+00
     93.000     92.061     0.1044  28.667018     0.1168  28.679486     5.8215     5.6532     1.0518    94.2420 1.0000e-12  -65.88246  -68.28613 332.102670      99.97 5.2886e+00   1426.709      34242  1028.0094  1028.0105    34.3350    34.3375    8.02567         24 0.0000e+00
     92.000     91.072     0.0211  28.581022     0.0620  28.623182     6.0299     5.8660     0.9685    94.5832 1.0000e-12  -65.88247  -68.28612 332.102709      99.97 5.2886e+00   1430.048      34322  1027.9939  1027.9988    34.3151    34.3250    8.04425         25 0.0000e+00
     91.000     90.083    -0.0881  28.465467    -0.0862  28.467419     6.4101     6.1569     0.8529    94.7139 1.0000e-12  -65.88248  -68.28612 332.102748      99.97 5.2886e+00   1433.433      34403  1027.9718  1027.9728    34.2849    34.2854    8.06893         17 0.0000e+00
     90.000     89.092    -0.1305  28.418267    -0.2045  28.342936     6.4739     6.1901     0.8705    94.8461 1.0000e-12  -65.88248  -68.28612 332.102757      99.97 5.2886e+00   1434.237      34423  1027.9585  1027.9508    34.2703    34.2531    8.07871         20 0.0000e+00
     89.000     88.102    -0.2997  28.242954    -0.2440  28.299912     6.6246     6.4121     0.9148    95.1644 1.0000e-12  -65.88249  -68.28611 332.102791      99.97 5.2886e+00   1437.123      34492  1027.9290  1027.9360    34.2272    34.2405    8.11715         38 0.0000e+00
     88.000     87.114    -0.2930  28.245487    -0.2756  28.265795     6.9121     6.6982     0.7079    95.1533 1.0000e-12  -65.88250  -68.28610 332.102840      99.97 5.2886e+00   1441.380      34594  1027.9167  1027.9218    34.2238    34.2312    8.11587         25 0.0000e+00
     87.000     86.124    -0.4341  28.095339    -0.4072  28.123212     6.9955     6.6971     0.7589    95.1609 1.0000e-12  -65.88250  -68.28610 332.102851      99.97 5.2886e+00   1442.295      34616  1027.8887  1027.8932    34.1820    34.1892    8.14843         24 0.0000e+00
     86.000     85.133    -0.4841  28.042456    -0.3975  28.133920     7.0244     6.7172     0.8443    94.9719 1.0000e-12  -65.88250  -68.28610 332.102864      99.97 5.2886e+00   1443.478      34644  1027.8754  1027.8899    34.1680    34.1932    8.15997         31 0.0000e+00
     85.000     84.143    -0.5608  27.949917    -0.5534  27.956795     7.1832     7.0444     1.1865    93.4317 1.0000e-12  -65.88252  -68.28610 332.102913      99.97 5.2886e+00   1447.654      34745  1027.8428  1027.8442    34.1305    34.1315    8.17865         34 0.0000e+00
     84.000     83.154    -0.5392  27.974409    -0.5255  27.988442     7.3287     7.2119     1.3279    93.4448 1.0000e-12  -65.88253  -68.28609 332.102945      99.97 5.2886e+00   1450.440      34812  1027.8423  1027.8450    34.1398    34.1432    8.17347         30 0.0000e+00
     83.000     82.163    -0.5630  27.941045    -0.5681  27.933970     7.4975     7.4713     1.4044    93.0924 1.0000e-12  -65.88254  -68.28608 332.102986      99.97 5.2886e+00   1453.982      34897  1027.8234  1027.8214    34.1223    34.1185    8.17960         18 0.0000e+00
     82.000     81.174    -0.5850  27.912990    -0.5950  27.899444     7.3772     7.4116     1.3349    93.2179 1.0000e-12  -65.88254  -68.28608 332.102997      99.97 5.2886e+00   1454.898      34919  1027.8100  1027.8057    34.1099    34.1030    8.18507         25 0.0000e+00
     81.000     80.185    -0.6117  27.876636    -0.6073  27.880176     7.6379     7.6903     1.4938    92.9738 1.0000e-12  -65.88257  -68.28603 332.103298      99.97 5.2886e+00   1480.935      35543  1027.7900  1027.7895    34.0916    34.0914    8.19190         18 0.0000e+00
     80.000     79.195    -0.6129  27.873407    -0.6143  27.868660     7.7195     7.7508     1.5081    93.0051 1.0000e-12  -65.88259  -68.28602 332.103353      99.97 5.2886e+00   1485.696      35658  1027.7828  1027.7791    34.0892    34.0844    8.19229         15 0.0000e+00
     79.000     78.204    -0.6144  27.869342    -0.6157  27.864737     7.7255     7.7412     1.6332    93.0647 1.0000e-12  -65.88260  -68.28602 332.103363      99.97 5.2886e+00   1486.531      35678  1027.7756  1027.7719    34.0861    34.0814    8.19281         18 0.0000e+00
     78.000     77.216    -0.6133  27.869340    -0.6139  27.866862     7.7396     7.7297     1.7001    93.0191 1.0000e-12  -65.88260  -68.28602 332.103384      99.96 5.2886e+00   1488.386      35722  1027.7702  1027.7680    34.0855    34.0828    8.19261         25 0.0000e+00
     77.000     76.225    -0.6141  27.862543    -0.6136  27.863192     7.8806     7.8879     1.5236    92.9320 1.0000e-12  -65.88262  -68.28600 332.103466      99.97 5.2886e+00   1495.431      35891  1027.7591  1027.7593    34.0778    34.0781    8.19322         13 0.0000e+00
     76.000     75.238    -0.6140  27.860304    -0.6136  27.859179     7.8744     7.8917     1.5376    92.8991 1.0000e-12  -65.88262  -68.28600 332.103472      99.97 5.2886e+00   1495.959      35904  1027.7523  1027.7507    34.0753    34.0733    8.19335         14 0.0000e+00
     75.000     74.247    -0.6136  27.858351    -0.6129  27.856939     7.8731     7.8892     1.7469    92.8276 1.0000e-12  -65.88262  -68.28600 332.103479      99.97 5.2886e+00   1496.575      35919  1027.7454  1027.7433    34.0728    34.0702    8.19340         16 0.0000e+00
     74.000     73.257    -0.6132  27.859406    -0.6126  27.857648     7.8621     7.8859     1.8751    92.7112 1.0000e-12  -65.88262  -68.28601 332.103489      99.97 5.2886e+00   1497.430      35939  1027.7419  1027.7394    34.0744    34.0713    8.19322         26 0.0000e+00
     73.000     72.267    -0.6124  27.857149    -0.6125  27.856957     7.9087     7.9247     1.6974    92.7782 1.0000e-12  -65.88263  -68.28600 332.103533      99.97 5.2886e+00   1501.289      36032  1027.7344  1027.7342    34.0711    34.0709    8.19325         31 0.0000e+00
     72.000     71.277    -0.6104  27.856000    -0.6100  27.854947     7.9114     7.9543     1.5703    92.6619 1.0000e-12  -65.88265  -68.28600 332.103594      99.97 5.2886e+00   1506.528      36158  1027.7269  1027.7254    34.0679    34.0660    8.19299         23 0.0000e+00
     71.000     70.287    -0.6103  27.855664    -0.6099  27.854559     7.9304     7.9544     1.7855    92.5873 1.0000e-12  -65.88266  -68.28600 332.103610      99.97 5.2886e+00   1507.867      36190  1027.7222  1027.7206    34.0679    34.0660    8.19297         36 0.0000e+00
     70.000     69.298    -0.6074  27.854174    -0.6074  27.853188     7.9538     8.0099     1.7962    92.5531 1.0000e-12  -65.88268  -68.28597 332.103726      99.97 5.2886e+00   1517.902      36431  1027.7135  1027.7124    34.0633    34.0619    8.19261         30 0.0000e+00
     69.000     68.308    -0.6079  27.852576    -0.6070  27.852331     7.9678     8.0224     1.8831    92.4806 1.0000e-12  -65.88273  -68.28595 332.103966      99.97 5.2886e+00   1538.668      36929  1027.7079  1027.7068    34.0623    34.0609    8.19277         48 0.0000e+00
     68.000     67.318    -0.6093  27.850522    -0.6082  27.850462     7.9689     8.0300     1.9947    92.6289 1.0000e-12  -65.88276  -68.28594 332.104102      99.97 5.2886e+00   1550.412      37211  1027.7028  1027.7017    34.0617    34.0604    8.19311         38 0.0000e+00
     67.000     66.330    -0.6108  27.848783    -0.6088  27.849422     7.9927     8.0282     1.9240    92.5268 1.0000e-12  -65.88276  -68.28594 332.104142      99.97 5.2886e+00   1553.883      37294  1027.6981  1027.6969    34.0617    34.0603    8.19344         35 0.0000e+00
     66.000     65.340    -0.6115  27.847792    -0.6113  27.846874     7.9496     8.0268     1.6336    92.5408 1.0000e-12  -65.88276  -68.28594 332.104170      99.97 5.2886e+00   1556.293      37352  1027.6934  1027.6922    34.0617    34.0602    8.19358         19 0.0000e+00
     65.000     64.347    -0.6120  27.846820    -0.6123  27.845392     7.9376     8.0276     1.5785    92.4825 1.0000e-12  -65.88276  -68.28594 332.104177      99.97 5.2886e+00   1556.904      37367  1027.6886  1027.6873    34.0616    34.0600    8.19370         16 0.0000e+00
     64.000     63.360    -0.6127  27.845823    -0.6129  27.844486     7.9722     8.0284     1.5767    92.5208 1.0000e-12  -65.88276  -68.28594 332.104184      99.97 5.2886e+00   1557.533      37382  1027.6838  1027.6826    34.0617    34.0601    8.19385         15 0.0000e+00
     63.000     62.369    -0.6127  27.845336    -0.6126  27.844113     7.9665     8.0287     1.5959    92.5785 1.0000e-12  -65.88278  -68.28594 332.104193      99.97 5.2886e+00   1558.241      37399  1027.6790  1027.6776    34.0617    34.0599    8.19386         20 0.0000e+00
     62.000     61.378    -0.6089  27.846845    -0.6116  27.844408     7.9811     8.0380     1.8738    92.4728 1.0000e-12  -65.88278  -68.28595 332.104227      99.97 5.2886e+00   1561.231      37471  1027.6726  1027.6727    34.0600    34.0598    8.19312         36 0.0000e+00
     61.000     60.390    -0.6089  27.846346    -0.6089  27.845289     7.9859     8.0485     1.7748    92.4723 1.0000e-12  -65.88278  -68.28594 332.104267      99.97 5.2886e+00   1564.675      37553  1027.6678  1027.6667    34.0600    34.0585    8.19313         37 0.0000e+00
     60.000     59.399    -0.6030  27.849184    -0.6033  27.847911     8.0220     8.0675     1.8008    92.4249 1.0000e-12  -65.88280  -68.28594 332.104311      99.97 5.2886e+00   1568.429      37643  1027.6609  1027.6598    34.0578    34.0564    8.19198         35 0.0000e+00
     59.000     58.410    -0.6019  27.849479    -0.6026  27.847974     8.0153     8.0911     1.6303    92.3566 1.0000e-12  -65.88280  -68.28596 332.104330      99.97 5.2886e+00   1570.098      37683  1027.6558  1027.6549    34.0575    34.0563    8.19175         18 0.0000e+00
     58.000     57.420    -0.5979  27.851650    -0.5928  27.853658     8.0520     8.0978     1.5919    92.2826 1.0000e-12  -65.88280  -68.28596 332.104337      99.97 5.2886e+00   1570.738      37699  1027.6500  1027.6472    34.0566    34.0535    8.19094         14 0.0000e+00
     57.000     56.430    -0.5944  27.853510    -0.5807  27.860443     8.0452     8.0976     1.5669    92.1547 1.0000e-12  -65.88280  -68.28596 332.104344      99.97 5.2886e+00   1571.313      37713  1027.6443  1027.6385    34.0557    34.0497    8.19023         14 0.0000e+00
     56.000     55.441    -0.5813  27.860655    -0.5680  27.867871     8.0380     8.0951     1.6342    91.9381 1.0000e-12  -65.88280  -68.28596 332.104351      99.97 5.2886e+00   1571.890      37726  1027.6350  1027.6299    34.0513    34.0461    8.18766         14 0.0000e+00
     55.000     54.448    -0.5776  27.862745    -0.5655  27.869246     8.0448     8.0934     1.7528    91.5817 1.0000e-12  -65.88280  -68.28595 332.104359      99.97 5.2886e+00   1572.596      37743  1027.6294  1027.6247    34.0505    34.0457    8.18689         21 0.0000e+00
     54.000     53.462    -0.5643  27.870738    -0.5631  27.870611     8.0758     8.1067     2.0417    91.1445 1.0000e-12  -65.88282  -68.28594 332.104449      99.97 5.2886e+00   1580.401      37931  1027.6213  1027.6199    34.0470    34.0455    8.18423         34 0.0000e+00
     53.000     52.471    -0.5397  27.886566    -0.5372  27.887159     8.0883     8.1507     2.1690    90.6097 1.0000e-12  -65.88288  -68.28590 332.104707      99.97 4.7609e+00   1602.691      38466  1027.6109  1027.6092    34.0412    34.0392    8.17924         27 0.0000e+00
     52.000     51.480    -0.5327  27.891147    -0.5316  27.890822     8.0890     8.1594     2.2564    90.4769 1.0000e-12  -65.88288  -68.28588 332.104779      99.97 4.2712e+00   1608.945      38616  1027.6051  1027.6038    34.0401    34.0385    8.17779         33 0.0000e+00
