NBP2113_155081_ctd/data/unbp2113_059.cnv
* Sea-Bird SBE 9 Data File:
* FileName = D:\Data\raw\NBP2113_059.hex
* Software Version Seasave V 7.26.7.121
* Temperature SN = 2438
* Conductivity SN = 2067
* Number of Bytes Per Scan = 40
* Number of Voltage Words = 5
* Number of Scans Averaged by the Deck Unit = 1
* NMEA Latitude = 64 45.55 S
* NMEA Longitude = 063 08.87 W
* NMEA UTC (Time) = Dec 13 2021  21:27:01
* NMEA baud rate = 9600
** Ship: RVIB N.B. Palmer
** Cruise: NBP2113 LTER
** Station: 653.008
** Operator: S. Blackman
# nquan = 25
# nvalues = 133                         
# units = specified
# name 0 = prDM: Pressure, Digiquartz [db]
# name 1 = depSM: Depth [salt water, m]
# name 2 = t090C: Temperature [ITS-90, deg C]
# name 3 = c0mS/cm: Conductivity [mS/cm]
# name 4 = t190C: Temperature, 2 [ITS-90, deg C]
# name 5 = c1mS/cm: Conductivity, 2 [mS/cm]
# name 6 = sbeox0ML/L: Oxygen, SBE 43 [ml/l]
# name 7 = sbeox1ML/L: Oxygen, SBE 43, 2 [ml/l]
# name 8 = flECO-AFL: Fluorescence, WET Labs ECO-AFL/FL [mg/m^3]
# name 9 = CStarTr0: Beam Transmission, WET Labs C-Star [%]
# name 10 = par: PAR/Irradiance, Biospherical/Licor
# name 11 = latitude: Latitude [deg]
# name 12 = longitude: Longitude [deg]
# name 13 = timeJ: Julian Days
# name 14 = altM: Altimeter [m]
# name 15 = spar: SPAR, Biospherical/Licor
# name 16 = timeS: Time, Elapsed [seconds]
# name 17 = scan: Scan Count
# name 18 = density00: Density [density, kg/m^3]
# name 19 = density11: Density, 2 [density, kg/m^3]
# name 20 = sal00: Salinity, Practical [PSU]
# name 21 = sal11: Salinity, Practical, 2 [PSU]
# name 22 = oxsolML/L: Oxygen Saturation, Garcia & Gordon [ml/l]
# name 23 = nbin: number of scans per bin
# name 24 = flag: flag
# span 0 =      1.000,    133.000       
# span 1 =      0.990,    131.657       
# span 2 =    -0.2079,     0.5434       
# span 3 =  27.999031,  29.109336       
# span 4 =    -0.2076,     0.5427       
# span 5 =  27.997554,  29.106882       
# span 6 =     5.4721,     7.7340       
# span 7 =     5.5974,     7.5989       
# span 8 =     0.0724,     1.7303       
# span 9 =    85.1903,    90.6678       
# span 10 = 1.0000e-12, 7.4583e+02      
# span 11 =  -64.75944,  -64.75930      
# span 12 =  -63.14774,  -63.14768      
# span 13 = 347.907212, 347.911775      
# span 14 =      11.17,     100.89      
# span 15 = 4.8467e+02, 5.3592e+02      
# span 16 =   1162.138,   1556.376      
# span 17 =      27892,      37354      
# span 18 =  1027.1913,  1028.2240      
# span 19 =  1027.1895,  1028.2226      
# span 20 =    33.8434,    34.4028      
# span 21 =    33.8460,    34.4004      
# span 22 =    7.93100,    8.11914      
# span 23 =         28,         49      
# span 24 = 0.0000e+00, 0.0000e+00      
# interval = decibars: 1                
# start_time = Dec 13 2021 21:27:01 [NMEA time, header]
# bad_flag = -9.990e-29
*END*
    133.000    131.657     0.5380  29.103946     0.5392  29.103781     5.4891     5.6011     0.0724    90.5973 1.0000e-12  -64.75942  -63.14768 347.907212      11.17 5.3443e+02   1162.138      27892  1028.2240  1028.2226    34.4007    34.3990    7.93224         35 0.0000e+00
    132.000    130.667     0.5415  29.107083     0.5411  29.105076     5.4721     5.5978     0.0740    90.6039 1.0000e-12  -64.75942  -63.14768 347.907221      12.31 5.3415e+02   1162.912      27911  1028.2194  1028.2178    34.4014    34.3992    7.93147         33 0.0000e+00
    131.000    129.677     0.5434  29.109336     0.5427  29.106882     5.4846     5.5974     0.0972    90.6022 1.0000e-12  -64.75942  -63.14768 347.907243      13.35 5.3415e+02   1164.814      27957  1028.2156  1028.2137    34.4028    34.4003    7.93100         44 0.0000e+00
    130.000    128.687     0.5416  29.106391     0.5423  29.106041     5.4912     5.6029     0.1067    90.6229 1.0000e-12  -64.75943  -63.14768 347.907265      14.41 5.3474e+02   1166.687      28001  1028.2101  1028.2090    34.4016    34.4004    7.93144         36 0.0000e+00
    129.000    127.698     0.5396  29.103279     0.5405  29.103139     5.4942     5.6027     0.1031    90.5972 1.0000e-12  -64.75944  -63.14768 347.907287      15.37 5.3591e+02   1168.586      28047  1028.2045  1028.2034    34.4003    34.3991    7.93192         41 0.0000e+00
    128.000    126.708     0.5384  29.101096     0.5392  29.100740     5.4929     5.6100     0.1020    90.5891 1.0000e-12  -64.75944  -63.14768 347.907309      16.48 5.3592e+02   1170.472      28092  1028.1990  1028.1980    34.3994    34.3981    7.93221         43 0.0000e+00
    127.000    125.719     0.5380  29.100232     0.5384  29.099192     5.4942     5.6097     0.0973    90.5883 1.0000e-12  -64.75944  -63.14768 347.907331      17.52 5.3592e+02   1172.383      28138  1028.1943  1028.1929    34.3994    34.3976    7.93231         39 0.0000e+00
    126.000    124.729     0.5377  29.099578     0.5376  29.097945     5.5103     5.6186     0.1024    90.6232 1.0000e-12  -64.75944  -63.14768 347.907354      18.57 5.3592e+02   1174.387      28186  1028.1895  1028.1880    34.3994    34.3974    7.93235         41 0.0000e+00
    125.000    123.739     0.5269  29.086053     0.5343  29.093270     5.5821     5.6405     0.1163    90.6491 1.0000e-12  -64.75944  -63.14768 347.907380      19.61 5.3592e+02   1176.663      28241  1028.1818  1028.1820    34.3944    34.3956    7.93485         40 0.0000e+00
    124.000    122.750     0.4976  29.051084     0.5153  29.071485     5.7001     5.7007     0.1034    90.6100 1.0000e-12  -64.75944  -63.14768 347.907407      20.78 5.3592e+02   1178.957      28296  1028.1693  1028.1735    34.3819    34.3889    7.94155         47 0.0000e+00
    123.000    121.760     0.4620  29.007976     0.4873  29.036648     5.7317     5.7457     0.0946    90.6596 1.0000e-12  -64.75944  -63.14768 347.907434      22.04 5.3592e+02   1181.261      28351  1028.1545  1028.1600    34.3658    34.3751    7.94977         45 0.0000e+00
    122.000    120.771     0.4507  28.994675     0.4732  29.019862     5.7336     5.7670     0.1157    90.6240 1.0000e-12  -64.75944  -63.14768 347.907460      23.45 5.3592e+02   1183.521      28406  1028.1468  1028.1515    34.3616    34.3695    7.95233         43 0.0000e+00
    121.000    119.779     0.4209  28.959771     0.4246  28.962833     5.7012     5.8399     0.1070    90.6572 1.0000e-12  -64.75944  -63.14768 347.907892      25.18 5.3081e+02   1220.900      29303  1028.1332  1028.1328    34.3497    34.3495    7.95913         45 0.0000e+00
    120.000    118.790     0.4239  28.963694     0.4224  28.959804     5.7822     5.8931     0.0944    90.6678 1.0000e-12  -64.75944  -63.14768 347.908072      26.36 5.2887e+02   1236.389      29674  1028.1296  1028.1269    34.3521    34.3487    7.95837         41 0.0000e+00
    119.000    117.801     0.4021  28.935028     0.4084  28.942109     5.8269     5.9222     0.1074    90.6324 1.0000e-12  -64.75944  -63.14768 347.908098      27.44 5.2866e+02   1238.656      29729  1028.1167  1028.1178    34.3394    34.3416    7.96357         45 0.0000e+00
    118.000    116.813     0.3999  28.931131     0.4004  28.930462     5.8222     5.9283     0.1101    90.6395 1.0000e-12  -64.75944  -63.14768 347.908124      28.40 5.2711e+02   1240.900      29783  1028.1103  1028.1091    34.3373    34.3359    7.96413         36 0.0000e+00
    117.000    115.821     0.4012  28.931518     0.4020  28.931579     5.8135     5.9215     0.1419    90.6369 1.0000e-12  -64.75944  -63.14768 347.908150      29.44 5.2710e+02   1243.198      29838  1028.1052  1028.1044    34.3371    34.3362    7.96390         47 0.0000e+00
    116.000    114.833     0.4031  28.932411     0.4032  28.931905     5.8100     5.9234     0.1247    90.6217 1.0000e-12  -64.75944  -63.14768 347.908176      30.43 5.2710e+02   1245.363      29890  1028.1000  1028.0993    34.3367    34.3359    7.96352         38 0.0000e+00
    115.000    113.843     0.4007  28.927805     0.4035  28.931812     5.8200     5.9333     0.1230    90.6426 1.0000e-12  -64.75944  -63.14768 347.908200      31.44 5.2710e+02   1247.490      29941  1028.0932  1028.0947    34.3339    34.3361    7.96417         45 0.0000e+00
    114.000    112.853     0.4005  28.926370     0.4028  28.928594     5.8230     5.9420     0.1113    90.6576 1.0000e-12  -64.75944  -63.14768 347.908225      32.37 5.2656e+02   1249.628      29992  1028.0875  1028.0876    34.3328    34.3332    7.96426         43 0.0000e+00
    113.000    111.863     0.3994  28.923469     0.4001  28.923368     5.8365     5.9492     0.1245    90.6522 1.0000e-12  -64.75944  -63.14768 347.908249      33.49 5.2538e+02   1251.712      30042  1028.0813  1028.0805    34.3309    34.3299    7.96460         43 0.0000e+00
    112.000    110.874     0.3987  28.921631     0.3997  28.922331     5.8413     5.9573     0.1463    90.6138 1.0000e-12  -64.75944  -63.14768 347.908273      34.58 5.2534e+02   1253.777      30092  1028.0757  1028.0755    34.3298    34.3296    7.96480         33 0.0000e+00
    111.000    109.885     0.3982  28.920364     0.3966  28.916238     5.8431     5.9786     0.1476    90.5900 1.0000e-12  -64.75944  -63.14768 347.908298      35.78 5.2515e+02   1255.929      30143  1028.0706  1028.0679    34.3293    34.3257    7.96493         47 0.0000e+00
    110.000    108.894     0.3946  28.913800     0.3912  28.906738     5.8774     5.9920     0.1419    90.5392 1.0000e-12  -64.75944  -63.14768 347.908323      36.59 5.2354e+02   1258.108      30196  1028.0630  1028.0589    34.3254    34.3199    7.96591         41 0.0000e+00
    109.000    107.905     0.3863  28.899557     0.3892  28.903067     5.9102     6.0025     0.1575    90.5415 1.0000e-12  -64.75944  -63.14768 347.908349      37.74 5.2358e+02   1260.314      30249  1028.0518  1028.0526    34.3165    34.3179    7.96811         40 0.0000e+00
    108.000    106.916     0.3837  28.895333     0.3860  28.897310     5.9099     6.0027     0.1683    90.4892 1.0000e-12  -64.75944  -63.14768 347.908374      38.64 5.2358e+02   1262.488      30301  1028.0455  1028.0453    34.3145    34.3145    7.96876         36 0.0000e+00
    107.000    105.925     0.3794  28.888080     0.3830  28.892948     5.9340     6.0246     0.1504    90.5040 1.0000e-12  -64.75944  -63.14768 347.908399      39.62 5.2251e+02   1264.646      30352  1028.0377  1028.0393    34.3104    34.3127    7.96988         37 0.0000e+00
    106.000    104.937     0.3764  28.882798     0.3793  28.886426     5.9401     6.0369     0.1767    90.4733 1.0000e-12  -64.75944  -63.14768 347.908423      40.53 5.2181e+02   1266.760      30403  1028.0308  1028.0317    34.3074    34.3089    7.97067         35 0.0000e+00
    105.000    103.946     0.3744  28.879719     0.3760  28.880601     5.9334     6.0450     0.1793    90.4855 1.0000e-12  -64.75944  -63.14768 347.908447      41.74 5.2114e+02   1268.795      30452  1028.0250  1028.0246    34.3061    34.3055    7.97114         41 0.0000e+00
    104.000    102.955     0.3738  28.877641     0.3757  28.879197     5.9328     6.0348     0.1837    90.4570 4.1727e-04  -64.75944  -63.14768 347.908470      42.61 5.2005e+02   1270.848      30501  1028.0192  1028.0189    34.3047    34.3046    7.97135         39 0.0000e+00
    103.000    101.968     0.3756  28.879647     0.3805  28.885174     5.9264     6.0199     0.1799    90.4657 2.5636e-03  -64.75944  -63.14768 347.908496      43.55 5.1988e+02   1273.060      30554  1028.0151  1028.0162    34.3059    34.3076    7.97091         34 0.0000e+00
    102.000    100.979     0.3705  28.870641     0.3820  28.888842     5.9388     6.0278     0.2292    90.4273 5.9908e-03  -64.75944  -63.14768 347.908524      44.70 5.1832e+02   1275.482      30613  1028.0063  1028.0144    34.3003    34.3114    7.97227         39 0.0000e+00
    101.000     99.986     0.3548  28.843538     0.3552  28.843021     6.0283     6.1540     0.2178    90.3574 8.8173e-03  -64.75944  -63.14768 347.908899      44.59 5.0753e+02   1307.848      31389  1027.9883  1027.9874    34.2829    34.2818    7.97648         37 0.0000e+00
    100.000     99.000     0.3466  28.831510     0.3435  28.825537     6.0611     6.1761     0.2108    90.3606 1.2228e-02  -64.75944  -63.14768 347.908922      45.60 5.0592e+02   1309.902      31439  1027.9794  1027.9760    34.2768    34.2724    7.97852         39 0.0000e+00
     99.000     98.006     0.3421  28.824396     0.3407  28.820941     6.0731     6.1923     0.2149    90.3709 1.5748e-02  -64.75944  -63.14768 347.908944      46.87 5.0595e+02   1311.773      31484  1027.9719  1027.9697    34.2731    34.2702    7.97967         40 0.0000e+00
     98.000     97.018     0.3363  28.816012     0.3361  28.814368     6.0903     6.2103     0.2259    90.2981 1.9394e-02  -64.75944  -63.14768 347.908963      47.67 5.0414e+02   1313.414      31523  1027.9645  1027.9628    34.2692    34.2672    7.98109         35 0.0000e+00
     97.000     96.029     0.3317  28.809823     0.3299  28.806267     6.1133     6.2199     0.2288    90.2788 2.3170e-02  -64.75944  -63.14768 347.908981      48.71 5.0418e+02   1314.920      31559  1027.9581  1027.9560    34.2668    34.2641    7.98217         33 0.0000e+00
     96.000     95.038     0.3293  28.805966     0.3276  28.802774     6.1260     6.2329     0.2578    90.2724 2.7184e-02  -64.75944  -63.14768 347.908998      49.76 5.0418e+02   1316.384      31594  1027.9520  1027.9503    34.2650    34.2627    7.98277         35 0.0000e+00
     95.000     94.049     0.3233  28.798769     0.3227  28.796551     6.1485     6.2511     0.2805    90.2459 3.1600e-02  -64.75944  -63.14768 347.909014      50.49 5.0312e+02   1317.836      31629  1027.9459  1027.9442    34.2628    34.2606    7.98413         35 0.0000e+00
     94.000     93.058     0.3160  28.789478     0.3136  28.785030     6.1818     6.2780     0.2774    90.2292 3.6360e-02  -64.75944  -63.14768 347.909031      51.63 5.0242e+02   1319.282      31664  1027.9389  1027.9365    34.2593    34.2561    7.98584         35 0.0000e+00
     93.000     92.070     0.3023  28.772502     0.2998  28.768481     6.1944     6.2947     0.3049    90.2371 4.1162e-02  -64.75944  -63.14768 347.909048      52.66 5.0242e+02   1320.761      31699  1027.9301  1027.9282    34.2530    34.2504    7.98905         36 0.0000e+00
     92.000     91.079     0.2951  28.763533     0.2937  28.760331     6.2052     6.2993     0.3025    90.2501 4.6566e-02  -64.75944  -63.14768 347.909066      53.68 5.0175e+02   1322.300      31736  1027.9232  1027.9211    34.2497    34.2471    7.99071         34 0.0000e+00
     91.000     90.089     0.2909  28.757810     0.2907  28.756306     6.1982     6.3117     0.3153    90.2164 5.1707e-02  -64.75944  -63.14768 347.909083      54.75 5.0066e+02   1323.798      31772  1027.9168  1027.9153    34.2475    34.2457    7.99171         35 0.0000e+00
     90.000     89.100     0.2884  28.754120     0.2876  28.751885     6.2002     6.3166     0.2762    90.1880 5.7487e-02  -64.75944  -63.14768 347.909100      55.28 5.0066e+02   1325.247      31807  1027.9110  1027.9093    34.2460    34.2440    7.99231         35 0.0000e+00
     89.000     88.109     0.2870  28.751996     0.2860  28.749429     6.2010     6.3197     0.2805    90.1880 6.3992e-02  -64.75944  -63.14768 347.909117      56.70 5.0061e+02   1326.705      31842  1027.9056  1027.9038    34.2454    34.2431    7.99263         33 0.0000e+00
     88.000     87.120     0.2857  28.749735     0.2855  28.748157     6.2177     6.3232     0.2968    90.1652 7.0213e-02  -64.75944  -63.14768 347.909134      57.86 4.9905e+02   1328.147      31877  1027.9002  1027.8986    34.2445    34.2426    7.99296         34 0.0000e+00
     87.000     86.131     0.2835  28.746085     0.2829  28.744000     6.2243     6.3380     0.2840    90.1887 7.6991e-02  -64.75944  -63.14768 347.909150      58.75 4.9890e+02   1329.590      31911  1027.8941  1027.8924    34.2428    34.2406    7.99352         35 0.0000e+00
     86.000     85.141     0.2795  28.740120     0.2783  28.737211     6.2196     6.3421     0.2934    90.1818 8.3993e-02  -64.75944  -63.14768 347.909167      59.94 4.9821e+02   1331.039      31946  1027.8873  1027.8854    34.2399    34.2374    7.99449         34 0.0000e+00
     85.000     84.150     0.2788  28.738696     0.2756  28.732843     6.2299     6.3525     0.3474    90.1909 9.1454e-02  -64.75944  -63.14768 347.909184      61.18 4.9714e+02   1332.504      31981  1027.8821  1027.8791    34.2394    34.2353    7.99467         34 0.0000e+00
     84.000     83.160     0.2742  28.731619     0.2725  28.727991     6.2382     6.3609     0.3386    90.1447 9.9765e-02  -64.75944  -63.14768 347.909201      61.48 4.9713e+02   1333.965      32016  1027.8748  1027.8726    34.2359    34.2329    7.99583         31 0.0000e+00
     83.000     82.172     0.2723  28.728749     0.2698  28.723832     6.2627     6.3743     0.3095    90.1082 1.0873e-01  -64.75944  -63.14768 347.909218      62.91 4.9713e+02   1335.467      32052  1027.8693  1027.8665    34.2348    34.2312    7.99628         37 0.0000e+00
     82.000     81.181     0.2676  28.721904     0.2667  28.719373     6.2785     6.3947     0.3146    90.0963 1.1809e-01  -64.75944  -63.14768 347.909236      64.08 4.9657e+02   1337.007      32089  1027.8623  1027.8605    34.2317    34.2293    7.99744         38 0.0000e+00
     81.000     80.192     0.2632  28.715724     0.2619  28.712615     6.2922     6.4058     0.3717    90.1217 1.2824e-01  -64.75944  -63.14768 347.909255      65.19 4.9538e+02   1338.592      32127  1027.8556  1027.8536    34.2290    34.2264    7.99850         38 0.0000e+00
     80.000     79.201     0.2581  28.708190     0.2568  28.705028     6.2968     6.4277     0.3464    90.0655 1.3909e-01  -64.75944  -63.14768 347.909273      66.14 4.9537e+02   1340.171      32165  1027.8483  1027.8462    34.2254    34.2227    7.99976         35 0.0000e+00
     79.000     78.212     0.2554  28.704108     0.2488  28.693497     6.3053     6.4399     0.3436    90.0595 1.5082e-01  -64.75944  -63.14768 347.909292      67.11 4.9537e+02   1341.864      32206  1027.8423  1027.8374    34.2236    34.2169    8.00042         36 0.0000e+00
     78.000     77.223     0.2544  28.701795     0.2469  28.690338     6.3265     6.4586     0.3321    90.0631 1.6343e-01  -64.75944  -63.14768 347.909314      68.51 4.9415e+02   1343.693      32250  1027.8364  1027.8315    34.2223    34.2156    8.00070         41 0.0000e+00
     77.000     76.232     0.2485  28.692672     0.2397  28.679817     6.3399     6.4602     0.3451    90.0474 1.7694e-01  -64.75944  -63.14768 347.909337      69.45 4.9362e+02   1345.693      32298  1027.8281  1027.8230    34.2174    34.2103    8.00219         37 0.0000e+00
