NBP2113_155081_ctd/data/unbp2113_056.cnv
* Sea-Bird SBE 9 Data File:
* FileName = D:\Data\raw\NBP2113_056.hex
* Software Version Seasave V 7.26.7.121
* Temperature SN = 2438
* Conductivity SN = 2067
* Number of Bytes Per Scan = 40
* Number of Voltage Words = 5
* Number of Scans Averaged by the Deck Unit = 1
* NMEA Latitude = 64 53.69 S
* NMEA Longitude = 064 47.29 W
* NMEA UTC (Time) = Dec 11 2021  22:36:48
* NMEA baud rate = 9600
** Ship: RVIB N.B. Palmer
** Cruise: NBP2113 LTER
** Station: 591.057
** Operator: S. Blackman
# nquan = 25
# nvalues = 659                         
# units = specified
# name 0 = prDM: Pressure, Digiquartz [db]
# name 1 = depSM: Depth [salt water, m]
# name 2 = t090C: Temperature [ITS-90, deg C]
# name 3 = c0mS/cm: Conductivity [mS/cm]
# name 4 = t190C: Temperature, 2 [ITS-90, deg C]
# name 5 = c1mS/cm: Conductivity, 2 [mS/cm]
# name 6 = sbeox0ML/L: Oxygen, SBE 43 [ml/l]
# name 7 = sbeox1ML/L: Oxygen, SBE 43, 2 [ml/l]
# name 8 = flECO-AFL: Fluorescence, WET Labs ECO-AFL/FL [mg/m^3]
# name 9 = CStarTr0: Beam Transmission, WET Labs C-Star [%]
# name 10 = par: PAR/Irradiance, Biospherical/Licor
# name 11 = latitude: Latitude [deg]
# name 12 = longitude: Longitude [deg]
# name 13 = timeJ: Julian Days
# name 14 = altM: Altimeter [m]
# name 15 = spar: SPAR, Biospherical/Licor
# name 16 = timeS: Time, Elapsed [seconds]
# name 17 = scan: Scan Count
# name 18 = density00: Density [density, kg/m^3]
# name 19 = density11: Density, 2 [density, kg/m^3]
# name 20 = sal00: Salinity, Practical [PSU]
# name 21 = sal11: Salinity, Practical, 2 [PSU]
# name 22 = oxsolML/L: Oxygen Saturation, Garcia & Gordon [ml/l]
# name 23 = nbin: number of scans per bin
# name 24 = flag: flag
# span 0 =      1.000,    659.000       
# span 1 =      0.991,    651.510       
# span 2 =    -0.5133,     1.4679       
# span 3 =  27.564538,  30.360999       
# span 4 =    -0.5103,     1.4676       
# span 5 =  27.566300,  30.359607       
# span 6 =     4.0588,     8.0996       
# span 7 =     4.1191,     8.1494       
# span 8 =    -0.0217,     1.7937       
# span 9 =    82.5897,    91.4528       
# span 10 = 1.0000e-12, 1.3970e+02      
# span 11 =  -64.89496,  -64.89482      
# span 12 =  -64.78956,  -64.78857      
# span 13 = 345.956731, 345.968983      
# span 14 =       0.88,     100.16      
# span 15 = 1.2691e+02, 1.6211e+02      
# span 16 =   1253.519,   2312.097      
# span 17 =      30085,      55491      
# span 18 =  1027.0165,  1030.8509      
# span 19 =  1027.0123,  1030.8497      
# span 20 =    33.6074,    34.6847      
# span 21 =    33.6035,    34.6832      
# span 22 =    7.73033,    8.19855      
# span 23 =         11,         48      
# span 24 = 0.0000e+00, 0.0000e+00      
# interval = decibars: 1                
# start_time = Dec 11 2021 22:36:48 [NMEA time, header]
# bad_flag = -9.990e-29
*END*
[from data line 290]
    369.000    365.060     1.3533  30.107892     1.3577  30.111357     4.2116     4.2564    -0.0072    91.4070 1.0000e-12  -64.89492  -64.78860 345.961036      99.97 1.3045e+02   1625.489      39013  1029.4806  1029.4798    34.6535    34.6531    7.75452         35 0.0000e+00
    368.000    364.072     1.3524  30.106166     1.3543  30.107453     4.2139     4.2647    -0.0152    91.4184 1.0000e-12  -64.89492  -64.78861 345.961052      99.97 1.3045e+02   1626.930      39047  1029.4754  1029.4749    34.6529    34.6524    7.75473         28 0.0000e+00
    367.000    363.083     1.3512  30.104794     1.3501  30.102543     4.2124     4.2652    -0.0121    91.4038 1.0000e-12  -64.89492  -64.78862 345.961065      99.97 1.3045e+02   1627.981      39073  1029.4710  1029.4698    34.6531    34.6514    7.75496         23 0.0000e+00
    366.000    362.095     1.3480  30.100761     1.3475  30.099092     4.2130     4.2660     0.0020    91.3950 1.0000e-12  -64.89492  -64.78862 345.961075      99.97 1.3045e+02   1628.896      39094  1029.4658  1029.4646    34.6521    34.6504    7.75565         21 0.0000e+00
    365.000    361.106     1.3478  30.100048     1.3472  30.098341     4.2079     4.2647    -0.0067    91.3509 1.0000e-12  -64.89492  -64.78863 345.961085      99.97 1.3045e+02   1629.739      39115  1029.4610  1029.4598    34.6519    34.6504    7.75570         20 0.0000e+00
    364.000    360.117     1.3476  30.099326     1.3472  30.097841     4.2088     4.2677    -0.0119    91.3098 1.0000e-12  -64.89492  -64.78864 345.961094      99.97 1.3045e+02   1630.542      39134  1029.4562  1029.4551    34.6518    34.6504    7.75574         19 0.0000e+00
    363.000    359.129     1.3472  30.098563     1.3469  30.097204     4.2133     4.2680    -0.0115    91.4051 1.0000e-12  -64.89492  -64.78864 345.961103      99.96 1.3045e+02   1631.337      39153  1029.4516  1029.4505    34.6518    34.6505    7.75582         19 0.0000e+00
    362.000    358.140     1.3461  30.097047     1.3459  30.095682     4.2118     4.2661     0.0012    91.4014 1.0000e-12  -64.89492  -64.78864 345.961113      99.97 1.3045e+02   1632.155      39173  1029.4469  1029.4458    34.6517    34.6502    7.75604         21 0.0000e+00
    361.000    357.152     1.3449  30.095118     1.3447  30.093932     4.2122     4.2637    -0.0136    91.4006 1.0000e-12  -64.89492  -64.78864 345.961124      99.97 1.3045e+02   1633.075      39195  1029.4419  1029.4408    34.6512    34.6498    7.75632         24 0.0000e+00
    360.000    356.163     1.3468  30.096662     1.3464  30.095324     4.2164     4.2661    -0.0144    91.3951 1.0000e-12  -64.89492  -64.78864 345.961156      99.97 1.2954e+02   1635.874      39262  1029.4373  1029.4363    34.6516    34.6503    7.75591         39 0.0000e+00
    359.000    355.174     1.3469  30.096536     1.3468  30.095468     4.2178     4.2719    -0.0150    91.3869 1.0000e-12  -64.89492  -64.78864 345.961187      99.97 1.2872e+02   1638.601      39327  1029.4327  1029.4317    34.6518    34.6506    7.75587         20 0.0000e+00
    358.000    354.188     1.3450  30.094196     1.3453  30.093269     4.2250     4.2813    -0.0052    91.3970 1.0000e-12  -64.89492  -64.78866 345.961195      99.97 1.2965e+02   1639.282      39344  1029.4280  1029.4268    34.6515    34.6501    7.75626         17 0.0000e+00
    357.000    353.196     1.3428  30.091282     1.3415  30.089030     4.2252     4.2804     0.0005    91.4113 1.0000e-12  -64.89492  -64.78866 345.961203      99.96 1.3034e+02   1639.942      39360  1029.4229  1029.4220    34.6508    34.6495    7.75673         16 0.0000e+00
    356.000    352.211     1.3380  30.085491     1.3378  30.084112     4.2286     4.2785    -0.0062    91.4175 1.0000e-12  -64.89492  -64.78866 345.961210      99.97 1.3045e+02   1640.583      39375  1029.4176  1029.4164    34.6494    34.6479    7.75777         15 0.0000e+00
    355.000    351.221     1.3379  30.084657     1.3361  30.081675     4.2338     4.2813    -0.0115    91.3996 1.0000e-12  -64.89492  -64.78868 345.961219      99.97 1.3045e+02   1641.278      39392  1029.4126  1029.4113    34.6490    34.6471    7.75782         19 0.0000e+00
    354.000    350.231     1.3362  30.082035     1.3349  30.079912     4.2345     4.2787    -0.0201    91.4123 1.0000e-12  -64.89492  -64.78868 345.961228      99.97 1.3045e+02   1642.117      39412  1029.4073  1029.4064    34.6481    34.6468    7.75819         22 0.0000e+00
    353.000    349.243     1.3354  30.080915     1.3356  30.080243     4.2258     4.2778    -0.0076    91.4090 1.0000e-12  -64.89492  -64.78868 345.961240      99.97 1.3045e+02   1643.173      39437  1029.4027  1029.4018    34.6481    34.6470    7.75835         28 0.0000e+00
    352.000    348.255     1.3357  30.080492     1.3334  30.077240     4.2247     4.2788    -0.0042    91.4208 1.0000e-12  -64.89492  -64.78868 345.961255      99.97 1.3045e+02   1644.404      39467  1029.3977  1029.3967    34.6478    34.6462    7.75830         31 0.0000e+00
    351.000    347.268     1.3337  30.078362     1.3371  30.080658     4.2298     4.2809    -0.0064    91.4168 1.0000e-12  -64.89492  -64.78868 345.961271      99.97 1.2946e+02   1645.835      39501  1029.3932  1029.3922    34.6479    34.6470    7.75869         32 0.0000e+00
    350.000    346.279     1.3343  30.078365     1.3359  30.079198     4.2284     4.2767    -0.0111    91.4109 1.0000e-12  -64.89492  -64.78868 345.961294      99.97 1.2867e+02   1647.827      39549  1029.3884  1029.3876    34.6478    34.6471    7.75858         42 0.0000e+00
    349.000    345.290     1.3371  30.081186     1.3363  30.079476     4.2390     4.2866    -0.0168    91.4269 1.0000e-12  -64.89491  -64.78870 345.961318      99.97 1.2869e+02   1649.867      39598  1029.3843  1029.3832    34.6489    34.6476    7.75798         35 0.0000e+00
    348.000    344.302     1.3295  30.072078     1.3297  30.071464     4.2431     4.2960    -0.0211    91.4182 1.0000e-12  -64.89490  -64.78871 345.961331      99.97 1.2869e+02   1650.955      39624  1029.3782  1029.3774    34.6463    34.6453    7.75962         21 0.0000e+00
    347.000    343.313     1.3269  30.068663     1.3263  30.067110     4.2478     4.2941    -0.0055    91.4241 1.0000e-12  -64.89490  -64.78872 345.961340      99.97 1.2869e+02   1651.733      39643  1029.3731  1029.3721    34.6454    34.6440    7.76018         17 0.0000e+00
    346.000    342.325     1.3243  30.065504     1.3238  30.064062     4.2484     4.2942    -0.0107    91.4420 1.0000e-12  -64.89490  -64.78872 345.961347      99.97 1.2869e+02   1652.412      39659  1029.3681  1029.3672    34.6447    34.6435    7.76072         17 0.0000e+00
    345.000    341.336     1.3219  30.062185     1.3207  30.060018     4.2491     4.2963    -0.0150    91.4451 1.0000e-12  -64.89490  -64.78872 345.961355      99.97 1.2869e+02   1653.098      39675  1029.3628  1029.3618    34.6438    34.6423    7.76125         16 0.0000e+00
    344.000    340.346     1.3221  30.061865     1.3208  30.059178     4.2487     4.2945    -0.0147    91.4247 1.0000e-12  -64.89490  -64.78872 345.961364      99.97 1.2869e+02   1653.883      39694  1029.3580  1029.3566    34.6437    34.6417    7.76121         22 0.0000e+00
    343.000    339.360     1.3239  30.063428     1.3229  30.061238     4.2439     4.2921    -0.0138    91.3642 1.0000e-12  -64.89491  -64.78872 345.961382      99.97 1.2869e+02   1655.368      39730  1029.3536  1029.3523    34.6443    34.6426    7.76082         30 0.0000e+00
    342.000    338.370     1.3235  30.062568     1.3226  30.060675     4.2472     4.2994    -0.0069    91.4350 1.0000e-12  -64.89492  -64.78873 345.961415      99.97 1.2869e+02   1658.217      39798  1029.3488  1029.3477    34.6442    34.6427    7.76091         29 0.0000e+00
    341.000    337.381     1.3222  30.060947     1.3215  30.059061     4.2623     4.3089    -0.0126    91.4206 1.0000e-12  -64.89490  -64.78874 345.961425      99.97 1.2869e+02   1659.101      39819  1029.3441  1029.3429    34.6441    34.6425    7.76116         20 0.0000e+00
    340.000    336.394     1.3169  30.054833     1.3167  30.053807     4.2720     4.3132    -0.0151    91.4209 1.0000e-12  -64.89490  -64.78874 345.961434      99.97 1.2869e+02   1659.872      39838  1029.3389  1029.3380    34.6428    34.6417    7.76229         18 0.0000e+00
    339.000    335.403     1.3099  30.046691     1.3096  30.045336     4.2707     4.3096    -0.0150    91.4441 1.0000e-12  -64.89490  -64.78875 345.961442      99.97 1.2869e+02   1660.629      39856  1029.3332  1029.3322    34.6407    34.6393    7.76378         19 0.0000e+00
    338.000    334.416     1.3065  30.042129     1.3073  30.042065     4.2594     4.3093    -0.0018    91.4179 1.0000e-12  -64.89490  -64.78876 345.961453      99.97 1.2869e+02   1661.543      39878  1029.3277  1029.3268    34.6392    34.6382    7.76454         25 0.0000e+00
    337.000    333.428     1.3094  30.044951     1.3087  30.042412     4.2678     4.3040    -0.0068    91.4374 1.0000e-12  -64.89490  -64.78876 345.961468      99.97 1.2782e+02   1662.800      39908  1029.3234  1029.3215    34.6401    34.6377    7.76390         34 0.0000e+00
    336.000    332.439     1.3094  30.044443     1.3096  30.043439     4.2646     4.3075    -0.0072    91.4324 1.0000e-12  -64.89490  -64.78876 345.961484      99.97 1.2691e+02   1664.195      39942  1029.3186  1029.3173    34.6401    34.6386    7.76391         31 0.0000e+00
    335.000    331.450     1.3053  30.039653     1.3095  30.043052     4.2657     4.3124    -0.0105    91.4343 1.0000e-12  -64.89490  -64.78876 345.961498      99.97 1.2693e+02   1665.425      39971  1029.3135  1029.3128    34.6391    34.6388    7.76478         29 0.0000e+00
    334.000    330.461     1.3050  30.038808     1.3039  30.036880     4.2761     4.3182    -0.0107    91.4281 1.0000e-12  -64.89490  -64.78876 345.961513      99.97 1.2693e+02   1666.699      40002  1029.3086  1029.3077    34.6389    34.6376    7.76484         32 0.0000e+00
    333.000    329.473     1.3013  30.034651     1.3005  30.032619     4.2717     4.3255    -0.0135    91.3817 1.0000e-12  -64.89490  -64.78876 345.961529      99.97 1.2693e+02   1668.062      40034  1029.3037  1029.3024    34.6383    34.6365    7.76561         30 0.0000e+00
    332.000    328.484     1.2987  30.031423     1.2987  30.030369     4.2797     4.3366    -0.0073    91.4391 1.0000e-12  -64.89490  -64.78878 345.961544      99.97 1.2693e+02   1669.377      40066  1029.2988  1029.2976    34.6377    34.6362    7.76617         30 0.0000e+00
    331.000    327.495     1.2951  30.027172     1.2947  30.025739     4.2925     4.3317    -0.0077    91.4378 1.0000e-12  -64.89492  -64.78879 345.961557      99.97 1.2693e+02   1670.530      40094  1029.2936  1029.2926    34.6367    34.6353    7.76692         26 0.0000e+00
    330.000    326.508     1.2908  30.022338     1.2905  30.021025     4.2908     4.3369    -0.0077    91.4434 1.0000e-12  -64.89491  -64.78881 345.961569      99.97 1.2693e+02   1671.557      40118  1029.2886  1029.2877    34.6358    34.6346    7.76781         24 0.0000e+00
    329.000    325.518     1.2874  30.018017     1.2872  30.016856     4.2987     4.3413    -0.0077    91.4245 1.0000e-12  -64.89490  -64.78882 345.961580      99.97 1.2693e+02   1672.529      40142  1029.2833  1029.2824    34.6347    34.6335    7.76855         23 0.0000e+00
    328.000    324.529     1.2853  30.015438     1.2850  30.014088     4.2974     4.3414    -0.0077    91.4317 1.0000e-12  -64.89490  -64.78882 345.961592      99.97 1.2693e+02   1673.548      40166  1029.2785  1029.2774    34.6343    34.6329    7.76899         26 0.0000e+00
    327.000    323.541     1.2842  30.013862     1.2814  30.009785     4.2903     4.3410    -0.0072    91.4366 1.0000e-12  -64.89490  -64.78882 345.961606      99.97 1.2693e+02   1674.728      40194  1029.2736  1029.2722    34.6340    34.6319    7.76922         31 0.0000e+00
    326.000    322.553     1.2839  30.013130     1.2844  30.011848     4.3015     4.3452    -0.0073    91.4334 1.0000e-12  -64.89490  -64.78882 345.961623      99.97 1.2693e+02   1676.210      40230  1029.2689  1029.2671    34.6341    34.6319    7.76928         37 0.0000e+00
    325.000    321.563     1.2778  30.006110     1.2807  30.007228     4.3124     4.3573    -0.0088    91.4143 1.0000e-12  -64.89490  -64.78882 345.961640      99.97 1.2693e+02   1677.655      40265  1029.2634  1029.2617    34.6324    34.6306    7.77058         29 0.0000e+00
    324.000    320.576     1.2747  30.002014     1.2793  30.006633     4.3233     4.3632    -0.0047    91.4274 1.0000e-12  -64.89490  -64.78882 345.961652      99.97 1.2693e+02   1678.731      40291  1029.2580  1029.2582    34.6311    34.6320    7.77125         24 0.0000e+00
    323.000    319.586     1.2688  29.996158     1.2657  29.991627     4.3197     4.3661    -0.0076    91.4409 1.0000e-12  -64.89491  -64.78882 345.961663      99.97 1.2693e+02   1679.702      40314  1029.2536  1029.2520    34.6308    34.6284    7.77245         24 0.0000e+00
    322.000    318.598     1.2633  29.989232     1.2622  29.987407     4.3203     4.3651    -0.0077    91.4334 1.0000e-12  -64.89492  -64.78883 345.961677      99.97 1.2693e+02   1680.910      40343  1029.2475  1029.2468    34.6285    34.6275    7.77365         34 0.0000e+00
    321.000    317.610     1.2687  29.994515     1.2671  29.991755     4.3169     4.3665    -0.0077    91.4206 1.0000e-12  -64.89490  -64.78885 345.961697      99.97 1.2693e+02   1682.641      40384  1029.2433  1029.2421    34.6300    34.6282    7.77251         34 0.0000e+00
    320.000    316.620     1.2605  29.985544     1.2600  29.983937     4.3339     4.3740    -0.0090    91.4313 1.0000e-12  -64.89490  -64.78886 345.961711      99.97 1.2874e+02   1683.868      40414  1029.2380  1029.2368    34.6282    34.6266    7.77424         23 0.0000e+00
    319.000    315.631     1.2585  29.983295     1.2569  29.980670     4.3360     4.3761    -0.0150    91.4249 1.0000e-12  -64.89490  -64.78887 345.961721      99.97 1.2869e+02   1684.714      40434  1029.2333  1029.2322    34.6281    34.6265    7.77464         19 0.0000e+00
    318.000    314.644     1.2520  29.975871     1.2516  29.974606     4.3319     4.3791    -0.0150    91.4209 1.0000e-12  -64.89490  -64.78888 345.961730      99.97 1.2869e+02   1685.453      40452  1029.2279  1029.2269    34.6264    34.6251    7.77602         17 0.0000e+00
    317.000    313.655     1.2490  29.972374     1.2481  29.970543     4.3349     4.3779    -0.0083    91.4115 1.0000e-12  -64.89490  -64.78888 345.961739      99.97 1.2869e+02   1686.256      40471  1029.2230  1029.2219    34.6257    34.6244    7.77663         21 0.0000e+00
    316.000    312.665     1.2524  29.975146     1.2497  29.971386     4.3283     4.3800    -0.0087    91.4111 1.0000e-12  -64.89490  -64.78886 345.961752      99.97 1.2869e+02   1687.406      40499  1029.2181  1029.2169    34.6261    34.6243    7.77594         34 0.0000e+00
    315.000    311.677     1.2498  29.972091     1.2503  29.971568     4.3317     4.3820    -0.0101    91.4025 1.0000e-12  -64.89490  -64.78886 345.961774      99.97 1.2869e+02   1689.315      40545  1029.2132  1029.2122    34.6257    34.6245    7.77649         44 0.0000e+00
    314.000    310.688     1.2500  29.971988     1.2502  29.971091     4.3360     4.3865    -0.0046    91.4059 1.0000e-12  -64.89490  -64.78887 345.961792      99.97 1.2869e+02   1690.864      40582  1029.2086  1029.2075    34.6259    34.6245    7.77643         29 0.0000e+00
    313.000    309.700     1.2456  29.966949     1.2456  29.966059     4.3413     4.3925    -0.0077    91.4106 1.0000e-12  -64.89490  -64.78888 345.961805      99.97 1.2869e+02   1691.954      40608  1029.2035  1029.2026    34.6248    34.6238    7.77736         25 0.0000e+00
