NBP2113_155081_ctd/data/unbp2113_048.cnv
* Sea-Bird SBE 9 Data File:
* FileName = D:\Data\raw\NBP2113_048.hex
* Software Version Seasave V 7.26.7.121
* Temperature SN = 2438
* Conductivity SN = 2067
* Number of Bytes Per Scan = 40
* Number of Voltage Words = 5
* Number of Scans Averaged by the Deck Unit = 1
* NMEA Latitude = 64 50.77 S
* NMEA Longitude = 064 00.25 W
* NMEA UTC (Time) = Dec 11 2021  07:43:13
* NMEA baud rate = 9600
** Ship: RVIB N.B. Palmer
** Cruise: NBP2113 LTER
** Station: 620.032
** Operator: B. Urmston
# nquan = 25
# nvalues = 397                         
# units = specified
# name 0 = prDM: Pressure, Digiquartz [db]
# name 1 = depSM: Depth [salt water, m]
# name 2 = t090C: Temperature [ITS-90, deg C]
# name 3 = c0mS/cm: Conductivity [mS/cm]
# name 4 = t190C: Temperature, 2 [ITS-90, deg C]
# name 5 = c1mS/cm: Conductivity, 2 [mS/cm]
# name 6 = sbeox0ML/L: Oxygen, SBE 43 [ml/l]
# name 7 = sbeox1ML/L: Oxygen, SBE 43, 2 [ml/l]
# name 8 = flECO-AFL: Fluorescence, WET Labs ECO-AFL/FL [mg/m^3]
# name 9 = CStarTr0: Beam Transmission, WET Labs C-Star [%]
# name 10 = par: PAR/Irradiance, Biospherical/Licor
# name 11 = latitude: Latitude [deg]
# name 12 = longitude: Longitude [deg]
# name 13 = timeJ: Julian Days
# name 14 = altM: Altimeter [m]
# name 15 = spar: SPAR, Biospherical/Licor
# name 16 = timeS: Time, Elapsed [seconds]
# name 17 = scan: Scan Count
# name 18 = density00: Density [density, kg/m^3]
# name 19 = density11: Density, 2 [density, kg/m^3]
# name 20 = sal00: Salinity, Practical [PSU]
# name 21 = sal11: Salinity, Practical, 2 [PSU]
# name 22 = oxsolML/L: Oxygen Saturation, Garcia & Gordon [ml/l]
# name 23 = nbin: number of scans per bin
# name 24 = flag: flag
# span 0 =      1.000,    397.000       
# span 1 =      0.990,    392.736       
# span 2 =    -0.3454,     1.3875       
# span 3 =  27.813713,  30.156227       
# span 4 =    -0.3232,     1.3872       
# span 5 =  27.837731,  30.154738       
# span 6 =     4.1809,     9.5026       
# span 7 =     4.2458,     9.8630       
# span 8 =    -0.0220,     1.8646       
# span 9 =    83.9902,    91.2036       
# span 10 = 1.0000e-12, 6.2505e+01      
# span 11 =  -64.84628,  -64.84602      
# span 12 =  -64.00421,  -64.00378      
# span 13 = 345.333225, 345.343728      
# span 14 =      10.07,     100.65      
# span 15 = 3.8779e+01, 4.5834e+01      
# span 16 =    997.644,   1905.131      
# span 17 =      23944,      45724      
# span 18 =  1027.1111,  1029.6151      
# span 19 =  1027.1091,  1029.6139      
# span 20 =    33.7441,    34.6617      
# span 21 =    33.7421,    34.6602      
# span 22 =    7.74736,    8.15395      
# span 23 =         16,         49      
# span 24 = 0.0000e+00, 0.0000e+00      
# interval = decibars: 1                
# start_time = Dec 11 2021 07:43:13 [NMEA time, header]
# bad_flag = -9.990e-29
*END*
[from data line 174]
    223.000    220.698     0.8993  29.561312     0.8987  29.559731     4.7685     4.8105    -0.0032    91.1150 1.0000e-12  -64.84606  -64.00384 345.337571      99.97 4.2309e+01   1373.146      32956  1028.7380  1028.7367    34.5396    34.5382    7.85119         19 0.0000e+00
    222.000    219.708     0.9045  29.564945     0.9008  29.560768     4.7633     4.8080    -0.0011    91.1120 1.0000e-12  -64.84606  -64.00384 345.337582      99.97 4.2309e+01   1374.080      32979  1028.7322  1028.7314    34.5391    34.5378    7.85016         25 0.0000e+00
    221.000    218.718     0.9033  29.565292     0.9045  29.565118     4.7541     4.8107     0.0002    91.0865 1.0000e-12  -64.84606  -64.00384 345.337609      99.97 4.2309e+01   1376.446      33036  1028.7292  1028.7278    34.5414    34.5399    7.85026         36 0.0000e+00
    220.000    217.729     0.9024  29.563733     0.9057  29.566205     4.7691     4.8295    -0.0077    91.1118 1.0000e-12  -64.84606  -64.00384 345.337639      99.97 4.2309e+01   1379.031      33098  1028.7240  1028.7232    34.5411    34.5406    7.85048         36 0.0000e+00
    219.000    216.741     0.9016  29.562511     0.9003  29.560073     4.8077     4.8483     0.0064    91.1119 1.0000e-12  -64.84606  -64.00384 345.337653      99.97 4.2309e+01   1380.214      33126  1028.7192  1028.7179    34.5409    34.5392    7.85064         27 0.0000e+00
    218.000    215.751     0.8679  29.527070     0.8772  29.536462     4.8437     4.8668    -0.0025    91.1119 1.0000e-12  -64.84606  -64.00384 345.337666      99.97 4.2309e+01   1381.328      33153  1028.7113  1028.7119    34.5331    34.5349    7.85785         27 0.0000e+00
    217.000    214.762     0.8594  29.515725     0.8578  29.513394     4.8441     4.8977    -0.0135    91.1119 1.0000e-12  -64.84606  -64.00385 345.337679      99.97 4.2309e+01   1382.471      33180  1028.7035  1028.7027    34.5284    34.5273    7.85982         29 0.0000e+00
    216.000    213.773     0.8408  29.494816     0.8177  29.469551     4.8295     4.9137    -0.0052    91.0892 1.0000e-12  -64.84606  -64.00385 345.337694      99.97 4.2309e+01   1383.765      33211  1028.6958  1028.6923    34.5227    34.5156    7.86390         33 0.0000e+00
    215.000    212.784     0.8480  29.505168     0.8078  29.457629     4.8354     4.8899     0.0042    91.0801 1.0000e-12  -64.84606  -64.00384 345.337712      99.97 4.2309e+01   1385.342      33249  1028.6949  1028.6850    34.5286    34.5118    7.86212         41 0.0000e+00
    214.000    211.793     0.8415  29.493967     0.8467  29.496076     4.8371     4.8803     0.0032    91.0626 1.0000e-12  -64.84606  -64.00384 345.337736      99.97 4.1999e+01   1387.354      33298  1028.6852  1028.6818    34.5219    34.5189    7.86379         41 0.0000e+00
    213.000    210.807     0.8295  29.485751     0.8351  29.489135     4.8546     4.8939     0.0112    91.0742 1.0000e-12  -64.84606  -64.00385 345.337763      99.97 4.0928e+01   1389.679      33353  1028.6838  1028.6817    34.5253    34.5235    7.86604         49 0.0000e+00
    212.000    209.816     0.7973  29.450607     0.8217  29.473728     4.9423     4.9502     0.0087    91.0601 1.0000e-12  -64.84606  -64.00385 345.337795      99.97 4.0579e+01   1392.485      33421  1028.6745  1028.6744    34.5161    34.5190    7.87307         43 0.0000e+00
    211.000    208.828     0.7668  29.411923     0.7642  29.408503     5.0059     5.0340     0.0046    91.0604 1.0000e-12  -64.84606  -64.00386 345.337820      99.97 4.0545e+01   1394.662      33473  1028.6595  1028.6586    34.5005    34.4989    7.88009         33 0.0000e+00
    210.000    207.837     0.7532  29.399838     0.7291  29.373136     5.0189     5.0442    -0.0004    91.0604 1.0000e-12  -64.84606  -64.00386 345.337835      99.97 4.0546e+01   1395.907      33503  1028.6559  1028.6521    34.5005    34.4926    7.88285         28 0.0000e+00
    209.000    206.848     0.7091  29.349350     0.6957  29.333417     5.0201     5.0372     0.0031    91.0377 1.0000e-12  -64.84606  -64.00386 345.337848      99.97 4.0546e+01   1397.081      33531  1028.6423  1028.6389    34.4846    34.4788    7.89267         29 0.0000e+00
    208.000    205.859     0.7291  29.369343     0.7197  29.359033     5.0133     5.0476     0.0115    91.0186 1.0000e-12  -64.84606  -64.00386 345.337889      99.97 4.0546e+01   1400.584      33615  1028.6382  1028.6367    34.4889    34.4860    7.88837         41 0.0000e+00
    207.000    204.871     0.7030  29.341986     0.7019  29.339845     5.0353     5.0673     0.0125    91.0169 1.0000e-12  -64.84606  -64.00386 345.337921      99.97 4.0546e+01   1403.375      33682  1028.6307  1028.6294    34.4830    34.4815    7.89400         32 0.0000e+00
    206.000    203.881     0.6996  29.338367     0.6976  29.335240     5.0275     5.0650     0.0121    91.0091 1.0000e-12  -64.84606  -64.00386 345.337935      99.97 4.0546e+01   1404.589      33711  1028.6258  1028.6245    34.4827    34.4809    7.89471         31 0.0000e+00
    205.000    202.893     0.6961  29.333903     0.6940  29.330261     5.0067     5.0680     0.0242    91.0182 1.0000e-12  -64.84606  -64.00385 345.337970      99.97 4.0546e+01   1407.588      33783  1028.6199  1028.6182    34.4813    34.4790    7.89549         36 0.0000e+00
    204.000    201.902     0.6879  29.325524     0.6928  29.328744     5.0382     5.0911     0.0083    91.0241 1.0000e-12  -64.84606  -64.00386 345.338011      99.97 4.0546e+01   1411.128      33868  1028.6147  1028.6132    34.4802    34.4789    7.89724         31 0.0000e+00
    203.000    200.914     0.6755  29.312017     0.6719  29.307453     5.0537     5.1022     0.0143    91.0125 1.0000e-12  -64.84606  -64.00386 345.338024      99.97 4.0546e+01   1412.288      33896  1028.6085  1028.6073    34.4771    34.4751    7.89993         29 0.0000e+00
    202.000    199.923     0.6542  29.287162     0.6481  29.279977     5.0509     5.0989     0.0141    91.0066 1.0000e-12  -64.84608  -64.00386 345.338057      99.97 4.0546e+01   1415.158      33965  1028.5988  1028.5974    34.4690    34.4665    7.90471         41 0.0000e+00
    201.000    198.935     0.6377  29.270186     0.6401  29.271635     5.0674     5.1249    -0.0008    91.0010 1.0000e-12  -64.84608  -64.00387 345.338373      99.97 4.0546e+01   1442.461      34620  1028.5915  1028.5908    34.4659    34.4651    7.90824         29 0.0000e+00
    200.000    197.947     0.6382  29.270027     0.6370  29.267776     5.0687     5.1269     0.0080    91.0145 1.0000e-12  -64.84610  -64.00387 345.338396      99.97 4.0546e+01   1444.401      34667  1028.5866  1028.5855    34.4657    34.4641    7.90815         38 0.0000e+00
    199.000    196.955     0.6389  29.270604     0.6354  29.265975     5.0626     5.1280     0.0237    91.0110 1.0000e-12  -64.84610  -64.00387 345.338417      99.97 4.0546e+01   1446.218      34710  1028.5822  1028.5809    34.4662    34.4641    7.90797         35 0.0000e+00
    198.000    195.968     0.6358  29.266989     0.6287  29.258224     5.0544     5.1250     0.0098    91.0210 1.0000e-12  -64.84610  -64.00386 345.338432      99.97 4.0546e+01   1447.502      34741  1028.5773  1028.5752    34.4656    34.4621    7.90864         26 0.0000e+00
    197.000    194.979     0.6265  29.257239     0.6260  29.255644     5.0608     5.1270     0.0103    91.0009 1.0000e-12  -64.84610  -64.00387 345.338444      99.97 4.0546e+01   1448.566      34767  1028.5720  1028.5709    34.4639    34.4624    7.91064         26 0.0000e+00
    196.000    193.988     0.6202  29.250088     0.6183  29.246976     5.0579     5.1288     0.0142    90.9805 1.0000e-12  -64.84610  -64.00387 345.338456      99.97 4.0546e+01   1449.627      34792  1028.5665  1028.5651    34.4621    34.4602    7.91202         26 0.0000e+00
    195.000    192.999     0.6191  29.248459     0.6182  29.246535     5.0663     5.1298     0.0143    91.0268 1.0000e-12  -64.84610  -64.00387 345.338470      99.97 4.0546e+01   1450.829      34821  1028.5615  1028.5603    34.4618    34.4603    7.91226         30 0.0000e+00
    194.000    192.010     0.6242  29.252913     0.6195  29.247381     5.0631     5.1284     0.0228    91.0204 1.0000e-12  -64.84610  -64.00386 345.338489      99.97 4.0546e+01   1452.449      34860  1028.5569  1028.5556    34.4626    34.4605    7.91119         45 0.0000e+00
    193.000    191.021     0.6222  29.250600     0.6211  29.248577     5.0624     5.1264     0.0180    91.0081 1.0000e-12  -64.84610  -64.00386 345.338515      99.97 4.0546e+01   1454.730      34915  1028.5522  1028.5510    34.4624    34.4609    7.91160         44 0.0000e+00
    192.000    190.031     0.6201  29.248243     0.6171  29.244000     5.0635     5.1250     0.0176    91.0137 1.0000e-12  -64.84610  -64.00386 345.338534      99.97 4.0546e+01   1456.297      34952  1028.5474  1028.5459    34.4622    34.4601    7.91203         28 0.0000e+00
    191.000    189.043     0.6158  29.243349     0.6157  29.242116     5.0714     5.1317     0.0061    91.0250 1.0000e-12  -64.84610  -64.00388 345.338545      99.97 4.0546e+01   1457.261      34975  1028.5423  1028.5410    34.4612    34.4597    7.91297         21 0.0000e+00
    190.000    188.053     0.6155  29.242356     0.6148  29.240788     5.0758     5.1326     0.0069    91.0247 1.0000e-12  -64.84610  -64.00388 345.338554      99.97 4.0546e+01   1458.068      34995  1028.5372  1028.5362    34.4609    34.4595    7.91305         18 0.0000e+00
    189.000    187.064     0.6151  29.241621     0.6145  29.239895     5.0748     5.1345     0.0142    91.0090 1.0000e-12  -64.84610  -64.00389 345.338563      99.97 4.0546e+01   1458.827      35013  1028.5326  1028.5313    34.4610    34.4593    7.91313         19 0.0000e+00
    188.000    186.074     0.6144  29.240485     0.6140  29.238853     5.0734     5.1318     0.0143    91.0089 1.0000e-12  -64.84610  -64.00389 345.338572      99.97 4.0546e+01   1459.634      35032  1028.5278  1028.5265    34.4609    34.4592    7.91328         20 0.0000e+00
    187.000    185.086     0.6144  29.239781     0.6139  29.238173     5.0633     5.1293     0.0143    91.0041 1.0000e-12  -64.84610  -64.00389 345.338583      76.83 4.0546e+01   1460.583      35055  1028.5228  1028.5215    34.4605    34.4590    7.91329         26 0.0000e+00
    186.000    184.095     0.6149  29.239966     0.6145  29.238441     5.0659     5.1327     0.0143    91.0133 1.0000e-12  -64.84610  -64.00389 345.338597      82.82 4.0546e+01   1461.795      35084  1028.5181  1028.5169    34.4608    34.4592    7.91317         33 0.0000e+00
    185.000    183.106     0.6153  29.239915     0.6143  29.237608     5.0769     5.1309     0.0109    91.0239 1.0000e-12  -64.84610  -64.00387 345.338615      99.67 4.0546e+01   1463.345      35121  1028.5135  1028.5120    34.4609    34.4590    7.91309         39 0.0000e+00
    184.000    182.117     0.6141  29.238351     0.6137  29.236790     5.0765     5.1336     0.0170    91.0388 1.0000e-12  -64.84610  -64.00387 345.338637      99.97 4.0546e+01   1465.254      35167  1028.5087  1028.5075    34.4608    34.4592    7.91334         45 0.0000e+00
    183.000    181.128     0.6112  29.235060     0.6118  29.234532     5.0828     5.1379     0.0218    91.0301 1.0000e-12  -64.84610  -64.00387 345.338658      99.97 4.0546e+01   1467.085      35211  1028.5038  1028.5027    34.4603    34.4590    7.91395         36 0.0000e+00
    182.000    180.140     0.6064  29.229294     0.6064  29.228239     5.0916     5.1470     0.0132    91.0231 1.0000e-12  -64.84610  -64.00388 345.338673      99.97 4.0546e+01   1468.364      35242  1028.4982  1028.4971    34.4587    34.4574    7.91502         27 0.0000e+00
    181.000    179.149     0.6037  29.226429     0.6006  29.221981     5.0955     5.1551    -0.0021    91.0158 1.0000e-12  -64.84610  -64.00390 345.338686      99.97 4.0546e+01   1469.441      35268  1028.4936  1028.4921    34.4586    34.4563    7.91558         26 0.0000e+00
    180.000    178.160     0.5988  29.220364     0.5959  29.216216     5.1053     5.1630    -0.0049    91.0335 1.0000e-12  -64.84610  -64.00390 345.338698      99.97 4.0159e+01   1470.507      35293  1028.4878  1028.4863    34.4567    34.4546    7.91668         26 0.0000e+00
    179.000    177.171     0.5940  29.214793     0.5911  29.210888     5.1179     5.1711     0.0067    91.0282 1.0000e-12  -64.84610  -64.00390 345.338710      99.97 3.9589e+01   1471.566      35319  1028.4824  1028.4812    34.4554    34.4536    7.91774         24 0.0000e+00
    178.000    176.181     0.5886  29.208860     0.5856  29.204407     5.1336     5.1871     0.0144    91.0246 1.0000e-12  -64.84610  -64.00390 345.338722      99.97 3.9627e+01   1472.554      35342  1028.4772  1028.4755    34.4543    34.4519    7.91890         23 0.0000e+00
    177.000    175.192     0.5820  29.202032     0.5777  29.196246     5.1515     5.1920     0.0143    91.0150 1.0000e-12  -64.84610  -64.00390 345.338732      99.97 3.8861e+01   1473.466      35364  1028.4722  1028.4704    34.4534    34.4506    7.92031         21 0.0000e+00
    176.000    174.203     0.5688  29.186795     0.5657  29.182885     5.1471     5.1951     0.0143    91.0089 1.0000e-12  -64.84610  -64.00390 345.338742      99.97 3.8783e+01   1474.353      35385  1028.4651  1028.4639    34.4488    34.4471    7.92326         22 0.0000e+00
    175.000    173.212     0.5613  29.178523     0.5596  29.175602     5.1472     5.1910     0.0143    90.9915 1.0000e-12  -64.84610  -64.00390 345.338754      99.97 3.8783e+01   1475.334      35409  1028.4593  1028.4579    34.4470    34.4450    7.92490         26 0.0000e+00
    174.000    172.224     0.5727  29.189486     0.5659  29.181339     5.1333     5.1958     0.0143    91.0084 1.0000e-12  -64.84610  -64.00389 345.338770      99.97 3.8783e+01   1476.686      35441  1028.4551  1028.4532    34.4491    34.4460    7.92243         36 0.0000e+00
    173.000    171.233     0.5677  29.183842     0.5636  29.178854     5.1423     5.1990     0.0164    91.0022 1.0000e-12  -64.84610  -64.00388 345.338793      99.97 3.8783e+01   1478.749      35491  1028.4497  1028.4485    34.4479    34.4460    7.92352         37 0.0000e+00
    172.000    170.246     0.5627  29.178922     0.5631  29.177860     5.1526     5.2125     0.0173    91.0090 1.0000e-12  -64.84610  -64.00389 345.338813      99.97 3.8783e+01   1480.462      35532  1028.4452  1028.4436    34.4477    34.4459    7.92457         34 0.0000e+00
    171.000    169.255     0.5545  29.169225     0.5539  29.167728     5.1600     5.2232     0.0140    91.0089 1.0000e-12  -64.84610  -64.00390 345.338828      99.97 3.8783e+01   1481.716      35562  1028.4388  1028.4377    34.4448    34.4435    7.92641         27 0.0000e+00
    170.000    168.266     0.5511  29.165059     0.5470  29.159685     5.1905     5.2325     0.0199    91.0089 1.0000e-12  -64.84610  -64.00390 345.338842      99.97 3.8783e+01   1482.921      35591  1028.4333  1028.4317    34.4437    34.4413    7.92716         30 0.0000e+00
    169.000    167.276     0.5438  29.157663     0.5397  29.151611     5.1850     5.2434     0.0124    91.0089 1.0000e-12  -64.84610  -64.00390 345.338858      99.97 3.8783e+01   1484.320      35625  1028.4284  1028.4261    34.4427    34.4395    7.92870         36 0.0000e+00
    168.000    166.288     0.5431  29.155703     0.5331  29.144303     5.1844     5.2493     0.0205    91.0089 1.0000e-12  -64.84610  -64.00390 345.338876      99.97 3.8783e+01   1485.906      35663  1028.4226  1028.4205    34.4416    34.4379    7.92891         38 0.0000e+00
    167.000    165.297     0.5375  29.149631     0.5289  29.139854     5.2401     5.3012     0.0252    90.9973 1.0000e-12  -64.84610  -64.00390 345.338894      99.97 3.8783e+01   1487.421      35699  1028.4175  1028.4155    34.4405    34.4373    7.93012         35 0.0000e+00
