NBP2113_155081_ctd/data/unbp2113_042.cnv
* Sea-Bird SBE 9 Data File:
* FileName = D:\Data\raw\NBP2113_042.hex
* Software Version Seasave V 7.26.7.121
* Temperature SN = 2438
* Conductivity SN = 2067
* Number of Bytes Per Scan = 40
* Number of Voltage Words = 5
* Number of Scans Averaged by the Deck Unit = 1
* NMEA Latitude = 64 49.83 S
* NMEA Longitude = 063 54.10 W
* NMEA UTC (Time) = Dec 10 2021  15:52:47
* NMEA baud rate = 9600
** Ship: RVIB N.B. Palmer
** Cruise: NBP2113 LTER
** Station: 624.030
** Operator: S. Blackman
# nquan = 25
# nvalues = 407                         
# units = specified
# name 0 = prDM: Pressure, Digiquartz [db]
# name 1 = depSM: Depth [salt water, m]
# name 2 = t090C: Temperature [ITS-90, deg C]
# name 3 = c0mS/cm: Conductivity [mS/cm]
# name 4 = t190C: Temperature, 2 [ITS-90, deg C]
# name 5 = c1mS/cm: Conductivity, 2 [mS/cm]
# name 6 = sbeox0ML/L: Oxygen, SBE 43 [ml/l]
# name 7 = sbeox1ML/L: Oxygen, SBE 43, 2 [ml/l]
# name 8 = flECO-AFL: Fluorescence, WET Labs ECO-AFL/FL [mg/m^3]
# name 9 = CStarTr0: Beam Transmission, WET Labs C-Star [%]
# name 10 = par: PAR/Irradiance, Biospherical/Licor
# name 11 = latitude: Latitude [deg]
# name 12 = longitude: Longitude [deg]
# name 13 = timeJ: Julian Days
# name 14 = altM: Altimeter [m]
# name 15 = spar: SPAR, Biospherical/Licor
# name 16 = timeS: Time, Elapsed [seconds]
# name 17 = scan: Scan Count
# name 18 = density00: Density [density, kg/m^3]
# name 19 = density11: Density, 2 [density, kg/m^3]
# name 20 = sal00: Salinity, Practical [PSU]
# name 21 = sal11: Salinity, Practical, 2 [PSU]
# name 22 = oxsolML/L: Oxygen Saturation, Garcia & Gordon [ml/l]
# name 23 = nbin: number of scans per bin
# name 24 = flag: flag
# span 0 =      1.000,    407.000       
# span 1 =      0.989,    402.619       
# span 2 =    -0.3913,     1.1575       
# span 3 =  27.880583,  29.916241       
# span 4 =    -0.3882,     1.1571       
# span 5 =  27.878704,  29.914897       
# span 6 =     4.4699,     9.5381       
# span 7 =     4.5359,     9.8822       
# span 8 =    -0.0152,     1.8417       
# span 9 =    84.7100,    91.9834       
# span 10 = 1.0000e-12, 2.4163e+03      
# span 11 =  -64.83128,  -64.83080      
# span 12 =  -63.90174,  -63.90163      
# span 13 = 344.672539, 344.684065      
# span 14 =       6.12,     100.48      
# span 15 = 1.3120e+03, 1.5849e+03      
# span 16 =    940.391,   1936.228      
# span 17 =      22570,      46470      
# span 18 =  1027.1171,  1029.6342      
# span 19 =  1027.1155,  1029.6332      
# span 20 =    33.7531,    34.6033      
# span 21 =    33.7512,    34.6019      
# span 22 =    7.79602,    8.14915      
# span 23 =         16,         49      
# span 24 = 0.0000e+00, 0.0000e+00      
# interval = decibars: 1                
# start_time = Dec 10 2021 15:52:47 [NMEA time, header]
# bad_flag = -9.990e-29
*END*
[from data line 58]
    349.000    345.292     1.1394  29.871768     1.1389  29.870135     4.4981     4.5662    -0.0018    91.9414 1.0000e-12  -64.83098  -63.90164 344.673485      68.57 1.3345e+03   1022.074      24531  1029.3603  1029.3591    34.5995    34.5980    7.79982         27 0.0000e+00
    348.000    344.303     1.1394  29.871305     1.1391  29.869856     4.4934     4.5671    -0.0047    91.9347 1.0000e-12  -64.83098  -63.90166 344.673497      69.86 1.3330e+03   1023.131      24556  1029.3556  1029.3544    34.5995    34.5980    7.79983         24 0.0000e+00
    347.000    343.315     1.1395  29.870887     1.1392  29.869560     4.4943     4.5673     0.0098    91.9307 1.0000e-12  -64.83098  -63.90166 344.673507      70.91 1.3309e+03   1024.042      24578  1029.3508  1029.3497    34.5995    34.5981    7.79981         20 0.0000e+00
    346.000    342.326     1.1395  29.870495     1.1392  29.869082     4.4930     4.5639     0.0101    91.9163 1.0000e-12  -64.83098  -63.90165 344.673517      71.98 1.3285e+03   1024.874      24598  1029.3462  1029.3450    34.5995    34.5981    7.79981         21 0.0000e+00
    345.000    341.337     1.1393  29.869884     1.1390  29.868595     4.4929     4.5596     0.0044    91.9092 1.0000e-12  -64.83098  -63.90164 344.673527      73.17 1.3270e+03   1025.746      24619  1029.3415  1029.3405    34.5995    34.5982    7.79984         22 0.0000e+00
    344.000    340.349     1.1393  29.869468     1.1390  29.868054     4.4937     4.5637    -0.0043    91.9102 1.0000e-12  -64.83098  -63.90164 344.673540      74.05 1.3244e+03   1026.837      24645  1029.3368  1029.3357    34.5996    34.5981    7.79984         31 0.0000e+00
    343.000    339.360     1.1392  29.869018     1.1390  29.867549     4.4937     4.5640    -0.0016    91.9132 1.0000e-12  -64.83098  -63.90164 344.673559      75.37 1.3199e+03   1028.503      24685  1029.3322  1029.3310    34.5997    34.5981    7.79985         42 0.0000e+00
    342.000    338.372     1.1392  29.868418     1.1389  29.867020     4.4972     4.5624    -0.0048    91.8902 1.0000e-12  -64.83097  -63.90164 344.673582      76.44 1.3186e+03   1030.489      24733  1029.3274  1029.3263    34.5996    34.5981    7.79987         41 0.0000e+00
    341.000    337.382     1.1388  29.867626     1.1387  29.866459     4.4931     4.5635    -0.0037    91.9056 1.0000e-12  -64.83096  -63.90166 344.673601      77.26 1.3186e+03   1032.162      24773  1029.3227  1029.3216    34.5996    34.5981    7.79995         33 0.0000e+00
    340.000    336.394     1.1384  29.866830     1.1382  29.865530     4.4930     4.5649    -0.0031    91.8868 1.0000e-12  -64.83096  -63.90166 344.673616      78.66 1.3177e+03   1033.450      24804  1029.3181  1029.3170    34.5995    34.5981    7.80003         27 0.0000e+00
    339.000    335.407     1.1367  29.864615     1.1362  29.863018     4.5004     4.5654    -0.0039    91.9120 1.0000e-12  -64.83096  -63.90166 344.673628      78.91 1.3169e+03   1034.441      24828  1029.3132  1029.3121    34.5991    34.5976    7.80038         21 0.0000e+00
    338.000    334.417     1.1359  29.863214     1.1355  29.861802     4.5013     4.5673    -0.0059    91.9362 1.0000e-12  -64.83096  -63.90168 344.673638      80.24 1.3169e+03   1035.283      24848  1029.3083  1029.3073    34.5988    34.5975    7.80056         20 0.0000e+00
    337.000    333.428     1.1354  29.862196     1.1351  29.860848     4.5052     4.5678    -0.0001    91.9334 1.0000e-12  -64.83096  -63.90166 344.673647      80.85 1.3156e+03   1036.091      24867  1029.3036  1029.3025    34.5987    34.5973    7.80068         20 0.0000e+00
    336.000    332.441     1.1346  29.860986     1.1344  29.859745     4.5025     4.5648    -0.0004    91.9164 1.0000e-12  -64.83096  -63.90166 344.673657      81.99 1.3146e+03   1036.960      24888  1029.2989  1029.2978    34.5986    34.5972    7.80083         22 0.0000e+00
    335.000    331.450     1.1347  29.860516     1.1350  29.859694     4.5039     4.5659     0.0069    91.9127 1.0000e-12  -64.83096  -63.90166 344.673670      83.42 1.3124e+03   1038.052      24914  1029.2941  1029.2929    34.5985    34.5971    7.80083         31 0.0000e+00
    334.000    330.464     1.1362  29.861696     1.1354  29.859905     4.5044     4.5714     0.0001    91.8979 1.0000e-12  -64.83096  -63.90165 344.673686      84.78 1.3129e+03   1039.492      24949  1029.2895  1029.2885    34.5988    34.5975    7.80050         36 0.0000e+00
    333.000    329.473     1.1341  29.859251     1.1336  29.857635     4.4954     4.5691     0.0049    91.9044 1.0000e-12  -64.83096  -63.90165 344.673703      85.66 1.3173e+03   1040.980      24985  1029.2848  1029.2836    34.5986    34.5971    7.80093         35 0.0000e+00
    332.000    328.486     1.1333  29.857865     1.1331  29.856416     4.4925     4.5667     0.0016    91.9126 1.0000e-12  -64.83096  -63.90166 344.673720      87.01 1.3192e+03   1042.384      25018  1029.2799  1029.2787    34.5983    34.5967    7.80110         33 0.0000e+00
    331.000    327.498     1.1340  29.858104     1.1337  29.856718     4.4929     4.5654     0.0076    91.9264 1.0000e-12  -64.83096  -63.90166 344.673736      87.80 1.3189e+03   1043.779      25052  1029.2752  1029.2741    34.5984    34.5970    7.80096         28 0.0000e+00
    330.000    326.508     1.1340  29.857730     1.1339  29.856514     4.5017     4.5720     0.0058    91.9106 1.0000e-12  -64.83096  -63.90166 344.673751      88.43 1.3171e+03   1045.060      25082  1029.2706  1029.2694    34.5985    34.5971    7.80095         28 0.0000e+00
    329.000    325.521     1.1339  29.857176     1.1338  29.855807     4.5060     4.5684    -0.0079    91.9133 1.0000e-12  -64.83096  -63.90166 344.673763      90.09 1.3138e+03   1046.137      25108  1029.2659  1029.2646    34.5985    34.5969    7.80097         25 0.0000e+00
    328.000    324.530     1.1337  29.856532     1.1335  29.855207     4.5113     4.5693    -0.0077    91.9113 1.0000e-12  -64.83096  -63.90166 344.673775      90.91 1.3120e+03   1047.134      25132  1029.2611  1029.2600    34.5984    34.5970    7.80101         24 0.0000e+00
    327.000    323.543     1.1337  29.856083     1.1335  29.854750     4.5068     4.5686    -0.0077    91.9235 1.0000e-12  -64.83096  -63.90166 344.673787      91.76 1.3127e+03   1048.236      25159  1029.2565  1029.2553    34.5985    34.5970    7.80102         30 0.0000e+00
    326.000    322.553     1.1337  29.855658     1.1335  29.854334     4.4989     4.5693    -0.0039    91.8779 1.0000e-12  -64.83096  -63.90166 344.673806      93.28 1.3146e+03   1049.828      25197  1029.2518  1029.2506    34.5985    34.5970    7.80101         42 0.0000e+00
    325.000    321.565     1.1337  29.855079     1.1334  29.853846     4.4967     4.5757    -0.0010    91.9423 1.0000e-12  -64.83096  -63.90166 344.673825      93.78 1.3151e+03   1051.451      25236  1029.2470  1029.2460    34.5984    34.5971    7.80103         31 0.0000e+00
    324.000    320.577     1.1332  29.854219     1.1329  29.852841     4.5002     4.5745    -0.0078    91.8728 1.0000e-12  -64.83096  -63.90166 344.673837      94.63 1.3151e+03   1052.539      25262  1029.2424  1029.2412    34.5984    34.5970    7.80113         22 0.0000e+00
    323.000    319.587     1.1317  29.852242     1.1317  29.851175     4.5036     4.5710    -0.0006    91.8873 1.0000e-12  -64.83096  -63.90168 344.673847      95.50 1.3151e+03   1053.416      25283  1029.2376  1029.2364    34.5981    34.5967    7.80144         20 0.0000e+00
    322.000    318.599     1.1302  29.850188     1.1296  29.848598     4.5127     4.5688     0.0003    91.9268 1.0000e-12  -64.83096  -63.90168 344.673857      96.77 1.3164e+03   1054.276      25304  1029.2328  1029.2317    34.5978    34.5964    7.80177         22 0.0000e+00
    321.000    317.610     1.1295  29.849004     1.1286  29.847002     4.5068     4.5719    -0.0038    91.9368 1.0000e-12  -64.83094  -63.90168 344.673868      98.20 1.3169e+03   1055.236      25327  1029.2279  1029.2267    34.5975    34.5960    7.80190         25 0.0000e+00
    320.000    316.622     1.1285  29.847600     1.1283  29.846221     4.5100     4.5775    -0.0038    91.9113 1.0000e-12  -64.83094  -63.90168 344.673881      99.51 1.3181e+03   1056.344      25353  1029.2231  1029.2219    34.5974    34.5959    7.80211         28 0.0000e+00
    319.000    315.633     1.1279  29.846397     1.1275  29.844929     4.5046     4.5774    -0.0053    91.9396 1.0000e-12  -64.83094  -63.90167 344.673896      99.74 1.3177e+03   1057.614      25384  1029.2183  1029.2172    34.5972    34.5957    7.80225         33 0.0000e+00
    318.000    314.645     1.1283  29.846262     1.1286  29.845486     4.5080     4.5764    -0.0014    91.9243 1.0000e-12  -64.83094  -63.90166 344.673913      99.85 1.3179e+03   1059.054      25418  1029.2135  1029.2124    34.5971    34.5958    7.80217         34 0.0000e+00
    317.000    313.656     1.1297  29.847394     1.1295  29.846076     4.5115     4.5768    -0.0042    91.9191 1.0000e-12  -64.83094  -63.90166 344.673932      99.97 1.3194e+03   1060.699      25458  1029.2090  1029.2079    34.5976    34.5961    7.80186         44 0.0000e+00
    316.000    312.667     1.1307  29.847961     1.1304  29.846544     4.5074     4.5752    -0.0077    91.9246 1.0000e-12  -64.83094  -63.90166 344.673956      99.97 1.3204e+03   1062.815      25509  1029.2044  1029.2033    34.5978    34.5964    7.80165         41 0.0000e+00
    315.000    311.680     1.1325  29.849482     1.1318  29.847659     4.5054     4.5736     0.0035    91.9107 1.0000e-12  -64.83094  -63.90168 344.673973      99.97 1.3204e+03   1064.257      25543  1029.2000  1029.1988    34.5984    34.5968    7.80127         25 0.0000e+00
    314.000    310.690     1.1324  29.848995     1.1323  29.847672     4.5066     4.5734    -0.0000    91.9129 1.0000e-12  -64.83094  -63.90168 344.673983      99.97 1.3204e+03   1065.135      25564  1029.1953  1029.1940    34.5984    34.5968    7.80128         19 0.0000e+00
    313.000    309.700     1.1320  29.848110     1.1318  29.847028     4.5112     4.5725    -0.0083    91.9019 1.0000e-12  -64.83094  -63.90168 344.673992      99.97 1.3204e+03   1065.868      25582  1029.1905  1029.1896    34.5983    34.5972    7.80137         16 0.0000e+00
    312.000    308.713     1.1313  29.846715     1.1307  29.845054     4.5122     4.5733    -0.0152    91.8637 1.0000e-12  -64.83094  -63.90168 344.673999      99.97 1.3222e+03   1066.560      25598  1029.1857  1029.1845    34.5979    34.5964    7.80154         17 0.0000e+00
    311.000    307.722     1.1300  29.845134     1.1291  29.843148     4.5087     4.5732    -0.0071    91.8849 1.0000e-12  -64.83094  -63.90168 344.674008      99.97 1.3222e+03   1067.289      25616  1029.1811  1029.1798    34.5979    34.5963    7.80180         18 0.0000e+00
    310.000    306.735     1.1290  29.843547     1.1280  29.841511     4.5057     4.5752    -0.0004    91.8856 1.0000e-12  -64.83094  -63.90168 344.674018      99.97 1.3222e+03   1068.110      25636  1029.1762  1029.1750    34.5975    34.5959    7.80202         22 0.0000e+00
    309.000    305.746     1.1278  29.841961     1.1282  29.841131     4.5103     4.5790    -0.0004    91.9006 1.0000e-12  -64.83094  -63.90168 344.674030      99.97 1.3222e+03   1069.178      25661  1029.1714  1029.1702    34.5974    34.5958    7.80225         31 0.0000e+00
    308.000    304.757     1.1291  29.842679     1.1286  29.841234     4.5137     4.5723     0.0028    91.8906 1.0000e-12  -64.83094  -63.90167 344.674049      99.97 1.3222e+03   1070.849      25701  1029.1666  1029.1657    34.5974    34.5961    7.80199         47 0.0000e+00
    307.000    303.769     1.1300  29.843200     1.1294  29.841509     4.5109     4.5755    -0.0091    91.8692 1.0000e-12  -64.83094  -63.90166 344.674076      99.97 1.3231e+03   1073.164      25757  1029.1621  1029.1609    34.5977    34.5962    7.80180         40 0.0000e+00
    306.000    302.780     1.1288  29.841710     1.1289  29.840645     4.5086     4.5774    -0.0151    91.8985 1.0000e-12  -64.83094  -63.90167 344.674098      99.97 1.3270e+03   1075.053      25802  1029.1574  1029.1563    34.5976    34.5962    7.80203         34 0.0000e+00
    305.000    301.791     1.1263  29.838610     1.1270  29.838177     4.5082     4.5829    -0.0098    91.9025 1.0000e-12  -64.83094  -63.90168 344.674112      99.97 1.3293e+03   1076.238      25831  1029.1525  1029.1514    34.5971    34.5957    7.80257         23 0.0000e+00
    304.000    300.804     1.1251  29.836944     1.1252  29.835906     4.5117     4.5821    -0.0077    91.9291 1.0000e-12  -64.83094  -63.90168 344.674122      99.97 1.3310e+03   1077.133      25852  1029.1477  1029.1465    34.5968    34.5953    7.80282         20 0.0000e+00
    303.000    299.811     1.1256  29.836769     1.1253  29.835449     4.5082     4.5791    -0.0065    91.9386 1.0000e-12  -64.83094  -63.90168 344.674131      99.97 1.3322e+03   1077.957      25872  1029.1428  1029.1417    34.5966    34.5953    7.80273         19 0.0000e+00
    302.000    298.827     1.1262  29.836901     1.1258  29.835594     4.5131     4.5819    -0.0004    91.9163 1.0000e-12  -64.83094  -63.90169 344.674141      99.97 1.3327e+03   1078.794      25892  1029.1382  1029.1371    34.5967    34.5954    7.80261         21 0.0000e+00
    301.000    297.835     1.1261  29.836567     1.1258  29.835251     4.5124     4.5808    -0.0069    91.9311 1.0000e-12  -64.83094  -63.90169 344.674152      99.97 1.3329e+03   1079.691      25914  1029.1336  1029.1325    34.5969    34.5956    7.80261         23 0.0000e+00
    300.000    296.848     1.1261  29.836024     1.1257  29.834678     4.5155     4.5735     0.0095    91.8845 1.0000e-12  -64.83094  -63.90168 344.674163      99.97 1.3348e+03   1080.685      25937  1029.1288  1029.1278    34.5969    34.5956    7.80262         25 0.0000e+00
    299.000    295.857     1.1256  29.835092     1.1254  29.833860     4.5086     4.5727     0.0102    91.9271 1.0000e-12  -64.83094  -63.90168 344.674176      99.97 1.3374e+03   1081.813      25965  1029.1241  1029.1231    34.5968    34.5955    7.80272         29 0.0000e+00
    298.000    294.870     1.1253  29.834339     1.1252  29.833177     4.5112     4.5769    -0.0042    91.9228 1.0000e-12  -64.83094  -63.90168 344.674192      99.97 1.3395e+03   1083.221      25998  1029.1194  1029.1183    34.5967    34.5954    7.80278         39 0.0000e+00
    297.000    293.880     1.1252  29.833902     1.1254  29.832865     4.5088     4.5757    -0.0041    91.9294 1.0000e-12  -64.83094  -63.90168 344.674213      99.97 1.3409e+03   1085.004      26041  1029.1148  1029.1135    34.5969    34.5954    7.80280         43 0.0000e+00
    296.000    292.892     1.1251  29.833264     1.1246  29.831678     4.5164     4.5820     0.0085    91.9070 1.0000e-12  -64.83094  -63.90168 344.674233      99.97 1.3434e+03   1086.767      26083  1029.1100  1029.1088    34.5968    34.5952    7.80283         37 0.0000e+00
    295.000    291.904     1.1243  29.832016     1.1239  29.830358     4.5158     4.5787     0.0088    91.9414 1.0000e-12  -64.83094  -63.90168 344.674251      99.97 1.3479e+03   1088.305      26120  1029.1052  1029.1040    34.5966    34.5950    7.80299         35 0.0000e+00
    294.000    290.914     1.1233  29.830594     1.1230  29.829161     4.5120     4.5781    -0.0062    91.8732 1.0000e-12  -64.83094  -63.90169 344.674267      99.97 1.3515e+03   1089.679      26153  1029.1005  1029.0993    34.5965    34.5950    7.80320         29 0.0000e+00
    293.000    289.926     1.1228  29.829569     1.1221  29.827717     4.5124     4.5844    -0.0077    91.9335 1.0000e-12  -64.83094  -63.90170 344.674281      99.97 1.3545e+03   1090.884      26182  1029.0957  1029.0945    34.5963    34.5947    7.80331         28 0.0000e+00
