NBP2113_155081_ctd/data/unbp2113_018.cnv
* Sea-Bird SBE 9 Data File:
* FileName = D:\Data\raw\NBP2113_018.hex
* Software Version Seasave V 7.26.7.121
* Temperature SN = 2438
* Conductivity SN = 2067
* Number of Bytes Per Scan = 40
* Number of Voltage Words = 5
* Number of Scans Averaged by the Deck Unit = 1
* NMEA Latitude = 65 50.87 S
* NMEA Longitude = 071 22.66 W
* NMEA UTC (Time) = Nov 28 2021  20:11:54
* NMEA baud rate = 9600
** Ship: RVIB N.B. Palmer
** Cruise: NBP2113 LTER
** Station: 300.200
** Operator: S. Blackman
# nquan = 25
# nvalues = 3101                        
# units = specified
# name 0 = prDM: Pressure, Digiquartz [db]
# name 1 = depSM: Depth [salt water, m]
# name 2 = t090C: Temperature [ITS-90, deg C]
# name 3 = c0mS/cm: Conductivity [mS/cm]
# name 4 = t190C: Temperature, 2 [ITS-90, deg C]
# name 5 = c1mS/cm: Conductivity, 2 [mS/cm]
# name 6 = sbeox0ML/L: Oxygen, SBE 43 [ml/l]
# name 7 = sbeox1ML/L: Oxygen, SBE 43, 2 [ml/l]
# name 8 = flECO-AFL: Fluorescence, WET Labs ECO-AFL/FL [mg/m^3]
# name 9 = CStarTr0: Beam Transmission, WET Labs C-Star [%]
# name 10 = par: PAR/Irradiance, Biospherical/Licor
# name 11 = latitude: Latitude [deg]
# name 12 = longitude: Longitude [deg]
# name 13 = timeJ: Julian Days
# name 14 = altM: Altimeter [m]
# name 15 = spar: SPAR, Biospherical/Licor
# name 16 = timeS: Time, Elapsed [seconds]
# name 17 = scan: Scan Count
# name 18 = density00: Density [density, kg/m^3]
# name 19 = density11: Density, 2 [density, kg/m^3]
# name 20 = sal00: Salinity, Practical [PSU]
# name 21 = sal11: Salinity, Practical, 2 [PSU]
# name 22 = oxsolML/L: Oxygen Saturation, Garcia & Gordon [ml/l]
# name 23 = nbin: number of scans per bin
# name 24 = flag: flag
# span 0 =      1.000,   3101.000       
# span 1 =      0.988,   3048.006       
# span 2 =    -0.9226,     1.9842       
# span 3 =  27.561464,  30.707609       
# span 4 =    -0.9225,     1.9832       
# span 5 =  27.560629,  30.706539       
# span 6 =     3.8782,     8.4841       
# span 7 =     3.9346,     8.4221       
# span 8 =    -0.0219,     9.2677       
# span 9 =    85.5450,    97.8597       
# span 10 = 1.0000e-12, 1.0000e-12      
# span 11 =  -65.84832,  -65.84748      
# span 12 =  -71.37883,  -71.37752      
# span 13 = 332.889283, 332.936425      
# span 14 =       8.20,     101.10      
# span 15 = 1.8334e+02, 4.7422e+02      
# span 16 =   4120.092,   8193.091      
# span 17 =      98883,     196635      
# span 18 =  1027.2925,  1042.0931      
# span 19 =  1027.2915,  1042.0923      
# span 20 =    33.9515,    34.7290      
# span 21 =    33.9504,    34.7284      
# span 22 =    7.63105,    8.26313      
# span 23 =         10,         48      
# span 24 = 0.0000e+00, 0.0000e+00      
# interval = decibars: 1                
# start_time = Nov 28 2021 20:11:54 [NMEA time, header]
# bad_flag = -9.990e-29
*END*
[from data line 2899]
    202.000    199.910     1.9397  30.498463     1.9390  30.497239     3.9454     3.9933     0.0366    97.7040 1.0000e-12  -65.84766  -71.37860 332.930447      99.98 3.0674e+02   7676.582     184239  1028.6055  1028.6050    34.5997    34.5989    7.64320         35 0.0000e+00
    201.000    198.922     1.9385  30.496091     1.9382  30.495317     3.9540     3.9935     0.0588    97.6757 1.0000e-12  -65.84766  -71.37861 332.930459      99.98 3.0674e+02   7677.675     184265  1028.6002  1028.5997    34.5986    34.5980    7.64350         21 0.0000e+00
    200.000    197.931     1.9374  30.494319     1.9369  30.493376     3.9509     3.9901     0.0673    97.6507 1.0000e-12  -65.84766  -71.37862 332.930468      99.98 3.0674e+02   7678.419     184283  1028.5952  1028.5947    34.5981    34.5974    7.64372         17 0.0000e+00
    199.000    196.943     1.9358  30.491861     1.9355  30.491037     3.9464     3.9903     0.0437    97.6493 1.0000e-12  -65.84766  -71.37862 332.930476      99.98 3.0732e+02   7679.122     184300  1028.5900  1028.5895    34.5973    34.5967    7.64407         17 0.0000e+00
    198.000    195.954     1.9349  30.490507     1.9340  30.488987     3.9475     3.9982     0.0144    97.6316 1.0000e-12  -65.84766  -71.37862 332.930485      99.98 3.0848e+02   7679.925     184319  1028.5854  1028.5847    34.5973    34.5963    7.64426         22 0.0000e+00
    197.000    194.964     1.9358  30.490976     1.9357  30.490587     3.9458     3.9941     0.0144    97.6242 1.0000e-12  -65.84766  -71.37861 332.930501      99.98 3.0850e+02   7681.245     184351  1028.5807  1028.5803    34.5974    34.5970    7.64407         40 0.0000e+00
    196.000    193.975     1.9347  30.489453     1.9351  30.489550     3.9508     3.9953     0.0409    97.6223 1.0000e-12  -65.84766  -71.37860 332.930524      99.97 3.0961e+02   7683.239     184399  1028.5760  1028.5756    34.5972    34.5969    7.64429         37 0.0000e+00
    195.000    192.987     1.9332  30.486876     1.9327  30.485886     3.9586     4.0023     0.0461    97.6561 1.0000e-12  -65.84766  -71.37860 332.930538      99.97 3.1028e+02   7684.458     184428  1028.5707  1028.5701    34.5963    34.5955    7.64464         24 0.0000e+00
    194.000    191.997     1.9267  30.478767     1.9283  30.480271     3.9519     4.0094     0.0263    97.6422 1.0000e-12  -65.84766  -71.37860 332.930549      99.98 3.1081e+02   7685.423     184451  1028.5646  1028.5645    34.5937    34.5939    7.64602         23 0.0000e+00
    193.000    191.007     1.9224  30.473088     1.9231  30.473628     3.9608     4.0087     0.0197    97.6444 1.0000e-12  -65.84766  -71.37860 332.930561      99.98 3.1203e+02   7686.435     184475  1028.5589  1028.5587    34.5919    34.5918    7.64695         26 0.0000e+00
    192.000    190.017     1.9214  30.471529     1.9221  30.471974     3.9642     4.0126     0.0197    97.6737 1.0000e-12  -65.84766  -71.37860 332.930574      99.98 3.1203e+02   7687.602     184503  1028.5540  1028.5537    34.5916    34.5913    7.64715         27 0.0000e+00
    191.000    189.030     1.9187  30.467473     1.9190  30.467507     3.9724     4.0152     0.0147    97.6616 1.0000e-12  -65.84766  -71.37861 332.930587      99.98 3.1203e+02   7688.712     184530  1028.5483  1028.5480    34.5901    34.5897    7.64776         23 0.0000e+00
    190.000    188.039     1.9165  30.463971     1.9167  30.463974     3.9748     4.0170     0.0173    97.6558 1.0000e-12  -65.84766  -71.37861 332.930598      99.98 3.1354e+02   7689.682     184553  1028.5426  1028.5424    34.5886    34.5883    7.64825         22 0.0000e+00
    189.000    187.051     1.9144  30.460554     1.9142  30.460033     3.9785     4.0167     0.0235    97.6524 1.0000e-12  -65.84766  -71.37860 332.930609      99.98 3.1421e+02   7690.616     184576  1028.5370  1028.5366    34.5872    34.5867    7.64873         24 0.0000e+00
    188.000    186.061     1.9142  30.460092     1.9163  30.462421     3.9819     4.0153     0.0182    97.6198 1.0000e-12  -65.84766  -71.37860 332.930623      99.98 3.1543e+02   7691.801     184604  1028.5324  1028.5327    34.5873    34.5879    7.64876         35 0.0000e+00
    187.000    185.073     1.9149  30.460392     1.9153  30.460713     3.9803     4.0193     0.0274    97.6334 1.0000e-12  -65.84766  -71.37860 332.930644      99.98 3.1556e+02   7693.635     184648  1028.5277  1028.5277    34.5876    34.5875    7.64861         42 0.0000e+00
    186.000    184.083     1.9131  30.457497     1.9149  30.459374     3.9722     4.0284     0.0167    97.6245 1.0000e-12  -65.84766  -71.37860 332.930664      99.98 3.1556e+02   7695.356     184690  1028.5223  1028.5225    34.5864    34.5869    7.64902         32 0.0000e+00
    185.000    183.093     1.9084  30.451161     1.9092  30.451466     3.9835     4.0287     0.0319    97.6458 1.0000e-12  -65.84766  -71.37860 332.930676      99.97 3.1556e+02   7696.427     184715  1028.5163  1028.5159    34.5842    34.5838    7.65004         22 0.0000e+00
    184.000    182.105     1.9033  30.444210     1.9005  30.440587     3.9876     4.0293     0.0469    97.6459 1.0000e-12  -65.84766  -71.37860 332.930686      99.98 3.1706e+02   7697.272     184736  1028.5100  1028.5092    34.5816    34.5801    7.65116         20 0.0000e+00
    183.000    181.114     1.8997  30.439574     1.8991  30.438460     3.9810     4.0293     0.0533    97.6323 1.0000e-12  -65.84766  -71.37860 332.930695      99.97 3.1732e+02   7698.064     184755  1028.5046  1028.5041    34.5803    34.5795    7.65192         18 0.0000e+00
    182.000    180.126     1.8993  30.438748     1.8990  30.438000     3.9752     4.0263     0.0191    97.6229 1.0000e-12  -65.84766  -71.37860 332.930705      99.97 3.1732e+02   7698.877     184774  1028.4999  1028.4995    34.5803    34.5797    7.65200         21 0.0000e+00
    181.000    179.136     1.8990  30.437944     1.8975  30.435640     3.9771     4.0236     0.0193    97.5836 1.0000e-12  -65.84766  -71.37860 332.930716      99.98 3.1732e+02   7699.825     184797  1028.4951  1028.4942    34.5801    34.5788    7.65206         25 0.0000e+00
    180.000    178.148     1.9004  30.439352     1.8977  30.435418     3.9815     4.0250     0.0268    97.6221 1.0000e-12  -65.84766  -71.37860 332.930730      99.98 3.1732e+02   7701.043     184826  1028.4909  1028.4896    34.5810    34.5790    7.65176         34 0.0000e+00
    179.000    177.158     1.8998  30.438045     1.9010  30.438923     3.9811     4.0305     0.0321    97.6241 1.0000e-12  -65.84766  -71.37861 332.930749      99.98 3.1732e+02   7702.741     184867  1028.4859  1028.4855    34.5805    34.5803    7.65189         40 0.0000e+00
    178.000    176.169     1.8991  30.436719     1.8989  30.436139     3.9947     4.0397     0.1673    97.6218 1.0000e-12  -65.84766  -71.37860 332.930774      99.98 3.1732e+02   7704.908     184919  1028.4809  1028.4805    34.5802    34.5797    7.65205         38 0.0000e+00
    177.000    175.180     1.8909  30.426182     1.8933  30.428421     4.0151     4.0528     0.1056    97.5057 1.0000e-12  -65.84766  -71.37860 332.930789      99.98 3.1732e+02   7706.205     184950  1028.4741  1028.4740    34.5765    34.5767    7.65382         23 0.0000e+00
    176.000    174.190     1.8833  30.416517     1.8803  30.412565     4.0206     4.0597     0.0225    97.6069 1.0000e-12  -65.84764  -71.37860 332.930799      99.98 3.1820e+02   7707.024     184970  1028.4675  1028.4665    34.5732    34.5715    7.65546         18 0.0000e+00
    175.000    173.202     1.8683  30.398792     1.8671  30.397242     4.0283     4.0622     0.0283    97.6144 1.0000e-12  -65.84765  -71.37860 332.930807      99.98 3.1907e+02   7707.698     184986  1028.4602  1028.4597    34.5679    34.5672    7.65863         15 0.0000e+00
    174.000    172.212     1.8652  30.394952     1.8645  30.393727     4.0245     4.0599     0.0441    97.5928 1.0000e-12  -65.84766  -71.37860 332.930814      99.98 3.1908e+02   7708.318     185001  1028.4550  1028.4545    34.5670    34.5663    7.65927         15 0.0000e+00
    173.000    171.223     1.8621  30.390981     1.8603  30.388598     4.0209     4.0591     0.0511    97.5989 1.0000e-12  -65.84766  -71.37860 332.930821      99.98 3.1908e+02   7708.951     185016  1028.4497  1028.4491    34.5660    34.5649    7.65993         16 0.0000e+00
    172.000    170.231     1.8579  30.385706     1.8566  30.384089     4.0163     4.0579     0.0657    97.5764 1.0000e-12  -65.84766  -71.37860 332.930830      99.98 3.1963e+02   7709.707     185034  1028.4443  1028.4438    34.5645    34.5638    7.66082         21 0.0000e+00
    171.000    169.241     1.8664  30.395598     1.8681  30.396959     4.0097     4.0571     0.0352    97.5574 1.0000e-12  -65.84766  -71.37862 332.930860      99.97 3.1978e+02   7712.303     185096  1028.4414  1028.4411    34.5683    34.5681    7.65898         35 0.0000e+00
    170.000    168.255     1.8705  30.399589     1.8722  30.401031     4.0159     4.0698     0.0347    97.5816 1.0000e-12  -65.84766  -71.37862 332.930889      99.98 3.2082e+02   7714.851     185157  1028.4370  1028.4368    34.5694    34.5693    7.65813         24 0.0000e+00
    169.000    167.266     1.8659  30.393613     1.8611  30.387731     4.0381     4.0806     0.0424    97.5592 1.0000e-12  -65.84766  -71.37862 332.930898      99.98 3.2084e+02   7715.612     185176  1028.4312  1028.4301    34.5674    34.5653    7.65911         18 0.0000e+00
    168.000    166.274     1.8550  30.380584     1.8528  30.378019     4.0431     4.0812     0.0358    97.5731 1.0000e-12  -65.84766  -71.37862 332.930906      99.98 3.2084e+02   7716.278     185192  1028.4246  1028.4241    34.5635    34.5627    7.66142         15 0.0000e+00
    167.000    165.286     1.8410  30.365876     1.8358  30.359643     4.0397     4.0794     0.0352    97.5897 1.0000e-12  -65.84765  -71.37862 332.930913      99.98 3.2084e+02   7716.892     185206  1028.4192  1028.4181    34.5609    34.5588    7.66426         14 0.0000e+00
    166.000    164.297     1.8330  30.356258     1.8304  30.353434     4.0409     4.0808     0.0358    97.5797 1.0000e-12  -65.84764  -71.37862 332.930921      99.98 3.2084e+02   7717.537     185222  1028.4131  1028.4127    34.5581    34.5574    7.66597         17 0.0000e+00
    165.000    163.308     1.8297  30.352536     1.8282  30.350507     4.0423     4.0829     0.0475    97.5594 1.0000e-12  -65.84764  -71.37860 332.930929      99.98 3.2084e+02   7718.272     185240  1028.4082  1028.4076    34.5576    34.5566    7.66662         19 0.0000e+00
    164.000    162.318     1.8364  30.359448     1.8358  30.358618     4.0345     4.0815     0.0431    97.5734 1.0000e-12  -65.84766  -71.37862 332.930942      99.98 3.2048e+02   7719.394     185266  1028.4042  1028.4040    34.5595    34.5592    7.66522         32 0.0000e+00
    163.000    161.329     1.8407  30.363824     1.8419  30.364677     4.0351     4.0866     0.0815    97.4960 1.0000e-12  -65.84766  -71.37864 332.930972      99.98 3.1968e+02   7722.016     185329  1028.4000  1028.3996    34.5610    34.5607    7.66433         40 0.0000e+00
    162.000    160.341     1.8376  30.359795     1.8394  30.361243     4.0734     4.1199     0.0451    97.5235 1.0000e-12  -65.84766  -71.37864 332.930990      99.98 3.2137e+02   7723.518     185365  1028.3947  1028.3944    34.5599    34.5597    7.66499         23 0.0000e+00
    161.000    159.351     1.8254  30.345704     1.8231  30.342495     4.0981     4.1318     0.0498    97.5209 1.0000e-12  -65.84766  -71.37862 332.930999      99.98 3.2263e+02   7724.348     185385  1028.3882  1028.3873    34.5560    34.5545    7.66755         19 0.0000e+00
    160.000    158.360     1.7891  30.308482     1.7748  30.293737     4.1018     4.1315     0.0437    97.5428 1.0000e-12  -65.84766  -71.37862 332.931008      99.98 3.2261e+02   7725.069     185403  1028.3820  1028.3811    34.5494    34.5464    7.67492         17 0.0000e+00
    159.000    157.372     1.7744  30.293432     1.7594  30.278209     4.0937     4.1252     0.0389    97.5477 1.0000e-12  -65.84765  -71.37862 332.931016      99.98 3.2430e+02   7725.785     185420  1028.3769  1028.3761    34.5471    34.5443    7.67790         18 0.0000e+00
    158.000    156.382     1.7597  30.278847     1.7527  30.271294     4.0930     4.1207     0.0450    97.5289 1.0000e-12  -65.84764  -71.37863 332.931026      99.98 3.2437e+02   7726.618     185440  1028.3721  1028.3712    34.5453    34.5434    7.68083         22 0.0000e+00
    157.000    155.392     1.7769  30.296100     1.7746  30.293084     4.0958     4.1315     0.1010    97.5390 1.0000e-12  -65.84765  -71.37864 332.931041      99.98 3.2437e+02   7727.983     185473  1028.3681  1028.3672    34.5489    34.5476    7.67731         37 0.0000e+00
    156.000    154.402     1.7762  30.293276     1.7723  30.290776     4.0985     4.1328     0.0564    97.5665 1.0000e-12  -65.84766  -71.37864 332.931068      99.98 3.2617e+02   7730.288     185528  1028.3613  1028.3626    34.5465    34.5478    7.67756         45 0.0000e+00
    155.000    153.415     1.7602  30.278555     1.7864  30.303439     4.1389     4.1647     0.0491    97.5512 1.0000e-12  -65.84766  -71.37864 332.931087      99.98 3.2853e+02   7731.953     185568  1028.3576  1028.3571    34.5461    34.5489    7.68069         32 0.0000e+00
    154.000    152.425     1.7429  30.257438     1.7411  30.255483     4.1957     4.2046     0.0717    97.5281 1.0000e-12  -65.84766  -71.37864 332.931100      99.98 3.2975e+02   7733.027     185594  1028.3489  1028.3489    34.5389    34.5385    7.68442         22 0.0000e+00
    153.000    151.435     1.6932  30.207715     1.6966  30.209968     4.2197     4.2251     0.0582    97.4963 1.0000e-12  -65.84766  -71.37864 332.931109      99.98 3.3142e+02   7733.832     185613  1028.3430  1028.3419    34.5311    34.5302    7.69449         17 0.0000e+00
    152.000    150.445     1.6721  30.184981     1.6692  30.181798     4.2155     4.2290     0.0627    97.4883 1.0000e-12  -65.84766  -71.37864 332.931117      99.98 3.3142e+02   7734.512     185629  1028.3363  1028.3359    34.5261    34.5252    7.69887         16 0.0000e+00
    151.000    149.458     1.6668  30.178496     1.6609  30.172443     4.2046     4.2271     0.0655    97.4520 1.0000e-12  -65.84764  -71.37864 332.931125      99.98 3.3315e+02   7735.157     185645  1028.3304  1028.3301    34.5242    34.5230    7.70000         15 0.0000e+00
    150.000    148.465     1.6545  30.165127     1.6447  30.154825     4.1969     4.2209     0.0532    97.4060 1.0000e-12  -65.84764  -71.37865 332.931132      77.02 3.3318e+02   7735.825     185661  1028.3245  1028.3236    34.5214    34.5190    7.70255         17 0.0000e+00
    149.000    147.477     1.6580  30.169186     1.6506  30.160739     4.1973     4.2237     0.0574    97.4178 1.0000e-12  -65.84764  -71.37866 332.931142      93.00 3.3318e+02   7736.636     185680  1028.3205  1028.3193    34.5232    34.5206    7.70176         23 0.0000e+00
    148.000    146.490     1.6674  30.176596     1.6625  30.172066     4.1782     4.2190     0.0610    97.4704 1.0000e-12  -65.84765  -71.37865 332.931164     100.10 3.3387e+02   7738.549     185726  1028.3142  1028.3142    34.5229    34.5225    7.69995         29 0.0000e+00
    147.000    145.497     1.6821  30.193021     1.6813  30.191476     4.1852     4.2311     0.0492    97.4555 1.0000e-12  -65.84766  -71.37864 332.931194      99.98 3.3514e+02   7741.177     185789  1028.3115  1028.3108    34.5281    34.5271    7.69681         33 0.0000e+00
    146.000    144.510     1.6570  30.166124     1.6596  30.168451     4.2207     4.2520     0.0752    97.4386 1.0000e-12  -65.84766  -71.37864 332.931209      99.98 3.3672e+02   7742.423     185819  1028.3046  1028.3043    34.5222    34.5223    7.70201         27 0.0000e+00
