NBP2113_155081_ctd/data/unbp2113_037.cnv
* Sea-Bird SBE 9 Data File:
* FileName = D:\Data\raw\NBP2113_037.hex
* Software Version Seasave V 7.26.7.121
* Temperature SN = 2438
* Conductivity SN = 2067
* Number of Bytes Per Scan = 40
* Number of Voltage Words = 5
* Number of Scans Averaged by the Deck Unit = 1
* NMEA Latitude = 64 56.01 S
* NMEA Longitude = 064 23.97 W
* NMEA UTC (Time) = Dec 10 2021  04:27:53
* NMEA baud rate = 9600
** Ship: RVIB N.B. Palmer
** Cruise: NBP2113 LTER
** Station: 600.040
** Operator: B. Urmston
# nquan = 25
# nvalues = 102                         
# units = specified
# name 0 = prDM: Pressure, Digiquartz [db]
# name 1 = depSM: Depth [salt water, m]
# name 2 = t090C: Temperature [ITS-90, deg C]
# name 3 = c0mS/cm: Conductivity [mS/cm]
# name 4 = t190C: Temperature, 2 [ITS-90, deg C]
# name 5 = c1mS/cm: Conductivity, 2 [mS/cm]
# name 6 = sbeox0ML/L: Oxygen, SBE 43 [ml/l]
# name 7 = sbeox1ML/L: Oxygen, SBE 43, 2 [ml/l]
# name 8 = flECO-AFL: Fluorescence, WET Labs ECO-AFL/FL [mg/m^3]
# name 9 = CStarTr0: Beam Transmission, WET Labs C-Star [%]
# name 10 = par: PAR/Irradiance, Biospherical/Licor
# name 11 = latitude: Latitude [deg]
# name 12 = longitude: Longitude [deg]
# name 13 = timeJ: Julian Days
# name 14 = altM: Altimeter [m]
# name 15 = spar: SPAR, Biospherical/Licor
# name 16 = timeS: Time, Elapsed [seconds]
# name 17 = scan: Scan Count
# name 18 = density00: Density [density, kg/m^3]
# name 19 = density11: Density, 2 [density, kg/m^3]
# name 20 = sal00: Salinity, Practical [PSU]
# name 21 = sal11: Salinity, Practical, 2 [PSU]
# name 22 = oxsolML/L: Oxygen Saturation, Garcia & Gordon [ml/l]
# name 23 = nbin: number of scans per bin
# name 24 = flag: flag
# span 0 =      1.000,    102.000       
# span 1 =      0.989,    100.976       
# span 2 =    -0.9904,     0.3642       
# span 3 =  27.119468,  28.916347       
# span 4 =    -0.9902,     0.3634       
# span 5 =  27.117943,  28.914529       
# span 6 =     5.3402,    10.0231       
# span 7 =     5.4045,    10.0042       
# span 8 =     0.0360,     1.8474       
# span 9 =    87.0701,    95.4459       
# span 10 = 1.0000e-12, 3.6030e+00      
# span 11 =  -64.93378,  -64.93358      
# span 12 =  -64.39968,  -64.39958      
# span 13 = 344.193067, 344.198393      
# span 14 =      41.80,      99.98      
# span 15 = 0.0000e+00, 0.0000e+00      
# span 16 =    607.995,   1068.118      
# span 17 =      14593,      25636      
# span 18 =  1026.9710,  1028.0530      
# span 19 =  1026.9691,  1028.0514      
# span 20 =    33.5354,    34.3698      
# span 21 =    33.5333,    34.3683      
# span 22 =    7.96971,    8.30721      
# span 23 =         15,         48      
# span 24 = 0.0000e+00, 0.0000e+00      
# interval = decibars: 1                
# start_time = Dec 10 2021 04:27:53 [NMEA time, header]
# bad_flag = -9.990e-29
*END*
    102.000    100.976     0.2894  28.840909     0.2853  28.835615     5.5531     5.5743     0.0383    95.4058 1.0000e-12  -64.93358  -64.39965 344.193067      99.97 0.0000e+00    607.995      14593  1028.0530  1028.0514    34.3518    34.3495    7.98620         34 0.0000e+00
    101.000     99.985     0.2810  28.827825     0.2734  28.817969     5.5185     5.5748     0.0512    95.3468 1.0000e-12  -64.93358  -64.39966 344.193083      99.97 0.0000e+00    609.345      14625  1028.0430  1028.0400    34.3446    34.3402    7.98833         31 0.0000e+00
    100.000     98.996     0.2882  28.835972     0.2832  28.829319     5.5259     5.5666     0.0682    95.3199 1.0000e-12  -64.93358  -64.39967 344.193098      99.97 0.0000e+00    610.625      14656  1028.0401  1028.0379    34.3478    34.3447    7.98666         31 0.0000e+00
     99.000     98.006     0.3089  28.857436     0.3043  28.850477     5.4521     5.4953     0.0576    95.3522 1.0000e-12  -64.93360  -64.39966 344.193501      99.97 0.0000e+00    645.513      15493  1028.0389  1028.0358    34.3536    34.3495    7.98207         31 0.0000e+00
     98.000     97.018     0.3642  28.916347     0.3634  28.914529     5.3756     5.4119     0.0447    95.4416 1.0000e-12  -64.93364  -64.39966 344.194343      99.97 0.0000e+00    718.257      17239  1028.0436  1028.0424    34.3698    34.3683    7.96971         16 0.0000e+00
     97.000     96.026     0.3464  28.898002     0.3446  28.894549     5.3848     5.4146     0.0360    95.4414 1.0000e-12  -64.93364  -64.39968 344.194331      99.98 0.0000e+00    717.223      17214  1028.0375  1028.0357    34.3662    34.3636    7.97359         15 0.0000e+00
     96.000     95.036     0.3329  28.882998     0.3362  28.884735     5.3870     5.4198     0.0518    95.4459 1.0000e-12  -64.93364  -64.39968 344.194338      99.97 0.0000e+00    717.853      17229  1028.0306  1028.0292    34.3621    34.3608    7.97660         16 0.0000e+00
     95.000     94.048     0.3271  28.874550     0.3254  28.871512     5.3814     5.4197     0.0580    95.4382 1.0000e-12  -64.93364  -64.39967 344.194347      99.97 0.0000e+00    718.580      17247  1028.0230  1028.0214    34.3582    34.3561    7.97804         20 0.0000e+00
     94.000     93.057     0.3344  28.881946     0.3357  28.881665     5.3402     5.4045     0.0551    95.4146 1.0000e-12  -64.93364  -64.39966 344.194361      99.97 0.0000e+00    719.756      17275  1028.0192  1028.0177    34.3603    34.3585    7.97640         39 0.0000e+00
     93.000     92.068     0.3357  28.884765     0.3403  28.885580     5.3542     5.4047     0.0552    95.4144 1.0000e-12  -64.93364  -64.39963 344.194406      99.97 0.0000e+00    723.686      17369  1028.0165  1028.0128    34.3632    34.3591    7.97598         24 0.0000e+00
     92.000     91.079     0.2974  28.838609     0.3202  28.862418     5.4044     5.4509     0.0544    95.4250 1.0000e-12  -64.93364  -64.39964 344.194462      99.97 0.0000e+00    728.471      17484  1028.0009  1028.0034    34.3459    34.3517    7.98487         35 0.0000e+00
     91.000     90.089     0.3355  28.880664     0.3345  28.879184     5.5425     5.5195     0.0435    95.4337 1.0000e-12  -64.93364  -64.39966 344.194474      99.97 0.0000e+00    729.571      17511  1028.0034  1028.0028    34.3592    34.3583    7.97623         24 0.0000e+00
     90.000     89.097     0.3187  28.865780     0.3167  28.863319     5.7164     5.6200     0.0443    95.4135 1.0000e-12  -64.93364  -64.39966 344.194485      99.97 0.0000e+00    730.510      17533  1027.9999  1027.9993    34.3590    34.3580    7.97972         22 0.0000e+00
     89.000     88.110     0.2635  28.807050     0.2821  28.823008     5.8209     5.6735     0.0507    95.3890 1.0000e-12  -64.93364  -64.39966 344.194496      99.98 0.0000e+00    731.476      17556  1027.9878  1027.9865    34.3441    34.3442    7.99201         25 0.0000e+00
     88.000     87.119     0.2115  28.755044     0.2295  28.769631     5.8800     5.7307     0.0559    95.3160 1.0000e-12  -64.93364  -64.39966 344.194510      99.97 0.0000e+00    732.667      17585  1027.9789  1027.9769    34.3343    34.3333    8.00335         32 0.0000e+00
     87.000     86.130     0.1918  28.732090     0.2295  28.765738     5.8351     5.7262     0.0691    95.2569 1.0000e-12  -64.93364  -64.39966 344.194527      99.97 0.0000e+00    734.169      17621  1027.9693  1027.9681    34.3266    34.3289    8.00788         39 0.0000e+00
     86.000     85.139     0.1864  28.720830     0.2105  28.743870     5.6005     5.6831     0.0734    95.2409 1.0000e-12  -64.93364  -64.39964 344.194548      99.97 0.0000e+00    735.927      17663  1027.9577  1027.9586    34.3185    34.3219    8.00947         35 0.0000e+00
     85.000     84.150     0.2500  28.788258     0.2128  28.747739     5.7930     5.7838     0.0490    95.3418 1.0000e-12  -64.93364  -64.39965 344.194616      99.97 0.0000e+00    741.836      17805  1027.9618  1027.9555    34.3368    34.3250    7.99522         34 0.0000e+00
     84.000     83.160     0.2211  28.760037     0.2255  28.760101     6.1211     5.9526     0.0431    95.3415 1.0000e-12  -64.93364  -64.39966 344.194628      99.97 0.0000e+00    742.846      17829  1027.9563  1027.9518    34.3326    34.3277    8.00146         24 0.0000e+00
     83.000     82.170     0.1562  28.690667     0.1776  28.714037     6.3446     6.1072     0.0579    95.2906 1.0000e-12  -64.93364  -64.39966 344.194638      99.97 0.0000e+00    743.752      17851  1027.9419  1027.9456    34.3142    34.3212    8.01600         21 0.0000e+00
     82.000     81.181     0.1291  28.658438     0.1322  28.660417     6.3426     6.1457     0.0594    95.2393 1.0000e-12  -64.93364  -64.39966 344.194649      99.97 0.0000e+00    744.689      17874  1027.9297  1027.9286    34.3026    34.3018    8.02231         24 0.0000e+00
     81.000     80.190     0.1275  28.651310     0.1289  28.652130     6.0806     6.0616     0.0748    94.8889 1.0000e-12  -64.93364  -64.39966 344.194662      99.97 0.0000e+00    745.795      17900  1027.9191  1027.9184    34.2956    34.2951    8.02305         30 0.0000e+00
     80.000     79.201     0.1629  28.687464     0.1565  28.680113     6.0126     6.0655     0.0728    95.0287 1.0000e-12  -64.93366  -64.39965 344.194680      99.98 0.0000e+00    747.375      17938  1027.9181  1027.9161    34.3044    34.3018    8.01517         36 0.0000e+00
     79.000     78.209     0.1225  28.643192     0.1222  28.640566     6.2041     6.1644     0.0802    95.0803 1.0000e-12  -64.93366  -64.39963 344.194725      99.98 0.0000e+00    751.270      18031  1027.9058  1027.9029    34.2917    34.2885    8.02432         33 0.0000e+00
     78.000     77.221     0.1301  28.651069     0.1456  28.668641     6.2082     6.1994     0.0726    95.1609 1.0000e-12  -64.93364  -64.39965 344.194754      99.97 0.0000e+00    753.717      18090  1027.9018  1027.9051    34.2942    34.3001    8.02258         35 0.0000e+00
     77.000     76.232     0.1323  28.654998     0.1360  28.656533     6.4181     6.3371     0.0777    95.0988 1.0000e-12  -64.93364  -64.39966 344.194771      99.97 0.0000e+00    755.188      18126  1027.8995  1027.8976    34.2975    34.2954    8.02193         29 0.0000e+00
     76.000     75.241     0.0298  28.539233     0.0369  28.547809     6.4072     6.3910     0.0734    94.9939 1.0000e-12  -64.93364  -64.39966 344.194784      99.97 0.0000e+00    756.316      18153  1027.8725  1027.8745    34.2597    34.2631    8.04553         26 0.0000e+00
     75.000     74.251     0.0089  28.512414     0.0131  28.515778     6.3090     6.3438     0.0780    94.9584 1.0000e-12  -64.93366  -64.39966 344.194797      99.97 0.0000e+00    757.420      18179  1027.8595  1027.8591    34.2482    34.2480    8.05058         28 0.0000e+00
     74.000     73.260     0.0535  28.559201     0.0303  28.533880     6.3319     6.3191     0.1026    95.0034 1.0000e-12  -64.93366  -64.39965 344.194814      99.97 0.0000e+00    758.899      18215  1027.8610  1027.8567    34.2608    34.2532    8.04050         37 0.0000e+00
     73.000     72.273     0.0571  28.564365     0.0673  28.575490     6.2729     6.3382     0.1103    95.0073 1.0000e-12  -64.93366  -64.39963 344.194856      99.97 0.0000e+00    762.585      18303  1027.8579  1027.8596    34.2643    34.2675    8.03955         34 0.0000e+00
     72.000     71.283     0.0544  28.562657     0.0342  28.539623     6.3374     6.3672     0.1105    94.9982 1.0000e-12  -64.93366  -64.39964 344.194887      99.97 0.0000e+00    765.217      18366  1027.8543  1027.8497    34.2656    34.2577    8.04003         43 0.0000e+00
     71.000     70.291     0.0245  28.530717     0.0330  28.535472     6.3917     6.4024     0.0978    95.0010 1.0000e-12  -64.93366  -64.39966 344.194905      99.97 0.0000e+00    766.771      18404  1027.8450  1027.8418    34.2573    34.2542    8.04677         31 0.0000e+00
     70.000     69.304    -0.0361  28.461956    -0.0255  28.475435     6.3516     6.4044     0.0850    95.0090 1.0000e-12  -64.93366  -64.39966 344.194918      99.97 0.0000e+00    767.938      18432  1027.8267  1027.8305    34.2347    34.2407    8.06080         26 0.0000e+00
     69.000     68.311    -0.0462  28.449071    -0.0446  28.449317     6.3401     6.3944     0.0826    95.0236 1.0000e-12  -64.93366  -64.39966 344.194930      99.97 0.0000e+00    768.981      18457  1027.8182  1027.8169    34.2295    34.2281    8.06323         25 0.0000e+00
     68.000     67.322    -0.0371  28.456841    -0.0435  28.448476     6.3685     6.4093     0.1090    95.0122 1.0000e-12  -64.93366  -64.39966 344.194945      99.97 0.0000e+00    770.255      18487  1027.8129  1027.8102    34.2303    34.2263    8.06127         38 0.0000e+00
     67.000     66.332    -0.0248  28.472107    -0.0231  28.472564     6.2867     6.3774     0.1137    95.0458 1.0000e-12  -64.93366  -64.39963 344.194991      99.97 0.0000e+00    774.213      18582  1027.8120  1027.8109    34.2373    34.2360    8.05827         40 0.0000e+00
     66.000     65.344    -0.0404  28.454511    -0.0412  28.451769     6.1456     6.3255     0.1042    95.0079 1.0000e-12  -64.93366  -64.39963 344.195012      99.98 0.0000e+00    776.053      18626  1027.8040  1027.8019    34.2320    34.2293    8.06185         29 0.0000e+00
     65.000     64.352    -0.0706  28.420653    -0.0639  28.426277     6.1072     6.3077     0.0906    95.0505 1.0000e-12  -64.93366  -64.39964 344.195026      99.97 0.0000e+00    777.239      18655  1027.7930  1027.7925    34.2216    34.2215    8.06883         30 0.0000e+00
     64.000     63.363    -0.1065  28.375938    -0.0695  28.415506     6.1423     6.2896     0.1298    95.0509 1.0000e-12  -64.93366  -64.39964 344.195045      99.97 0.0000e+00    778.859      18694  1027.7753  1027.7818    34.2030    34.2140    8.07746         37 0.0000e+00
     63.000     62.373    -0.0988  28.386531    -0.0941  28.389711     6.0221     6.1833     0.1404    95.0490 1.0000e-12  -64.93366  -64.39964 344.195072      99.97 0.0000e+00    781.250      18751  1027.7744  1027.7735    34.2091    34.2079    8.07550         40 0.0000e+00
     62.000     61.383    -0.1517  28.323712    -0.1318  28.344061     6.0110     6.1463     0.1472    94.9733 1.0000e-12  -64.93367  -64.39964 344.195091      99.97 0.0000e+00    782.883      18790  1027.7545  1027.7571    34.1853    34.1901    8.08802         31 0.0000e+00
     61.000     60.393    -0.1705  28.300293    -0.1640  28.304390     6.0279     6.1583     0.1463    95.0145 1.0000e-12  -64.93368  -64.39964 344.195108      99.97 0.0000e+00    784.309      18824  1027.7431  1027.7416    34.1759    34.1740    8.09255         35 0.0000e+00
     60.000     59.404    -0.1764  28.291886    -0.1266  28.347759     6.0414     6.1706     0.1911    94.9845 1.0000e-12  -64.93368  -64.39962 344.195131      99.97 0.0000e+00    786.305      18872  1027.7351  1027.7466    34.1719    34.1904    8.09403         38 0.0000e+00
     59.000     58.411    -0.1802  28.286355    -0.1538  28.316070     6.0747     6.1845     0.2096    94.9715 1.0000e-12  -64.93368  -64.39962 344.195161      99.97 0.0000e+00    788.886      18934  1027.7275  1027.7346    34.1693    34.1793    8.09497         41 0.0000e+00
     58.000     57.424    -0.1782  28.287440    -0.1484  28.324531     6.1344     6.1719     0.2080    94.9634 1.0000e-12  -64.93368  -64.39964 344.195192      99.97 0.0000e+00    791.596      18999  1027.7225  1027.7335    34.1692    34.1852    8.09456         38 0.0000e+00
     57.000     56.434    -0.2289  28.231178    -0.2103  28.250580     6.2269     6.2222     0.1682    94.9765 1.0000e-12  -64.93368  -64.39964 344.195208      99.97 0.0000e+00    792.972      19032  1027.7069  1027.7103    34.1516    34.1567    8.10632         28 0.0000e+00
     56.000     55.444    -0.2641  28.186283    -0.2565  28.194102     6.2119     6.2283     0.1659    94.9355 1.0000e-12  -64.93368  -64.39964 344.195220      99.97 0.0000e+00    794.043      19058  1027.6886  1027.6902    34.1317    34.1336    8.11494         26 0.0000e+00
     55.000     54.453    -0.2720  28.174705    -0.2676  28.179226     6.1646     6.2051     0.2074    94.8540 1.0000e-12  -64.93368  -64.39964 344.195235      99.97 0.0000e+00    795.304      19088  1027.6792  1027.6803    34.1257    34.1269    8.11697         35 0.0000e+00
     54.000     53.463    -0.2344  28.219515    -0.2352  28.219394     6.1819     6.1957     0.2469    94.8272 1.0000e-12  -64.93368  -64.39963 344.195258      99.97 0.0000e+00    797.277      19136  1027.6856  1027.6867    34.1441    34.1448    8.10793         48 0.0000e+00
     53.000     52.474    -0.2644  28.185432    -0.2341  28.217342     6.2219     6.2020     0.2482    94.8002 1.0000e-12  -64.93368  -64.39962 344.195282      99.97 0.0000e+00    799.392      19186  1027.6739  1027.6789    34.1328    34.1414    8.11496         40 0.0000e+00
     52.000     51.484    -0.2541  28.195190    -0.2395  28.211849     6.2724     6.2832     0.2308    94.8638 1.0000e-12  -64.93368  -64.39963 344.195326      99.97 0.0000e+00    803.142      19276  1027.6694  1027.6733    34.1349    34.1407    8.11265         38 0.0000e+00
     51.000     50.494    -0.2801  28.166171    -0.2672  28.180648     6.5124     6.4242     0.1968    94.8627 1.0000e-12  -64.93368  -64.39964 344.195345      99.97 0.0000e+00    804.776      19316  1027.6593  1027.6626    34.1259    34.1307    8.11869         27 0.0000e+00
     50.000     49.505    -0.3358  28.097108    -0.3275  28.105860     6.5866     6.4568     0.2086    94.8153 1.0000e-12  -64.93368  -64.39964 344.195357      99.97 0.0000e+00    805.846      19341  1027.6347  1027.6366    34.0966    34.0990    8.13226         26 0.0000e+00
     49.000     48.514    -0.3606  28.062683    -0.3462  28.075228     6.4388     6.4572     0.2634    94.7011 1.0000e-12  -64.93368  -64.39964 344.195372      99.97 0.0000e+00    807.118      19372  1027.6171  1027.6170    34.0789    34.0796    8.13857         37 0.0000e+00
     48.000     47.522    -0.3228  28.103516    -0.3310  28.097310     6.5113     6.5042     0.3210    94.6310 1.0000e-12  -64.93368  -64.39964 344.195393      99.97 0.0000e+00    809.001      19417  1027.6194  1027.6211    34.0918    34.0927    8.12975         38 0.0000e+00
     47.000     46.533    -0.3737  28.046785    -0.3694  28.050022     6.5344     6.5296     0.3428    94.6243 1.0000e-12  -64.93368  -64.39963 344.195413      99.97 0.0000e+00    810.715      19458  1027.6034  1027.6030    34.0736    34.0732    8.14169         32 0.0000e+00
     46.000     45.545    -0.3974  28.017900    -0.3944  28.019758     6.5045     6.5080     0.3150    94.6350 1.0000e-12  -64.93368  -64.39962 344.195429      99.97 0.0000e+00    812.105      19492  1027.5906  1027.5899    34.0621    34.0612    8.14742         34 0.0000e+00
