NBP2113_155081_ctd/data/unbp2113_060.cnv
* Sea-Bird SBE 9 Data File:
* FileName = D:\Data\raw\NBP2113_060.hex
* Software Version Seasave V 7.26.7.121
* Temperature SN = 2438
* Conductivity SN = 2067
* Number of Bytes Per Scan = 40
* Number of Voltage Words = 5
* Number of Scans Averaged by the Deck Unit = 1
* NMEA Latitude = 64 45.87 S
* NMEA Longitude = 063 07.32 W
* NMEA UTC (Time) = Dec 13 2021  22:33:21
* NMEA baud rate = 9600
** Ship: RVIB N.B. Palmer
** Cruise: NBP2113 LTER
** Station: 654.006
** Operator: S. Blackman
# nquan = 25
# nvalues = 276                         
# units = specified
# name 0 = prDM: Pressure, Digiquartz [db]
# name 1 = depSM: Depth [salt water, m]
# name 2 = t090C: Temperature [ITS-90, deg C]
# name 3 = c0mS/cm: Conductivity [mS/cm]
# name 4 = t190C: Temperature, 2 [ITS-90, deg C]
# name 5 = c1mS/cm: Conductivity, 2 [mS/cm]
# name 6 = sbeox0ML/L: Oxygen, SBE 43 [ml/l]
# name 7 = sbeox1ML/L: Oxygen, SBE 43, 2 [ml/l]
# name 8 = flECO-AFL: Fluorescence, WET Labs ECO-AFL/FL [mg/m^3]
# name 9 = CStarTr0: Beam Transmission, WET Labs C-Star [%]
# name 10 = par: PAR/Irradiance, Biospherical/Licor
# name 11 = latitude: Latitude [deg]
# name 12 = longitude: Longitude [deg]
# name 13 = timeJ: Julian Days
# name 14 = altM: Altimeter [m]
# name 15 = spar: SPAR, Biospherical/Licor
# name 16 = timeS: Time, Elapsed [seconds]
# name 17 = scan: Scan Count
# name 18 = density00: Density [density, kg/m^3]
# name 19 = density11: Density, 2 [density, kg/m^3]
# name 20 = sal00: Salinity, Practical [PSU]
# name 21 = sal11: Salinity, Practical, 2 [PSU]
# name 22 = oxsolML/L: Oxygen Saturation, Garcia & Gordon [ml/l]
# name 23 = nbin: number of scans per bin
# name 24 = flag: flag
# span 0 =      1.000,    276.000       
# span 1 =      0.990,    273.116       
# span 2 =    -0.3668,     0.8036       
# span 3 =  27.904768,  29.433289       
# span 4 =    -0.3669,     0.8033       
# span 5 =  27.902044,  29.432421       
# span 6 =     4.9771,     7.5995       
# span 7 =     5.0464,     7.4861       
# span 8 =    -0.0146,     1.2714       
# span 9 =    85.2921,    90.7130       
# span 10 = 1.0000e-12, 5.0267e+02      
# span 11 =  -64.76428,  -64.76402      
# span 12 =  -63.12230,  -63.12216      
# span 13 = 347.948420, 347.955266      
# span 14 =       9.74,     100.60      
# span 15 = 4.7768e+02, 1.8217e+03      
# span 16 =    742.504,   1333.992      
# span 17 =      17821,      32017      
# span 18 =  1027.1617,  1029.0407      
# span 19 =  1027.1604,  1029.0386      
# span 20 =    33.8067,    34.5070      
# span 21 =    33.8063,    34.5057      
# span 22 =    7.87244,    8.13979      
# span 23 =         25,         47      
# span 24 = 0.0000e+00, 0.0000e+00      
# interval = decibars: 1                
# start_time = Dec 13 2021 22:33:21 [NMEA time, header]
# bad_flag = -9.990e-29
*END*
[from data line 116]
    160.000    158.372     0.7700  29.387042     0.7690  29.385444     5.0375     5.1058     0.0469    90.6053 1.0000e-12  -64.76408  -63.12224 347.950776      99.97 1.8047e+03    946.064      22707  1028.4121  1028.4114    34.4949    34.4939    7.87975         38 0.0000e+00
    159.000    157.383     0.7737  29.389675     0.7690  29.384842     5.0390     5.1104     0.0518    90.6163 1.0000e-12  -64.76408  -63.12224 347.950797      99.97 1.8072e+03    947.877      22750  1028.4069  1028.4065    34.4947    34.4936    7.87900         40 0.0000e+00
    158.000    156.394     0.7756  29.390756     0.7741  29.388453     5.0414     5.1091     0.0552    90.6477 1.0000e-12  -64.76408  -63.12224 347.950820      99.97 1.8106e+03    949.842      22797  1028.4020  1028.4010    34.4946    34.4933    7.87863         34 0.0000e+00
    157.000    155.405     0.7761  29.390751     0.7746  29.388417     5.0452     5.1111     0.0616    90.6460 1.0000e-12  -64.76408  -63.12224 347.950847      99.97 1.8144e+03    952.182      22853  1028.3973  1028.3963    34.4947    34.4933    7.87853         33 0.0000e+00
    156.000    154.416     0.7769  29.390634     0.7749  29.388299     5.0446     5.1143     0.0432    90.6689 1.0000e-12  -64.76408  -63.12224 347.950878      99.97 1.8182e+03    954.827      22917  1028.3921  1028.3916    34.4942    34.4933    7.87839         33 0.0000e+00
    155.000    153.424     0.7770  29.389838     0.7740  29.386859     5.0543     5.1156     0.0459    90.6940 1.0000e-12  -64.76406  -63.12224 347.950910      93.48 1.8217e+03    957.581      22983  1028.3869  1028.3868    34.4936    34.4931    7.87840         39 0.0000e+00
    154.000    152.435     0.7772  29.389456     0.7759  29.387645     5.0470     5.1201     0.0493    90.6939 1.0000e-12  -64.76406  -63.12224 347.950944      97.23 1.8120e+03    960.593      23055  1028.3820  1028.3815    34.4935    34.4926    7.87836         34 0.0000e+00
    153.000    151.447     0.7766  29.388431     0.7761  29.386804     5.0561     5.1203     0.0514    90.7054 1.0000e-12  -64.76406  -63.12224 347.950978      99.95 1.7167e+03    963.528      23126  1028.3774  1028.3761    34.4935    34.4919    7.87849         28 0.0000e+00
    152.000    150.458     0.7734  29.384101     0.7727  29.382452     5.0626     5.1245     0.0459    90.7130 1.0000e-12  -64.76406  -63.12224 347.951055      99.96 1.4776e+03    970.160      23285  1028.3718  1028.3707    34.4920    34.4907    7.87923         37 0.0000e+00
    151.000    149.466     0.7603  29.369642     0.7604  29.368615     5.0702     5.1501     0.0383    90.6915 1.0000e-12  -64.76406  -63.12226 347.951362      86.42 1.2755e+03    996.705      23922  1028.3649  1028.3638    34.4884    34.4869    7.88207         33 0.0000e+00
    150.000    148.479     0.7581  29.366915     0.7552  29.363091     5.0905     5.1569     0.0474    90.7084 1.0000e-12  -64.76406  -63.12226 347.951386      99.91 1.3541e+03    998.742      23971  1028.3600  1028.3588    34.4879    34.4861    7.88255         39 0.0000e+00
    149.000    147.488     0.7525  29.360410     0.7512  29.357970     5.0949     5.1580     0.0385    90.6873 1.0000e-12  -64.76406  -63.12226 347.951406      99.97 1.4341e+03   1000.467      24012  1028.3545  1028.3531    34.4863    34.4845    7.88378         41 0.0000e+00
    148.000    146.498     0.7523  29.359566     0.7518  29.358195     5.0957     5.1664     0.0414    90.6832 1.0000e-12  -64.76406  -63.12226 347.951427      99.97 1.5142e+03   1002.254      24055  1028.3495  1028.3485    34.4860    34.4847    7.88383         37 0.0000e+00
    147.000    145.510     0.7504  29.357171     0.7464  29.352026     5.1043     5.1744     0.0512    90.7046 1.0000e-12  -64.76406  -63.12226 347.951447      99.97 1.5864e+03   1004.063      24099  1028.3446  1028.3431    34.4856    34.4833    7.88423         40 0.0000e+00
    146.000    144.520     0.7437  29.349500     0.7409  29.345720     5.1184     5.1801     0.0469    90.6804 1.0000e-12  -64.76406  -63.12226 347.951467      99.97 1.6427e+03   1005.791      24140  1028.3389  1028.3376    34.4837    34.4818    7.88570         37 0.0000e+00
    145.000    143.530     0.7386  29.343686     0.7346  29.338504     5.1133     5.1934     0.0552    90.6662 1.0000e-12  -64.76406  -63.12226 347.951488      99.97 1.6769e+03   1007.520      24181  1028.3335  1028.3320    34.4824    34.4801    7.88681         38 0.0000e+00
    144.000    142.541     0.7333  29.337424     0.7257  29.328580     5.1148     5.2014     0.0398    90.6671 1.0000e-12  -64.76406  -63.12226 347.951508      99.97 1.6882e+03   1009.259      24223  1028.3279  1028.3261    34.4807    34.4777    7.88796         40 0.0000e+00
    143.000    141.552     0.7287  29.331810     0.7221  29.323995     5.1323     5.2165     0.0483    90.6438 1.0000e-12  -64.76406  -63.12226 347.951528      99.97 1.6857e+03   1010.977      24264  1028.3222  1028.3204    34.4791    34.4763    7.88899         36 0.0000e+00
    142.000    140.561     0.7272  29.330254     0.7101  29.310520     5.1602     5.2264     0.0436    90.6391 1.0000e-12  -64.76406  -63.12226 347.951547      99.97 1.6744e+03   1012.685      24305  1028.3177  1028.3139    34.4793    34.4728    7.88928         36 0.0000e+00
    141.000    139.572     0.7149  29.315971     0.7059  29.305184     5.1697     5.2400     0.0491    90.6210 1.0000e-12  -64.76406  -63.12226 347.951568      99.97 1.6553e+03   1014.439      24348  1028.3105  1028.3080    34.4751    34.4711    7.89201         41 0.0000e+00
    140.000    138.584     0.7087  29.308596     0.6975  29.295560     5.1798     5.2555     0.0546    90.5996 1.0000e-12  -64.76406  -63.12226 347.951588      99.97 1.6280e+03   1016.196      24390  1028.3046  1028.3018    34.4730    34.4685    7.89339         38 0.0000e+00
    139.000    137.593     0.7011  29.299536     0.6866  29.282158     5.2024     5.2655     0.0521    90.5712 1.0000e-12  -64.76406  -63.12226 347.951608      99.97 1.5871e+03   1017.916      24431  1028.2982  1028.2942    34.4702    34.4639    7.89508         41 0.0000e+00
    138.000    136.603     0.6918  29.288347     0.6810  29.275097     5.1983     5.2718     0.0469    90.5747 1.0000e-12  -64.76406  -63.12226 347.951628      99.97 1.5224e+03   1019.654      24473  1028.2913  1028.2878    34.4667    34.4615    7.89718         38 0.0000e+00
    137.000    135.614     0.6900  29.286359     0.6794  29.272438     5.2087     5.2735     0.0553    90.5725 1.0000e-12  -64.76406  -63.12226 347.951649      99.97 1.4454e+03   1021.463      24516  1028.2865  1028.2823    34.4667    34.4604    7.89754         40 0.0000e+00
    136.000    134.625     0.6809  29.274633     0.6788  29.271419     5.2158     5.2763     0.0530    90.5584 1.4840e-04  -64.76406  -63.12226 347.951669      99.97 1.3754e+03   1023.219      24558  1028.2789  1028.2773    34.4622    34.4603    7.89964         42 0.0000e+00
    135.000    133.635     0.6790  29.271938     0.6777  29.269530     5.2179     5.2827     0.0630    90.5513 1.5378e-03  -64.76406  -63.12226 347.951690      99.97 1.3210e+03   1024.992      24601  1028.2735  1028.2721    34.4614    34.4597    7.90007         39 0.0000e+00
    134.000    132.647     0.6789  29.271410     0.6768  29.268103     5.2221     5.2893     0.0646    90.5272 3.6895e-03  -64.76406  -63.12226 347.951710      99.97 1.2821e+03   1026.779      24644  1028.2687  1028.2671    34.4614    34.4595    7.90010         38 0.0000e+00
    133.000    131.656     0.6755  29.267352     0.6723  29.262494     5.2362     5.3071     0.0535    90.5618 6.1403e-03  -64.76406  -63.12226 347.951730      99.97 1.2584e+03   1028.491      24685  1028.2634  1028.2614    34.4605    34.4578    7.90084         38 0.0000e+00
    132.000    130.668     0.6706  29.260879     0.6612  29.249403     5.2455     5.3328     0.0681    90.5763 8.6183e-03  -64.76406  -63.12226 347.951750      99.97 1.2491e+03   1030.200      24726  1028.2571  1028.2542    34.4581    34.4536    7.90196         35 0.0000e+00
    131.000    129.677     0.6647  29.254418     0.6460  29.231845     5.2762     5.3469     0.0591    90.5424 1.1225e-02  -64.76406  -63.12226 347.951770      99.97 1.2426e+03   1031.911      24767  1028.2518  1028.2464    34.4569    34.4483    7.90323         37 0.0000e+00
    130.000    128.687     0.6478  29.234434     0.6377  29.222263     5.2826     5.3538     0.0740    90.5410 1.4289e-02  -64.76406  -63.12226 347.951790      99.97 1.2304e+03   1033.644      24808  1028.2432  1028.2401    34.4503    34.4456    7.90704         34 0.0000e+00
    129.000    127.697     0.6470  29.233318     0.6356  29.219818     5.2716     5.3556     0.0795    90.5203 1.7922e-02  -64.76406  -63.12226 347.951815      99.97 1.2239e+03   1035.783      24860  1028.2382  1028.2352    34.4503    34.4454    7.90720         42 0.0000e+00
    128.000    126.708     0.6424  29.228340     0.6334  29.216202     5.2914     5.3604     0.0647    90.5286 2.1502e-02  -64.76406  -63.12226 347.951846      99.97 1.2265e+03   1038.529      24926  1028.2332  1028.2291    34.4495    34.4438    7.90818         45 0.0000e+00
    127.000    125.719     0.6371  29.222090     0.6324  29.214502     5.2939     5.3654     0.0654    90.5420 2.5704e-02  -64.76406  -63.12226 347.951882      99.97 1.2462e+03   1041.613      25000  1028.2273  1028.2238    34.4479    34.4432    7.90936         40 0.0000e+00
    126.000    124.729     0.6127  29.192195     0.6082  29.185435     5.3396     5.4180     0.0673    90.4906 3.6470e-02  -64.76406  -63.12226 347.952168      99.97 1.6303e+03   1066.304      25592  1028.2145  1028.2118    34.4367    34.4329    7.91495         40 0.0000e+00
    125.000    123.739     0.6036  29.182708     0.6046  29.182608     5.4215     5.5012     0.0656    90.5204 4.2094e-02  -64.76406  -63.12226 347.952229      99.97 1.6892e+03   1071.592      25719  1028.2091  1028.2080    34.4350    34.4338    7.91690         36 0.0000e+00
    124.000    122.750     0.5698  29.145913     0.5511  29.124687     5.4880     5.5638     0.0686    90.5075 4.7129e-02  -64.76406  -63.12226 347.952245      99.97 1.6879e+03   1072.988      25753  1028.1996  1028.1957    34.4253    34.4185    7.92435         34 0.0000e+00
    123.000    121.760     0.5502  29.122692     0.5240  29.093049     5.5781     5.6066     0.0641    90.4887 5.2128e-02  -64.76406  -63.12226 347.952261      99.97 1.6905e+03   1074.389      25786  1028.1900  1028.1847    34.4174    34.4079    7.92879         34 0.0000e+00
    122.000    120.771     0.5116  29.079437     0.4992  29.064902     5.6328     5.6439     0.0646    90.5008 5.7043e-02  -64.76406  -63.12226 347.952278      99.97 1.6929e+03   1075.798      25820  1028.1782  1028.1748    34.4046    34.3993    7.93743         31 0.0000e+00
    121.000    119.781     0.4890  29.052314     0.4793  29.041233     5.6702     5.6682     0.0704    90.4768 6.2959e-02  -64.76406  -63.12226 347.952293      99.97 1.6960e+03   1077.154      25853  1028.1674  1028.1649    34.3950    34.3912    7.94261         31 0.0000e+00
    120.000    118.790     0.4705  29.032528     0.4684  29.028119     5.6628     5.6937     0.0600    90.5107 6.8091e-02  -64.76406  -63.12226 347.952307      99.97 1.6987e+03   1078.363      25882  1028.1601  1028.1572    34.3902    34.3868    7.94666         28 0.0000e+00
    119.000    117.800     0.4628  29.021360     0.4617  29.019292     5.6774     5.7120     0.0695    90.4878 7.3656e-02  -64.76406  -63.12226 347.952320      99.97 1.7005e+03   1079.487      25909  1028.1514  1028.1501    34.3849    34.3834    7.94855         26 0.0000e+00
    118.000    116.813     0.4559  29.013165     0.4540  29.009803     5.6970     5.7186     0.0761    90.4929 7.9264e-02  -64.76406  -63.12226 347.952333      99.97 1.7022e+03   1080.540      25934  1028.1449  1028.1431    34.3823    34.3801    7.95009         25 0.0000e+00
    117.000    115.824     0.4470  29.002326     0.4458  28.999814     5.7007     5.7263     0.0667    90.4898 8.5152e-02  -64.76406  -63.12226 347.952345      99.97 1.7027e+03   1081.577      25959  1028.1378  1028.1361    34.3787    34.3768    7.95213         25 0.0000e+00
    116.000    114.831     0.4443  28.998465     0.4427  28.995646     5.6925     5.7310     0.0746    90.4732 9.1650e-02  -64.76406  -63.12226 347.952357      99.97 1.7029e+03   1082.643      25984  1028.1318  1028.1303    34.3773    34.3754    7.95277         26 0.0000e+00
    115.000    113.844     0.4419  28.994370     0.4411  28.992660     5.6943     5.7342     0.0841    90.4820 9.7999e-02  -64.76406  -63.12226 347.952369      99.97 1.7032e+03   1083.725      26010  1028.1254  1028.1242    34.3752    34.3738    7.95339         26 0.0000e+00
    114.000    112.853     0.4414  28.992676     0.4406  28.990409     5.6892     5.7419     0.0729    90.4528 1.0536e-01  -64.76406  -63.12226 347.952382      99.97 1.7023e+03   1084.838      26037  1028.1195  1028.1178    34.3741    34.3720    7.95354         27 0.0000e+00
    113.000    111.863     0.4417  28.991527     0.4414  28.990175     5.6933     5.7513     0.0737    90.4636 1.1226e-01  -64.76406  -63.12226 347.952396      99.97 1.7012e+03   1085.998      26065  1028.1136  1028.1123    34.3729    34.3714    7.95356         27 0.0000e+00
    112.000    110.874     0.4407  28.988564     0.4400  28.986736     5.6994     5.7623     0.0751    90.4452 1.1946e-01  -64.76406  -63.12226 347.952410      99.97 1.6984e+03   1087.216      26094  1028.1070  1028.1057    34.3707    34.3691    7.95388         30 0.0000e+00
    111.000    109.885     0.4411  28.988762     0.4392  28.985076     5.7113     5.7699     0.0824    90.3937 1.2731e-01  -64.76406  -63.12226 347.952424      99.97 1.6906e+03   1088.476      26124  1028.1024  1028.1004    34.3711    34.3685    7.95377         30 0.0000e+00
    110.000    108.894     0.4366  28.982354     0.4352  28.979691     5.7185     5.7770     0.0976    90.4307 1.3550e-01  -64.76406  -63.12226 347.952439      99.97 1.6763e+03   1089.747      26155  1028.0957  1028.0941    34.3683    34.3664    7.95485         31 0.0000e+00
    109.000    107.904     0.4328  28.977269     0.4316  28.974924     5.7192     5.7933     0.0811    90.4304 1.4486e-01  -64.76406  -63.12226 347.952454      99.97 1.6580e+03   1091.012      26185  1028.0897  1028.0883    34.3665    34.3648    7.95573         30 0.0000e+00
    108.000    106.915     0.4297  28.972916     0.4284  28.970380     5.7482     5.8092     0.0829    90.4236 1.5397e-01  -64.76406  -63.12226 347.952468      99.97 1.6356e+03   1092.270      26215  1028.0838  1028.0823    34.3649    34.3630    7.95647         30 0.0000e+00
    107.000    105.925     0.4263  28.968061     0.4250  28.965596     5.7956     5.8415     0.0914    90.4312 1.6452e-01  -64.76406  -63.12226 347.952483      99.97 1.6095e+03   1093.519      26245  1028.0776  1028.0762    34.3629    34.3611    7.95727         30 0.0000e+00
    106.000    104.935     0.4179  28.957231     0.4124  28.949591     5.8532     5.8765     0.0858    90.4295 1.7503e-01  -64.76406  -63.12226 347.952497      99.97 1.5810e+03   1094.776      26276  1028.0700  1028.0674    34.3586    34.3549    7.95924         30 0.0000e+00
    105.000    103.946     0.3986  28.933326     0.3959  28.928360     5.8905     5.9069     0.0882    90.4063 1.8684e-01  -64.76406  -63.12226 347.952512      99.97 1.5526e+03   1096.027      26306  1028.0594  1028.0568    34.3495    34.3460    7.96373         30 0.0000e+00
    104.000    102.957     0.3847  28.915454     0.3858  28.916041     5.8973     5.9319     0.0865    90.3874 1.9878e-01  -64.76406  -63.12226 347.952526      99.97 1.5286e+03   1097.276      26336  1028.0498  1028.0492    34.3421    34.3416    7.96701         30 0.0000e+00
