NBP2113_155081_ctd/data/unbp2113_056.cnv
* Sea-Bird SBE 9 Data File:
* FileName = D:\Data\raw\NBP2113_056.hex
* Software Version Seasave V 7.26.7.121
* Temperature SN = 2438
* Conductivity SN = 2067
* Number of Bytes Per Scan = 40
* Number of Voltage Words = 5
* Number of Scans Averaged by the Deck Unit = 1
* NMEA Latitude = 64 53.69 S
* NMEA Longitude = 064 47.29 W
* NMEA UTC (Time) = Dec 11 2021  22:36:48
* NMEA baud rate = 9600
** Ship: RVIB N.B. Palmer
** Cruise: NBP2113 LTER
** Station: 591.057
** Operator: S. Blackman
# nquan = 25
# nvalues = 659                         
# units = specified
# name 0 = prDM: Pressure, Digiquartz [db]
# name 1 = depSM: Depth [salt water, m]
# name 2 = t090C: Temperature [ITS-90, deg C]
# name 3 = c0mS/cm: Conductivity [mS/cm]
# name 4 = t190C: Temperature, 2 [ITS-90, deg C]
# name 5 = c1mS/cm: Conductivity, 2 [mS/cm]
# name 6 = sbeox0ML/L: Oxygen, SBE 43 [ml/l]
# name 7 = sbeox1ML/L: Oxygen, SBE 43, 2 [ml/l]
# name 8 = flECO-AFL: Fluorescence, WET Labs ECO-AFL/FL [mg/m^3]
# name 9 = CStarTr0: Beam Transmission, WET Labs C-Star [%]
# name 10 = par: PAR/Irradiance, Biospherical/Licor
# name 11 = latitude: Latitude [deg]
# name 12 = longitude: Longitude [deg]
# name 13 = timeJ: Julian Days
# name 14 = altM: Altimeter [m]
# name 15 = spar: SPAR, Biospherical/Licor
# name 16 = timeS: Time, Elapsed [seconds]
# name 17 = scan: Scan Count
# name 18 = density00: Density [density, kg/m^3]
# name 19 = density11: Density, 2 [density, kg/m^3]
# name 20 = sal00: Salinity, Practical [PSU]
# name 21 = sal11: Salinity, Practical, 2 [PSU]
# name 22 = oxsolML/L: Oxygen Saturation, Garcia & Gordon [ml/l]
# name 23 = nbin: number of scans per bin
# name 24 = flag: flag
# span 0 =      1.000,    659.000       
# span 1 =      0.991,    651.510       
# span 2 =    -0.5133,     1.4679       
# span 3 =  27.564538,  30.360999       
# span 4 =    -0.5103,     1.4676       
# span 5 =  27.566300,  30.359607       
# span 6 =     4.0588,     8.0996       
# span 7 =     4.1191,     8.1494       
# span 8 =    -0.0217,     1.7937       
# span 9 =    82.5897,    91.4528       
# span 10 = 1.0000e-12, 1.3970e+02      
# span 11 =  -64.89496,  -64.89482      
# span 12 =  -64.78956,  -64.78857      
# span 13 = 345.956731, 345.968983      
# span 14 =       0.88,     100.16      
# span 15 = 1.2691e+02, 1.6211e+02      
# span 16 =   1253.519,   2312.097      
# span 17 =      30085,      55491      
# span 18 =  1027.0165,  1030.8509      
# span 19 =  1027.0123,  1030.8497      
# span 20 =    33.6074,    34.6847      
# span 21 =    33.6035,    34.6832      
# span 22 =    7.73033,    8.19855      
# span 23 =         11,         48      
# span 24 = 0.0000e+00, 0.0000e+00      
# interval = decibars: 1                
# start_time = Dec 11 2021 22:36:48 [NMEA time, header]
# bad_flag = -9.990e-29
*END*
[from data line 348]
    311.000    307.722     1.2394  29.959724     1.2395  29.958870     4.3525     4.3939    -0.0077    91.3974 1.0000e-12  -64.89490  -64.78891 345.961828      99.97 1.2915e+02   1693.953      40656  1029.1936  1029.1927    34.6237    34.6224    7.77865         23 0.0000e+00
    310.000    306.734     1.2388  29.958582     1.2387  29.957467     4.3462     4.3949    -0.0077    91.4107 1.0000e-12  -64.89490  -64.78892 345.961839      99.97 1.3044e+02   1694.908      40679  1029.1888  1029.1877    34.6235    34.6221    7.77879         23 0.0000e+00
    309.000    305.745     1.2390  29.958000     1.2390  29.957226     4.3420     4.3936    -0.0146    91.4064 1.0000e-12  -64.89490  -64.78892 345.961852      99.97 1.3045e+02   1696.022      40706  1029.1836  1029.1829    34.6230    34.6220    7.77876         33 0.0000e+00
    308.000    304.756     1.2397  29.958506     1.2394  29.957284     4.3449     4.3966    -0.0092    91.3945 1.0000e-12  -64.89490  -64.78892 345.961875      99.97 1.2937e+02   1698.032      40754  1029.1792  1029.1782    34.6235    34.6222    7.77860         34 0.0000e+00
    307.000    303.768     1.2394  29.958085     1.2387  29.956097     4.3631     4.4104    -0.0076    91.3759 1.0000e-12  -64.89490  -64.78893 345.961894      99.97 1.2927e+02   1699.644      40792  1029.1747  1029.1734    34.6238    34.6221    7.77864         25 0.0000e+00
    306.000    302.779     1.2364  29.955255     1.2357  29.953502     4.3722     4.4172    -0.0103    91.3956 1.0000e-12  -64.89490  -64.78894 345.961904      99.97 1.2868e+02   1700.478      40812  1029.1705  1029.1695    34.6241    34.6227    7.77922         17 0.0000e+00
    305.000    301.790     1.2187  29.935689     1.2180  29.934056     4.3721     4.4208    -0.0151    91.3952 1.0000e-12  -64.89490  -64.78894 345.961912      99.97 1.2869e+02   1701.156      40829  1029.1639  1029.1629    34.6193    34.6179    7.78300         16 0.0000e+00
    304.000    300.802     1.2176  29.933473     1.2167  29.931623     4.3672     4.4163    -0.0092    91.3952 1.0000e-12  -64.89490  -64.78895 345.961919      99.97 1.2869e+02   1701.800      40844  1029.1583  1029.1573    34.6182    34.6168    7.78327         16 0.0000e+00
    303.000    299.811     1.2200  29.935160     1.2173  29.931325     4.3610     4.4107    -0.0065    91.3952 1.0000e-12  -64.89490  -64.78896 345.961927      99.97 1.2869e+02   1702.482      40861  1029.1534  1029.1521    34.6183    34.6164    7.78279         17 0.0000e+00
    302.000    298.824     1.2233  29.938547     1.2229  29.936954     4.3566     4.4090     0.0009    91.3952 1.0000e-12  -64.89490  -64.78896 345.961936      99.97 1.2869e+02   1703.284      40880  1029.1493  1029.1481    34.6195    34.6180    7.78206         21 0.0000e+00
    301.000    297.835     1.2236  29.938519     1.2239  29.937883     4.3594     4.4155    -0.0072    91.3943 1.0000e-12  -64.89490  -64.78896 345.961950      99.97 1.2869e+02   1704.440      40908  1029.1446  1029.1437    34.6197    34.6186    7.78199         31 0.0000e+00
    300.000    296.847     1.2250  29.939487     1.2248  29.938369     4.3614     4.4150    -0.0124    91.3936 1.0000e-12  -64.89490  -64.78897 345.961994      99.97 1.2869e+02   1708.308      41000  1029.1399  1029.1389    34.6201    34.6189    7.78170         31 0.0000e+00
    299.000    295.857     1.2246  29.938812     1.2248  29.937943     4.3662     4.4160    -0.0082    91.3953 1.0000e-12  -64.89490  -64.78898 345.962015      99.97 1.2869e+02   1710.071      41043  1029.1353  1029.1342    34.6202    34.6189    7.78177         22 0.0000e+00
    298.000    294.870     1.2226  29.936297     1.2227  29.935458     4.3720     4.4228    -0.0150    91.3952 1.0000e-12  -64.89490  -64.78899 345.962023      99.97 1.2869e+02   1710.796      41060  1029.1304  1029.1295    34.6197    34.6186    7.78219         15 0.0000e+00
    297.000    293.880     1.2202  29.933883     1.2205  29.933024     4.3682     4.4257    -0.0150    91.3952 1.0000e-12  -64.89490  -64.78900 345.962030      99.97 1.2909e+02   1711.370      41074  1029.1261  1029.1249    34.6199    34.6185    7.78266         13 0.0000e+00
    296.000    292.892     1.2164  29.929190     1.2160  29.927775     4.3695     4.4239    -0.0150    91.3952 1.0000e-12  -64.89490  -64.78901 345.962036      99.97 1.3040e+02   1711.876      41086  1029.1208  1029.1198    34.6187    34.6174    7.78348         12 0.0000e+00
    295.000    291.899     1.2142  29.925982     1.2144  29.925424     4.3747     4.4174    -0.0150    91.3952 1.0000e-12  -64.89490  -64.78902 345.962041      99.97 1.3045e+02   1712.366      41098  1029.1155  1029.1147    34.6176    34.6167    7.78398         11 0.0000e+00
    294.000    290.913     1.2140  29.925225     1.2137  29.924020     4.3781     4.4176    -0.0150    91.3771 1.0000e-12  -64.89490  -64.78903 345.962047      99.97 1.3045e+02   1712.882      41110  1029.1106  1029.1097    34.6174    34.6162    7.78403         13 0.0000e+00
    293.000    289.924     1.2125  29.923471     1.2128  29.922388     4.3755     4.4178    -0.0150    91.3796 1.0000e-12  -64.89490  -64.78904 345.962054      99.97 1.3045e+02   1713.434      41123  1029.1060  1029.1046    34.6174    34.6157    7.78432         15 0.0000e+00
    292.000    288.934     1.2111  29.921282     1.2138  29.923179     4.3716     4.4149    -0.0150    91.3877 1.0000e-12  -64.89490  -64.78902 345.962062      99.97 1.3045e+02   1714.183      41141  1029.1009  1029.1002    34.6168    34.6162    7.78464         23 0.0000e+00
    291.000    287.949     1.2154  29.925316     1.2150  29.923999     4.3786     4.4292    -0.0087    91.3729 1.0000e-12  -64.89490  -64.78902 345.962112      99.97 1.3045e+02   1718.474      41244  1029.0965  1029.0955    34.6178    34.6165    7.78373         25 0.0000e+00
    290.000    286.957     1.2148  29.924417     1.2144  29.923026     4.3848     4.4356    -0.0002    91.3693 1.0000e-12  -64.89490  -64.78903 345.962129      99.97 1.3045e+02   1719.955      41280  1029.0919  1029.0908    34.6179    34.6165    7.78385         17 0.0000e+00
    289.000    285.970     1.2111  29.920236     1.2120  29.920011     4.3925     4.4335    -0.0004    91.3714 1.0000e-12  -64.89490  -64.78905 345.962137      99.96 1.3045e+02   1720.627      41296  1029.0870  1029.0859    34.6171    34.6159    7.78462         17 0.0000e+00
    288.000    284.980     1.2088  29.916890     1.2099  29.917282     4.3978     4.4260    -0.0038    91.3769 1.0000e-12  -64.89490  -64.78906 345.962145      99.97 1.3045e+02   1721.323      41313  1029.0816  1029.0808    34.6160    34.6153    7.78514         17 0.0000e+00
    287.000    283.992     1.2051  29.912677     1.2053  29.912170     4.3930     4.4253    -0.0086    91.3673 1.0000e-12  -64.89490  -64.78906 345.962154      99.97 1.3045e+02   1722.099      41331  1029.0767  1029.0760    34.6153    34.6144    7.78592         21 0.0000e+00
    286.000    283.002     1.2017  29.908108     1.2069  29.912386     4.3905     4.4299    -0.0143    91.3856 1.0000e-12  -64.89488  -64.78908 345.962165      99.97 1.3045e+02   1723.069      41355  1029.0711  1029.0703    34.6138    34.6135    7.78667         25 0.0000e+00
    285.000    282.014     1.2064  29.912873     1.2096  29.915304     4.3993     4.4374    -0.0084    91.3817 1.0000e-12  -64.89488  -64.78908 345.962179      99.97 1.3045e+02   1724.222      41382  1029.0670  1029.0663    34.6153    34.6148    7.78566         27 0.0000e+00
    284.000    281.024     1.1994  29.904922     1.2034  29.908577     4.3999     4.4427    -0.0139    91.3763 1.0000e-12  -64.89488  -64.78908 345.962192      99.97 1.3045e+02   1725.361      41410  1029.0615  1029.0613    34.6134    34.6137    7.78715         26 0.0000e+00
    283.000    280.038     1.1987  29.903553     1.1989  29.902939     4.4031     4.4409    -0.0086    91.3766 1.0000e-12  -64.89488  -64.78908 345.962204      99.97 1.3045e+02   1726.414      41435  1029.0565  1029.0557    34.6130    34.6120    7.78731         25 0.0000e+00
    282.000    279.046     1.1980  29.902575     1.1981  29.901666     4.3978     4.4417    -0.0136    91.3826 1.0000e-12  -64.89490  -64.78908 345.962217      99.97 1.3045e+02   1727.516      41461  1029.0519  1029.0509    34.6131    34.6119    7.78744         29 0.0000e+00
    281.000    278.058     1.1993  29.903365     1.2003  29.903153     4.3931     4.4433    -0.0075    91.3918 1.0000e-12  -64.89490  -64.78909 345.962235      99.97 1.3045e+02   1729.077      41499  1029.0471  1029.0460    34.6133    34.6119    7.78717         38 0.0000e+00
    280.000    277.070     1.2007  29.904564     1.1991  29.901802     4.3976     4.4484    -0.0114    91.3888 1.0000e-12  -64.89489  -64.78910 345.962261      99.97 1.3045e+02   1731.389      41554  1029.0427  1029.0415    34.6139    34.6121    7.78687         37 0.0000e+00
    279.000    276.081     1.1970  29.899910     1.1967  29.898671     4.4005     4.4533    -0.0089    91.3821 1.0000e-12  -64.89488  -64.78911 345.962276      99.97 1.3045e+02   1732.682      41585  1029.0373  1029.0364    34.6125    34.6113    7.78767         24 0.0000e+00
    278.000    275.092     1.1942  29.896890     1.1950  29.896773     4.4173     4.4495    -0.0077    91.3691 1.0000e-12  -64.89488  -64.78913 345.962287      99.97 1.3196e+02   1733.583      41607  1029.0327  1029.0318    34.6123    34.6113    7.78823         20 0.0000e+00
    277.000    274.104     1.1910  29.892669     1.1916  29.892476     4.4079     4.4553    -0.0102    91.3848 1.0000e-12  -64.89488  -64.78914 345.962296      99.97 1.3222e+02   1734.392      41626  1029.0272  1029.0265    34.6110    34.6101    7.78894         20 0.0000e+00
    276.000    273.114     1.1906  29.891693     1.1906  29.890766     4.4005     4.4569    -0.0150    91.3953 1.0000e-12  -64.89488  -64.78914 345.962306      99.97 1.3222e+02   1735.192      41646  1029.0224  1029.0215    34.6108    34.6096    7.78903         18 0.0000e+00
    275.000    272.126     1.1904  29.891048     1.1907  29.890326     4.4101     4.4574    -0.0010    91.3911 1.0000e-12  -64.89488  -64.78915 345.962314      99.97 1.3222e+02   1735.966      41664  1029.0177  1029.0167    34.6109    34.6096    7.78908         19 0.0000e+00
    274.000    271.135     1.1878  29.888012     1.1892  29.888257     4.4106     4.4600    -0.0042    91.3892 1.0000e-12  -64.89488  -64.78916 345.962323      99.97 1.3222e+02   1736.698      41682  1029.0128  1029.0118    34.6103    34.6092    7.78961         17 0.0000e+00
    273.000    270.147     1.1857  29.885002     1.1873  29.885833     4.4106     4.4572    -0.0077    91.3815 1.0000e-12  -64.89488  -64.78916 345.962331      99.97 1.3222e+02   1737.418      41699  1029.0076  1029.0069    34.6095    34.6087    7.79008         17 0.0000e+00
    272.000    269.158     1.1844  29.883165     1.1857  29.883704     4.4084     4.4544    -0.0077    91.3948 1.0000e-12  -64.89488  -64.78916 345.962341      99.97 1.3222e+02   1738.249      41719  1029.0027  1029.0020    34.6091    34.6084    7.79036         24 0.0000e+00
    271.000    268.168     1.1880  29.886516     1.1881  29.885476     4.4053     4.4602    -0.0042    91.3919 1.0000e-12  -64.89488  -64.78916 345.962370      99.97 1.3222e+02   1740.794      41780  1028.9983  1028.9972    34.6100    34.6086    7.78960         32 0.0000e+00
    270.000    267.181     1.1884  29.886752     1.1868  29.883936     4.4212     4.4712    -0.0149    91.3789 1.0000e-12  -64.89488  -64.78917 345.962404      99.97 1.3222e+02   1743.735      41851  1028.9939  1028.9925    34.6104    34.6086    7.78949         21 0.0000e+00
    269.000    266.192     1.1849  29.882846     1.1849  29.881773     4.4232     4.4735    -0.0066    91.3815 1.0000e-12  -64.89488  -64.78918 345.962412      99.96 1.3222e+02   1744.425      41867  1028.9891  1028.9880    34.6099    34.6085    7.79022         15 0.0000e+00
    268.000    265.205     1.1816  29.878396     1.1814  29.877436     4.4195     4.4715    -0.0004    91.3897 1.0000e-12  -64.89488  -64.78920 345.962419      99.97 1.3222e+02   1745.021      41882  1028.9835  1028.9827    34.6084    34.6074    7.79095         14 0.0000e+00
    267.000    264.213     1.1786  29.874818     1.1787  29.873764     4.4220     4.4702    -0.0114    91.3460 1.0000e-12  -64.89488  -64.78920 345.962426      99.96 1.3222e+02   1745.617      41896  1028.9785  1028.9773    34.6077    34.6063    7.79158         15 0.0000e+00
    266.000    263.225     1.1768  29.872012     1.1775  29.871680     4.4243     4.4717    -0.0144    91.3624 1.0000e-12  -64.89488  -64.78920 345.962433      99.97 1.3222e+02   1746.250      41911  1028.9732  1028.9721    34.6067    34.6055    7.79200         16 0.0000e+00
    265.000    262.237     1.1757  29.870358     1.1783  29.872328     4.4158     4.4736    -0.0150    91.3692 1.0000e-12  -64.89488  -64.78922 345.962442      99.97 1.3222e+02   1747.001      41929  1028.9683  1028.9677    34.6064    34.6060    7.79223         20 0.0000e+00
    264.000    261.245     1.1788  29.873002     1.1785  29.871976     4.4201     4.4704    -0.0091    91.3702 1.0000e-12  -64.89488  -64.78922 345.962454      99.97 1.3222e+02   1748.062      41954  1028.9636  1028.9628    34.6069    34.6059    7.79159         32 0.0000e+00
    263.000    260.259     1.1787  29.872649     1.1777  29.870708     4.4237     4.4700    -0.0077    91.3877 1.0000e-12  -64.89488  -64.78922 345.962474      99.97 1.3222e+02   1749.750      41995  1028.9591  1028.9581    34.6072    34.6058    7.79160         45 0.0000e+00
    262.000    259.270     1.1794  29.873239     1.1780  29.870420     4.4346     4.4763    -0.0097    91.3917 1.0000e-12  -64.89488  -64.78923 345.962496      99.97 1.3222e+02   1751.678      42041  1028.9547  1028.9533    34.6077    34.6057    7.79142         37 0.0000e+00
    261.000    258.281     1.1752  29.868042     1.1749  29.866849     4.4346     4.4836    -0.0053    91.3774 1.0000e-12  -64.89488  -64.78924 345.962512      99.97 1.3222e+02   1753.060      42074  1028.9493  1028.9483    34.6063    34.6051    7.79234         27 0.0000e+00
    260.000    257.289     1.1715  29.863668     1.1720  29.863275     4.4461     4.4902     0.0051    91.3555 1.0000e-12  -64.89488  -64.78924 345.962523      99.97 1.3222e+02   1754.022      42098  1028.9442  1028.9432    34.6054    34.6043    7.79312         21 0.0000e+00
    259.000    256.304     1.1680  29.859219     1.1688  29.859012     4.4545     4.4870    -0.0077    91.3888 1.0000e-12  -64.89488  -64.78924 345.962533      99.97 1.3222e+02   1754.856      42118  1028.9388  1028.9378    34.6041    34.6030    7.79389         20 0.0000e+00
    258.000    255.315     1.1662  29.856744     1.1671  29.856835     4.4445     4.4902    -0.0077    91.4145 1.0000e-12  -64.89488  -64.78924 345.962543      99.97 1.3222e+02   1755.698      42138  1028.9337  1028.9330    34.6035    34.6026    7.79427         21 0.0000e+00
    257.000    254.324     1.1649  29.854780     1.1647  29.853693     4.4342     4.4899    -0.0132    91.3733 1.0000e-12  -64.89488  -64.78925 345.962554      99.97 1.3222e+02   1756.683      42161  1028.9287  1028.9278    34.6030    34.6019    7.79457         27 0.0000e+00
    256.000    253.335     1.1681  29.857631     1.1681  29.856603     4.4375     4.4932    -0.0088    91.3604 1.0000e-12  -64.89488  -64.78926 345.962569      99.97 1.3222e+02   1758.003      42193  1028.9242  1028.9232    34.6038    34.6024    7.79389         34 0.0000e+00
    255.000    252.346     1.1675  29.857101     1.1660  29.854366     4.4550     4.4919    -0.0077    91.3623 1.0000e-12  -64.89488  -64.78926 345.962588      99.97 1.3222e+02   1759.584      42231  1028.9200  1028.9187    34.6043    34.6025    7.79398         36 0.0000e+00
