NBP2113_155081_ctd/data/unbp2113_066.cnv
* Sea-Bird SBE 9 Data File:
* FileName = D:\Data\raw\NBP2113_066.hex
* Software Version Seasave V 7.26.7.121
* Temperature SN = 2438
* Conductivity SN = 2067
* Number of Bytes Per Scan = 40
* Number of Voltage Words = 5
* Number of Scans Averaged by the Deck Unit = 1
* NMEA Latitude = 64 10.22 S
* NMEA Longitude = 061 54.36 W
* NMEA UTC (Time) = Dec 14 2021  16:02:10
* NMEA baud rate = 9600
** Ship: RVIB N.B. Palmer
** Cruise: NBP2113 LTER
** Station: 742.003
** Operator: S. Blackman
# nquan = 25
# nvalues = 774                         
# units = specified
# name 0 = prDM: Pressure, Digiquartz [db]
# name 1 = depSM: Depth [salt water, m]
# name 2 = t090C: Temperature [ITS-90, deg C]
# name 3 = c0mS/cm: Conductivity [mS/cm]
# name 4 = t190C: Temperature, 2 [ITS-90, deg C]
# name 5 = c1mS/cm: Conductivity, 2 [mS/cm]
# name 6 = sbeox0ML/L: Oxygen, SBE 43 [ml/l]
# name 7 = sbeox1ML/L: Oxygen, SBE 43, 2 [ml/l]
# name 8 = flECO-AFL: Fluorescence, WET Labs ECO-AFL/FL [mg/m^3]
# name 9 = CStarTr0: Beam Transmission, WET Labs C-Star [%]
# name 10 = par: PAR/Irradiance, Biospherical/Licor
# name 11 = latitude: Latitude [deg]
# name 12 = longitude: Longitude [deg]
# name 13 = timeJ: Julian Days
# name 14 = altM: Altimeter [m]
# name 15 = spar: SPAR, Biospherical/Licor
# name 16 = timeS: Time, Elapsed [seconds]
# name 17 = scan: Scan Count
# name 18 = density00: Density [density, kg/m^3]
# name 19 = density11: Density, 2 [density, kg/m^3]
# name 20 = sal00: Salinity, Practical [PSU]
# name 21 = sal11: Salinity, Practical, 2 [PSU]
# name 22 = oxsolML/L: Oxygen Saturation, Garcia & Gordon [ml/l]
# name 23 = nbin: number of scans per bin
# name 24 = flag: flag
# span 0 =      1.000,    774.000       
# span 1 =      0.991,    765.030       
# span 2 =    -0.7053,     0.4926       
# span 3 =  28.146436,  28.906654       
# span 4 =    -0.7051,     0.4919       
# span 5 =  28.145917,  28.903653       
# span 6 =     5.5250,     7.7348       
# span 7 =     5.6074,     7.5326       
# span 8 =    -0.0297,     1.0918       
# span 9 =    83.0182,    90.0599       
# span 10 = 1.0000e-12, 9.6430e+02      
# span 11 =  -64.16966,  -64.16752      
# span 12 =  -61.90650,  -61.90474      
# span 13 = 348.684905, 348.704916      
# span 14 =       9.98,     100.46      
# span 15 = 8.8061e+02, 2.4575e+03      
# span 16 =   1445.807,   3174.784      
# span 17 =      34700,      76196      
# span 18 =  1027.3111,  1031.4312      
# span 19 =  1027.3106,  1031.4302      
# span 20 =    34.0337,    34.5482      
# span 21 =    34.0322,    34.5467      
# span 22 =    7.96191,    8.19137      
# span 23 =         14,         49      
# span 24 = 0.0000e+00, 0.0000e+00      
# interval = decibars: 1                
# start_time = Dec 14 2021 16:02:10 [NMEA time, header]
# bad_flag = -9.990e-29
*END*
[from data line 116]
    658.000    650.555    -0.4890  28.574546    -0.4886  28.573910     5.9263     6.0119    -0.0208    89.8254 1.0000e-12  -64.16964  -61.90514 348.686505      99.97 1.0613e+03   1584.049      38018  1030.8836  1030.8824    34.5415    34.5401    8.13959         27 0.0000e+00
    657.000    649.568    -0.4861  28.576665    -0.4859  28.576134     5.9275     6.0127    -0.0282    89.8271 1.0000e-12  -64.16964  -61.90514 348.686518      99.97 1.0613e+03   1585.165      38045  1030.8789  1030.8780    34.5417    34.5407    8.13896         28 0.0000e+00
    656.000    648.581    -0.4843  28.578071    -0.4856  28.575788     5.9402     6.0084    -0.0205    89.8197 1.0000e-12  -64.16964  -61.90514 348.686534      99.97 1.0613e+03   1586.521      38078  1030.8744  1030.8732    34.5420    34.5405    8.13854         36 0.0000e+00
    655.000    647.594    -0.4894  28.572845    -0.4888  28.572304     5.9315     6.0139    -0.0176    89.7873 1.0000e-12  -64.16964  -61.90514 348.686557      99.97 1.0612e+03   1588.544      38126  1030.8697  1030.8685    34.5414    34.5400    8.13967         34 0.0000e+00
    654.000    646.608    -0.4884  28.572984    -0.4887  28.572094     5.9373     6.0107    -0.0206    89.8213 1.0000e-12  -64.16962  -61.90513 348.686582      99.97 1.0603e+03   1590.706      38178  1030.8647  1030.8640    34.5410    34.5402    8.13948         47 0.0000e+00
    653.000    645.619    -0.4904  28.571022    -0.4898  28.570611     5.9348     6.0125    -0.0152    89.8134 1.0000e-12  -64.16962  -61.90514 348.686614      99.97 1.0607e+03   1593.441      38244  1030.8604  1030.8594    34.5413    34.5401    8.13990         48 0.0000e+00
    652.000    644.632    -0.4838  28.576455    -0.4832  28.576037     5.9237     6.0061    -0.0150    89.8361 1.0000e-12  -64.16962  -61.90512 348.686642      99.97 1.0602e+03   1595.884      38302  1030.8554  1030.8545    34.5417    34.5405    8.13845         39 0.0000e+00
    651.000    643.645    -0.4827  28.577258    -0.4839  28.574936     5.9282     6.0088    -0.0150    89.8245 1.0000e-12  -64.16962  -61.90512 348.686669      99.97 1.0606e+03   1598.225      38358  1030.8510  1030.8499    34.5421    34.5404    8.13819         34 0.0000e+00
    650.000    642.658    -0.4843  28.575200    -0.4857  28.572981     5.9291     6.0115    -0.0160    89.8256 1.0000e-12  -64.16962  -61.90512 348.686704      99.97 1.0613e+03   1601.200      38430  1030.8463  1030.8453    34.5418    34.5404    8.13856         45 0.0000e+00
    649.000    641.671    -0.4836  28.575338    -0.4845  28.573727     5.9274     6.0179    -0.0237    89.8105 1.0000e-12  -64.16962  -61.90512 348.686725      99.97 1.0613e+03   1603.018      38473  1030.8415  1030.8406    34.5418    34.5406    8.13841         36 0.0000e+00
    648.000    640.683    -0.4842  28.574519    -0.4840  28.573709     5.9323     6.0114    -0.0172    89.8351 1.0000e-12  -64.16962  -61.90512 348.686742      99.97 1.0613e+03   1604.524      38510  1030.8371  1030.8359    34.5420    34.5407    8.13854         34 0.0000e+00
    647.000    639.697    -0.4848  28.573528    -0.4848  28.572602     5.9317     6.0107    -0.0212    89.8467 1.0000e-12  -64.16962  -61.90512 348.686763      99.97 1.0613e+03   1606.302      38552  1030.8323  1030.8313    34.5419    34.5406    8.13866         42 0.0000e+00
    646.000    638.711    -0.4859  28.572061    -0.4855  28.571446     5.9393     6.0104    -0.0154    89.8020 1.0000e-12  -64.16962  -61.90512 348.686786      99.97 1.0613e+03   1608.274      38600  1030.8276  1030.8266    34.5418    34.5405    8.13891         40 0.0000e+00
    645.000    637.722    -0.4854  28.572022    -0.4857  28.570831     5.9293     6.0116    -0.0164    89.8362 1.0000e-12  -64.16962  -61.90512 348.686808      99.97 1.0613e+03   1610.188      38646  1030.8228  1030.8219    34.5417    34.5405    8.13879         44 0.0000e+00
    644.000    636.735    -0.4814  28.575057    -0.4833  28.572488     5.9246     6.0119    -0.0112    89.8537 1.0000e-12  -64.16960  -61.90512 348.686830      99.97 1.0613e+03   1612.130      38692  1030.8179  1030.8170    34.5419    34.5406    8.13794         42 0.0000e+00
    643.000    635.747    -0.4775  28.578355    -0.4815  28.573759     5.9161     6.0069    -0.0164    89.8492 1.0000e-12  -64.16960  -61.90512 348.686851      99.97 1.0613e+03   1613.922      38735  1030.8133  1030.8123    34.5424    34.5408    8.13706         34 0.0000e+00
    642.000    634.760    -0.4732  28.581741    -0.4783  28.576177     5.9166     6.0041    -0.0208    89.8273 1.0000e-12  -64.16960  -61.90512 348.686870      99.97 1.0613e+03   1615.556      38774  1030.8084  1030.8075    34.5427    34.5411    8.13613         37 0.0000e+00
    641.000    633.775    -0.4725  28.581947    -0.4735  28.580203     5.9160     6.0026    -0.0137    89.8571 1.0000e-12  -64.16960  -61.90512 348.686891      99.97 1.0613e+03   1617.364      38818  1030.8038  1030.8028    34.5428    34.5415    8.13598         38 0.0000e+00
    640.000    632.787    -0.4724  28.581648    -0.4738  28.579423     5.9267     6.0024    -0.0095    89.8425 1.0000e-12  -64.16960  -61.90512 348.686915      99.97 1.0613e+03   1619.429      38867  1030.7992  1030.7982    34.5428    34.5415    8.13595         42 0.0000e+00
    639.000    631.799    -0.4737  28.580087    -0.4751  28.577828     5.9240     6.0036    -0.0250    89.8515 1.0000e-12  -64.16960  -61.90511 348.686941      99.96 1.0613e+03   1621.728      38922  1030.7946  1030.7936    34.5428    34.5415    8.13623         48 0.0000e+00
    638.000    630.811    -0.4744  28.578861    -0.4755  28.577145     5.9287     6.0038    -0.0183    89.8540 1.0000e-12  -64.16960  -61.90511 348.686971      99.97 1.0613e+03   1624.315      38985  1030.7898  1030.7889    34.5426    34.5415    8.13640         34 0.0000e+00
    637.000    629.824    -0.4757  28.577201    -0.4763  28.575818     5.9267     6.0073    -0.0161    89.8144 1.0000e-12  -64.16960  -61.90510 348.687011      99.97 1.0613e+03   1627.779      39068  1030.7851  1030.7841    34.5424    34.5413    8.13668         34 0.0000e+00
    636.000    628.838    -0.4762  28.576353    -0.4761  28.575547     5.9178     6.0042    -0.0150    89.8119 1.0000e-12  -64.16960  -61.90510 348.687044      99.97 1.0613e+03   1630.606      39136  1030.7804  1030.7794    34.5425    34.5412    8.13679         43 0.0000e+00
    635.000    627.852    -0.4765  28.575650    -0.4757  28.575321     5.9192     6.0049    -0.0179    89.8423 1.0000e-12  -64.16959  -61.90510 348.687084      99.97 1.0613e+03   1634.088      39219  1030.7757  1030.7745    34.5424    34.5411    8.13685         35 0.0000e+00
    634.000    626.864    -0.4682  28.582402    -0.4706  28.579803     5.8981     5.9906    -0.0175    89.8557 1.0000e-12  -64.16958  -61.90510 348.687127      99.97 1.0613e+03   1637.778      39308  1030.7704  1030.7700    34.5427    34.5419    8.13506         41 0.0000e+00
    633.000    625.875    -0.4314  28.615833    -0.4404  28.607000     5.8724     5.9710    -0.0098    89.8538 1.0000e-12  -64.16958  -61.90510 348.687162      99.97 1.0613e+03   1640.830      39381  1030.7654  1030.7648    34.5463    34.5447    8.12698         42 0.0000e+00
    632.000    624.888    -0.4236  28.622519    -0.4318  28.614181     5.8784     5.9699    -0.0204    89.8260 1.0000e-12  -64.16958  -61.90508 348.687202      99.96 1.0613e+03   1644.272      39464  1030.7610  1030.7602    34.5471    34.5452    8.12527         38 0.0000e+00
    631.000    623.903    -0.4213  28.624026    -0.4291  28.616244     5.8772     5.9589    -0.0158    89.8252 1.0000e-12  -64.16958  -61.90508 348.687240      99.97 1.0613e+03   1647.574      39543  1030.7565  1030.7556    34.5470    34.5454    8.12478         36 0.0000e+00
    630.000    622.915    -0.4157  28.628326    -0.4157  28.627599     5.8719     5.9558    -0.0139    89.8256 1.0000e-12  -64.16958  -61.90508 348.687281      99.97 1.0615e+03   1651.089      39627  1030.7514  1030.7505    34.5470    34.5461    8.12358         43 0.0000e+00
    629.000    621.927    -0.4087  28.634398    -0.4121  28.630511     5.8675     5.9555    -0.0150    89.8419 1.0000e-12  -64.16956  -61.90507 348.687320      99.97 1.0630e+03   1654.483      39709  1030.7468  1030.7459    34.5478    34.5464    8.12204         41 0.0000e+00
    628.000    620.941    -0.4082  28.634630    -0.4094  28.632496     5.8728     5.9522    -0.0134    89.8297 1.0000e-12  -64.16956  -61.90506 348.687357      99.97 1.0641e+03   1657.676      39785  1030.7425  1030.7413    34.5482    34.5467    8.12192         43 0.0000e+00
    627.000    619.951    -0.4199  28.622682    -0.4202  28.621788     5.8808     5.9624    -0.0156    89.8585 1.0000e-12  -64.16953  -61.90503 348.687612      99.97 1.0757e+03   1679.653      40313  1030.7371  1030.7364    34.5460    34.5451    8.12453         38 0.0000e+00
    626.000    618.965    -0.4188  28.623850    -0.4194  28.622128     5.8779     5.9656    -0.0194    89.8481 1.0000e-12  -64.16952  -61.90502 348.687680      99.97 1.0789e+03   1685.513      40453  1030.7330  1030.7318    34.5469    34.5454    8.12424         39 0.0000e+00
    625.000    617.978    -0.4200  28.622015    -0.4209  28.620278     5.8805     5.9651    -0.0185    89.8183 1.0000e-12  -64.16952  -61.90502 348.687697      99.97 1.0799e+03   1687.063      40491  1030.7280  1030.7271    34.5464    34.5452    8.12454         34 0.0000e+00
    624.000    616.989    -0.4230  28.618926    -0.4234  28.617634     5.8919     5.9656    -0.0153    89.8131 1.0000e-12  -64.16952  -61.90502 348.687714      99.97 1.0806e+03   1688.462      40524  1030.7235  1030.7225    34.5463    34.5450    8.12518         34 0.0000e+00
    623.000    616.004    -0.4259  28.615787    -0.4284  28.612520     5.8906     5.9745    -0.0161    89.8347 1.0000e-12  -64.16952  -61.90502 348.687730      99.97 1.0806e+03   1689.875      40558  1030.7187  1030.7178    34.5459    34.5444    8.12582         34 0.0000e+00
    622.000    615.016    -0.4307  28.610649    -0.4330  28.607753     5.9012     5.9761    -0.0182    89.8480 1.0000e-12  -64.16952  -61.90501 348.687747      99.97 1.0813e+03   1691.359      40594  1030.7139  1030.7129    34.5452    34.5438    8.12690         37 0.0000e+00
    621.000    614.027    -0.4328  28.608192    -0.4342  28.605948     5.9067     5.9781    -0.0165    89.8502 1.0000e-12  -64.16952  -61.90501 348.687765      99.97 1.0824e+03   1692.896      40630  1030.7090  1030.7080    34.5449    34.5435    8.12737         36 0.0000e+00
    620.000    613.041    -0.4346  28.606060    -0.4349  28.604904     5.9030     5.9712    -0.0208    89.8502 1.0000e-12  -64.16952  -61.90500 348.687782      99.97 1.0825e+03   1694.337      40665  1030.7041  1030.7032    34.5446    34.5434    8.12775         31 0.0000e+00
    619.000    612.054    -0.4353  28.604957    -0.4353  28.604060     5.9039     5.9791    -0.0209    89.8518 1.0000e-12  -64.16950  -61.90500 348.687797      99.97 1.0841e+03   1695.655      40697  1030.6994  1030.6984    34.5445    34.5433    8.12792         29 0.0000e+00
    618.000    611.066    -0.4377  28.602494    -0.4387  28.600622     5.9020     5.9810    -0.0152    89.8701 1.0000e-12  -64.16950  -61.90500 348.687812      99.97 1.0842e+03   1696.961      40728  1030.6949  1030.6939    34.5445    34.5431    8.12842         31 0.0000e+00
    617.000    610.079    -0.4425  28.597539    -0.4427  28.596535     5.9071     5.9754    -0.0192    89.8656 1.0000e-12  -64.16950  -61.90500 348.687827      99.97 1.0842e+03   1698.242      40759  1030.6901  1030.6892    34.5439    34.5428    8.12949         30 0.0000e+00
    616.000    609.093    -0.4428  28.596675    -0.4434  28.595202     5.9053     5.9753    -0.0208    89.8484 1.0000e-12  -64.16950  -61.90500 348.687841      99.97 1.0842e+03   1699.432      40787  1030.6852  1030.6842    34.5437    34.5424    8.12956         28 0.0000e+00
    615.000    608.104    -0.4414  28.597529    -0.4418  28.596257     5.9052     5.9774    -0.0214    89.8731 1.0000e-12  -64.16950  -61.90499 348.687854      99.97 1.0859e+03   1700.618      40816  1030.6805  1030.6794    34.5439    34.5426    8.12926         29 0.0000e+00
    614.000    607.117    -0.4420  28.596563    -0.4429  28.594820     5.9062     5.9831    -0.0210    89.8739 1.0000e-12  -64.16950  -61.90498 348.687868      99.97 1.0859e+03   1701.771      40843  1030.6757  1030.6747    34.5438    34.5425    8.12938         26 0.0000e+00
    613.000    606.129    -0.4445  28.593672    -0.4462  28.591401     5.9043     5.9853    -0.0164    89.8530 1.0000e-12  -64.16950  -61.90498 348.687881      99.97 1.0859e+03   1702.878      40870  1030.6708  1030.6700    34.5434    34.5422    8.12995         27 0.0000e+00
    612.000    605.143    -0.4483  28.589824    -0.4490  28.587945     5.9118     5.9863    -0.0177    89.8464 1.0000e-12  -64.16949  -61.90498 348.687893      99.97 1.0859e+03   1703.992      40897  1030.6662  1030.6649    34.5431    34.5414    8.13077         27 0.0000e+00
    611.000    604.153    -0.4498  28.587842    -0.4503  28.586477     5.9050     5.9852    -0.0202    89.8454 1.0000e-12  -64.16948  -61.90498 348.687907      99.97 1.0859e+03   1705.124      40924  1030.6613  1030.6603    34.5427    34.5415    8.13111         27 0.0000e+00
    610.000    603.169    -0.4503  28.586843    -0.4506  28.585523     5.9080     5.9824    -0.0147    89.8442 1.0000e-12  -64.16948  -61.90498 348.687919      99.97 1.0859e+03   1706.237      40951  1030.6565  1030.6553    34.5426    34.5412    8.13123         26 0.0000e+00
    609.000    602.180    -0.4505  28.586208    -0.4510  28.584797     5.9045     5.9874    -0.0179    89.8744 1.0000e-12  -64.16948  -61.90498 348.687932      99.97 1.0859e+03   1707.328      40977  1030.6517  1030.6507    34.5426    34.5413    8.13128         26 0.0000e+00
    608.000    601.193    -0.4510  28.585266    -0.4515  28.583928     5.9081     5.9905    -0.0153    89.8686 1.0000e-12  -64.16948  -61.90496 348.687945      99.97 1.0859e+03   1708.436      41003  1030.6469  1030.6459    34.5424    34.5412    8.13138         28 0.0000e+00
    607.000    600.206    -0.4513  28.584515    -0.4526  28.582517     5.9101     5.9845    -0.0187    89.8834 1.0000e-12  -64.16948  -61.90496 348.687959      99.97 1.0863e+03   1709.629      41032  1030.6422  1030.6412    34.5424    34.5412    8.13146         30 0.0000e+00
    606.000    599.219    -0.4520  28.583494    -0.4526  28.582000     5.9086     5.9877    -0.0214    89.8751 1.0000e-12  -64.16948  -61.90496 348.687974      99.97 1.0877e+03   1710.916      41063  1030.6375  1030.6364    34.5425    34.5411    8.13161         31 0.0000e+00
    605.000    598.231    -0.4515  28.583432    -0.4518  28.582339     5.9071     5.9882    -0.0214    89.8579 1.0000e-12  -64.16948  -61.90496 348.687989      99.96 1.0877e+03   1712.241      41095  1030.6327  1030.6318    34.5424    34.5413    8.13150         31 0.0000e+00
    604.000    597.242    -0.4513  28.583255    -0.4513  28.582218     5.9120     5.9829    -0.0142    89.8596 1.0000e-12  -64.16948  -61.90494 348.688004      99.97 1.0877e+03   1713.586      41127  1030.6280  1030.6269    34.5425    34.5412    8.13145         30 0.0000e+00
    603.000    596.257    -0.4506  28.583388    -0.4505  28.582567     5.8996     5.9728    -0.0171    89.8831 1.0000e-12  -64.16947  -61.90494 348.688019      99.97 1.0877e+03   1714.878      41158  1030.6232  1030.6222    34.5425    34.5413    8.13130         29 0.0000e+00
    602.000    595.269    -0.4458  28.587174    -0.4419  28.589390     5.8858     5.9751    -0.0246    89.8768 1.0000e-12  -64.16946  -61.90494 348.688034      99.97 1.0877e+03   1716.104      41188  1030.6181  1030.6167    34.5427    34.5413    8.13026         30 0.0000e+00
