NBP2113_155081_ctd/data/unbp2113_028.cnv
* Sea-Bird SBE 9 Data File:
* FileName = D:\Data\raw\NBP2113_028.hex
* Software Version Seasave V 7.26.7.121
* Temperature SN = 2438
* Conductivity SN = 2067
* Number of Bytes Per Scan = 40
* Number of Voltage Words = 5
* Number of Scans Averaged by the Deck Unit = 1
* NMEA Latitude = 68 01.84 S
* NMEA Longitude = 069 17.14 W
* NMEA UTC (Time) = Dec 04 2021  16:43:12
* NMEA baud rate = 9600
** Ship: RVIB N.B. Palmer
** Cruise: NBP2113 LTER
** Station: 200.-040
** Operator: S. Blackman
# nquan = 25
# nvalues = 206                         
# units = specified
# name 0 = prDM: Pressure, Digiquartz [db]
# name 1 = depSM: Depth [salt water, m]
# name 2 = t090C: Temperature [ITS-90, deg C]
# name 3 = c0mS/cm: Conductivity [mS/cm]
# name 4 = t190C: Temperature, 2 [ITS-90, deg C]
# name 5 = c1mS/cm: Conductivity, 2 [mS/cm]
# name 6 = sbeox0ML/L: Oxygen, SBE 43 [ml/l]
# name 7 = sbeox1ML/L: Oxygen, SBE 43, 2 [ml/l]
# name 8 = flECO-AFL: Fluorescence, WET Labs ECO-AFL/FL [mg/m^3]
# name 9 = CStarTr0: Beam Transmission, WET Labs C-Star [%]
# name 10 = par: PAR/Irradiance, Biospherical/Licor
# name 11 = latitude: Latitude [deg]
# name 12 = longitude: Longitude [deg]
# name 13 = timeJ: Julian Days
# name 14 = altM: Altimeter [m]
# name 15 = spar: SPAR, Biospherical/Licor
# name 16 = timeS: Time, Elapsed [seconds]
# name 17 = scan: Scan Count
# name 18 = density00: Density [density, kg/m^3]
# name 19 = density11: Density, 2 [density, kg/m^3]
# name 20 = sal00: Salinity, Practical [PSU]
# name 21 = sal11: Salinity, Practical, 2 [PSU]
# name 22 = oxsolML/L: Oxygen Saturation, Garcia & Gordon [ml/l]
# name 23 = nbin: number of scans per bin
# name 24 = flag: flag
# span 0 =      1.000,    206.000       
# span 1 =      0.991,    203.840       
# span 2 =    -1.1965,    -0.2155       
# span 3 =  27.223974,  28.392724       
# span 4 =    -1.1948,    -0.2156       
# span 5 =  27.221588,  28.391500       
# span 6 =     5.9955,     9.0651       
# span 7 =     6.0680,     8.4036       
# span 8 =     0.0809,     1.7482       
# span 9 =    88.4744,    95.7091       
# span 10 = 1.0000e-12, 7.6171e+02      
# span 11 =  -68.03090,  -68.03058      
# span 12 =  -69.28598,  -69.28570      
# span 13 = 338.705300, 338.709903      
# span 14 =       9.40,     102.00      
# span 15 = 1.0154e+03, 1.1309e+03      
# span 16 =    745.889,   1143.637      
# span 17 =      17902,      27448      
# span 18 =  1027.1902,  1028.5029      
# span 19 =  1027.1888,  1028.5010      
# span 20 =    33.8144,    34.2655      
# span 21 =    33.8125,    34.2639      
# span 22 =    8.09699,    8.33250      
# span 23 =         17,         47      
# span 24 = 0.0000e+00, 0.0000e+00      
# interval = decibars: 1                
# start_time = Dec 04 2021 16:43:12 [NMEA time, header]
# bad_flag = -9.990e-29
*END*
[from data line 174]
     32.000     31.677    -0.7889  27.536984    -0.7791  27.541757     8.1053     8.1373     1.2791    90.5406 1.0875e+01  -68.03076  -69.28582 338.707866      99.97 1.0208e+03    967.633      23224  1027.3738  1027.3700    33.8622    33.8576    8.24378         33 0.0000e+00
     31.000     30.687    -0.7884  27.533844    -0.7907  27.528937     8.1279     8.1619     1.3537    90.5704 1.2023e+01  -68.03076  -69.28582 338.707881      99.97 1.0224e+03    968.882      23254  1027.3661  1027.3634    33.8579    33.8539    8.24391         27 0.0000e+00
     30.000     29.699    -0.8062  27.513259    -0.8127  27.505056     8.1555     8.1892     1.4724    90.4703 1.3473e+01  -68.03076  -69.28582 338.707893      99.97 1.0225e+03    969.958      23280  1027.3569  1027.3547    33.8506    33.8469    8.24823         25 0.0000e+00
     29.000     28.708    -0.8292  27.489559    -0.8370  27.480000     8.1729     8.2296     1.1994    90.4322 1.5074e+01  -68.03076  -69.28582 338.707905      99.97 1.0225e+03    970.962      23304  1027.3492  1027.3466    33.8449    33.8407    8.25359         23 0.0000e+00
     28.000     27.718    -0.8408  27.476560    -0.8546  27.461337     8.1517     8.2254     1.2703    90.2676 1.6669e+01  -68.03076  -69.28582 338.707916      99.97 1.0225e+03    971.937      23327  1027.3421  1027.3390    33.8409    33.8358    8.25637         24 0.0000e+00
     27.000     26.728    -0.8530  27.464270    -0.8764  27.438224     8.1397     8.2123     1.3799    90.0753 1.8247e+01  -68.03076  -69.28582 338.707928      99.97 1.0236e+03    972.996      23353  1027.3362  1027.3305    33.8386    33.8296    8.25918         28 0.0000e+00
     26.000     25.738    -0.8445  27.472722    -0.8510  27.464313     8.1480     8.2031     1.5425    89.9012 1.9832e+01  -68.03076  -69.28583 338.707944      99.97 1.0242e+03    974.389      23386  1027.3329  1027.3300    33.8412    33.8370    8.25718         35 0.0000e+00
     25.000     24.746    -0.8567  27.460242    -0.8437  27.472560     8.2000     8.2036     1.4977    89.8960 2.1728e+01  -68.03076  -69.28584 338.707969      99.97 1.0248e+03    976.484      23437  1027.3267  1027.3278    33.8386    33.8407    8.26000         36 0.0000e+00
     24.000     23.759    -0.8723  27.441430    -0.8474  27.466728     8.2415     8.2539     1.5768    89.9641 2.4265e+01  -68.03076  -69.28584 338.707989      99.96 1.0261e+03    978.273      23480  1027.3171  1027.3206    33.8312    33.8375    8.26386         30 0.0000e+00
     23.000     22.769    -0.8829  27.429540    -0.8836  27.427624     8.2605     8.2804     1.4751    89.9004 2.6714e+01  -68.03076  -69.28584 338.708001      99.97 1.0263e+03    979.317      23505  1027.3099  1027.3086    33.8275    33.8257    8.26640         24 0.0000e+00
     22.000     21.778    -0.8950  27.417039    -0.8984  27.410398     8.2479     8.2834     1.4951    89.6789 2.9301e+01  -68.03076  -69.28584 338.708014      99.97 1.0278e+03    980.422      23531  1027.3035  1027.2997    33.8248    33.8196    8.26922         29 0.0000e+00
     21.000     20.788    -0.8768  27.434084    -0.8772  27.433429     8.2683     8.2835     1.6194    89.7500 3.2508e+01  -68.03076  -69.28583 338.708059      99.96 1.0317e+03    984.250      23623  1027.3001  1027.2997    33.8281    33.8276    8.26502         29 0.0000e+00
     20.000     19.798    -0.8900  27.415861    -0.8841  27.422745     8.3014     8.3185     1.5990    89.7333 3.7420e+01  -68.03074  -69.28584 338.708096      99.97 1.0361e+03    987.506      23701  1027.2885  1027.2903    33.8188    33.8216    8.26846         32 0.0000e+00
     19.000     18.809    -0.8860  27.419678    -0.8878  27.418734     8.2651     8.3108     1.7482    89.6621 3.8079e+01  -68.03074  -69.28586 338.708138      99.97 1.0409e+03    991.162      23789  1027.2843  1027.2850    33.8202    33.8209    8.26752         26 0.0000e+00
     18.000     17.816    -0.8855  27.420128    -0.8874  27.418027     8.2689     8.3362     1.6163    89.6455 4.2405e+01  -68.03074  -69.28585 338.708193      99.97 1.0557e+03    995.860      23902  1027.2798  1027.2794    33.8207    33.8201    8.26736         22 0.0000e+00
     17.000     16.830    -0.8837  27.420112    -0.8807  27.420521     8.3019     8.3526     1.4933    89.5958 4.8644e+01  -68.03074  -69.28583 338.708226      99.97 1.0691e+03    998.708      23970  1027.2738  1027.2712    33.8194    33.8165    8.26705         39 0.0000e+00
     16.000     15.839    -0.8807  27.421310    -0.8742  27.425643     8.2951     8.3539     1.5910    89.5244 5.5116e+01  -68.03074  -69.28585 338.708249      99.96 1.0845e+03   1000.745      24019  1027.2679  1027.2663    33.8183    33.8168    8.26646         32 0.0000e+00
     15.000     14.849    -0.8542  27.440879    -0.8536  27.440228     8.3241     8.3948     1.5239    88.6965 6.0141e+01  -68.03063  -69.28592 338.709353      99.97 1.1309e+03   1096.131      26308  1027.2600  1027.2587    33.8156    33.8141    8.26079         36 0.0000e+00
     14.000     13.860    -0.8525  27.441644    -0.8536  27.439511     8.3562     8.3982     1.4659    88.8479 6.5819e+01  -68.03060  -69.28594 338.709666      99.96 1.1154e+03   1123.148      26957  1027.2549  1027.2536    33.8154    33.8138    8.26043         41 0.0000e+00
     13.000     12.870    -0.8526  27.441210    -0.8529  27.439606     8.3623     8.4036     1.4422    88.7762 7.4526e+01  -68.03060  -69.28594 338.709691      99.97 1.1159e+03   1125.260      27007  1027.2502  1027.2487    33.8155    33.8137    8.26044         37 0.0000e+00
     12.000     11.879    -0.8502  27.442819    -0.8531  27.438811     8.3324     8.4007     1.4409    88.6708 8.8471e+01  -68.03060  -69.28595 338.709707      99.97 1.1174e+03   1126.661      27041  1027.2454  1027.2437    33.8157    33.8135    8.25992         28 0.0000e+00
     11.000     10.889    -0.8166  27.470162    -0.8313  27.456710     8.3342     8.4025     1.2520    88.6073 1.0175e+02  -68.03060  -69.28596 338.709719      99.97 1.1177e+03   1127.728      27066  1027.2383  1027.2378    33.8157    33.8139    8.25255         26 0.0000e+00
     10.000      9.900    -0.7994  27.483086    -0.8080  27.474980     8.4074     8.4007     1.2576    88.5534 1.1421e+02  -68.03060  -69.28596 338.709733      99.97 1.1177e+03   1128.948      27096  1027.2317  1027.2310    33.8145    33.8131    8.24884         34 0.0000e+00
      9.000      8.909    -0.8059  27.477418    -0.8023  27.478797     8.5174     8.3927     1.0437    88.6074 1.2991e+02  -68.03060  -69.28596 338.709755      99.96 1.1194e+03   1130.824      27141  1027.2276  1027.2257    33.8147    33.8125    8.25026         34 0.0000e+00
      8.000      7.920    -0.7935  27.486991    -0.7967  27.483190     8.3527     8.3955     0.9167    88.4744 1.4807e+02  -68.03058  -69.28596 338.709777      99.97 1.1194e+03   1132.728      27186  1027.2221  1027.2210    33.8144    33.8129    8.24757         38 0.0000e+00
      7.000      6.930    -0.7974  27.483348    -0.7948  27.484224     8.3833     8.3900     0.6892    88.5106 1.7232e+02  -68.03058  -69.28596 338.709793      99.96 1.1194e+03   1134.118      27220  1027.2178  1027.2161    33.8145    33.8127    8.24841         32 0.0000e+00
      6.000      5.940    -0.8056  27.476239    -0.8034  27.476748     8.3476     8.3910     0.7440    88.6029 2.0320e+02  -68.03058  -69.28596 338.709809      99.96 1.1194e+03   1135.527      27254  1027.2138  1027.2122    33.8147    33.8129    8.25020         35 0.0000e+00
      5.000      4.950    -0.8056  27.475745    -0.8060  27.474259     8.5180     8.3914     0.7194    88.6322 2.2459e+02  -68.03058  -69.28596 338.709827      20.08 1.1194e+03   1137.069      27291  1027.2090  1027.2077    33.8145    33.8130    8.25019         40 0.0000e+00
      4.000      3.960    -0.8090  27.472461    -0.8084  27.471787     9.0651     8.3914     0.7712    88.6929 2.6062e+02  -68.03058  -69.28597 338.709847     102.00 1.1203e+03   1138.779      27332  1027.2045  1027.2031    33.8146    33.8129    8.25095         33 0.0000e+00
      3.000      2.970    -0.8092  27.471800    -0.8081  27.471502 -9.990e-29 -9.990e-29     0.6853    88.6320 2.9930e+02  -68.03058  -69.28598 338.709868      89.70 1.1226e+03   1140.560      27374  1027.1996  1027.1982    33.8145    33.8128    8.25099         41 0.0000e+00
      2.000      1.979    -0.8098  27.470771    -0.8096  27.469759 -9.990e-29 -9.990e-29     0.6350    88.5760 3.5327e+02  -68.03058  -69.28597 338.709886       9.40 1.1254e+03   1142.164      27413  1027.1948  1027.1935    33.8144    33.8128    8.25112         33 0.0000e+00
      1.000      0.991    -0.8098  27.470429    -0.8101  27.468913 -9.990e-29 -9.990e-29     0.6015    88.5966 7.6171e+02  -68.03058  -69.28597 338.709903      29.41 1.1285e+03   1143.637      27448  1027.1902  1027.1888    33.8146    33.8129    8.25112         30 0.0000e+00
