NBP2113_155081_ctd/data/unbp2113_062.cnv
* Sea-Bird SBE 9 Data File:
* FileName = D:\Data\raw\NBP2113_062.hex
* Software Version Seasave V 7.26.7.121
* Temperature SN = 2438
* Conductivity SN = 2067
* Number of Bytes Per Scan = 40
* Number of Voltage Words = 5
* Number of Scans Averaged by the Deck Unit = 1
* NMEA Latitude = 64 46.58 S
* NMEA Longitude = 063 03.86 W
* NMEA UTC (Time) = Dec 14 2021  03:19:35
* NMEA baud rate = 9600
** Ship: RVIB N.B. Palmer
** Cruise: NBP2113 LTER
** Station: 654.003
** Operator: B. Urmston
# nquan = 25
# nvalues = 283                         
# units = specified
# name 0 = prDM: Pressure, Digiquartz [db]
# name 1 = depSM: Depth [salt water, m]
# name 2 = t090C: Temperature [ITS-90, deg C]
# name 3 = c0mS/cm: Conductivity [mS/cm]
# name 4 = t190C: Temperature, 2 [ITS-90, deg C]
# name 5 = c1mS/cm: Conductivity, 2 [mS/cm]
# name 6 = sbeox0ML/L: Oxygen, SBE 43 [ml/l]
# name 7 = sbeox1ML/L: Oxygen, SBE 43, 2 [ml/l]
# name 8 = flECO-AFL: Fluorescence, WET Labs ECO-AFL/FL [mg/m^3]
# name 9 = CStarTr0: Beam Transmission, WET Labs C-Star [%]
# name 10 = par: PAR/Irradiance, Biospherical/Licor
# name 11 = latitude: Latitude [deg]
# name 12 = longitude: Longitude [deg]
# name 13 = timeJ: Julian Days
# name 14 = altM: Altimeter [m]
# name 15 = spar: SPAR, Biospherical/Licor
# name 16 = timeS: Time, Elapsed [seconds]
# name 17 = scan: Scan Count
# name 18 = density00: Density [density, kg/m^3]
# name 19 = density11: Density, 2 [density, kg/m^3]
# name 20 = sal00: Salinity, Practical [PSU]
# name 21 = sal11: Salinity, Practical, 2 [PSU]
# name 22 = oxsolML/L: Oxygen Saturation, Garcia & Gordon [ml/l]
# name 23 = nbin: number of scans per bin
# name 24 = flag: flag
# span 0 =      1.000,    283.000       
# span 1 =      0.991,    280.039       
# span 2 =    -0.3781,     0.8025       
# span 3 =  28.352254,  29.401379       
# span 4 =    -0.3786,     0.8014       
# span 5 =  28.350404,  29.399647       
# span 6 =     4.9877,     7.6919       
# span 7 =     5.0622,     8.2207       
# span 8 =    -0.0191,     1.6154       
# span 9 =    83.9595,    90.8381       
# span 10 = 1.0000e-12, 8.0165e+00      
# span 11 =  -64.77628,  -64.77622      
# span 12 =  -63.06549,  -63.06518      
# span 13 = 348.149906, 348.157377      
# span 14 =      10.85,     100.04      
# span 15 = 0.0000e+00, 0.0000e+00      
# span 16 =    976.865,   1622.401      
# span 17 =      23446,      38939      
# span 18 =  1027.3214,  1029.0637      
# span 19 =  1027.3195,  1029.0625      
# span 20 =    34.0263,    34.5084      
# span 21 =    34.0245,    34.5076      
# span 22 =    7.87269,    8.11865      
# span 23 =         25,         49      
# span 24 = 0.0000e+00, 0.0000e+00      
# interval = decibars: 1                
# start_time = Dec 14 2021 03:19:35 [NMEA time, header]
# bad_flag = -9.990e-29
*END*
[from data line 58]
    225.000    222.677    -0.0997  28.671719    -0.0996  28.670576     5.6461     5.7226     0.0102    90.2170 1.0000e-12  -64.77622  -63.06546 348.150751      69.81 0.0000e+00   1049.905      25199  1028.7708  1028.7696    34.4907    34.4891    8.05973         29 0.0000e+00
    224.000    221.688    -0.0994  28.671497    -0.0993  28.670384     5.6490     5.7224    -0.0061    90.2309 1.0000e-12  -64.77622  -63.06546 348.150766      70.90 0.0000e+00   1051.222      25230  1028.7661  1028.7649    34.4907    34.4891    8.05967         36 0.0000e+00
    223.000    220.698    -0.1002  28.670265    -0.1005  28.668930     5.6544     5.7207     0.0087    90.2519 1.0000e-12  -64.77622  -63.06546 348.150787      72.01 0.0000e+00   1052.984      25273  1028.7614  1028.7602    34.4905    34.4891    8.05985         40 0.0000e+00
    222.000    219.708    -0.1002  28.669883    -0.1001  28.668808     5.6506     5.7206     0.0080    90.2494 1.0000e-12  -64.77622  -63.06546 348.150813      73.06 0.0000e+00   1055.222      25326  1028.7567  1028.7555    34.4906    34.4891    8.05984         36 0.0000e+00
    221.000    218.720    -0.0996  28.669960    -0.0998  28.668652     5.6490     5.7236     0.0068    90.2661 1.0000e-12  -64.77622  -63.06546 348.150842      74.17 0.0000e+00   1057.720      25386  1028.7519  1028.7507    34.4906    34.4891    8.05971         36 0.0000e+00
    220.000    217.730    -0.0998  28.669094    -0.0975  28.670102     5.6509     5.7171     0.0129    90.2390 1.0000e-12  -64.77622  -63.06545 348.150872      75.24 0.0000e+00   1060.336      25449  1028.7470  1028.7458    34.4904    34.4891    8.05978         37 0.0000e+00
    219.000    216.741    -0.0956  28.672505    -0.0929  28.673444     5.6391     5.7141     0.0068    90.2714 1.0000e-12  -64.77622  -63.06544 348.150902      76.25 0.0000e+00   1062.957      25512  1028.7422  1028.7406    34.4907    34.4890    8.05886         42 0.0000e+00
    218.000    215.751    -0.0952  28.672386    -0.0868  28.678501     5.6481     5.7082     0.0083    90.2864 1.0000e-12  -64.77622  -63.06544 348.150932      77.26 0.0000e+00   1065.529      25574  1028.7376  1028.7358    34.4907    34.4894    8.05878         42 0.0000e+00
    217.000    214.764    -0.0938  28.674754    -0.0630  28.698145     5.6325     5.6988     0.0181    90.2422 1.0000e-12  -64.77622  -63.06544 348.150962      78.34 0.0000e+00   1068.104      25635  1028.7344  1028.7291    34.4929    34.4893    8.05835         45 0.0000e+00
    216.000    213.774    -0.0867  28.679495    -0.0609  28.699214     5.6389     5.6927     0.0169    90.2621 1.0000e-12  -64.77622  -63.06544 348.150992      79.31 0.0000e+00   1070.699      25698  1028.7283  1028.7240    34.4918    34.4888    8.05693         42 0.0000e+00
    215.000    212.785    -0.0817  28.682366    -0.0463  28.710733     5.6170     5.6885     0.0200    90.2740 1.0000e-12  -64.77623  -63.06544 348.151022      80.34 0.0000e+00   1073.331      25761  1028.7221  1028.7179    34.4906    34.4884    8.05595         44 0.0000e+00
    214.000    211.797    -0.0504  28.707953    -0.0376  28.717839     5.6008     5.6801     0.0170    90.2427 1.0000e-12  -64.77624  -63.06544 348.151052      81.34 0.0000e+00   1075.927      25823  1028.7143  1028.7128    34.4899    34.4885    8.04940         41 0.0000e+00
    213.000    210.807    -0.0351  28.720268    -0.0320  28.721719     5.6014     5.6831     0.0248    90.2268 1.0000e-12  -64.77624  -63.06544 348.151082      82.43 0.0000e+00   1078.494      25885  1028.7085  1028.7074    34.4896    34.4880    8.04620         41 0.0000e+00
    212.000    209.817    -0.0322  28.722273    -0.0310  28.721925     5.6091     5.6833     0.0191    90.2105 1.0000e-12  -64.77624  -63.06544 348.151112      83.44 0.0000e+00   1081.103      25947  1028.7038  1028.7026    34.4896    34.4878    8.04559         43 0.0000e+00
    211.000    208.828    -0.0482  28.709575    -0.0374  28.715592     5.6220     5.6839     0.0230    90.2259 1.0000e-12  -64.77624  -63.06543 348.151148      84.52 0.0000e+00   1084.228      26022  1028.7021  1028.6981    34.4914    34.4872    8.04886         33 0.0000e+00
    210.000    207.840    -0.0359  28.716298    -0.0347  28.717043     5.6015     5.6797     0.0223    90.1816 1.0000e-12  -64.77624  -63.06543 348.151193      85.53 0.0000e+00   1088.064      26115  1028.6929  1028.6926    34.4870    34.4866    8.04651         31 0.0000e+00
    209.000    206.850    -0.0345  28.718394    -0.0320  28.719596     5.6033     5.6786     0.0209    90.2301 1.0000e-12  -64.77624  -63.06543 348.151240      86.59 0.0000e+00   1092.143      26212  1028.6897  1028.6887    34.4889    34.4876    8.04612         34 0.0000e+00
    208.000    205.863    -0.0318  28.720549    -0.0328  28.718543     5.6119     5.6822     0.0179    90.2010 1.0000e-12  -64.77624  -63.06542 348.151289      87.59 0.0000e+00   1096.373      26314  1028.6851  1028.6841    34.4893    34.4878    8.04553         32 0.0000e+00
    207.000    204.870    -0.0334  28.718727    -0.0341  28.717067     5.6095     5.6836     0.0193    90.2379 1.0000e-12  -64.77624  -63.06542 348.151339      88.51 0.0000e+00   1100.718      26418  1028.6805  1028.6794    34.4892    34.4878    8.04585         32 0.0000e+00
    206.000    203.878    -0.0337  28.718006    -0.0331  28.717362     5.6115     5.6818     0.0277    90.2216 1.0000e-12  -64.77624  -63.06542 348.151386      89.42 0.0000e+00   1104.750      26515  1028.6758  1028.6745    34.4892    34.4877    8.04592         28 0.0000e+00
    205.000    202.891    -0.0330  28.718036    -0.0327  28.717131     5.6081     5.6861     0.0354    90.1853 1.0000e-12  -64.77624  -63.06542 348.151436      90.44 0.0000e+00   1109.048      26618  1028.6710  1028.6697    34.4891    34.4876    8.04579         37 0.0000e+00
    204.000    201.903    -0.0328  28.717789    -0.0324  28.717002     5.6077     5.6838     0.0247    90.2234 1.0000e-12  -64.77624  -63.06541 348.151485      90.85 0.0000e+00   1113.268      26719  1028.6662  1028.6650    34.4892    34.4876    8.04574         35 0.0000e+00
    203.000    200.913    -0.0312  28.718424    -0.0308  28.717741     5.6005     5.6805     0.0244    90.2002 1.0000e-12  -64.77624  -63.06540 348.151532      91.81 0.0000e+00   1117.365      26818  1028.6611  1028.6599    34.4888    34.4874    8.04543         31 0.0000e+00
    202.000    199.926    -0.0321  28.717196    -0.0315  28.716783     5.6105     5.6792     0.0187    90.1033 1.0000e-12  -64.77624  -63.06539 348.151675      92.80 0.0000e+00   1129.682      27113  1028.6564  1028.6553    34.4888    34.4875    8.04562         33 0.0000e+00
    201.000    198.936    -0.0377  28.712338    -0.0379  28.711045     5.6082     5.6818     0.0099    90.1990 1.0000e-12  -64.77624  -63.06538 348.151854      93.55 0.0000e+00   1145.180      27485  1028.6524  1028.6513    34.4892    34.4878    8.04676         38 0.0000e+00
    200.000    197.947    -0.0318  28.716392    -0.0319  28.715260     5.5921     5.6719     0.0107    90.1988 1.0000e-12  -64.77624  -63.06538 348.151874      94.44 0.0000e+00   1146.893      27526  1028.6466  1028.6456    34.4886    34.4872    8.04556         37 0.0000e+00
    199.000    196.958    -0.0154  28.729328    -0.0174  28.726709     5.5899     5.6694     0.0128    90.1286 1.0000e-12  -64.77624  -63.06538 348.151891      95.46 0.0000e+00   1148.353      27561  1028.6399  1028.6391    34.4878    34.4866    8.04215         33 0.0000e+00
    198.000    195.968    -0.0087  28.735409    -0.0051  28.737260     5.5619     5.6449     0.0161    90.1435 1.0000e-12  -64.77624  -63.06538 348.151906      96.53 0.0000e+00   1149.676      27593  1028.6356  1028.6340    34.4890    34.4874    8.04068         29 0.0000e+00
    197.000    194.979    -0.0039  28.738085    -0.0004  28.740120     5.5325     5.6387     0.0076    90.1498 1.0000e-12  -64.77624  -63.06538 348.151921      97.58 0.0000e+00   1150.942      27624  1028.6295  1028.6282    34.4877    34.4865    8.03975         30 0.0000e+00
    196.000    193.990     0.0261  28.764286     0.0260  28.763031     5.5766     5.6332     0.0130    90.1159 1.0000e-12  -64.77624  -63.06538 348.151935      98.46 0.0000e+00   1152.160      27653  1028.6237  1028.6224    34.4893    34.4877    8.03338         29 0.0000e+00
    195.000    193.000     0.0065  28.747717     0.0128  28.751998     5.5689     5.6022     0.0192    90.1454 1.0000e-12  -64.77624  -63.06536 348.151949      99.46 0.0000e+00   1153.357      27682  1028.6213  1028.6197    34.4900    34.4885    8.03744         29 0.0000e+00
    194.000    192.011     0.0035  28.743727     0.0365  28.766872     5.4419     5.5587     0.0025    90.1516 1.0000e-12  -64.77624  -63.06536 348.151962      99.70 0.0000e+00   1154.544      27710  1028.6158  1028.6079    34.4887    34.4822    8.03814         27 0.0000e+00
    193.000    191.021     0.1076  28.828424     0.1304  28.850693     5.3553     5.4911     0.0184    90.1431 1.0000e-12  -64.77624  -63.06536 348.151976      99.01 0.0000e+00   1155.716      27738  1028.5987  1028.6001    34.4842    34.4881    8.01662         29 0.0000e+00
    192.000    190.034     0.2204  28.927652     0.1958  28.904407     5.3144     5.4621     0.0278    90.2094 1.0000e-12  -64.77624  -63.06536 348.151989      99.79 0.0000e+00   1156.890      27766  1028.5887  1028.5886    34.4891    34.4860    7.99285         28 0.0000e+00
    191.000    189.043     0.2410  28.947318     0.2680  28.969897     5.2868     5.4441     0.0197    90.2005 1.0000e-12  -64.77624  -63.06536 348.152003      99.97 0.0000e+00   1158.073      27795  1028.5859  1028.5830    34.4925    34.4919    7.98838         28 0.0000e+00
    190.000    188.054     0.2986  28.998357     0.2750  28.977147     5.2748     5.4164     0.0183    90.2366 1.0000e-12  -64.77624  -63.06536 348.152017      99.97 0.0000e+00   1159.255      27823  1028.5793  1028.5804    34.4956    34.4941    7.97626         29 0.0000e+00
    189.000    187.064     0.3201  29.015785     0.3142  29.008422     5.2891     5.4134     0.0216    90.3038 1.0000e-12  -64.77624  -63.06536 348.152031      88.49 0.0000e+00   1160.442      27852  1028.5732  1028.5713    34.4951    34.4919    7.97185         28 0.0000e+00
    188.000    186.076     0.3282  29.023664     0.3287  29.022180     5.3113     5.4234     0.0282    90.3285 1.0000e-12  -64.77624  -63.06536 348.152044      74.48 0.0000e+00   1161.624      27880  1028.5701  1028.5682    34.4968    34.4945    7.97006         27 0.0000e+00
    187.000    185.086     0.3126  29.008898     0.3135  29.008606     5.3315     5.4291     0.0286    90.3374 1.0000e-12  -64.77624  -63.06536 348.152058      99.48 0.0000e+00   1162.791      27908  1028.5664  1028.5653    34.4956    34.4942    7.97337         28 0.0000e+00
    186.000    184.097     0.3135  29.008454     0.3111  29.005267     5.3492     5.4303     0.0286    90.3348 1.0000e-12  -64.77624  -63.06536 348.152071      99.97 0.0000e+00   1163.967      27936  1028.5614  1028.5604    34.4946    34.4931    7.97324         28 0.0000e+00
    185.000    183.107     0.3084  29.003942     0.3111  29.005040     5.3568     5.4278     0.0331    90.3523 1.0000e-12  -64.77624  -63.06536 348.152085      99.97 0.0000e+00   1165.147      27965  1028.5579  1028.5564    34.4950    34.4934    7.97428         28 0.0000e+00
    184.000    182.118     0.3016  28.996783     0.3016  28.995675     5.3610     5.4342     0.0502    90.3264 1.0000e-12  -64.77624  -63.06536 348.152099      99.97 0.0000e+00   1166.320      27993  1028.5532  1028.5520    34.4938    34.4923    7.97574         28 0.0000e+00
    183.000    181.129     0.2964  28.991638     0.2973  28.991545     5.3706     5.4342     0.0367    90.3139 1.0000e-12  -64.77624  -63.06536 348.152112      80.50 0.0000e+00   1167.503      28021  1028.5489  1028.5479    34.4935    34.4923    7.97684         28 0.0000e+00
    182.000    180.139     0.2915  28.986603     0.2920  28.985853     5.3720     5.4359     0.0346    90.3063 1.0000e-12  -64.77625  -63.06536 348.152126      75.01 0.0000e+00   1168.692      28050  1028.5443  1028.5432    34.4929    34.4914    7.97788         28 0.0000e+00
    181.000    179.150     0.2921  28.986394     0.2921  28.985413     5.3594     5.4337     0.0228    90.3234 1.0000e-12  -64.77626  -63.06536 348.152140     100.00 0.0000e+00   1169.876      28078  1028.5395  1028.5384    34.4926    34.4913    7.97778         29 0.0000e+00
    180.000    178.161     0.2970  28.989974     0.2948  28.987297     5.3483     5.4305     0.0281    90.2982 1.0000e-12  -64.77626  -63.06536 348.152153      99.97 0.0000e+00   1171.055      28106  1028.5344  1028.5337    34.4924    34.4913    7.97678         28 0.0000e+00
    179.000    177.171     0.3000  28.992185     0.2994  28.990621     5.3398     5.4216     0.0292    90.3388 1.0000e-12  -64.77626  -63.06536 348.152167      99.97 0.0000e+00   1172.237      28135  1028.5296  1028.5285    34.4925    34.4911    7.97614         28 0.0000e+00
    178.000    176.181     0.3109  29.001274     0.3116  29.001232     5.3242     5.4108     0.0347    90.3341 1.0000e-12  -64.77626  -63.06534 348.152181      99.97 0.0000e+00   1173.428      28163  1028.5243  1028.5235    34.4929    34.4920    7.97387         29 0.0000e+00
    177.000    175.193     0.3213  29.009767     0.3207  29.008162     5.3163     5.4012     0.0286    90.3569 1.0000e-12  -64.77626  -63.06535 348.152195      99.97 0.0000e+00   1174.606      28192  1028.5189  1028.5178    34.4929    34.4915    7.97171         28 0.0000e+00
    176.000    174.203     0.3309  29.018088     0.3295  29.015671     5.3258     5.4044     0.0286    90.3422 1.0000e-12  -64.77626  -63.06535 348.152208      99.97 0.0000e+00   1175.781      28220  1028.5141  1028.5130    34.4937    34.4922    7.96968         29 0.0000e+00
    175.000    173.214     0.3338  29.020601     0.3290  29.015398     5.3244     5.4018     0.0286    90.3584 1.0000e-12  -64.77626  -63.06535 348.152222      99.97 0.0000e+00   1176.953      28248  1028.5098  1028.5091    34.4944    34.4929    7.96904         27 0.0000e+00
    174.000    172.225     0.3326  29.018760     0.3303  29.015808     5.2898     5.3717     0.0317    90.3268 1.0000e-12  -64.77626  -63.06534 348.152235      99.97 0.0000e+00   1178.132      28276  1028.5050  1028.5041    34.4940    34.4926    7.96933         29 0.0000e+00
    173.000    171.235     0.3694  29.049307     0.3652  29.044257     5.2404     5.3436     0.0362    90.3637 1.0000e-12  -64.77626  -63.06534 348.152250      99.97 0.0000e+00   1179.363      28306  1028.4968  1028.4955    34.4935    34.4915    7.96176         30 0.0000e+00
    172.000    170.244     0.4075  29.082392     0.4158  29.089736     5.2128     5.3203     0.0307    90.3821 1.0000e-12  -64.77626  -63.06534 348.152265      99.97 0.0000e+00   1180.659      28337  1028.4900  1028.4895    34.4947    34.4950    7.95382         30 0.0000e+00
    171.000    169.256     0.4364  29.109027     0.4454  29.115390     5.2171     5.3079     0.0242    90.3977 1.0000e-12  -64.77626  -63.06534 348.152280      99.97 0.0000e+00   1182.013      28369  1028.4857  1028.4836    34.4979    34.4962    7.94769         34 0.0000e+00
    170.000    168.267     0.4386  29.110240     0.4576  29.126399     5.2118     5.3116     0.0430    90.4434 1.0000e-12  -64.77626  -63.06534 348.152297      99.97 0.0000e+00   1183.430      28403  1028.4811  1028.4793    34.4977    34.4975    7.94727         32 0.0000e+00
    169.000    167.278     0.4528  29.122227     0.4473  29.116824     5.2055     5.2993     0.0393    90.4476 1.0000e-12  -64.77626  -63.06534 348.152314      99.97 0.0000e+00   1184.886      28438  1028.4758  1028.4757    34.4980    34.4971    7.94431         35 0.0000e+00
