NBP2113_155081_ctd/data/unbp2113_014.cnv
* Sea-Bird SBE 9 Data File:
* FileName = D:\Data\raw\NBP2113_014.hex
* Software Version Seasave V 7.26.7.121
* Temperature SN = 2438
* Conductivity SN = 2067
* Number of Bytes Per Scan = 40
* Number of Voltage Words = 5
* Number of Scans Averaged by the Deck Unit = 1
* NMEA Latitude = 65 28.72 S
* NMEA Longitude = 066 08.92 W
* NMEA UTC (Time) = Nov 27 2021  11:12:57
* NMEA baud rate = 9600
** Ship: RVIB N.B. Palmer
** Cruise: NBP2113 LTER
** Station: 500.060
** Operator: B. Urmston
# nquan = 25
# nvalues = 305                         
# units = specified
# name 0 = prDM: Pressure, Digiquartz [db]
# name 1 = depSM: Depth [salt water, m]
# name 2 = t090C: Temperature [ITS-90, deg C]
# name 3 = c0mS/cm: Conductivity [mS/cm]
# name 4 = t190C: Temperature, 2 [ITS-90, deg C]
# name 5 = c1mS/cm: Conductivity, 2 [mS/cm]
# name 6 = sbeox0ML/L: Oxygen, SBE 43 [ml/l]
# name 7 = sbeox1ML/L: Oxygen, SBE 43, 2 [ml/l]
# name 8 = flECO-AFL: Fluorescence, WET Labs ECO-AFL/FL [mg/m^3]
# name 9 = CStarTr0: Beam Transmission, WET Labs C-Star [%]
# name 10 = par: PAR/Irradiance, Biospherical/Licor
# name 11 = latitude: Latitude [deg]
# name 12 = longitude: Longitude [deg]
# name 13 = timeJ: Julian Days
# name 14 = altM: Altimeter [m]
# name 15 = spar: SPAR, Biospherical/Licor
# name 16 = timeS: Time, Elapsed [seconds]
# name 17 = scan: Scan Count
# name 18 = density00: Density [density, kg/m^3]
# name 19 = density11: Density, 2 [density, kg/m^3]
# name 20 = sal00: Salinity, Practical [PSU]
# name 21 = sal11: Salinity, Practical, 2 [PSU]
# name 22 = oxsolML/L: Oxygen Saturation, Garcia & Gordon [ml/l]
# name 23 = nbin: number of scans per bin
# name 24 = flag: flag
# span 0 =      1.000,    305.000       
# span 1 =      0.988,    301.776       
# span 2 =    -1.3094,     1.3188       
# span 3 =  27.186826,  30.046896       
# span 4 =    -1.3128,     1.3189       
# span 5 =  27.182700,  30.046049       
# span 6 =     4.3260,     9.7249       
# span 7 =     4.3164,     9.5421       
# span 8 =    -0.0172,     1.7086       
# span 9 =    89.6077,    97.4266       
# span 10 = 1.0000e-12, 1.8249e+02      
# span 11 =  -65.47883,  -65.47876      
# span 12 =  -66.14942,  -66.14898      
# span 13 = 331.478821, 331.489994      
# span 14 =       6.40,      99.98      
# span 15 = 1.8679e+02, 2.4504e+02      
# span 16 =    993.117,   1958.469      
# span 17 =      23836,      47004      
# span 18 =  1027.1715,  1029.1816      
# span 19 =  1027.1675,  1029.1805      
# span 20 =    33.7913,    34.6525      
# span 21 =    33.7874,    34.6513      
# span 22 =    7.76138,    8.35398      
# span 23 =         11,         50      
# span 24 = 0.0000e+00, 0.0000e+00      
# interval = decibars: 1                
# start_time = Nov 27 2021 11:12:57 [NMEA time, header]
# bad_flag = -9.990e-29
*END*
    305.000    301.776     1.3173  30.046522     1.3172  30.045360     4.3353     4.3212    -0.0007    96.9314 1.0000e-12  -65.47878  -66.14904 331.478821       6.40 2.4504e+02    993.117      23836  1029.1816  1029.1805    34.6520    34.6506    7.76172         22 0.0000e+00
    304.000    300.788     1.3175  30.046298     1.3173  30.045136     4.3377     4.3208    -0.0074    96.9314 1.0000e-12  -65.47878  -66.14906 331.478832       7.40 2.4504e+02    994.078      23859  1029.1769  1029.1759    34.6521    34.6507    7.76167         27 0.0000e+00
    303.000    299.802     1.3179  30.046209     1.3175  30.044915     4.3347     4.3177    -0.0073    96.9357 1.0000e-12  -65.47878  -66.14905 331.478900       8.56 2.4480e+02    999.939      24000  1029.1722  1029.1713    34.6521    34.6508    7.76159         37 0.0000e+00
    302.000    298.813     1.3188  30.046896     1.3189  30.046049     4.3355     4.3182    -0.0115    96.9545 1.0000e-12  -65.47878  -66.14908 331.479248       9.00 2.4113e+02   1030.027      24722  1029.1678  1029.1668    34.6525    34.6513    7.76138         35 0.0000e+00
    301.000    297.821     1.3188  30.046397     1.3188  30.045454     4.3260     4.3164    -0.0043    96.9441 1.0000e-12  -65.47878  -66.14909 331.479280       9.93 2.3969e+02   1032.759      24787  1029.1631  1029.1621    34.6525    34.6513    7.76139         35 0.0000e+00
    300.000    296.834     1.3187  30.045892     1.3188  30.045043     4.3329     4.3175     0.0005    96.9427 1.0000e-12  -65.47878  -66.14910 331.479323      10.86 2.3659e+02   1036.497      24877  1029.1584  1029.1575    34.6525    34.6513    7.76140         32 0.0000e+00
    299.000    295.842     1.3187  30.045438     1.3188  30.044486     4.3376     4.3204     0.0102    96.9570 1.0000e-12  -65.47878  -66.14910 331.479340      11.50 2.3614e+02   1037.989      24913  1029.1537  1029.1527    34.6524    34.6512    7.76140         20 0.0000e+00
    298.000    294.858     1.3179  30.044108     1.3181  30.043309     4.3344     4.3195     0.0001    96.9678 1.0000e-12  -65.47878  -66.14910 331.479350      12.40 2.3476e+02   1038.821      24933  1029.1489  1029.1479    34.6523    34.6510    7.76158         19 0.0000e+00
    297.000    293.867     1.3168  30.042388     1.3171  30.041905     4.3347     4.3175     0.0004    96.9819 1.0000e-12  -65.47879  -66.14909 331.479360      13.51 2.3448e+02   1039.693      24954  1029.1440  1029.1432    34.6519    34.6509    7.76182         25 0.0000e+00
    296.000    292.879     1.3166  30.041698     1.3170  30.041251     4.3335     4.3189    -0.0061    96.9486 1.0000e-12  -65.47880  -66.14909 331.479426      14.47 2.2931e+02   1045.378      25090  1029.1392  1029.1384    34.6518    34.6507    7.76187         25 0.0000e+00
    295.000    291.889     1.3160  30.040610     1.3162  30.040006     4.3315     4.3176    -0.0051    96.9499 1.0000e-12  -65.47880  -66.14910 331.479455      15.40 2.2745e+02   1047.952      25152  1029.1345  1029.1337    34.6516    34.6506    7.76199         25 0.0000e+00
    294.000    290.901     1.3162  30.040424     1.3163  30.039646     4.3325     4.3173    -0.0033    96.9578 1.0000e-12  -65.47880  -66.14910 331.479471      16.58 2.2622e+02   1049.275      25184  1029.1299  1029.1289    34.6518    34.6506    7.76195         35 0.0000e+00
    293.000    289.913     1.3154  30.039146     1.3152  30.038000     4.3304     4.3190    -0.0069    96.9680 1.0000e-12  -65.47880  -66.14907 331.479588      17.54 2.1888e+02   1059.430      25427  1029.1250  1029.1241    34.6516    34.6504    7.76211         35 0.0000e+00
    292.000    288.924     1.3135  30.036661     1.3135  30.035777     4.3414     4.3191    -0.0104    96.9548 1.0000e-12  -65.47880  -66.14908 331.479702      18.45 2.1369e+02   1069.257      25663  1029.1202  1029.1193    34.6511    34.6499    7.76252         32 0.0000e+00
    291.000    287.936     1.3109  30.033229     1.3110  30.032568     4.3407     4.3268    -0.0036    96.9830 1.0000e-12  -65.47880  -66.14910 331.480197      19.38 1.9380e+02   1111.989      26689  1029.1149  1029.1141    34.6502    34.6492    7.76308         16 0.0000e+00
    290.000    286.946     1.3108  30.032829     1.3109  30.032033     4.3407     4.3261    -0.0072    96.9717 1.0000e-12  -65.47880  -66.14910 331.480201      20.28 1.9392e+02   1112.388      26698  1029.1103  1029.1094    34.6503    34.6492    7.76309         16 0.0000e+00
    289.000    285.957     1.3106  30.032159     1.3107  30.031376     4.3371     4.3258    -0.0016    96.9580 1.0000e-12  -65.47880  -66.14908 331.480211      21.39 1.9334e+02   1113.219      26718  1029.1056  1029.1047    34.6502    34.6492    7.76312         26 0.0000e+00
    288.000    284.967     1.3105  30.031495     1.3106  30.030719     4.3329     4.3242    -0.0013    96.9571 1.0000e-12  -65.47880  -66.14907 331.480263      22.58 1.9071e+02   1117.731      26827  1029.1008  1029.0999    34.6501    34.6490    7.76316         25 0.0000e+00
    287.000    283.980     1.3103  30.030792     1.3103  30.030012     4.3362     4.3252    -0.0106    96.9571 1.0000e-12  -65.47880  -66.14909 331.480285      23.46 1.9040e+02   1119.581      26871  1029.0961  1029.0952    34.6501    34.6490    7.76321         22 0.0000e+00
    286.000    282.991     1.3100  30.030178     1.3100  30.029226     4.3423     4.3303    -0.0052    96.9515 1.0000e-12  -65.47880  -66.14910 331.480299      24.70 1.8903e+02   1120.825      26901  1029.0914  1029.0905    34.6501    34.6490    7.76325         35 0.0000e+00
    285.000    282.003     1.3098  30.029410     1.3100  30.028817     4.3348     4.3284    -0.0172    96.9720 1.0000e-12  -65.47880  -66.14910 331.480324      25.81 1.8862e+02   1122.963      26952  1029.0866  1029.0859    34.6500    34.6491    7.76330         38 0.0000e+00
    284.000    281.012     1.3093  30.028476     1.3094  30.027688     4.3440     4.3268    -0.0156    96.9589 1.0000e-12  -65.47880  -66.14910 331.480339      26.80 1.8863e+02   1124.249      26983  1029.0819  1029.0810    34.6499    34.6488    7.76340         26 0.0000e+00
    283.000    280.025     1.3071  30.025500     1.3081  30.025781     4.3482     4.3243    -0.0081    96.9596 1.0000e-12  -65.47880  -66.14908 331.480351      27.74 1.8863e+02   1125.338      27009  1029.0769  1029.0762    34.6492    34.6484    7.76389         30 0.0000e+00
    282.000    279.036     1.3053  30.023076     1.3053  30.022298     4.3495     4.3374     0.0007    96.9744 1.0000e-12  -65.47880  -66.14908 331.480412      28.53 1.8863e+02   1130.561      27134  1029.0719  1029.0711    34.6487    34.6476    7.76427         20 0.0000e+00
    281.000    278.047     1.3002  30.017147     1.3008  30.016929     4.3489     4.3401    -0.0072    96.9872 1.0000e-12  -65.47879  -66.14909 331.480426      29.51 1.8863e+02   1131.774      27164  1029.0666  1029.0658    34.6473    34.6463    7.76535         17 0.0000e+00
    280.000    277.057     1.2984  30.014752     1.2987  30.014137     4.3504     4.3423    -0.0073    96.9944 1.0000e-12  -65.47878  -66.14910 331.480435      30.68 1.8863e+02   1132.556      27182  1029.0617  1029.0608    34.6468    34.6457    7.76573         20 0.0000e+00
    279.000    276.070     1.2974  30.013511     1.2980  30.013173     4.3537     4.3390    -0.0047    97.0081 1.0000e-12  -65.47878  -66.14911 331.480446      31.84 1.8863e+02   1133.534      27206  1029.0571  1029.0562    34.6468    34.6458    7.76592         28 0.0000e+00
    278.000    275.080     1.2991  30.014767     1.2996  30.014385     4.3570     4.3377    -0.0045    97.0286 1.0000e-12  -65.47879  -66.14911 331.480461      32.83 1.8863e+02   1134.827      27237  1029.0524  1029.0516    34.6472    34.6462    7.76557         34 0.0000e+00
    277.000    274.091     1.2969  30.011985     1.2986  30.012879     4.3633     4.3387    -0.0069    96.9951 1.0000e-12  -65.47880  -66.14909 331.480491      34.03 1.8863e+02   1137.413      27299  1029.0475  1029.0467    34.6466    34.6458    7.76604         44 0.0000e+00
    276.000    273.104     1.2968  30.011502     1.2978  30.011480     4.3549     4.3368     0.0077    97.0046 1.0000e-12  -65.47880  -66.14907 331.480535      34.85 1.8863e+02   1141.195      27390  1029.0427  1029.0418    34.6467    34.6456    7.76605         35 0.0000e+00
    275.000    272.113     1.2963  30.010511     1.2970  30.010337     4.3602     4.3381    -0.0089    97.0043 1.0000e-12  -65.47880  -66.14909 331.480555      36.04 1.8854e+02   1142.925      27431  1029.0380  1029.0372    34.6466    34.6456    7.76615         42 0.0000e+00
    274.000    271.125     1.2965  30.010247     1.2963  30.009049     4.3645     4.3468    -0.0006    96.9812 1.0000e-12  -65.47878  -66.14912 331.480584      36.79 1.8679e+02   1145.451      27492  1029.0333  1029.0322    34.6466    34.6452    7.76612         40 0.0000e+00
    273.000    270.137     1.2937  30.006667     1.2940  30.006161     4.3901     4.3636    -0.0010    97.0045 1.0000e-12  -65.47878  -66.14912 331.480597      37.62 1.8687e+02   1146.605      27520  1029.0281  1029.0273    34.6457    34.6447    7.76671         23 0.0000e+00
    272.000    269.147     1.2832  29.994429     1.2851  29.995636     4.3857     4.3702    -0.0078    97.0087 1.0000e-12  -65.47878  -66.14912 331.480607      38.67 1.8753e+02   1147.468      27540  1029.0217  1029.0211    34.6422    34.6417    7.76897         19 0.0000e+00
    271.000    268.158     1.2737  29.984151     1.2726  29.982106     4.3931     4.3716    -0.0077    97.0343 1.0000e-12  -65.47878  -66.14912 331.480616      39.74 1.8854e+02   1148.270      27559  1029.0163  1029.0154    34.6402    34.6388    7.77098         20 0.0000e+00
    270.000    267.169     1.2706  29.980343     1.2691  29.977865     4.3841     4.3670    -0.0127    97.0234 1.0000e-12  -65.47880  -66.14910 331.480627      40.77 1.8855e+02   1149.148      27581  1029.0112  1029.0102    34.6394    34.6378    7.77163         23 0.0000e+00
    269.000    266.182     1.2789  29.989094     1.2755  29.984657     4.3816     4.3673    -0.0070    97.0316 1.0000e-12  -65.47880  -66.14909 331.480664      41.90 1.8752e+02   1152.371      27658  1029.0076  1029.0064    34.6419    34.6400    7.76985         30 0.0000e+00
    268.000    265.192     1.2727  29.981740     1.2768  29.985111     4.3959     4.3745    -0.0077    97.0282 1.0000e-12  -65.47878  -66.14912 331.480723      42.36 1.8685e+02   1157.433      27779  1029.0019  1029.0013    34.6399    34.6397    7.77118         17 0.0000e+00
    267.000    264.202     1.2692  29.977473     1.2704  29.977894     4.4026     4.3775    -0.0141    97.0188 1.0000e-12  -65.47878  -66.14912 331.480729      43.69 1.8687e+02   1157.961      27792  1028.9967  1028.9960    34.6389    34.6382    7.77193         15 0.0000e+00
    266.000    263.214     1.2668  29.974541     1.2675  29.974305     4.4023     4.3777    -0.0113    97.0137 1.0000e-12  -65.47878  -66.14912 331.480736      44.57 1.8687e+02   1158.586      27807  1028.9917  1028.9909    34.6384    34.6374    7.77242         15 0.0000e+00
    265.000    262.225     1.2630  29.969664     1.2637  29.969850     4.4024     4.3724    -0.0077    97.0299 1.0000e-12  -65.47878  -66.14912 331.480744      45.71 1.8687e+02   1159.266      27823  1028.9863  1028.9857    34.6370    34.6364    7.77326         18 0.0000e+00
    264.000    261.236     1.2638  29.970382     1.2621  29.967736     4.4061     4.3703    -0.0077    97.0097 1.0000e-12  -65.47878  -66.14912 331.480754      47.08 1.8687e+02   1160.141      27844  1028.9819  1028.9809    34.6376    34.6361    7.77307         26 0.0000e+00
    263.000    260.248     1.2652  29.971329     1.2659  29.971341     4.3896     4.3788    -0.0077    97.0086 1.0000e-12  -65.47880  -66.14910 331.480812      48.22 1.8818e+02   1165.125      27964  1028.9771  1028.9764    34.6379    34.6371    7.77278         41 0.0000e+00
    262.000    259.258     1.2645  29.970109     1.2633  29.968054     4.3918     4.3844    -0.0037    97.0076 1.0000e-12  -65.47879  -66.14911 331.480841      49.02 1.8864e+02   1167.675      28025  1028.9723  1028.9713    34.6377    34.6363    7.77293         26 0.0000e+00
    261.000    258.270     1.2643  29.969563     1.2623  29.966403     4.4020     4.3869    -0.0041    97.0324 1.0000e-12  -65.47878  -66.14912 331.480853      50.14 1.8863e+02   1168.698      28050  1028.9676  1028.9664    34.6377    34.6359    7.77296         24 0.0000e+00
    260.000    257.280     1.2574  29.961870     1.2563  29.959728     4.4095     4.3821    -0.0075    97.0157 1.0000e-12  -65.47878  -66.14912 331.480867      51.23 1.9007e+02   1169.894      28078  1028.9623  1028.9612    34.6361    34.6346    7.77442         37 0.0000e+00
    259.000    256.292     1.2584  29.962573     1.2601  29.963417     4.4081     4.3857    -0.0063    97.0147 1.0000e-12  -65.47880  -66.14913 331.480906      52.39 1.9039e+02   1173.273      28160  1028.9576  1028.9569    34.6364    34.6357    7.77419         38 0.0000e+00
    258.000    255.303     1.2586  29.962034     1.2588  29.961232     4.4198     4.3886    -0.0074    97.0051 1.0000e-12  -65.47880  -66.14914 331.480926      53.16 1.9222e+02   1175.025      28202  1028.9527  1028.9517    34.6361    34.6349    7.77417         25 0.0000e+00
    257.000    254.314     1.2528  29.955315     1.2523  29.953919     4.4194     4.3885    -0.0077    97.0174 1.0000e-12  -65.47880  -66.14914 331.480937      54.11 1.9215e+02   1175.985      28225  1028.9472  1028.9463    34.6345    34.6333    7.77541         23 0.0000e+00
    256.000    253.324     1.2479  29.949817     1.2482  29.949237     4.4210     4.3922    -0.0083    97.0258 1.0000e-12  -65.47880  -66.14912 331.480967      55.30 1.9261e+02   1178.513      28285  1028.9422  1028.9413    34.6335    34.6325    7.77644         34 0.0000e+00
    255.000    252.336     1.2489  29.950342     1.2496  29.950188     4.4178     4.3973    -0.0075    97.0340 1.0000e-12  -65.47880  -66.14913 331.481024      56.14 1.9388e+02   1183.494      28405  1028.9373  1028.9365    34.6336    34.6327    7.77623         28 0.0000e+00
    254.000    251.348     1.2455  29.946381     1.2446  29.944485     4.4181     4.3906    -0.0010    97.0025 1.0000e-12  -65.47880  -66.14914 331.481044      57.25 1.9392e+02   1185.207      28446  1028.9323  1028.9313    34.6329    34.6316    7.77694         27 0.0000e+00
    253.000    250.359     1.2478  29.948851     1.2491  29.948786     4.4113     4.3911    -0.0049    97.0034 1.0000e-12  -65.47880  -66.14914 331.481092      58.46 1.9392e+02   1189.350      28545  1028.9283  1028.9269    34.6341    34.6326    7.77642         29 0.0000e+00
    252.000    249.369     1.2447  29.944595     1.2444  29.943256     4.4109     4.3920    -0.0076    97.0181 1.0000e-12  -65.47880  -66.14914 331.481114      59.34 1.9392e+02   1191.216      28590  1028.9228  1028.9218    34.6327    34.6314    7.77711         34 0.0000e+00
    251.000    248.380     1.2403  29.939439     1.2404  29.938630     4.4235     4.4005    -0.0073    97.0078 1.0000e-12  -65.47880  -66.14918 331.481282      60.07 1.9373e+02   1205.773      28940  1028.9174  1028.9165    34.6316    34.6305    7.77805         38 0.0000e+00
    250.000    247.391     1.2337  29.931692     1.2338  29.931102     4.4386     4.4147    -0.0077    97.0098 1.0000e-12  -65.47881  -66.14925 331.481612      59.91 2.0203e+02   1234.265      29623  1028.9115  1028.9108    34.6295    34.6287    7.77946         25 0.0000e+00
    249.000    246.402     1.2308  29.928149     1.2317  29.928309     4.4408     4.4161    -0.0077    97.0086 1.0000e-12  -65.47882  -66.14928 331.481763      60.41 2.0792e+02   1247.363      29938  1028.9064  1028.9057    34.6288    34.6280    7.78008         18 0.0000e+00
