NBP2113_155081_ctd/data/unbp2113_027.cnv
* Sea-Bird SBE 9 Data File:
* FileName = D:\Data\raw\NBP2113_027.hex
* Software Version Seasave V 7.26.7.121
* Temperature SN = 2438
* Conductivity SN = 2067
* Number of Bytes Per Scan = 40
* Number of Voltage Words = 5
* Number of Scans Averaged by the Deck Unit = 1
* NMEA Latitude = 68 01.82 S
* NMEA Longitude = 069 17.07 W
* NMEA UTC (Time) = Dec 04 2021  08:59:20
* NMEA baud rate = 9600
** Ship: RVIB N.B. Palmer
** Cruise: NBP2113 LTER
** Station: 200.-040
** Operator: B. Urmston
# nquan = 25
# nvalues = 428                         
# units = specified
# name 0 = prDM: Pressure, Digiquartz [db]
# name 1 = depSM: Depth [salt water, m]
# name 2 = t090C: Temperature [ITS-90, deg C]
# name 3 = c0mS/cm: Conductivity [mS/cm]
# name 4 = t190C: Temperature, 2 [ITS-90, deg C]
# name 5 = c1mS/cm: Conductivity, 2 [mS/cm]
# name 6 = sbeox0ML/L: Oxygen, SBE 43 [ml/l]
# name 7 = sbeox1ML/L: Oxygen, SBE 43, 2 [ml/l]
# name 8 = flECO-AFL: Fluorescence, WET Labs ECO-AFL/FL [mg/m^3]
# name 9 = CStarTr0: Beam Transmission, WET Labs C-Star [%]
# name 10 = par: PAR/Irradiance, Biospherical/Licor
# name 11 = latitude: Latitude [deg]
# name 12 = longitude: Longitude [deg]
# name 13 = timeJ: Julian Days
# name 14 = altM: Altimeter [m]
# name 15 = spar: SPAR, Biospherical/Licor
# name 16 = timeS: Time, Elapsed [seconds]
# name 17 = scan: Scan Count
# name 18 = density00: Density [density, kg/m^3]
# name 19 = density11: Density, 2 [density, kg/m^3]
# name 20 = sal00: Salinity, Practical [PSU]
# name 21 = sal11: Salinity, Practical, 2 [PSU]
# name 22 = oxsolML/L: Oxygen Saturation, Garcia & Gordon [ml/l]
# name 23 = nbin: number of scans per bin
# name 24 = flag: flag
# span 0 =      1.000,    428.000       
# span 1 =      0.990,    423.281       
# span 2 =    -1.1606,     1.3679       
# span 3 =  27.229793,  30.160630       
# span 4 =    -1.1648,     1.3680       
# span 5 =  27.229728,  30.159345       
# span 6 =     4.0084,     9.6185       
# span 7 =     4.0664,    10.1505       
# span 8 =    -0.0179,     2.2650       
# span 9 =    88.6782,    96.6807       
# span 10 = 1.0000e-12, 1.3894e+02      
# span 11 =  -68.03038,  -68.03008      
# span 12 =  -69.28466,  -69.28437      
# span 13 = 338.385657, 338.398510      
# span 14 =       3.59,     100.27      
# span 15 = 1.3917e+02, 1.4457e+02      
# span 16 =    960.772,   2071.290      
# span 17 =      23060,      49712      
# span 18 =  1027.1866,  1029.7734      
# span 19 =  1027.1855,  1029.7726      
# span 20 =    33.8056,    34.6755      
# span 21 =    33.8041,    34.6743      
# span 22 =    7.75048,    8.32648      
# span 23 =         17,         47      
# span 24 = 0.0000e+00, 0.0000e+00      
# interval = decibars: 1                
# start_time = Dec 04 2021 08:59:20 [NMEA time, header]
# bad_flag = -9.990e-29
*END*
    428.000    423.281     1.3639  30.160630     1.3634  30.159345     4.0196     4.0746    -0.0007    96.5931 1.0000e-12  -68.03012  -69.28440 338.385657      11.40 1.3917e+02    960.772      23060  1029.7734  1029.7726    34.6752    34.6741    7.75128         43 0.0000e+00
    427.000    422.292     1.3635  30.160015     1.3633  30.158901     4.0161     4.0716    -0.0043    96.5983 1.0000e-12  -68.03014  -69.28440 338.385887      12.99 1.3927e+02    980.620      23536  1029.7689  1029.7680    34.6754    34.6741    7.75134         35 0.0000e+00
    426.000    421.303     1.3626  30.158844     1.3624  30.157729     4.0181     4.0703    -0.0054    96.5705 1.0000e-12  -68.03014  -69.28440 338.385896      13.77 1.3927e+02    981.405      23555  1029.7644  1029.7634    34.6754    34.6743    7.75151         31 0.0000e+00
    425.000    420.314     1.3609  30.156877     1.3613  30.156325     4.0209     4.0705    -0.0179    96.5718 1.0000e-12  -68.03013  -69.28440 338.385917      15.01 1.3927e+02    983.224      23598  1029.7598  1029.7589    34.6754    34.6743    7.75185         30 0.0000e+00
    424.000    419.327     1.3613  30.156789     1.3613  30.155834     4.0226     4.0719    -0.0106    96.5774 1.0000e-12  -68.03014  -69.28440 338.385955      16.12 1.3927e+02    986.502      23677  1029.7552  1029.7542    34.6755    34.6742    7.75178         39 0.0000e+00
    423.000    418.340     1.3604  30.155585     1.3604  30.154624     4.0296     4.0734     0.0006    96.5836 1.0000e-12  -68.03014  -69.28440 338.385981      17.22 1.3927e+02    988.797      23732  1029.7505  1029.7495    34.6754    34.6742    7.75194         40 0.0000e+00
    422.000    417.351     1.3603  30.155026     1.3602  30.153935     4.0208     4.0695    -0.0116    96.5648 1.0000e-12  -68.03014  -69.28440 338.386007      18.43 1.3927e+02    991.011      23785  1029.7458  1029.7448    34.6754    34.6742    7.75197         36 0.0000e+00
    421.000    416.365     1.3601  30.154359     1.3600  30.153313     4.0113     4.0664    -0.0120    96.5775 1.0000e-12  -68.03014  -69.28440 338.386027      19.32 1.3927e+02    992.745      23827  1029.7411  1029.7402    34.6754    34.6742    7.75201         32 0.0000e+00
    420.000    415.376     1.3600  30.153734     1.3598  30.152656     4.0177     4.0738    -0.0005    96.5955 1.0000e-12  -68.03014  -69.28440 338.386044      20.49 1.3927e+02    994.218      23862  1029.7363  1029.7354    34.6752    34.6741    7.75204         39 0.0000e+00
    419.000    414.388     1.3600  30.153279     1.3598  30.152102     4.0236     4.0734    -0.0078    96.5966 1.0000e-12  -68.03014  -69.28441 338.386064      21.45 1.3961e+02    995.895      23902  1029.7316  1029.7307    34.6753    34.6740    7.75204         34 0.0000e+00
    418.000    413.400     1.3600  30.152761     1.3598  30.151621     4.0236     4.0719    -0.0005    96.5966 1.0000e-12  -68.03014  -69.28440 338.386081      22.36 1.4050e+02    997.426      23939  1029.7269  1029.7260    34.6752    34.6740    7.75205         33 0.0000e+00
    417.000    412.412     1.3598  30.152164     1.3595  30.150925     4.0240     4.0730    -0.0066    96.5966 1.0000e-12  -68.03014  -69.28440 338.386097      23.43 1.4097e+02    998.812      23972  1029.7222  1029.7213    34.6752    34.6740    7.75208         35 0.0000e+00
    416.000    411.424     1.3599  30.151730     1.3595  30.150463     4.0211     4.0691    -0.0033    96.5821 1.0000e-12  -68.03015  -69.28440 338.386134      24.59 1.4033e+02   1001.955      24048  1029.7175  1029.7166    34.6752    34.6739    7.75207         36 0.0000e+00
    415.000    410.436     1.3597  30.151099     1.3596  30.150101     4.0229     4.0697    -0.0042    96.5786 1.0000e-12  -68.03016  -69.28440 338.386174      25.58 1.4104e+02   1005.390      24130  1029.7127  1029.7119    34.6751    34.6740    7.75210         40 0.0000e+00
    414.000    409.448     1.3591  30.149857     1.3588  30.148744     4.0088     4.0773    -0.0056    96.5848 1.0000e-12  -68.03016  -69.28441 338.386190      26.63 1.4103e+02   1006.795      24164  1029.7080  1029.7071    34.6748    34.6737    7.75225         28 0.0000e+00
    413.000    408.460     1.3590  30.149087     1.3586  30.147904     4.0084     4.0762    -0.0056    96.6130 1.0000e-12  -68.03016  -69.28442 338.386201      27.25 1.4103e+02   1007.808      24188  1029.7030  1029.7021    34.6745    34.6734    7.75228         21 0.0000e+00
    412.000    407.473     1.3612  30.150680     1.3610  30.149762     4.0151     4.0747     0.0008    96.6197 1.0000e-12  -68.03016  -69.28442 338.386211      28.42 1.4103e+02   1008.625      24208  1029.6982  1029.6974    34.6746    34.6737    7.75183         19 0.0000e+00
    411.000    406.482     1.3641  30.152939     1.3639  30.151866     4.0241     4.0729    -0.0049    96.6223 1.0000e-12  -68.03016  -69.28442 338.386220      29.60 1.4103e+02   1009.396      24226  1029.6934  1029.6925    34.6749    34.6737    7.75125         19 0.0000e+00
    410.000    405.496     1.3636  30.151939     1.3626  30.150221     4.0254     4.0713    -0.0141    96.6046 1.0000e-12  -68.03016  -69.28442 338.386230      31.06 1.4103e+02   1010.292      24248  1029.6887  1029.6879    34.6748    34.6737    7.75136         24 0.0000e+00
    409.000    404.508     1.3615  30.149552     1.3611  30.148365     4.0209     4.0728    -0.0126    96.6058 1.0000e-12  -68.03016  -69.28441 338.386281      31.95 1.4103e+02   1014.641      24352  1029.6841  1029.6833    34.6746    34.6736    7.75178         42 0.0000e+00
    408.000    403.519     1.3614  30.149014     1.3615  30.148304     4.0318     4.0747    -0.0034    96.6147 1.0000e-12  -68.03016  -69.28441 338.386318      33.30 1.4103e+02   1017.882      24430  1029.6795  1029.6786    34.6746    34.6736    7.75180         40 0.0000e+00
    407.000    402.532     1.3623  30.149458     1.3623  30.148600     4.0192     4.0756    -0.0012    96.6226 1.0000e-12  -68.03016  -69.28442 338.386336      34.60 1.4103e+02   1019.412      24467  1029.6748  1029.6738    34.6747    34.6736    7.75161         33 0.0000e+00
    406.000    401.545     1.3627  30.149190     1.3629  30.148461     4.0109     4.0742    -0.0048    96.6111 1.0000e-12  -68.03016  -69.28444 338.386349      35.38 1.4103e+02   1020.574      24495  1029.6699  1029.6690    34.6745    34.6734    7.75155         25 0.0000e+00
    405.000    400.555     1.3632  30.149311     1.3629  30.148030     4.0112     4.0735    -0.0109    96.6211 1.0000e-12  -68.03016  -69.28444 338.386361      35.65 1.4103e+02   1021.579      24519  1029.6652  1029.6643    34.6747    34.6734    7.75143         24 0.0000e+00
    404.000    399.566     1.3664  30.151876     1.3660  30.150611     4.0107     4.0726    -0.0076    96.6215 1.0000e-12  -68.03016  -69.28444 338.386374      36.83 1.4103e+02   1022.683      24545  1029.6605  1029.6596    34.6750    34.6739    7.75079         30 0.0000e+00
    403.000    398.576     1.3656  30.150638     1.3659  30.149945     4.0195     4.0748    -0.0043    96.6128 1.0000e-12  -68.03017  -69.28445 338.386534      38.83 1.4103e+02   1036.553      24878  1029.6559  1029.6549    34.6749    34.6737    7.75096         35 0.0000e+00
    402.000    397.594     1.3643  30.148994     1.3642  30.147966     4.0273     4.0708    -0.0050    96.6262 1.0000e-12  -68.03018  -69.28446 338.386690      40.51 1.4239e+02   1050.033      25202  1029.6513  1029.6503    34.6748    34.6737    7.75122         30 0.0000e+00
    401.000    396.603     1.3643  30.148581     1.3640  30.147434     4.0213     4.0709    -0.0026    96.6223 1.0000e-12  -68.03018  -69.28446 338.386725      41.43 1.4279e+02   1053.005      25273  1029.6466  1029.6457    34.6749    34.6737    7.75121         36 0.0000e+00
    400.000    395.615     1.3644  30.148218     1.3643  30.147135     4.0243     4.0704    -0.0016    96.6232 1.0000e-12  -68.03018  -69.28446 338.386740      42.68 1.4279e+02   1054.373      25306  1029.6419  1029.6409    34.6749    34.6737    7.75119         31 0.0000e+00
    399.000    394.626     1.3639  30.147334     1.3637  30.146220     4.0215     4.0690     0.0007    96.6323 1.0000e-12  -68.03018  -69.28448 338.386759      43.64 1.4279e+02   1055.987      25345  1029.6373  1029.6363    34.6749    34.6736    7.75129         39 0.0000e+00
    398.000    393.638     1.3636  30.146649     1.3636  30.145706     4.0193     4.0702    -0.0034    96.6192 1.0000e-12  -68.03018  -69.28448 338.386798      44.93 1.4279e+02   1059.338      25425  1029.6326  1029.6316    34.6749    34.6737    7.75134         35 0.0000e+00
    397.000    392.650     1.3630  30.145551     1.3634  30.144994     4.0206     4.0686    -0.0019    96.6225 1.0000e-12  -68.03018  -69.28448 338.386823      46.05 1.4279e+02   1061.476      25476  1029.6279  1029.6269    34.6747    34.6736    7.75147         42 0.0000e+00
    396.000    391.662     1.3631  30.145108     1.3629  30.143960     4.0217     4.0715    -0.0085    96.6358 1.0000e-12  -68.03018  -69.28448 338.386848      46.99 1.4279e+02   1063.639      25528  1029.6231  1029.6222    34.6746    34.6734    7.75146         42 0.0000e+00
    395.000    390.675     1.3631  30.144740     1.3629  30.143610     4.0202     4.0735    -0.0060    96.6311 1.0000e-12  -68.03018  -69.28449 338.386868      48.34 1.4279e+02   1065.431      25571  1029.6184  1029.6175    34.6747    34.6735    7.75145         36 0.0000e+00
    394.000    389.686     1.3633  30.144471     1.3630  30.143258     4.0222     4.0745    -0.0079    96.6209 1.0000e-12  -68.03018  -69.28450 338.386897      49.14 1.4279e+02   1067.860      25630  1029.6137  1029.6128    34.6747    34.6736    7.75141         39 0.0000e+00
    393.000    388.699     1.3637  30.144193     1.3638  30.143402     4.0188     4.0715    -0.0001    96.6172 1.0000e-12  -68.03019  -69.28450 338.386923      50.24 1.4279e+02   1070.109      25684  1029.6088  1029.6079    34.6745    34.6734    7.75135         35 0.0000e+00
    392.000    387.709     1.3605  30.140336     1.3598  30.138697     4.0179     4.0725    -0.0053    96.6460 1.0000e-12  -68.03020  -69.28450 338.386940      51.39 1.4279e+02   1071.646      25720  1029.6039  1029.6030    34.6737    34.6724    7.75202         39 0.0000e+00
    391.000    386.724     1.3611  30.140747     1.3578  30.136226     4.0235     4.0726    -0.0089    96.6618 1.0000e-12  -68.03020  -69.28450 338.386964      52.66 1.4279e+02   1073.706      25770  1029.5994  1029.5982    34.6741    34.6721    7.75188         41 0.0000e+00
    390.000    385.736     1.3607  30.139646     1.3594  30.137432     4.0270     4.0742    -0.0081    96.6394 1.0000e-12  -68.03020  -69.28450 338.387000      53.69 1.4279e+02   1076.836      25845  1029.5945  1029.5935    34.6738    34.6724    7.75198         36 0.0000e+00
    389.000    384.746     1.3610  30.139372     1.3604  30.137749     4.0177     4.0740    -0.0104    96.6566 1.0000e-12  -68.03020  -69.28452 338.387029      54.90 1.4279e+02   1079.276      25904  1029.5896  1029.5886    34.6736    34.6722    7.75192         38 0.0000e+00
    388.000    383.757     1.3634  30.141232     1.3627  30.139588     4.0218     4.0747    -0.0021    96.6565 1.0000e-12  -68.03020  -69.28452 338.387048      55.69 1.4279e+02   1080.943      25944  1029.5849  1029.5840    34.6739    34.6726    7.75144         40 0.0000e+00
    387.000    382.770     1.3633  30.140563     1.3629  30.139382     4.0237     4.0738    -0.0117    96.6807 1.0000e-12  -68.03020  -69.28453 338.387075      56.84 1.4279e+02   1083.284      26000  1029.5801  1029.5793    34.6737    34.6727    7.75146         47 0.0000e+00
    386.000    381.784     1.3638  30.140456     1.3634  30.139140     4.0197     4.0735    -0.0082    96.6540 1.0000e-12  -68.03020  -69.28454 338.387106      57.98 1.4279e+02   1085.927      26063  1029.5753  1029.5744    34.6737    34.6724    7.75137         33 0.0000e+00
    385.000    380.794     1.3637  30.140015     1.3630  30.138430     4.0216     4.0755    -0.0059    96.6608 1.0000e-12  -68.03022  -69.28454 338.387163      58.87 1.4279e+02   1090.927      26183  1029.5708  1029.5699    34.6738    34.6726    7.75139         38 0.0000e+00
    384.000    379.805     1.3646  30.140361     1.3635  30.138401     4.0244     4.0736    -0.0006    96.6419 1.0000e-12  -68.03022  -69.28456 338.387194      60.05 1.4279e+02   1093.555      26246  1029.5660  1029.5651    34.6738    34.6725    7.75121         33 0.0000e+00
    383.000    378.819     1.3640  30.139661     1.3633  30.137951     4.0295     4.0727    -0.0011    96.6637 1.0000e-12  -68.03028  -69.28459 338.387953      62.84 1.4452e+02   1159.130      27820  1029.5617  1029.5606    34.6741    34.6727    7.75130         33 0.0000e+00
    382.000    377.828     1.3653  30.140583     1.3654  30.139882     4.0215     4.0703     0.0075    96.6603 1.0000e-12  -68.03030  -69.28456 338.388240      63.84 1.4456e+02   1183.923      28415  1029.5571  1029.5563    34.6744    34.6735    7.75103         40 0.0000e+00
    381.000    376.839     1.3652  30.139988     1.3650  30.138849     4.0191     4.0709     0.0004    96.6668 1.0000e-12  -68.03031  -69.28456 338.388280      65.19 1.4456e+02   1187.423      28499  1029.5524  1029.5515    34.6744    34.6732    7.75106         29 0.0000e+00
    380.000    375.853     1.3649  30.139242     1.3641  30.137667     4.0145     4.0726    -0.0068    96.6776 1.0000e-12  -68.03032  -69.28456 338.388311      66.11 1.4456e+02   1190.079      28563  1029.5477  1029.5468    34.6744    34.6732    7.75113         29 0.0000e+00
    379.000    374.864     1.3637  30.137748     1.3642  30.137336     4.0304     4.0731    -0.0062    96.6638 1.0000e-12  -68.03032  -69.28456 338.388324      66.93 1.4456e+02   1191.172      28589  1029.5431  1029.5423    34.6743    34.6733    7.75135         24 0.0000e+00
    378.000    373.876     1.3671  30.140737     1.3672  30.139902     4.0262     4.0713     0.0051    96.6678 1.0000e-12  -68.03032  -69.28458 338.388337      67.62 1.4456e+02   1192.337      28617  1029.5386  1029.5377    34.6750    34.6738    7.75065         30 0.0000e+00
    377.000    372.889     1.3667  30.139823     1.3673  30.139600     4.0113     4.0688    -0.0066    96.6595 1.0000e-12  -68.03032  -69.28458 338.388354      69.13 1.4456e+02   1193.746      28651  1029.5339  1029.5330    34.6748    34.6739    7.75074         36 0.0000e+00
    376.000    371.899     1.3679  30.140710     1.3680  30.139937     4.0157     4.0705    -0.0064    96.6764 1.0000e-12  -68.03032  -69.28458 338.388371      70.45 1.4456e+02   1195.233      28687  1029.5293  1029.5284    34.6752    34.6741    7.75048         35 0.0000e+00
    375.000    370.911     1.3667  30.138980     1.3666  30.137825     4.0189     4.0735    -0.0030    96.6748 1.0000e-12  -68.03032  -69.28458 338.388386      71.04 1.4456e+02   1196.542      28718  1029.5245  1029.5235    34.6749    34.6736    7.75073         28 0.0000e+00
    374.000    369.925     1.3650  30.136876     1.3639  30.134847     4.0196     4.0745    -0.0059    96.6359 1.0000e-12  -68.03032  -69.28458 338.388399      71.70 1.4456e+02   1197.690      28746  1029.5199  1029.5189    34.6747    34.6733    7.75108         27 0.0000e+00
    373.000    368.934     1.3632  30.134651     1.3626  30.133101     4.0256     4.0711    -0.0099    96.6699 1.0000e-12  -68.03032  -69.28458 338.388413      72.61 1.4456e+02   1198.913      28775  1029.5151  1029.5142    34.6744    34.6732    7.75145         33 0.0000e+00
    372.000    367.947     1.3643  30.135230     1.3643  30.134362     4.0211     4.0722    -0.0093    96.6722 1.0000e-12  -68.03032  -69.28458 338.388433      74.37 1.4456e+02   1200.584      28815  1029.5105  1029.5095    34.6746    34.6734    7.75124         44 0.0000e+00
