NBP2113_155081_ctd/data/unbp2113_047.cnv
* Sea-Bird SBE 9 Data File:
* FileName = D:\Data\raw\NBP2113_047.hex
* Software Version Seasave V 7.26.7.121
* Temperature SN = 2438
* Conductivity SN = 2067
* Number of Bytes Per Scan = 40
* Number of Voltage Words = 5
* Number of Scans Averaged by the Deck Unit = 1
* NMEA Latitude = 64 51.26 S
* NMEA Longitude = 063 55.07 W
* NMEA UTC (Time) = Dec 11 2021  06:38:06
* NMEA baud rate = 9600
** Ship: RVIB N.B. Palmer
** Cruise: NBP2113 LTER
** Station: 622.029
** Operator: B. Urmston
# nquan = 25
# nvalues = 398                         
# units = specified
# name 0 = prDM: Pressure, Digiquartz [db]
# name 1 = depSM: Depth [salt water, m]
# name 2 = t090C: Temperature [ITS-90, deg C]
# name 3 = c0mS/cm: Conductivity [mS/cm]
# name 4 = t190C: Temperature, 2 [ITS-90, deg C]
# name 5 = c1mS/cm: Conductivity, 2 [mS/cm]
# name 6 = sbeox0ML/L: Oxygen, SBE 43 [ml/l]
# name 7 = sbeox1ML/L: Oxygen, SBE 43, 2 [ml/l]
# name 8 = flECO-AFL: Fluorescence, WET Labs ECO-AFL/FL [mg/m^3]
# name 9 = CStarTr0: Beam Transmission, WET Labs C-Star [%]
# name 10 = par: PAR/Irradiance, Biospherical/Licor
# name 11 = latitude: Latitude [deg]
# name 12 = longitude: Longitude [deg]
# name 13 = timeJ: Julian Days
# name 14 = altM: Altimeter [m]
# name 15 = spar: SPAR, Biospherical/Licor
# name 16 = timeS: Time, Elapsed [seconds]
# name 17 = scan: Scan Count
# name 18 = density00: Density [density, kg/m^3]
# name 19 = density11: Density, 2 [density, kg/m^3]
# name 20 = sal00: Salinity, Practical [PSU]
# name 21 = sal11: Salinity, Practical, 2 [PSU]
# name 22 = oxsolML/L: Oxygen Saturation, Garcia & Gordon [ml/l]
# name 23 = nbin: number of scans per bin
# name 24 = flag: flag
# span 0 =      1.000,    398.000       
# span 1 =      0.990,    393.723       
# span 2 =    -0.3214,     1.2991       
# span 3 =  27.879018,  30.061578       
# span 4 =    -0.3228,     1.2988       
# span 5 =  27.875411,  30.060175       
# span 6 =     4.2954,     9.8897       
# span 7 =     4.3552,     9.8871       
# span 8 =    -0.0154,     1.7769       
# span 9 =    85.4527,    91.4664       
# span 10 = 1.0000e-12, 1.8963e+01      
# span 11 =  -64.85496,  -64.85442      
# span 12 =  -63.91856,  -63.91774      
# span 13 = 345.287393, 345.298250      
# span 14 =      -0.08,      99.97      
# span 15 = 7.0515e+00, 1.0577e+01      
# span 16 =    944.755,   1882.797      
# span 17 =      22675,      45188      
# span 18 =  1027.1750,  1029.6087      
# span 19 =  1027.1731,  1029.6075      
# span 20 =    33.8162,    34.6384      
# span 21 =    33.8130,    34.6370      
# span 22 =    7.76604,    8.14521      
# span 23 =         16,         46      
# span 24 = 0.0000e+00, 0.0000e+00      
# interval = decibars: 1                
# start_time = Dec 11 2021 06:38:06 [NMEA time, header]
# bad_flag = -9.990e-29
*END*
[from data line 116]
    282.000    279.048     1.2253  29.932820     1.2251  29.931580     4.3778     4.4455    -0.0004    91.3093 1.0000e-12  -64.85474  -63.91828 345.290002      99.97 7.0515e+00   1170.161      28085  1029.0564  1029.0552    34.6217    34.6202    7.78156         21 0.0000e+00
    281.000    278.058     1.2253  29.932416     1.2250  29.930994     4.3867     4.4485    -0.0145    91.3127 1.0000e-12  -64.85474  -63.91828 345.290013      99.97 7.0515e+00   1171.109      28108  1029.0517  1029.0506    34.6217    34.6202    7.78155         25 0.0000e+00
    280.000    277.070     1.2252  29.931833     1.2248  29.930292     4.3902     4.4507    -0.0082    91.3170 1.0000e-12  -64.85474  -63.91826 345.290027      99.97 7.0515e+00   1172.335      28137  1029.0470  1029.0458    34.6217    34.6201    7.78158         36 0.0000e+00
    279.000    276.082     1.2248  29.931025     1.2248  29.929909     4.3924     4.4540    -0.0077    91.3173 1.0000e-12  -64.85474  -63.91825 345.290048      99.97 7.0515e+00   1174.129      28180  1029.0423  1029.0412    34.6216    34.6202    7.78166         43 0.0000e+00
    278.000    275.093     1.2241  29.929831     1.2242  29.928822     4.3950     4.4519    -0.0142    91.3179 1.0000e-12  -64.85474  -63.91824 345.290066      99.97 7.0515e+00   1175.679      28217  1029.0375  1029.0364    34.6214    34.6201    7.78180         30 0.0000e+00
    277.000    274.104     1.2236  29.928824     1.2230  29.927021     4.3943     4.4513    -0.0068    91.3179 1.0000e-12  -64.85474  -63.91824 345.290079      99.97 7.0515e+00   1176.795      28244  1029.0327  1029.0315    34.6213    34.6197    7.78191         25 0.0000e+00
    276.000    273.116     1.2222  29.927082     1.2191  29.922695     4.4005     4.4554    -0.0021    91.3179 1.0000e-12  -64.85474  -63.91824 345.290091      99.97 7.0515e+00   1177.869      28270  1029.0281  1029.0267    34.6212    34.6190    7.78219         27 0.0000e+00
    275.000    272.124     1.2210  29.925360     1.2174  29.920441     4.3991     4.4565    -0.0137    91.3286 1.0000e-12  -64.85474  -63.91824 345.290104      99.97 7.0515e+00   1179.019      28297  1029.0232  1029.0217    34.6209    34.6186    7.78245         28 0.0000e+00
    274.000    271.136     1.2182  29.921984     1.2169  29.919416     4.3972     4.4543    -0.0076    91.3439 1.0000e-12  -64.85474  -63.91824 345.290118      99.97 7.0515e+00   1180.204      28326  1029.0183  1029.0170    34.6202    34.6184    7.78303         28 0.0000e+00
    273.000    270.150     1.2168  29.919988     1.2163  29.918266     4.3954     4.4592    -0.0099    91.3437 1.0000e-12  -64.85474  -63.91822 345.290131      99.97 7.0515e+00   1181.336      28353  1029.0134  1029.0121    34.6198    34.6182    7.78334         27 0.0000e+00
    272.000    269.159     1.2172  29.920022     1.2153  29.916983     4.3990     4.4602    -0.0123    91.3437 1.0000e-12  -64.85474  -63.91822 345.290145      99.97 7.0515e+00   1182.491      28381  1029.0088  1029.0076    34.6200    34.6183    7.78325         30 0.0000e+00
    271.000    268.171     1.2129  29.915292     1.2135  29.914590     4.4156     4.4640    -0.0117    91.3655 1.0000e-12  -64.85473  -63.91822 345.290164      99.97 7.0515e+00   1184.127      28420  1029.0039  1029.0026    34.6193    34.6178    7.78414         42 0.0000e+00
    270.000    267.180     1.2041  29.905631     1.2093  29.909926     4.4155     4.4774    -0.0076    91.3956 1.0000e-12  -64.85472  -63.91822 345.290185      99.97 7.0515e+00   1185.961      28464  1028.9984  1028.9977    34.6172    34.6170    7.78600         34 0.0000e+00
    269.000    266.193     1.2004  29.900499     1.2019  29.901812     4.4160     4.5019    -0.0077    91.3943 1.0000e-12  -64.85472  -63.91820 345.290200      99.97 7.0515e+00   1187.249      28495  1028.9924  1028.9923    34.6153    34.6153    7.78683         28 0.0000e+00
    268.000    265.204     1.2006  29.901494     1.1726  29.870957     4.4275     4.4927    -0.0086    91.4108 1.0000e-12  -64.85472  -63.91820 345.290215      99.97 7.0515e+00   1188.562      28526  1028.9890  1028.9853    34.6170    34.6089    7.78671         38 0.0000e+00
    267.000    264.216     1.1726  29.871260     1.1826  29.880358     4.4725     4.5041    -0.0149    91.4192 1.0000e-12  -64.85472  -63.91820 345.290252      99.97 7.0515e+00   1191.745      28603  1028.9812  1028.9804    34.6098    34.6104    7.79267         32 0.0000e+00
    266.000    263.224     1.1578  29.854313     1.1689  29.865795     4.4773     4.5201    -0.0150    91.4335 1.0000e-12  -64.85472  -63.91820 345.290277      99.97 7.0515e+00   1193.918      28655  1028.9739  1028.9748    34.6051    34.6075    7.79587         29 0.0000e+00
    265.000    262.237     1.1529  29.850108     1.1553  29.851894     4.4755     4.5257    -0.0144    91.4476 1.0000e-12  -64.85472  -63.91820 345.290292      99.97 7.0515e+00   1195.195      28686  1028.9699  1028.9695    34.6056    34.6053    7.79680         33 0.0000e+00
    264.000    261.246     1.1468  29.841425     1.1633  29.861226     4.4906     4.5348    -0.0072    91.4091 1.0000e-12  -64.85472  -63.91817 345.290336      99.97 7.0515e+00   1199.014      28777  1028.9627  1028.9667    34.6019    34.6089    7.79824         44 0.0000e+00
    263.000    260.259     1.1241  29.817696     1.1479  29.842242     4.4926     4.5515    -0.0077    91.4118 1.0000e-12  -64.85472  -63.91818 345.290369      99.97 7.0515e+00   1201.870      28846  1028.9561  1028.9580    34.5971    34.6022    7.80301         34 0.0000e+00
    262.000    259.270     1.1261  29.820499     1.1241  29.818095     4.4937     4.5574    -0.0097    91.4664 1.0000e-12  -64.85471  -63.91816 345.290499      99.97 7.0515e+00   1213.119      29116  1028.9522  1028.9518    34.5991    34.5982    7.80250         33 0.0000e+00
    261.000    258.282     1.1182  29.811733     1.1175  29.809779     4.5094     4.5669    -0.0150    91.4469 1.0000e-12  -64.85466  -63.91810 345.290820      99.97 7.0515e+00   1240.859      29782  1028.9464  1028.9450    34.5972    34.5954    7.80419         16 0.0000e+00
    260.000    257.292     1.1206  29.813434     1.1213  29.813036     4.5102     4.5682    -0.0112    91.4480 1.0000e-12  -64.85466  -63.91810 345.290831      99.97 7.0515e+00   1241.823      29805  1028.9415  1028.9403    34.5973    34.5960    7.80370         19 0.0000e+00
    259.000    256.302     1.1216  29.814445     1.1206  29.812478     4.5105     4.5657    -0.0058    91.4479 1.0000e-12  -64.85466  -63.91809 345.290841      99.97 7.0515e+00   1242.666      29825  1028.9372  1028.9362    34.5980    34.5966    7.80345         22 0.0000e+00
    258.000    255.314     1.1211  29.813429     1.1193  29.810203     4.5065     4.5672    -0.0036    91.4561 1.0000e-12  -64.85466  -63.91808 345.290855      99.97 7.0515e+00   1243.874      29854  1028.9324  1028.9308    34.5978    34.5957    7.80356         37 0.0000e+00
    257.000    254.324     1.1207  29.812495     1.1214  29.812150     4.5066     4.5767    -0.0007    91.4347 1.0000e-12  -64.85466  -63.91806 345.290875      99.97 7.0515e+00   1245.620      29896  1028.9276  1028.9265    34.5977    34.5965    7.80365         35 0.0000e+00
    256.000    253.336     1.1184  29.809999     1.1198  29.810118     4.5344     4.5844    -0.0153    91.4469 1.0000e-12  -64.85464  -63.91806 345.290895      99.97 7.0515e+00   1247.328      29937  1028.9231  1028.9218    34.5977    34.5962    7.80412         37 0.0000e+00
    255.000    252.348     1.1015  29.791713     1.1033  29.792474     4.5551     4.6246    -0.0038    91.4524 1.0000e-12  -64.85464  -63.91806 345.290912      99.97 7.0515e+00   1248.755      29971  1028.9167  1028.9156    34.5935    34.5924    7.80772         28 0.0000e+00
    254.000    251.359     1.0986  29.788344     1.0912  29.780166     4.5825     4.6655    -0.0067    91.4656 1.0000e-12  -64.85464  -63.91806 345.290926      99.97 7.0515e+00   1250.024      30002  1028.9117  1028.9107    34.5929    34.5906    7.80832         30 0.0000e+00
    253.000    250.369     1.0885  29.777932     1.0460  29.732853     4.6369     4.6985    -0.0010    91.4516 1.0000e-12  -64.85464  -63.91806 345.290940      99.97 7.0515e+00   1251.197      30030  1028.9066  1028.9020    34.5913    34.5805    7.81043         27 0.0000e+00
    252.000    249.380     1.0572  29.745824     1.0205  29.704783     4.6754     4.7159    -0.0077    91.4529 1.0000e-12  -64.85464  -63.91806 345.290952      99.97 7.0515e+00   1252.289      30056  1028.9000  1028.8937    34.5853    34.5731    7.81701         25 0.0000e+00
    251.000    248.393     1.0276  29.711194     0.9943  29.675908     4.7170     4.7369    -0.0077    91.4360 1.0000e-12  -64.85464  -63.91806 345.290964      99.97 7.0515e+00   1253.280      30080  1028.8892  1028.8854    34.5741    34.5656    7.82353         22 0.0000e+00
    250.000    247.402     1.0036  29.689030     0.9898  29.670427     4.7161     4.7363    -0.0077    91.4207 1.0000e-12  -64.85464  -63.91806 345.290974      99.97 7.0515e+00   1254.177      30101  1028.8855  1028.8795    34.5728    34.5641    7.82842         21 0.0000e+00
    249.000    246.412     0.9865  29.666778     0.9751  29.653887     4.6945     4.7280    -0.0122    91.4172 1.0000e-12  -64.85464  -63.91804 345.290984      99.97 7.0515e+00   1255.044      30122  1028.8750  1028.8725    34.5637    34.5597    7.83234         21 0.0000e+00
    248.000    245.424     0.9796  29.659870     0.9742  29.652610     4.6905     4.7249    -0.0114    91.4199 1.0000e-12  -64.85464  -63.91804 345.290996      99.97 7.0515e+00   1256.029      30146  1028.8699  1028.8674    34.5630    34.5596    7.83376         28 0.0000e+00
    247.000    244.435     0.9966  29.676391     0.9866  29.664546     4.6945     4.7342    -0.0046    91.4062 1.0000e-12  -64.85462  -63.91803 345.291014      99.97 7.0515e+00   1257.644      30184  1028.8657  1028.8629    34.5660    34.5619    7.83018         36 0.0000e+00
    246.000    243.447     0.9751  29.654930     0.9831  29.661518     4.7107     4.7503    -0.0063    91.4184 1.0000e-12  -64.85462  -63.91802 345.291041      99.97 7.0515e+00   1259.920      30239  1028.8599  1028.8586    34.5627    34.5624    7.83467         44 0.0000e+00
    245.000    242.457     0.9602  29.637794     0.9765  29.654807     4.7310     4.7811    -0.0004    91.4132 1.0000e-12  -64.85462  -63.91802 345.291059      99.97 7.0515e+00   1261.456      30276  1028.8524  1028.8537    34.5578    34.5616    7.83793         30 0.0000e+00
    244.000    241.468     0.9370  29.612586     0.9330  29.607885     4.7370     4.7886    -0.0045    91.4171 1.0000e-12  -64.85462  -63.91802 345.291073      99.97 7.0515e+00   1262.673      30305  1028.8447  1028.8436    34.5516    34.5499    7.84293         27 0.0000e+00
    243.000    240.478     0.9292  29.602821     0.9242  29.596839     4.7435     4.7921    -0.0039    91.3996 1.0000e-12  -64.85462  -63.91802 345.291085      99.97 7.0515e+00   1263.735      30331  1028.8378  1028.8364    34.5483    34.5460    7.84469         25 0.0000e+00
    242.000    239.491     0.9324  29.606745     0.9230  29.594987     4.7437     4.7960    -0.0004    91.3952 1.0000e-12  -64.85462  -63.91802 345.291097      99.97 7.0515e+00   1264.760      30355  1028.8341  1028.8312    34.5503    34.5456    7.84393         24 0.0000e+00
    241.000    238.500     0.9227  29.595529     0.9213  29.592837     4.7370     4.7903    -0.0034    91.3933 1.0000e-12  -64.85462  -63.91802 345.291109      99.97 7.0515e+00   1265.789      30380  1028.8277  1028.8262    34.5472    34.5453    7.84605         26 0.0000e+00
    240.000    237.512     0.9229  29.595069     0.9204  29.591807     4.7336     4.7912    -0.0038    91.3922 1.0000e-12  -64.85462  -63.91802 345.291123      99.97 7.0515e+00   1267.027      30410  1028.8225  1028.8215    34.5470    34.5455    7.84602         34 0.0000e+00
    239.000    236.522     0.9226  29.594858     0.9273  29.598437     4.7405     4.7876     0.0031    91.3986 1.0000e-12  -64.85462  -63.91801 345.291144      99.97 7.0515e+00   1268.819      30453  1028.8180  1028.8170    34.5477    34.5470    7.84605         35 0.0000e+00
    238.000    235.532     0.9180  29.589425     0.9198  29.590320     4.7378     4.7941    -0.0055    91.3782 1.0000e-12  -64.85461  -63.91799 345.291181      99.97 7.0515e+00   1272.073      30531  1028.8123  1028.8114    34.5463    34.5455    7.84704         21 0.0000e+00
    237.000    234.545     0.9174  29.588152     0.9181  29.587765     4.7295     4.7990    -0.0086    91.4082 1.0000e-12  -64.85460  -63.91800 345.291219      99.97 7.0515e+00   1275.302      30608  1028.8070  1028.8059    34.5459    34.5447    7.84719         38 0.0000e+00
    236.000    233.556     0.9165  29.587380     0.9173  29.587200     4.7441     4.8034    -0.0124    91.3916 1.0000e-12  -64.85460  -63.91800 345.291233      99.97 7.0515e+00   1276.516      30637  1028.8028  1028.8018    34.5466    34.5453    7.84734         28 0.0000e+00
    235.000    232.567     0.9121  29.581942     0.9098  29.578572     4.7532     4.7988    -0.0009    91.3811 1.0000e-12  -64.85460  -63.91800 345.291247      99.97 7.0515e+00   1277.764      30667  1028.7972  1028.7960    34.5450    34.5432    7.84831         32 0.0000e+00
    234.000    231.578     0.9112  29.580817     0.9113  29.579337     4.7444     4.8032    -0.0028    91.3876 1.0000e-12  -64.85460  -63.91798 345.291266      99.97 7.0515e+00   1279.362      30706  1028.7925  1028.7910    34.5451    34.5431    7.84848         36 0.0000e+00
    233.000    230.592     0.9084  29.577286     0.9124  29.580233     4.7479     4.8005     0.0062    91.3961 1.0000e-12  -64.85460  -63.91797 345.291297      99.96 7.0515e+00   1282.036      30770  1028.7873  1028.7864    34.5442    34.5436    7.84909         32 0.0000e+00
    232.000    229.596     0.9050  29.572889     0.9096  29.577012     4.7560     4.8107    -0.0030    91.3919 1.0000e-12  -64.85459  -63.91796 345.291335      99.97 7.0515e+00   1285.378      30850  1028.7817  1028.7815    34.5429    34.5431    7.84985         30 0.0000e+00
    231.000    228.610     0.9042  29.571801     0.9061  29.572931     4.7633     4.8192    -0.0028    91.3839 1.0000e-12  -64.85458  -63.91796 345.291366      99.97 7.0515e+00   1287.995      30913  1028.7770  1028.7763    34.5429    34.5423    7.85000         42 0.0000e+00
    230.000    227.621     0.9021  29.569047     0.9029  29.568784     4.7594     4.8160     0.0080    91.3649 1.0000e-12  -64.85458  -63.91796 345.291385      99.97 7.0515e+00   1289.624      30952  1028.7720  1028.7709    34.5423    34.5411    7.85046         38 0.0000e+00
    229.000    226.633     0.9024  29.569030     0.9030  29.568410     4.7681     4.8199     0.0046    91.3616 1.0000e-12  -64.85458  -63.91796 345.291408      99.97 7.0515e+00   1291.682      31001  1028.7674  1028.7661    34.5426    34.5411    7.85039         40 0.0000e+00
    228.000    225.644     0.8999  29.565638     0.9025  29.567246     4.7638     4.8203     0.0020    91.3593 1.0000e-12  -64.85458  -63.91795 345.291447      99.97 7.0515e+00   1295.035      31082  1028.7620  1028.7612    34.5415    34.5408    7.85094         31 0.0000e+00
    227.000    224.654     0.8971  29.561859     0.8984  29.562154     4.7695     4.8302     0.0025    91.3586 1.0000e-12  -64.85454  -63.91790 345.291724      79.86 7.0515e+00   1318.946      31656  1028.7565  1028.7555    34.5404    34.5393    7.85158         38 0.0000e+00
    226.000    223.665     0.8960  29.560242     0.8967  29.559930     4.7781     4.8423     0.0016    91.3516 1.0000e-12  -64.85452  -63.91786 345.291892      96.53 7.0515e+00   1333.465      32004  1028.7515  1028.7505    34.5401    34.5389    7.85182         33 0.0000e+00
