NBP2113_155081_ctd/data/unbp2113_015.cnv
* Sea-Bird SBE 9 Data File:
* FileName = D:\Data\raw\NBP2113_015.hex
* Software Version Seasave V 7.26.7.121
* Temperature SN = 2438
* Conductivity SN = 2067
* Number of Bytes Per Scan = 40
* Number of Voltage Words = 5
* Number of Scans Averaged by the Deck Unit = 1
* NMEA Latitude = 66 15.27 S
* NMEA Longitude = 067 20.33 W
* NMEA UTC (Time) = Nov 27 2021  19:51:53
* NMEA baud rate = 9600
** Ship: RVIB N.B. Palmer
** Cruise: NBP2113 LTER
** Station: 500.040
** Operator: S. Blackman
# nquan = 25
# nvalues = 200                         
# units = specified
# name 0 = prDM: Pressure, Digiquartz [db]
# name 1 = depSM: Depth [salt water, m]
# name 2 = t090C: Temperature [ITS-90, deg C]
# name 3 = c0mS/cm: Conductivity [mS/cm]
# name 4 = t190C: Temperature, 2 [ITS-90, deg C]
# name 5 = c1mS/cm: Conductivity, 2 [mS/cm]
# name 6 = sbeox0ML/L: Oxygen, SBE 43 [ml/l]
# name 7 = sbeox1ML/L: Oxygen, SBE 43, 2 [ml/l]
# name 8 = flECO-AFL: Fluorescence, WET Labs ECO-AFL/FL [mg/m^3]
# name 9 = CStarTr0: Beam Transmission, WET Labs C-Star [%]
# name 10 = par: PAR/Irradiance, Biospherical/Licor
# name 11 = latitude: Latitude [deg]
# name 12 = longitude: Longitude [deg]
# name 13 = timeJ: Julian Days
# name 14 = altM: Altimeter [m]
# name 15 = spar: SPAR, Biospherical/Licor
# name 16 = timeS: Time, Elapsed [seconds]
# name 17 = scan: Scan Count
# name 18 = density00: Density [density, kg/m^3]
# name 19 = density11: Density, 2 [density, kg/m^3]
# name 20 = sal00: Salinity, Practical [PSU]
# name 21 = sal11: Salinity, Practical, 2 [PSU]
# name 22 = oxsolML/L: Oxygen Saturation, Garcia & Gordon [ml/l]
# name 23 = nbin: number of scans per bin
# name 24 = flag: flag
# span 0 =      1.000,    200.000       
# span 1 =      0.989,    197.927       
# span 2 =    -1.3880,     0.7029       
# span 3 =  27.034923,  29.337773       
# span 4 =    -1.3878,     0.6876       
# span 5 =  27.035969,  29.320270       
# span 6 =     4.8628,     9.0878       
# span 7 =     4.9212,     8.3008       
# span 8 =    -0.0008,     1.5687       
# span 9 =    88.3627,    96.9380       
# span 10 = 1.0000e-12, 4.9987e+02      
# span 11 =  -66.25466,  -66.25444      
# span 12 =  -67.33948,  -67.33831      
# span 13 = 331.835988, 331.845004      
# span 14 =       1.33,     100.02      
# span 15 = 3.4729e+02, 4.0383e+02      
# span 16 =    716.376,   1495.344      
# span 17 =      17194,      35889      
# span 18 =  1027.1028,  1028.5880      
# span 19 =  1027.1001,  1028.5853      
# span 20 =    33.6938,    34.4830      
# span 21 =    33.6905,    34.4773      
# span 22 =    7.89402,    8.37802      
# span 23 =         12,         47      
# span 24 = 0.0000e+00, 0.0000e+00      
# interval = decibars: 1                
# start_time = Nov 27 2021 19:51:53 [NMEA time, header]
# bad_flag = -9.990e-29
*END*
    200.000    197.927     0.6323  29.264829     0.6249  29.255302     4.9291     4.9640     0.0033    96.8954 1.0000e-12  -66.25466  -67.33948 331.835988       8.90 3.4729e+02    716.376      17194  1028.5880  1028.5853    34.4654    34.4613    7.90936         32 0.0000e+00
    199.000    196.935     0.6692  29.302994     0.6617  29.293760     4.8807     4.9394     0.0085    96.8929 1.0000e-12  -66.25466  -67.33945 331.836086       9.93 3.4752e+02    724.852      17397  1028.5873  1028.5850    34.4746    34.4710    7.90134         37 0.0000e+00
    198.000    195.949     0.7029  29.337773     0.6876  29.320270     4.8628     4.9212     0.0065    96.9073 1.0000e-12  -66.25463  -67.33938 331.836968      10.62 3.5592e+02    801.048      19226  1028.5876  1028.5843    34.4830    34.4773    7.89402         19 0.0000e+00
    197.000    194.959     0.6824  29.315345     0.6729  29.304357     4.8815     4.9286     0.0069    96.9076 1.0000e-12  -66.25462  -67.33938 331.836985      11.75 3.5609e+02    802.507      19261  1028.5800  1028.5776    34.4772    34.4735    7.89851         25 0.0000e+00
    196.000    193.970     0.6778  29.309908     0.6710  29.301823     4.8849     4.9334     0.0086    96.9005 1.0000e-12  -66.25462  -67.33938 331.837005      13.06 3.5610e+02    804.205      19302  1028.5744  1028.5724    34.4759    34.4730    7.89952         35 0.0000e+00
    195.000    192.980     0.6748  29.306847     0.6636  29.295940     4.8720     4.9343     0.0143    96.8984 1.0000e-12  -66.25462  -67.33937 331.837037      14.24 3.5610e+02    807.025      19370  1028.5694  1028.5690    34.4758    34.4741    7.90013         39 0.0000e+00
    194.000    191.991     0.6693  29.299081     0.6608  29.290030     4.8938     4.9434     0.0082    96.9056 1.0000e-12  -66.25463  -67.33935 331.837062      15.20 3.5531e+02    809.140      19420  1028.5623  1028.5610    34.4724    34.4701    7.90144         40 0.0000e+00
    193.000    191.002     0.6575  29.286924     0.6550  29.283427     4.8952     4.9530     0.0195    96.8914 1.0000e-12  -66.25464  -67.33934 331.837092      16.30 3.5431e+02    811.776      19484  1028.5567  1028.5554    34.4703    34.4686    7.90396         45 0.0000e+00
    192.000    190.012     0.6409  29.268023     0.6423  29.268830     4.9991     5.0146     0.0295    96.9101 1.0000e-12  -66.25464  -67.33936 331.837122      17.12 3.5282e+02    814.331      19545  1028.5489  1028.5482    34.4649    34.4643    7.90765         41 0.0000e+00
    191.000    189.025     0.5921  29.214991     0.6089  29.231379     5.0547     5.0606     0.0137    96.9075 1.0000e-12  -66.25463  -67.33936 331.837138      18.01 3.5257e+02    815.705      19578  1028.5371  1028.5376    34.4507    34.4534    7.91840         26 0.0000e+00
    190.000    188.034     0.5516  29.172394     0.5569  29.177134     5.0804     5.0765     0.0143    96.9127 1.0000e-12  -66.25462  -67.33936 331.837149      19.01 3.5258e+02    816.649      19601  1028.5279  1028.5275    34.4408    34.4411    7.92722         22 0.0000e+00
    189.000    187.045     0.5420  29.161930     0.5412  29.159879     5.0836     5.0840     0.0074    96.9226 1.0000e-12  -66.25462  -67.33936 331.837159      19.95 3.5258e+02    817.524      19622  1028.5218  1028.5204    34.4385    34.4367    7.92932         21 0.0000e+00
    188.000    186.056     0.5349  29.153864     0.5369  29.154735     5.0552     5.0825     0.0122    96.8820 1.0000e-12  -66.25462  -67.33934 331.837169      20.87 3.5258e+02    818.418      19643  1028.5157  1028.5147    34.4365    34.4354    7.93089         22 0.0000e+00
    187.000    185.066     0.5317  29.150146     0.5324  29.149716     5.0327     5.0775     0.0142    96.8799 1.0000e-12  -66.25462  -67.33934 331.837181      22.04 3.5258e+02    819.426      19667  1028.5104  1028.5092    34.4358    34.4344    7.93158         27 0.0000e+00
    186.000    184.079     0.5445  29.163867     0.5425  29.161186     5.0236     5.0777     0.0121    96.8816 1.0000e-12  -66.25464  -67.33933 331.837227      23.15 3.5099e+02    823.446      19764  1028.5071  1028.5062    34.4400    34.4387    7.92872         35 0.0000e+00
    185.000    183.089     0.5385  29.156892     0.5384  29.155577     5.0391     5.0868     0.0126    96.8535 1.0000e-12  -66.25464  -67.33934 331.837278      23.93 3.4900e+02    827.830      19869  1028.5008  1028.4995    34.4381    34.4365    7.93004         22 0.0000e+00
    184.000    182.098     0.5348  29.152466     0.5348  29.151409     5.0418     5.0895    -0.0008    96.8541 1.0000e-12  -66.25464  -67.33933 331.837287      24.98 3.4905e+02    828.604      19888  1028.4955  1028.4944    34.4371    34.4357    7.93086         20 0.0000e+00
    183.000    181.110     0.5301  29.147039     0.5317  29.147471     5.0380     5.0925     0.0109    96.8428 1.0000e-12  -66.25464  -67.33932 331.837297      26.02 3.4905e+02    829.454      19908  1028.4901  1028.4890    34.4358    34.4346    7.93189         22 0.0000e+00
    182.000    180.120     0.5226  29.138960     0.5300  29.145262     5.0332     5.0913     0.0151    96.8623 1.0000e-12  -66.25464  -67.33931 331.837311      26.94 3.4905e+02    830.652      19937  1028.4846  1028.4839    34.4342    34.4342    7.93352         33 0.0000e+00
    181.000    179.131     0.5305  29.146932     0.5301  29.145319     5.0364     5.0897     0.0129    96.8747 1.0000e-12  -66.25464  -67.33930 331.837377      28.22 3.4905e+02    836.340      20073  1028.4806  1028.4793    34.4364    34.4348    7.93178         39 0.0000e+00
    180.000    178.142     0.5244  29.139991     0.5224  29.135040     5.0385     5.0996     0.0153    96.8377 1.0000e-12  -66.25464  -67.33930 331.837406      29.06 3.4917e+02    838.882      20134  1028.4749  1028.4723    34.4348    34.4306    7.93313         32 0.0000e+00
    179.000    177.153     0.5004  29.114086     0.4976  29.110122     5.0546     5.1225     0.0141    96.8457 1.0000e-12  -66.25464  -67.33930 331.837472      29.87 3.5086e+02    844.578      20271  1028.4668  1028.4653    34.4283    34.4262    7.93841         39 0.0000e+00
    178.000    176.164     0.5104  29.124016     0.5135  29.126116     5.0780     5.1369     0.0034    96.8776 1.0000e-12  -66.25464  -67.33930 331.837488      30.73 3.5081e+02    845.945      20304  1028.4629  1028.4621    34.4307    34.4300    7.93622         32 0.0000e+00
    177.000    175.174     0.4863  29.097574     0.4905  29.101041     5.1160     5.1383     0.0100    96.9331 1.0000e-12  -66.25464  -67.33930 331.837505      31.65 3.5215e+02    847.396      20338  1028.4546  1028.4542    34.4236    34.4235    7.94156         39 0.0000e+00
    176.000    174.186     0.4268  29.034433     0.4420  29.048759     5.1515     5.1884     0.0095    96.9351 1.0000e-12  -66.25461  -67.33927 331.837793      32.50 3.5941e+02    872.349      20937  1028.4412  1028.4414    34.4080    34.4098    7.95468         28 0.0000e+00
    175.000    173.196     0.3737  28.978013     0.3888  28.992848     5.2400     5.2554     0.0086    96.9297 1.0000e-12  -66.25460  -67.33924 331.837989      33.44 3.6321e+02    889.213      21342  1028.4288  1028.4298    34.3939    34.3965    7.96640         27 0.0000e+00
    174.000    172.207     0.3790  28.983496     0.3826  28.986294     5.2320     5.2876     0.0203    96.9315 1.0000e-12  -66.25460  -67.33922 331.838041      35.13 3.6496e+02    893.710      21450  1028.4245  1028.4243    34.3958    34.3954    7.96520         41 0.0000e+00
    173.000    171.217     0.3667  28.969395     0.3684  28.970420     5.2527     5.2897     0.0394    96.9304 1.0000e-12  -66.25460  -67.33922 331.838065      35.93 3.6479e+02    895.857      21502  1028.4174  1028.4171    34.3917    34.3911    7.96798         28 0.0000e+00
    172.000    170.228     0.3528  28.954327     0.3672  28.968657     5.3098     5.3390     0.0471    96.9380 1.0000e-12  -66.25460  -67.33922 331.838080      37.02 3.6316e+02    897.074      21531  1028.4108  1028.4120    34.3880    34.3907    7.97105         31 0.0000e+00
    171.000    169.239     0.3249  28.923710     0.3374  28.934885     5.3360     5.3959     0.0206    96.9198 1.0000e-12  -66.25460  -67.33922 331.838096      38.14 3.6315e+02    898.516      21565  1028.4016  1028.4013    34.3796    34.3802    7.97730         39 0.0000e+00
    170.000    168.249     0.2990  28.895366     0.2632  28.857670     5.4140     5.4470     0.0326    96.9233 1.0000e-12  -66.25460  -67.33922 331.838117      39.20 3.6315e+02    900.285      21608  1028.3925  1028.3880    34.3718    34.3622    7.98308         42 0.0000e+00
    169.000    167.262     0.2419  28.836372     0.2285  28.820073     5.4930     5.4698     0.0405    96.8983 1.0000e-12  -66.25460  -67.33922 331.838136      40.17 3.6251e+02    901.912      21647  1028.3816  1028.3777    34.3586    34.3522    7.99568         31 0.0000e+00
    168.000    166.270     0.2000  28.791832     0.1981  28.788954     5.4893     5.4752     0.0275    96.9017 1.0000e-12  -66.25460  -67.33922 331.838151      41.15 3.6209e+02    903.250      21679  1028.3710  1028.3698    34.3475    34.3458    8.00502         34 0.0000e+00
    167.000    165.281     0.2161  28.805943     0.2188  28.809628     5.5660     5.5430     0.0144    96.9212 1.0000e-12  -66.25460  -67.33920 331.838212      41.99 3.6136e+02    908.518      21805  1028.3651  1028.3662    34.3487    34.3504    8.00161         21 0.0000e+00
    166.000    164.295     0.1594  28.748933     0.1576  28.745724     5.6055     5.5586     0.0062    96.9138 1.0000e-12  -66.25460  -67.33920 331.838222      42.79 3.6139e+02    909.414      21827  1028.3560  1028.3543    34.3375    34.3353    8.01403         16 0.0000e+00
    165.000    163.301     0.1325  28.720088     0.1368  28.723998     5.6099     5.5595     0.0127    96.8915 1.0000e-12  -66.25458  -67.33920 331.838230      43.62 3.6139e+02    910.092      21843  1028.3473  1028.3471    34.3301    34.3305    8.02006         16 0.0000e+00
    164.000    162.314     0.1120  28.697885     0.1205  28.706620     5.6099     5.5675     0.0285    96.9053 1.0000e-12  -66.25458  -67.33920 331.838239      44.88 3.6139e+02    910.837      21861  1028.3393  1028.3401    34.3243    34.3264    8.02466         20 0.0000e+00
    163.000    161.323     0.1233  28.709230     0.1405  28.727873     5.5714     5.5598     0.0289    96.9086 1.0000e-12  -66.25459  -67.33920 331.838251      46.29 3.6128e+02    911.887      21886  1028.3353  1028.3382    34.3273    34.3326    8.02214         32 0.0000e+00
    162.000    160.335     0.1583  28.746749     0.1552  28.742683     5.4869     5.5691     0.0324    96.9152 1.0000e-12  -66.25460  -67.33917 331.838318      47.20 3.5790e+02    917.638      22024  1028.3350  1028.3338    34.3382    34.3364    8.01421         41 0.0000e+00
    161.000    159.345     0.1617  28.749382     0.1466  28.732936     5.5817     5.6442     0.0227    96.9139 1.0000e-12  -66.25460  -67.33918 331.838337      48.34 3.5786e+02    919.350      22065  1028.3300  1028.3273    34.3385    34.3337    8.01349         31 0.0000e+00
    160.000    158.357     0.1233  28.707716     0.1034  28.684842     5.6787     5.6940     0.0340    96.9036 1.0000e-12  -66.25459  -67.33917 331.838351      49.17 3.5786e+02    920.537      22094  1028.3192  1028.3144    34.3271    34.3192    8.02216         28 0.0000e+00
    159.000    157.366     0.0389  28.618400     0.0271  28.604624     5.7606     5.7805     0.0218    96.9136 1.0000e-12  -66.25458  -67.33917 331.838364      49.86 3.5855e+02    921.656      22121  1028.3028  1028.2995    34.3041    34.2991    8.04111         26 0.0000e+00
    158.000    156.377    -0.0048  28.570106    -0.0310  28.540944     5.7597     5.8148     0.0349    96.8724 1.0000e-12  -66.25459  -67.33916 331.838377      51.37 3.5913e+02    922.774      22148  1028.2896  1028.2840    34.2897    34.2804    8.05112         28 0.0000e+00
    157.000    155.388    -0.0389  28.541163    -0.1162  28.451437     5.6990     5.7539     0.0376    96.8290 1.0000e-12  -66.25460  -67.33916 331.838392      52.27 3.5804e+02    924.069      22179  1028.2871  1028.2668    34.2902    34.2576    8.05827         36 0.0000e+00
    156.000    154.399     0.0615  28.641732     0.0626  28.639658     5.6602     5.7230     0.0362    96.8740 1.0000e-12  -66.25460  -67.33915 331.838449      53.58 3.5786e+02    929.000      22297  1028.2904  1028.2864    34.3115    34.3075    8.03598         40 0.0000e+00
    155.000    153.410     0.0109  28.589461     0.0189  28.594387     6.0015     5.9082     0.0362    96.8568 1.0000e-12  -66.25460  -67.33914 331.838474      53.99 3.5786e+02    931.130      22348  1028.2797  1028.2769    34.2995    34.2971    8.04725         31 0.0000e+00
    154.000    152.420    -0.1766  28.382790    -0.1452  28.413872     6.1361     6.0467     0.0304    96.8594 1.0000e-12  -66.25458  -67.33914 331.838489      55.29 3.5964e+02    932.484      22381  1028.2388  1028.2409    34.2359    34.2419    8.09046         34 0.0000e+00
    153.000    151.432    -0.3059  28.248666    -0.3369  28.214225     6.2035     6.1193     0.0500    96.8033 1.0000e-12  -66.25458  -67.33914 331.838505      56.00 3.5963e+02    933.799      22412  1028.2162  1028.2096    34.2028    34.1916    8.11980         28 0.0000e+00
    152.000    150.442    -0.3377  28.211824    -0.4235  28.121133     6.2671     6.1698     0.0436    96.8064 1.0000e-12  -66.25459  -67.33914 331.838518      57.30 3.5963e+02    934.916      22439  1028.2024  1028.1887    34.1899    34.1650    8.12734         27 0.0000e+00
    151.000    149.453    -0.4570  28.089843    -0.4786  28.063179     6.1887     6.1849     0.0498    96.6990 1.0000e-12  -66.25459  -67.33911 331.838744      57.61 3.5686e+02    954.452      22908  1028.1780  1028.1700    34.1613    34.1497    8.15454         34 0.0000e+00
    150.000    148.462    -0.5239  28.015735    -0.5305  28.007294     6.3430     6.3652     0.0462    96.6015 1.0000e-12  -66.25458  -67.33908 331.839013      57.31 3.5432e+02    977.746      23467  1028.1533  1028.1509    34.1376    34.1337    8.17028         22 0.0000e+00
    149.000    147.472    -0.5595  27.976597    -0.5751  27.959365     6.3987     6.3915     0.0469    96.5951 1.0000e-12  -66.25458  -67.33906 331.839020      58.09 3.5434e+02    978.367      23482  1028.1415  1028.1382    34.1257    34.1201    8.17865         18 0.0000e+00
    148.000    146.484    -0.6027  27.930799    -0.6309  27.900246     6.3765     6.3891     0.0502    96.5789 1.0000e-12  -66.25458  -67.33906 331.839029      59.36 3.5434e+02    979.132      23500  1028.1296  1028.1243    34.1133    34.1039    8.18870         19 0.0000e+00
    147.000    145.495    -0.6636  27.865106    -0.6641  27.864148     6.3647     6.3899     0.0602    96.5776 1.0000e-12  -66.25458  -67.33906 331.839039      60.21 3.5434e+02    979.980      23521  1028.1134  1028.1128    34.0939    34.0932    8.20302         23 0.0000e+00
    146.000    144.505    -0.6273  27.905594    -0.6464  27.882419     6.3709     6.3962     0.0738    96.5525 1.0000e-12  -66.25458  -67.33906 331.839053      61.56 3.5396e+02    981.213      23550  1028.1168  1028.1103    34.1083    34.0986    8.19433         36 0.0000e+00
    145.000    143.516    -0.6230  27.910902    -0.6273  27.903457     6.3006     6.3821     0.0677    96.5550 1.0000e-12  -66.25458  -67.33906 331.839080      62.81 3.5257e+02    983.480      23605  1028.1132  1028.1092    34.1111    34.1061    8.19322         47 0.0000e+00
    144.000    142.527    -0.6220  27.907766    -0.6187  27.911389     6.4078     6.4490     0.0754    96.5549 1.0000e-12  -66.25458  -67.33905 331.839103      63.45 3.5258e+02    985.485      23653  1028.1041  1028.1048    34.1065    34.1077    8.19329         42 0.0000e+00
