NBP2113_155081_ctd/data/unbp2113_011.cnv
* Sea-Bird SBE 9 Data File:
* FileName = D:\Data\raw\NBP2113_011.hex
* Software Version Seasave V 7.26.7.121
* Temperature SN = 2438
* Conductivity SN = 2067
* Number of Bytes Per Scan = 40
* Number of Voltage Words = 5
* Number of Scans Averaged by the Deck Unit = 1
* NMEA Latitude = 63 57.92 S
* NMEA Longitude = 066 51.27 W
* NMEA UTC (Time) = Nov 26 2021  05:08:42
* NMEA baud rate = 9600
** Ship: RVIB N.B. Palmer
** Cruise: NBP2113 LTER
** Station: 600.200
** Operator: B. Urmston
# nquan = 25
# nvalues = 3097                        
# units = specified
# name 0 = prDM: Pressure, Digiquartz [db]
# name 1 = depSM: Depth [salt water, m]
# name 2 = t090C: Temperature [ITS-90, deg C]
# name 3 = c0mS/cm: Conductivity [mS/cm]
# name 4 = t190C: Temperature, 2 [ITS-90, deg C]
# name 5 = c1mS/cm: Conductivity, 2 [mS/cm]
# name 6 = sbeox0ML/L: Oxygen, SBE 43 [ml/l]
# name 7 = sbeox1ML/L: Oxygen, SBE 43, 2 [ml/l]
# name 8 = flECO-AFL: Fluorescence, WET Labs ECO-AFL/FL [mg/m^3]
# name 9 = CStarTr0: Beam Transmission, WET Labs C-Star [%]
# name 10 = par: PAR/Irradiance, Biospherical/Licor
# name 11 = latitude: Latitude [deg]
# name 12 = longitude: Longitude [deg]
# name 13 = timeJ: Julian Days
# name 14 = altM: Altimeter [m]
# name 15 = spar: SPAR, Biospherical/Licor
# name 16 = timeS: Time, Elapsed [seconds]
# name 17 = scan: Scan Count
# name 18 = density00: Density [density, kg/m^3]
# name 19 = density11: Density, 2 [density, kg/m^3]
# name 20 = sal00: Salinity, Practical [PSU]
# name 21 = sal11: Salinity, Practical, 2 [PSU]
# name 22 = oxsolML/L: Oxygen Saturation, Garcia & Gordon [ml/l]
# name 23 = nbin: number of scans per bin
# name 24 = flag: flag
# span 0 =      1.000,   3097.000       
# span 1 =      0.994,   3044.510       
# span 2 =    -1.2048,     2.0374       
# span 3 =  27.308759,  30.722632       
# span 4 =    -1.1900,     2.0371       
# span 5 =  27.323530,  30.722628       
# span 6 =     3.9792,     9.8840       
# span 7 =     3.9759,     9.9490       
# span 8 =    -0.0227,     6.6545       
# span 9 =    89.0813,    97.8852       
# span 10 = 1.0000e-12, 1.0000e-12      
# span 11 =  -63.96594,  -63.96564      
# span 12 =  -66.85620,  -66.85562      
# span 13 = 330.264526, 330.313487      
# span 14 =       7.60,     100.85      
# span 15 = 7.0515e+00, 7.2274e+01      
# span 16 =   4333.080,   8563.305      
# span 17 =     103995,     205520      
# span 18 =  1027.2359,  1042.0729      
# span 19 =  1027.2298,  1042.0719      
# span 20 =    33.8825,    34.7284      
# span 21 =    33.8790,    34.7276      
# span 22 =    7.62152,    8.32646      
# span 23 =         13,         47      
# span 24 = 0.0000e+00, 0.0000e+00      
# interval = decibars: 1                
# start_time = Nov 26 2021 05:08:42 [NMEA time, header]
# bad_flag = -9.990e-29
*END*
[from data line 2609]
    488.000    482.683     1.9313  30.703184     1.9312  30.702409     4.0477     4.0513    -0.0140    97.8583 1.0000e-12  -63.96568  -66.85566 330.302283      99.98 3.4997e+01   7595.245     182287  1030.0269  1030.0263    34.7036    34.7027    7.63935         34 0.0000e+00
    487.000    481.696     1.9330  30.703777     1.9325  30.702699     4.0343     4.0462    -0.0105    97.8583 1.0000e-12  -63.96568  -66.85566 330.302297      99.98 3.5262e+01   7596.453     182316  1030.0217  1030.0211    34.7031    34.7023    7.63905         26 0.0000e+00
    486.000    480.706     1.9323  30.702749     1.9326  30.701908     4.0285     4.0430    -0.0059    97.8583 1.0000e-12  -63.96568  -66.85566 330.302309      99.98 3.5258e+01   7597.467     182340  1030.0171  1030.0160    34.7031    34.7017    7.63918         24 0.0000e+00
    485.000    479.719     1.9326  30.701979     1.9324  30.700710     4.0363     4.0416    -0.0090    97.8583 1.0000e-12  -63.96568  -66.85565 330.302321      99.98 3.5258e+01   7598.513     182365  1030.0118  1030.0108    34.7023    34.7010    7.63916         27 0.0000e+00
    484.000    478.731     1.9323  30.701260     1.9323  30.700202     4.0291     4.0393    -0.0083    97.8583 1.0000e-12  -63.96568  -66.85566 330.302339      99.98 3.5258e+01   7600.082     182403  1030.0072  1030.0062    34.7024    34.7010    7.63922         36 0.0000e+00
    483.000    477.743     1.9324  30.700614     1.9321  30.699856     4.0294     4.0385    -0.0070    97.8583 1.0000e-12  -63.96568  -66.85566 330.302359      99.98 3.5258e+01   7601.826     182445  1030.0022  1030.0018    34.7020    34.7014    7.63922         33 0.0000e+00
    482.000    476.756     1.9329  30.700396     1.9323  30.699166     4.0317     4.0343    -0.0107    97.8583 1.0000e-12  -63.96568  -66.85566 330.302373      99.98 3.4752e+01   7602.989     182473  1029.9973  1029.9967    34.7017    34.7008    7.63914         25 0.0000e+00
    481.000    475.767     1.9344  30.701181     1.9346  30.700574     4.0336     4.0330    -0.0086    97.8583 1.0000e-12  -63.96568  -66.85566 330.302384      99.98 3.3988e+01   7603.995     182497  1029.9925  1029.9917    34.7017    34.7007    7.63886         25 0.0000e+00
    480.000    474.778     1.9355  30.701476     1.9358  30.701013     4.0252     4.0343    -0.0105    97.8583 1.0000e-12  -63.96568  -66.85566 330.302398      99.98 3.5249e+01   7605.158     182525  1029.9875  1029.9867    34.7014    34.7005    7.63866         31 0.0000e+00
    479.000    473.792     1.9363  30.701789     1.9363  30.700951     4.0273     4.0378    -0.0047    97.8583 1.0000e-12  -63.96568  -66.85566 330.302412      99.98 3.5258e+01   7606.394     182554  1029.9828  1029.9819    34.7014    34.7004    7.63850         26 0.0000e+00
    478.000    472.804     1.9372  30.701956     1.9373  30.701287     4.0324     4.0313    -0.0080    97.8583 1.0000e-12  -63.96568  -66.85566 330.302424      99.98 3.5258e+01   7607.397     182579  1029.9778  1029.9771    34.7012    34.7003    7.63834         22 0.0000e+00
    477.000    471.815     1.9375  30.701754     1.9379  30.701197     4.0279     4.0335    -0.0105    97.8583 1.0000e-12  -63.96568  -66.85566 330.302434      99.98 3.5258e+01   7608.286     182600  1029.9732  1029.9722    34.7013    34.7001    7.63829         21 0.0000e+00
    476.000    470.827     1.9384  30.701953     1.9386  30.701241     4.0316     4.0337     0.0011    97.8320 1.0000e-12  -63.96568  -66.85566 330.302445      99.98 3.5051e+01   7609.231     182623  1029.9682  1029.9674    34.7010    34.7000    7.63812         25 0.0000e+00
    475.000    469.840     1.9375  30.700700     1.9381  30.700338     4.0282     4.0319    -0.0085    97.8444 1.0000e-12  -63.96568  -66.85564 330.302459      99.98 3.3533e+01   7610.492     182653  1029.9637  1029.9628    34.7010    34.6999    7.63829         36 0.0000e+00
    474.000    468.851     1.9381  30.700617     1.9377  30.699655     4.0199     4.0307    -0.0181    97.8407 1.0000e-12  -63.96568  -66.85564 330.302479      99.98 3.3899e+01   7612.218     182694  1029.9589  1029.9583    34.7009    34.7001    7.63820         36 0.0000e+00
    473.000    467.863     1.9401  30.701544     1.9395  30.700340     4.0142     4.0303     0.0021    97.8589 1.0000e-12  -63.96568  -66.85564 330.302496      99.98 3.5306e+01   7613.674     182729  1029.9536  1029.9530    34.7003    34.6995    7.63783         29 0.0000e+00
    472.000    466.875     1.9417  30.702170     1.9419  30.701607     4.0165     4.0301    -0.0128    97.8583 1.0000e-12  -63.96568  -66.85565 330.302509      99.98 3.5258e+01   7614.767     182755  1029.9484  1029.9477    34.6999    34.6991    7.63754         24 0.0000e+00
    471.000    465.887     1.9451  30.704312     1.9473  30.705025     4.0253     4.0299    -0.0064    97.8583 1.0000e-12  -63.96568  -66.85566 330.302520      99.98 3.5258e+01   7615.696     182778  1029.9431  1029.9416    34.6995    34.6980    7.63692         21 0.0000e+00
    470.000    464.899     1.9482  30.706064     1.9497  30.706375     4.0246     4.0289    -0.0053    97.8583 1.0000e-12  -63.96568  -66.85566 330.302530      99.98 3.5258e+01   7616.569     182799  1029.9375  1029.9364    34.6989    34.6976    7.63636         21 0.0000e+00
    469.000    463.911     1.9482  30.705577     1.9501  30.706233     4.0262     4.0265    -0.0031    97.8513 1.0000e-12  -63.96568  -66.85565 330.302541      99.98 3.5198e+01   7617.561     182822  1029.9328  1029.9316    34.6988    34.6976    7.63636         28 0.0000e+00
    468.000    462.922     1.9486  30.705506     1.9483  30.704548     4.0277     4.0271    -0.0036    97.8526 1.0000e-12  -63.96568  -66.85564 330.302563      99.98 3.3635e+01   7619.458     182868  1029.9282  1029.9275    34.6988    34.6980    7.63628         32 0.0000e+00
    467.000    461.935     1.9493  30.705525     1.9482  30.703989     4.0290     4.0271    -0.0037    97.8586 1.0000e-12  -63.96568  -66.85564 330.302585      99.98 3.5032e+01   7621.356     182914  1029.9234  1029.9229    34.6987    34.6979    7.63615         29 0.0000e+00
    466.000    460.948     1.9513  30.706671     1.9507  30.705398     4.0360     4.0329    -0.0057    97.8583 1.0000e-12  -63.96568  -66.85564 330.302596      99.98 3.5264e+01   7622.312     182936  1029.9183  1029.9177    34.6985    34.6976    7.63578         21 0.0000e+00
    465.000    459.959     1.9547  30.708949     1.9553  30.708495     4.0308     4.0351    -0.0133    97.8583 1.0000e-12  -63.96568  -66.85564 330.302605      99.98 3.5258e+01   7623.080     182955  1029.9130  1029.9120    34.6982    34.6970    7.63514         17 0.0000e+00
    464.000    458.970     1.9560  30.709451     1.9570  30.709381     4.0336     4.0346    -0.0088    97.8583 1.0000e-12  -63.96568  -66.85564 330.302614      99.98 3.5258e+01   7623.838     182973  1029.9081  1029.9070    34.6979    34.6967    7.63490         19 0.0000e+00
    463.000    457.983     1.9571  30.709711     1.9572  30.708920     4.0372     4.0307    -0.0071    97.8583 1.0000e-12  -63.96568  -66.85564 330.302624      99.98 3.5258e+01   7624.709     182994  1029.9031  1029.9022    34.6977    34.6966    7.63471         24 0.0000e+00
    462.000    456.994     1.9565  30.708765     1.9563  30.707815     4.0285     4.0329    -0.0170    97.8583 1.0000e-12  -63.96568  -66.85564 330.302640      99.98 3.4320e+01   7626.101     183027  1029.8986  1029.8977    34.6977    34.6967    7.63483         37 0.0000e+00
    461.000    456.006     1.9563  30.708211     1.9561  30.707302     4.0285     4.0330    -0.0014    97.8583 1.0000e-12  -63.96568  -66.85562 330.302663      99.98 3.3449e+01   7628.047     183074  1029.8940  1029.8933    34.6978    34.6968    7.63486         35 0.0000e+00
    460.000    455.019     1.9579  30.708915     1.9570  30.707507     4.0308     4.0372    -0.0105    97.8583 1.0000e-12  -63.96568  -66.85562 330.302677      99.98 3.5172e+01   7629.311     183104  1029.8890  1029.8884    34.6975    34.6967    7.63457         26 0.0000e+00
    459.000    454.032     1.9604  30.710448     1.9609  30.709801     4.0319     4.0404    -0.0077    97.8583 1.0000e-12  -63.96568  -66.85562 330.302689      99.98 3.5259e+01   7630.318     183129  1029.8838  1029.8827    34.6972    34.6959    7.63410         24 0.0000e+00
    458.000    453.042     1.9641  30.712530     1.9645  30.712126     4.0361     4.0362    -0.0112    97.8583 1.0000e-12  -63.96568  -66.85564 330.302701      99.98 3.5258e+01   7631.324     183153  1029.8780  1029.8773    34.6963    34.6954    7.63343         25 0.0000e+00
    457.000    452.054     1.9645  30.712500     1.9654  30.712298     4.0332     4.0333    -0.0037    97.8583 1.0000e-12  -63.96568  -66.85564 330.302714      99.98 3.5258e+01   7632.459     183180  1029.8735  1029.8723    34.6964    34.6952    7.63336         29 0.0000e+00
    456.000    451.066     1.9667  30.713591     1.9669  30.713005     4.0381     4.0384    -0.0078    97.8572 1.0000e-12  -63.96568  -66.85564 330.302727      99.98 3.5258e+01   7633.643     183208  1029.8682  1029.8674    34.6960    34.6950    7.63296         25 0.0000e+00
    455.000    450.078     1.9686  30.714543     1.9686  30.713834     4.0452     4.0410    -0.0148    97.8271 1.0000e-12  -63.96568  -66.85564 330.302740      99.98 3.5258e+01   7634.719     183234  1029.8631  1029.8624    34.6957    34.6947    7.63261         25 0.0000e+00
    454.000    449.090     1.9708  30.715972     1.9719  30.716027     4.0503     4.0402    -0.0138    97.8304 1.0000e-12  -63.96568  -66.85563 330.302751      99.98 3.5258e+01   7635.729     183258  1029.8582  1029.8572    34.6956    34.6945    7.63219         24 0.0000e+00
    453.000    448.102     1.9728  30.716948     1.9743  30.717320     4.0425     4.0358    -0.0135    97.8493 1.0000e-12  -63.96567  -66.85562 330.302764      99.98 3.5258e+01   7636.823     183285  1029.8530  1029.8519    34.6952    34.6940    7.63183         29 0.0000e+00
    452.000    447.112     1.9720  30.715888     1.9735  30.715877     4.0443     4.0348    -0.0135    97.8582 1.0000e-12  -63.96566  -66.85562 330.302780      99.98 3.4898e+01   7638.181     183317  1029.8485  1029.8471    34.6953    34.6937    7.63197         34 0.0000e+00
    451.000    446.126     1.9728  30.715939     1.9682  30.711719     4.0437     4.0424    -0.0116    97.8583 1.0000e-12  -63.96566  -66.85562 330.302800      99.98 3.4318e+01   7639.903     183359  1029.8436  1029.8440    34.6950    34.6948    7.63183         42 0.0000e+00
    450.000    445.138     1.9788  30.719886     1.9744  30.715883     4.0384     4.0372    -0.0089    97.8574 1.0000e-12  -63.96566  -66.85562 330.302818      99.98 3.5300e+01   7641.466     183396  1029.8375  1029.8378    34.6940    34.6938    7.63074         32 0.0000e+00
    449.000    444.149     1.9788  30.719243     1.9785  30.718389     4.0352     4.0355    -0.0077    97.8583 1.0000e-12  -63.96566  -66.85562 330.302831      99.97 3.5258e+01   7642.606     183424  1029.8327  1029.8321    34.6938    34.6930    7.63076         24 0.0000e+00
    448.000    443.162     1.9824  30.721456     1.9846  30.722128     4.0335     4.0342    -0.0050    97.8618 1.0000e-12  -63.96566  -66.85562 330.302842      99.98 3.5258e+01   7643.561     183446  1029.8272  1029.8256    34.6932    34.6916    7.63010         22 0.0000e+00
    447.000    442.172     1.9848  30.722632     1.9861  30.722628     4.0217     4.0339    -0.0058    97.8506 1.0000e-12  -63.96566  -66.85562 330.302853      99.98 3.5258e+01   7644.493     183469  1029.8218  1029.8205    34.6926    34.6912    7.62967         23 0.0000e+00
    446.000    441.186     1.9848  30.722079     1.9863  30.722340     4.0285     4.0348    -0.0092    97.8383 1.0000e-12  -63.96566  -66.85564 330.302865      99.98 3.5258e+01   7645.550     183494  1029.8171  1029.8159    34.6924    34.6912    7.62967         28 0.0000e+00
    445.000    440.196     1.9850  30.721841     1.9862  30.721888     4.0286     4.0338    -0.0117    97.8557 1.0000e-12  -63.96566  -66.85564 330.302879      99.98 3.5258e+01   7646.757     183523  1029.8125  1029.8114    34.6925    34.6913    7.62963         29 0.0000e+00
    444.000    439.209     1.9863  30.722283     1.9865  30.721533     4.0320     4.0348    -0.0065    97.8480 1.0000e-12  -63.96566  -66.85564 330.302892      99.98 3.5258e+01   7647.876     183550  1029.8074  1029.8065    34.6922    34.6911    7.62940         25 0.0000e+00
    443.000    438.220     1.9862  30.721743     1.9865  30.721146     4.0299     4.0348    -0.0060    97.8466 1.0000e-12  -63.96566  -66.85564 330.302903      99.98 3.4858e+01   7648.851     183573  1029.8028  1029.8019    34.6921    34.6910    7.62941         22 0.0000e+00
    442.000    437.233     1.9868  30.721587     1.9871  30.721092     4.0345     4.0304    -0.0071    97.8582 1.0000e-12  -63.96566  -66.85563 330.302915      99.98 3.3512e+01   7649.842     183597  1029.7979  1029.7970    34.6919    34.6909    7.62932         26 0.0000e+00
    441.000    436.244     1.9860  30.720566     1.9863  30.719882     4.0351     4.0329    -0.0100    97.8583 1.0000e-12  -63.96566  -66.85562 330.302930      99.98 3.4216e+01   7651.178     183629  1029.7934  1029.7925    34.6920    34.6908    7.62946         34 0.0000e+00
    440.000    435.257     1.9857  30.719945     1.9863  30.719474     4.0173     4.0353    -0.0055    97.8583 1.0000e-12  -63.96566  -66.85563 330.302950      99.98 3.5323e+01   7652.871     183670  1029.7889  1029.7879    34.6921    34.6910    7.62951         34 0.0000e+00
    439.000    434.268     1.9874  30.720524     1.9871  30.719133     4.0227     4.0315    -0.0059    97.8583 1.0000e-12  -63.96566  -66.85563 330.302963      99.98 3.6089e+01   7654.014     183697  1029.7837  1029.7826    34.6916    34.6902    7.62922         24 0.0000e+00
    438.000    433.279     1.9873  30.719979     1.9873  30.719240     4.0268     4.0365     0.0124    97.8583 1.0000e-12  -63.96566  -66.85563 330.302974      99.98 3.5681e+01   7654.909     183719  1029.7790  1029.7782    34.6916    34.6906    7.62924         21 0.0000e+00
    437.000    432.292     1.9873  30.719504     1.9874  30.718749     4.0328     4.0369    -0.0062    97.8394 1.0000e-12  -63.96566  -66.85563 330.302984      99.98 3.5271e+01   7655.845     183741  1029.7743  1029.7734    34.6915    34.6905    7.62923         25 0.0000e+00
    436.000    431.303     1.9871  30.718880     1.9870  30.718070     4.0299     4.0336    -0.0084    97.8446 1.0000e-12  -63.96566  -66.85563 330.303000      99.98 3.4456e+01   7657.172     183773  1029.7697  1029.7690    34.6915    34.6906    7.62927         40 0.0000e+00
    435.000    430.316     1.9872  30.718467     1.9869  30.717499     4.0358     4.0320    -0.0093    97.8578 1.0000e-12  -63.96566  -66.85563 330.303020      99.97 3.5099e+01   7658.930     183815  1029.7649  1029.7643    34.6914    34.6906    7.62926         36 0.0000e+00
    434.000    429.327     1.9875  30.718107     1.9871  30.717151     4.0256     4.0302    -0.0118    97.8583 1.0000e-12  -63.96566  -66.85562 330.303037      99.98 3.5262e+01   7660.366     183850  1029.7601  1029.7596    34.6913    34.6905    7.62921         29 0.0000e+00
    433.000    428.339     1.9876  30.717680     1.9874  30.716794     4.0260     4.0269    -0.0142    97.8458 1.0000e-12  -63.96566  -66.85564 330.303049      99.98 3.5258e+01   7661.477     183876  1029.7554  1029.7546    34.6912    34.6902    7.62920         25 0.0000e+00
    432.000    427.350     1.9875  30.717092     1.9876  30.716256     4.0350     4.0279     0.0069    97.8501 1.0000e-12  -63.96566  -66.85565 330.303062      99.97 3.5258e+01   7662.520     183901  1029.7507  1029.7498    34.6911    34.6900    7.62922         26 0.0000e+00
