NBP2113_155081_ctd/data/unbp2113_069.cnv
* Sea-Bird SBE 9 Data File:
* FileName = D:\Data\raw\NBP2113_069.hex
* Software Version Seasave V 7.26.7.121
* Temperature SN = 2438
* Conductivity SN = 2067
* Number of Bytes Per Scan = 40
* Number of Voltage Words = 5
* Number of Scans Averaged by the Deck Unit = 1
* NMEA Latitude = 63 45.12 S
* NMEA Longitude = 061 34.51 W
* NMEA UTC (Time) = Dec 15 2021  06:13:07
* NMEA baud rate = 9600
** Ship: RVIB N.B. Palmer
** Cruise: NBP2113 LTER
** Station: 788.019
** Operator: B. Urmston
# nquan = 25
# nvalues = 587                         
# units = specified
# name 0 = prDM: Pressure, Digiquartz [db]
# name 1 = depSM: Depth [salt water, m]
# name 2 = t090C: Temperature [ITS-90, deg C]
# name 3 = c0mS/cm: Conductivity [mS/cm]
# name 4 = t190C: Temperature, 2 [ITS-90, deg C]
# name 5 = c1mS/cm: Conductivity, 2 [mS/cm]
# name 6 = sbeox0ML/L: Oxygen, SBE 43 [ml/l]
# name 7 = sbeox1ML/L: Oxygen, SBE 43, 2 [ml/l]
# name 8 = flECO-AFL: Fluorescence, WET Labs ECO-AFL/FL [mg/m^3]
# name 9 = CStarTr0: Beam Transmission, WET Labs C-Star [%]
# name 10 = par: PAR/Irradiance, Biospherical/Licor
# name 11 = latitude: Latitude [deg]
# name 12 = longitude: Longitude [deg]
# name 13 = timeJ: Julian Days
# name 14 = altM: Altimeter [m]
# name 15 = spar: SPAR, Biospherical/Licor
# name 16 = timeS: Time, Elapsed [seconds]
# name 17 = scan: Scan Count
# name 18 = density00: Density [density, kg/m^3]
# name 19 = density11: Density, 2 [density, kg/m^3]
# name 20 = sal00: Salinity, Practical [PSU]
# name 21 = sal11: Salinity, Practical, 2 [PSU]
# name 22 = oxsolML/L: Oxygen Saturation, Garcia & Gordon [ml/l]
# name 23 = nbin: number of scans per bin
# name 24 = flag: flag
# span 0 =      1.000,    587.000       
# span 1 =      0.990,    580.475       
# span 2 =    -0.6608,     0.3691       
# span 3 =  28.235935,  28.632515       
# span 4 =    -0.6609,     0.3689       
# span 5 =  28.234544,  28.631169       
# span 6 =     6.0316,    10.7637       
# span 7 =     6.0976,     7.6649       
# span 8 =    -0.0295,     1.8522       
# span 9 =    81.8410,    90.4641       
# span 10 = 1.0000e-12, 1.2745e+01      
# span 11 =  -63.75146,  -63.75118      
# span 12 =  -61.57550,  -61.57540      
# span 13 = 349.273193, 349.281187      
# span 14 =       1.18,     101.62      
# span 15 = 1.7554e+00, 7.0578e+00      
# span 16 =   1216.900,   1907.535      
# span 17 =      29207,      45782      
# span 18 =  1027.3182,  1030.5412      
# span 19 =  1027.3170,  1030.5398      
# span 20 =    34.0412,    34.5262      
# span 21 =    34.0394,    34.5245      
# span 22 =    7.98695,    8.18018      
# span 23 =         14,         45      
# span 24 = 0.0000e+00, 0.0000e+00      
# interval = decibars: 1                
# start_time = Dec 15 2021 06:13:07 [NMEA time, header]
# bad_flag = -9.990e-29
*END*
[from data line 406]
    181.000    179.163    -0.3007  28.393327    -0.3065  28.388810     6.1986     6.2480     0.0547    89.9380 1.0000e-12  -63.75138  -61.57544 349.278717      99.97 2.2582e+00   1694.129      40660  1028.4782  1028.4791    34.3732    34.3737    8.10897         32 0.0000e+00
    180.000    178.174    -0.2977  28.394634    -0.3042  28.389687     6.1992     6.2512     0.0492    89.9412 1.0000e-12  -63.75138  -61.57544 349.278733      99.97 2.2749e+00   1695.499      40693  1028.4724  1028.4735    34.3722    34.3729    8.10839         32 0.0000e+00
    179.000    177.185    -0.2989  28.393576    -0.3006  28.391481     6.2018     6.2473     0.0515    89.9048 1.0000e-12  -63.75139  -61.57544 349.278747      99.97 1.7554e+00   1696.748      40723  1028.4683  1028.4677    34.3728    34.3719    8.10862         28 0.0000e+00
    178.000    176.195    -0.2986  28.393137    -0.3033  28.389384     6.2177     6.2585     0.0532    89.9067 1.0000e-12  -63.75140  -61.57544 349.278761      99.97 1.7629e+00   1697.952      40752  1028.4633  1028.4637    34.3725    34.3727    8.10858         31 0.0000e+00
    177.000    175.206    -0.3002  28.391037    -0.3041  28.387943     6.2541     6.2866     0.0639    89.8972 1.0000e-12  -63.75138  -61.57544 349.278778      99.97 1.7629e+00   1699.384      40786  1028.4583  1028.4587    34.3721    34.3723    8.10894         36 0.0000e+00
    176.000    174.216    -0.2907  28.393654    -0.2928  28.391929     6.2740     6.2999     0.0628    89.8969 1.0000e-12  -63.75138  -61.57544 349.278793      99.97 1.7629e+00   1700.692      40818  1028.4474  1028.4477    34.3654    34.3655    8.10728         27 0.0000e+00
    175.000    173.228    -0.2817  28.397156    -0.2854  28.394295     6.2665     6.3008     0.0394    89.8819 1.0000e-12  -63.75138  -61.57544 349.278804      99.97 1.7629e+00   1701.679      40841  1028.4381  1028.4386    34.3606    34.3609    8.10565         21 0.0000e+00
    174.000    172.236    -0.2758  28.399665    -0.2767  28.398051     6.2524     6.3014     0.0451    89.8902 1.0000e-12  -63.75138  -61.57544 349.278814      99.97 1.7629e+00   1702.533      40862  1028.4307  1028.4298    34.3579    34.3567    8.10455         20 0.0000e+00
    173.000    171.246    -0.2741  28.400340    -0.2743  28.399059     6.2529     6.3023     0.0525    89.8849 1.0000e-12  -63.75138  -61.57544 349.278825      99.97 1.7629e+00   1703.437      40883  1028.4256  1028.4243    34.3574    34.3559    8.10421         23 0.0000e+00
    172.000    170.258    -0.2760  28.399088    -0.2761  28.397833     6.2522     6.3023     0.0548    89.8843 1.0000e-12  -63.75138  -61.57544 349.278840      99.97 1.7629e+00   1704.777      40916  1028.4220  1028.4207    34.3586    34.3570    8.10456         37 0.0000e+00
    171.000    169.268    -0.2768  28.398045    -0.2768  28.396929     6.2522     6.3053     0.0688    89.8621 1.0000e-12  -63.75138  -61.57544 349.278862      99.97 1.7629e+00   1706.716      40962  1028.4175  1028.4162    34.3587    34.3571    8.10473         36 0.0000e+00
    170.000    168.281    -0.2730  28.399132    -0.2744  28.397373     6.2609     6.3161     0.0544    89.8855 1.0000e-12  -63.75138  -61.57544 349.278876      99.97 1.7629e+00   1707.867      40990  1028.4107  1028.4102    34.3565    34.3557    8.10404         22 0.0000e+00
    169.000    167.288    -0.2722  28.398786    -0.2728  28.397388     6.2583     6.3197     0.0505    89.8788 1.0000e-12  -63.75138  -61.57544 349.278885      99.97 1.7629e+00   1708.681      41009  1028.4053  1028.4043    34.3557    34.3545    8.10391         18 0.0000e+00
    168.000    166.300    -0.2701  28.397759    -0.2702  28.396078     6.2648     6.3234     0.0462    89.8911 1.0000e-12  -63.75138  -61.57544 349.278894      99.97 1.7629e+00   1709.418      41027  1028.3978  1028.3961    34.3525    34.3504    8.10364         17 0.0000e+00
    167.000    165.312    -0.2639  28.397318    -0.2645  28.396004     6.2616     6.3163     0.0518    89.8958 1.0000e-12  -63.75138  -61.57544 349.278903      99.97 1.7629e+00   1710.217      41046  1028.3870  1028.3862    34.3455    34.3446    8.10271         22 0.0000e+00
    166.000    164.321    -0.2625  28.398089    -0.2655  28.396010     6.2574     6.3145     0.0687    89.8833 1.0000e-12  -63.75138  -61.57544 349.278915      99.97 1.7629e+00   1711.268      41071  1028.3822  1028.3829    34.3456    34.3462    8.10241         28 0.0000e+00
    165.000    163.332    -0.2655  28.396709    -0.2662  28.395218     6.2569     6.3173     0.0651    89.8946 1.0000e-12  -63.75138  -61.57544 349.278933      99.97 1.7629e+00   1712.791      41108  1028.3795  1028.3786    34.3478    34.3466    8.10293         39 0.0000e+00
    164.000    162.343    -0.2633  28.396662    -0.2626  28.395713     6.2645     6.3212     0.0731    89.9026 1.0000e-12  -63.75138  -61.57544 349.278951      99.97 1.7629e+00   1714.393      41146  1028.3731  1028.3713    34.3458    34.3438    8.10257         34 0.0000e+00
    163.000    161.352    -0.2547  28.398894    -0.2570  28.396949     6.2670     6.3188     0.0622    89.9026 1.0000e-12  -63.75138  -61.57544 349.278966      99.97 1.7629e+00   1715.671      41177  1028.3628  1028.3630    34.3397    34.3398    8.10109         29 0.0000e+00
    162.000    160.364    -0.2513  28.399755    -0.2534  28.397863     6.2577     6.3235     0.0600    89.9035 1.0000e-12  -63.75138  -61.57544 349.278980      99.97 2.1019e+00   1716.854      41206  1028.3561  1028.3561    34.3377    34.3375    8.10049         28 0.0000e+00
    161.000    159.375    -0.2464  28.401592    -0.2507  28.398538     6.2580     6.3232     0.0619    89.9017 1.0000e-12  -63.75138  -61.57544 349.278994      99.97 2.9085e+00   1718.039      41234  1028.3491  1028.3500    34.3352    34.3360    8.09959         28 0.0000e+00
    160.000    158.384    -0.2454  28.401282    -0.2469  28.399543     6.2624     6.3249     0.0617    89.9069 1.0000e-12  -63.75138  -61.57544 349.279006      99.97 3.0342e+00   1719.141      41260  1028.3435  1028.3431    34.3342    34.3336    8.09943         25 0.0000e+00
    159.000    157.395    -0.2449  28.400272    -0.2454  28.398793     6.2578     6.3252     0.0722    89.9212 1.0000e-12  -63.75136  -61.57542 349.279017      99.97 3.3571e+00   1720.081      41283  1028.3378  1028.3367    34.3330    34.3316    8.09940         21 0.0000e+00
    158.000    156.404    -0.2433  28.400238    -0.2442  28.398645     6.2624     6.3284     0.0616    89.9053 1.0000e-12  -63.75136  -61.57542 349.279027      99.97 3.4422e+00   1720.962      41304  1028.3319  1028.3311    34.3317    34.3307    8.09913         21 0.0000e+00
    157.000    155.416    -0.2424  28.400338    -0.2431  28.398838     6.2667     6.3292     0.0606    89.9017 1.0000e-12  -63.75136  -61.57542 349.279038      99.97 3.5261e+00   1721.899      41327  1028.3270  1028.3259    34.3315    34.3302    8.09895         24 0.0000e+00
    156.000    154.426    -0.2434  28.399355    -0.2442  28.397807     6.2735     6.3335     0.0697    89.9180 1.0000e-12  -63.75136  -61.57542 349.279051      99.97 3.5258e+00   1723.020      41353  1028.3227  1028.3218    34.3319    34.3308    8.09915         30 0.0000e+00
    155.000    153.436    -0.2450  28.398159    -0.2443  28.397006     6.2749     6.3294     0.0789    89.9028 1.0000e-12  -63.75136  -61.57542 349.279066      99.97 3.5258e+00   1724.295      41384  1028.3188  1028.3168    34.3328    34.3304    8.09944         30 0.0000e+00
    154.000    152.448    -0.2418  28.398682    -0.2428  28.397166     6.2762     6.3285     0.0869    89.9017 1.0000e-12  -63.75136  -61.57542 349.279080      99.97 3.5258e+00   1725.495      41413  1028.3119  1028.3113    34.3304    34.3296    8.09889         27 0.0000e+00
    153.000    151.457    -0.2402  28.399458    -0.2422  28.397128     6.2777     6.3286     0.0744    89.9017 1.0000e-12  -63.75136  -61.57542 349.279094      99.97 3.5258e+00   1726.752      41443  1028.3069  1028.3064    34.3302    34.3295    8.09855         34 0.0000e+00
    152.000    150.469    -0.2429  28.397746    -0.2431  28.396098     6.2704     6.3376     0.0799    89.9001 1.0000e-12  -63.75136  -61.57542 349.279114      99.97 3.5258e+00   1728.483      41485  1028.3036  1028.3020    34.3317    34.3297    8.09906         37 0.0000e+00
    151.000    149.479    -0.2402  28.398586    -0.2413  28.396803     6.2916     6.3527     0.0852    89.8902 1.0000e-12  -63.75136  -61.57542 349.279133      99.97 3.5258e+00   1730.118      41524  1028.2975  1028.2967    34.3303    34.3292    8.09855         30 0.0000e+00
    150.000    148.490    -0.2346  28.400653    -0.2362  28.398957     6.3343     6.3725     0.0704    89.9033 1.0000e-12  -63.75136  -61.57542 349.279145      99.97 3.5258e+00   1731.127      41548  1028.2900  1028.2897    34.3274    34.3269    8.09753         20 0.0000e+00
    149.000    147.498    -0.2301  28.400930    -0.2311  28.399851     6.3575     6.3857     0.0544    89.9044 1.0000e-12  -63.75136  -61.57542 349.279154      99.97 3.5258e+00   1731.932      41567  1028.2816  1028.2814    34.3232    34.3230    8.09680         19 0.0000e+00
    148.000    146.511    -0.2353  28.394680    -0.2340  28.395016     6.3673     6.3950     0.0555    89.8723 1.0000e-12  -63.75136  -61.57543 349.279163      99.97 3.5258e+00   1732.696      41586  1028.2758  1028.2748    34.3215    34.3204    8.09803         19 0.0000e+00
    147.000    145.520    -0.2405  28.387377    -0.2387  28.388904     6.3699     6.3988     0.0600    89.8585 1.0000e-12  -63.75136  -61.57544 349.279172      99.97 3.5258e+00   1733.486      41605  1028.2688  1028.2687    34.3181    34.3182    8.09931         19 0.0000e+00
    146.000    144.530    -0.2417  28.384924    -0.2419  28.384066     6.3661     6.4038     0.0607    89.8101 1.0000e-12  -63.75136  -61.57542 349.279183      99.97 3.5258e+00   1734.370      41626  1028.2631  1028.2624    34.3168    34.3159    8.09963         23 0.0000e+00
    145.000    143.541    -0.2428  28.382593    -0.2411  28.385024     6.3755     6.4096     0.0918    89.7990 1.0000e-12  -63.75136  -61.57544 349.279195      99.97 3.5258e+00   1735.409      41651  1028.2575  1028.2584    34.3156    34.3169    8.09995         28 0.0000e+00
    144.000    142.551    -0.2428  28.382347    -0.2430  28.381321     6.3828     6.4094     0.0645    89.7979 1.0000e-12  -63.75136  -61.57544 349.279209      99.97 3.5258e+00   1736.662      41681  1028.2529  1028.2520    34.3159    34.3147    8.09993         32 0.0000e+00
    143.000    141.562    -0.2452  28.378850    -0.2426  28.381825     6.3803     6.4340     0.0803    89.7720 1.0000e-12  -63.75136  -61.57543 349.279226      99.97 3.5258e+00   1738.138      41716  1028.2472  1028.2478    34.3145    34.3156    8.10051         37 0.0000e+00
    142.000    140.573    -0.2446  28.380018    -0.2472  28.376494     6.4088     6.4629     0.0856    89.7532 1.0000e-12  -63.75136  -61.57542 349.279245      99.97 3.5258e+00   1739.728      41754  1028.2436  1028.2424    34.3160    34.3142    8.10030         36 0.0000e+00
    141.000    139.582    -0.2443  28.379268    -0.2547  28.366941     6.6284     6.5511     0.0828    89.6875 1.0000e-12  -63.75136  -61.57542 349.279263      99.97 3.5258e+00   1741.307      41792  1028.2383  1028.2352    34.3153    34.3105    8.10029         35 0.0000e+00
    140.000    138.594    -0.2865  28.335529    -0.2657  28.355433     6.7436     6.6426     0.0911    89.6968 1.0000e-12  -63.75135  -61.57543 349.279277      99.97 3.5258e+00   1742.553      41822  1028.2285  1028.2293    34.3050    34.3081    8.10985         26 0.0000e+00
    139.000    137.604    -0.3017  28.314105    -0.2947  28.323339     6.7497     6.6766     0.0844    89.7075 1.0000e-12  -63.75134  -61.57544 349.279289      99.97 3.5258e+00   1743.534      41846  1028.2160  1028.2190    34.2942    34.2986    8.11371         22 0.0000e+00
    138.000    136.613    -0.2990  28.312400    -0.2993  28.312026     6.7295     6.6865     0.0691    89.6089 1.0000e-12  -63.75134  -61.57544 349.279299      99.97 3.5258e+00   1744.414      41867  1028.2071  1028.2069    34.2894    34.2892    8.11340         21 0.0000e+00
    137.000    135.625    -0.2930  28.316169    -0.2952  28.313867     6.7000     6.6876     0.0731    89.5605 1.0000e-12  -63.75134  -61.57544 349.279309      99.97 3.5258e+00   1745.334      41889  1028.2007  1028.2005    34.2883    34.2877    8.11218         24 0.0000e+00
    136.000    134.634    -0.2879  28.319729    -0.2900  28.317428     6.6837     6.6933     0.0960    89.5417 1.0000e-12  -63.75134  -61.57544 349.279322      99.97 3.5258e+00   1746.410      41915  1028.1952  1028.1948    34.2879    34.2872    8.11112         28 0.0000e+00
    135.000    133.645    -0.2825  28.323249    -0.2855  28.321007     6.6824     6.7039     0.1170    89.5187 1.0000e-12  -63.75134  -61.57544 349.279336      99.97 3.5258e+00   1747.638      41944  1028.1892  1028.1898    34.2871    34.2875    8.11000         29 0.0000e+00
    134.000    132.655    -0.2762  28.326814    -0.2791  28.323815     6.6716     6.7089     0.1152    89.5131 1.0000e-12  -63.75134  -61.57544 349.279349      99.97 3.5258e+00   1748.722      41970  1028.1825  1028.1822    34.2854    34.2847    8.10876         23 0.0000e+00
    133.000    131.667    -0.2692  28.331208    -0.2724  28.327773     6.6668     6.7126     0.0946    89.5025 1.0000e-12  -63.75134  -61.57544 349.279359      99.97 3.5258e+00   1749.612      41992  1028.1761  1028.1755    34.2840    34.2830    8.10735         20 0.0000e+00
    132.000    130.676    -0.2585  28.337913    -0.2612  28.335258     6.6720     6.7126     0.0836    89.4949 1.0000e-12  -63.75134  -61.57544 349.279368      99.97 3.5258e+00   1750.427      42011  1028.1685  1028.1683    34.2816    34.2811    8.10522         20 0.0000e+00
    131.000    129.686    -0.2555  28.339986    -0.2584  28.336981     6.6652     6.7043     0.0912    89.4847 1.0000e-12  -63.75134  -61.57544 349.279379      99.97 3.5258e+00   1751.320      42033  1028.1635  1028.1631    34.2815    34.2807    8.10458         24 0.0000e+00
    130.000    128.697    -0.2587  28.337944    -0.2625  28.334518     6.6445     6.7037     0.1034    89.4665 1.0000e-12  -63.75134  -61.57544 349.279400      99.97 3.5258e+00   1753.200      42078  1028.1604  1028.1603    34.2830    34.2827    8.10518         40 0.0000e+00
    129.000    127.705    -0.2685  28.330655    -0.2710  28.327953     6.6762     6.7216     0.1016    89.4799 1.0000e-12  -63.75134  -61.57544 349.279430      99.97 3.5258e+00   1755.754      42139  1028.1579  1028.1574    34.2849    34.2842    8.10715         34 0.0000e+00
    128.000    126.718    -0.2586  28.336408    -0.2590  28.335214     6.7060     6.7385     0.0986    89.4587 1.0000e-12  -63.75134  -61.57544 349.279442      99.97 3.5258e+00   1756.770      42163  1028.1500  1028.1491    34.2821    34.2810    8.10521         21 0.0000e+00
    127.000    125.728    -0.2461  28.343730    -0.2498  28.340121     6.7167     6.7521     0.0940    89.4609 1.0000e-12  -63.75134  -61.57544 349.279451      99.97 3.5258e+00   1757.539      42182  1028.1414  1028.1411    34.2785    34.2778    8.10277         17 0.0000e+00
    126.000    124.739    -0.2408  28.346552    -0.2423  28.344510     6.7171     6.7597     0.0935    89.4308 1.0000e-12  -63.75134  -61.57544 349.279459      99.97 3.5258e+00   1758.245      42199  1028.1349  1028.1342    34.2768    34.2758    8.10173         17 0.0000e+00
    125.000    123.749    -0.2389  28.346582    -0.2397  28.345045     6.7195     6.7645     0.1058    89.4033 1.0000e-12  -63.75134  -61.57544 349.279468      99.97 3.5258e+00   1758.989      42217  1028.1289  1028.1279    34.2753    34.2741    8.10140         19 0.0000e+00
