NBP2113_155081_ctd/data/unbp2113_001.cnv
* Sea-Bird SBE 9 Data File:
* FileName = D:\Data\raw\NBP2113_001.hex
* Software Version Seasave V 7.26.7.121
* Temperature SN = 2438
* Conductivity SN = 2067
* Number of Bytes Per Scan = 40
* Number of Voltage Words = 5
* Number of Scans Averaged by the Deck Unit = 1
* NMEA Latitude = 62 27.93 S
* NMEA Longitude = 060 43.81 W
* NMEA UTC (Time) = Nov 21 2021  23:52:59
* NMEA baud rate = 9600
** Ship: RVIB N.B. Palmer
** Cruise: NBP2113 LTER
** Station: 982.238
** Operator: S, Blackman
# nquan = 25
# nvalues = 56                          
# units = specified
# name 0 = prDM: Pressure, Digiquartz [db]
# name 1 = depSM: Depth [salt water, m]
# name 2 = t090C: Temperature [ITS-90, deg C]
# name 3 = c0mS/cm: Conductivity [mS/cm]
# name 4 = t190C: Temperature, 2 [ITS-90, deg C]
# name 5 = c1mS/cm: Conductivity, 2 [mS/cm]
# name 6 = sbeox0ML/L: Oxygen, SBE 43 [ml/l]
# name 7 = sbeox1ML/L: Oxygen, SBE 43, 2 [ml/l]
# name 8 = flECO-AFL: Fluorescence, WET Labs ECO-AFL/FL [mg/m^3]
# name 9 = CStarTr0: Beam Transmission, WET Labs C-Star [%]
# name 10 = par: PAR/Irradiance, Biospherical/Licor
# name 11 = latitude: Latitude [deg]
# name 12 = longitude: Longitude [deg]
# name 13 = timeJ: Julian Days
# name 14 = altM: Altimeter [m]
# name 15 = spar: SPAR, Biospherical/Licor
# name 16 = timeS: Time, Elapsed [seconds]
# name 17 = scan: Scan Count
# name 18 = density00: Density [density, kg/m^3]
# name 19 = density11: Density, 2 [density, kg/m^3]
# name 20 = sal00: Salinity, Practical [PSU]
# name 21 = sal11: Salinity, Practical, 2 [PSU]
# name 22 = oxsolML/L: Oxygen Saturation, Garcia & Gordon [ml/l]
# name 23 = nbin: number of scans per bin
# name 24 = flag: flag
# span 0 =      1.000,     56.000       
# span 1 =      0.990,     55.441       
# span 2 =     0.2338,     0.2953       
# span 3 =  28.695637,  28.720319       
# span 4 =     0.2345,     0.2945       
# span 5 =  28.694261,  28.718496       
# span 6 =     7.7301,     8.0135       
# span 7 =     7.7395,     7.9574       
# span 8 =     0.6541,     1.0704       
# span 9 =    85.7868,    91.3004       
# span 10 = 1.0000e-12, 1.4493e+02      
# span 11 =  -62.46562,  -62.46542      
# span 12 =  -60.73039,  -60.73032      
# span 13 = 326.000807, 326.002683      
# span 14 =       8.73,      65.59      
# span 15 = 2.9099e+02, 3.4677e+02      
# span 16 =    490.741,    652.794      
# span 17 =      11779,      15668      
# span 18 =  1027.4826,  1027.7565      
# span 19 =  1027.4772,  1027.7551      
# span 20 =    34.2409,    34.2543      
# span 21 =    34.2346,    34.2515      
# span 22 =    7.99114,    8.00319      
# span 23 =         25,         46      
# span 24 = 0.0000e+00, 0.0000e+00      
# interval = decibars: 1                
# start_time = Nov 21 2021 23:52:59 [NMEA time, header]
# bad_flag = -9.990e-29
*END*
     56.000     55.441     0.2433  28.705891     0.2398  28.701299     7.8274     7.7813     0.7310    90.0169 1.0000e-12  -62.46542  -60.73039 326.000807       8.73 3.3985e+02    490.741      11779  1027.7565  1027.7551    34.2533    34.2512    8.00127         26 0.0000e+00
     55.000     54.465     0.2643  28.720319     0.2648  28.718496     7.8398     7.8223     0.8478    89.0877 1.0000e-12  -62.46544  -60.73038 326.000908       9.84 3.3866e+02    499.470      11988  1027.7475  1027.7452    34.2495    34.2466    7.99712         32 0.0000e+00
     54.000     53.474     0.2533  28.711555     0.2576  28.712471     7.7616     7.7772     0.8908    89.3148 1.0000e-12  -62.46544  -60.73038 326.000965      10.66 3.4279e+02    504.384      12106  1027.7449  1027.7417    34.2508    34.2472    7.99932         33 0.0000e+00
     53.000     52.483     0.2366  28.698751     0.2385  28.698007     7.7301     7.7504     0.7190    89.6990 1.0000e-12  -62.46544  -60.73038 326.000995      11.56 3.4103e+02    506.931      12167  1027.7436  1027.7409    34.2532    34.2501    8.00268         32 0.0000e+00
     52.000     51.494     0.2338  28.696761     0.2345  28.695240     7.7484     7.7524     0.6541    90.8464 1.0000e-12  -62.46544  -60.73038 326.001009      12.61 3.4284e+02    508.160      12197  1027.7398  1027.7375    34.2543    34.2515    8.00319         31 0.0000e+00
     51.000     50.503     0.2357  28.697533     0.2357  28.695522     7.7688     7.7395     0.6998    91.3004 1.0000e-12  -62.46544  -60.73038 326.001042      13.87 3.4258e+02    510.996      12265  1027.7344  1027.7322    34.2538    34.2512    8.00282         33 0.0000e+00
     50.000     49.516     0.2354  28.696765     0.2352  28.694571     7.7665     7.7545     0.8198    91.2826 1.0000e-12  -62.46544  -60.73038 326.001091      14.72 3.4013e+02    515.303      12368  1027.7293  1027.7273    34.2537    34.2511    8.00289         37 0.0000e+00
     49.000     48.522     0.2342  28.695637     0.2353  28.694261     7.7683     7.7492     0.7711    91.2880 1.0000e-12  -62.46545  -60.73038 326.001128      15.67 3.2635e+02    518.470      12444  1027.7251  1027.7225    34.2542    34.2511    8.00311         43 0.0000e+00
     48.000     47.534     0.2370  28.697400     0.2387  28.696625     7.7800     7.7552     0.6954    91.1148 1.0000e-12  -62.46546  -60.73038 326.001154      16.74 3.3580e+02    520.681      12497  1027.7199  1027.7174    34.2540    34.2511    8.00255         40 0.0000e+00
     47.000     46.542     0.2488  28.705832     0.2548  28.708030     7.8306     7.7701     0.8285    90.4817 1.0000e-12  -62.46546  -60.73037 326.001181      17.86 3.4677e+02    523.082      12555  1027.7130  1027.7095    34.2526    34.2488    8.00017         38 0.0000e+00
     46.000     45.552     0.2600  28.713373     0.2554  28.707949     7.8425     7.7839     0.9049    89.7449 1.0000e-12  -62.46546  -60.73037 326.001211      18.90 3.4267e+02    525.615      12616  1027.7059  1027.7046    34.2506    34.2485    7.99795         45 0.0000e+00
     45.000     44.562     0.2586  28.711644     0.2552  28.707264     7.8364     7.7978     0.8259    89.7284 1.0000e-12  -62.46546  -60.73038 326.001258      19.84 3.2897e+02    529.653      12713  1027.7013  1027.7000    34.2505    34.2486    7.99825         33 0.0000e+00
     44.000     43.572     0.2630  28.714369     0.2616  28.711279     7.8497     7.8025     0.7766    89.6488 1.0000e-12  -62.46546  -60.73036 326.001288      20.73 3.3558e+02    532.258      12775  1027.6956  1027.6938    34.2497    34.2473    7.99737         40 0.0000e+00
     43.000     42.582     0.2632  28.713924     0.2631  28.711788     7.8587     7.8124     0.8420    89.2369 1.0000e-12  -62.46546  -60.73036 326.001314      21.86 3.4651e+02    534.549      12830  1027.6908  1027.6886    34.2495    34.2469    7.99734         36 0.0000e+00
     42.000     41.591     0.2683  28.717055     0.2667  28.713754     7.8736     7.8366     0.9120    88.9902 1.0000e-12  -62.46546  -60.73036 326.001350      22.95 3.1732e+02    537.645      12904  1027.6850  1027.6830    34.2486    34.2460    7.99634         32 0.0000e+00
     41.000     40.601     0.2709  28.718169     0.2704  28.715920     7.8703     7.8369     0.9499    88.5309 1.0000e-12  -62.46546  -60.73036 326.001382      23.98 3.4319e+02    540.433      12971  1027.6794  1027.6775    34.2477    34.2454    7.99584         38 0.0000e+00
     40.000     39.611     0.2712  28.717926     0.2720  28.716461     7.9007     7.8467     0.9584    88.2754 1.0000e-12  -62.46548  -60.73036 326.001413      24.88 3.3832e+02    543.043      13034  1027.6746  1027.6723    34.2477    34.2449    7.99578         40 0.0000e+00
     39.000     38.623     0.2739  28.719211     0.2739  28.717089     7.8926     7.8461     0.8820    88.0630 1.0000e-12  -62.46548  -60.73036 326.001445      25.92 3.3276e+02    545.870      13102  1027.6692  1027.6670    34.2470    34.2443    7.99526         33 0.0000e+00
     38.000     37.632     0.2734  28.718325     0.2736  28.716405     7.9157     7.8553     0.8715    87.7668 2.8705e-05  -62.46548  -60.73036 326.001485      26.86 3.4599e+02    549.341      13185  1027.6645  1027.6623    34.2470    34.2443    7.99537         45 0.0000e+00
     37.000     36.642     0.2775  28.720154     0.2761  28.717514     7.9515     7.8919     0.8733    87.6198 5.5867e-03  -62.46548  -60.73036 326.001512      28.00 3.2569e+02    551.628      13240  1027.6582  1027.6568    34.2455    34.2435    7.99461         45 0.0000e+00
     36.000     35.649     0.2778  28.719363     0.2783  28.717811     7.9589     7.9090     0.9268    87.4699 1.6541e-02  -62.46548  -60.73036 326.001542      29.01 3.3595e+02    554.213      13302  1027.6528  1027.6506    34.2447    34.2420    7.99458         40 0.0000e+00
     35.000     34.661     0.2791  28.719685     0.2799  28.718319     7.9571     7.9025     1.0704    86.9615 3.3674e-02  -62.46548  -60.73036 326.001575      30.00 3.3508e+02    557.071      13371  1027.6476  1027.6454    34.2442    34.2415    7.99433         41 0.0000e+00
     34.000     33.670     0.2787  28.719146     0.2799  28.717889     7.9530     7.9134     1.0301    86.4082 4.8245e-02  -62.46550  -60.73036 326.001613      30.97 3.4450e+02    560.370      13450  1027.6432  1027.6407    34.2445    34.2415    7.99440         42 0.0000e+00
     33.000     32.680     0.2790  28.718476     0.2793  28.716275     7.9696     7.9260     0.8842    86.3874 6.3781e-02  -62.46550  -60.73036 326.001643      32.07 3.2415e+02    562.962      13512  1027.6380  1027.6354    34.2439    34.2407    7.99437         42 0.0000e+00
     32.000     31.689     0.2790  28.717966     0.2793  28.715838     7.9885     7.9361     0.9411    86.2465 8.8135e-02  -62.46550  -60.73036 326.001672      33.08 3.3289e+02    565.434      13571  1027.6332  1027.6307    34.2439    34.2408    7.99437         42 0.0000e+00
     31.000     30.700     0.2777  28.715388     0.2786  28.714117     7.9985     7.9485     1.0116    85.9533 1.2145e-01  -62.46550  -60.73036 326.001704      33.97 3.4362e+02    568.258      13639  1027.6275  1027.6253    34.2426    34.2399    7.99473         45 0.0000e+00
     30.000     29.710     0.2780  28.715581     0.2787  28.713789     7.9895     7.9465     0.9387    85.9174 1.4778e-01  -62.46550  -60.73036 326.001748      34.96 3.2347e+02    571.988      13729  1027.6231  1027.6206    34.2431    34.2400    7.99463         30 0.0000e+00
     29.000     28.719     0.2772  28.714070     0.2781  28.712600     8.0024     7.9515     0.8329    85.9966 1.8365e-01  -62.46550  -60.73036 326.001774      36.03 3.3406e+02    574.249      13783  1027.6180  1027.6156    34.2426    34.2396    7.99482         44 0.0000e+00
     28.000     27.727     0.2762  28.712713     0.2768  28.710912     8.0116     7.9491     0.8884    86.0024 2.3505e-01  -62.46551  -60.73034 326.001801      37.17 3.4558e+02    576.592      13839  1027.6133  1027.6108    34.2426    34.2395    7.99504         30 0.0000e+00
     27.000     26.739     0.2755  28.711730     0.2763  28.710161     7.9978     7.9494     0.9006    85.9876 2.8819e-01  -62.46552  -60.73034 326.001834      38.18 3.2664e+02    579.490      13909  1027.6086  1027.6062    34.2426    34.2396    7.99518         44 0.0000e+00
     26.000     25.749     0.2754  28.711209     0.2761  28.709553     7.9845     7.9478     0.8999    86.0606 3.7157e-01  -62.46552  -60.73034 326.001866      39.15 3.3184e+02    582.194      13974  1027.6038  1027.6014    34.2426    34.2397    7.99519         29 0.0000e+00
     25.000     24.756     0.2761  28.711223     0.2772  28.710077     8.0135     7.9574     0.9062    86.2109 4.2558e-01  -62.46552  -60.73034 326.001912      40.15 3.1407e+02    586.160      14069  1027.5989  1027.5967    34.2425    34.2398    7.99505         36 0.0000e+00
     24.000     23.767     0.2749  28.709817     0.2758  28.708381     8.0011     7.9502     0.8108    86.1454 5.1568e-01  -62.46552  -60.73034 326.001935      41.16 3.2175e+02    588.203      14118  1027.5943  1027.5920    34.2426    34.2397    7.99530         43 0.0000e+00
     23.000     22.777     0.2746  28.709196     0.2752  28.707524     8.0036     7.9492     0.9044    86.0730 6.6788e-01  -62.46553  -60.73034 326.001962      42.24 3.3957e+02    590.481      14173  1027.5897  1027.5873    34.2427    34.2398    7.99535         30 0.0000e+00
     22.000     21.785     0.2755  28.709335     0.2760  28.707679     7.9942     7.9437     0.9202    86.1418 7.8946e-01  -62.46554  -60.73034 326.002002      43.29 3.2399e+02    593.939      14256  1027.5847  1027.5825    34.2425    34.2398    7.99519         28 0.0000e+00
     21.000     20.797     0.2755  28.708973     0.2762  28.707477     7.9899     7.9512     0.9073    86.2519 9.2449e-01  -62.46554  -60.73034 326.002033      44.35 3.1471e+02    596.634      14320  1027.5801  1027.5777    34.2427    34.2398    7.99518         45 0.0000e+00
     20.000     19.809     0.2757  28.708674     0.2762  28.706949     7.9937     7.9464     0.9054    86.3201 1.1669e+00  -62.46554  -60.73034 326.002065      45.37 3.2269e+02    599.452      14388  1027.5753  1027.5730    34.2426    34.2398    7.99514         25 0.0000e+00
     19.000     18.817     0.2764  28.708786     0.2765  28.706677     7.9964     7.9435     0.9205    86.2600 1.3662e+00  -62.46554  -60.73033 326.002102      46.41 3.1928e+02    602.569      14463  1027.5705  1027.5681    34.2426    34.2397    7.99500         33 0.0000e+00
     18.000     17.827     0.2768  28.708615     0.2772  28.706938     7.9808     7.9428     0.8859    86.2941 1.5924e+00  -62.46556  -60.73032 326.002130      47.47 3.2033e+02    605.021      14522  1027.5656  1027.5634    34.2426    34.2398    7.99492         42 0.0000e+00
     17.000     16.839     0.2770  28.708390     0.2774  28.706508     7.9785     7.9432     0.9284    86.2746 2.0360e+00  -62.46556  -60.73032 326.002158      48.43 3.1940e+02    607.458      14580  1027.5609  1027.5585    34.2426    34.2397    7.99486         34 0.0000e+00
     16.000     15.846     0.2770  28.707950     0.2786  28.707087     7.9815     7.9461     0.9081    86.2545 2.3478e+00  -62.46556  -60.73032 326.002203      49.47 3.1177e+02    611.370      14674  1027.5562  1027.5537    34.2426    34.2397    7.99486         40 0.0000e+00
     15.000     14.856     0.2773  28.707645     0.2786  28.706610     7.9875     7.9410     0.8400    86.2726 2.7325e+00  -62.46556  -60.73032 326.002231      50.55 3.0246e+02    613.795      14732  1027.5513  1027.5489    34.2425    34.2397    7.99482         41 0.0000e+00
     14.000     13.865     0.2790  28.708685     0.2796  28.706953     7.9970     7.9477     0.8465    86.2568 3.3527e+00  -62.46557  -60.73032 326.002255      51.71 3.1530e+02    615.838      14781  1027.5464  1027.5441    34.2425    34.2397    7.99445         46 0.0000e+00
     13.000     12.875     0.2790  28.708113     0.2794  28.706294     7.9815     7.9463     0.9002    86.3215 4.2197e+00  -62.46558  -60.73032 326.002289      52.63 3.2135e+02    618.806      14852  1027.5416  1027.5393    34.2424    34.2396    7.99446         35 0.0000e+00
     12.000     11.884     0.2787  28.707483     0.2792  28.705738     7.9757     7.9422     0.8960    86.2983 4.8698e+00  -62.46558  -60.73032 326.002330      53.70 2.9693e+02    622.270      14935  1027.5369  1027.5346    34.2425    34.2396    7.99452         46 0.0000e+00
     11.000     10.894     0.2794  28.707437     0.2809  28.706632     7.9811     7.9455     0.9160    86.2138 6.0979e+00  -62.46558  -60.73032 326.002361      54.73 3.0798e+02    625.003      15001  1027.5320  1027.5296    34.2423    34.2396    7.99439         37 0.0000e+00
     10.000      9.904     0.2819  28.709194     0.2822  28.707297     7.9753     7.9401     0.9413    86.2448 7.3951e+00  -62.46558  -60.73032 326.002395      55.60 3.1207e+02    627.961      15072  1027.5272  1027.5248    34.2425    34.2396    7.99386         39 0.0000e+00
      9.000      8.914     0.2856  28.711867     0.2849  28.708560     7.9613     7.9421     0.8783    86.2559 8.8913e+00  -62.46560  -60.73032 326.002425      56.89 3.0644e+02    630.492      15133  1027.5220  1027.5189    34.2424    34.2388    7.99309         37 0.0000e+00
      8.000      7.922     0.2879  28.713413     0.2878  28.711008     7.9645     7.9308     0.9000    86.3225 1.0766e+01  -62.46560  -60.73032 326.002452      58.07 3.1186e+02    632.823      15189  1027.5173  1027.5148    34.2425    34.2395    7.99261         41 0.0000e+00
      7.000      6.933     0.2889  28.713917     0.2891  28.711539     7.9674     7.9341     0.8968    86.2233 1.3632e+01  -62.46560  -60.73032 326.002486      59.02 3.0772e+02    635.803      15260  1027.5125  1027.5098    34.2426    34.2393    7.99239         36 0.0000e+00
      6.000      5.944     0.2884  28.712990     0.2890  28.711071     7.9727     7.9363     0.8459    86.3502 1.6936e+01  -62.46560  -60.73032 326.002521      59.52 3.0908e+02    638.827      15333  1027.5078  1027.5052    34.2426    34.2394    7.99249         35 0.0000e+00
      5.000      4.951     0.2884  28.712174     0.2886  28.709947     7.9662     7.9358     0.8425    86.2874 1.9634e+01  -62.46560  -60.73032 326.002570      61.19 2.9099e+02    643.022      15434  1027.5028  1027.5001    34.2422    34.2389    7.99253         38 0.0000e+00
      4.000      3.961     0.2858  28.709417     0.2847  28.705255     7.9632     7.9378     0.8257    86.1601 2.4930e+01  -62.46560  -60.73032 326.002583      62.07 2.9902e+02    644.171      15461  1027.4981  1027.4948    34.2420    34.2377    7.99308         31 0.0000e+00
      3.000      2.971     0.2859  28.708854     0.2853  28.704540     7.9573     7.9356     0.8454    85.7868 3.4420e+01  -62.46561  -60.73032 326.002611      63.14 3.1224e+02    646.594      15519  1027.4931  1027.4893    34.2417    34.2367    7.99306         32 0.0000e+00
      2.000      1.983     0.2936  28.714476     0.2944  28.712657     7.9404     7.9262     0.8432    85.9277 4.6067e+01  -62.46562  -60.73032 326.002657      64.88 3.0203e+02    650.601      15615  1027.4872  1027.4846    34.2409    34.2379    7.99146         28 0.0000e+00
      1.000      0.990     0.2953  28.715568     0.2945  28.709782 -9.990e-29 -9.990e-29     0.8528    85.8672 1.4493e+02  -62.46562  -60.73032 326.002683      65.59 3.0038e+02    652.794      15668  1027.4826  1027.4772    34.2414    34.2346    7.99114         35 0.0000e+00
