NBP2113_155081_ctd/data/unbp2113_025.cnv
* Sea-Bird SBE 9 Data File:
* FileName = D:\Data\raw\NBP2113_025.hex
* Software Version Seasave V 7.26.7.121
* Temperature SN = 2438
* Conductivity SN = 2067
* Number of Bytes Per Scan = 40
* Number of Voltage Words = 5
* Number of Scans Averaged by the Deck Unit = 1
* NMEA Latitude = 66 26.47 S
* NMEA Longitude = 073 01.98 W
* NMEA UTC (Time) = Dec 02 2021  19:32:09
* NMEA baud rate = 9600
** Ship: RVIB N.B. Palmer
** Cruise: NBP2113 LTER
** Station: 200.200
** Operator: S. Blackman
# nquan = 25
# nvalues = 3715                        
# units = specified
# name 0 = prDM: Pressure, Digiquartz [db]
# name 1 = depSM: Depth [salt water, m]
# name 2 = t090C: Temperature [ITS-90, deg C]
# name 3 = c0mS/cm: Conductivity [mS/cm]
# name 4 = t190C: Temperature, 2 [ITS-90, deg C]
# name 5 = c1mS/cm: Conductivity, 2 [mS/cm]
# name 6 = sbeox0ML/L: Oxygen, SBE 43 [ml/l]
# name 7 = sbeox1ML/L: Oxygen, SBE 43, 2 [ml/l]
# name 8 = flECO-AFL: Fluorescence, WET Labs ECO-AFL/FL [mg/m^3]
# name 9 = CStarTr0: Beam Transmission, WET Labs C-Star [%]
# name 10 = par: PAR/Irradiance, Biospherical/Licor
# name 11 = latitude: Latitude [deg]
# name 12 = longitude: Longitude [deg]
# name 13 = timeJ: Julian Days
# name 14 = altM: Altimeter [m]
# name 15 = spar: SPAR, Biospherical/Licor
# name 16 = timeS: Time, Elapsed [seconds]
# name 17 = scan: Scan Count
# name 18 = density00: Density [density, kg/m^3]
# name 19 = density11: Density, 2 [density, kg/m^3]
# name 20 = sal00: Salinity, Practical [PSU]
# name 21 = sal11: Salinity, Practical, 2 [PSU]
# name 22 = oxsolML/L: Oxygen Saturation, Garcia & Gordon [ml/l]
# name 23 = nbin: number of scans per bin
# name 24 = flag: flag
# span 0 =      1.000,   3715.000       
# span 1 =      0.989,   3646.238       
# span 2 =    -0.7776,     2.0034       
# span 3 =  27.672429,  30.702262       
# span 4 =    -0.7896,     2.0030       
# span 5 =  27.671218,  30.701209       
# span 6 =     3.8858,     9.2472       
# span 7 =     3.9361,     8.3114       
# span 8 =    -0.0233,    11.1216       
# span 9 =    82.8527,    97.6469       
# span 10 = 1.0000e-12, 1.0000e-12      
# span 11 =  -66.44200,  -66.44120      
# span 12 =  -73.03272,  -73.03208      
# span 13 = 336.868260, 336.923772      
# span 14 =       6.83,     101.19      
# span 15 = 3.5258e+02, 2.4448e+03      
# span 16 =   4688.664,   9484.925      
# span 17 =     112529,     227639      
# span 18 =  1027.3022,  1044.8122      
# span 19 =  1027.3010,  1044.8112      
# span 20 =    33.9690,    34.7297      
# span 21 =    33.9676,    34.7288      
# span 22 =    7.62752,    8.23171      
# span 23 =          8,         51      
# span 24 = 0.0000e+00, 0.0000e+00      
# interval = decibars: 1                
# start_time = Dec 02 2021 19:32:09 [NMEA time, header]
# bad_flag = -9.990e-29
*END*
[from data line 2667]
   1048.000   1035.012     1.4411  30.542792     1.4409  30.541908     4.2363     4.2925    -0.0063    97.6170 1.0000e-12  -66.44130  -73.03212 336.905171      99.98 4.8868e+02   7877.778     189068  1032.6926  1032.6920    34.7285    34.7277    7.73322         32 0.0000e+00
   1047.000   1034.027     1.4407  30.541892     1.4403  30.541036     4.2327     4.2924    -0.0134    97.6264 1.0000e-12  -66.44128  -73.03212 336.905191      99.98 4.8835e+02   7879.531     189110  1032.6881  1032.6875    34.7285    34.7277    7.73332         42 0.0000e+00
   1046.000   1033.042     1.4407  30.541575     1.4411  30.541240     4.2343     4.2946    -0.0133    97.6266 1.0000e-12  -66.44128  -73.03212 336.905208      99.98 4.8832e+02   7880.940     189144  1032.6836  1032.6827    34.7286    34.7277    7.73331         26 0.0000e+00
   1045.000   1032.057     1.4419  30.542245     1.4420  30.541682     4.2307     4.2911    -0.0137    97.6266 1.0000e-12  -66.44128  -73.03213 336.905219      99.98 4.8832e+02   7881.909     189167  1032.6788  1032.6781    34.7286    34.7278    7.73307         22 0.0000e+00
   1044.000   1031.071     1.4445  30.543973     1.4439  30.542756     4.2248     4.2891    -0.0056    97.6266 1.0000e-12  -66.44128  -73.03214 336.905229      99.98 4.8832e+02   7882.761     189187  1032.6738  1032.6732    34.7286    34.7277    7.73257         20 0.0000e+00
   1043.000   1030.085     1.4448  30.543728     1.4443  30.542669     4.2289     4.2902    -0.0041    97.6253 1.0000e-12  -66.44129  -73.03214 336.905238      99.98 4.8832e+02   7883.590     189207  1032.6691  1032.6685    34.7284    34.7277    7.73251         20 0.0000e+00
   1042.000   1029.102     1.4449  30.543431     1.4444  30.542354     4.2371     4.2952    -0.0035    97.6246 1.0000e-12  -66.44130  -73.03213 336.905249      99.98 4.8832e+02   7884.533     189230  1032.6645  1032.6640    34.7285    34.7277    7.73249         26 0.0000e+00
   1041.000   1028.116     1.4441  30.542244     1.4435  30.541128     4.2302     4.2924    -0.0153    97.6207 1.0000e-12  -66.44129  -73.03212 336.905294      99.98 4.8832e+02   7888.411     189323  1032.6600  1032.6594    34.7284    34.7276    7.73265         30 0.0000e+00
   1040.000   1027.131     1.4442  30.541891     1.4432  30.540351     4.2362     4.2906    -0.0154    97.6266 1.0000e-12  -66.44128  -73.03212 336.905319      99.98 4.8832e+02   7890.546     189374  1032.6554  1032.6548    34.7284    34.7276    7.73264         21 0.0000e+00
   1039.000   1026.147     1.4449  30.542103     1.4444  30.540951     4.2401     4.2904    -0.0161    97.6266 1.0000e-12  -66.44128  -73.03212 336.905329      99.98 4.8800e+02   7891.415     189395  1032.6507  1032.6500    34.7284    34.7276    7.73249         21 0.0000e+00
   1038.000   1025.159     1.4457  30.542441     1.4451  30.541220     4.2374     4.2942    -0.0119    97.6180 1.0000e-12  -66.44128  -73.03214 336.905341      99.98 4.8650e+02   7892.489     189421  1032.6460  1032.6455    34.7285    34.7277    7.73232         22 0.0000e+00
   1037.000   1024.177     1.4445  30.540806     1.4443  30.540152     4.2359     4.2938    -0.0111    97.6214 1.0000e-12  -66.44128  -73.03215 336.905374      99.97 4.8656e+02   7895.320     189489  1032.6415  1032.6410    34.7284    34.7277    7.73258         34 0.0000e+00
   1036.000   1023.189     1.4468  30.542470     1.4463  30.541423     4.2338     4.2872    -0.0036    97.6266 1.0000e-12  -66.44128  -73.03213 336.905389      99.98 4.8656e+02   7896.654     189521  1032.6367  1032.6361    34.7285    34.7277    7.73212         33 0.0000e+00
   1035.000   1022.206     1.4465  30.541824     1.4464  30.541089     4.2403     4.2897    -0.0049    97.6258 1.0000e-12  -66.44128  -73.03212 336.905410      99.98 4.8656e+02   7898.382     189562  1032.6321  1032.6314    34.7285    34.7277    7.73217         34 0.0000e+00
   1034.000   1021.220     1.4454  30.540475     1.4454  30.539748     4.2292     4.2885    -0.0042    97.6139 1.0000e-12  -66.44128  -73.03212 336.905452      99.98 4.8656e+02   7902.036     189650  1032.6277  1032.6270    34.7285    34.7276    7.73238         37 0.0000e+00
   1033.000   1020.235     1.4489  30.543131     1.4477  30.541442     4.2314     4.2848    -0.0085    97.6116 1.0000e-12  -66.44128  -73.03212 336.905472      99.98 4.8656e+02   7903.752     189691  1032.6228  1032.6223    34.7287    34.7279    7.73170         31 0.0000e+00
   1032.000   1019.249     1.4502  30.543731     1.4501  30.543074     4.2295     4.2927    -0.0173    97.6267 1.0000e-12  -66.44127  -73.03212 336.905487      99.98 4.8656e+02   7905.082     189723  1032.6179  1032.6173    34.7285    34.7278    7.73145         33 0.0000e+00
   1031.000   1018.263     1.4503  30.543409     1.4501  30.542549     4.2330     4.2888    -0.0122    97.6266 1.0000e-12  -66.44126  -73.03216 336.905522      99.98 4.8351e+02   7908.098     189795  1032.6133  1032.6126    34.7286    34.7277    7.73143         30 0.0000e+00
   1030.000   1017.280     1.4514  30.543914     1.4510  30.542928     4.2353     4.2881    -0.0119    97.6266 1.0000e-12  -66.44128  -73.03215 336.905542      99.97 4.8477e+02   7909.832     189837  1032.6085  1032.6079    34.7285    34.7277    7.73121         31 0.0000e+00
   1029.000   1016.294     1.4536  30.545481     1.4517  30.543259     4.2287     4.2906    -0.0131    97.6266 1.0000e-12  -66.44128  -73.03214 336.905556      99.98 4.8479e+02   7911.004     189865  1032.6037  1032.6034    34.7287    34.7280    7.73078         27 0.0000e+00
   1028.000   1015.307     1.4569  30.547818     1.4551  30.545715     4.2268     4.2848    -0.0119    97.6255 1.0000e-12  -66.44128  -73.03212 336.905568      99.98 4.8479e+02   7912.090     189891  1032.5987  1032.5983    34.7286    34.7278    7.73014         26 0.0000e+00
   1027.000   1014.322     1.4563  30.546821     1.4542  30.544460     4.2288     4.2809    -0.0130    97.6244 1.0000e-12  -66.44128  -73.03212 336.905593      99.98 4.8420e+02   7914.216     189942  1032.5941  1032.5937    34.7285    34.7277    7.73025         36 0.0000e+00
   1026.000   1013.338     1.4558  30.546132     1.4553  30.545053     4.2277     4.2837    -0.0117    97.6267 1.0000e-12  -66.44126  -73.03216 336.905653      99.98 4.8050e+02   7919.389     190066  1032.5898  1032.5891    34.7287    34.7279    7.73034         18 0.0000e+00
   1025.000   1012.353     1.4581  30.547690     1.4579  30.546802     4.2215     4.2829    -0.0116    97.6266 1.0000e-12  -66.44126  -73.03216 336.905660      99.98 4.7959e+02   7920.007     190081  1032.5848  1032.5841    34.7286    34.7278    7.72989         17 0.0000e+00
   1024.000   1011.367     1.4597  30.548431     1.4593  30.547641     4.2215     4.2828    -0.0114    97.6266 1.0000e-12  -66.44126  -73.03216 336.905668      99.97 4.8126e+02   7920.681     190097  1032.5798  1032.5794    34.7284    34.7278    7.72959         16 0.0000e+00
   1023.000   1010.382     1.4617  30.549914     1.4610  30.548694     4.2260     4.2795    -0.0179    97.6266 1.0000e-12  -66.44126  -73.03216 336.905676      99.98 4.8256e+02   7921.430     190115  1032.5751  1032.5745    34.7286    34.7278    7.72918         21 0.0000e+00
   1022.000   1009.396     1.4603  30.548138     1.4599  30.547281     4.2295     4.2714    -0.0158    97.6266 1.0000e-12  -66.44127  -73.03213 336.905715      99.98 4.8228e+02   7924.808     190196  1032.5706  1032.5701    34.7284    34.7279    7.72947         24 0.0000e+00
   1021.000   1008.413     1.4616  30.548985     1.4611  30.547847     4.2257     4.2744    -0.0120    97.6176 1.0000e-12  -66.44126  -73.03212 336.905759      99.98 4.8128e+02   7928.552     190286  1032.5660  1032.5653    34.7286    34.7278    7.72920         17 0.0000e+00
   1020.000   1007.426     1.4629  30.549621     1.4619  30.548078     4.2312     4.2813    -0.0097    97.6155 1.0000e-12  -66.44126  -73.03212 336.905768      99.98 4.8127e+02   7929.381     190306  1032.5611  1032.5607    34.7286    34.7278    7.72895         23 0.0000e+00
   1019.000   1006.442     1.4620  30.548449     1.4613  30.547192     4.2271     4.2816    -0.0099    97.6179 1.0000e-12  -66.44127  -73.03212 336.905806      99.98 4.8232e+02   7932.629     190384  1032.5567  1032.5562    34.7286    34.7278    7.72912         36 0.0000e+00
   1018.000   1005.456     1.4635  30.549282     1.4636  30.548620     4.2233     4.2783    -0.0122    97.6157 1.0000e-12  -66.44127  -73.03212 336.905848      99.98 4.8304e+02   7936.289     190472  1032.5519  1032.5512    34.7286    34.7276    7.72884         31 0.0000e+00
   1017.000   1004.469     1.4638  30.549135     1.4649  30.549481     4.2277     4.2725    -0.0149    97.6194 1.0000e-12  -66.44127  -73.03212 336.905884      99.97 4.8303e+02   7939.412     190547  1032.5473  1032.5466    34.7286    34.7279    7.72877         37 0.0000e+00
   1016.000   1003.484     1.4654  30.550133     1.4660  30.549980     4.2299     4.2765    -0.0039    97.6213 1.0000e-12  -66.44128  -73.03212 336.905912      99.98 4.8453e+02   7941.754     190603  1032.5425  1032.5418    34.7287    34.7278    7.72846         34 0.0000e+00
   1015.000   1002.501     1.4663  30.550551     1.4674  30.550827     4.2311     4.2763    -0.0119    97.6202 1.0000e-12  -66.44128  -73.03212 336.905946      99.98 4.8478e+02   7944.731     190675  1032.5379  1032.5371    34.7287    34.7279    7.72827         40 0.0000e+00
   1014.000   1001.514     1.4680  30.551561     1.4682  30.550927     4.2108     4.2777    -0.0150    97.6269 1.0000e-12  -66.44126  -73.03214 336.906003      99.97 4.8553e+02   7949.640     190792  1032.5331  1032.5323    34.7287    34.7277    7.72794         33 0.0000e+00
   1013.000   1000.530     1.4688  30.551777     1.4685  30.550923     4.2122     4.2679    -0.0103    97.6266 1.0000e-12  -66.44126  -73.03214 336.906024      99.98 4.8658e+02   7951.450     190836  1032.5284  1032.5278    34.7287    34.7279    7.72780         27 0.0000e+00
   1012.000    999.544     1.4701  30.552502     1.4696  30.551414     4.2263     4.2686    -0.0065    97.6266 1.0000e-12  -66.44128  -73.03212 336.906037      99.98 4.8656e+02   7952.559     190862  1032.5236  1032.5231    34.7287    34.7279    7.72753         29 0.0000e+00
   1011.000    998.560     1.4705  30.552453     1.4699  30.551239     4.2314     4.2770    -0.0127    97.6205 1.0000e-12  -66.44128  -73.03212 336.906398      99.98 4.8651e+02   7983.762     191611  1032.5190  1032.5184    34.7287    34.7279    7.72745         35 0.0000e+00
   1010.000    997.574     1.4703  30.551709     1.4701  30.550957     4.2208     4.2739    -0.0044    97.6113 1.0000e-12  -66.44126  -73.03212 336.906563      99.97 4.8476e+02   7998.054     191954  1032.5143  1032.5137    34.7286    34.7278    7.72750         28 0.0000e+00
   1009.000    996.588     1.4706  30.551538     1.4704  30.550769     4.2252     4.2733    -0.0029    97.6255 1.0000e-12  -66.44126  -73.03212 336.906566      99.97 4.8650e+02   7998.289     191960  1032.5097  1032.5091    34.7286    34.7279    7.72745         20 0.0000e+00
   1008.000    995.603     1.4716  30.552135     1.4711  30.550982     4.2230     4.2703    -0.0116    97.6189 1.0000e-12  -66.44126  -73.03212 336.906575      99.97 4.8656e+02   7999.094     191979  1032.5051  1032.5044    34.7288    34.7279    7.72723         20 0.0000e+00
   1007.000    994.617     1.4738  30.553528     1.4728  30.551988     4.2291     4.2721    -0.0107    97.6221 1.0000e-12  -66.44126  -73.03212 336.906592      99.98 4.8632e+02   8000.512     192013  1032.5001  1032.4995    34.7287    34.7278    7.72681         29 0.0000e+00
   1006.000    993.634     1.4716  30.551171     1.4715  30.550523     4.2197     4.2776    -0.0024    97.6141 1.0000e-12  -66.44126  -73.03214 336.906634      99.97 4.8330e+02   8004.206     192102  1032.4958  1032.4952    34.7287    34.7279    7.72725         19 0.0000e+00
   1005.000    992.648     1.4755  30.554378     1.4754  30.553566     4.2135     4.2846    -0.0046    97.6174 1.0000e-12  -66.44126  -73.03215 336.906641      99.98 4.8252e+02   8004.779     192116  1032.4909  1032.4902    34.7290    34.7281    7.72646         14 0.0000e+00
   1004.000    991.659     1.4799  30.557847     1.4787  30.556046     4.2162     4.2826    -0.0095    97.6167 1.0000e-12  -66.44126  -73.03216 336.906647      99.98 4.8125e+02   8005.343     192129  1032.4858  1032.4852    34.7291    34.7281    7.72560         13 0.0000e+00
   1003.000    990.679     1.4822  30.559355     1.4816  30.558177     4.2217     4.2785    -0.0135    97.6137 1.0000e-12  -66.44126  -73.03216 336.906654      99.98 4.8127e+02   8005.900     192143  1032.4809  1032.4803    34.7290    34.7282    7.72515         14 0.0000e+00
   1002.000    989.690     1.4841  30.560701     1.4836  30.559541     4.2227     4.2773    -0.0171    97.6100 1.0000e-12  -66.44126  -73.03216 336.906661      99.98 4.8127e+02   8006.481     192157  1032.4761  1032.4755    34.7292    34.7282    7.72477         14 0.0000e+00
   1001.000    988.705     1.4865  30.562522     1.4855  30.560827     4.2204     4.2778    -0.0219    97.6121 1.0000e-12  -66.44126  -73.03214 336.906668      99.98 4.8268e+02   8007.097     192171  1032.4714  1032.4707    34.7293    34.7283    7.72428         16 0.0000e+00
   1000.000    987.720     1.4882  30.563494     1.4869  30.561565     4.2294     4.2775    -0.0201    97.6010 1.0000e-12  -66.44126  -73.03214 336.906676      99.98 4.8420e+02   8007.818     192189  1032.4666  1032.4659    34.7293    34.7282    7.72396         19 0.0000e+00
    999.000    986.733     1.4858  30.560763     1.4855  30.559926     4.2327     4.2791    -0.0181    97.6251 1.0000e-12  -66.44126  -73.03213 336.906689      99.97 4.8558e+02   8008.968     192216  1032.4621  1032.4615    34.7291    34.7283    7.72445         32 0.0000e+00
    998.000    985.750     1.4910  30.564829     1.4916  30.564873     4.2225     4.2828    -0.0200    97.6266 1.0000e-12  -66.44126  -73.03214 336.906763      99.98 4.8308e+02   8015.340     192369  1032.4570  1032.4564    34.7290    34.7284    7.72343         18 0.0000e+00
    997.000    984.763     1.4866  30.560819     1.4879  30.561197     4.2197     4.2794    -0.0177    97.6266 1.0000e-12  -66.44126  -73.03216 336.906772      99.98 4.8203e+02   8016.103     192387  1032.4532  1032.4523    34.7294    34.7284    7.72427         14 0.0000e+00
    996.000    983.781     1.4905  30.563973     1.4911  30.563580     4.2169     4.2820    -0.0123    97.6242 1.0000e-12  -66.44126  -73.03216 336.906778      99.98 4.8127e+02   8016.628     192400  1032.4482  1032.4472    34.7295    34.7284    7.72349         11 0.0000e+00
    995.000    982.792     1.4921  30.564820     1.4920  30.564001     4.2112     4.2848    -0.0123    97.6219 1.0000e-12  -66.44126  -73.03216 336.906783      99.97 4.8207e+02   8017.086     192411  1032.4434  1032.4426    34.7294    34.7285    7.72319         11 0.0000e+00
    994.000    981.811     1.4946  30.566555     1.4947  30.565850     4.2079     4.2869    -0.0135    97.6139 1.0000e-12  -66.44126  -73.03216 336.906788      99.98 4.8301e+02   8017.510     192421  1032.4384  1032.4376    34.7294    34.7285    7.72270         10 0.0000e+00
    993.000    980.820     1.4962  30.567504     1.4958  30.566500     4.2046     4.2857    -0.0121    97.6186 1.0000e-12  -66.44126  -73.03216 336.906793      99.98 4.8320e+02   8017.920     192431  1032.4335  1032.4330    34.7294    34.7286    7.72238         10 0.0000e+00
    992.000    979.838     1.4972  30.567963     1.4967  30.566785     4.2083     4.2838    -0.0142    97.6238 1.0000e-12  -66.44126  -73.03216 336.906798      99.98 4.8480e+02   8018.335     192441  1032.4289  1032.4281    34.7295    34.7285    7.72219          9 0.0000e+00
