NBP2113_155081_ctd/data/unbp2113_005.cnv
* Sea-Bird SBE 9 Data File:
* FileName = D:\Data\raw\NBP2113_005.hex
* Software Version Seasave V 7.26.7.121
* Temperature SN = 2438
* Conductivity SN = 2067
* Number of Bytes Per Scan = 40
* Number of Voltage Words = 5
* Number of Scans Averaged by the Deck Unit = 1
* NMEA Latitude = 64 04.86 S
* NMEA Longitude = 063 46.34 W
* NMEA UTC (Time) = Nov 23 2021  13:58:01
* NMEA baud rate = 9600
** Ship: RVIB N.B. Palmer
** Cruise: NBP2113 LTER
** Station: 692.080
** Operator: B. Urmston
# nquan = 25
# nvalues = 520                         
# units = specified
# name 0 = prDM: Pressure, Digiquartz [db]
# name 1 = depSM: Depth [salt water, m]
# name 2 = t090C: Temperature [ITS-90, deg C]
# name 3 = c0mS/cm: Conductivity [mS/cm]
# name 4 = t190C: Temperature, 2 [ITS-90, deg C]
# name 5 = c1mS/cm: Conductivity, 2 [mS/cm]
# name 6 = sbeox0ML/L: Oxygen, SBE 43 [ml/l]
# name 7 = sbeox1ML/L: Oxygen, SBE 43, 2 [ml/l]
# name 8 = flECO-AFL: Fluorescence, WET Labs ECO-AFL/FL [mg/m^3]
# name 9 = CStarTr0: Beam Transmission, WET Labs C-Star [%]
# name 10 = par: PAR/Irradiance, Biospherical/Licor
# name 11 = latitude: Latitude [deg]
# name 12 = longitude: Longitude [deg]
# name 13 = timeJ: Julian Days
# name 14 = altM: Altimeter [m]
# name 15 = spar: SPAR, Biospherical/Licor
# name 16 = timeS: Time, Elapsed [seconds]
# name 17 = scan: Scan Count
# name 18 = density00: Density [density, kg/m^3]
# name 19 = density11: Density, 2 [density, kg/m^3]
# name 20 = sal00: Salinity, Practical [PSU]
# name 21 = sal11: Salinity, Practical, 2 [PSU]
# name 22 = oxsolML/L: Oxygen Saturation, Garcia & Gordon [ml/l]
# name 23 = nbin: number of scans per bin
# name 24 = flag: flag
# span 0 =      1.000,    520.000       
# span 1 =      0.990,    514.291       
# span 2 =    -0.2806,     1.5249       
# span 3 =  28.027077,  30.366895       
# span 4 =    -0.2805,     1.5249       
# span 5 =  28.023703,  30.365745       
# span 6 =     4.1730,     9.4463       
# span 7 =     4.1632,     9.1059       
# span 8 =    -0.0226,     1.8547       
# span 9 =    86.9965,    98.9707       
# span 10 = 1.0000e-12, 6.4146e+02      
# span 11 =  -64.08194,  -64.08164      
# span 12 =  -63.77180,  -63.77140      
# span 13 = 327.600031, 327.612468      
# span 14 =       8.43,      99.99      
# span 15 = 3.3847e+02, 4.9541e+02      
# span 16 =   1561.694,   2636.194      
# span 17 =      37482,      63270      
# span 18 =  1027.2244,  1030.2183      
# span 19 =  1027.2204,  1030.2171      
# span 20 =    33.8825,    34.7106      
# span 21 =    33.8804,    34.7090      
# span 22 =    7.71809,    8.12270      
# span 23 =         15,         51      
# span 24 = 0.0000e+00, 0.0000e+00      
# interval = decibars: 1                
# start_time = Nov 23 2021 13:58:01 [NMEA time, header]
# bad_flag = -9.990e-29
*END*
[from data line 232]
    288.000    284.997     1.3999  30.119069     1.4003  30.118309     4.2913     4.2635    -0.0142    98.7780 1.0000e-12  -64.08174  -63.77166 327.603890      99.98 3.7549e+02   1895.056      45482  1029.1040  1029.1029    34.6631    34.6617    7.74483         28 0.0000e+00
    287.000    284.007     1.4007  30.119239     1.4018  30.119049     4.2939     4.2654    -0.0065    98.7888 1.0000e-12  -64.08174  -63.77166 327.603903      99.98 3.7549e+02   1896.214      45510  1029.0991  1029.0979    34.6630    34.6615    7.74468         28 0.0000e+00
    286.000    283.020     1.4012  30.119098     1.4030  30.119564     4.2903     4.2681    -0.0027    98.8062 1.0000e-12  -64.08174  -63.77166 327.603918      99.98 3.7549e+02   1897.473      45540  1029.0943  1029.0930    34.6628    34.6615    7.74459         32 0.0000e+00
    285.000    282.030     1.4009  30.118161     1.3986  30.114733     4.3098     4.2770    -0.0153    98.7904 1.0000e-12  -64.08174  -63.77166 327.603934      99.98 3.7549e+02   1898.863      45574  1029.0895  1029.0883    34.6626    34.6608    7.74467         33 0.0000e+00
    284.000    281.041     1.3936  30.110425     1.3912  30.106918     4.3345     4.2841    -0.0126    98.8021 1.0000e-12  -64.08174  -63.77166 327.603948      99.98 3.7549e+02   1900.126      45604  1029.0845  1029.0834    34.6613    34.6596    7.74616         28 0.0000e+00
    283.000    280.052     1.3856  30.102517     1.3806  30.096568     4.3318     4.2933    -0.0125    98.8055 1.0000e-12  -64.08174  -63.77166 327.603960      99.98 3.7481e+02   1901.158      45629  1029.0801  1029.0790    34.6607    34.6586    7.74777         23 0.0000e+00
    282.000    279.065     1.3773  30.094048     1.3759  30.091773     4.3247     4.2926    -0.0114    98.7644 1.0000e-12  -64.08174  -63.77166 327.603971      99.98 3.7373e+02   1902.101      45651  1029.0754  1029.0744    34.6596    34.6583    7.74947         22 0.0000e+00
    281.000    278.074     1.3758  30.092345     1.3752  30.090541     4.3279     4.2943    -0.0078    98.7333 1.0000e-12  -64.08174  -63.77166 327.603982      99.98 3.7402e+02   1903.044      45674  1029.0709  1029.0696    34.6597    34.6581    7.74977         24 0.0000e+00
    280.000    277.086     1.3756  30.091733     1.3750  30.089988     4.3231     4.2918    -0.0101    98.7264 1.0000e-12  -64.08174  -63.77166 327.603994      99.98 3.7538e+02   1904.093      45699  1029.0662  1029.0649    34.6598    34.6582    7.74981         27 0.0000e+00
    279.000    276.096     1.3768  30.092220     1.3749  30.089498     4.3235     4.2903    -0.0080    98.7255 1.0000e-12  -64.08174  -63.77164 327.604008      99.98 3.7549e+02   1905.319      45729  1029.0611  1029.0602    34.6596    34.6582    7.74957         31 0.0000e+00
    278.000    275.109     1.3786  30.093674     1.3763  30.090516     4.3246     4.2916    -0.0054    98.7135 1.0000e-12  -64.08174  -63.77164 327.604025      99.98 3.7549e+02   1906.770      45763  1029.0565  1029.0556    34.6600    34.6585    7.74919         38 0.0000e+00
    277.000    274.119     1.3774  30.091812     1.3781  30.091525     4.3256     4.2915    -0.0076    98.7221 1.0000e-12  -64.08174  -63.77165 327.604045      99.98 3.7549e+02   1908.484      45805  1029.0516  1029.0506    34.6596    34.6584    7.74945         36 0.0000e+00
    276.000    273.130     1.3751  30.089407     1.3752  30.088355     4.3219     4.2981    -0.0077    98.7376 1.0000e-12  -64.08174  -63.77166 327.604062      99.98 3.7435e+02   1909.975      45840  1029.0471  1029.0459    34.6596    34.6581    7.74990         30 0.0000e+00
    275.000    272.141     1.3747  30.088562     1.3740  30.086841     4.3306     4.2968    -0.0077    98.7318 1.0000e-12  -64.08174  -63.77166 327.604075      99.98 3.7372e+02   1911.118      45868  1029.0424  1029.0413    34.6596    34.6581    7.74998         26 0.0000e+00
    274.000    271.153     1.3731  30.086773     1.3721  30.084711     4.3249     4.2963    -0.0077    98.7305 1.0000e-12  -64.08174  -63.77166 327.604087      99.98 3.7403e+02   1912.109      45892  1029.0378  1029.0368    34.6596    34.6581    7.75029         23 0.0000e+00
    273.000    270.162     1.3720  30.085352     1.3717  30.083938     4.3293     4.2973    -0.0077    98.7084 1.0000e-12  -64.08174  -63.77166 327.604099      99.98 3.7547e+02   1913.134      45916  1029.0333  1029.0321    34.6596    34.6581    7.75051         26 0.0000e+00
    272.000    269.175     1.3724  30.085252     1.3720  30.083747     4.3287     4.2971    -0.0126    98.7101 1.0000e-12  -64.08174  -63.77164 327.604113      99.98 3.7549e+02   1914.405      45947  1029.0285  1029.0273    34.6596    34.6582    7.75043         37 0.0000e+00
    271.000    268.185     1.3723  30.084668     1.3729  30.084242     4.3302     4.2937    -0.0067    98.7021 1.0000e-12  -64.08174  -63.77164 327.604142      99.99 3.7549e+02   1916.842      46005  1029.0237  1029.0226    34.6596    34.6583    7.75046         34 0.0000e+00
    270.000    267.196     1.3718  30.083802     1.3732  30.083868     4.3362     4.3014    -0.0116    98.7046 1.0000e-12  -64.08174  -63.77165 327.604176      99.98 3.7549e+02   1919.795      46076  1029.0191  1029.0177    34.6596    34.6581    7.75056         35 0.0000e+00
    269.000    266.208     1.3717  30.083273     1.3717  30.082177     4.3326     4.3006    -0.0065    98.6997 1.0000e-12  -64.08174  -63.77166 327.604188      99.98 3.7549e+02   1920.817      46101  1029.0143  1029.0132    34.6596    34.6582    7.75057         22 0.0000e+00
    268.000    265.219     1.3717  30.082691     1.3715  30.081502     4.3321     4.3004    -0.0038    98.7192 1.0000e-12  -64.08174  -63.77166 327.604197      99.98 3.7549e+02   1921.636      46120  1029.0095  1029.0085    34.6595    34.6581    7.75058         19 0.0000e+00
    267.000    264.229     1.3711  30.081724     1.3705  30.080077     4.3259     4.3024    -0.0145    98.7238 1.0000e-12  -64.08174  -63.77166 327.604206      99.98 3.7549e+02   1922.390      46138  1029.0049  1029.0038    34.6595    34.6580    7.75070         18 0.0000e+00
    266.000    263.240     1.3702  30.080401     1.3683  30.077285     4.3299     4.3016    -0.0085    98.7096 1.0000e-12  -64.08174  -63.77164 327.604215      99.98 3.7549e+02   1923.195      46158  1029.0002  1028.9988    34.6593    34.6574    7.75088         21 0.0000e+00
    265.000    262.250     1.3701  30.079831     1.3691  30.077725     4.3285     4.2978    -0.0089    98.7088 1.0000e-12  -64.08174  -63.77163 327.604236      99.98 3.7549e+02   1924.948      46200  1028.9955  1028.9942    34.6593    34.6577    7.75091         36 0.0000e+00
    264.000    261.262     1.3680  30.076953     1.3697  30.077854     4.3372     4.3021    -0.0154    98.6995 1.0000e-12  -64.08174  -63.77164 327.604291      99.98 3.7549e+02   1929.707      46314  1028.9904  1028.9895    34.6586    34.6578    7.75137         32 0.0000e+00
    263.000    260.274     1.3682  30.076994     1.3689  30.076554     4.3419     4.3051    -0.0147    98.7070 1.0000e-12  -64.08174  -63.77164 327.604301      99.98 3.7549e+02   1930.586      46335  1028.9858  1028.9847    34.6589    34.6576    7.75129         23 0.0000e+00
    262.000    259.284     1.3656  30.073601     1.3655  30.072474     4.3470     4.3053    -0.0127    98.7000 1.0000e-12  -64.08174  -63.77164 327.604311      99.98 3.7549e+02   1931.502      46357  1028.9808  1028.9797    34.6581    34.6567    7.75186         22 0.0000e+00
    261.000    258.295     1.3637  30.071285     1.3618  30.068009     4.3443     4.3075    -0.0078    98.7009 1.0000e-12  -64.08174  -63.77164 327.604323      99.98 3.7549e+02   1932.477      46380  1028.9760  1028.9745    34.6578    34.6557    7.75224         25 0.0000e+00
    260.000    257.307     1.3632  30.070484     1.3612  30.067306     4.3369     4.3048    -0.0043    98.6875 1.0000e-12  -64.08174  -63.77162 327.604338      99.98 3.7642e+02   1933.812      46412  1028.9714  1028.9701    34.6579    34.6561    7.75233         33 0.0000e+00
    259.000    256.318     1.3668  30.073693     1.3663  30.072063     4.3402     4.3099    -0.0079    98.5471 1.0000e-12  -64.08176  -63.77163 327.604391      99.98 3.7566e+02   1938.364      46522  1028.9669  1028.9657    34.6586    34.6571    7.75159         33 0.0000e+00
    258.000    255.328     1.3649  30.071246     1.3645  30.069569     4.3498     4.3127    -0.0072    98.7085 1.0000e-12  -64.08176  -63.77164 327.604413      99.98 3.7549e+02   1940.261      46567  1028.9619  1028.9607    34.6581    34.6565    7.75198         31 0.0000e+00
    257.000    254.339     1.3610  30.066653     1.3613  30.065552     4.3551     4.3189    -0.0115    98.7017 1.0000e-12  -64.08176  -63.77164 327.604428      99.98 3.7549e+02   1941.546      46598  1028.9569  1028.9555    34.6572    34.6555    7.75281         32 0.0000e+00
    256.000    253.351     1.3540  30.058825     1.3492  30.052512     4.3636     4.3115    -0.0073    98.6856 1.0000e-12  -64.08176  -63.77163 327.604446      99.98 3.7723e+02   1943.171      46637  1028.9516  1028.9499    34.6556    34.6528    7.75429         43 0.0000e+00
    255.000    252.361     1.3522  30.057050     1.3563  30.059476     4.3697     4.3208    -0.0093    98.6968 1.0000e-12  -64.08176  -63.77162 327.604495      99.98 3.7631e+02   1947.351      46737  1028.9471  1028.9456    34.6558    34.6544    7.75462         41 0.0000e+00
    254.000    251.372     1.3359  30.039479     1.3436  30.046177     4.3779     4.3341    -0.0077    98.6675 1.0000e-12  -64.08176  -63.77164 327.604533      99.98 3.7547e+02   1950.631      46816  1028.9410  1028.9403    34.6520    34.6520    7.75804         33 0.0000e+00
    253.000    250.382     1.3303  30.033284     1.3321  30.034016     4.3938     4.3439    -0.0063    98.6494 1.0000e-12  -64.08176  -63.77163 327.604548      99.98 3.7679e+02   1951.973      46848  1028.9358  1028.9349    34.6508    34.6498    7.75921         35 0.0000e+00
    252.000    249.394     1.2967  29.999257     1.3021  30.003686     4.4054     4.3677    -0.0066    98.6228 1.0000e-12  -64.08176  -63.77162 327.604870      99.98 3.7433e+02   1979.748      47515  1028.9286  1028.9278    34.6451    34.6448    7.76615         39 0.0000e+00
    251.000    248.405     1.2959  29.997634     1.2959  29.996419     4.4258     4.3891    -0.0128    98.6246 1.0000e-12  -64.08177  -63.77162 327.604951      99.98 3.7373e+02   1986.754      47683  1028.9232  1028.9221    34.6445    34.6430    7.76634         33 0.0000e+00
    250.000    247.416     1.2828  29.983751     1.2778  29.977430     4.4154     4.3873    -0.0093    98.6133 1.0000e-12  -64.08178  -63.77162 327.604966      99.98 3.7373e+02   1988.066      47715  1028.9178  1028.9163    34.6419    34.6393    7.76908         31 0.0000e+00
    249.000    246.426     1.2809  29.981074     1.2748  29.973831     4.4427     4.3930    -0.0120    98.6151 1.0000e-12  -64.08178  -63.77163 327.604983      99.98 3.7373e+02   1989.575      47751  1028.9126  1028.9112    34.6411    34.6385    7.76949         36 0.0000e+00
    248.000    245.438     1.2749  29.974410     1.2733  29.971616     4.4369     4.3960    -0.0122    98.6036 1.0000e-12  -64.08178  -63.77164 327.605000      99.98 3.7373e+02   1991.043      47786  1028.9074  1028.9062    34.6398    34.6380    7.77075         29 0.0000e+00
    247.000    244.449     1.2738  29.972974     1.2735  29.971387     4.4389     4.3966    -0.0093    98.5975 1.0000e-12  -64.08176  -63.77164 327.605014      99.98 3.7373e+02   1992.208      47814  1028.9027  1028.9014    34.6397    34.6380    7.77097         27 0.0000e+00
    246.000    243.460     1.2727  29.971161     1.2724  29.969671     4.4309     4.3975    -0.0077    98.5997 1.0000e-12  -64.08178  -63.77162 327.605027      99.98 3.7420e+02   1993.343      47841  1028.8977  1028.8965    34.6392    34.6377    7.77121         29 0.0000e+00
    245.000    242.470     1.2754  29.973531     1.2718  29.968568     4.4371     4.3925     0.0025    98.6162 1.0000e-12  -64.08178  -63.77162 327.605043      99.98 3.7547e+02   1994.707      47874  1028.8931  1028.8916    34.6398    34.6374    7.77065         36 0.0000e+00
    244.000    241.481     1.2754  29.972725     1.2739  29.970214     4.4369     4.3965    -0.0103    98.5872 1.0000e-12  -64.08178  -63.77162 327.605062      99.98 3.7549e+02   1996.322      47913  1028.8881  1028.8870    34.6394    34.6378    7.77068         38 0.0000e+00
    243.000    240.493     1.2720  29.968970     1.2722  29.967954     4.4368     4.3932    -0.0076    98.6075 1.0000e-12  -64.08178  -63.77162 327.605077      99.98 3.7549e+02   1997.684      47945  1028.8833  1028.8820    34.6389    34.6374    7.77137         28 0.0000e+00
    242.000    239.503     1.2728  29.969058     1.2732  29.968114     4.4370     4.3952    -0.0077    98.6217 1.0000e-12  -64.08178  -63.77162 327.605090      99.98 3.7549e+02   1998.760      47971  1028.8784  1028.8770    34.6388    34.6371    7.77123         25 0.0000e+00
    241.000    238.514     1.2737  29.969096     1.2738  29.967993     4.4416     4.3959    -0.0077    98.6114 1.0000e-12  -64.08178  -63.77162 327.605102      99.98 3.7549e+02   1999.777      47996  1028.8733  1028.8720    34.6384    34.6368    7.77107         25 0.0000e+00
    240.000    237.525     1.2735  29.968108     1.2732  29.966436     4.4346     4.3973    -0.0077    98.6212 1.0000e-12  -64.08178  -63.77162 327.605114      99.98 3.7549e+02   2000.860      48022  1028.8682  1028.8668    34.6379    34.6361    7.77113         25 0.0000e+00
    239.000    236.536     1.2730  29.966811     1.2727  29.965272     4.4444     4.4028     0.0038    98.6288 1.0000e-12  -64.08178  -63.77162 327.605127      99.98 3.7549e+02   2001.964      48048  1028.8632  1028.8618    34.6374    34.6358    7.77126         25 0.0000e+00
    238.000    235.547     1.2728  29.966176     1.2719  29.963745     4.4422     4.3992    -0.0065    98.6329 1.0000e-12  -64.08178  -63.77162 327.605139      99.98 3.7549e+02   2002.997      48073  1028.8584  1028.8568    34.6374    34.6353    7.77129         25 0.0000e+00
    237.000    234.557     1.2696  29.961972     1.2680  29.959191     4.4385     4.4016    -0.0102    98.6383 1.0000e-12  -64.08178  -63.77162 327.605152      99.98 3.7640e+02   2004.095      48099  1028.8530  1028.8517    34.6362    34.6343    7.77200         30 0.0000e+00
    236.000    233.568     1.2706  29.963139     1.2674  29.958736     4.4469     4.4044    -0.0116    98.6511 1.0000e-12  -64.08178  -63.77162 327.605170      99.98 3.7725e+02   2005.727      48138  1028.8490  1028.8476    34.6371    34.6351    7.77175         39 0.0000e+00
    235.000    232.580     1.2659  29.957335     1.2654  29.955883     4.4771     4.4299    -0.0075    98.6190 1.0000e-12  -64.08178  -63.77162 327.605191      99.98 3.7726e+02   2007.472      48180  1028.8434  1028.8424    34.6355    34.6342    7.77277         31 0.0000e+00
    234.000    231.590     1.2552  29.946005     1.2535  29.942877     4.5243     4.4579    -0.0077    98.6299 1.0000e-12  -64.08178  -63.77162 327.605202      99.98 3.7726e+02   2008.493      48205  1028.8381  1028.8365    34.6334    34.6313    7.77500         21 0.0000e+00
    233.000    230.603     1.2287  29.917080     1.2220  29.909471     4.5267     4.4665    -0.0077    98.6419 1.0000e-12  -64.08178  -63.77162 327.605212      99.98 3.7726e+02   2009.309      48224  1028.8303  1028.8291    34.6263    34.6239    7.78064         19 0.0000e+00
    232.000    229.611     1.2100  29.898764     1.2007  29.887765     4.5086     4.4635    -0.0077    98.6334 1.0000e-12  -64.08178  -63.77162 327.605221      99.98 3.7726e+02   2010.098      48243  1028.8256  1028.8235    34.6240    34.6203    7.78446         20 0.0000e+00
