NBP2113_155081_ctd/data/unbp2113_021.cnv
* Sea-Bird SBE 9 Data File:
* FileName = D:\Data\raw\NBP2113_021.hex
* Software Version Seasave V 7.26.7.121
* Temperature SN = 2438
* Conductivity SN = 2067
* Number of Bytes Per Scan = 40
* Number of Voltage Words = 5
* Number of Scans Averaged by the Deck Unit = 1
* NMEA Latitude = 68 01.86 S
* NMEA Longitude = 069 17.12 W
* NMEA UTC (Time) = Nov 30 2021  19:30:12
* NMEA baud rate = 9600
** Ship: RVIB N.B. Palmer
** Cruise: NBP2113 LTER
** Station: 200.-040
** Operator: S. Blackman
# nquan = 25
# nvalues = 458                         
# units = specified
# name 0 = prDM: Pressure, Digiquartz [db]
# name 1 = depSM: Depth [salt water, m]
# name 2 = t090C: Temperature [ITS-90, deg C]
# name 3 = c0mS/cm: Conductivity [mS/cm]
# name 4 = t190C: Temperature, 2 [ITS-90, deg C]
# name 5 = c1mS/cm: Conductivity, 2 [mS/cm]
# name 6 = sbeox0ML/L: Oxygen, SBE 43 [ml/l]
# name 7 = sbeox1ML/L: Oxygen, SBE 43, 2 [ml/l]
# name 8 = flECO-AFL: Fluorescence, WET Labs ECO-AFL/FL [mg/m^3]
# name 9 = CStarTr0: Beam Transmission, WET Labs C-Star [%]
# name 10 = par: PAR/Irradiance, Biospherical/Licor
# name 11 = latitude: Latitude [deg]
# name 12 = longitude: Longitude [deg]
# name 13 = timeJ: Julian Days
# name 14 = altM: Altimeter [m]
# name 15 = spar: SPAR, Biospherical/Licor
# name 16 = timeS: Time, Elapsed [seconds]
# name 17 = scan: Scan Count
# name 18 = density00: Density [density, kg/m^3]
# name 19 = density11: Density, 2 [density, kg/m^3]
# name 20 = sal00: Salinity, Practical [PSU]
# name 21 = sal11: Salinity, Practical, 2 [PSU]
# name 22 = oxsolML/L: Oxygen Saturation, Garcia & Gordon [ml/l]
# name 23 = nbin: number of scans per bin
# name 24 = flag: flag
# span 0 =      1.000,    458.000       
# span 1 =      0.988,    452.916       
# span 2 =    -1.2803,     1.3801       
# span 3 =  27.108473,  30.203296       
# span 4 =    -1.2687,     1.3800       
# span 5 =  27.118866,  30.202343       
# span 6 =     3.9917,     9.8232       
# span 7 =     4.0611,     8.5145       
# span 8 =    -0.0166,     2.9800       
# span 9 =    85.6770,    97.2845       
# span 10 = 1.0000e-12, 3.6841e+02      
# span 11 =  -68.03100,  -68.03060      
# span 12 =  -69.28626,  -69.28540      
# span 13 = 334.824376, 334.831107      
# span 14 =      10.39,     105.42      
# span 15 = 2.8733e+02, 3.2444e+02      
# span 16 =   1014.084,   1595.678      
# span 17 =      24339,      38297      
# span 18 =  1027.1700,  1029.9280      
# span 19 =  1027.1686,  1029.9270      
# span 20 =    33.7926,    34.6950      
# span 21 =    33.7910,    34.6939      
# span 22 =    7.74703,    8.35462      
# span 23 =         12,         48      
# span 24 = 0.0000e+00, 0.0000e+00      
# interval = decibars: 1                
# start_time = Nov 30 2021 19:30:12 [NMEA time, header]
# bad_flag = -9.990e-29
*END*
[from data line 58]
    400.000    395.616     1.3722  30.162960     1.3721  30.161768     4.0037     4.0703     0.0021    97.2527 1.0000e-12  -68.03066  -69.28614 334.825258      69.85 2.9793e+02   1090.274      26168  1029.6494  1029.6484    34.6850    34.6837    7.74911         27 0.0000e+00
    399.000    394.626     1.3721  30.162120     1.3721  30.161253     4.0005     4.0688    -0.0053    97.2480 1.0000e-12  -68.03066  -69.28614 334.825270      71.47 2.9793e+02   1091.315      26193  1029.6444  1029.6436    34.6846    34.6836    7.74915         23 0.0000e+00
    398.000    393.639     1.3713  30.160360     1.3714  30.159842     4.0049     4.0704    -0.0150    97.2845 1.0000e-12  -68.03066  -69.28614 334.825281      71.67 2.9793e+02   1092.290      26216  1029.6392  1029.6386    34.6838    34.6831    7.74935         25 0.0000e+00
    397.000    392.651     1.3703  30.158583     1.3704  30.158117     4.0065     4.0691    -0.0143    97.2617 1.0000e-12  -68.03066  -69.28614 334.825295      73.40 2.9793e+02   1093.456      26244  1029.6342  1029.6336    34.6833    34.6826    7.74958         32 0.0000e+00
    396.000    391.663     1.3709  30.159155     1.3701  30.157191     4.0046     4.0743    -0.0080    97.2648 1.0000e-12  -68.03066  -69.28614 334.825312      74.87 2.9793e+02   1094.950      26280  1029.6299  1029.6287    34.6839    34.6823    7.74942         38 0.0000e+00
    395.000    390.674     1.3701  30.157633     1.3698  30.156407     4.0071     4.0750    -0.0118    97.2671 1.0000e-12  -68.03066  -69.28614 334.825329      75.22 2.9793e+02   1096.451      26316  1029.6249  1029.6240    34.6834    34.6822    7.74961         30 0.0000e+00
    394.000    389.687     1.3692  30.155862     1.3687  30.154452     4.0089     4.0745    -0.0061    97.2737 1.0000e-12  -68.03065  -69.28617 334.825342      76.38 2.9793e+02   1097.585      26343  1029.6197  1029.6188    34.6827    34.6815    7.74982         24 0.0000e+00
    393.000    388.698     1.3646  30.149418     1.3669  30.151637     4.0165     4.0766     0.0005    97.2732 1.0000e-12  -68.03064  -69.28618 334.825352      77.31 2.9793e+02   1098.445      26364  1029.6135  1029.6135    34.6802    34.6805    7.75087         18 0.0000e+00
    392.000    387.712     1.3635  30.147754     1.3645  30.148278     4.0182     4.0728 3.9904e-07    97.2805 1.0000e-12  -68.03064  -69.28618 334.825361      77.80 2.9793e+02   1099.197      26382  1029.6087  1029.6082    34.6799    34.6794    7.75110         18 0.0000e+00
    391.000    386.722     1.3631  30.146787     1.3633  30.146405     4.0197     4.0704    -0.0051    97.2701 1.0000e-12  -68.03064  -69.28618 334.825370      79.42 2.9793e+02   1099.967      26400  1029.6038  1029.6032    34.6796    34.6789    7.75119         20 0.0000e+00
    390.000    385.733     1.3640  30.147479     1.3650  30.148083     4.0175     4.0748    -0.0054    97.2651 1.0000e-12  -68.03065  -69.28617 334.825386      80.64 2.9793e+02   1101.341      26433  1029.5994  1029.5990    34.6801    34.6797    7.75099         28 0.0000e+00
    389.000    384.747     1.3648  30.148000     1.3645  30.147030     4.0148     4.0738    -0.0045    97.2321 1.0000e-12  -68.03064  -69.28614 334.825417      81.46 2.9793e+02   1104.052      26498  1029.5949  1029.5942    34.6805    34.6796    7.75082         32 0.0000e+00
    388.000    383.757     1.3638  30.146322     1.3640  30.145865     4.0118     4.0760    -0.0057    97.2498 1.0000e-12  -68.03064  -69.28614 334.825429      82.33 2.9793e+02   1105.068      26523  1029.5899  1029.5892    34.6800    34.6792    7.75104         22 0.0000e+00
    387.000    382.770     1.3629  30.144774     1.3630  30.144105     4.0124     4.0742    -0.0044    97.2660 1.0000e-12  -68.03064  -69.28614 334.825439      83.80 2.9793e+02   1105.935      26543  1029.5850  1029.5841    34.6796    34.6786    7.75124         20 0.0000e+00
    386.000    381.781     1.3615  30.142860     1.3616  30.142040     4.0158     4.0755    -0.0057    97.2686 1.0000e-12  -68.03064  -69.28614 334.825451      85.22 2.9793e+02   1106.953      26568  1029.5801  1029.5793    34.6792    34.6782    7.75152         30 0.0000e+00
    385.000    380.793     1.3618  30.142679     1.3619  30.141936     4.0159     4.0806    -0.0072    97.2745 1.0000e-12  -68.03064  -69.28615 334.825470      85.47 2.9793e+02   1108.641      26608  1029.5754  1029.5746    34.6792    34.6783    7.75146         39 0.0000e+00
    384.000    379.807     1.3615  30.141865     1.3611  30.140632     4.0219     4.0848    -0.0146    97.2658 1.0000e-12  -68.03064  -69.28617 334.825485      86.18 2.9793e+02   1109.902      26639  1029.5707  1029.5698    34.6792    34.6780    7.75154         22 0.0000e+00
    383.000    378.816     1.3602  30.139672     1.3609  30.139989     4.0200     4.0860    -0.0055    97.2661 1.0000e-12  -68.03064  -69.28618 334.825494      87.12 2.9793e+02   1110.703      26658  1029.5655  1029.5651    34.6784    34.6780    7.75183         18 0.0000e+00
    382.000    377.831     1.3558  30.134139     1.3569  30.134557     4.0187     4.0837    -0.0059    97.2661 1.0000e-12  -68.03064  -69.28618 334.825502      88.60 2.9793e+02   1111.392      26674  1029.5599  1029.5593    34.6768    34.6761    7.75278         16 0.0000e+00
    381.000    376.839     1.3546  30.132264     1.3549  30.131888     4.0205     4.0817    -0.0047    97.2661 1.0000e-12  -68.03064  -69.28618 334.825511      89.30 2.9793e+02   1112.106      26692  1029.5550  1029.5543    34.6763    34.6755    7.75305         19 0.0000e+00
    380.000    375.852     1.3559  30.133404     1.3563  30.133086     4.0208     4.0849    -0.0066    97.2596 1.0000e-12  -68.03064  -69.28618 334.825522      90.63 2.9793e+02   1113.094      26715  1029.5506  1029.5499    34.6768    34.6760    7.75276         30 0.0000e+00
    379.000    374.866     1.3574  30.134775     1.3579  30.134723     4.0182     4.0852     0.0008    97.2575 1.0000e-12  -68.03064  -69.28615 334.825556      91.22 2.9818e+02   1116.052      26786  1029.5463  1029.5456    34.6775    34.6769    7.75243         31 0.0000e+00
    378.000    373.878     1.3560  30.132520     1.3567  30.132649     4.0189     4.0828    -0.0058    97.2663 1.0000e-12  -68.03064  -69.28616 334.825571      91.69 2.9972e+02   1117.359      26818  1029.5411  1029.5405    34.6768    34.6761    7.75275         21 0.0000e+00
    377.000    372.886     1.3543  30.130202     1.3547  30.129836     4.0211     4.0856    -0.0125    97.2661 1.0000e-12  -68.03064  -69.28614 334.825581      93.56 2.9969e+02   1118.198      26838  1029.5362  1029.5354    34.6762    34.6754    7.75311         20 0.0000e+00
    376.000    371.900     1.3521  30.127177     1.3522  30.126496     4.0260     4.0905    -0.0146    97.2661 1.0000e-12  -68.03064  -69.28616 334.825591      94.57 2.9969e+02   1119.032      26858  1029.5310  1029.5302    34.6755    34.6745    7.75359         22 0.0000e+00
    375.000    370.912     1.3517  30.126398     1.3519  30.125746     4.0258     4.0893    -0.0098    97.2661 1.0000e-12  -68.03064  -69.28616 334.825604      95.58 2.9969e+02   1120.213      26886  1029.5264  1029.5256    34.6754    34.6744    7.75367         37 0.0000e+00
    374.000    369.923     1.3519  30.126189     1.3515  30.124991     4.0140     4.0849    -0.0063    97.2418 1.0000e-12  -68.03064  -69.28617 334.825626      96.73 2.9969e+02   1122.097      26931  1029.5217  1029.5208    34.6755    34.6744    7.75362         39 0.0000e+00
    373.000    368.934     1.3515  30.125317     1.3514  30.124265     4.0151     4.0849    -0.0047    97.2445 1.0000e-12  -68.03064  -69.28618 334.825641      97.87 2.9969e+02   1123.419      26963  1029.5170  1029.5160    34.6754    34.6742    7.75371         25 0.0000e+00
    372.000    367.949     1.3501  30.122898     1.3504  30.122587     4.0247     4.0858    -0.0057    97.2607 1.0000e-12  -68.03064  -69.28618 334.825651      98.08 2.9969e+02   1124.287      26984  1029.5116  1029.5110    34.6745    34.6738    7.75403         18 0.0000e+00
    371.000    366.958     1.3470  30.118979     1.3475  30.118700     4.0203     4.0892    -0.0072    97.2808 1.0000e-12  -68.03064  -69.28618 334.825660      98.93 2.9969e+02   1124.988      27001  1029.5064  1029.5057    34.6734    34.6725    7.75469         16 0.0000e+00
    370.000    365.970     1.3461  30.117432     1.3463  30.116847     4.0180     4.0879    -0.0077    97.2726 1.0000e-12  -68.03063  -69.28618 334.825667      99.72 2.9969e+02   1125.639      27016  1029.5015  1029.5008    34.6731    34.6722    7.75490         16 0.0000e+00
    369.000    364.982     1.3457  30.116357     1.3457  30.115770     4.0244     4.0877    -0.0077    97.2515 1.0000e-12  -68.03062  -69.28618 334.825675      99.62 2.9969e+02   1126.316      27033  1029.4965  1029.4960    34.6727    34.6720    7.75499         17 0.0000e+00
    368.000    363.994     1.3461  30.116296     1.3467  30.116591     4.0292     4.0904    -0.0077    97.2430 1.0000e-12  -68.03062  -69.28618 334.825684      99.94 2.9969e+02   1127.113      27052  1029.4919  1029.4915    34.6728    34.6725    7.75492         22 0.0000e+00
    367.000    363.005     1.3470  30.117054     1.3467  30.115913     4.0279     4.0915    -0.0069    97.2517 1.0000e-12  -68.03063  -69.28617 334.825714      99.98 2.9919e+02   1129.664      27113  1029.4875  1029.4866    34.6733    34.6722    7.75470         32 0.0000e+00
    366.000    362.018     1.3472  30.117061     1.3465  30.115341     4.0302     4.0956    -0.0027    97.2461 1.0000e-12  -68.03064  -69.28618 334.825755      99.98 2.9810e+02   1133.268      27199  1029.4830  1029.4820    34.6736    34.6723    7.75464         18 0.0000e+00
    365.000    361.029     1.3466  30.115756     1.3463  30.114635     4.0328     4.1021     0.0037    97.2401 1.0000e-12  -68.03064  -69.28618 334.825763      99.98 2.9792e+02   1133.898      27215  1029.4781  1029.4772    34.6733    34.6721    7.75479         15 0.0000e+00
    364.000    360.042     1.3451  30.113555     1.3452  30.112898     4.0358     4.1023    -0.0095    97.2403 1.0000e-12  -68.03064  -69.28618 334.825770      99.98 2.9793e+02   1134.490      27229  1029.4730  1029.4723    34.6727    34.6718    7.75511         14 0.0000e+00
    363.000    359.051     1.3404  30.108059     1.3431  30.109971     4.0366     4.0986    -0.0130    97.2403 1.0000e-12  -68.03062  -69.28620 334.825776      99.98 2.9793e+02   1135.068      27243  1029.4679  1029.4672    34.6715    34.6709    7.75611         14 0.0000e+00
    362.000    358.065     1.3378  30.105018     1.3392  30.105827     4.0336     4.0942    -0.0072    97.2403 1.0000e-12  -68.03062  -69.28620 334.825783      99.98 2.9793e+02   1135.669      27257  1029.4631  1029.4625    34.6710    34.6705    7.75664         15 0.0000e+00
    361.000    357.076     1.3375  30.104218     1.3379  30.103934     4.0343     4.0934    -0.0047    97.2403 1.0000e-12  -68.03062  -69.28620 334.825791      99.97 2.9793e+02   1136.336      27273  1029.4583  1029.4576    34.6709    34.6701    7.75671         17 0.0000e+00
    360.000    356.087     1.3371  30.103270     1.3389  30.104421     4.0358     4.0961    -0.0053    97.2403 1.0000e-12  -68.03062  -69.28620 334.825800      99.98 2.9811e+02   1137.121      27292  1029.4535  1029.4529    34.6708    34.6702    7.75680         21 0.0000e+00
    359.000    355.100     1.3374  30.103041     1.3401  30.105127     4.0333     4.0982     0.0013    97.2367 1.0000e-12  -68.03062  -69.28620 334.825812      99.98 2.9966e+02   1138.147      27317  1029.4487  1029.4482    34.6707    34.6704    7.75675         28 0.0000e+00
    358.000    354.110     1.3403  30.105663     1.3392  30.103836     4.0344     4.0987    -0.0012    97.2374 1.0000e-12  -68.03062  -69.28620 334.825831      99.97 2.9969e+02   1139.841      27357  1029.4443  1029.4435    34.6714    34.6703    7.75614         35 0.0000e+00
    357.000    353.123     1.3377  30.102698     1.3364  30.100506     4.0366     4.0986    -0.0103    97.2371 1.0000e-12  -68.03064  -69.28618 334.825873      99.98 2.9850e+02   1143.428      27443  1029.4395  1029.4385    34.6710    34.6697    7.75666         35 0.0000e+00
    356.000    352.136     1.3374  30.101867     1.3372  30.100950     4.0416     4.1018    -0.0057    97.2404 1.0000e-12  -68.03064  -69.28618 334.825894      99.98 2.9791e+02   1145.202      27486  1029.4347  1029.4340    34.6709    34.6700    7.75673         24 0.0000e+00
    355.000    351.147     1.3347  30.098304     1.3343  30.097118     4.0484     4.1064    -0.0055    97.2403 1.0000e-12  -68.03062  -69.28620 334.825903      99.97 2.9793e+02   1146.016      27505  1029.4295  1029.4287    34.6700    34.6689    7.75732         17 0.0000e+00
    354.000    350.157     1.3305  30.093592     1.3305  30.092752     4.0463     4.1066    -0.0140    97.2420 1.0000e-12  -68.03062  -69.28621 334.825910      99.98 2.9793e+02   1146.661      27521  1029.4246  1029.4237    34.6691    34.6680    7.75818         15 0.0000e+00
    353.000    349.169     1.3294  30.091852     1.3297  30.091365     4.0419     4.1076    -0.0140    97.2403 1.0000e-12  -68.03062  -69.28622 334.825917      99.98 2.9793e+02   1147.262      27535  1029.4196  1029.4188    34.6687    34.6677    7.75842         14 0.0000e+00
    352.000    348.183     1.3283  30.089993     1.3285  30.089617     4.0460     4.1108     0.0009    97.2386 1.0000e-12  -68.03062  -69.28622 334.825924      99.98 2.9793e+02   1147.870      27550  1029.4146  1029.4140    34.6682    34.6674    7.75868         15 0.0000e+00
    351.000    347.193     1.3273  30.088617     1.3274  30.087996     4.0527     4.1105    -0.0004    97.2388 1.0000e-12  -68.03062  -69.28622 334.825932      99.98 2.9793e+02   1148.522      27566  1029.4099  1029.4091    34.6680    34.6671    7.75888         17 0.0000e+00
    350.000    346.204     1.3273  30.088227     1.3280  30.088125     4.0463     4.1062    -0.0073    97.2209 1.0000e-12  -68.03062  -69.28624 334.825942      99.98 2.9793e+02   1149.353      27585  1029.4053  1029.4045    34.6681    34.6672    7.75888         24 0.0000e+00
    349.000    345.217     1.3280  30.088527     1.3274  30.087103     4.0407     4.1063    -0.0019    97.2436 1.0000e-12  -68.03062  -69.28624 334.825957      99.97 2.9958e+02   1150.692      27618  1029.4006  1029.3997    34.6683    34.6671    7.75872         37 0.0000e+00
    348.000    344.229     1.3282  30.088249     1.3282  30.087559     4.0416     4.1072    -0.0017    97.2378 1.0000e-12  -68.03063  -69.28621 334.825984      99.98 2.9969e+02   1153.025      27674  1029.3958  1029.3952    34.6683    34.6674    7.75868         40 0.0000e+00
    347.000    343.240     1.3277  30.087312     1.3279  30.086743     4.0484     4.1068    -0.0062    97.2431 1.0000e-12  -68.03064  -69.28620 334.826012      99.98 2.9969e+02   1155.434      27731  1029.3911  1029.3904    34.6682    34.6673    7.75878         28 0.0000e+00
    346.000    342.252     1.3276  30.086615     1.3262  30.084569     4.0434     4.1071    -0.0070    97.2363 1.0000e-12  -68.03064  -69.28620 334.826024      99.97 2.9969e+02   1156.462      27756  1029.3863  1029.3856    34.6680    34.6670    7.75882         20 0.0000e+00
    345.000    341.265     1.3261  30.084806     1.3253  30.083261     4.0372     4.1095    -0.0085    97.2402 1.0000e-12  -68.03062  -69.28620 334.826032      99.97 2.9969e+02   1157.197      27774  1029.3816  1029.3808    34.6679    34.6668    7.75911         17 0.0000e+00
    344.000    340.274     1.3259  30.084109     1.3256  30.083044     4.0363     4.1107    -0.0150    97.2646 1.0000e-12  -68.03062  -69.28621 334.826041      99.97 2.9969e+02   1157.934      27791  1029.3769  1029.3761    34.6678    34.6669    7.75916         18 0.0000e+00
