NBP2113_155081_ctd/data/unbp2113_051.cnv
* Sea-Bird SBE 9 Data File:
* FileName = D:\Data\raw\NBP2113_051.hex
* Software Version Seasave V 7.26.7.121
* Temperature SN = 2438
* Conductivity SN = 2067
* Number of Bytes Per Scan = 40
* Number of Voltage Words = 5
* Number of Scans Averaged by the Deck Unit = 1
* NMEA Latitude = 64 55.61 S
* NMEA Longitude = 064 41.14 W
* NMEA UTC (Time) = Dec 11 2021  14:40:45
* NMEA baud rate = 9600
** Ship: RVIB N.B. Palmer
** Cruise: NBP2113 LTER
** Station: 592.051
** Operator: B. Urmston
# nquan = 25
# nvalues = 869                         
# units = specified
# name 0 = prDM: Pressure, Digiquartz [db]
# name 1 = depSM: Depth [salt water, m]
# name 2 = t090C: Temperature [ITS-90, deg C]
# name 3 = c0mS/cm: Conductivity [mS/cm]
# name 4 = t190C: Temperature, 2 [ITS-90, deg C]
# name 5 = c1mS/cm: Conductivity, 2 [mS/cm]
# name 6 = sbeox0ML/L: Oxygen, SBE 43 [ml/l]
# name 7 = sbeox1ML/L: Oxygen, SBE 43, 2 [ml/l]
# name 8 = flECO-AFL: Fluorescence, WET Labs ECO-AFL/FL [mg/m^3]
# name 9 = CStarTr0: Beam Transmission, WET Labs C-Star [%]
# name 10 = par: PAR/Irradiance, Biospherical/Licor
# name 11 = latitude: Latitude [deg]
# name 12 = longitude: Longitude [deg]
# name 13 = timeJ: Julian Days
# name 14 = altM: Altimeter [m]
# name 15 = spar: SPAR, Biospherical/Licor
# name 16 = timeS: Time, Elapsed [seconds]
# name 17 = scan: Scan Count
# name 18 = density00: Density [density, kg/m^3]
# name 19 = density11: Density, 2 [density, kg/m^3]
# name 20 = sal00: Salinity, Practical [PSU]
# name 21 = sal11: Salinity, Practical, 2 [PSU]
# name 22 = oxsolML/L: Oxygen Saturation, Garcia & Gordon [ml/l]
# name 23 = nbin: number of scans per bin
# name 24 = flag: flag
# span 0 =      1.000,    869.000       
# span 1 =      0.990,    858.680       
# span 2 =    -0.6893,     1.4634       
# span 3 =  27.425727,  30.442815       
# span 4 =    -0.6978,     1.4631       
# span 5 =  27.427995,  30.441413       
# span 6 =     4.0661,     8.1854       
# span 7 =     4.1311,     8.1084       
# span 8 =    -0.0215,     1.6394       
# span 9 =    82.3996,    91.7265       
# span 10 = 1.0000e-12, 1.2459e+03      
# span 11 =  -64.92700,  -64.92670      
# span 12 =  -64.68548,  -64.68490      
# span 13 = 345.632257, 345.651757      
# span 14 =       6.91,     100.33      
# span 15 = 8.5898e+02, 1.0812e+03      
# span 16 =   1781.965,   3466.802      
# span 17 =      42768,      83204      
# span 18 =  1027.0249,  1031.8207      
# span 19 =  1027.0230,  1031.8194      
# span 20 =    33.6165,    34.6765      
# span 21 =    33.6141,    34.6749      
# span 22 =    7.73164,    8.23575      
# span 23 =         11,         45      
# span 24 = 0.0000e+00, 0.0000e+00      
# interval = decibars: 1                
# start_time = Dec 11 2021 14:40:45 [NMEA time, header]
# bad_flag = -9.990e-29
*END*
[from data line 232]
    637.000    629.791     1.4338  30.311732     1.4332  30.310015     4.1139     4.1724    -0.0196    91.6414 1.0000e-12  -64.92692  -64.68529 345.636574      99.97 8.9025e+02   2154.959      51720  1030.7412  1030.7400    34.6717    34.6701    7.73771         35 0.0000e+00
    636.000    628.802     1.4339  30.311423     1.4335  30.309734     4.1053     4.1698    -0.0136    91.6312 1.0000e-12  -64.92692  -64.68530 345.636588      99.97 8.9026e+02   2156.229      51750  1030.7366  1030.7352    34.6717    34.6700    7.73769         23 0.0000e+00
    635.000    627.817     1.4336  30.310583     1.4333  30.309285     4.1127     4.1684    -0.0134    91.6371 1.0000e-12  -64.92692  -64.68530 345.636598      99.97 8.9026e+02   2157.083      51771  1030.7318  1030.7307    34.6716    34.6702    7.73776         18 0.0000e+00
    634.000    626.828     1.4329  30.309484     1.4325  30.308140     4.1147     4.1640    -0.0136    91.6366 1.0000e-12  -64.92692  -64.68531 345.636606      99.97 8.9026e+02   2157.785      51788  1030.7271  1030.7261    34.6715    34.6702    7.73790         16 0.0000e+00
    633.000    625.841     1.4320  30.308162     1.4317  30.306723     4.1101     4.1618    -0.0127    91.6530 1.0000e-12  -64.92692  -64.68532 345.636614      99.97 8.9062e+02   2158.449      51804  1030.7225  1030.7212    34.6714    34.6698    7.73809         16 0.0000e+00
    632.000    624.854     1.4314  30.307148     1.4312  30.305739     4.1108     4.1602    -0.0131    91.6646 1.0000e-12  -64.92692  -64.68530 345.636622      99.97 8.9172e+02   2159.151      51821  1030.7177  1030.7165    34.6712    34.6697    7.73820         19 0.0000e+00
    631.000    623.868     1.4316  30.306752     1.4314  30.305450     4.1169     4.1645    -0.0087    91.6518 1.0000e-12  -64.92692  -64.68530 345.636638      99.97 8.9136e+02   2160.538      51854  1030.7130  1030.7118    34.6711    34.6696    7.73817         31 0.0000e+00
    630.000    622.881     1.4323  30.307221     1.4320  30.305616     4.1060     4.1686    -0.0142    91.6370 1.0000e-12  -64.92691  -64.68530 345.636698      99.97 8.9204e+02   2165.743      51979  1030.7084  1030.7072    34.6714    34.6698    7.73801         22 0.0000e+00
    629.000    621.890     1.4316  30.305954     1.4314  30.304541     4.1065     4.1682    -0.0106    91.6498 1.0000e-12  -64.92690  -64.68530 345.636706      99.97 8.9202e+02   2166.393      51994  1030.7037  1030.7025    34.6712    34.6697    7.73816         18 0.0000e+00
    628.000    620.907     1.4313  30.305076     1.4311  30.303698     4.1125     4.1700    -0.0049    91.6527 1.0000e-12  -64.92690  -64.68530 345.636715      99.97 8.9202e+02   2167.141      52012  1030.6990  1030.6977    34.6710    34.6695    7.73824         18 0.0000e+00
    627.000    619.918     1.4310  30.304462     1.4307  30.303074     4.1107     4.1738     0.0021    91.6527 1.0000e-12  -64.92690  -64.68530 345.636725      99.97 8.9202e+02   2167.998      52033  1030.6944  1030.6932    34.6711    34.6696    7.73829         24 0.0000e+00
    626.000    618.931     1.4311  30.304131     1.4305  30.302437     4.1136     4.1702     0.0069    91.6527 1.0000e-12  -64.92690  -64.68528 345.636739      99.97 8.9202e+02   2169.263      52063  1030.6897  1030.6886    34.6711    34.6696    7.73827         38 0.0000e+00
    625.000    617.945     1.4308  30.303355     1.4303  30.301794     4.1198     4.1707    -0.0075    91.6617 1.0000e-12  -64.92692  -64.68528 345.636761      99.97 8.9031e+02   2171.184      52109  1030.6851  1030.6839    34.6711    34.6696    7.73833         36 0.0000e+00
    624.000    616.956     1.4308  30.302997     1.4305  30.301461     4.1179     4.1713    -0.0098    91.6306 1.0000e-12  -64.92692  -64.68528 345.636784      99.97 8.9049e+02   2173.117      52156  1030.6804  1030.6792    34.6711    34.6696    7.73832         38 0.0000e+00
    623.000    615.969     1.4309  30.302591     1.4306  30.301142     4.1126     4.1736    -0.0111    91.6586 1.0000e-12  -64.92690  -64.68530 345.636817      99.97 8.9192e+02   2175.969      52224  1030.6757  1030.6745    34.6711    34.6696    7.73831         34 0.0000e+00
    622.000    614.982     1.4306  30.301811     1.4301  30.300276     4.1065     4.1743    -0.0111    91.6525 1.0000e-12  -64.92690  -64.68530 345.636833      99.97 8.9219e+02   2177.398      52259  1030.6710  1030.6699    34.6710    34.6696    7.73838         22 0.0000e+00
    621.000    613.994     1.4293  30.300238     1.4292  30.298973     4.1077     4.1739     0.0037    91.6619 1.0000e-12  -64.92690  -64.68530 345.636842      99.97 8.9380e+02   2178.178      52277  1030.6665  1030.6652    34.6710    34.6695    7.73863         17 0.0000e+00
    620.000    613.010     1.4288  30.299011     1.4285  30.297589     4.1158     4.1695    -0.0057    91.6749 1.0000e-12  -64.92690  -64.68530 345.636850      99.97 8.9378e+02   2178.830      52293  1030.6615  1030.6604    34.6706    34.6691    7.73875         15 0.0000e+00
    619.000    612.021     1.4288  30.298469     1.4285  30.297039     4.1182     4.1689    -0.0036    91.6799 1.0000e-12  -64.92690  -64.68530 345.636857      99.97 8.9378e+02   2179.467      52308  1030.6567  1030.6556    34.6704    34.6690    7.73875         16 0.0000e+00
    618.000    611.032     1.4286  30.297919     1.4283  30.296475     4.1150     4.1678    -0.0048    91.6577 1.0000e-12  -64.92690  -64.68528 345.636866      99.97 8.9244e+02   2180.205      52326  1030.6522  1030.6510    34.6706    34.6690    7.73880         21 0.0000e+00
    617.000    610.047     1.4289  30.297712     1.4285  30.296228     4.1117     4.1731    -0.0094    91.6646 1.0000e-12  -64.92690  -64.68528 345.636906      99.98 8.9266e+02   2183.640      52408  1030.6474  1030.6462    34.6704    34.6690    7.73873         23 0.0000e+00
    616.000    609.058     1.4286  30.297070     1.4284  30.295735     4.1061     4.1744    -0.0072    91.6612 1.0000e-12  -64.92690  -64.68528 345.636939      99.97 8.9332e+02   2186.511      52477  1030.6428  1030.6417    34.6705    34.6691    7.73879         15 0.0000e+00
    615.000    608.072     1.4284  30.296580     1.4283  30.295065     4.1113     4.1732    -0.0046    91.6545 1.0000e-12  -64.92690  -64.68530 345.636945      99.97 8.9202e+02   2187.062      52490  1030.6383  1030.6370    34.6707    34.6690    7.73881         14 0.0000e+00
    614.000    607.085     1.4281  30.295656     1.4279  30.294288     4.1142     4.1711    -0.0136    91.6527 1.0000e-12  -64.92689  -64.68530 345.636952      99.97 8.9202e+02   2187.670      52505  1030.6334  1030.6322    34.6704    34.6689    7.73889         15 0.0000e+00
    613.000    606.096     1.4278  30.294830     1.4277  30.293610     4.1220     4.1711    -0.0139    91.6527 1.0000e-12  -64.92688  -64.68530 345.636961      99.97 8.9267e+02   2188.391      52522  1030.6287  1030.6276    34.6703    34.6688    7.73896         21 0.0000e+00
    612.000    605.110     1.4281  30.294705     1.4280  30.293446     4.1209     4.1733    -0.0097    91.6527 1.0000e-12  -64.92690  -64.68528 345.636994      99.97 8.9188e+02   2191.289      52592  1030.6240  1030.6229    34.6704    34.6689    7.73890         34 0.0000e+00
    611.000    604.123     1.4278  30.293854     1.4278  30.292719     4.1131     4.1735    -0.0113    91.6527 1.0000e-12  -64.92690  -64.68528 345.637028      99.97 8.9341e+02   2194.217      52662  1030.6193  1030.6182    34.6702    34.6688    7.73898         25 0.0000e+00
    610.000    603.135     1.4277  30.293441     1.4275  30.292024     4.1113     4.1746    -0.0094    91.6527 1.0000e-12  -64.92690  -64.68528 345.637038      99.97 8.9378e+02   2195.109      52684  1030.6148  1030.6135    34.6704    34.6688    7.73898         22 0.0000e+00
    609.000    602.149     1.4275  30.292822     1.4272  30.291336     4.1185     4.1754    -0.0065    91.6568 1.0000e-12  -64.92689  -64.68528 345.637048      99.97 8.9378e+02   2195.971      52704  1030.6101  1030.6089    34.6704    34.6688    7.73902         19 0.0000e+00
    608.000    601.158     1.4270  30.291867     1.4267  30.290433     4.1123     4.1753    -0.0053    91.6712 1.0000e-12  -64.92688  -64.68528 345.637058      99.97 8.9217e+02   2196.800      52724  1030.6054  1030.6043    34.6702    34.6687    7.73912         21 0.0000e+00
    607.000    600.173     1.4261  30.290383     1.4259  30.289085     4.1152     4.1741    -0.0057    91.6755 1.0000e-12  -64.92688  -64.68528 345.637069      99.97 8.9180e+02   2197.778      52748  1030.6006  1030.5995    34.6699    34.6685    7.73931         29 0.0000e+00
    606.000    599.189     1.4267  30.290592     1.4265  30.289253     4.1188     4.1783    -0.0099    91.6749 1.0000e-12  -64.92690  -64.68528 345.637103      99.97 8.9121e+02   2200.720      52818  1030.5960  1030.5948    34.6701    34.6685    7.73919         37 0.0000e+00
    605.000    598.200     1.4267  30.290171     1.4264  30.288723     4.1160     4.1754    -0.0060    91.6662 1.0000e-12  -64.92690  -64.68528 345.637130      99.97 8.9205e+02   2203.054      52874  1030.5914  1030.5902    34.6701    34.6686    7.73919         28 0.0000e+00
    604.000    597.210     1.4259  30.288929     1.4256  30.287466     4.1188     4.1739    -0.0116    91.6650 1.0000e-12  -64.92690  -64.68528 345.637142      99.97 8.9202e+02   2204.102      52899  1030.5867  1030.5855    34.6700    34.6685    7.73936         25 0.0000e+00
    603.000    596.223     1.4253  30.287843     1.4250  30.286410     4.1222     4.1770    -0.0071    91.6844 1.0000e-12  -64.92690  -64.68528 345.637154      99.97 8.9202e+02   2205.117      52924  1030.5819  1030.5807    34.6698    34.6683    7.73947         25 0.0000e+00
    602.000    595.237     1.4251  30.287088     1.4248  30.285804     4.1190     4.1757    -0.0113    91.6834 1.0000e-12  -64.92690  -64.68528 345.637166      99.97 8.9202e+02   2206.182      52949  1030.5772  1030.5761    34.6697    34.6683    7.73953         26 0.0000e+00
    601.000    594.248     1.4247  30.286327     1.4245  30.285043     4.1191     4.1751    -0.0073    91.6919 1.0000e-12  -64.92690  -64.68526 345.637180      99.97 8.9078e+02   2207.371      52978  1030.5725  1030.5714    34.6697    34.6683    7.73960         32 0.0000e+00
    600.000    593.262     1.4251  30.286269     1.4246  30.284704     4.1190     4.1745    -0.0061    91.6697 1.0000e-12  -64.92689  -64.68527 345.637211      99.97 8.9088e+02   2210.050      53042  1030.5678  1030.5668    34.6697    34.6683    7.73952         37 0.0000e+00
    599.000    592.273     1.4250  30.285775     1.4247  30.284301     4.1148     4.1818    -0.0136    91.6788 1.0000e-12  -64.92688  -64.68528 345.637250      99.97 8.9207e+02   2213.392      53122  1030.5632  1030.5620    34.6698    34.6682    7.73954         21 0.0000e+00
    598.000    591.290     1.4245  30.284758     1.4240  30.283258     4.1076     4.1829    -0.0072    91.6784 1.0000e-12  -64.92688  -64.68528 345.637257      99.97 8.9202e+02   2213.998      53137  1030.5585  1030.5574    34.6696    34.6682    7.73965         15 0.0000e+00
    597.000    590.302     1.4241  30.283936     1.4238  30.282528     4.1145     4.1804    -0.0065    91.6784 1.0000e-12  -64.92688  -64.68528 345.637264      99.97 8.9112e+02   2214.575      53151  1030.5538  1030.5526    34.6696    34.6681    7.73973         12 0.0000e+00
    596.000    589.310     1.4237  30.282912     1.4233  30.281489     4.1176     4.1784    -0.0140    91.6784 1.0000e-12  -64.92690  -64.68528 345.637270      99.97 8.9024e+02   2215.095      53163  1030.5491  1030.5479    34.6693    34.6679    7.73983         13 0.0000e+00
    595.000    588.326     1.4234  30.282215     1.4229  30.280697     4.1203     4.1741    -0.0133    91.6784 1.0000e-12  -64.92690  -64.68528 345.637276      99.97 8.9026e+02   2215.632      53176  1030.5443  1030.5432    34.6693    34.6679    7.73988         13 0.0000e+00
    594.000    587.338     1.4228  30.281046     1.4228  30.279938     4.1194     4.1718    -0.0053    91.6586 1.0000e-12  -64.92690  -64.68528 345.637283      99.97 8.8958e+02   2216.265      53191  1030.5396  1030.5384    34.6690    34.6676    7.74002         18 0.0000e+00
    593.000    586.350     1.4234  30.281236     1.4233  30.280077     4.1209     4.1772    -0.0100    91.6584 1.0000e-12  -64.92689  -64.68526 345.637321      99.97 8.8933e+02   2219.531      53270  1030.5349  1030.5338    34.6692    34.6678    7.73989         27 0.0000e+00
    592.000    585.362     1.4234  30.280904     1.4230  30.279384     4.1226     4.1815    -0.0209    91.6786 1.0000e-12  -64.92688  -64.68526 345.637360      99.97 8.9027e+02   2222.861      53350  1030.5304  1030.5291    34.6693    34.6678    7.73988         23 0.0000e+00
    591.000    584.377     1.4230  30.280197     1.4227  30.278551     4.1259     4.1811    -0.0161    91.6784 1.0000e-12  -64.92688  -64.68526 345.637370      99.97 8.9026e+02   2223.751      53371  1030.5258  1030.5244    34.6694    34.6676    7.73995         22 0.0000e+00
    590.000    583.388     1.4225  30.279112     1.4224  30.277875     4.1307     4.1796    -0.0087    91.6784 1.0000e-12  -64.92688  -64.68526 345.637381      99.97 8.9026e+02   2224.703      53394  1030.5209  1030.5198    34.6691    34.6677    7.74006         23 0.0000e+00
    589.000    582.400     1.4220  30.278140     1.4219  30.276840     4.1233     4.1777    -0.0055    91.6784 1.0000e-12  -64.92688  -64.68527 345.637394      99.97 8.8989e+02   2225.815      53421  1030.5163  1030.5151    34.6690    34.6675    7.74017         32 0.0000e+00
    588.000    581.413     1.4221  30.277790     1.4220  30.276646     4.1191     4.1804    -0.0053    91.6784 1.0000e-12  -64.92689  -64.68527 345.637416      99.97 8.8764e+02   2227.725      53466  1030.5116  1030.5105    34.6690    34.6676    7.74015         33 0.0000e+00
    587.000    580.426     1.4222  30.277515     1.4221  30.276149     4.1161     4.1833    -0.0063    91.6784 1.0000e-12  -64.92690  -64.68528 345.637441      99.97 8.8916e+02   2229.927      53519  1030.5070  1030.5057    34.6691    34.6675    7.74012         36 0.0000e+00
    586.000    579.440     1.4214  30.276318     1.4215  30.275131     4.1189     4.1850    -0.0068    91.6784 1.0000e-12  -64.92690  -64.68528 345.637455      99.97 8.9029e+02   2231.097      53547  1030.5023  1030.5010    34.6690    34.6674    7.74028         24 0.0000e+00
    585.000    578.450     1.4205  30.274892     1.4201  30.273328     4.1291     4.1827    -0.0084    91.6784 1.0000e-12  -64.92688  -64.68526 345.637465      99.97 8.9026e+02   2232.017      53569  1030.4975  1030.4963    34.6688    34.6672    7.74047         22 0.0000e+00
    584.000    577.463     1.4196  30.273457     1.4195  30.272176     4.1272     4.1793    -0.0139    91.6784 1.0000e-12  -64.92688  -64.68525 345.637477      99.97 8.8932e+02   2233.036      53594  1030.4927  1030.4916    34.6685    34.6670    7.74066         30 0.0000e+00
    583.000    576.477     1.4208  30.274173     1.4206  30.272914     4.1223     4.1838    -0.0127    91.6823 1.0000e-12  -64.92688  -64.68526 345.637528      99.98 8.8767e+02   2237.410      53699  1030.4881  1030.4870    34.6687    34.6673    7.74043         37 0.0000e+00
    582.000    575.489     1.4200  30.272890     1.4195  30.271380     4.1200     4.1836    -0.0062    91.7009 1.0000e-12  -64.92688  -64.68528 345.637541      99.97 8.8850e+02   2238.533      53726  1030.4834  1030.4823    34.6685    34.6671    7.74059         21 0.0000e+00
    581.000    574.502     1.4196  30.272069     1.4192  30.270594     4.1288     4.1844    -0.0146    91.6889 1.0000e-12  -64.92688  -64.68528 345.637550      99.97 8.8849e+02   2239.299      53744  1030.4787  1030.4776    34.6685    34.6670    7.74067         17 0.0000e+00
