NBP2113_155081_ctd/data/unbp2113_030.cnv
* Sea-Bird SBE 9 Data File:
* FileName = D:\Data\raw\NBP2113_030.hex
* Software Version Seasave V 7.26.7.121
* Temperature SN = 2438
* Conductivity SN = 2067
* Number of Bytes Per Scan = 40
* Number of Voltage Words = 5
* Number of Scans Averaged by the Deck Unit = 1
* NMEA Latitude = 66 50.58 S
* NMEA Longitude = 068 39.78 W
* NMEA UTC (Time) = Dec 05 2021  03:50:51
* NMEA baud rate = 9600
** Ship: RVIB N.B. Palmer
** Cruise: NBP2113 LTER
** Station: AS02
** Operator: B. Urmston
# nquan = 25
# nvalues = 243                         
# units = specified
# name 0 = prDM: Pressure, Digiquartz [db]
# name 1 = depSM: Depth [salt water, m]
# name 2 = t090C: Temperature [ITS-90, deg C]
# name 3 = c0mS/cm: Conductivity [mS/cm]
# name 4 = t190C: Temperature, 2 [ITS-90, deg C]
# name 5 = c1mS/cm: Conductivity, 2 [mS/cm]
# name 6 = sbeox0ML/L: Oxygen, SBE 43 [ml/l]
# name 7 = sbeox1ML/L: Oxygen, SBE 43, 2 [ml/l]
# name 8 = flECO-AFL: Fluorescence, WET Labs ECO-AFL/FL [mg/m^3]
# name 9 = CStarTr0: Beam Transmission, WET Labs C-Star [%]
# name 10 = par: PAR/Irradiance, Biospherical/Licor
# name 11 = latitude: Latitude [deg]
# name 12 = longitude: Longitude [deg]
# name 13 = timeJ: Julian Days
# name 14 = altM: Altimeter [m]
# name 15 = spar: SPAR, Biospherical/Licor
# name 16 = timeS: Time, Elapsed [seconds]
# name 17 = scan: Scan Count
# name 18 = density00: Density [density, kg/m^3]
# name 19 = density11: Density, 2 [density, kg/m^3]
# name 20 = sal00: Salinity, Practical [PSU]
# name 21 = sal11: Salinity, Practical, 2 [PSU]
# name 22 = oxsolML/L: Oxygen Saturation, Garcia & Gordon [ml/l]
# name 23 = nbin: number of scans per bin
# name 24 = flag: flag
# span 0 =      1.000,    243.000       
# span 1 =      0.990,    240.447       
# span 2 =    -0.9241,     1.1594       
# span 3 =  27.355311,  29.859216       
# span 4 =    -0.9243,     1.1548       
# span 5 =  27.354043,  29.854226       
# span 6 =     4.2852,    11.7672       
# span 7 =     4.3568,     9.9183       
# span 8 =    -0.0022,     1.1774       
# span 9 =    89.7178,    95.1542       
# span 10 = 1.0000e-12, 2.3446e+00      
# span 11 =  -66.84294,  -66.84282      
# span 12 =  -68.66278,  -68.66248      
# span 13 = 339.170446, 339.176925      
# span 14 =       8.51,     100.69      
# span 15 = 0.0000e+00, 0.0000e+00      
# span 16 =    875.567,   1435.365      
# span 17 =      21015,      34450      
# span 18 =  1027.1434,  1028.8779      
# span 19 =  1027.1423,  1028.8773      
# span 20 =    33.7597,    34.6229      
# span 21 =    33.7583,    34.6217      
# span 22 =    7.79457,    8.27849      
# span 23 =          9,         45      
# span 24 = 0.0000e+00, 0.0000e+00      
# interval = decibars: 1                
# start_time = Dec 05 2021 03:50:51 [NMEA time, header]
# bad_flag = -9.990e-29
*END*
    243.000    240.447     1.1594  29.859216     1.1548  29.854226     4.3813     4.3969     0.0102    94.9624 1.0000e-12  -66.84294  -68.66272 339.170446       8.51 0.0000e+00    875.567      21015  1028.8779  1028.8773    34.6229    34.6217    7.79457         23 0.0000e+00
    242.000    239.456     1.0970  29.791074     1.1055  29.800157     4.3820     4.3996     0.0098    95.0018 1.0000e-12  -66.84294  -68.66272 339.170455       9.34 0.0000e+00    876.318      21033  1028.8652  1028.8663    34.6052    34.6075    7.80797         18 0.0000e+00
    241.000    238.468     1.0774  29.769850     1.0843  29.776528     4.3911     4.4109     0.0106    94.9925 1.0000e-12  -66.84294  -68.66272 339.170464      10.32 0.0000e+00    877.091      21051  1028.8585  1028.8586    34.6003    34.6011    7.81216         20 0.0000e+00
    240.000    237.480     1.0957  29.788917     1.0934  29.785816     4.3717     4.4024     0.0146    94.9440 1.0000e-12  -66.84292  -68.66274 339.170487      11.52 0.0000e+00    879.074      21099  1028.8557  1028.8548    34.6051    34.6036    7.80825         27 0.0000e+00
    239.000    236.490     1.1398  29.836740     1.1241  29.819789     4.3107     4.3853     0.0131    94.9215 1.0000e-12  -66.84292  -68.66276 339.170561      12.37 0.0000e+00    885.466      21252  1028.8571  1028.8551    34.6182    34.6138    7.79874         19 0.0000e+00
    238.000    235.500     1.1267  29.821046     1.1198  29.813539     4.3074     4.3871     0.0132    94.9148 1.0000e-12  -66.84292  -68.66276 339.170572      13.49 0.0000e+00    886.406      21275  1028.8497  1028.8488    34.6131    34.6112    7.80162         28 0.0000e+00
    237.000    234.514     1.1224  29.817223     1.1200  29.813581     4.3120     4.3723     0.0011    94.8871 1.0000e-12  -66.84293  -68.66276 339.170620      14.73 0.0000e+00    890.550      21374  1028.8458  1028.8444    34.6135    34.6116    7.80245         35 0.0000e+00
    236.000    233.524     1.1211  29.815087     1.1300  29.823352     4.3007     4.3592    -0.0001    94.9098 1.0000e-12  -66.84291  -68.66278 339.170681      15.56 0.0000e+00    895.880      21502  1028.8407  1028.8404    34.6129    34.6137    7.80276         22 0.0000e+00
    235.000    232.535     1.1231  29.817241     1.1214  29.814560     4.2875     4.3617     0.0063    94.9280 1.0000e-12  -66.84290  -68.66278 339.170689      16.47 0.0000e+00    896.484      21517  1028.8366  1028.8356    34.6139    34.6124    7.80229         17 0.0000e+00
    234.000    231.545     1.1314  29.825620     1.1294  29.822600     4.2883     4.3622     0.0099    94.9056 1.0000e-12  -66.84290  -68.66276 339.170696      17.29 0.0000e+00    897.127      21532  1028.8328  1028.8318    34.6161    34.6145    7.80052         15 0.0000e+00
    233.000    230.558     1.1360  29.829919     1.1334  29.826284     4.2852     4.3568     0.0103    94.8809 1.0000e-12  -66.84291  -68.66276 339.170703      18.22 0.0000e+00    897.718      21546  1028.8285  1028.8273    34.6171    34.6154    7.79955         13 0.0000e+00
    232.000    229.568     1.1315  29.824409     1.1323  29.824663     4.2865     4.3593     0.0094    94.8693 1.0000e-12  -66.84292  -68.66276 339.170710      19.28 0.0000e+00    898.309      21560  1028.8231  1028.8226    34.6157    34.6151    7.80053         15 0.0000e+00
    231.000    228.577     1.1229  29.814102     1.1241  29.814971     4.2932     4.3581    -0.0002    94.8815 1.0000e-12  -66.84292  -68.66276 339.170718      20.36 0.0000e+00    899.009      21577  1028.8167  1028.8165    34.6125    34.6123    7.80241         20 0.0000e+00
    230.000    227.591     1.1184  29.809300     1.1189  29.809007     4.3141     4.3671     0.0148    94.8762 1.0000e-12  -66.84291  -68.66277 339.170783      21.58 0.0000e+00    904.656      21713  1028.8120  1028.8112    34.6120    34.6110    7.80335         25 0.0000e+00
    229.000    226.600     1.1112  29.800599     1.1125  29.801812     4.3110     4.3757     0.0111    94.7692 1.0000e-12  -66.84290  -68.66278 339.170837      22.62 0.0000e+00    909.338      21825  1028.8060  1028.8060    34.6094    34.6095    7.80492         25 0.0000e+00
    228.000    225.612     1.1143  29.803319     1.1178  29.806763     4.3177     4.3742     0.0054    94.8517 1.0000e-12  -66.84290  -68.66278 339.170852      23.81 0.0000e+00    910.571      21855  1028.8014  1028.8015    34.6100    34.6105    7.80427         34 0.0000e+00
    227.000    224.624     1.1127  29.801757     1.1108  29.798735     4.3309     4.3887    -0.0022    94.8809 1.0000e-12  -66.84290  -68.66277 339.170896      25.00 0.0000e+00    914.387      21946  1028.7969  1028.7958    34.6103    34.6086    7.80456         26 0.0000e+00
    226.000    223.633     1.1068  29.794667     1.1058  29.793007     4.3473     4.4130    -0.0004    94.9804 1.0000e-12  -66.84290  -68.66278 339.170962      25.59 0.0000e+00    920.112      22084  1028.7910  1028.7904    34.6083    34.6073    7.80585         15 0.0000e+00
    225.000    222.645     1.1038  29.790755     1.1038  29.790038     4.3666     4.4227     0.0002    94.9329 1.0000e-12  -66.84290  -68.66278 339.170967      26.30 0.0000e+00    920.541      22094  1028.7857  1028.7850    34.6072    34.6063    7.80651         13 0.0000e+00
    224.000    221.658     1.0968  29.782550     1.0916  29.776326     4.3770     4.4216    -0.0004    94.9191 1.0000e-12  -66.84288  -68.66278 339.170973      27.23 0.0000e+00    921.046      22106  1028.7799  1028.7786    34.6050    34.6027    7.80802         12 0.0000e+00
    223.000    220.666     1.0864  29.769988     1.0854  29.768940     4.3814     4.4202    -0.0004    94.9041 1.0000e-12  -66.84288  -68.66278 339.170978      28.25 0.0000e+00    921.543      22118  1028.7731  1028.7729    34.6010    34.6007    7.81032         11 0.0000e+00
    222.000    219.676     1.0640  29.745114     1.0620  29.742025     4.3674     4.4078    -0.0004    94.9277 1.0000e-12  -66.84288  -68.66278 339.170985      29.34 0.0000e+00    922.075      22131  1028.7651  1028.7640    34.5944    34.5927    7.81515         15 0.0000e+00
    221.000    218.689     1.0546  29.736020     1.0562  29.735983     4.3558     4.3992     0.0070    94.9889 1.0000e-12  -66.84289  -68.66278 339.171000      30.75 0.0000e+00    923.413      22163  1028.7607  1028.7591    34.5937    34.5919    7.81706         25 0.0000e+00
    220.000    217.699     1.0342  29.712219     1.0437  29.722320     4.4242     4.4534     0.0118    94.9422 1.0000e-12  -66.84290  -68.66276 339.171088      31.59 0.0000e+00    930.979      22344  1028.7517  1028.7527    34.5863    34.5888    7.82155         12 0.0000e+00
    219.000    216.711     1.0327  29.710109     1.0431  29.721042     4.4201     4.4521     0.0109    94.9705 1.0000e-12  -66.84290  -68.66276 339.171094      32.67 0.0000e+00    931.532      22358  1028.7466  1028.7476    34.5859    34.5884    7.82188         15 0.0000e+00
    218.000    215.721     1.0308  29.708262     1.0367  29.714096     4.4089     4.4501     0.0071    94.9289 1.0000e-12  -66.84290  -68.66276 339.171102      33.84 0.0000e+00    932.251      22375  1028.7422  1028.7425    34.5861    34.5871    7.82223         21 0.0000e+00
    217.000    214.732     1.0366  29.713792     1.0419  29.718828     4.4148     4.4553     0.0069    94.9869 1.0000e-12  -66.84291  -68.66277 339.171154      35.21 0.0000e+00    936.729      22482  1028.7376  1028.7376    34.5875    34.5880    7.82101         30 0.0000e+00
    216.000    213.744     1.0282  29.704074     1.0289  29.704258     4.4327     4.4650     0.0001    95.0563 1.0000e-12  -66.84292  -68.66277 339.171200      36.00 0.0000e+00    940.640      22576  1028.7314  1028.7309    34.5848    34.5842    7.82283         26 0.0000e+00
    215.000    212.754     1.0236  29.699094     1.0241  29.699044     4.4532     4.4898     0.0040    95.0729 1.0000e-12  -66.84291  -68.66275 339.171230      37.25 0.0000e+00    943.310      22640  1028.7264  1028.7257    34.5841    34.5835    7.82380         44 0.0000e+00
    214.000    211.765     0.9780  29.646068     1.0078  29.679644     4.5088     4.5214     0.0123    95.1034 1.0000e-12  -66.84289  -68.66274 339.171272      38.18 0.0000e+00    946.907      22727  1028.7121  1028.7172    34.5669    34.5771    7.83387         25 0.0000e+00
    213.000    210.777     0.9962  29.668534     1.0024  29.674575     4.6440     4.6055     0.0125    95.1106 1.0000e-12  -66.84288  -68.66275 339.171283      39.18 0.0000e+00    947.848      22749  1028.7128  1028.7130    34.5762    34.5772    7.82970         21 0.0000e+00
    212.000    209.787     0.9581  29.625926     0.9736  29.642146     4.6862     4.6480     0.0114    95.0797 1.0000e-12  -66.84288  -68.66276 339.171293      40.17 0.0000e+00    948.749      22771  1028.7021  1028.7035    34.5642    34.5679    7.83801         23 0.0000e+00
    211.000    208.798     0.8651  29.523725     0.8740  29.531837     4.6453     4.6392     0.0130    95.0899 1.0000e-12  -66.84289  -68.66276 339.171306      41.35 0.0000e+00    949.818      22797  1028.6835  1028.6832    34.5360    34.5366    7.85828         30 0.0000e+00
    210.000    207.810     0.8729  29.537516     0.8529  29.517492     4.6368     4.6331     0.0156    95.1191 1.0000e-12  -66.84290  -68.66275 339.171346      42.49 0.0000e+00    953.271      22879  1028.6844  1028.6834    34.5458    34.5421    7.85618         35 0.0000e+00
    209.000    206.820     0.8969  29.560449     0.8875  29.549756     4.8396     4.8345    -0.0003    95.1542 1.0000e-12  -66.84288  -68.66272 339.171430      43.23 0.0000e+00    960.590      23055  1028.6778  1028.6757    34.5494    34.5460    7.85113         22 0.0000e+00
    208.000    205.832     0.7769  29.426741     0.8261  29.478600     4.8987     4.8833     0.0088    95.1357 1.0000e-12  -66.84288  -68.66272 339.171436      44.25 0.0000e+00    961.041      23066  1028.6534  1028.6585    34.5102    34.5227    7.87751         18 0.0000e+00
    207.000    204.840     0.7228  29.370444     0.7007  29.345557     4.8936     4.8935     0.0148    95.1175 1.0000e-12  -66.84288  -68.66273 339.171444      45.08 0.0000e+00    961.735      23083  1028.6439  1028.6395    34.4980    34.4901    7.88917         16 0.0000e+00
    206.000    203.853     0.6733  29.316957     0.6648  29.307685     4.8641     4.8769     0.0215    95.1107 1.0000e-12  -66.84288  -68.66274 339.171452      46.14 0.0000e+00    962.411      23099  1028.6320  1028.6307    34.4841    34.4815    7.89998         17 0.0000e+00
    205.000    202.864     0.6779  29.325626     0.6322  29.273906     4.8212     4.8365     0.0178    95.1046 1.0000e-12  -66.84288  -68.66274 339.171461      47.21 0.0000e+00    963.193      23118  1028.6319  1028.6227    34.4908    34.4744    7.89870         22 0.0000e+00
    204.000    201.876     0.7500  29.398779     0.7489  29.396347     4.8052     4.8315     0.0206    95.0862 1.0000e-12  -66.84290  -68.66272 339.171517      48.57 0.0000e+00    968.073      23235  1028.6317  1028.6302    34.5062    34.5043    7.88319         33 0.0000e+00
    203.000    200.885     0.7353  29.382978     0.7408  29.388308     4.9418     4.9155     0.0182    95.0972 1.0000e-12  -66.84290  -68.66268 339.171574      49.61 0.0000e+00    972.973      23352  1028.6249  1028.6248    34.5027    34.5035    7.88637         26 0.0000e+00
    202.000    199.897     0.6561  29.297608     0.6645  29.304884     4.9560     4.9027     0.0182    95.0885 1.0000e-12  -66.84290  -68.66268 339.171586      50.62 0.0000e+00    974.050      23378  1028.6095  1028.6087    34.4804    34.4805    7.90369         28 0.0000e+00
    201.000    198.907     0.6359  29.276470     0.6706  29.311748     4.9373     4.9267     0.0341    95.0720 1.0000e-12  -66.84290  -68.66271 339.171604      51.87 0.0000e+00    975.575      23415  1028.6024  1028.6051    34.4760    34.4833    7.90805         37 0.0000e+00
    200.000    197.920     0.6276  29.267057     0.5975  29.234370     4.9802     5.0034     0.0273    95.0635 1.0000e-12  -66.84290  -68.66273 339.171638      52.88 0.0000e+00    978.551      23486  1028.5960  1028.5915    34.4736    34.4646    7.90987         33 0.0000e+00
    199.000    196.928     0.6055  29.241722     0.6036  29.240076     4.9460     4.9791     0.0372    95.0772 1.0000e-12  -66.84290  -68.66273 339.171660      53.87 0.0000e+00    980.404      23531  1028.5862  1028.5863    34.4658    34.4658    7.91481         32 0.0000e+00
    198.000    195.940     0.6138  29.252266     0.6141  29.251727     4.9835     5.0104     0.0406    95.0618 1.0000e-12  -66.84290  -68.66268 339.171718      54.92 0.0000e+00    985.479      23653  1028.5837  1028.5829    34.4709    34.4698    7.91284         32 0.0000e+00
    197.000    194.951     0.6030  29.237578     0.5983  29.232182     5.0068     5.0291     0.0375    95.0335 1.0000e-12  -66.84290  -68.66268 339.171738      55.79 0.0000e+00    987.139      23692  1028.5747  1028.5737    34.4644    34.4626    7.91541         24 0.0000e+00
    196.000    193.961     0.5660  29.199094     0.5779  29.212498     4.9811     5.0204     0.0291    95.0176 1.0000e-12  -66.84288  -68.66268 339.171752      56.86 0.0000e+00    988.341      23721  1028.5664  1028.5686    34.4560    34.4602    7.92342         33 0.0000e+00
    195.000    192.973     0.5950  29.229434     0.5940  29.228379     5.0582     5.0961     0.0403    94.9668 1.0000e-12  -66.84288  -68.66272 339.171777      58.03 0.0000e+00    990.508      23773  1028.5650  1028.5649    34.4639    34.4636    7.91707         45 0.0000e+00
    194.000    191.982     0.5245  29.151846     0.5066  29.132109     5.2718     5.2016     0.0567    94.9256 1.0000e-12  -66.84290  -68.66274 339.171796      58.88 0.0000e+00    992.200      23814  1028.5486  1028.5458    34.4418    34.4360    7.93272         31 0.0000e+00
    193.000    190.995     0.4223  29.039665     0.4395  29.060488     5.2259     5.1829     0.0316    94.9107 1.0000e-12  -66.84290  -68.66272 339.171820      59.96 0.0000e+00    994.228      23862  1028.5272  1028.5315    34.4097    34.4177    7.95551         30 0.0000e+00
    192.000    190.004     0.4277  29.045403     0.4452  29.064758     5.4550     5.3514     0.0436    94.9497 1.0000e-12  -66.84290  -68.66270 339.171885      60.91 0.0000e+00    999.869      23998  1028.5220  1028.5254    34.4117    34.4176    7.95429         23 0.0000e+00
    191.000    189.015     0.2801  28.891109     0.3002  28.910085     5.4849     5.3793     0.0322    94.8374 1.0000e-12  -66.84290  -68.66270 339.171895      61.87 0.0000e+00   1000.696      24018  1028.5002  1028.5008    34.3747    34.3772    7.98685         27 0.0000e+00
    190.000    188.029     0.3296  28.944104     0.3600  28.972756     5.4156     5.3799     0.0488    94.7969 1.0000e-12  -66.84290  -68.66271 339.171930      63.16 0.0000e+00   1003.728      24090  1028.5012  1028.5017    34.3897    34.3933    7.97577         33 0.0000e+00
    189.000    187.037     0.2758  28.887169     0.3053  28.916387     5.4520     5.4514     0.0483    94.7695 1.0000e-12  -66.84290  -68.66272 339.171955      63.96 0.0000e+00   1005.885      24142  1028.4888  1028.4913    34.3756    34.3810    7.98769         23 0.0000e+00
    188.000    186.051     0.2669  28.873251     0.2727  28.879204     5.4606     5.4608     0.0389    94.7657 1.0000e-12  -66.84290  -68.66272 339.171964      64.86 0.0000e+00   1006.670      24161  1028.4783  1028.4795    34.3678    34.3692    7.98997         19 0.0000e+00
    187.000    185.058     0.2224  28.828265     0.2152  28.819389     5.4953     5.4746     0.0507    94.7190 1.0000e-12  -66.84290  -68.66272 339.171973      65.99 0.0000e+00   1007.464      24180  1028.4698  1028.4683    34.3589    34.3553    7.99970         20 0.0000e+00
