NBP2113_155081_ctd/data/unbp2113_013.cnv
* Sea-Bird SBE 9 Data File:
* FileName = D:\Data\raw\NBP2113_013.hex
* Software Version Seasave V 7.26.7.121
* Temperature SN = 2438
* Conductivity SN = 2067
* Number of Bytes Per Scan = 40
* Number of Voltage Words = 5
* Number of Scans Averaged by the Deck Unit = 1
* NMEA Latitude = 65 13.99 S
* NMEA Longitude = 066 46.43 W
* NMEA UTC (Time) = Nov 27 2021  04:09:52
* NMEA baud rate = 9600
** Ship: RVIB N.B. Palmer
** Cruise: NBP2113 LTER
** Station: 500.100
** Operator: B. Urmston
# nquan = 25
# nvalues = 432                         
# units = specified
# name 0 = prDM: Pressure, Digiquartz [db]
# name 1 = depSM: Depth [salt water, m]
# name 2 = t090C: Temperature [ITS-90, deg C]
# name 3 = c0mS/cm: Conductivity [mS/cm]
# name 4 = t190C: Temperature, 2 [ITS-90, deg C]
# name 5 = c1mS/cm: Conductivity, 2 [mS/cm]
# name 6 = sbeox0ML/L: Oxygen, SBE 43 [ml/l]
# name 7 = sbeox1ML/L: Oxygen, SBE 43, 2 [ml/l]
# name 8 = flECO-AFL: Fluorescence, WET Labs ECO-AFL/FL [mg/m^3]
# name 9 = CStarTr0: Beam Transmission, WET Labs C-Star [%]
# name 10 = par: PAR/Irradiance, Biospherical/Licor
# name 11 = latitude: Latitude [deg]
# name 12 = longitude: Longitude [deg]
# name 13 = timeJ: Julian Days
# name 14 = altM: Altimeter [m]
# name 15 = spar: SPAR, Biospherical/Licor
# name 16 = timeS: Time, Elapsed [seconds]
# name 17 = scan: Scan Count
# name 18 = density00: Density [density, kg/m^3]
# name 19 = density11: Density, 2 [density, kg/m^3]
# name 20 = sal00: Salinity, Practical [PSU]
# name 21 = sal11: Salinity, Practical, 2 [PSU]
# name 22 = oxsolML/L: Oxygen Saturation, Garcia & Gordon [ml/l]
# name 23 = nbin: number of scans per bin
# name 24 = flag: flag
# span 0 =      1.000,    432.000       
# span 1 =      0.988,    427.313       
# span 2 =    -0.6161,     1.5346       
# span 3 =  27.815456,  30.327393       
# span 4 =    -0.6155,     1.5347       
# span 5 =  27.813979,  30.326422       
# span 6 =     4.1299,     9.9920       
# span 7 =     4.1116,     9.9636       
# span 8 =    -0.0221,     2.3439       
# span 9 =    87.8255,    97.7473       
# span 10 = 1.0000e-12, 2.0690e+00      
# span 11 =  -65.23318,  -65.23308      
# span 12 =  -66.77598,  -66.77500      
# span 13 = 331.185520, 331.198233      
# span 14 =       6.42,     100.53      
# span 15 = 0.0000e+00, 0.0000e+00      
# span 16 =   1036.918,   2135.328      
# span 17 =      24887,      51249      
# span 18 =  1027.2988,  1029.8058      
# span 19 =  1027.2955,  1029.8047      
# span 20 =    33.9668,    34.7091      
# span 21 =    33.9626,    34.7077      
# span 22 =    7.71629,    8.19640      
# span 23 =         13,         47      
# span 24 = 0.0000e+00, 0.0000e+00      
# interval = decibars: 1                
# start_time = Nov 27 2021 04:09:52 [NMEA time, header]
# bad_flag = -9.990e-29
*END*
[from data line 290]
    142.000    140.557     0.7048  29.315378     0.7059  29.315519     5.0823     5.0047     0.0121    97.4585 1.0000e-12  -65.23318  -66.77508 331.191892      99.98 0.0000e+00   1587.487      38101  1028.3244  1028.3234    34.4849    34.4840    7.89352         36 0.0000e+00
    141.000    139.568     0.6925  29.300375     0.6939  29.301801     5.1380     5.0397    -0.0010    97.4702 1.0000e-12  -65.23318  -66.77508 331.191907      99.98 0.0000e+00   1588.756      38131  1028.3165  1028.3165    34.4798    34.4801    7.89632         24 0.0000e+00
    140.000    138.579     0.6723  29.279864     0.6679  29.274257     5.1305     5.0384     0.0058    97.4656 1.0000e-12  -65.23318  -66.77508 331.191917      99.98 0.0000e+00   1589.648      38153  1028.3106  1028.3090    34.4762    34.4738    7.90062         20 0.0000e+00
    139.000    137.589     0.6416  29.248258     0.6373  29.242847     5.1515     5.0335     0.0069    97.4530 1.0000e-12  -65.23318  -66.77508 331.191928      99.98 0.0000e+00   1590.543      38174  1028.3033  1028.3018    34.4698    34.4676    7.90723         24 0.0000e+00
    138.000    136.598     0.6503  29.256385     0.6507  29.256953     5.1420     5.0392     0.0120    97.4540 1.0000e-12  -65.23318  -66.77508 331.191942      99.97 0.0000e+00   1591.766      38203  1028.2986  1028.2987    34.4713    34.4716    7.90537         35 0.0000e+00
    137.000    135.610     0.6429  29.248474     0.6493  29.253679     5.1404     5.0565     0.0171    97.4464 1.0000e-12  -65.23318  -66.77508 331.191964      99.98 0.0000e+00   1593.720      38250  1028.2930  1028.2920    34.4698    34.4695    7.90696         35 0.0000e+00
    136.000    134.621     0.6398  29.244549     0.6437  29.248112     5.1930     5.0997     0.0079    97.4463 1.0000e-12  -65.23318  -66.77508 331.191981      99.98 0.0000e+00   1595.128      38284  1028.2874  1028.2873    34.4688    34.4691    7.90765         26 0.0000e+00
    135.000    133.631     0.6241  29.227500     0.6287  29.231255     5.2225     5.1207     0.0069    97.4263 1.0000e-12  -65.23318  -66.77508 331.191992      99.98 0.0000e+00   1596.118      38308  1028.2806  1028.2800    34.4647    34.4644    7.91108         23 0.0000e+00
    134.000    132.641     0.5764  29.178205     0.5697  29.170305     5.2321     5.1256     0.0066    97.4522 1.0000e-12  -65.23318  -66.77508 331.192004      99.98 0.0000e+00   1597.137      38332  1028.2714  1028.2699    34.4541    34.4513    7.92140         27 0.0000e+00
    133.000    131.653     0.5771  29.178948     0.5729  29.174735     5.1786     5.1138     0.0161    97.4707 1.0000e-12  -65.23318  -66.77508 331.192023      99.98 0.0000e+00   1598.786      38372  1028.2668  1028.2664    34.4549    34.4541    7.92122         40 0.0000e+00
    132.000    130.662     0.6225  29.222605     0.6078  29.208012     5.3006     5.1896     0.0142    97.4721 1.0000e-12  -65.23318  -66.77508 331.192055      99.97 0.0000e+00   1601.551      38438  1028.2631  1028.2622    34.4619    34.4592    7.91157         36 0.0000e+00
    131.000    129.673     0.5573  29.155542     0.5521  29.150246     5.4005     5.2639     0.0078    97.4721 1.0000e-12  -65.23318  -66.77508 331.192068      99.97 0.0000e+00   1602.692      38466  1028.2528  1028.2523    34.4477    34.4466    7.92568         21 0.0000e+00
    130.000    128.683     0.4849  29.079951     0.4707  29.063991     5.4099     5.2803     0.0069    97.4721 1.0000e-12  -65.23318  -66.77508 331.192077      99.98 0.0000e+00   1603.483      38485  1028.2402  1028.2373    34.4302    34.4252    7.94149         18 0.0000e+00
    129.000    127.693     0.4205  29.013971     0.4085  29.002064     5.4098     5.2956     0.0065    97.4679 1.0000e-12  -65.23318  -66.77508 331.192086      99.97 0.0000e+00   1604.238      38503  1028.2298  1028.2288    34.4164    34.4141    7.95551         19 0.0000e+00
    128.000    126.703     0.4669  29.060792     0.4262  29.019185     5.4044     5.2881     0.0193    97.4566 1.0000e-12  -65.23318  -66.77508 331.192105      99.97 0.0000e+00   1605.840      38541  1028.2282  1028.2242    34.4265    34.4174    7.94540         33 0.0000e+00
    127.000    125.715     0.4753  29.069962     0.4359  29.028851     5.4352     5.3231     0.0131    97.4726 1.0000e-12  -65.23318  -66.77507 331.192151      99.98 0.0000e+00   1609.878      38638  1028.2239  1028.2192    34.4297    34.4198    7.94349         23 0.0000e+00
    126.000    124.724     0.4217  29.014431     0.4166  29.008232     5.4416     5.3418     0.0032    97.4721 1.0000e-12  -65.23318  -66.77508 331.192159      99.98 0.0000e+00   1610.572      38655  1028.2139  1028.2119    34.4174    34.4149    7.95520         17 0.0000e+00
    125.000    123.736     0.3893  28.980300     0.3915  28.982132     5.4609     5.3399     0.0102    97.4721 1.0000e-12  -65.23316  -66.77508 331.192168      99.97 0.0000e+00   1611.271      38671  1028.2054  1028.2048    34.4095    34.4094    7.96232         17 0.0000e+00
    124.000    122.745     0.3647  28.954573     0.3640  28.953299     5.4766     5.3396     0.0135    97.4703 1.0000e-12  -65.23316  -66.77508 331.192176      99.98 0.0000e+00   1612.052      38690  1028.1979  1028.1969    34.4038    34.4029    7.96772         21 0.0000e+00
    123.000    121.755     0.3853  28.975715     0.3742  28.964691     5.4491     5.3421     0.0153    97.4540 1.0000e-12  -65.23318  -66.77507 331.192204      99.98 0.0000e+00   1614.413      38747  1028.1946  1028.1937    34.4091    34.4070    7.96316         36 0.0000e+00
    122.000    120.767     0.3894  28.980305     0.3818  28.971619     5.4231     5.3503     0.0213    97.4321 1.0000e-12  -65.23318  -66.77506 331.192244      99.98 0.0000e+00   1617.860      38830  1028.1903  1028.1885    34.4111    34.4083    7.96220         37 0.0000e+00
    121.000    119.776     0.3796  28.970082     0.3793  28.968049     5.4721     5.3769     0.0161    97.4502 1.0000e-12  -65.23318  -66.77508 331.192259      99.98 0.0000e+00   1619.166      38861  1028.1846  1028.1827    34.4092    34.4070    7.96432         33 0.0000e+00
    120.000    118.788     0.3466  28.934161     0.3437  28.930510     5.5484     5.4242     0.0140    97.4671 1.0000e-12  -65.23316  -66.77508 331.192274      99.97 0.0000e+00   1620.510      38893  1028.1749  1028.1737    34.3997    34.3981    7.97169         31 0.0000e+00
    119.000    117.797     0.3095  28.895753     0.3034  28.888587     5.5616     5.4420     0.0175    97.4465 1.0000e-12  -65.23316  -66.77508 331.192289      99.98 0.0000e+00   1621.800      38924  1028.1662  1028.1644    34.3913    34.3886    7.97983         32 0.0000e+00
    118.000    116.809     0.2856  28.870589     0.2768  28.860699     5.5596     5.4406     0.0323    97.4463 1.0000e-12  -65.23316  -66.77508 331.192306      99.98 0.0000e+00   1623.262      38959  1028.1584  1028.1565    34.3855    34.3823    7.98511         38 0.0000e+00
    117.000    115.817     0.3153  28.901642     0.3056  28.890508     5.5155     5.4404     0.0256    97.4339 1.0000e-12  -65.23318  -66.77506 331.192356      99.98 0.0000e+00   1627.578      39063  1028.1567  1028.1543    34.3937    34.3899    7.97849         33 0.0000e+00
    116.000    114.829     0.3129  28.897605     0.2892  28.873115     5.5636     5.4589     0.0131    97.4488 1.0000e-12  -65.23317  -66.77508 331.192380      99.98 0.0000e+00   1629.597      39111  1028.1503  1028.1475    34.3917    34.3860    7.97910         25 0.0000e+00
    115.000    113.840     0.2687  28.851697     0.2616  28.843746     5.5840     5.4682     0.0153    97.4456 1.0000e-12  -65.23316  -66.77508 331.192392      99.98 0.0000e+00   1630.670      39137  1028.1409  1028.1392    34.3813    34.3788    7.98884         32 0.0000e+00
    114.000    112.848     0.2748  28.858525     0.2737  28.856207     5.5370     5.4498     0.0269    97.4442 1.0000e-12  -65.23316  -66.77507 331.192436      99.97 0.0000e+00   1634.454      39228  1028.1371  1028.1356    34.3841    34.3823    7.98742         25 0.0000e+00
    113.000    111.860     0.2862  28.870191     0.2858  28.868413     5.5898     5.4726     0.0257    97.4448 1.0000e-12  -65.23318  -66.77508 331.192499      99.98 0.0000e+00   1639.946      39360  1028.1336  1028.1320    34.3872    34.3854    7.98487         33 0.0000e+00
    112.000    110.870     0.2718  28.852774     0.2650  28.844658     5.6740     5.5263     0.0163    97.4423 1.0000e-12  -65.23318  -66.77508 331.192520      99.98 0.0000e+00   1641.692      39402  1028.1251  1028.1231    34.3811    34.3780    7.98822         32 0.0000e+00
    111.000    109.880     0.2077  28.786139     0.2180  28.797062     5.6531     5.5161     0.0276    97.4410 1.0000e-12  -65.23318  -66.77508 331.192564      99.98 0.0000e+00   1645.530      39494  1028.1125  1028.1141    34.3656    34.3686    8.00239         44 0.0000e+00
    110.000    108.891     0.2000  28.778004     0.2060  28.781302     5.6888     5.5590     0.0257    97.4211 1.0000e-12  -65.23318  -66.77508 331.192605      99.98 0.0000e+00   1649.109      39580  1028.1065  1028.1042    34.3641    34.3617    8.00407         39 0.0000e+00
    109.000    107.901     0.1712  28.746114     0.1816  28.756582     5.7046     5.5837     0.0204    97.4172 1.0000e-12  -65.23318  -66.77509 331.192652      99.98 0.0000e+00   1653.120      39676  1028.0963  1028.0973    34.3550    34.3571    8.01060         40 0.0000e+00
    108.000    106.913     0.1454  28.719820     0.1487  28.721596     5.7840     5.6483     0.0145    97.3985 1.0000e-12  -65.23318  -66.77511 331.192694      99.98 0.0000e+00   1656.804      39764  1028.0890  1028.0879    34.3497    34.3483    8.01627         29 0.0000e+00
    107.000    105.923     0.0982  28.669524     0.1002  28.671191     5.7906     5.6454     0.0351    97.3917 1.0000e-12  -65.23318  -66.77511 331.192710      99.98 0.0000e+00   1658.180      39797  1028.0775  1028.0774    34.3367    34.3367    8.02686         33 0.0000e+00
    106.000    104.932     0.1173  28.689760     0.1239  28.695225     5.7739     5.6488     0.0314    97.3899 1.0000e-12  -65.23318  -66.77510 331.192779      99.98 0.0000e+00   1664.078      39939  1028.0749  1028.0742    34.3427    34.3426    8.02254         42 0.0000e+00
    105.000    103.944     0.1041  28.674101     0.1089  28.677115     5.8247     5.6851     0.0411    97.3923 1.0000e-12  -65.23318  -66.77512 331.192823      99.98 0.0000e+00   1667.929      40031  1028.0666  1028.0651    34.3374    34.3360    8.02559         24 0.0000e+00
    104.000    102.953     0.0456  28.613423     0.0551  28.622173     5.9440     5.7567     0.0337    97.3735 1.0000e-12  -65.23318  -66.77512 331.192850      99.98 0.0000e+00   1670.264      40087  1028.0549  1028.0550    34.3233    34.3242    8.03863         32 0.0000e+00
    103.000    101.963     0.0138  28.579623     0.0298  28.595212     5.9122     5.7572     0.0352    97.3590 1.0000e-12  -65.23318  -66.77512 331.192880      99.97 0.0000e+00   1672.860      40150  1028.0454  1028.0463    34.3148    34.3175    8.04580         37 0.0000e+00
    102.000    100.974     0.0208  28.586908     0.0447  28.609300     5.9585     5.8049     0.0397    97.3338 1.0000e-12  -65.23318  -66.77513 331.192952      99.98 0.0000e+00   1679.091      40299  1028.0409  1028.0414    34.3171    34.3200    8.04417         36 0.0000e+00
    101.000     99.983    -0.0335  28.529766    -0.0329  28.528854     5.9864     5.8386     0.0330    97.3468 1.0000e-12  -65.23318  -66.77513 331.192966      99.98 0.0000e+00   1680.279      40328  1028.0289  1028.0275    34.3030    34.3010    8.05640         30 0.0000e+00
    100.000     98.994    -0.0761  28.485683    -0.0746  28.486374     6.0007     5.8571     0.0383    97.3084 1.0000e-12  -65.23317  -66.77515 331.193097      99.97 0.0000e+00   1691.575      40599  1028.0181  1028.0175    34.2928    34.2921    8.06595         40 0.0000e+00
     99.000     98.006    -0.0980  28.462464    -0.0950  28.463789     6.0594     5.9201     0.0396    97.3058 1.0000e-12  -65.23316  -66.77517 331.193324      99.98 0.0000e+00   1711.224      41070  1028.0087  1028.0071    34.2872    34.2856    8.07089         33 0.0000e+00
     98.000     97.015    -0.1159  28.443124    -0.1182  28.439606     6.0626     5.9388     0.0426    97.2922 1.0000e-12  -65.23316  -66.77518 331.193357      99.97 0.0000e+00   1714.003      41137  1028.0009  1027.9994    34.2821    34.2800    8.07495         32 0.0000e+00
     97.000     96.025    -0.1181  28.440446    -0.1252  28.432910     6.0647     5.9568     0.0535    97.2918 1.0000e-12  -65.23316  -66.77517 331.193377      99.98 0.0000e+00   1715.811      41180  1027.9957  1027.9946    34.2816    34.2796    8.07544         46 0.0000e+00
     96.000     95.035    -0.1266  28.430325    -0.1271  28.428685     6.1507     6.0087     0.0669    97.2808 1.0000e-12  -65.23316  -66.77517 331.193402      99.98 0.0000e+00   1717.894      41230  1027.9887  1027.9874    34.2783    34.2768    8.07743         39 0.0000e+00
     95.000     94.045    -0.1813  28.372695    -0.1536  28.400294     6.3316     6.1275     0.0565    97.2808 1.0000e-12  -65.23316  -66.77518 331.193417      99.98 0.0000e+00   1719.253      41263  1027.9762  1027.9785    34.2637    34.2694    8.08984         28 0.0000e+00
     94.000     93.057    -0.2451  28.303788    -0.2662  28.278534     6.4012     6.1935     0.0555    97.2662 1.0000e-12  -65.23316  -66.77518 331.193430      99.98 0.0000e+00   1720.365      41290  1027.9603  1027.9541    34.2441    34.2341    8.10450         27 0.0000e+00
     93.000     92.066    -0.3239  28.220995    -0.3318  28.212231     6.3169     6.1697     0.0569    97.2409 1.0000e-12  -65.23316  -66.77519 331.193443      99.98 0.0000e+00   1721.495      41317  1027.9438  1027.9421    34.2227    34.2199    8.12251         28 0.0000e+00
     92.000     91.074    -0.2909  28.260816    -0.3241  28.222058     6.2786     6.1537     0.0637    97.1731 1.0000e-12  -65.23316  -66.77519 331.193460      99.98 0.0000e+00   1722.983      41353  1027.9490  1027.9398    34.2394    34.2249    8.11454         38 0.0000e+00
     91.000     90.086    -0.2692  28.279363    -0.2563  28.291112     6.2495     6.1176     0.0618    97.2095 1.0000e-12  -65.23316  -66.77519 331.193503      99.98 0.0000e+00   1726.680      41441  1027.9421  1027.9421    34.2404    34.2416    8.10984         34 0.0000e+00
     90.000     89.097    -0.2764  28.270831    -0.2559  28.291799     6.3609     6.2005     0.0674    97.1969 1.0000e-12  -65.23315  -66.77520 331.193530      99.97 0.0000e+00   1729.002      41497  1027.9355  1027.9379    34.2377    34.2426    8.11152         39 0.0000e+00
     89.000     88.107    -0.3268  28.214143    -0.3196  28.221482     6.5094     6.3065     0.0576    97.1965 1.0000e-12  -65.23314  -66.77521 331.193547      99.98 0.0000e+00   1730.491      41533  1027.9195  1027.9203    34.2193    34.2209    8.12334         30 0.0000e+00
     88.000     87.117    -0.4149  28.123720    -0.4177  28.120021     6.5347     6.3362     0.0600    97.1888 1.0000e-12  -65.23314  -66.77522 331.193561      99.97 0.0000e+00   1731.689      41562  1027.9037  1027.9025    34.1979    34.1961    8.14340         28 0.0000e+00
     87.000     86.128    -0.4284  28.109574    -0.4321  28.104579     6.5374     6.3481     0.0605    97.1397 1.0000e-12  -65.23314  -66.77523 331.193575      99.98 0.0000e+00   1732.918      41591  1027.8966  1027.8950    34.1947    34.1922    8.14646         32 0.0000e+00
     86.000     85.137    -0.4313  28.106741    -0.4402  28.095745     6.5285     6.3646     0.0797    97.1415 1.0000e-12  -65.23314  -66.77524 331.193592      99.98 0.0000e+00   1734.379      41626  1027.8914  1027.8883    34.1949    34.1901    8.14709         37 0.0000e+00
