NBP2113_155081_ctd/data/unbp2113_033.cnv
* Sea-Bird SBE 9 Data File:
* FileName = D:\Data\raw\NBP2113_033.hex
* Software Version Seasave V 7.26.7.121
* Temperature SN = 2438
* Conductivity SN = 2067
* Number of Bytes Per Scan = 40
* Number of Voltage Words = 5
* Number of Scans Averaged by the Deck Unit = 1
* NMEA Latitude = 64 55.99 S
* NMEA Longitude = 064 24.01 W
* NMEA UTC (Time) = Dec 08 2021  19:08:34
* NMEA baud rate = 9600
** Ship: RVIB N.B. Palmer
** Cruise: NBP2113 LTER
** Station: 600.040
** Operator: S. Blackman
# nquan = 25
# nvalues = 354                         
# units = specified
# name 0 = prDM: Pressure, Digiquartz [db]
# name 1 = depSM: Depth [salt water, m]
# name 2 = t090C: Temperature [ITS-90, deg C]
# name 3 = c0mS/cm: Conductivity [mS/cm]
# name 4 = t190C: Temperature, 2 [ITS-90, deg C]
# name 5 = c1mS/cm: Conductivity, 2 [mS/cm]
# name 6 = sbeox0ML/L: Oxygen, SBE 43 [ml/l]
# name 7 = sbeox1ML/L: Oxygen, SBE 43, 2 [ml/l]
# name 8 = flECO-AFL: Fluorescence, WET Labs ECO-AFL/FL [mg/m^3]
# name 9 = CStarTr0: Beam Transmission, WET Labs C-Star [%]
# name 10 = par: PAR/Irradiance, Biospherical/Licor
# name 11 = latitude: Latitude [deg]
# name 12 = longitude: Longitude [deg]
# name 13 = timeJ: Julian Days
# name 14 = altM: Altimeter [m]
# name 15 = spar: SPAR, Biospherical/Licor
# name 16 = timeS: Time, Elapsed [seconds]
# name 17 = scan: Scan Count
# name 18 = density00: Density [density, kg/m^3]
# name 19 = density11: Density, 2 [density, kg/m^3]
# name 20 = sal00: Salinity, Practical [PSU]
# name 21 = sal11: Salinity, Practical, 2 [PSU]
# name 22 = oxsolML/L: Oxygen Saturation, Garcia & Gordon [ml/l]
# name 23 = nbin: number of scans per bin
# name 24 = flag: flag
# span 0 =      1.000,    354.000       
# span 1 =      0.990,    350.231       
# span 2 =    -1.0063,     1.2725       
# span 3 =  27.119632,  30.016585       
# span 4 =    -1.0085,     1.2724       
# span 5 =  27.120138,  30.015281       
# span 6 =     4.3079,     8.2429       
# span 7 =     4.3557,     8.0673       
# span 8 =    -0.0166,     1.5419       
# span 9 =    87.2243,    96.0267       
# span 10 = 1.0000e-12, 3.4020e+02      
# span 11 =  -64.93318,  -64.93306      
# span 12 =  -64.39950,  -64.39908      
# span 13 = 342.808658, 342.814518      
# span 14 =      -0.32,     100.45      
# span 15 = 3.0322e+02, 3.5038e+02      
# span 16 =    954.089,   1460.384      
# span 17 =      22899,      35050      
# span 18 =  1026.9865,  1029.4016      
# span 19 =  1026.9916,  1029.4004      
# span 20 =    33.5516,    34.6349      
# span 21 =    33.5579,    34.6334      
# span 22 =    7.77149,    8.30962      
# span 23 =         11,         44      
# span 24 = 0.0000e+00, 0.0000e+00      
# interval = decibars: 1                
# start_time = Dec 08 2021 19:08:34 [NMEA time, header]
# bad_flag = -9.990e-29
*END*
[from data line 232]
    122.000    120.769     0.3642  28.955918     0.3670  28.959423     5.5085     5.5042     0.0425    95.5550 6.5641e-02  -64.93308  -64.39910 342.811961      99.97 3.1732e+02   1239.392      29746  1028.1902  1028.1911    34.4074    34.4088    7.96763         34 0.0000e+00
    121.000    119.779     0.3632  28.956410     0.3639  28.955861     5.4935     5.4998     0.0373    95.5779 7.2210e-02  -64.93308  -64.39910 342.811982      99.97 3.1732e+02   1241.251      29791  1028.1867  1028.1856    34.4096    34.4081    7.96769         39 0.0000e+00
    120.000    118.789     0.3628  28.955271     0.3690  28.959585     5.5109     5.5270     0.0471    95.5705 7.9115e-02  -64.93308  -64.39910 342.812004      99.97 3.1695e+02   1243.173      29837  1028.1813  1028.1798    34.4092    34.4080    7.96780         39 0.0000e+00
    119.000    117.802     0.3413  28.934338     0.3503  28.939985     5.5932     5.5861     0.0397    95.5559 8.5308e-02  -64.93308  -64.39911 342.812021      99.97 3.1552e+02   1244.646      29873  1028.1758  1028.1730    34.4064    34.4037    7.97240         30 0.0000e+00
    118.000    116.809     0.3287  28.920494     0.3193  28.907251     5.6651     5.6321     0.0247    95.5542 9.0788e-02  -64.93307  -64.39912 342.812035      99.97 3.1556e+02   1245.781      29900  1028.1690  1028.1643    34.4028    34.3960    7.97520         25 0.0000e+00
    117.000    115.821     0.2732  28.863483     0.2712  28.857100     5.6858     5.6487     0.0228    95.5430 9.6184e-02  -64.93306  -64.39912 342.812046      99.97 3.1556e+02   1246.787      29924  1028.1589  1028.1541    34.3906    34.3844    7.98739         25 0.0000e+00
    116.000    114.830     0.2546  28.841645     0.2564  28.842149     5.6589     5.6492     0.0332    95.5358 1.0116e-01  -64.93306  -64.39913 342.812058      99.97 3.1556e+02   1247.822      29949  1028.1494  1028.1481    34.3833    34.3819    7.99166         25 0.0000e+00
    115.000    113.842     0.2581  28.843809     0.2582  28.843645     5.6869     5.6704     0.0321    95.5364 1.0541e-01  -64.93306  -64.39914 342.812070      99.97 3.1392e+02   1248.847      29973  1028.1436  1028.1433    34.3828    34.3825    7.99096         23 0.0000e+00
    114.000    112.851     0.2607  28.847222     0.2623  28.847181     5.7040     5.6903     0.0439    95.5225 1.0972e-01  -64.93306  -64.39914 342.812080      99.97 3.1316e+02   1249.749      29995  1028.1400  1028.1385    34.3850    34.3831    7.99029         20 0.0000e+00
    113.000    111.865     0.2472  28.834172     0.2459  28.830229     5.7001     5.6939     0.0360    95.5046 1.1497e-01  -64.93306  -64.39914 342.812090      99.97 3.1200e+02   1250.543      30014  1028.1351  1028.1322    34.3835    34.3798    7.99318         18 0.0000e+00
    112.000    110.872     0.2295  28.816151     0.2285  28.813093     5.6923     5.6908     0.0362    95.4815 1.2036e-01  -64.93308  -64.39912 342.812099      99.97 3.1203e+02   1251.319      30033  1028.1288  1028.1266    34.3802    34.3773    7.99704         20 0.0000e+00
    111.000    109.881     0.2218  28.807891     0.2215  28.806109     5.6807     5.6922     0.0362    95.4739 1.2815e-01  -64.93308  -64.39912 342.812109      99.97 3.1060e+02   1252.233      30055  1028.1231  1028.1215    34.3786    34.3765    7.99874         26 0.0000e+00
    110.000    108.892     0.2493  28.834469     0.2488  28.832487     5.6554     5.6867     0.0418    95.4775 1.3962e-01  -64.93308  -64.39911 342.812141      99.97 3.0905e+02   1254.978      30120  1028.1192  1028.1176    34.3834    34.3813    7.99276         32 0.0000e+00
    109.000    107.904     0.2415  28.827829     0.2425  28.826037     5.6953     5.7197     0.0334    95.4820 1.5038e-01  -64.93306  -64.39914 342.812171      99.97 3.0847e+02   1257.539      30182  1028.1153  1028.1124    34.3840    34.3804    7.99434         27 0.0000e+00
    108.000    106.914     0.2282  28.813139     0.2287  28.811789     5.7420     5.7453     0.0288    95.5056 1.5773e-01  -64.93306  -64.39914 342.812180      99.97 3.0850e+02   1258.373      30202  1028.1085  1028.1066    34.3801    34.3778    7.99732         18 0.0000e+00
    107.000    105.926     0.2164  28.801291     0.2171  28.799732     5.7766     5.7575     0.0266    95.4957 1.6528e-01  -64.93306  -64.39914 342.812188      99.97 3.0850e+02   1259.072      30219  1028.1031  1028.1009    34.3783    34.3755    7.99987         16 0.0000e+00
    106.000    104.935     0.2055  28.789254     0.2043  28.785811     5.7853     5.7643     0.0260    95.4809 1.7293e-01  -64.93306  -64.39915 342.812196      99.97 3.0850e+02   1259.702      30234  1028.0969  1028.0943    34.3753    34.3720    8.00232         15 0.0000e+00
    105.000    103.945     0.1940  28.776767     0.1976  28.778339     5.7789     5.7670     0.0268    95.4599 1.8069e-01  -64.93306  -64.39916 342.812203      99.97 3.0837e+02   1260.314      30249  1028.0903  1028.0886    34.3723    34.3703    8.00487         14 0.0000e+00
    104.000    102.955     0.1888  28.770141     0.1904  28.770172     5.7704     5.7671     0.0312    95.4411 1.8882e-01  -64.93306  -64.39914 342.812210      99.97 3.0751e+02   1260.938      30264  1028.0841  1028.0826    34.3699    34.3682    8.00608         16 0.0000e+00
    103.000    101.964     0.1859  28.766416     0.1885  28.767884     5.7757     5.7651     0.0503    95.3998 1.9700e-01  -64.93306  -64.39914 342.812218      99.97 3.0675e+02   1261.638      30280  1028.0786  1028.0776    34.3689    34.3679    8.00675         18 0.0000e+00
    102.000    100.976     0.1942  28.774561     0.1966  28.776235     5.7502     5.7608     0.0562    95.4049 2.0487e-01  -64.93306  -64.39913 342.812229      99.97 3.0674e+02   1262.588      30303  1028.0745  1028.0740    34.3709    34.3705    8.00490         30 0.0000e+00
    101.000     99.986     0.2009  28.781548     0.2028  28.782068     5.7452     5.7680     0.0449    95.4139 2.1937e-01  -64.93308  -64.39913 342.812275      99.97 3.0537e+02   1266.595      30399  1028.0706  1028.0693    34.3732    34.3718    8.00338         36 0.0000e+00
    100.000     98.996     0.2014  28.781686     0.1982  28.776824     5.8010     5.7986     0.0209    95.4192 2.3367e-01  -64.93306  -64.39914 342.812292      99.97 3.0619e+02   1268.048      30434  1028.0659  1028.0640    34.3735    34.3707    8.00326         22 0.0000e+00
     99.000     98.007     0.1891  28.768889     0.1924  28.770101     5.8456     5.8245     0.0282    95.4327 2.4753e-01  -64.93306  -64.39914 342.812302      99.97 3.0665e+02   1268.888      30454  1028.0601  1028.0582    34.3710    34.3689    8.00597         19 0.0000e+00
     98.000     97.015     0.1754  28.753203     0.1797  28.755730     5.8656     5.8463     0.0365    95.4257 2.6089e-01  -64.93306  -64.39915 342.812311      99.97 3.0649e+02   1269.702      30474  1028.0526  1028.0511    34.3662    34.3648    8.00908         21 0.0000e+00
     97.000     96.027     0.1668  28.742293     0.1690  28.742945     5.8855     5.8578     0.0431    95.4200 2.7269e-01  -64.93306  -64.39916 342.812321      99.98 3.0544e+02   1270.548      30494  1028.0451  1028.0436    34.3621    34.3604    8.01111         20 0.0000e+00
     96.000     95.038     0.1607  28.733796     0.1632  28.735476     5.9002     5.8644     0.0582    95.3926 2.8378e-01  -64.93306  -64.39916 342.812331      99.97 3.0498e+02   1271.415      30515  1028.0377  1028.0370    34.3583    34.3577    8.01259         21 0.0000e+00
     95.000     94.047     0.1569  28.728554     0.1618  28.733267     5.9005     5.8762     0.0579    95.4016 2.9333e-01  -64.93306  -64.39916 342.812342      99.97 3.0498e+02   1272.313      30537  1028.0314  1028.0317    34.3562    34.3569    8.01350         22 0.0000e+00
     94.000     93.057     0.1558  28.727119     0.1607  28.731647     5.8822     5.8803     0.0582    95.3936 3.0373e-01  -64.93306  -64.39916 342.812353      99.97 3.0498e+02   1273.286      30560  1028.0266  1028.0267    34.3561    34.3567    8.01373         25 0.0000e+00
     93.000     92.068     0.1524  28.723116     0.1578  28.727614     5.8682     5.8863     0.0530    95.3844 3.1631e-01  -64.93306  -64.39916 342.812366      99.97 3.0487e+02   1274.397      30587  1028.0213  1028.0209    34.3553    34.3552    8.01449         25 0.0000e+00
     92.000     91.078     0.1511  28.721251     0.1500  28.718652     5.9189     5.9173     0.0663    95.4102 3.3349e-01  -64.93308  -64.39916 342.812380      99.97 3.0324e+02   1275.671      30617  1028.0162  1028.0146    34.3549    34.3527    8.01479         32 0.0000e+00
     91.000     90.089     0.1284  28.698242     0.1326  28.699232     5.9277     5.9185     0.0659    95.4078 3.5561e-01  -64.93308  -64.39916 342.812397      99.97 3.0322e+02   1277.087      30651  1028.0097  1028.0066    34.3506    34.3471    8.01978         36 0.0000e+00
     90.000     89.099     0.1362  28.699139     0.1256  28.694658     5.8754     5.9221     0.0629    95.3831 3.7901e-01  -64.93307  -64.39916 342.812420      99.97 3.0322e+02   1279.046      30698  1027.9985  1028.0040    34.3436    34.3496    8.01853         34 0.0000e+00
     89.000     88.107     0.1453  28.715075     0.1255  28.689344     6.1420     6.0787     0.0724    95.3856 3.9138e-01  -64.93306  -64.39916 342.812448      99.97 3.0322e+02   1281.485      30757  1028.0020  1027.9940    34.3551    34.3433    8.01599         29 0.0000e+00
     88.000     87.122     0.1030  28.668137     0.1014  28.662701     6.2749     6.1485     0.0489    95.3775 4.0566e-01  -64.93306  -64.39918 342.812458      99.97 3.0322e+02   1282.348      30777  1027.9892  1027.9849    34.3410    34.3357    8.02561         18 0.0000e+00
     87.000     86.129     0.0789  28.631742     0.0832  28.633669     6.2999     6.1610     0.0463    95.3609 4.2310e-01  -64.93306  -64.39918 342.812465      99.97 3.0322e+02   1282.969      30792  1027.9699  1027.9677    34.3205    34.3182    8.03181         14 0.0000e+00
     86.000     85.141     0.0717  28.618451     0.0748  28.620901     6.2977     6.1705     0.0420    95.2682 4.4395e-01  -64.93306  -64.39918 342.812471      99.97 3.0322e+02   1283.526      30806  1027.9584  1027.9578    34.3116    34.3114    8.03382         13 0.0000e+00
     85.000     84.148     0.0686  28.613678     0.0688  28.612234     6.2717     6.1736     0.0483    95.2241 4.6606e-01  -64.93308  -64.39918 342.812477      99.97 3.0322e+02   1284.057      30818  1027.9518  1027.9501    34.3093    34.3072    8.03459         13 0.0000e+00
     84.000     83.160     0.0641  28.607168     0.0673  28.610304     6.2509     6.1768     0.0574    95.1820 4.9173e-01  -64.93308  -64.39918 342.812484      99.97 3.0322e+02   1284.644      30832  1027.9449  1027.9450    34.3064    34.3069    8.03570         15 0.0000e+00
     83.000     82.169     0.0680  28.610899     0.0724  28.616779     6.2083     6.1743     0.0630    95.1823 5.1922e-01  -64.93308  -64.39918 342.812493      99.97 3.0322e+02   1285.429      30851  1027.9406  1027.9425    34.3076    34.3104    8.03483         25 0.0000e+00
     82.000     81.180     0.0753  28.621442     0.0752  28.619622     6.1919     6.2154     0.0543    95.1814 5.4344e-01  -64.93308  -64.39918 342.812541      99.98 3.0322e+02   1289.511      30949  1027.9398  1027.9379    34.3140    34.3116    8.03294         24 0.0000e+00
     81.000     80.191     0.0710  28.615551     0.0681  28.609567     6.2688     6.2378     0.0495    95.1865 5.6939e-01  -64.93308  -64.39918 342.812554      99.97 3.0374e+02   1290.684      30977  1027.9333  1027.9298    34.3116    34.3069    8.03396         17 0.0000e+00
     80.000     79.201     0.0636  28.604543     0.0629  28.602129     6.3174     6.2532     0.0461    95.1889 5.9929e-01  -64.93308  -64.39918 342.812562      99.97 3.0496e+02   1291.385      30994  1027.9246  1027.9227    34.3059    34.3035    8.03584         18 0.0000e+00
     79.000     78.211     0.0556  28.595303     0.0539  28.590769     6.3527     6.2775     0.0450    95.1996 6.3059e-01  -64.93308  -64.39918 342.812572      99.97 3.0498e+02   1292.182      31013  1027.9182  1027.9150    34.3033    34.2992    8.03766         21 0.0000e+00
     78.000     77.221     0.0196  28.555013     0.0488  28.585070     6.3392     6.3118     0.0576    95.2028 6.6030e-01  -64.93308  -64.39918 342.812582      99.97 3.0498e+02   1293.124      31036  1027.9062  1027.9096    34.2908    34.2980    8.04591         24 0.0000e+00
     77.000     76.230     0.0080  28.539964     0.0259  28.556715     6.3667     6.3551     0.0750    95.2050 6.8717e-01  -64.93308  -64.39918 342.812594      99.97 3.0557e+02   1294.149      31061  1027.8971  1027.8974    34.2846    34.2866    8.04872         24 0.0000e+00
     76.000     75.243    -0.0133  28.517360    -0.0118  28.513894     6.3811     6.3505     0.0842    95.1991 7.1547e-01  -64.93308  -64.39920 342.812605      99.97 3.0675e+02   1295.109      31084  1027.8893  1027.8843    34.2791    34.2727    8.05351         22 0.0000e+00
     75.000     74.250    -0.0629  28.466677    -0.0353  28.488136     6.3851     6.3406     0.0826    95.2085 7.5116e-01  -64.93308  -64.39920 342.812616      99.97 3.0674e+02   1295.989      31105  1027.8793  1027.8753    34.2679    34.2655    8.06457         21 0.0000e+00
     74.000     73.262    -0.1265  28.396057    -0.0827  28.439402     6.3924     6.3569     0.0726    95.2323 7.9470e-01  -64.93308  -64.39919 342.812626      99.97 3.0674e+02   1296.910      31127  1027.8615  1027.8651    34.2460    34.2545    8.07924         24 0.0000e+00
     73.000     72.271    -0.0596  28.468236    -0.0381  28.488877     6.3463     6.3609     0.0714    95.2497 8.4755e-01  -64.93308  -64.39918 342.812654      99.97 3.0751e+02   1299.318      31185  1027.8673  1027.8690    34.2675    34.2708    8.06391         42 0.0000e+00
     72.000     71.284    -0.0472  28.484971    -0.0544  28.467874     6.5040     6.4647     0.0729    95.2154 8.8907e-01  -64.93308  -64.39920 342.812686      99.97 3.0860e+02   1302.106      31252  1027.8687  1027.8579    34.2764    34.2618    8.06078         23 0.0000e+00
     71.000     70.290    -0.0860  28.440020    -0.0979  28.421860     6.6846     6.5564     0.0585    95.2129 9.3252e-01  -64.93308  -64.39920 342.812695      99.97 3.1029e+02   1302.843      31269  1027.8546  1027.8469    34.2609    34.2501    8.06985         15 0.0000e+00
     70.000     69.303    -0.1944  28.328157    -0.1642  28.349264     6.7696     6.5944     0.0513    95.2235 9.7974e-01  -64.93308  -64.39920 342.812702      99.98 3.1027e+02   1303.469      31284  1027.8368  1027.8296    34.2343    34.2285    8.09429         15 0.0000e+00
     69.000     68.312    -0.2497  28.257657    -0.2341  28.268462     6.7609     6.6007     0.0693    95.2335 1.0312e+00  -64.93308  -64.39920 342.812709      99.97 3.1027e+02   1304.079      31299  1027.8104  1027.8071    34.2030    34.1999    8.10783         15 0.0000e+00
     68.000     67.321    -0.2896  28.201891    -0.2779  28.212425     6.7322     6.6066     0.0774    95.1632 1.0849e+00  -64.93308  -64.39920 342.812717      99.98 3.1027e+02   1304.724      31314  1027.7850  1027.7849    34.1739    34.1748    8.11798         16 0.0000e+00
     67.000     66.334    -0.3073  28.176783    -0.2874  28.199870     6.7027     6.6257     0.1017    95.1140 1.1373e+00  -64.93308  -64.39920 342.812726      99.97 3.1027e+02   1305.483      31333  1027.7702  1027.7758    34.1609    34.1693    8.12251         21 0.0000e+00
     66.000     65.342    -0.2660  28.221217    -0.2508  28.244299     6.6929     6.6636     0.1210    95.0366 1.1840e+00  -64.93309  -64.39920 342.812738      99.97 3.1027e+02   1306.528      31358  1027.7724  1027.7826    34.1744    34.1882    8.11292         31 0.0000e+00
