NBP2113_155081_ctd/data/unbp2113_018.cnv
* Sea-Bird SBE 9 Data File:
* FileName = D:\Data\raw\NBP2113_018.hex
* Software Version Seasave V 7.26.7.121
* Temperature SN = 2438
* Conductivity SN = 2067
* Number of Bytes Per Scan = 40
* Number of Voltage Words = 5
* Number of Scans Averaged by the Deck Unit = 1
* NMEA Latitude = 65 50.87 S
* NMEA Longitude = 071 22.66 W
* NMEA UTC (Time) = Nov 28 2021  20:11:54
* NMEA baud rate = 9600
** Ship: RVIB N.B. Palmer
** Cruise: NBP2113 LTER
** Station: 300.200
** Operator: S. Blackman
# nquan = 25
# nvalues = 3101                        
# units = specified
# name 0 = prDM: Pressure, Digiquartz [db]
# name 1 = depSM: Depth [salt water, m]
# name 2 = t090C: Temperature [ITS-90, deg C]
# name 3 = c0mS/cm: Conductivity [mS/cm]
# name 4 = t190C: Temperature, 2 [ITS-90, deg C]
# name 5 = c1mS/cm: Conductivity, 2 [mS/cm]
# name 6 = sbeox0ML/L: Oxygen, SBE 43 [ml/l]
# name 7 = sbeox1ML/L: Oxygen, SBE 43, 2 [ml/l]
# name 8 = flECO-AFL: Fluorescence, WET Labs ECO-AFL/FL [mg/m^3]
# name 9 = CStarTr0: Beam Transmission, WET Labs C-Star [%]
# name 10 = par: PAR/Irradiance, Biospherical/Licor
# name 11 = latitude: Latitude [deg]
# name 12 = longitude: Longitude [deg]
# name 13 = timeJ: Julian Days
# name 14 = altM: Altimeter [m]
# name 15 = spar: SPAR, Biospherical/Licor
# name 16 = timeS: Time, Elapsed [seconds]
# name 17 = scan: Scan Count
# name 18 = density00: Density [density, kg/m^3]
# name 19 = density11: Density, 2 [density, kg/m^3]
# name 20 = sal00: Salinity, Practical [PSU]
# name 21 = sal11: Salinity, Practical, 2 [PSU]
# name 22 = oxsolML/L: Oxygen Saturation, Garcia & Gordon [ml/l]
# name 23 = nbin: number of scans per bin
# name 24 = flag: flag
# span 0 =      1.000,   3101.000       
# span 1 =      0.988,   3048.006       
# span 2 =    -0.9226,     1.9842       
# span 3 =  27.561464,  30.707609       
# span 4 =    -0.9225,     1.9832       
# span 5 =  27.560629,  30.706539       
# span 6 =     3.8782,     8.4841       
# span 7 =     3.9346,     8.4221       
# span 8 =    -0.0219,     9.2677       
# span 9 =    85.5450,    97.8597       
# span 10 = 1.0000e-12, 1.0000e-12      
# span 11 =  -65.84832,  -65.84748      
# span 12 =  -71.37883,  -71.37752      
# span 13 = 332.889283, 332.936425      
# span 14 =       8.20,     101.10      
# span 15 = 1.8334e+02, 4.7422e+02      
# span 16 =   4120.092,   8193.091      
# span 17 =      98883,     196635      
# span 18 =  1027.2925,  1042.0931      
# span 19 =  1027.2915,  1042.0923      
# span 20 =    33.9515,    34.7290      
# span 21 =    33.9504,    34.7284      
# span 22 =    7.63105,    8.26313      
# span 23 =         10,         48      
# span 24 = 0.0000e+00, 0.0000e+00      
# interval = decibars: 1                
# start_time = Nov 28 2021 20:11:54 [NMEA time, header]
# bad_flag = -9.990e-29
*END*
[from data line 1218]
   1883.000   1856.069     0.8747  30.389279     0.8749  30.389299     4.4472     4.5316    -0.0150    97.8434 1.0000e-12  -65.84770  -71.37830 332.906453      99.98 3.8783e+02   5603.535     134486  1036.5693  1036.5690    34.7115    34.7112    7.84676         19 0.0000e+00
   1882.000   1855.088     0.8759  30.390075     0.8761  30.390009     4.4555     4.5342    -0.0155    97.8432 1.0000e-12  -65.84770  -71.37830 332.906462      99.98 3.8783e+02   5604.294     134504  1036.5647  1036.5643    34.7117    34.7113    7.84651         17 0.0000e+00
   1881.000   1854.107     0.8772  30.390966     0.8776  30.390805     4.4557     4.5342    -0.0085    97.8536 1.0000e-12  -65.84770  -71.37830 332.906470      99.97 3.8783e+02   5604.990     134521  1036.5600  1036.5596    34.7119    34.7113    7.84622         16 0.0000e+00
   1880.000   1853.126     0.8791  30.392068     0.8793  30.391888     4.4467     4.5310     0.0021    97.8437 1.0000e-12  -65.84770  -71.37830 332.906478      99.98 3.8783e+02   5605.657     134537  1036.5552  1036.5548    34.7118    34.7113    7.84586         16 0.0000e+00
   1879.000   1852.144     0.8799  30.392544     0.8803  30.392504     4.4528     4.5270     0.0052    97.8432 1.0000e-12  -65.84770  -71.37830 332.906485      99.98 3.8773e+02   5606.337     134553  1036.5506  1036.5502    34.7119    34.7115    7.84567         17 0.0000e+00
   1878.000   1851.163     0.8813  30.393321     0.8816  30.393193     4.4620     4.5226    -0.0150    97.8540 1.0000e-12  -65.84770  -71.37830 332.906494      99.98 3.8619e+02   5607.068     134571  1036.5459  1036.5455    34.7119    34.7114    7.84539         19 0.0000e+00
   1877.000   1850.181     0.8824  30.393786     0.8817  30.392910     4.4601     4.5266    -0.0166    97.8534 1.0000e-12  -65.84770  -71.37830 332.906504      99.98 3.8607e+02   5607.978     134592  1036.5412  1036.5410    34.7118    34.7115    7.84518         26 0.0000e+00
   1876.000   1849.199     0.8786  30.389991     0.8786  30.389807     4.4574     4.5260    -0.0157    97.8474 1.0000e-12  -65.84770  -71.37828 332.906535      99.98 3.8495e+02   5610.591     134655  1036.5371  1036.5369    34.7118    34.7115    7.84596         33 0.0000e+00
   1875.000   1848.217     0.8788  30.389755     0.8792  30.389855     4.4529     4.5273    -0.0094    97.8506 1.0000e-12  -65.84770  -71.37828 332.906558      99.98 3.8524e+02   5612.592     134703  1036.5324  1036.5322    34.7117    34.7113    7.84591         23 0.0000e+00
   1874.000   1847.239     0.8816  30.392031     0.8812  30.391147     4.4489     4.5255    -0.0151    97.8446 1.0000e-12  -65.84770  -71.37828 332.906568      99.97 3.8609e+02   5613.438     134724  1036.5278  1036.5274    34.7120    34.7114    7.84533         19 0.0000e+00
   1873.000   1846.255     0.8833  30.392935     0.8833  30.392614     4.4538     4.5199    -0.0125    97.8543 1.0000e-12  -65.84770  -71.37828 332.906576      99.98 3.8607e+02   5614.209     134742  1036.5229  1036.5226    34.7118    34.7115    7.84500         18 0.0000e+00
   1872.000   1845.274     0.8844  30.393557     0.8840  30.392825     4.4567     4.5197    -0.0016    97.8489 1.0000e-12  -65.84771  -71.37828 332.906585      99.97 3.8607e+02   5614.955     134760  1036.5183  1036.5180    34.7120    34.7115    7.84478         19 0.0000e+00
   1871.000   1844.294     0.8851  30.393767     0.8851  30.393498     4.4559     4.5213    -0.0161    97.8567 1.0000e-12  -65.84772  -71.37828 332.906594      99.98 3.8607e+02   5615.728     134778  1036.5137  1036.5133    34.7120    34.7116    7.84463         19 0.0000e+00
   1870.000   1843.311     0.8859  30.394067     0.8848  30.392994     4.4545     4.5227    -0.0122    97.8550 1.0000e-12  -65.84772  -71.37828 332.906604      99.98 3.8607e+02   5616.608     134800  1036.5090  1036.5091    34.7120    34.7119    7.84447         23 0.0000e+00
   1869.000   1842.330     0.8852  30.393092     0.8844  30.392138     4.4538     4.5190    -0.0144    97.8498 1.0000e-12  -65.84772  -71.37828 332.906619      99.98 3.8583e+02   5617.885     134830  1036.5046  1036.5044    34.7120    34.7117    7.84461         41 0.0000e+00
   1868.000   1841.350     0.8854  30.392815     0.8848  30.391930     4.4548     4.5234    -0.0099    97.8493 1.0000e-12  -65.84772  -71.37828 332.906641      99.98 3.8426e+02   5619.753     134875  1036.5000  1036.4998    34.7120    34.7115    7.84458         37 0.0000e+00
   1867.000   1840.368     0.8864  30.393303     0.8853  30.392071     4.4528     4.5228    -0.0151    97.8468 1.0000e-12  -65.84772  -71.37828 332.906656      99.98 3.8418e+02   5621.062     134906  1036.4954  1036.4952    34.7121    34.7116    7.84437         27 0.0000e+00
   1866.000   1839.386     0.8873  30.393788     0.8874  30.393473     4.4584     4.5221    -0.0178    97.8530 1.0000e-12  -65.84772  -71.37826 332.906668      99.98 3.8328e+02   5622.109     134932  1036.4908  1036.4904    34.7121    34.7117    7.84417         24 0.0000e+00
   1865.000   1838.405     0.8897  30.395537     0.8892  30.394720     4.4531     4.5231    -0.0170    97.8425 1.0000e-12  -65.84772  -71.37828 332.906680      99.98 3.8255e+02   5623.144     134956  1036.4860  1036.4857    34.7123    34.7118    7.84369         26 0.0000e+00
   1864.000   1837.423     0.8902  30.395415     0.8903  30.395342     4.4503     4.5212    -0.0176    97.8466 1.0000e-12  -65.84772  -71.37826 332.906693      99.98 3.8255e+02   5624.312     134984  1036.4814  1036.4811    34.7122    34.7119    7.84361         31 0.0000e+00
   1863.000   1836.441     0.8905  30.395321     0.8907  30.395155     4.4532     4.5227    -0.0110    97.8520 1.0000e-12  -65.84772  -71.37826 332.906709      99.97 3.8255e+02   5625.671     135017  1036.4768  1036.4765    34.7122    34.7118    7.84354         32 0.0000e+00
   1862.000   1835.462     0.8910  30.395319     0.8909  30.395026     4.4414     4.5190    -0.0098    97.8574 1.0000e-12  -65.84772  -71.37826 332.906723      99.98 3.8255e+02   5626.851     135045  1036.4722  1036.4720    34.7122    34.7119    7.84344         24 0.0000e+00
   1861.000   1834.479     0.8920  30.395878     0.8919  30.395427     4.4445     4.5144    -0.0161    97.8459 1.0000e-12  -65.84772  -71.37826 332.906733      99.98 3.8255e+02   5627.760     135067  1036.4676  1036.4672    34.7123    34.7118    7.84323         21 0.0000e+00
   1860.000   1833.497     0.8929  30.396115     0.8927  30.395700     4.4495     4.5193    -0.0125    97.8531 1.0000e-12  -65.84773  -71.37826 332.906743      99.97 3.8255e+02   5628.596     135087  1036.4628  1036.4625    34.7121    34.7118    7.84305         20 0.0000e+00
   1859.000   1832.516     0.8929  30.395781     0.8930  30.395573     4.4566     4.5191    -0.0105    97.8582 1.0000e-12  -65.84774  -71.37826 332.906753      99.98 3.8255e+02   5629.498     135109  1036.4584  1036.4580    34.7122    34.7118    7.84305         24 0.0000e+00
   1858.000   1831.535     0.8920  30.394586     0.8921  30.394400     4.4507     4.5201    -0.0102    97.8583 1.0000e-12  -65.84773  -71.37824 332.906776      99.97 3.8255e+02   5631.404     135155  1036.4539  1036.4536    34.7122    34.7118    7.84323         38 0.0000e+00
   1857.000   1830.553     0.8922  30.394460     0.8925  30.394334     4.4409     4.5239    -0.0100    97.8583 1.0000e-12  -65.84772  -71.37824 332.906798      99.98 3.8346e+02   5633.380     135202  1036.4494  1036.4490    34.7123    34.7118    7.84318         22 0.0000e+00
   1856.000   1829.573     0.8935  30.395145     0.8934  30.394715     4.4437     4.5254    -0.0150    97.8583 1.0000e-12  -65.84772  -71.37824 332.906807      99.98 3.8431e+02   5634.100     135219  1036.4447  1036.4444    34.7123    34.7119    7.84293         16 0.0000e+00
   1855.000   1828.591     0.8955  30.396576     0.8953  30.396026     4.4510     4.5219    -0.0170    97.8583 1.0000e-12  -65.84772  -71.37825 332.906814      99.98 3.8431e+02   5634.743     135235  1036.4399  1036.4396    34.7124    34.7119    7.84251         15 0.0000e+00
   1854.000   1827.609     0.8967  30.397239     0.8964  30.396553     4.4568     4.5187    -0.0092    97.8583 1.0000e-12  -65.84772  -71.37826 332.906821      99.98 3.8431e+02   5635.370     135250  1036.4353  1036.4350    34.7125    34.7120    7.84227         15 0.0000e+00
   1853.000   1826.627     0.8967  30.396699     0.8966  30.396298     4.4540     4.5177    -0.0101    97.8583 1.0000e-12  -65.84774  -71.37826 332.906829      99.98 3.8431e+02   5636.054     135266  1036.4306  1036.4304    34.7123    34.7119    7.84228         18 0.0000e+00
   1852.000   1825.644     0.8958  30.395556     0.8954  30.394856     4.4516     4.5124    -0.0125    97.8583 1.0000e-12  -65.84774  -71.37826 332.906849      99.98 3.8391e+02   5637.760     135307  1036.4263  1036.4260    34.7124    34.7119    7.84246         26 0.0000e+00
   1851.000   1824.664     0.8954  30.394745     0.8954  30.394634     4.4379     4.5172    -0.0178    97.8583 1.0000e-12  -65.84774  -71.37824 332.906890      99.98 3.8164e+02   5641.284     135392  1036.4218  1036.4216    34.7123    34.7121    7.84255         17 0.0000e+00
   1850.000   1823.684     0.8962  30.395200     0.8962  30.394840     4.4417     4.5173    -0.0138    97.8442 1.0000e-12  -65.84774  -71.37824 332.906896      99.98 3.8076e+02   5641.805     135404  1036.4172  1036.4169    34.7125    34.7120    7.84236         13 0.0000e+00
   1849.000   1822.702     0.8969  30.395385     0.8967  30.394828     4.4439     4.5193    -0.0105    97.8325 1.0000e-12  -65.84774  -71.37824 332.906902      99.98 3.8078e+02   5642.339     135417  1036.4126  1036.4122    34.7125    34.7120    7.84223         13 0.0000e+00
   1848.000   1821.721     0.8972  30.395123     0.8971  30.394732     4.4427     4.5207    -0.0101    97.8544 1.0000e-12  -65.84774  -71.37824 332.906908      99.98 3.8078e+02   5642.864     135430  1036.4078  1036.4076    34.7123    34.7120    7.84217         12 0.0000e+00
   1847.000   1820.737     0.8984  30.395797     0.8978  30.395071     4.4444     4.5190    -0.0099    97.8584 1.0000e-12  -65.84774  -71.37824 332.906914      99.97 3.8078e+02   5643.381     135442  1036.4032  1036.4031    34.7124    34.7121    7.84194         13 0.0000e+00
   1846.000   1819.756     0.8988  30.395881     0.8990  30.395646     4.4461     4.5178    -0.0099    97.8583 1.0000e-12  -65.84774  -71.37826 332.906920      99.98 3.8078e+02   5643.925     135455  1036.3987  1036.3983    34.7126    34.7121    7.84185         13 0.0000e+00
   1845.000   1818.777     0.8997  30.396059     0.8996  30.395627     4.4508     4.5143    -0.0098    97.8568 1.0000e-12  -65.84774  -71.37826 332.906927      99.97 3.8078e+02   5644.529     135470  1036.3940  1036.3936    34.7124    34.7119    7.84168         17 0.0000e+00
   1844.000   1817.793     0.9005  30.396545     0.8982  30.394115     4.4537     4.5156    -0.0033    97.8572 1.0000e-12  -65.84774  -71.37826 332.906937      99.98 3.8078e+02   5645.349     135489  1036.3894  1036.3893    34.7126    34.7120    7.84149         25 0.0000e+00
   1843.000   1816.810     0.8973  30.393113     0.8977  30.393217     4.4440     4.5159    -0.0103    97.8583 1.0000e-12  -65.84776  -71.37824 332.906994      99.98 3.7899e+02   5650.264     135607  1036.3852  1036.3848    34.7123    34.7119    7.84217         18 0.0000e+00
   1842.000   1815.833     0.8980  30.393607     0.8980  30.393151     4.4384     4.5158    -0.0021    97.8529 1.0000e-12  -65.84776  -71.37824 332.907003      99.98 3.7902e+02   5651.043     135626  1036.3808  1036.3803    34.7127    34.7120    7.84200         14 0.0000e+00
   1841.000   1814.849     0.8994  30.394174     0.8996  30.394138     4.4397     4.5180    -0.0126    97.8466 1.0000e-12  -65.84776  -71.37824 332.907009      99.98 3.7902e+02   5651.613     135640  1036.3757  1036.3756    34.7123    34.7121    7.84173         13 0.0000e+00
   1840.000   1813.866     0.9007  30.395065     0.9007  30.394674     4.4420     4.5179    -0.0173    97.8563 1.0000e-12  -65.84776  -71.37824 332.907016      99.97 3.7902e+02   5652.167     135653  1036.3712  1036.3709    34.7126    34.7121    7.84146         13 0.0000e+00
   1839.000   1812.887     0.9027  30.396417     0.9022  30.395577     4.4436     4.5174    -0.0124    97.8472 1.0000e-12  -65.84776  -71.37825 332.907022      99.98 3.7902e+02   5652.734     135667  1036.3664  1036.3661    34.7126    34.7122    7.84105         14 0.0000e+00
   1838.000   1811.904     0.9059  30.398871     0.9052  30.397971     4.4492     4.5162    -0.0082    97.8455 1.0000e-12  -65.84776  -71.37826 332.907029      99.98 3.7902e+02   5653.351     135681  1036.3615  1036.3613    34.7128    34.7124    7.84040         16 0.0000e+00
   1837.000   1810.922     0.9085  30.400832     0.9062  30.398331     4.4498     4.5160    -0.0102    97.8566 1.0000e-12  -65.84776  -71.37826 332.907038      99.97 3.7902e+02   5654.082     135699  1036.3567  1036.3566    34.7129    34.7123    7.83987         20 0.0000e+00
   1836.000   1809.943     0.9054  30.397424     0.9033  30.395424     4.4514     4.5125    -0.0132    97.8583 1.0000e-12  -65.84778  -71.37826 332.907057      99.98 3.7949e+02   5655.747     135739  1036.3523  1036.3525    34.7125    34.7123    7.84052         33 0.0000e+00
   1835.000   1808.960     0.9042  30.395966     0.9040  30.395426     4.4491     4.5114    -0.0051    97.8554 1.0000e-12  -65.84778  -71.37826 332.907094      99.97 3.8081e+02   5658.955     135816  1036.3480  1036.3476    34.7125    34.7120    7.84076         27 0.0000e+00
   1834.000   1807.980     0.9028  30.394371     0.9030  30.394181     4.4495     4.5130    -0.0167    97.8570 1.0000e-12  -65.84778  -71.37825 332.907105      99.98 3.8159e+02   5659.870     135838  1036.3436  1036.3433    34.7125    34.7121    7.84104         20 0.0000e+00
   1833.000   1806.997     0.9049  30.396013     0.9056  30.396310     4.4430     4.5134    -0.0166    97.8474 1.0000e-12  -65.84778  -71.37825 332.907114      99.98 3.8256e+02   5660.672     135857  1036.3390  1036.3386    34.7128    34.7124    7.84060         19 0.0000e+00
   1832.000   1806.014     0.9079  30.398287     0.9088  30.398694     4.4401     4.5149    -0.0134    97.8469 1.0000e-12  -65.84778  -71.37826 332.907123      99.97 3.8255e+02   5661.439     135876  1036.3341  1036.3337    34.7129    34.7124    7.83999         18 0.0000e+00
   1831.000   1805.034     0.9103  30.399930     0.9099  30.399325     4.4463     4.5181    -0.0110    97.8532 1.0000e-12  -65.84778  -71.37826 332.907132      99.98 3.8184e+02   5662.236     135895  1036.3293  1036.3291    34.7129    34.7126    7.83951         20 0.0000e+00
   1830.000   1804.052     0.9108  30.400043     0.9109  30.399709     4.4456     4.5105    -0.0163    97.8454 1.0000e-12  -65.84778  -71.37828 332.907142      99.97 3.8078e+02   5663.105     135916  1036.3247  1036.3244    34.7130    34.7125    7.83940         22 0.0000e+00
   1829.000   1803.071     0.9107  30.399345     0.9108  30.399210     4.4518     4.5145    -0.0164    97.8392 1.0000e-12  -65.84778  -71.37828 332.907154      99.98 3.8078e+02   5664.147     135941  1036.3201  1036.3198    34.7128    34.7125    7.83944         27 0.0000e+00
   1828.000   1802.089     0.9090  30.397484     0.9093  30.397408     4.4466     4.5145    -0.0123    97.8581 1.0000e-12  -65.84778  -71.37828 332.907173      99.98 3.8225e+02   5665.708     135978  1036.3158  1036.3154    34.7128    34.7123    7.83978         43 0.0000e+00
   1827.000   1801.107     0.9097  30.397688     0.9096  30.397275     4.4444     4.5136    -0.0168    97.8583 1.0000e-12  -65.84778  -71.37826 332.907197      99.98 3.8303e+02   5667.840     136029  1036.3111  1036.3108    34.7128    34.7124    7.83964         35 0.0000e+00
