NBP2113_155081_ctd/data/unbp2113_065.cnv
* Sea-Bird SBE 9 Data File:
* FileName = D:\Data\raw\NBP2113_065.hex
* Software Version Seasave V 7.26.7.121
* Temperature SN = 2438
* Conductivity SN = 2067
* Number of Bytes Per Scan = 40
* Number of Voltage Words = 5
* Number of Scans Averaged by the Deck Unit = 1
* NMEA Latitude = 64 10.49 S
* NMEA Longitude = 061 56.61 W
* NMEA UTC (Time) = Dec 14 2021  14:58:16
* NMEA baud rate = 9600
** Ship: RVIB N.B. Palmer
** Cruise: NBP2113 LTER
** Station: 741.005
** Operator: B. Urmston
# nquan = 25
# nvalues = 671                         
# units = specified
# name 0 = prDM: Pressure, Digiquartz [db]
# name 1 = depSM: Depth [salt water, m]
# name 2 = t090C: Temperature [ITS-90, deg C]
# name 3 = c0mS/cm: Conductivity [mS/cm]
# name 4 = t190C: Temperature, 2 [ITS-90, deg C]
# name 5 = c1mS/cm: Conductivity, 2 [mS/cm]
# name 6 = sbeox0ML/L: Oxygen, SBE 43 [ml/l]
# name 7 = sbeox1ML/L: Oxygen, SBE 43, 2 [ml/l]
# name 8 = flECO-AFL: Fluorescence, WET Labs ECO-AFL/FL [mg/m^3]
# name 9 = CStarTr0: Beam Transmission, WET Labs C-Star [%]
# name 10 = par: PAR/Irradiance, Biospherical/Licor
# name 11 = latitude: Latitude [deg]
# name 12 = longitude: Longitude [deg]
# name 13 = timeJ: Julian Days
# name 14 = altM: Altimeter [m]
# name 15 = spar: SPAR, Biospherical/Licor
# name 16 = timeS: Time, Elapsed [seconds]
# name 17 = scan: Scan Count
# name 18 = density00: Density [density, kg/m^3]
# name 19 = density11: Density, 2 [density, kg/m^3]
# name 20 = sal00: Salinity, Practical [PSU]
# name 21 = sal11: Salinity, Practical, 2 [PSU]
# name 22 = oxsolML/L: Oxygen Saturation, Garcia & Gordon [ml/l]
# name 23 = nbin: number of scans per bin
# name 24 = flag: flag
# span 0 =      1.000,    671.000       
# span 1 =      0.991,    663.388       
# span 2 =    -0.6462,     0.4502       
# span 3 =  28.438985,  29.119730       
# span 4 =    -0.6468,     0.4505       
# span 5 =  28.436983,  29.119969       
# span 6 =     5.2592,    20.6485       
# span 7 =     5.3832,     7.5813       
# span 8 =    -0.0297,     1.3733       
# span 9 =    83.5157,    89.7156       
# span 10 = 1.0000e-12, 6.9565e+02      
# span 11 =  -64.17450,  -64.17414      
# span 12 =  -61.94260,  -61.94192      
# span 13 = 348.638562, 348.648197      
# span 14 =      10.33,      99.97      
# span 15 = 4.8127e+02, 6.1888e+02      
# span 16 =   1275.740,   2108.263      
# span 17 =      30619,      50599      
# span 18 =  1027.3291,  1030.9485      
# span 19 =  1027.3279,  1030.9472      
# span 20 =    34.0527,    34.5354      
# span 21 =    34.0512,    34.5338      
# span 22 =    7.94611,    8.17390      
# span 23 =         24,         49      
# span 24 = 0.0000e+00, 0.0000e+00      
# interval = decibars: 1                
# start_time = Dec 14 2021 14:58:16 [NMEA time, header]
# bad_flag = -9.990e-29
*END*
[from data line 580]
     91.000     90.094     0.1843  28.636218     0.1824  28.633317     6.3965     6.4689     0.3778    88.4596 2.0184e-01  -64.17430  -61.94222 348.646579      99.97 6.1254e+02   1968.389      47242  1027.8884  1027.8873    34.2062    34.2045    8.01620         30 0.0000e+00
     90.000     89.104     0.1848  28.636023     0.1849  28.634964     6.4064     6.4700     0.3503    88.4597 2.1526e-01  -64.17430  -61.94222 348.646593      99.96 6.1275e+02   1969.623      47272  1027.8836  1027.8824    34.2060    34.2045    8.01612         29 0.0000e+00
     89.000     88.114     0.1890  28.637017     0.1849  28.634125     6.4141     6.4805     0.3164    88.4606 2.2965e-01  -64.17430  -61.94222 348.646607      99.97 6.1235e+02   1970.812      47300  1027.8762  1027.8772    34.2032    34.2039    8.01539         28 0.0000e+00
     88.000     87.124     0.1899  28.634732     0.1879  28.633798     6.4341     6.4913     0.3173    88.4454 2.4521e-01  -64.17430  -61.94222 348.646620      99.97 6.1263e+02   1971.962      47328  1027.8687  1027.8697    34.1998    34.2008    8.01539         27 0.0000e+00
     87.000     86.134     0.1893  28.632661     0.1887  28.630472     6.4462     6.4997     0.2998    88.4904 2.6230e-01  -64.17430  -61.94222 348.646633      99.97 6.1304e+02   1973.113      47356  1027.8628  1027.8612    34.1983    34.1961    8.01559         28 0.0000e+00
     86.000     85.145     0.1878  28.628117     0.1877  28.627600     6.4394     6.4986     0.2853    88.4743 2.7964e-01  -64.17430  -61.94220 348.646647      99.97 6.1237e+02   1974.313      47385  1027.8554  1027.8549    34.1947    34.1941    8.01613         30 0.0000e+00
     85.000     84.154     0.1871  28.626396     0.1855  28.626593     6.4408     6.5038     0.2895    88.4493 2.9766e-01  -64.17430  -61.94220 348.646662      99.97 6.1178e+02   1975.568      47415  1027.8500  1027.8517    34.1938    34.1957    8.01632         30 0.0000e+00
     84.000     83.165     0.1867  28.624949     0.1857  28.625223     6.4456     6.5155     0.2877    88.4541 3.1683e-01  -64.17430  -61.94220 348.646676      99.97 6.1172e+02   1976.774      47444  1027.8445  1027.8459    34.1928    34.1944    8.01644         27 0.0000e+00
     83.000     82.174     0.1861  28.623278     0.1858  28.622350     6.4553     6.5210     0.2804    88.4525 3.3622e-01  -64.17430  -61.94220 348.646688      99.97 6.1172e+02   1977.883      47470  1027.8391  1027.8384    34.1919    34.1911    8.01662         25 0.0000e+00
     82.000     81.185     0.1860  28.622403     0.1852  28.620739     6.4512     6.5253     0.2780    88.4388 3.5807e-01  -64.17429  -61.94220 348.646701      99.97 6.1172e+02   1978.996      47497  1027.8341  1027.8330    34.1915    34.1902    8.01668         27 0.0000e+00
     81.000     80.195     0.1854  28.620452     0.1850  28.619182     6.4633     6.5283     0.2960    88.4438 3.8107e-01  -64.17428  -61.94220 348.646715      99.97 6.1074e+02   1980.173      47525  1027.8283  1027.8274    34.1902    34.1890    8.01687         29 0.0000e+00
     80.000     79.205     0.1851  28.619349     0.1846  28.617893     6.4665     6.5326     0.3007    88.4255 4.0484e-01  -64.17428  -61.94218 348.646729      99.97 6.1008e+02   1981.389      47554  1027.8231  1027.8221    34.1896    34.1883    8.01695         30 0.0000e+00
     79.000     78.215     0.1852  28.618659     0.1846  28.616952     6.4739     6.5393     0.2857    88.4339 4.2898e-01  -64.17428  -61.94218 348.646743      99.97 6.1009e+02   1982.574      47583  1027.8180  1027.8167    34.1892    34.1876    8.01696         27 0.0000e+00
     78.000     77.226     0.1858  28.617087     0.1848  28.616025     6.4962     6.5518     0.2995    88.4321 4.5567e-01  -64.17428  -61.94218 348.646756      99.97 6.1002e+02   1983.713      47610  1027.8116  1027.8114    34.1871    34.1869    8.01696         27 0.0000e+00
     77.000     76.236     0.1859  28.615323     0.1851  28.613411     6.5043     6.5671     0.2660    88.4165 4.8534e-01  -64.17428  -61.94218 348.646769      99.97 6.1071e+02   1984.851      47637  1027.8053  1027.8040    34.1853    34.1837    8.01705         28 0.0000e+00
     76.000     75.245     0.1853  28.612614     0.1844  28.610725     6.5139     6.5827     0.2930    88.4165 5.1577e-01  -64.17428  -61.94218 348.646783      99.97 6.1116e+02   1986.042      47666  1027.7987  1027.7975    34.1830    34.1814    8.01729         28 0.0000e+00
     75.000     74.256     0.1817  28.606473     0.1829  28.608351     6.5857     6.6320     0.2905    88.4238 5.4782e-01  -64.17428  -61.94218 348.646797      99.97 6.1046e+02   1987.267      47695  1027.7915  1027.7922    34.1795    34.1806    8.01824         28 0.0000e+00
     74.000     73.266     0.1728  28.594127     0.1738  28.593575     6.6803     6.6776     0.2879    88.4052 5.8022e-01  -64.17428  -61.94218 348.646811      99.97 6.0995e+02   1988.455      47724  1027.7828  1027.7812    34.1737    34.1719    8.02042         28 0.0000e+00
     73.000     72.276     0.1538  28.570401     0.1497  28.564843     6.7371     6.7279     0.2866    88.3471 6.1768e-01  -64.17428  -61.94216 348.646824      99.97 6.1002e+02   1989.612      47752  1027.7719  1027.7700    34.1643    34.1615    8.02494         28 0.0000e+00
     72.000     71.286     0.1357  28.545535     0.1396  28.549863     6.7609     6.7607     0.2814    88.3255 6.5678e-01  -64.17428  -61.94216 348.646838      99.97 6.1147e+02   1990.771      47780  1027.7587  1027.7594    34.1521    34.1535    8.02938         28 0.0000e+00
     71.000     70.296     0.1349  28.540844     0.1331  28.536589     6.7504     6.7594     0.3015    88.2537 6.9767e-01  -64.17428  -61.94216 348.646851      99.97 6.1172e+02   1991.958      47808  1027.7500  1027.7473    34.1474    34.1439    8.02982         29 0.0000e+00
     70.000     69.306     0.1374  28.539993     0.1348  28.537323     6.7388     6.7796     0.3345    88.1736 7.4135e-01  -64.17428  -61.94216 348.646866      99.97 6.1172e+02   1993.237      47839  1027.7423  1027.7419    34.1442    34.1435    8.02948         32 0.0000e+00
     69.000     68.316     0.1418  28.541430     0.1419  28.543346     6.7410     6.7910     0.3555    88.1415 7.8531e-01  -64.17428  -61.94216 348.646881      99.97 6.1216e+02   1994.482      47869  1027.7351  1027.7370    34.1417    34.1441    8.02870         28 0.0000e+00
     68.000     67.326     0.1408  28.541709     0.1440  28.539302     6.7412     6.7980     0.3453    88.0991 8.3399e-01  -64.17427  -61.94216 348.646894      99.97 6.1348e+02   1995.608      47896  1027.7320  1027.7263    34.1438    34.1371    8.02879         26 0.0000e+00
     67.000     66.337     0.1456  28.541266     0.1484  28.540979     6.7400     6.8032     0.3372    88.0347 8.8724e-01  -64.17426  -61.94215 348.646906      99.97 6.1348e+02   1996.703      47922  1027.7226  1027.7195    34.1385    34.1350    8.02809         27 0.0000e+00
     66.000     65.345     0.1505  28.542886     0.1510  28.541996     6.7512     6.7988     0.3921    88.0103 9.4281e-01  -64.17426  -61.94214 348.646919      99.97 6.1348e+02   1997.839      47949  1027.7151  1027.7137    34.1358    34.1340    8.02721         28 0.0000e+00
     65.000     64.357     0.1524  28.543710     0.1530  28.542575     6.7624     6.8016     0.4110    87.9780 1.0033e+00  -64.17426  -61.94214 348.646933      99.97 6.1348e+02   1999.040      47978  1027.7098  1027.7081    34.1353    34.1332    8.02683         30 0.0000e+00
     64.000     63.367     0.1558  28.545417     0.1539  28.543955     6.7707     6.8240     0.4172    87.9359 1.0668e+00  -64.17426  -61.94214 348.646948      99.97 6.1348e+02   2000.323      48009  1027.7041  1027.7044    34.1344    34.1346    8.02618         31 0.0000e+00
     63.000     62.376     0.1649  28.549911     0.1577  28.545765     6.7803     6.8425     0.4256    87.8993 1.1330e+00  -64.17426  -61.94214 348.646963      99.97 6.1348e+02   2001.573      48039  1027.6958  1027.6984    34.1309    34.1334    8.02449         28 0.0000e+00
     62.000     61.387     0.1676  28.550940     0.1704  28.551178     6.7774     6.8548     0.4250    87.8277 1.2060e+00  -64.17426  -61.94214 348.646976      99.97 6.1348e+02   2002.704      48066  1027.6899  1027.6874    34.1298    34.1270    8.02397         27 0.0000e+00
     61.000     60.397     0.1717  28.552492     0.1820  28.557071     6.8012     6.8593     0.4425    87.7519 1.2874e+00  -64.17426  -61.94214 348.646989      99.97 6.1348e+02   2003.822      48093  1027.6833  1027.6781    34.1279    34.1224    8.02323         27 0.0000e+00
     60.000     59.407     0.1845  28.559168     0.1864  28.559188     6.8185     6.8636     0.4977    87.6923 1.3741e+00  -64.17426  -61.94213 348.647003      99.97 6.1348e+02   2005.039      48122  1027.6737  1027.6719    34.1230    34.1210    8.02082         31 0.0000e+00
     59.000     58.417     0.1859  28.559776     0.1853  28.558351     6.8385     6.8718     0.5366    87.5888 1.4599e+00  -64.17426  -61.94212 348.647018      99.97 6.1348e+02   2006.320      48153  1027.6689  1027.6679    34.1229    34.1216    8.02055         30 0.0000e+00
     58.000     57.426     0.1936  28.562514     0.1779  28.554281     6.8752     6.9068     0.5623    87.5636 1.5533e+00  -64.17425  -61.94212 348.647032      99.97 6.1348e+02   2007.541      48182  1027.6600  1027.6666    34.1186    34.1251    8.01918         28 0.0000e+00
     57.000     56.437     0.1935  28.561148     0.1883  28.557549     6.9278     6.9391     0.5402    87.5242 1.6552e+00  -64.17424  -61.94212 348.647045      99.97 6.1348e+02   2008.692      48210  1027.6545  1027.6556    34.1174    34.1185    8.01925         27 0.0000e+00
     56.000     55.446     0.2085  28.565703     0.2079  28.563918     6.9629     6.9660     0.5492    87.4668 1.7727e+00  -64.17424  -61.94212 348.647058      99.97 6.1348e+02   2009.824      48237  1027.6405  1027.6392    34.1074    34.1057    8.01669         28 0.0000e+00
     55.000     54.457     0.2193  28.568176     0.2162  28.565646     6.9948     6.9896     0.5904    87.3791 1.8978e+00  -64.17424  -61.94211 348.647072      99.97 6.1348e+02   2011.012      48265  1027.6284  1027.6287    34.0992    34.0993    8.01490         29 0.0000e+00
     54.000     53.467     0.2274  28.571286     0.2163  28.565491     7.0079     7.0128     0.6428    87.1823 2.0262e+00  -64.17424  -61.94210 348.647086      99.97 6.1348e+02   2012.266      48295  1027.6197  1027.6243    34.0949    34.0997    8.01345         31 0.0000e+00
     53.000     52.477     0.2310  28.572466     0.2304  28.571063     7.0229     7.0433     0.6724    86.9564 2.1711e+00  -64.17424  -61.94210 348.647101      99.97 6.1348e+02   2013.543      48326  1027.6133  1027.6124    34.0931    34.0920    8.01280         30 0.0000e+00
     52.000     51.486     0.2402  28.574811     0.2313  28.570290     7.0395     7.0731     0.7016    86.8253 2.3304e+00  -64.17424  -61.94210 348.647115      99.97 6.1348e+02   2014.772      48356  1027.6027  1027.6066    34.0865    34.0906    8.01125         29 0.0000e+00
     51.000     50.498     0.2432  28.575356     0.2437  28.573778     7.0487     7.0875     0.7382    86.8286 2.4988e+00  -64.17424  -61.94210 348.647129      99.97 6.1348e+02   2015.963      48384  1027.5963  1027.5940    34.0846    34.0820    8.01074         29 0.0000e+00
     50.000     49.507     0.2485  28.576509     0.2486  28.575358     7.0430     7.0986     0.7925    86.6171 2.6788e+00  -64.17424  -61.94210 348.647143      99.97 6.1172e+02   2017.144      48412  1027.5882  1027.5867    34.0808    34.0791    8.00985         28 0.0000e+00
     49.000     48.516     0.2505  28.577073     0.2525  28.576398     7.0421     7.1020     0.8277    86.3887 2.8686e+00  -64.17424  -61.94210 348.647157      99.97 6.1172e+02   2018.322      48441  1027.5826  1027.5800    34.0799    34.0768    8.00948         28 0.0000e+00
     48.000     47.527     0.2531  28.577634     0.2537  28.576470     7.0436     7.1052     0.8666    86.1724 3.0673e+00  -64.17424  -61.94209 348.647170      99.97 6.1172e+02   2019.502      48469  1027.5766  1027.5748    34.0783    34.0762    8.00902         28 0.0000e+00
     47.000     46.536     0.2553  28.578105     0.2543  28.576136     7.0372     7.1134     0.9165    86.0640 3.2846e+00  -64.17424  -61.94208 348.647184      99.97 6.1172e+02   2020.656      48497  1027.5708  1027.5696    34.0772    34.0757    8.00864         27 0.0000e+00
     46.000     45.547     0.2553  28.577706     0.2570  28.576874     7.0423     7.1148     0.9234    86.0369 3.5354e+00  -64.17424  -61.94208 348.647197      99.97 6.1172e+02   2021.795      48524  1027.5662  1027.5637    34.0772    34.0743    8.00863         28 0.0000e+00
     45.000     44.557     0.2557  28.577094     0.2567  28.576181     7.0486     7.1189     0.9464    85.9671 3.8036e+00  -64.17424  -61.94208 348.647211      99.97 6.1172e+02   2023.007      48553  1027.5610  1027.5591    34.0765    34.0743    8.00858         30 0.0000e+00
     44.000     43.567     0.2576  28.577417     0.2584  28.576395     7.0648     7.1292     0.9707    85.9125 4.0874e+00  -64.17424  -61.94208 348.647225      99.96 6.1172e+02   2024.258      48583  1027.5553  1027.5534    34.0755    34.0733    8.00825         28 0.0000e+00
     43.000     42.576     0.2599  28.577753     0.2588  28.575949     7.0724     7.1364     0.9793    85.8319 4.3810e+00  -64.17423  -61.94208 348.647240      99.97 6.1172e+02   2025.515      48613  1027.5492  1027.5483    34.0740    34.0728    8.00786         30 0.0000e+00
     42.000     41.585     0.2613  28.577660     0.2621  28.576359     7.0701     7.1370     0.9780    85.8189 4.6941e+00  -64.17422  -61.94208 348.647254      99.97 6.1172e+02   2026.755      48643  1027.5435  1027.5414    34.0729    34.0703    8.00763         27 0.0000e+00
     41.000     40.597     0.2632  28.577685     0.2641  28.576559     7.0699     7.1402     0.9683    85.7856 5.0410e+00  -64.17422  -61.94208 348.647268      99.97 6.1172e+02   2027.915      48671  1027.5376  1027.5354    34.0715    34.0689    8.00732         27 0.0000e+00
     40.000     39.606     0.2630  28.577032     0.2638  28.575944     7.0748     7.1302     0.9825    85.6879 5.4693e+00  -64.17422  -61.94208 348.647282      99.96 6.1172e+02   2029.203      48702  1027.5327  1027.5309    34.0714    34.0691    8.00735         35 0.0000e+00
     39.000     38.616     0.2649  28.577297     0.2602  28.574025     7.1023     7.1332     1.0744    85.3714 5.9272e+00  -64.17422  -61.94208 348.647301      99.97 6.1172e+02   2030.800      48740  1027.5270  1027.5281    34.0702    34.0711    8.00702         40 0.0000e+00
     38.000     37.626     0.2681  28.577651     0.2610  28.573780     7.1192     7.1525     1.0446    85.2890 6.4060e+00  -64.17422  -61.94206 348.647322      99.97 6.1172e+02   2032.587      48783  1027.5201  1027.5228    34.0678    34.0706    8.00650         40 0.0000e+00
     37.000     36.635     0.2733  28.579416     0.2662  28.575093     7.1014     7.1784     1.1510    85.3057 6.9460e+00  -64.17422  -61.94206 348.647342      99.97 6.1172e+02   2034.322      48825  1027.5127  1027.5150    34.0649    34.0671    8.00558         38 0.0000e+00
     36.000     35.646     0.2709  28.577977     0.2718  28.576979     7.0901     7.1735     1.2096    85.0956 7.6154e+00  -64.17422  -61.94206 348.647364      99.97 6.1172e+02   2036.211      48870  1027.5093  1027.5073    34.0662    34.0640    8.00599         45 0.0000e+00
     35.000     34.655     0.2703  28.577537     0.2679  28.575200     7.1331     7.1870     1.2863    84.7783 8.3316e+00  -64.17422  -61.94206 348.647390      99.97 6.1172e+02   2038.503      48925  1027.5052  1027.5050    34.0670    34.0666    8.00609         43 0.0000e+00
