NBP2113_155081_ctd/data/unbp2113_039.cnv
* Sea-Bird SBE 9 Data File:
* FileName = D:\Data\raw\NBP2113_039.hex
* Software Version Seasave V 7.26.7.121
* Temperature SN = 2438
* Conductivity SN = 2067
* Number of Bytes Per Scan = 40
* Number of Voltage Words = 5
* Number of Scans Averaged by the Deck Unit = 1
* NMEA Latitude = 64 52.75 S
* NMEA Longitude = 063 56.20 W
* NMEA UTC (Time) = Dec 10 2021  11:48:20
* NMEA baud rate = 9600
** Ship: RVIB N.B. Palmer
** Cruise: NBP2113 LTER
** Station: 619.027
** Operator: B. Urmston
# nquan = 25
# nvalues = 269                         
# units = specified
# name 0 = prDM: Pressure, Digiquartz [db]
# name 1 = depSM: Depth [salt water, m]
# name 2 = t090C: Temperature [ITS-90, deg C]
# name 3 = c0mS/cm: Conductivity [mS/cm]
# name 4 = t190C: Temperature, 2 [ITS-90, deg C]
# name 5 = c1mS/cm: Conductivity, 2 [mS/cm]
# name 6 = sbeox0ML/L: Oxygen, SBE 43 [ml/l]
# name 7 = sbeox1ML/L: Oxygen, SBE 43, 2 [ml/l]
# name 8 = flECO-AFL: Fluorescence, WET Labs ECO-AFL/FL [mg/m^3]
# name 9 = CStarTr0: Beam Transmission, WET Labs C-Star [%]
# name 10 = par: PAR/Irradiance, Biospherical/Licor
# name 11 = latitude: Latitude [deg]
# name 12 = longitude: Longitude [deg]
# name 13 = timeJ: Julian Days
# name 14 = altM: Altimeter [m]
# name 15 = spar: SPAR, Biospherical/Licor
# name 16 = timeS: Time, Elapsed [seconds]
# name 17 = scan: Scan Count
# name 18 = density00: Density [density, kg/m^3]
# name 19 = density11: Density, 2 [density, kg/m^3]
# name 20 = sal00: Salinity, Practical [PSU]
# name 21 = sal11: Salinity, Practical, 2 [PSU]
# name 22 = oxsolML/L: Oxygen Saturation, Garcia & Gordon [ml/l]
# name 23 = nbin: number of scans per bin
# name 24 = flag: flag
# span 0 =      1.000,    269.000       
# span 1 =      0.990,    266.193       
# span 2 =    -0.3402,     1.2157       
# span 3 =  27.883384,  29.915508       
# span 4 =    -0.3405,     1.2167       
# span 5 =  27.881627,  29.916626       
# span 6 =     4.4085,     9.6375       
# span 7 =     4.4780,     9.8454       
# span 8 =    -0.0077,     1.5275       
# span 9 =    89.3093,    94.9695       
# span 10 = 1.0000e-12, 3.9893e+02      
# span 11 =  -64.87890,  -64.87844      
# span 12 =  -63.93684,  -63.93680      
# span 13 = 344.501485, 344.510098      
# span 14 =       9.02,      99.98      
# span 15 = 2.9088e+02, 3.2966e+02      
# span 16 =    828.309,   1572.441      
# span 17 =      19880,      37740      
# span 18 =  1027.1954,  1028.9941      
# span 19 =  1027.1938,  1028.9931      
# span 20 =    33.8455,    34.6194      
# span 21 =    33.8435,    34.6180      
# span 22 =    7.78359,    8.14757      
# span 23 =         16,         47      
# span 24 = 0.0000e+00, 0.0000e+00      
# interval = decibars: 1                
# start_time = Dec 10 2021 11:48:20 [NMEA time, header]
# bad_flag = -9.990e-29
*END*
[from data line 116]
    153.000    151.443     0.6318  29.229972     0.6276  29.223529     5.3161     5.3851     0.0538    94.7942 1.0000e-12  -64.87884  -63.93682 344.504994      99.97 3.0601e+02   1131.474      27156  1028.3511  1028.3485    34.4486    34.4449    7.91040         35 0.0000e+00
    152.000    150.457     0.6275  29.224319     0.6246  29.219363     5.3103     5.3880     0.0613    94.7825 1.0000e-12  -64.87884  -63.93682 344.505028      99.97 3.0728e+02   1134.402      27227  1028.3451  1028.3427    34.4466    34.4434    7.91138         45 0.0000e+00
    151.000    149.467     0.6258  29.221521     0.6246  29.218790     5.3190     5.3925     0.0519    94.7760 1.0000e-12  -64.87880  -63.93682 344.505373      99.97 3.1626e+02   1164.239      27943  1028.3393  1028.3376    34.4454    34.4432    7.91179         28 0.0000e+00
    150.000    148.476     0.6245  29.219521     0.6232  29.216783     5.3238     5.3926     0.0474    94.7939 1.0000e-12  -64.87880  -63.93682 344.505429      99.98 3.1731e+02   1169.082      28059  1028.3342  1028.3326    34.4449    34.4428    7.91209         25 0.0000e+00
    149.000    147.488     0.6237  29.218171     0.6224  29.215442     5.3357     5.4025     0.0465    94.7941 1.0000e-12  -64.87880  -63.93682 344.505442      99.97 3.1732e+02   1170.163      28085  1028.3293  1028.3277    34.4446    34.4425    7.91226         25 0.0000e+00
    148.000    146.498     0.6215  29.215149     0.6205  29.212776     5.3307     5.4008     0.0544    94.7782 1.0000e-12  -64.87880  -63.93682 344.505455      99.97 3.1732e+02   1171.329      28113  1028.3241  1028.3225    34.4438    34.4417    7.91277         30 0.0000e+00
    147.000    145.508     0.6206  29.213150     0.6184  29.209805     5.3303     5.4026     0.0624    94.7826 1.0000e-12  -64.87880  -63.93681 344.505472      99.97 3.1732e+02   1172.818      28149  1028.3186  1028.3173    34.4427    34.4408    7.91301         38 0.0000e+00
    146.000    144.519     0.6212  29.213753     0.6208  29.212046     5.3308     5.4113     0.0642    94.7743 1.0000e-12  -64.87880  -63.93680 344.505501      99.97 3.1732e+02   1175.309      28208  1028.3144  1028.3130    34.4434    34.4417    7.91285         43 0.0000e+00
    145.000    143.529     0.6183  29.210231     0.6176  29.208049     5.4091     5.4627     0.0578    94.7691 1.0000e-12  -64.87880  -63.93680 344.505525      99.97 3.1811e+02   1177.359      28258  1028.3092  1028.3076    34.4427    34.4406    7.91348         32 0.0000e+00
    144.000    142.541     0.6109  29.201657     0.6112  29.201326     5.4843     5.4981     0.0351    94.7672 1.0000e-12  -64.87880  -63.93682 344.505538      99.97 3.1911e+02   1178.475      28284  1028.3033  1028.3025    34.4403    34.4396    7.91512         22 0.0000e+00
    143.000    141.549     0.5775  29.165388     0.5707  29.156045     5.5111     5.5144     0.0362    94.7532 1.0000e-12  -64.87880  -63.93682 344.505547      99.98 3.1908e+02   1179.306      28304  1028.2939  1028.2910    34.4309    34.4262    7.92248         19 0.0000e+00
    142.000    140.561     0.5668  29.150872     0.5648  29.147692     5.5148     5.5248     0.0362    94.7427 1.0000e-12  -64.87880  -63.93682 344.505556      99.97 3.1908e+02   1180.038      28322  1028.2849  1028.2835    34.4244    34.4225    7.92501         17 0.0000e+00
    141.000    139.573     0.5585  29.141794     0.5569  29.138600     5.4998     5.5254     0.0362    94.7124 1.0000e-12  -64.87880  -63.93682 344.505565      99.97 3.1908e+02   1180.776      28340  1028.2792  1028.2773    34.4224    34.4200    7.92683         18 0.0000e+00
    140.000    138.580     0.5450  29.125767     0.5484  29.128398     5.4885     5.5228     0.0569    94.7168 1.0000e-12  -64.87880  -63.93682 344.505574      99.98 3.1908e+02   1181.593      28359  1028.2712  1028.2706    34.4171    34.4167    7.92988         22 0.0000e+00
    139.000    137.591     0.5518  29.130674     0.5526  29.133138     5.4897     5.5280     0.0641    94.7059 1.0000e-12  -64.87880  -63.93681 344.505586      99.97 3.1908e+02   1182.671      28385  1028.2652  1028.2670    34.4166    34.4189    7.92852         30 0.0000e+00
    138.000    136.603     0.5511  29.131463     0.5509  29.129602     5.4684     5.5186     0.0655    94.6978 1.0000e-12  -64.87880  -63.93680 344.505607      99.97 3.1908e+02   1184.462      28428  1028.2622  1028.2604    34.4190    34.4167    7.92853         42 0.0000e+00
    137.000    135.613     0.5592  29.139121     0.5638  29.143129     5.4764     5.5387     0.0694    94.7230 1.0000e-12  -64.87880  -63.93680 344.505633      99.97 3.1908e+02   1186.648      28481  1028.2577  1028.2573    34.4205    34.4206    7.92678         44 0.0000e+00
    136.000    134.625     0.5466  29.125951     0.5534  29.133310     5.6097     5.6278     0.0720    94.7227 1.0000e-12  -64.87880  -63.93680 344.505652      99.97 3.1908e+02   1188.373      28522  1028.2520  1028.2528    34.4180    34.4200    7.92951         31 0.0000e+00
    135.000    133.633     0.5278  29.106232     0.5297  29.104901     5.8286     5.7683     0.0654    94.6908 1.0000e-12  -64.87880  -63.93682 344.505667      99.97 3.1908e+02   1189.597      28551  1028.2454  1028.2423    34.4138    34.4099    7.93360         27 0.0000e+00
    134.000    132.646     0.4289  28.998527     0.4346  29.006456     5.9319     5.8421     0.0655    94.6709 1.0000e-12  -64.87880  -63.93682 344.505679      99.97 3.1908e+02   1190.629      28576  1028.2251  1028.2278    34.3837    34.3877    7.95558         23 0.0000e+00
    133.000    131.654     0.3787  28.937221     0.3803  28.938019     5.9653     5.8856     0.0655    94.6689 1.0000e-12  -64.87880  -63.93682 344.505689      99.97 3.1943e+02   1191.566      28599  1028.2052  1028.2046    34.3600    34.3592    7.96726         22 0.0000e+00
    132.000    130.665     0.3595  28.913677     0.3632  28.916216     5.9803     5.9335     0.0759    94.6435 1.0000e-12  -64.87880  -63.93682 344.505700      99.97 3.2083e+02   1192.449      28620  1028.1944  1028.1936    34.3511    34.3504    7.97172         21 0.0000e+00
    131.000    129.677     0.3470  28.898431     0.3474  28.898678     5.9906     5.9384     0.0780    94.6169 1.0000e-12  -64.87880  -63.93682 344.505709      99.97 3.2084e+02   1193.299      28640  1028.1859  1028.1859    34.3456    34.3456    7.97461         20 0.0000e+00
    130.000    128.686     0.3363  28.885314     0.3367  28.884718     5.9790     5.9102     0.0802    94.5691 1.0000e-12  -64.87880  -63.93682 344.505719      99.98 3.2084e+02   1194.156      28661  1028.1778  1028.1769    34.3410    34.3398    7.97709         21 0.0000e+00
    129.000    127.697     0.3277  28.874496     0.3296  28.875075     5.9252     5.8968     0.0882    94.5103 1.0000e-12  -64.87880  -63.93682 344.505730      99.97 3.2084e+02   1195.080      28683  1028.1701  1028.1689    34.3370    34.3356    7.97909         24 0.0000e+00
    128.000    126.706     0.3295  28.876269     0.3665  28.911322     5.8918     5.9090     0.1099    94.5260 1.0000e-12  -64.87880  -63.93681 344.505743      99.97 3.2046e+02   1196.210      28710  1028.1653  1028.1660    34.3378    34.3426    7.97866         31 0.0000e+00
    127.000    125.718     0.3470  28.895259     0.3459  28.893722     5.8347     5.9027     0.1216    94.4645 1.0000e-12  -64.87880  -63.93681 344.505762      99.98 3.1946e+02   1197.858      28750  1028.1634  1028.1630    34.3439    34.3431    7.97471         39 0.0000e+00
    126.000    124.728     0.3611  28.911588     0.3570  28.905510     5.9190     5.9471     0.1073    94.4970 1.0000e-12  -64.87880  -63.93680 344.505787      99.97 3.2055e+02   1199.971      28800  1028.1619  1028.1596    34.3502    34.3468    7.97144         39 0.0000e+00
    125.000    123.739     0.3373  28.887181     0.3479  28.895367     6.1204     6.0773     0.1175    94.4771 1.0000e-12  -64.87878  -63.93682 344.505804      99.98 3.2085e+02   1201.464      28836  1028.1551  1028.1534    34.3453    34.3442    7.97664         30 0.0000e+00
    124.000    122.749     0.2736  28.811425     0.2816  28.820242     6.2007     6.1533     0.1048    94.4584 1.0000e-12  -64.87878  -63.93682 344.505818      99.97 3.2084e+02   1202.647      28865  1028.1330  1028.1346    34.3174    34.3201    7.99138         28 0.0000e+00
    123.000    121.759     0.2290  28.757736     0.2368  28.765417     6.2074     6.1759     0.1067    94.4014 1.0000e-12  -64.87878  -63.93682 344.505831      99.97 3.2084e+02   1203.782      28892  1028.1155  1028.1160    34.2972    34.2986    8.00180         26 0.0000e+00
    122.000    120.770     0.2184  28.744700     0.2214  28.746654     6.1869     6.1883     0.1199    94.3650 1.0000e-12  -64.87878  -63.93682 344.505843      99.97 3.2084e+02   1204.843      28917  1028.1071  1028.1064    34.2924    34.2916    8.00426         24 0.0000e+00
    121.000    119.779     0.2150  28.740496     0.2147  28.739386     6.1759     6.1889     0.1100    94.3700 1.0000e-12  -64.87878  -63.93682 344.505854      99.97 3.2084e+02   1205.769      28939  1028.1014  1028.1006    34.2913    34.2901    8.00504         21 0.0000e+00
    120.000    118.792     0.2119  28.736900     0.2128  28.736606     6.1594     6.1804     0.1044    94.3562 1.0000e-12  -64.87878  -63.93682 344.505863      99.97 3.2084e+02   1206.598      28959  1028.0960  1028.0949    34.2906    34.2892    8.00571         19 0.0000e+00
    119.000    117.798     0.2103  28.734530     0.2105  28.733643     6.1483     6.1752     0.1131    94.3564 1.0000e-12  -64.87878  -63.93682 344.505873      99.97 3.2084e+02   1207.389      28978  1028.0905  1028.0894    34.2899    34.2885    8.00609         20 0.0000e+00
    118.000    116.811     0.2093  28.733061     0.2085  28.730778     6.1485     6.1786     0.1274    94.3403 1.0000e-12  -64.87878  -63.93682 344.505883      99.98 3.2084e+02   1208.255      28999  1028.0853  1028.0838    34.2896    34.2875    8.00631         23 0.0000e+00
    117.000    115.820     0.2159  28.739620     0.2169  28.739253     6.1408     6.1810     0.1298    94.3264 1.7910e-03  -64.87878  -63.93682 344.505899      99.97 3.2084e+02   1209.687      29033  1028.0812  1028.0798    34.2916    34.2900    8.00484         34 0.0000e+00
    116.000    114.832     0.2163  28.740244     0.2158  28.738535     6.1133     6.1788     0.1576    94.3547 5.2043e-03  -64.87878  -63.93680 344.505933      99.97 3.2084e+02   1212.649      29105  1028.0766  1028.0753    34.2926    34.2909    8.00470         39 0.0000e+00
    115.000    113.841     0.2201  28.743798     0.2209  28.743959     6.1207     6.1752     0.1502    94.3706 8.8633e-03  -64.87878  -63.93681 344.505959      99.97 3.2084e+02   1214.849      29157  1028.0720  1028.0714    34.2936    34.2929    8.00384         33 0.0000e+00
    114.000    112.852     0.2136  28.736566     0.2213  28.743818     6.1502     6.2034     0.1405    94.3599 1.1691e-02  -64.87878  -63.93682 344.505982      99.97 3.2084e+02   1216.826      29205  1028.0663  1028.0665    34.2919    34.2929    8.00529         39 0.0000e+00
    113.000    111.863     0.2035  28.725421     0.2067  28.727456     6.1652     6.2195     0.1319    94.3873 1.4970e-02  -64.87878  -63.93682 344.505998      99.97 3.2084e+02   1218.232      29239  1028.0600  1028.0591    34.2891    34.2882    8.00755         30 0.0000e+00
    112.000    110.873     0.1935  28.713151     0.1968  28.716094     6.1556     6.2287     0.1206    94.3750 1.7918e-02  -64.87878  -63.93682 344.506012      99.97 3.2084e+02   1219.467      29268  1028.0524  1028.0523    34.2847    34.2849    8.00988         31 0.0000e+00
    111.000    109.883     0.1945  28.713305     0.1935  28.711142     6.1604     6.2299     0.1408    94.3448 2.1408e-02  -64.87878  -63.93682 344.506033      99.97 3.2084e+02   1221.241      29311  1028.0471  1028.0458    34.2844    34.2826    8.00969         40 0.0000e+00
    110.000    108.893     0.1977  28.716454     0.1957  28.713180     6.1536     6.2288     0.1517    94.3514 2.4716e-02  -64.87878  -63.93682 344.506066      99.97 3.2084e+02   1224.138      29380  1028.0428  1028.0414    34.2856    34.2835    8.00896         42 0.0000e+00
    109.000    107.904     0.1948  28.712826     0.1953  28.712278     6.1621     6.2280     0.1762    94.3370 2.8404e-02  -64.87876  -63.93680 344.506094      99.97 3.2084e+02   1226.532      29438  1028.0374  1028.0363    34.2846    34.2833    8.00961         36 0.0000e+00
    108.000    106.917     0.1960  28.713727     0.1973  28.713785     6.1704     6.2499     0.1761    94.3542 3.2819e-02  -64.87876  -63.93680 344.506129      99.97 3.2084e+02   1229.515      29509  1028.0328  1028.0316    34.2851    34.2837    8.00934         33 0.0000e+00
    107.000    105.924     0.1705  28.684313     0.1595  28.670652     6.2756     6.2818     0.1663    94.3185 3.6855e-02  -64.87876  -63.93682 344.506160      99.98 3.2084e+02   1232.196      29574  1028.0223  1028.0185    34.2754    34.2696    8.01520         39 0.0000e+00
    106.000    104.933     0.1435  28.652374     0.1653  28.676054     6.3153     6.2911     0.1524    94.3311 4.1825e-02  -64.87876  -63.93682 344.506187      99.97 3.2084e+02   1234.572      29631  1028.0104  1028.0140    34.2640    34.2709    8.02148         27 0.0000e+00
    105.000    103.946     0.1531  28.663308     0.1597  28.670601     6.2890     6.3446     0.1472    94.3065 4.6125e-02  -64.87876  -63.93682 344.506246      99.97 3.2084e+02   1239.694      29754  1028.0076  1028.0092    34.2683    34.2706    8.01923         38 0.0000e+00
    104.000    102.955     0.1310  28.636791     0.1376  28.643662     6.3273     6.3779     0.1292    94.3152 4.9366e-02  -64.87876  -63.93682 344.506263      99.97 3.2084e+02   1241.163      29789  1027.9968  1027.9978    34.2586    34.2603    8.02439         35 0.0000e+00
    103.000    101.966     0.1155  28.619410     0.1153  28.617822     6.3105     6.3801     0.1455    94.2519 5.3312e-02  -64.87876  -63.93682 344.506281      99.97 3.2084e+02   1242.697      29826  1027.9891  1027.9878    34.2536    34.2517    8.02792         35 0.0000e+00
    102.000    100.976     0.1259  28.630881     0.1232  28.626655     6.3193     6.3783     0.1692    94.2862 6.2001e-02  -64.87876  -63.93682 344.506347      99.97 3.2084e+02   1248.360      29962  1027.9864  1027.9848    34.2577    34.2551    8.02551         38 0.0000e+00
    101.000     99.987     0.1121  28.615733     0.1117  28.614162     6.3338     6.3890     0.1381    94.2784 6.7433e-02  -64.87876  -63.93682 344.506386      99.97 3.2084e+02   1251.762      30043  1027.9794  1027.9782    34.2538    34.2520    8.02862         34 0.0000e+00
    100.000     98.997     0.0917  28.594062     0.0973  28.598923     6.3259     6.3939     0.1423    94.3105 7.1060e-02  -64.87876  -63.93682 344.506486      99.97 3.2084e+02   1260.379      30250  1027.9719  1027.9716    34.2485    34.2486    8.03318         33 0.0000e+00
     99.000     98.007     0.0778  28.579610     0.0788  28.579551     6.4023     6.4366     0.1179    94.3384 7.7201e-02  -64.87874  -63.93682 344.506836      99.97 3.2084e+02   1290.667      30977  1027.9653  1027.9644    34.2455    34.2443    8.03626         31 0.0000e+00
     98.000     97.017     0.0474  28.546034     0.0630  28.562555     6.4300     6.4345     0.1688    94.3445 8.3402e-02  -64.87874  -63.93681 344.506862      99.97 3.2030e+02   1292.885      31030  1027.9548  1027.9571    34.2357    34.2401    8.04320         43 0.0000e+00
     97.000     96.028     0.0374  28.532931     0.0568  28.554287     6.5271     6.5418     0.1912    94.3321 9.0018e-02  -64.87874  -63.93680 344.506890      99.97 3.1942e+02   1295.324      31089  1027.9461  1027.9500    34.2301    34.2367    8.04561         43 0.0000e+00
