NBP2113_155081_ctd/data/unbp2113_008.cnv
* Sea-Bird SBE 9 Data File:
* FileName = D:\Data\raw\NBP2113_008.hex
* Software Version Seasave V 7.26.7.121
* Temperature SN = 2438
* Conductivity SN = 2067
* Number of Bytes Per Scan = 40
* Number of Voltage Words = 5
* Number of Scans Averaged by the Deck Unit = 1
* NMEA Latitude = 64 55.99 S
* NMEA Longitude = 064 24.05 W
* NMEA UTC (Time) = Nov 25 2021  04:33:36
* NMEA baud rate = 9600
** Ship: RVIB N.B. Palmer
** Cruise: NBP2113 LTER
** Station: 600.040
** Operator: B. Urmston
# nquan = 25
# nvalues = 1295                        
# units = specified
# name 0 = prDM: Pressure, Digiquartz [db]
# name 1 = depSM: Depth [salt water, m]
# name 2 = t090C: Temperature [ITS-90, deg C]
# name 3 = c0mS/cm: Conductivity [mS/cm]
# name 4 = t190C: Temperature, 2 [ITS-90, deg C]
# name 5 = c1mS/cm: Conductivity, 2 [mS/cm]
# name 6 = sbeox0ML/L: Oxygen, SBE 43 [ml/l]
# name 7 = sbeox1ML/L: Oxygen, SBE 43, 2 [ml/l]
# name 8 = flECO-AFL: Fluorescence, WET Labs ECO-AFL/FL [mg/m^3]
# name 9 = CStarTr0: Beam Transmission, WET Labs C-Star [%]
# name 10 = par: PAR/Irradiance, Biospherical/Licor
# name 11 = latitude: Latitude [deg]
# name 12 = longitude: Longitude [deg]
# name 13 = timeJ: Julian Days
# name 14 = altM: Altimeter [m]
# name 15 = spar: SPAR, Biospherical/Licor
# name 16 = timeS: Time, Elapsed [seconds]
# name 17 = scan: Scan Count
# name 18 = density00: Density [density, kg/m^3]
# name 19 = density11: Density, 2 [density, kg/m^3]
# name 20 = sal00: Salinity, Practical [PSU]
# name 21 = sal11: Salinity, Practical, 2 [PSU]
# name 22 = oxsolML/L: Oxygen Saturation, Garcia & Gordon [ml/l]
# name 23 = nbin: number of scans per bin
# name 24 = flag: flag
# span 0 =      1.000,   1295.000       
# span 1 =      0.991,   1278.334       
# span 2 =    -0.7757,     1.4982       
# span 3 =  27.458468,  30.658010       
# span 4 =    -0.7751,     1.4984       
# span 5 =  27.458170,  30.657040       
# span 6 =     4.0518,     8.2576       
# span 7 =     4.0872,     8.1281       
# span 8 =    -0.0220,     1.3802       
# span 9 =    91.8358,    98.1624       
# span 10 = 1.0000e-12, 5.7581e+00      
# span 11 =  -64.93344,  -64.93266      
# span 12 =  -64.40226,  -64.40188      
# span 13 = 329.215638, 329.241351      
# span 14 =       9.01,     100.21      
# span 15 = 0.0000e+00, 0.0000e+00      
# span 16 =   2215.150,   4436.767      
# span 17 =      53165,     106483      
# span 18 =  1027.1448,  1033.7850      
# span 19 =  1027.1439,  1033.7838      
# span 20 =    33.7600,    34.6787      
# span 21 =    33.7590,    34.6771      
# span 22 =    7.72471,    8.24682      
# span 23 =         16,         51      
# span 24 = 0.0000e+00, 0.0000e+00      
# interval = decibars: 1                
# start_time = Nov 25 2021 04:33:36 [NMEA time, header]
# bad_flag = -9.990e-29
*END*
[from data line 1160]
    135.000    133.634     0.3380  28.945515     0.3456  28.952093     5.6781     5.5730     0.0624    97.7310 1.0000e-12  -64.93328  -64.40197 329.235122      99.98 0.0000e+00   3898.545      93566  1028.2587  1028.2580    34.4151    34.4152    7.97260         40 0.0000e+00
    134.000    132.644     0.3238  28.930230     0.3317  28.937279     5.7103     5.6005     0.0570    97.7296 1.0000e-12  -64.93328  -64.40196 329.235143      99.98 0.0000e+00   3900.399      93611  1028.2520  1028.2516    34.4116    34.4119    7.97574         41 0.0000e+00
    133.000    131.655     0.3013  28.905667     0.3038  28.907700     5.7144     5.6229     0.0643    97.7296 1.0000e-12  -64.93328  -64.40196 329.235162      99.98 0.0000e+00   3902.018      93649  1028.2435  1028.2433    34.4050    34.4049    7.98075         32 0.0000e+00
    132.000    130.664     0.2926  28.895452     0.2936  28.896054     5.7356     5.6341     0.0568    97.7296 1.0000e-12  -64.93328  -64.40196 329.235176      99.98 0.0000e+00   3903.168      93677  1028.2368  1028.2365    34.4019    34.4016    7.98274         24 0.0000e+00
    131.000    129.676     0.2812  28.882263     0.2814  28.881344     5.7209     5.6408     0.0505    97.7296 1.0000e-12  -64.93328  -64.40198 329.235187      99.98 0.0000e+00   3904.120      93700  1028.2296  1028.2284    34.3979    34.3965    7.98532         22 0.0000e+00
    130.000    128.686     0.2779  28.877708     0.2745  28.872819     5.7320     5.6426     0.0429    97.7202 1.0000e-12  -64.93328  -64.40198 329.235197      99.97 0.0000e+00   3905.024      93722  1028.2235  1028.2218    34.3962    34.3936    7.98610         22 0.0000e+00
    129.000    127.696     0.2690  28.866856     0.2688  28.865789     5.7360     5.6455     0.0604    97.6860 1.0000e-12  -64.93328  -64.40198 329.235208      99.98 0.0000e+00   3905.979      93745  1028.2163  1028.2154    34.3925    34.3914    7.98815         25 0.0000e+00
    128.000    126.705     0.2607  28.857063     0.2663  28.862765     5.7217     5.6503     0.0597    97.6883 1.0000e-12  -64.93328  -64.40198 329.235221      99.98 0.0000e+00   3907.118      93772  1028.2096  1028.2102    34.3895    34.3908    7.99004         30 0.0000e+00
    127.000    125.718     0.2608  28.858497     0.2591  28.854257     5.7193     5.6607     0.0703    97.7125 1.0000e-12  -64.93328  -64.40197 329.235238      99.98 0.0000e+00   3908.561      93806  1028.2065  1028.2037    34.3919    34.3882    7.98989         37 0.0000e+00
    126.000    124.727     0.2686  28.864008     0.2507  28.844309     5.7681     5.6693     0.0655    97.7160 1.0000e-12  -64.93328  -64.40196 329.235255      99.98 0.0000e+00   3910.073      93843  1028.2001  1028.1968    34.3910    34.3851    7.98832         34 0.0000e+00
    125.000    123.738     0.2427  28.837138     0.2438  28.837333     5.7637     5.6838     0.0706    97.7207 1.0000e-12  -64.93328  -64.40196 329.235270      99.97 0.0000e+00   3911.365      93874  1028.1928  1028.1918    34.3853    34.3842    7.99403         29 0.0000e+00
    124.000    122.748     0.2383  28.831940     0.2327  28.824668     5.8000     5.6917     0.0558    97.6825 1.0000e-12  -64.93328  -64.40196 329.235284      99.98 0.0000e+00   3912.557      93902  1028.1870  1028.1849    34.3838    34.3806    7.99500         26 0.0000e+00
    123.000    121.758     0.2229  28.815379     0.2228  28.814671     5.8003     5.6991     0.0497    97.7121 1.0000e-12  -64.93328  -64.40196 329.235298      99.98 0.0000e+00   3913.760      93931  1028.1803  1028.1795    34.3800    34.3791    7.99844         30 0.0000e+00
    122.000    120.770     0.2181  28.810352     0.2211  28.812478     5.8052     5.7081     0.0651    97.7040 1.0000e-12  -64.93328  -64.40196 329.235312      99.98 0.0000e+00   3914.996      93961  1028.1750  1028.1743    34.3793    34.3787    7.99946         27 0.0000e+00
    121.000    119.779     0.2158  28.807388     0.2167  28.807129     5.8191     5.7201     0.0743    97.7057 1.0000e-12  -64.93328  -64.40196 329.235326      99.98 0.0000e+00   3916.203      93990  1028.1698  1028.1686    34.3786    34.3772    7.99999         28 0.0000e+00
    120.000    118.791     0.2054  28.796075     0.2077  28.797518     5.8180     5.7294     0.0641    97.7048 1.0000e-12  -64.93328  -64.40196 329.235340      99.97 0.0000e+00   3917.343      94017  1028.1636  1028.1628    34.3759    34.3752    8.00229         27 0.0000e+00
    119.000    117.800     0.2012  28.791501     0.1982  28.787518     5.8176     5.7375     0.0569    97.7153 1.0000e-12  -64.93328  -64.40196 329.235352      99.98 0.0000e+00   3918.433      94043  1028.1584  1028.1571    34.3752    34.3733    8.00321         25 0.0000e+00
    118.000    116.811     0.1963  28.786347     0.1976  28.786585     5.8506     5.7483     0.0507    97.6936 1.0000e-12  -64.93328  -64.40196 329.235365      99.98 0.0000e+00   3919.529      94070  1028.1533  1028.1522    34.3745    34.3733    8.00427         27 0.0000e+00
    117.000    115.821     0.1927  28.782186     0.1937  28.782295     5.8447     5.7548     0.0675    97.6965 1.0000e-12  -64.93328  -64.40196 329.235379      99.98 0.0000e+00   3920.751      94099  1028.1479  1028.1471    34.3736    34.3727    8.00506         32 0.0000e+00
    116.000    114.831     0.1865  28.776202     0.1867  28.775094     5.8609     5.7670     0.0729    97.7214 1.0000e-12  -64.93328  -64.40196 329.235396      99.98 0.0000e+00   3922.216      94134  1028.1432  1028.1418    34.3733    34.3715    8.00638         37 0.0000e+00
    115.000    113.842     0.1815  28.770203     0.1812  28.768998     5.8965     5.7868     0.0617    97.7297 1.0000e-12  -64.93328  -64.40196 329.235414      99.98 0.0000e+00   3923.765      94171  1028.1373  1028.1363    34.3715    34.3702    8.00751         35 0.0000e+00
    114.000    112.852     0.1686  28.756873     0.1703  28.757357     5.8899     5.8042     0.0720    97.7269 1.0000e-12  -64.93328  -64.40196 329.235429      99.98 0.0000e+00   3925.104      94204  1028.1315  1028.1303    34.3691    34.3678    8.01035         29 0.0000e+00
    113.000    111.862     0.1642  28.751974     0.1579  28.744504     5.9387     5.8219     0.0649    97.7133 1.0000e-12  -64.93328  -64.40196 329.235443      99.98 0.0000e+00   3926.252      94231  1028.1261  1028.1244    34.3681    34.3652    8.01132         27 0.0000e+00
    112.000    110.872     0.1510  28.737968     0.1500  28.736025     5.9816     5.8454     0.0632    97.6998 1.0000e-12  -64.93328  -64.40196 329.235455      99.98 0.0000e+00   3927.330      94257  1028.1198  1028.1187    34.3650    34.3635    8.01424         25 0.0000e+00
    111.000    109.882     0.1305  28.716030     0.1300  28.715025     5.9634     5.8403     0.0590    97.6967 1.0000e-12  -64.93328  -64.40196 329.235468      99.98 0.0000e+00   3928.444      94284  1028.1123  1028.1116    34.3596    34.3588    8.01883         29 0.0000e+00
    110.000    108.894     0.1228  28.708640     0.1205  28.705634     5.9167     5.8257     0.0696    97.6905 1.0000e-12  -64.93329  -64.40196 329.235484      99.98 0.0000e+00   3929.833      94317  1028.1074  1028.1064    34.3591    34.3577    8.02047         35 0.0000e+00
    109.000    107.903     0.1415  28.727908     0.1491  28.733720     5.9408     5.8473     0.0733    97.7002 1.0000e-12  -64.93330  -64.40196 329.235508      99.98 0.0000e+00   3931.855      94366  1028.1049  1028.1035    34.3641    34.3633    8.01627         41 0.0000e+00
    108.000    106.914     0.1258  28.710259     0.1250  28.708274     6.0066     5.8911     0.0799    97.6904 1.0000e-12  -64.93330  -64.40196 329.235529      99.98 0.0000e+00   3933.744      94411  1028.0971  1028.0958    34.3590    34.3573    8.01983         39 0.0000e+00
    107.000    105.924     0.0943  28.676628     0.0949  28.676018     6.0453     5.9273     0.0814    97.6592 1.0000e-12  -64.93330  -64.40196 329.235547      99.98 0.0000e+00   3935.283      94448  1028.0879  1028.0867    34.3505    34.3490    8.02690         36 0.0000e+00
    106.000    104.935     0.0712  28.651445     0.0682  28.646348     6.0003     5.9310     0.0747    97.6757 1.0000e-12  -64.93330  -64.40196 329.235566      99.98 0.0000e+00   3936.908      94487  1028.0793  1028.0767    34.3438    34.3403    8.03212         43 0.0000e+00
    105.000    103.945     0.1002  28.680921     0.0814  28.662097     6.0061     5.9180     0.0731    97.6641 1.0000e-12  -64.93330  -64.40196 329.235594      99.98 0.0000e+00   3939.282      94544  1028.0773  1028.0757    34.3507    34.3469    8.02564         41 0.0000e+00
    104.000    102.955     0.0682  28.645794     0.0649  28.640070     6.1144     5.9863     0.0843    97.6738 1.0000e-12  -64.93330  -64.40196 329.235623      99.98 0.0000e+00   3941.803      94604  1028.0670  1028.0641    34.3408    34.3369    8.03291         39 0.0000e+00
    103.000    101.966     0.0290  28.605811     0.0268  28.602868     6.1007     5.9844     0.0798    97.6684 1.0000e-12  -64.93330  -64.40196 329.235644      99.98 0.0000e+00   3943.637      94648  1028.0583  1028.0572    34.3324    34.3310    8.04160         33 0.0000e+00
    102.000    100.972     0.0385  28.616646     0.0494  28.625504     6.0816     5.9660     0.0724    97.6573 1.0000e-12  -64.93330  -64.40195 329.235674      99.98 0.0000e+00   3946.263      94711  1028.0556  1028.0545    34.3367    34.3363    8.03936         27 0.0000e+00
    101.000     99.987     0.0329  28.609000     0.0484  28.623338     6.1105     6.0025     0.0731    97.6581 1.0000e-12  -64.93330  -64.40195 329.235716      99.98 0.0000e+00   3949.893      94798  1028.0482  1028.0485    34.3335    34.3351    8.04072         36 0.0000e+00
    100.000     98.997     0.0240  28.599000     0.0237  28.597558     6.1349     6.0336     0.0627    97.6523 1.0000e-12  -64.93330  -64.40196 329.235737      99.97 0.0000e+00   3951.680      94841  1028.0420  1028.0409    34.3309    34.3293    8.04274         35 0.0000e+00
     99.000     98.006     0.0104  28.584936     0.0031  28.576215     6.1097     6.0168     0.0705    97.6374 1.0000e-12  -64.93330  -64.40196 329.235754      99.98 0.0000e+00   3953.190      94878  1028.0358  1028.0340    34.3280    34.3247    8.04575         39 0.0000e+00
     98.000     97.016     0.0327  28.607620     0.0286  28.603294     6.1106     6.0116     0.0771    97.6374 1.0000e-12  -64.93330  -64.40195 329.235810      99.98 0.0000e+00   3957.988      94993  1028.0335  1028.0331    34.3337    34.3326    8.04074         38 0.0000e+00
     97.000     96.026     0.0241  28.597989     0.0249  28.597826     6.1772     6.0562     0.0601    97.6378 1.0000e-12  -64.93330  -64.40195 329.235843      99.98 0.0000e+00   3960.844      95061  1028.0274  1028.0265    34.3312    34.3301    8.04269         32 0.0000e+00
     96.000     95.038    -0.0023  28.569594    -0.0070  28.563663     6.1895     6.0567     0.0589    97.6256 1.0000e-12  -64.93330  -64.40196 329.235859      99.98 0.0000e+00   3962.177      95093  1028.0188  1028.0171    34.3238    34.3212    8.04866         36 0.0000e+00
     95.000     94.047     0.0002  28.572300     0.0073  28.578984     6.1399     6.0433     0.0731    97.6291 1.0000e-12  -64.93331  -64.40195 329.235917      99.98 0.0000e+00   3967.188      95214  1028.0146  1028.0148    34.3252    34.3261    8.04806         41 0.0000e+00
     94.000     93.058     0.0007  28.572045     0.0015  28.570939     6.2057     6.0873     0.0605    97.6388 1.0000e-12  -64.93330  -64.40195 329.235954      99.97 0.0000e+00   3970.389      95290  1028.0094  1028.0076    34.3249    34.3225    8.04797         39 0.0000e+00
     93.000     92.067    -0.0200  28.549515    -0.0277  28.540856     6.1816     6.0870     0.0804    97.6311 1.0000e-12  -64.93330  -64.40196 329.235977      99.98 0.0000e+00   3972.454      95340  1028.0014  1027.9997    34.3188    34.3160    8.05266         37 0.0000e+00
     92.000     91.080    -0.0035  28.567340    -0.0068  28.562088     6.1509     6.0765     0.0935    97.6403 1.0000e-12  -64.93331  -64.40194 329.236034      99.98 0.0000e+00   3977.298      95456  1027.9997  1027.9974    34.3246    34.3213    8.04887         21 0.0000e+00
     91.000     90.087    -0.0161  28.552713    -0.0265  28.539144     6.1993     6.1402     0.0963    97.6191 1.0000e-12  -64.93332  -64.40195 329.236104      99.97 0.0000e+00   3983.389      95602  1027.9920  1027.9876    34.3200    34.3135    8.05179         31 0.0000e+00
     90.000     89.098    -0.0696  28.495952    -0.0794  28.485031     6.3159     6.2632     0.0742    97.5407 1.0000e-12  -64.93332  -64.40195 329.236523      99.98 0.0000e+00   4019.627      96472  1027.9764  1027.9741    34.3053    34.3017    8.06388         37 0.0000e+00
     89.000     88.108    -0.1021  28.460486    -0.1090  28.451615     6.3975     6.3126     0.0698    97.5571 1.0000e-12  -64.93332  -64.40196 329.236536      99.98 0.0000e+00   4020.669      96497  1027.9664  1027.9635    34.2952    34.2912    8.07130         33 0.0000e+00
     88.000     87.119    -0.1251  28.435202    -0.1392  28.418457     6.4514     6.3363     0.0888    97.5093 1.0000e-12  -64.93332  -64.40196 329.236553      99.98 0.0000e+00   4022.138      96532  1027.9577  1027.9534    34.2881    34.2815    8.07657         39 0.0000e+00
     87.000     86.129    -0.1447  28.413750    -0.1470  28.409689     6.4690     6.3508     0.1061    97.4842 1.0000e-12  -64.93332  -64.40195 329.236574      99.98 0.0000e+00   4024.033      96578  1027.9496  1027.9473    34.2821    34.2793    8.08105         41 0.0000e+00
     86.000     85.139    -0.1479  28.409100    -0.1542  28.400916     6.5041     6.3859     0.1216    97.4640 1.0000e-12  -64.93332  -64.40194 329.236600      99.98 0.0000e+00   4026.256      96631  1027.9434  1027.9406    34.2802    34.2764    8.08184         43 0.0000e+00
     85.000     84.150    -0.1523  28.402878    -0.1545  28.399543     6.5777     6.4485     0.1035    97.4765 1.0000e-12  -64.93332  -64.40194 329.236619      99.98 0.0000e+00   4027.864      96670  1027.9365  1027.9351    34.2774    34.2755    8.08292         32 0.0000e+00
     84.000     83.161    -0.1234  28.424648    -0.1213  28.425550     6.6497     6.4949     0.0869    97.4589 1.0000e-12  -64.93332  -64.40195 329.236632      99.97 0.0000e+00   4028.998      96697  1027.9272  1027.9259    34.2746    34.2734    8.07697         24 0.0000e+00
     83.000     82.171    -0.1020  28.439423    -0.0932  28.444268     6.6833     6.5366     0.0726    97.3371 1.0000e-12  -64.93332  -64.40196 329.236643      99.97 0.0000e+00   4029.982      96721  1027.9177  1027.9141    34.2708    34.2673    8.07267         23 0.0000e+00
     82.000     81.180    -0.0907  28.445695    -0.0905  28.443881     6.6429     6.5444     0.0919    97.2080 1.0000e-12  -64.93332  -64.40196 329.236655      99.97 0.0000e+00   4030.976      96744  1027.9091  1027.9069    34.2670    34.2644    8.07048         26 0.0000e+00
     81.000     80.190    -0.1046  28.431487    -0.0993  28.429476     6.6518     6.5201     0.1366    97.1480 1.0000e-12  -64.93332  -64.40196 329.236669      99.98 0.0000e+00   4032.183      96773  1027.9034  1027.8961    34.2643    34.2558    8.07357         34 0.0000e+00
     80.000     79.201    -0.1022  28.434796    -0.1059  28.429598     6.6926     6.5504     0.1592    97.0365 1.0000e-12  -64.93332  -64.40194 329.236690      99.98 0.0000e+00   4034.003      96817  1027.9005  1027.8985    34.2667    34.2639    8.07294         49 0.0000e+00
     79.000     78.211    -0.1055  28.425130    -0.1059  28.423148     6.9157     6.6789     0.1645    97.0128 1.0000e-12  -64.93332  -64.40194 329.236714      99.97 0.0000e+00   4036.104      96867  1027.8892  1027.8874    34.2582    34.2559    8.07412         43 0.0000e+00
