NBP2113_155081_ctd/data/unbp2113_039.cnv
* Sea-Bird SBE 9 Data File:
* FileName = D:\Data\raw\NBP2113_039.hex
* Software Version Seasave V 7.26.7.121
* Temperature SN = 2438
* Conductivity SN = 2067
* Number of Bytes Per Scan = 40
* Number of Voltage Words = 5
* Number of Scans Averaged by the Deck Unit = 1
* NMEA Latitude = 64 52.75 S
* NMEA Longitude = 063 56.20 W
* NMEA UTC (Time) = Dec 10 2021  11:48:20
* NMEA baud rate = 9600
** Ship: RVIB N.B. Palmer
** Cruise: NBP2113 LTER
** Station: 619.027
** Operator: B. Urmston
# nquan = 25
# nvalues = 269                         
# units = specified
# name 0 = prDM: Pressure, Digiquartz [db]
# name 1 = depSM: Depth [salt water, m]
# name 2 = t090C: Temperature [ITS-90, deg C]
# name 3 = c0mS/cm: Conductivity [mS/cm]
# name 4 = t190C: Temperature, 2 [ITS-90, deg C]
# name 5 = c1mS/cm: Conductivity, 2 [mS/cm]
# name 6 = sbeox0ML/L: Oxygen, SBE 43 [ml/l]
# name 7 = sbeox1ML/L: Oxygen, SBE 43, 2 [ml/l]
# name 8 = flECO-AFL: Fluorescence, WET Labs ECO-AFL/FL [mg/m^3]
# name 9 = CStarTr0: Beam Transmission, WET Labs C-Star [%]
# name 10 = par: PAR/Irradiance, Biospherical/Licor
# name 11 = latitude: Latitude [deg]
# name 12 = longitude: Longitude [deg]
# name 13 = timeJ: Julian Days
# name 14 = altM: Altimeter [m]
# name 15 = spar: SPAR, Biospherical/Licor
# name 16 = timeS: Time, Elapsed [seconds]
# name 17 = scan: Scan Count
# name 18 = density00: Density [density, kg/m^3]
# name 19 = density11: Density, 2 [density, kg/m^3]
# name 20 = sal00: Salinity, Practical [PSU]
# name 21 = sal11: Salinity, Practical, 2 [PSU]
# name 22 = oxsolML/L: Oxygen Saturation, Garcia & Gordon [ml/l]
# name 23 = nbin: number of scans per bin
# name 24 = flag: flag
# span 0 =      1.000,    269.000       
# span 1 =      0.990,    266.193       
# span 2 =    -0.3402,     1.2157       
# span 3 =  27.883384,  29.915508       
# span 4 =    -0.3405,     1.2167       
# span 5 =  27.881627,  29.916626       
# span 6 =     4.4085,     9.6375       
# span 7 =     4.4780,     9.8454       
# span 8 =    -0.0077,     1.5275       
# span 9 =    89.3093,    94.9695       
# span 10 = 1.0000e-12, 3.9893e+02      
# span 11 =  -64.87890,  -64.87844      
# span 12 =  -63.93684,  -63.93680      
# span 13 = 344.501485, 344.510098      
# span 14 =       9.02,      99.98      
# span 15 = 2.9088e+02, 3.2966e+02      
# span 16 =    828.309,   1572.441      
# span 17 =      19880,      37740      
# span 18 =  1027.1954,  1028.9941      
# span 19 =  1027.1938,  1028.9931      
# span 20 =    33.8455,    34.6194      
# span 21 =    33.8435,    34.6180      
# span 22 =    7.78359,    8.14757      
# span 23 =         16,         47      
# span 24 = 0.0000e+00, 0.0000e+00      
# interval = decibars: 1                
# start_time = Dec 10 2021 11:48:20 [NMEA time, header]
# bad_flag = -9.990e-29
*END*
[from data line 58]
    211.000    208.826     0.8689  29.514907     0.8632  29.508215     4.9241     5.0015     0.0289    94.8018 1.0000e-12  -64.87890  -63.93682 344.503083      67.15 3.1418e+02    966.342      23193  1028.6672  1028.6659    34.5204    34.5181    7.85835         41 0.0000e+00
    210.000    207.838     0.8698  29.515992     0.8620  29.506442     4.9238     4.9971     0.0280    94.8214 1.0000e-12  -64.87890  -63.93680 344.503106      68.11 3.1378e+02    968.399      23243  1028.6631  1028.6608    34.5214    34.5177    7.85811         42 0.0000e+00
    209.000    206.846     0.8719  29.517620     0.8702  29.514613     4.9243     4.9925     0.0298    94.7679 1.0000e-12  -64.87890  -63.93682 344.503154      68.92 3.1510e+02    972.514      23341  1028.6584  1028.6569    34.5218    34.5198    7.85768         29 0.0000e+00
    208.000    205.859     0.8668  29.512098     0.8663  29.510103     4.9456     5.0086     0.0237    94.8259 1.0000e-12  -64.87890  -63.93683 344.503184      69.99 3.1558e+02    975.136      23404  1028.6534  1028.6517    34.5209    34.5188    7.85875         37 0.0000e+00
    207.000    204.869     0.8587  29.503394     0.8586  29.502172     4.9578     5.0244     0.0251    94.8392 1.0000e-12  -64.87890  -63.93684 344.503199      70.54 3.1556e+02    976.402      23435  1028.6480  1028.6468    34.5192    34.5177    7.86047         29 0.0000e+00
    206.000    203.881     0.8449  29.487077     0.8420  29.483016     4.9601     5.0216     0.0218    94.8229 1.0000e-12  -64.87890  -63.93683 344.503214      71.80 3.1556e+02    977.703      23466  1028.6404  1028.6390    34.5140    34.5120    7.86355         36 0.0000e+00
    205.000    202.892     0.8567  29.499216     0.8528  29.494088     4.9528     5.0168     0.0249    94.8390 1.0000e-12  -64.87890  -63.93682 344.503261      73.29 3.1556e+02    981.717      23562  1028.6368  1028.6353    34.5171    34.5148    7.86098         37 0.0000e+00
    204.000    201.904     0.8549  29.496921     0.8517  29.492262     4.9460     5.0130     0.0251    94.8488 1.0000e-12  -64.87890  -63.93682 344.503300      74.18 3.1556e+02    985.135      23644  1028.6320  1028.6302    34.5169    34.5143    7.86138         35 0.0000e+00
    203.000    200.913     0.8567  29.498423     0.8530  29.493515     4.9525     5.0243     0.0334    94.8498 1.0000e-12  -64.87890  -63.93682 344.503345      75.68 3.1556e+02    989.010      23737  1028.6274  1028.6260    34.5173    34.5151    7.86098         37 0.0000e+00
    202.000    199.923     0.8452  29.485617     0.8437  29.482878     4.9889     5.0447     0.0309    94.8540 1.0000e-12  -64.87890  -63.93684 344.503372      76.32 3.1607e+02    991.362      23794  1028.6213  1028.6198    34.5142    34.5123    7.86349         37 0.0000e+00
    201.000    198.933     0.8311  29.469963     0.8330  29.470665     4.9917     5.0417     0.0325    94.8534 1.0000e-12  -64.87890  -63.93683 344.503454      77.61 3.1620e+02    998.429      23963  1028.6145  1028.6133    34.5101    34.5090    7.86654         33 0.0000e+00
    200.000    197.946     0.8207  29.457807     0.8209  29.456860     5.0006     5.0690     0.0261    94.8441 1.0000e-12  -64.87888  -63.93683 344.504151      78.88 3.0166e+02   1058.625      25408  1028.6073  1028.6060    34.5065    34.5051    7.86885         30 0.0000e+00
    199.000    196.955     0.8217  29.458256     0.8207  29.455927     5.0019     5.0689     0.0329    94.8339 1.0000e-12  -64.87888  -63.93682 344.504182      80.28 2.9975e+02   1061.302      25472  1028.6024  1028.6010    34.5066    34.5047    7.86864         47 0.0000e+00
    198.000    195.967     0.8220  29.458250     0.8223  29.457397     4.9980     5.0681     0.0272    94.8467 1.0000e-12  -64.87888  -63.93680 344.504218      81.23 2.9824e+02   1064.445      25548  1028.5978  1028.5966    34.5068    34.5054    7.86857         41 0.0000e+00
    197.000    194.978     0.8208  29.456495     0.8220  29.456348     5.0089     5.0813     0.0375    94.8214 1.0000e-12  -64.87887  -63.93681 344.504247      81.91 2.9792e+02   1066.931      25607  1028.5929  1028.5916    34.5065    34.5050    7.86883         36 0.0000e+00
    196.000    193.989     0.8177  29.452743     0.8177  29.451534     5.0315     5.0927     0.0318    94.7942 1.0000e-12  -64.87886  -63.93682 344.504263      82.96 2.9793e+02   1068.320      25641  1028.5879  1028.5865    34.5057    34.5041    7.86951         26 0.0000e+00
    195.000    192.999     0.8103  29.444116     0.8098  29.442492     5.0411     5.0983     0.0348    94.8280 1.0000e-12  -64.87886  -63.93684 344.504274      83.18 2.9677e+02   1069.240      25663  1028.5819  1028.5807    34.5033    34.5018    7.87113         20 0.0000e+00
    194.000    192.010     0.8071  29.440031     0.8069  29.438679     5.0426     5.1019     0.0288    94.8443 1.0000e-12  -64.87886  -63.93684 344.504282      84.01 2.9615e+02   1070.012      25681  1028.5765  1028.5753    34.5021    34.5006    7.87183         17 0.0000e+00
    193.000    191.021     0.8031  29.435136     0.8022  29.433074     5.0474     5.1055     0.0237    94.8365 1.0000e-12  -64.87886  -63.93684 344.504291      85.29 2.9616e+02   1070.711      25698  1028.5711  1028.5698    34.5008    34.4992    7.87271         17 0.0000e+00
    192.000    190.031     0.8011  29.432184     0.8006  29.430492     5.0476     5.1096     0.0225    94.7938 1.0000e-12  -64.87886  -63.93684 344.504299      86.96 2.9616e+02   1071.401      25715  1028.5657  1028.5645    34.4999    34.4983    7.87318         16 0.0000e+00
    191.000    189.041     0.7998  29.430559     0.8001  29.429644     5.0506     5.1079     0.0290    94.8190 1.0000e-12  -64.87886  -63.93684 344.504307      87.39 2.9616e+02   1072.119      25732  1028.5610  1028.5597    34.4998    34.4982    7.87344         18 0.0000e+00
    190.000    188.052     0.7975  29.427577     0.7971  29.426024     5.0459     5.1048     0.0289    94.8211 1.0000e-12  -64.87886  -63.93683 344.504316      88.27 2.9608e+02   1072.909      25751  1028.5559  1028.5546    34.4990    34.4975    7.87395         21 0.0000e+00
    189.000    187.063     0.7976  29.427068     0.7973  29.425000     5.0430     5.1048     0.0407    94.7969 1.0000e-12  -64.87886  -63.93682 344.504327      89.05 2.9452e+02   1073.881      25774  1028.5509  1028.5491    34.4989    34.4966    7.87394         27 0.0000e+00
    188.000    186.073     0.8010  29.430273     0.7992  29.427310     5.0407     5.0995     0.0344    94.7885 1.0000e-12  -64.87886  -63.93680 344.504347      91.55 2.9340e+02   1075.544      25814  1028.5466  1028.5453    34.4999    34.4980    7.87320         34 0.0000e+00
    187.000    185.085     0.8020  29.431011     0.8021  29.430114     5.0478     5.1111     0.0343    94.8249 1.0000e-12  -64.87886  -63.93680 344.504382      92.62 2.9265e+02   1078.621      25888  1028.5419  1028.5410    34.5002    34.4990    7.87297         34 0.0000e+00
    186.000    184.095     0.7982  29.427000     0.8002  29.427365     5.0858     5.1364     0.0354    94.8159 1.0000e-12  -64.87886  -63.93681 344.504398      93.16 2.9264e+02   1080.024      25922  1028.5373  1028.5358    34.4998    34.4982    7.87376         27 0.0000e+00
    185.000    183.104     0.7879  29.415506     0.7918  29.418695     5.1093     5.1509     0.0289    94.8280 1.0000e-12  -64.87886  -63.93682 344.504410      93.66 2.9264e+02   1081.015      25945  1028.5312  1028.5307    34.4970    34.4969    7.87600         22 0.0000e+00
    184.000    182.119     0.7722  29.396844     0.7743  29.398303     5.1325     5.1720     0.0148    94.8320 1.0000e-12  -64.87886  -63.93682 344.504420      94.69 2.9264e+02   1081.868      25966  1028.5230  1028.5225    34.4909    34.4905    7.87952         19 0.0000e+00
    183.000    181.127     0.7658  29.389844     0.7663  29.388804     5.1456     5.1824     0.0223    94.8200 1.0000e-12  -64.87886  -63.93683 344.504429      95.74 2.9264e+02   1082.662      25985  1028.5177  1028.5161    34.4895    34.4876    7.88089         19 0.0000e+00
    182.000    180.137     0.7538  29.376050     0.7569  29.378515     5.1380     5.1800     0.0303    94.8039 1.0000e-12  -64.87886  -63.93684 344.504438      96.92 2.9264e+02   1083.444      26004  1028.5109  1028.5104    34.4856    34.4853    7.88355         19 0.0000e+00
    181.000    179.150     0.7474  29.368291     0.7492  29.369202     5.1268     5.1720     0.0365    94.7783 1.0000e-12  -64.87886  -63.93682 344.504448      97.24 2.9256e+02   1084.286      26024  1028.5046  1028.5038    34.4831    34.4823    7.88497         21 0.0000e+00
    180.000    178.158     0.7477  29.366990     0.7501  29.368339     5.1339     5.1724     0.0430    94.7684 1.0000e-12  -64.87886  -63.93682 344.504459      99.17 2.9121e+02   1085.289      26048  1028.4986  1028.4977    34.4817    34.4809    7.88499         27 0.0000e+00
    179.000    177.171     0.7518  29.373055     0.7655  29.385722     5.1563     5.1881     0.0418    94.8270 1.0000e-12  -64.87886  -63.93682 344.504474      99.68 2.9088e+02   1086.593      26079  1028.4965  1028.4961    34.4857    34.4868    7.88395         33 0.0000e+00
    178.000    176.181     0.7373  29.355241     0.7519  29.371579     5.1719     5.2096     0.0361    94.8469 1.0000e-12  -64.87886  -63.93682 344.504491      99.76 2.9088e+02   1088.012      26113  1028.4878  1028.4905    34.4793    34.4842    7.88724         32 0.0000e+00
    177.000    175.192     0.7231  29.340191     0.7318  29.348474     5.1903     5.2291     0.0438    94.8252 1.0000e-12  -64.87886  -63.93682 344.504505      99.98 2.9088e+02   1089.250      26143  1028.4818  1028.4820    34.4761    34.4772    7.89030         26 0.0000e+00
    176.000    174.202     0.7229  29.340169     0.7146  29.330006     5.2038     5.2500     0.0422    94.7976 1.0000e-12  -64.87886  -63.93682 344.504519      99.97 2.9088e+02   1090.406      26171  1028.4774  1028.4751    34.4769    34.4729    7.89029         28 0.0000e+00
    175.000    173.212     0.6987  29.313869     0.7001  29.314156     5.2052     5.2505     0.0363    94.8131 1.0000e-12  -64.87886  -63.93682 344.504533      99.97 2.9088e+02   1091.612      26200  1028.4695  1028.4685    34.4703    34.4691    7.89558         31 0.0000e+00
    174.000    172.224     0.6948  29.308752     0.6957  29.308887     5.2006     5.2519     0.0486    94.8173 1.0000e-12  -64.87886  -63.93682 344.504547      99.97 2.9088e+02   1092.898      26231  1028.4635  1028.4628    34.4685    34.4676    7.89646         31 0.0000e+00
    173.000    171.233     0.6950  29.308961     0.6957  29.308214     5.2044     5.2546     0.0567    94.8233 1.0000e-12  -64.87886  -63.93682 344.504562      99.97 2.9088e+02   1094.179      26261  1028.4590  1028.4576    34.4691    34.4674    7.89639         30 0.0000e+00
    172.000    170.245     0.6897  29.302736     0.6921  29.304090     5.1957     5.2601     0.0416    94.8473 1.0000e-12  -64.87886  -63.93682 344.504577      99.97 2.9088e+02   1095.438      26292  1028.4533  1028.4524    34.4675    34.4666    7.89756         30 0.0000e+00
    171.000    169.256     0.6891  29.301779     0.6901  29.301635     5.1928     5.2627     0.0361    94.8595 1.0000e-12  -64.87886  -63.93682 344.504592      99.97 2.9088e+02   1096.750      26323  1028.4484  1028.4473    34.4675    34.4662    7.89767         32 0.0000e+00
    170.000    168.265     0.6896  29.301934     0.6898  29.301011     5.1962     5.2629     0.0406    94.8365 1.0000e-12  -64.87886  -63.93682 344.504607      99.97 2.9244e+02   1098.076      26355  1028.4437  1028.4426    34.4678    34.4663    7.89756         32 0.0000e+00
    169.000    167.277     0.6904  29.302282     0.6898  29.300522     5.1867     5.2611     0.0385    94.8536 1.0000e-12  -64.87886  -63.93684 344.504621      99.97 2.9264e+02   1099.278      26384  1028.4389  1028.4377    34.4680    34.4663    7.89740         26 0.0000e+00
    168.000    166.287     0.6904  29.302163     0.6898  29.300307     5.1962     5.2637     0.0362    94.8446 1.0000e-12  -64.87886  -63.93684 344.504633      99.97 2.9264e+02   1100.308      26408  1028.4344  1028.4332    34.4683    34.4666    7.89736         24 0.0000e+00
    167.000    165.297     0.6885  29.299957     0.6873  29.297486     5.2246     5.2951     0.0405    94.8445 1.0000e-12  -64.87886  -63.93684 344.504645      99.97 2.9264e+02   1101.305      26432  1028.4297  1028.4284    34.4682    34.4664    7.89776         24 0.0000e+00
    166.000    164.308     0.6724  29.283302     0.6761  29.286055     5.2664     5.2990     0.0393    94.8430 1.0000e-12  -64.87886  -63.93684 344.504657      99.97 2.9264e+02   1102.401      26459  1028.4238  1028.4231    34.4650    34.4645    7.90121         29 0.0000e+00
    165.000    163.319     0.6592  29.267568     0.6511  29.256913     5.2480     5.2838     0.0468    94.8158 1.0000e-12  -64.87885  -63.93683 344.504673      99.97 2.9270e+02   1103.725      26490  1028.4160  1028.4129    34.4599    34.4551    7.90419         36 0.0000e+00
    164.000    162.330     0.6615  29.267826     0.6788  29.284361     5.2104     5.2826     0.0502    94.8141 1.0000e-12  -64.87884  -63.93681 344.504694      99.97 2.9444e+02   1105.555      26534  1028.4097  1028.4098    34.4583    34.4605    7.90381         31 0.0000e+00
    163.000    161.339     0.6783  29.287935     0.6852  29.292667     5.2503     5.2923     0.0436    94.8247 1.0000e-12  -64.87884  -63.93681 344.504732      99.98 2.9500e+02   1108.802      26612  1028.4096  1028.4078    34.4663    34.4648    7.89995         39 0.0000e+00
    162.000    160.351     0.6505  29.256491     0.6668  29.273227     5.3038     5.3352     0.0436    94.8368 1.0000e-12  -64.87884  -63.93682 344.504755      99.97 2.9622e+02   1110.812      26660  1028.3998  1028.4014    34.4569    34.4606    7.90612         33 0.0000e+00
    161.000    159.361     0.6357  29.239485     0.6387  29.241240     5.3048     5.3480     0.0436    94.8340 1.0000e-12  -64.87884  -63.93684 344.504770      99.97 2.9616e+02   1112.105      26692  1028.3922  1028.3913    34.4518    34.4508    7.90942         29 0.0000e+00
    160.000    158.371     0.6316  29.233958     0.6330  29.234462     5.2969     5.3498     0.0396    94.8237 1.0000e-12  -64.87884  -63.93684 344.504784      99.97 2.9789e+02   1113.307      26720  1028.3861  1028.3853    34.4499    34.4490    7.91037         29 0.0000e+00
    159.000    157.382     0.6327  29.234560     0.6326  29.233393     5.2896     5.3482     0.0411    94.8200 1.0000e-12  -64.87884  -63.93684 344.504798      99.97 2.9793e+02   1114.579      26751  1028.3811  1028.3801    34.4500    34.4486    7.91013         33 0.0000e+00
    158.000    156.392     0.6370  29.238158     0.6360  29.236631     5.2716     5.3462     0.0501    94.7872 1.0000e-12  -64.87884  -63.93683 344.504817      99.98 2.9793e+02   1116.185      26789  1028.3763  1028.3758    34.4505    34.4496    7.90924         40 0.0000e+00
    157.000    155.402     0.6394  29.241409     0.6399  29.240228     5.2754     5.3456     0.0482    94.7992 1.0000e-12  -64.87884  -63.93681 344.504857      99.98 2.9950e+02   1119.620      26872  1028.3729  1028.3711    34.4526    34.4505    7.90862         28 0.0000e+00
    156.000    154.414     0.6359  29.237011     0.6373  29.237198     5.2851     5.3518     0.0494    94.8178 1.0000e-12  -64.87884  -63.93682 344.504900      99.98 3.0220e+02   1123.381      26962  1028.3673  1028.3663    34.4514    34.4501    7.90940         39 0.0000e+00
    155.000    153.425     0.6350  29.235046     0.6346  29.233169     5.2807     5.3628     0.0588    94.8127 1.0000e-12  -64.87884  -63.93682 344.504918      99.97 3.0322e+02   1124.925      26999  1028.3619  1028.3604    34.4505    34.4485    7.90965         36 0.0000e+00
