NBP2113_155081_ctd/data/unbp2113_063.cnv
* Sea-Bird SBE 9 Data File:
* FileName = D:\Data\raw\NBP2113_063.hex
* Software Version Seasave V 7.26.7.121
* Temperature SN = 2438
* Conductivity SN = 2067
* Number of Bytes Per Scan = 40
* Number of Voltage Words = 5
* Number of Scans Averaged by the Deck Unit = 1
* NMEA Latitude = 64 46.92 S
* NMEA Longitude = 063 01.99 W
* NMEA UTC (Time) = Dec 14 2021  04:14:20
* NMEA baud rate = 9600
** Ship: RVIB N.B. Palmer
** Cruise: NBP2113 LTER
** Station: 655.002
** Operator: B. Urmston
# nquan = 25
# nvalues = 221                         
# units = specified
# name 0 = prDM: Pressure, Digiquartz [db]
# name 1 = depSM: Depth [salt water, m]
# name 2 = t090C: Temperature [ITS-90, deg C]
# name 3 = c0mS/cm: Conductivity [mS/cm]
# name 4 = t190C: Temperature, 2 [ITS-90, deg C]
# name 5 = c1mS/cm: Conductivity, 2 [mS/cm]
# name 6 = sbeox0ML/L: Oxygen, SBE 43 [ml/l]
# name 7 = sbeox1ML/L: Oxygen, SBE 43, 2 [ml/l]
# name 8 = flECO-AFL: Fluorescence, WET Labs ECO-AFL/FL [mg/m^3]
# name 9 = CStarTr0: Beam Transmission, WET Labs C-Star [%]
# name 10 = par: PAR/Irradiance, Biospherical/Licor
# name 11 = latitude: Latitude [deg]
# name 12 = longitude: Longitude [deg]
# name 13 = timeJ: Julian Days
# name 14 = altM: Altimeter [m]
# name 15 = spar: SPAR, Biospherical/Licor
# name 16 = timeS: Time, Elapsed [seconds]
# name 17 = scan: Scan Count
# name 18 = density00: Density [density, kg/m^3]
# name 19 = density11: Density, 2 [density, kg/m^3]
# name 20 = sal00: Salinity, Practical [PSU]
# name 21 = sal11: Salinity, Practical, 2 [PSU]
# name 22 = oxsolML/L: Oxygen Saturation, Garcia & Gordon [ml/l]
# name 23 = nbin: number of scans per bin
# name 24 = flag: flag
# span 0 =      1.000,    221.000       
# span 1 =      0.991,    218.720       
# span 2 =    -0.3251,     0.5487       
# span 3 =  28.454438,  29.166991       
# span 4 =    -0.3247,     0.5359       
# span 5 =  28.450925,  29.154014       
# span 6 =     5.2015,     7.8973       
# span 7 =     5.3114,     8.4972       
# span 8 =    -0.0151,     1.7303       
# span 9 =    83.4172,    90.0986       
# span 10 = 1.0000e-12, 3.7797e+00      
# span 11 =  -64.78200,  -64.78198      
# span 12 =  -63.03356,  -63.03338      
# span 13 = 348.186183, 348.192724      
# span 14 =      10.07,     100.09      
# span 15 = 0.0000e+00, 0.0000e+00      
# span 16 =    826.219,   1391.315      
# span 17 =      19830,      33393      
# span 18 =  1027.3359,  1028.7607      
# span 19 =  1027.3329,  1028.7595      
# span 20 =    34.0502,    34.4909      
# span 21 =    34.0464,    34.4887      
# span 22 =    7.92522,    8.10774      
# span 23 =         25,         48      
# span 24 = 0.0000e+00, 0.0000e+00      
# interval = decibars: 1                
# start_time = Dec 14 2021 04:14:20 [NMEA time, header]
# bad_flag = -9.990e-29
*END*
[from data line 116]
    105.000    103.944     0.5487  29.166991     0.4839  29.109152     5.2015     5.3162     0.0531    90.0765 1.0000e-12  -64.78200  -63.03348 348.189728      99.97 0.0000e+00   1132.480      27181  1028.1575  1028.1597    34.4878    34.4846    7.92522         32 0.0000e+00
    104.000    102.958     0.5404  29.158843     0.5359  29.154014     5.2336     5.3114     0.0585    90.0986 1.0000e-12  -64.78200  -63.03348 348.189767      99.97 0.0000e+00   1135.834      27261  1028.1537  1028.1522    34.4869    34.4857    7.92695         26 0.0000e+00
    103.000    101.966     0.5247  29.140810     0.5208  29.135934     5.2618     5.3307     0.0669    90.0899 1.0000e-12  -64.78200  -63.03347 348.189806      99.97 0.0000e+00   1139.197      27342  1028.1466  1028.1448    34.4816    34.4796    7.93048         34 0.0000e+00
    102.000    100.975     0.5230  29.138469     0.5176  29.131556     5.2580     5.3294     0.0580    90.0713 1.0000e-12  -64.78200  -63.03347 348.189844      99.97 0.0000e+00   1142.560      27422  1028.1419  1028.1395    34.4810    34.4780    7.93086         36 0.0000e+00
    101.000     99.986     0.5151  29.129484     0.5113  29.125028     5.2631     5.3392     0.0577    90.0857 1.0000e-12  -64.78200  -63.03347 348.189925      99.97 0.0000e+00   1149.502      27589  1028.1360  1028.1348    34.4787    34.4771    7.93260         30 0.0000e+00
    100.000     98.995     0.4917  29.105814     0.4883  29.102078     5.2836     5.3590     0.0565    90.0560 1.0000e-12  -64.78200  -63.03346 348.190185      99.97 0.0000e+00   1171.954      28128  1028.1295  1028.1288    34.4745    34.4733    7.93764         38 0.0000e+00
     99.000     98.008     0.4949  29.109959     0.4924  29.107574     5.2918     5.3675     0.0539    90.0562 1.0000e-12  -64.78200  -63.03346 348.190205      99.97 0.0000e+00   1173.690      28170  1028.1264  1028.1263    34.4769    34.4766    7.93685         40 0.0000e+00
     98.000     97.018     0.4841  29.098812     0.4803  29.094415     5.3351     5.3896     0.0537    90.0416 1.0000e-12  -64.78200  -63.03346 348.190223      99.97 0.0000e+00   1175.288      28208  1028.1211  1028.1202    34.4750    34.4735    7.93916         36 0.0000e+00
     97.000     96.028     0.4674  29.081954     0.4634  29.076744     5.3532     5.4106     0.0470    90.0336 1.0000e-12  -64.78200  -63.03346 348.190240      99.97 0.0000e+00   1176.694      28242  1028.1155  1028.1139    34.4722    34.4698    7.94275         31 0.0000e+00
     96.000     95.038     0.4496  29.063165     0.4455  29.058354     5.3738     5.4226     0.0555    90.0220 1.0000e-12  -64.78200  -63.03346 348.190254      99.97 0.0000e+00   1177.971      28272  1028.1089  1028.1078    34.4681    34.4664    7.94663         31 0.0000e+00
     95.000     94.050     0.4414  29.054440     0.4376  29.049547     5.3744     5.4295     0.0548    90.0065 1.0000e-12  -64.78200  -63.03346 348.190269      99.97 0.0000e+00   1179.223      28302  1028.1034  1028.1019    34.4664    34.4643    7.94842         30 0.0000e+00
     94.000     93.058     0.4383  29.050679     0.4368  29.048438     5.3699     5.4391     0.0538    89.9974 1.0000e-12  -64.78200  -63.03344 348.190283      99.97 0.0000e+00   1180.428      28331  1028.0981  1028.0971    34.4656    34.4643    7.94911         28 0.0000e+00
     93.000     92.069     0.4299  29.042649     0.4287  29.040264     5.3661     5.4441     0.0559    89.9782 1.0000e-12  -64.78200  -63.03345 348.190296      99.97 0.0000e+00   1181.615      28360  1028.0935  1028.0921    34.4650    34.4633    7.95086         29 0.0000e+00
     92.000     91.080     0.4232  29.035823     0.4213  29.033098     5.3813     5.4480     0.0694    89.9606 1.0000e-12  -64.78200  -63.03344 348.190310      99.97 0.0000e+00   1182.807      28388  1028.0884  1028.0874    34.4642    34.4628    7.95229         28 0.0000e+00
     91.000     90.089     0.4200  29.031790     0.4132  29.024588     5.3940     5.4526     0.0605    89.9670 1.0000e-12  -64.78200  -63.03344 348.190324      99.97 0.0000e+00   1183.987      28417  1028.0830  1028.0820    34.4631    34.4613    7.95301         28 0.0000e+00
     90.000     89.099     0.4108  29.023745     0.4090  29.020261     5.3998     5.4539     0.0661    89.9651 1.0000e-12  -64.78200  -63.03346 348.190338      99.97 0.0000e+00   1185.160      28445  1028.0791  1028.0771    34.4634    34.4609    7.95488         28 0.0000e+00
     89.000     88.111     0.4105  29.021227     0.4104  29.019704     5.3956     5.4557     0.0658    89.9782 1.0000e-12  -64.78200  -63.03346 348.190351      99.97 0.0000e+00   1186.329      28473  1028.0723  1028.0707    34.4611    34.4592    7.95508         28 0.0000e+00
     88.000     87.120     0.4134  29.022526     0.4147  29.022433     5.3814     5.4517     0.0680    89.9602 1.0000e-12  -64.78200  -63.03346 348.190365      99.97 0.0000e+00   1187.507      28501  1028.0664  1028.0650    34.4601    34.4585    7.95453         29 0.0000e+00
     87.000     86.129     0.4157  29.023787     0.4156  29.022491     5.3825     5.4553     0.0834    89.9531 1.0000e-12  -64.78200  -63.03346 348.190378      99.97 0.0000e+00   1188.697      28530  1028.0612  1028.0599    34.4598    34.4583    7.95408         28 0.0000e+00
     86.000     85.141     0.4165  29.023807     0.4164  29.022446     5.3802     5.4560     0.0688    89.9532 1.0000e-12  -64.78200  -63.03346 348.190392      99.97 0.0000e+00   1189.899      28559  1028.0560  1028.0547    34.4595    34.4579    7.95392         29 0.0000e+00
     85.000     84.151     0.4170  29.023523     0.4169  29.022301     5.3788     5.4543     0.0747    89.9532 1.0000e-12  -64.78200  -63.03346 348.190406      99.97 0.0000e+00   1191.090      28587  1028.0510  1028.0497    34.4593    34.4577    7.95385         29 0.0000e+00
     84.000     83.161     0.4222  29.026571     0.4236  29.026411     5.3788     5.4564     0.0655    89.9532 1.0000e-12  -64.78200  -63.03346 348.190420      99.97 0.0000e+00   1192.273      28616  1028.0447  1028.0431    34.4580    34.4562    7.95283         28 0.0000e+00
     83.000     82.171     0.4242  29.027580     0.4239  29.026308     5.3786     5.4534     0.0655    89.9577 1.0000e-12  -64.78200  -63.03346 348.190433      99.97 0.0000e+00   1193.447      28644  1028.0395  1028.0384    34.4577    34.4563    7.95245         28 0.0000e+00
     82.000     81.180     0.4253  29.027977     0.4251  29.026735     5.3840     5.4559     0.0655    89.9731 1.0000e-12  -64.78200  -63.03345 348.190447      99.97 0.0000e+00   1194.618      28672  1028.0345  1028.0335    34.4575    34.4562    7.95222         27 0.0000e+00
     81.000     80.193     0.4252  29.027614     0.4249  29.026155     5.3809     5.4504     0.0658    89.9528 1.0000e-12  -64.78200  -63.03345 348.190461      99.97 0.0000e+00   1195.795      28700  1028.0300  1028.0288    34.4578    34.4563    7.95223         28 0.0000e+00
     80.000     79.201     0.4279  29.028641     0.4322  29.030277     5.3761     5.4462     0.0706    89.9701 1.0000e-12  -64.78200  -63.03344 348.190474      99.97 0.0000e+00   1196.965      28728  1028.0242  1028.0217    34.4568    34.4541    7.95174         29 0.0000e+00
     79.000     78.211     0.4417  29.037685     0.4447  29.038595     5.3774     5.4499     0.0781    89.9588 1.0000e-12  -64.78200  -63.03344 348.190488      99.97 0.0000e+00   1198.137      28756  1028.0158  1028.0138    34.4537    34.4516    7.94905         28 0.0000e+00
     78.000     77.222     0.4463  29.040366     0.4470  29.039689     5.3792     5.4537     0.0678    89.9791 1.0000e-12  -64.78200  -63.03344 348.190501      99.97 0.0000e+00   1199.321      28785  1028.0100  1028.0085    34.4528    34.4511    7.94817         28 0.0000e+00
     77.000     76.233     0.4489  29.041734     0.4550  29.044815     5.3850     5.4544     0.0655    89.9968 1.0000e-12  -64.78200  -63.03344 348.190515      99.97 0.0000e+00   1200.508      28813  1028.0047  1028.0019    34.4523    34.4495    7.94767         29 0.0000e+00
     76.000     75.241     0.4553  29.046011     0.4659  29.051659     5.3819     5.4577     0.0735    89.9797 1.0000e-12  -64.78200  -63.03344 348.190529      99.97 0.0000e+00   1201.695      28842  1027.9986  1027.9942    34.4512    34.4469    7.94639         28 0.0000e+00
     75.000     74.252     0.4605  29.048879     0.4656  29.049899     5.3959     5.4732     0.0819    89.9943 1.0000e-12  -64.78200  -63.03344 348.190543      99.97 0.0000e+00   1202.877      28870  1027.9923  1027.9885    34.4498    34.4455    7.94541         28 0.0000e+00
     74.000     73.263     0.4586  29.044223     0.4553  29.039472     5.4153     5.4933     0.0908    89.9873 1.0000e-12  -64.78200  -63.03344 348.190556      99.97 0.0000e+00   1204.046      28898  1027.9852  1027.9835    34.4465    34.4439    7.94599         28 0.0000e+00
     73.000     72.272     0.4470  29.032097     0.4414  29.024061     5.4487     5.5123     0.0816    89.9663 1.0000e-12  -64.78200  -63.03344 348.190570      99.97 0.0000e+00   1205.216      28926  1027.9796  1027.9767    34.4442    34.4399    7.94851         28 0.0000e+00
     72.000     71.283     0.4357  29.018223     0.4274  29.009119     5.4726     5.5293     0.0874    89.9726 1.0000e-12  -64.78200  -63.03344 348.190583      99.97 0.0000e+00   1206.397      28955  1027.9719  1027.9705    34.4392    34.4366    7.95111         29 0.0000e+00
     71.000     70.293     0.4173  28.998215     0.4061  28.985463     5.4858     5.5402     0.0875    89.9634 1.0000e-12  -64.78200  -63.03344 348.190597      99.97 0.0000e+00   1207.586      28983  1027.9645  1027.9622    34.4341    34.4300    7.95517         28 0.0000e+00
     70.000     69.302     0.4110  28.990967     0.4016  28.979828     5.4940     5.5463     0.0983    89.9346 1.0000e-12  -64.78200  -63.03344 348.190611      99.97 0.0000e+00   1208.777      29012  1027.9588  1027.9562    34.4323    34.4282    7.95657         28 0.0000e+00
     69.000     68.313     0.3986  28.977436     0.3957  28.973479     5.4892     5.5480     0.1045    89.9171 1.0000e-12  -64.78200  -63.03344 348.190625      99.97 0.0000e+00   1209.965      29040  1027.9523  1027.9509    34.4290    34.4270    7.95931         26 0.0000e+00
     68.000     67.322     0.3965  28.974592     0.3950  28.972234     5.4971     5.5596     0.1019    89.9118 1.0000e-12  -64.78200  -63.03344 348.190638      99.97 0.0000e+00   1211.141      29068  1027.9470  1027.9458    34.4282    34.4268    7.95979         28 0.0000e+00
     67.000     66.334     0.3927  28.970921     0.3867  28.964035     5.4990     5.5693     0.1066    89.8740 1.0000e-12  -64.78200  -63.03344 348.190652      99.97 0.0000e+00   1212.315      29097  1027.9425  1027.9410    34.4283    34.4260    7.96058         28 0.0000e+00
     66.000     65.342     0.3848  28.962474     0.3769  28.953392     5.4999     5.5766     0.1035    89.8759 1.0000e-12  -64.78200  -63.03344 348.190665      99.97 0.0000e+00   1213.493      29125  1027.9368  1027.9350    34.4266    34.4235    7.96229         29 0.0000e+00
     65.000     64.355     0.3824  28.959306     0.3693  28.944529     5.5119     5.5825     0.1082    89.8531 1.0000e-12  -64.78200  -63.03344 348.190679      99.97 0.0000e+00   1214.678      29153  1027.9315  1027.9287    34.4258    34.4210    7.96284         28 0.0000e+00
     64.000     63.363     0.3735  28.949347     0.3617  28.935667     5.5303     5.5891     0.1095    89.8175 1.0000e-12  -64.78200  -63.03344 348.190693      99.97 0.0000e+00   1215.869      29182  1027.9253  1027.9224    34.4232    34.4185    7.96482         29 0.0000e+00
     63.000     62.374     0.3670  28.941873     0.3590  28.932372     5.5326     5.6019     0.1100    89.8171 1.0000e-12  -64.78200  -63.03344 348.190707      99.97 0.0000e+00   1217.065      29211  1027.9194  1027.9171    34.4213    34.4177    7.96626         28 0.0000e+00
     62.000     61.386     0.3594  28.933488     0.3566  28.929332     5.5438     5.6177     0.1162    89.8017 1.0000e-12  -64.78200  -63.03344 348.190721      99.97 0.0000e+00   1218.284      29240  1027.9136  1027.9119    34.4193    34.4171    7.96794         28 0.0000e+00
     61.000     60.394     0.3561  28.929351     0.3424  28.913447     5.5680     5.6270     0.1168    89.8252 1.0000e-12  -64.78200  -63.03344 348.190735      99.97 0.0000e+00   1219.540      29270  1027.9081  1027.9047    34.4182    34.4127    7.96868         31 0.0000e+00
     60.000     59.404     0.3474  28.919520     0.3374  28.907497     5.5968     5.6581     0.1202    89.8175 1.0000e-12  -64.78200  -63.03344 348.190750      99.97 0.0000e+00   1220.822      29301  1027.9018  1027.8988    34.4156    34.4111    7.97062         30 0.0000e+00
     59.000     58.414     0.3273  28.897064     0.3152  28.883003     5.6126     5.6680     0.1336    89.7822 1.0000e-12  -64.78200  -63.03344 348.190765      99.97 0.0000e+00   1222.107      29332  1027.8935  1027.8903    34.4092    34.4043    7.97514         31 0.0000e+00
     58.000     57.425     0.3189  28.887094     0.2993  28.865051     5.6110     5.6682     0.1220    89.7101 1.0000e-12  -64.78200  -63.03344 348.190780      99.97 0.0000e+00   1223.424      29363  1027.8867  1027.8824    34.4061    34.3990    7.97705         32 0.0000e+00
     57.000     56.434     0.3149  28.882121     0.3032  28.868076     5.6159     5.6749     0.1433    89.7130 1.0000e-12  -64.78200  -63.03344 348.190797      99.97 0.0000e+00   1224.885      29398  1027.8809  1027.8772    34.4047    34.3993    7.97797         37 0.0000e+00
     56.000     55.444     0.3094  28.875770     0.2949  28.856979     5.6156     5.6837     0.1531    89.6870 1.0000e-12  -64.78200  -63.03344 348.190816      99.97 0.0000e+00   1226.490      29437  1027.8750  1027.8691    34.4030    34.3946    7.97918         37 0.0000e+00
     55.000     54.456     0.3091  28.873460     0.3031  28.864015     5.6165     5.6726     0.1655    89.6793 1.0000e-12  -64.78200  -63.03344 348.190835      99.97 0.0000e+00   1228.159      29477  1027.8683  1027.8639    34.4009    34.3953    7.97936         34 0.0000e+00
     54.000     53.464     0.3152  28.874507     0.3301  28.883450     5.6000     5.6664     0.1919    89.6907 1.0000e-12  -64.78200  -63.03344 348.190854      99.97 0.0000e+00   1229.831      29517  1027.8590  1027.8536    34.3962    34.3913    7.97838         37 0.0000e+00
     53.000     52.474     0.3386  28.891823     0.3540  28.904141     5.5998     5.6670     0.1614    89.6931 1.0000e-12  -64.78200  -63.03344 348.190874      99.97 0.0000e+00   1231.496      29557  1027.8499  1027.8478    34.3933    34.3923    7.97369         40 0.0000e+00
     52.000     51.484     0.3347  28.889766     0.3660  28.913883     5.5914     5.6623     0.1511    89.7016 1.0000e-12  -64.78200  -63.03344 348.190893      99.97 0.0000e+00   1233.156      29597  1027.8475  1027.8420    34.3956    34.3922    7.97437         39 0.0000e+00
     51.000     50.495     0.3520  28.900814     0.3850  28.927284     5.5807     5.6801     0.1692    89.7129 1.0000e-12  -64.78200  -63.03344 348.190912      99.97 0.0000e+00   1234.823      29637  1027.8378  1027.8335    34.3914    34.3893    7.97104         36 0.0000e+00
     50.000     49.504     0.3798  28.921752     0.3780  28.916965     5.6065     5.6882     0.1687    89.7449 1.0000e-12  -64.78200  -63.03344 348.190932      99.97 0.0000e+00   1236.483      29677  1027.8285  1027.8255    34.3884    34.3842    7.96545         39 0.0000e+00
     49.000     48.513     0.3588  28.904653     0.3656  28.903309     5.6404     5.6888     0.1714    89.7142 1.0000e-12  -64.78200  -63.03343 348.190956      99.97 0.0000e+00   1238.560      29726  1027.8269  1027.8191    34.3900    34.3807    7.96970         38 0.0000e+00
