NBP2113_155081_ctd/data/unbp2113_002.cnv
* Sea-Bird SBE 9 Data File:
* FileName = D:\Data\raw\NBP2113_002.hex
* Software Version Seasave V 7.26.7.121
* Temperature SN = 2438
* Conductivity SN = 2067
* Number of Bytes Per Scan = 40
* Number of Voltage Words = 5
* Number of Scans Averaged by the Deck Unit = 1
* NMEA Latitude = 63 34.52 S
* NMEA Longitude = 060 42.00 W
* NMEA UTC (Time) = Nov 22 2021  11:46:05
* NMEA baud rate = 9600
** Ship: RVIB N.B. Palmer
** Cruise: NBP2113 LTER
** Station: 831.-002
** Operator: B. Urmston
# nquan = 25
# nvalues = 600                         
# units = specified
# name 0 = prDM: Pressure, Digiquartz [db]
# name 1 = depSM: Depth [salt water, m]
# name 2 = t090C: Temperature [ITS-90, deg C]
# name 3 = c0mS/cm: Conductivity [mS/cm]
# name 4 = t190C: Temperature, 2 [ITS-90, deg C]
# name 5 = c1mS/cm: Conductivity, 2 [mS/cm]
# name 6 = sbeox0ML/L: Oxygen, SBE 43 [ml/l]
# name 7 = sbeox1ML/L: Oxygen, SBE 43, 2 [ml/l]
# name 8 = flECO-AFL: Fluorescence, WET Labs ECO-AFL/FL [mg/m^3]
# name 9 = CStarTr0: Beam Transmission, WET Labs C-Star [%]
# name 10 = par: PAR/Irradiance, Biospherical/Licor
# name 11 = latitude: Latitude [deg]
# name 12 = longitude: Longitude [deg]
# name 13 = timeJ: Julian Days
# name 14 = altM: Altimeter [m]
# name 15 = spar: SPAR, Biospherical/Licor
# name 16 = timeS: Time, Elapsed [seconds]
# name 17 = scan: Scan Count
# name 18 = density00: Density [density, kg/m^3]
# name 19 = density11: Density, 2 [density, kg/m^3]
# name 20 = sal00: Salinity, Practical [PSU]
# name 21 = sal11: Salinity, Practical, 2 [PSU]
# name 22 = oxsolML/L: Oxygen Saturation, Garcia & Gordon [ml/l]
# name 23 = nbin: number of scans per bin
# name 24 = flag: flag
# span 0 =      1.000,    600.000       
# span 1 =      0.990,    593.320       
# span 2 =    -1.3454,    -0.6414       
# span 3 =  27.602464,  27.993725       
# span 4 =    -1.3456,    -0.6261       
# span 5 =  27.601086,  28.004272       
# span 6 =     6.7855,     7.6703       
# span 7 =     6.7492,     7.5525       
# span 8 =    -0.0150,     0.9120       
# span 9 =    93.5564,    98.7064       
# span 10 = 1.0000e-12, 3.8264e+02      
# span 11 =  -63.57548,  -63.57542      
# span 12 =  -60.69968,  -60.69936      
# span 13 = 326.504728, 326.521512      
# span 14 =       6.27,     102.21      
# span 15 = 1.7778e+03, 1.8061e+03      
# span 16 =   1243.516,   2693.623      
# span 17 =      29845,      64648      
# span 18 =  1027.6018,  1030.6243      
# span 19 =  1027.5955,  1030.6225      
# span 20 =    34.3288,    34.5025      
# span 21 =    34.3214,    34.5007      
# span 22 =    8.18457,    8.33278      
# span 23 =         11,         50      
# span 24 = 0.0000e+00, 0.0000e+00      
# interval = decibars: 1                
# start_time = Nov 22 2021 11:46:05 [NMEA time, header]
# bad_flag = -9.990e-29
*END*
[from data line 290]
    310.000    306.762    -1.3197  27.663633    -1.3197  27.662333     7.1803     7.0772     0.0498    98.5014 1.0000e-12  -63.57544  -60.69952 326.510971      99.98 1.7926e+03   1782.870      42790  1029.2172  1029.2158    34.4657    34.4639    8.32556         27 0.0000e+00
    309.000    305.774    -1.3197  27.663136    -1.3198  27.661918     7.1731     7.0801     0.0436    98.5067 1.0000e-12  -63.57544  -60.69952 326.510987      99.98 1.7932e+03   1784.282      42824  1029.2125  1029.2111    34.4656    34.4640    8.32556         39 0.0000e+00
    308.000    304.784    -1.3200  27.662714    -1.3200  27.661531     7.1645     7.0805     0.0474    98.5113 1.0000e-12  -63.57544  -60.69951 326.511005      99.98 1.7946e+03   1785.808      42860  1029.2080  1029.2066    34.4660    34.4643    8.32560         31 0.0000e+00
    307.000    303.795    -1.3200  27.662286    -1.3201  27.660861     7.1751     7.0858     0.0468    98.5188 1.0000e-12  -63.57544  -60.69950 326.511021      99.98 1.7943e+03   1787.218      42894  1029.2033  1029.2018    34.4660    34.4642    8.32560         39 0.0000e+00
    306.000    302.807    -1.3207  27.660631    -1.3208  27.659318     7.2137     7.0956     0.0585    98.5227 1.0000e-12  -63.57544  -60.69951 326.511048      99.98 1.7929e+03   1789.585      42951  1029.1978  1029.1965    34.4652    34.4635    8.32581         35 0.0000e+00
    305.000    301.819    -1.3206  27.659679    -1.3205  27.658895     7.2583     7.1307     0.0555    98.5210 1.0000e-12  -63.57544  -60.69952 326.511067      99.98 1.7929e+03   1791.197      42990  1029.1924  1029.1914    34.4644    34.4632    8.32583         23 0.0000e+00
    304.000    300.831    -1.3203  27.656583    -1.3204  27.655692     7.2643     7.1498     0.0424    98.5079 1.0000e-12  -63.57544  -60.69952 326.511076      99.98 1.7929e+03   1791.977      43008  1029.1844  1029.1835    34.4604    34.4593    8.32600         17 0.0000e+00
    303.000    299.841    -1.3214  27.653195    -1.3212  27.652429     7.2753     7.1562     0.0351    98.4929 1.0000e-12  -63.57544  -60.69952 326.511084      99.98 1.7929e+03   1792.605      43024  1029.1775  1029.1764    34.4576    34.4563    8.32641         14 0.0000e+00
    302.000    298.852    -1.3230  27.650333    -1.3229  27.649213     7.2795     7.1561     0.0388    98.4726 1.0000e-12  -63.57544  -60.69952 326.511090      99.98 1.7929e+03   1793.187      43037  1029.1716  1029.1703    34.4562    34.4545    8.32685         14 0.0000e+00
    301.000    297.863    -1.3236  27.649029    -1.3236  27.647906     7.2769     7.1548     0.0509    98.4603 1.0000e-12  -63.57544  -60.69952 326.511097      99.97 1.7929e+03   1793.811      43052  1029.1665  1029.1652    34.4557    34.4541    8.32701         16 0.0000e+00
    300.000    296.874    -1.3232  27.649256    -1.3234  27.647913     7.2697     7.1567     0.0652    98.4346 1.0000e-12  -63.57544  -60.69952 326.511107      99.98 1.7936e+03   1794.608      43072  1029.1621  1029.1607    34.4562    34.4545    8.32690         24 0.0000e+00
    299.000    295.886    -1.3233  27.648661    -1.3233  27.647644     7.2606     7.1581     0.0650    98.4288 1.0000e-12  -63.57544  -60.69952 326.511159      99.98 1.7925e+03   1799.165      43181  1029.1572  1029.1560    34.4561    34.4547    8.32692         30 0.0000e+00
    298.000    294.898    -1.3231  27.648699    -1.3232  27.647439     7.2635     7.1652     0.0557    98.4344 1.0000e-12  -63.57544  -60.69952 326.511192      99.98 1.7911e+03   1802.008      43249  1029.1527  1029.1514    34.4565    34.4549    8.32684         19 0.0000e+00
    297.000    293.908    -1.3233  27.647734    -1.3233  27.646629     7.2726     7.1725     0.0508    98.4245 1.0000e-12  -63.57544  -60.69952 326.511201      99.98 1.7911e+03   1802.751      43267  1029.1476  1029.1464    34.4560    34.4545    8.32692         18 0.0000e+00
    296.000    292.918    -1.3234  27.646772    -1.3235  27.645533     7.2879     7.1775     0.0509    98.4233 1.0000e-12  -63.57544  -60.69952 326.511209      99.98 1.7926e+03   1803.454      43284  1029.1424  1029.1410    34.4555    34.4538    8.32698         17 0.0000e+00
    295.000    291.929    -1.3238  27.644809    -1.3239  27.643850     7.2795     7.1780     0.0526    98.4068 1.0000e-12  -63.57544  -60.69952 326.511217      99.98 1.7929e+03   1804.162      43301  1029.1363  1029.1353    34.4539    34.4526    8.32717         17 0.0000e+00
    294.000    290.941    -1.3243  27.643468    -1.3241  27.642933     7.2746     7.1726     0.0581    98.3923 1.0000e-12  -63.57544  -60.69952 326.511226      99.98 1.7946e+03   1804.967      43320  1029.1311  1029.1302    34.4533    34.4522    8.32732         22 0.0000e+00
    293.000    289.952    -1.3240  27.643826    -1.3239  27.642875     7.2751     7.1755     0.0652    98.3843 1.0000e-12  -63.57544  -60.69952 326.511264      99.98 1.7947e+03   1808.240      43399  1029.1269  1029.1256    34.4540    34.4525    8.32721         30 0.0000e+00
    292.000    288.962    -1.3241  27.643545    -1.3241  27.642278     7.2844     7.1791     0.0547    98.4157 1.0000e-12  -63.57544  -60.69952 326.511308      99.98 1.7932e+03   1811.988      43489  1029.1224  1029.1209    34.4543    34.4525    8.32720         23 0.0000e+00
    291.000    287.974    -1.3244  27.641994    -1.3244  27.640726     7.2818     7.1893     0.0527    98.4018 1.0000e-12  -63.57544  -60.69953 326.511317      99.98 1.7918e+03   1812.764      43507  1029.1167  1029.1153    34.4532    34.4515    8.32734         20 0.0000e+00
    290.000    286.986    -1.3251  27.640570    -1.3249  27.639735     7.2974     7.1957     0.0651    98.3905 1.0000e-12  -63.57544  -60.69954 326.511327      99.98 1.7911e+03   1813.639      43528  1029.1115  1029.1103    34.4527    34.4512    8.32753         23 0.0000e+00
    289.000    285.996    -1.3259  27.639094    -1.3253  27.638669     7.2942     7.1915     0.0747    98.3812 1.0000e-12  -63.57544  -60.69953 326.511340      99.98 1.7925e+03   1814.760      43555  1029.1064  1029.1053    34.4521    34.4509    8.32773         30 0.0000e+00
    288.000    285.006    -1.3257  27.639011    -1.3253  27.638301     7.2994     7.1943     0.0759    98.3840 1.0000e-12  -63.57544  -60.69952 326.511364      99.98 1.7948e+03   1816.888      43606  1029.1018  1029.1006    34.4524    34.4510    8.32767         37 0.0000e+00
    287.000    284.021    -1.3255  27.638715    -1.3258  27.637176     7.3044     7.2016     0.0840    98.3772 1.0000e-12  -63.57544  -60.69953 326.511420      99.98 1.7929e+03   1821.668      43721  1029.0970  1029.0956    34.4525    34.4507    8.32763         38 0.0000e+00
    286.000    283.029    -1.3263  27.637150    -1.3265  27.635873     7.3104     7.2134     0.0578    98.3924 1.0000e-12  -63.57544  -60.69954 326.511435      99.98 1.7940e+03   1823.000      43753  1029.0918  1029.0906    34.4518    34.4503    8.32784         30 0.0000e+00
    285.000    282.041    -1.3301  27.632360    -1.3292  27.632016     7.3173     7.2167     0.0691    98.3634 1.0000e-12  -63.57544  -60.69954 326.511449      99.98 1.7946e+03   1824.211      43782  1029.0860  1029.0847    34.4502    34.4487    8.32878         30 0.0000e+00
    284.000    281.052    -1.3335  27.628141    -1.3330  27.627481     7.3249     7.2211     0.0893    98.3287 1.0000e-12  -63.57544  -60.69953 326.511467      99.98 1.7952e+03   1825.756      43819  1029.0803  1029.0792    34.4489    34.4475    8.32961         37 0.0000e+00
    283.000    280.064    -1.3303  27.631408    -1.3319  27.628277     7.3033     7.2165     0.0855    98.3135 1.0000e-12  -63.57544  -60.69953 326.511517      99.98 1.7947e+03   1830.093      43923  1029.0764  1029.0746    34.4504    34.4479    8.32881         36 0.0000e+00
    282.000    279.073    -1.3306  27.630496    -1.3307  27.629085     7.3225     7.2218     0.0937    98.2827 1.0000e-12  -63.57544  -60.69954 326.511565      99.98 1.7929e+03   1834.207      44022  1029.0715  1029.0700    34.4502    34.4483    8.32891         34 0.0000e+00
    281.000    278.086    -1.3352  27.624480    -1.3347  27.623957     7.3377     7.2356     0.0661    98.2788 1.0000e-12  -63.57544  -60.69954 326.511590      99.98 1.7944e+03   1836.415      44075  1029.0651  1029.0640    34.4478    34.4465    8.33007         27 0.0000e+00
    280.000    277.096    -1.3413  27.616874    -1.3408  27.616208     7.3445     7.2367     0.0682    98.2846 1.0000e-12  -63.57544  -60.69954 326.511602      99.98 1.7960e+03   1837.398      44099  1029.0584  1029.0572    34.4449    34.4435    8.33160         25 0.0000e+00
    279.000    276.107    -1.3418  27.615971    -1.3423  27.614063     7.3423     7.2380     0.0814    98.2243 1.0000e-12  -63.57544  -60.69954 326.511636      99.98 1.7971e+03   1840.347      44169  1029.0536  1029.0520    34.4449    34.4428    8.33171         42 0.0000e+00
    278.000    275.118    -1.3423  27.614581    -1.3429  27.612697     7.3337     7.2469     0.0773    98.2222 1.0000e-12  -63.57544  -60.69955 326.511721      99.98 1.7957e+03   1847.715      44346  1029.0480  1029.0466    34.4441    34.4422    8.33185         38 0.0000e+00
    277.000    274.129    -1.3445  27.610826    -1.3447  27.609496     7.3447     7.2515     0.0799    98.1753 1.0000e-12  -63.57544  -60.69956 326.512000      99.98 1.7948e+03   1871.783      44924  1029.0417  1029.0404    34.4421    34.4405    8.33247         30 0.0000e+00
    276.000    273.140    -1.3453  27.608950    -1.3454  27.607700     7.3475     7.2559     0.0867    98.1468 1.0000e-12  -63.57544  -60.69956 326.512174      99.98 1.7929e+03   1886.790      45284  1029.0361  1029.0348    34.4412    34.4396    8.33272         32 0.0000e+00
    275.000    272.153    -1.3454  27.608376    -1.3456  27.607026     7.3488     7.2596     0.0804    98.1638 1.0000e-12  -63.57544  -60.69956 326.512208      99.98 1.7929e+03   1889.742      45355  1029.0313  1029.0299    34.4410    34.4394    8.33273         20 0.0000e+00
    274.000    271.161    -1.3454  27.607366    -1.3454  27.606295     7.3462     7.2588     0.0711    98.1545 1.0000e-12  -63.57544  -60.69956 326.512216      99.98 1.7930e+03   1890.434      45371  1029.0259  1029.0247    34.4403    34.4388    8.33278         16 0.0000e+00
    273.000    270.173    -1.3448  27.606675    -1.3447  27.605489     7.3512     7.2558     0.0737    98.1376 1.0000e-12  -63.57544  -60.69956 326.512224      99.98 1.7946e+03   1891.134      45388  1029.0203  1029.0188    34.4393    34.4376    8.33271         18 0.0000e+00
    272.000    269.184    -1.3448  27.606463    -1.3450  27.605140     7.3438     7.2518     0.0911    98.1259 1.0000e-12  -63.57544  -60.69954 326.512252      99.98 1.7933e+03   1893.540      45446  1029.0157  1029.0145    34.4396    34.4381    8.33268         27 0.0000e+00
    271.000    268.196    -1.3443  27.606140    -1.3442  27.604943     7.3343     7.2391     0.0723    98.1238 1.0000e-12  -63.57544  -60.69954 326.512289      99.97 1.7910e+03   1896.791      45524  1029.0106  1029.0092    34.4392    34.4375    8.33259         16 0.0000e+00
    270.000    267.207    -1.3424  27.606338    -1.3423  27.605145     7.3400     7.2349     0.0788    98.0894 1.0000e-12  -63.57544  -60.69954 326.512295      99.98 1.7911e+03   1897.325      45537  1029.0047  1029.0033    34.4380    34.4362    8.33226         14 0.0000e+00
    269.000    266.217    -1.3418  27.605990    -1.3416  27.604822     7.3413     7.2362     0.0896    98.0956 1.0000e-12  -63.57544  -60.69954 326.512302      99.98 1.7911e+03   1897.899      45551  1028.9994  1028.9979    34.4374    34.4355    8.33214         14 0.0000e+00
    268.000    265.228    -1.3413  27.605498    -1.3414  27.604174     7.3455     7.2410     0.0899    98.0969 1.0000e-12  -63.57544  -60.69954 326.512309      99.98 1.7911e+03   1898.495      45565  1028.9941  1028.9927    34.4368    34.4350    8.33207         15 0.0000e+00
    267.000    264.238    -1.3415  27.604911    -1.3413  27.603837     7.3441     7.2433     0.0916    98.0679 1.0000e-12  -63.57544  -60.69954 326.512318      99.98 1.7926e+03   1899.256      45583  1028.9894  1028.9880    34.4368    34.4351    8.33212         23 0.0000e+00
    266.000    263.250    -1.3416  27.604543    -1.3417  27.603197     7.3458     7.2530     0.1003    98.0831 1.0000e-12  -63.57544  -60.69952 326.512352      99.98 1.7929e+03   1902.226      45654  1028.9848  1028.9834    34.4370    34.4354    8.33212         38 0.0000e+00
    265.000    262.262    -1.3418  27.603969    -1.3417  27.602726     7.3400     7.2499     0.0932    98.0764 1.0000e-12  -63.57544  -60.69952 326.512375      99.98 1.7929e+03   1904.158      45701  1028.9802  1028.9786    34.4372    34.4353    8.33217         19 0.0000e+00
    264.000    261.273    -1.3410  27.603814    -1.3410  27.602593     7.3434     7.2479     0.0878    98.0734 1.0000e-12  -63.57544  -60.69953 326.512382      99.97 1.7929e+03   1904.836      45717  1028.9748  1028.9736    34.4366    34.4350    8.33201         14 0.0000e+00
    263.000    260.282    -1.3395  27.604333    -1.3393  27.602978     7.3485     7.2482     0.0728    98.0743 1.0000e-12  -63.57544  -60.69954 326.512389      99.98 1.7929e+03   1905.400      45731  1028.9697  1028.9680    34.4362    34.4342    8.33170         13 0.0000e+00
    262.000    259.295    -1.3376  27.604683    -1.3374  27.603423     7.3544     7.2483     0.0750    98.0903 1.0000e-12  -63.57544  -60.69954 326.512395      99.98 1.7941e+03   1905.943      45744  1028.9639  1028.9623    34.4352    34.4332    8.33134         14 0.0000e+00
    261.000    258.303    -1.3368  27.604522    -1.3368  27.603278     7.3391     7.2464     0.0828    98.0647 1.0000e-12  -63.57544  -60.69954 326.512402      99.98 1.7946e+03   1906.553      45758  1028.9587  1028.9573    34.4347    34.4330    8.33120         16 0.0000e+00
    260.000    257.316    -1.3375  27.603782    -1.3378  27.602341     7.3365     7.2444     0.0994    98.0334 1.0000e-12  -63.57544  -60.69952 326.512413      99.98 1.7936e+03   1907.470      45780  1028.9542  1028.9530    34.4350    34.4335    8.33132         29 0.0000e+00
    259.000    256.327    -1.3381  27.602959    -1.3393  27.601086     7.3504     7.2497     0.1093    98.0577 1.0000e-12  -63.57544  -60.69950 326.512455      99.98 1.7922e+03   1911.081      45867  1028.9497  1028.9488    34.4353    34.4340    8.33145         30 0.0000e+00
    258.000    255.337    -1.3381  27.602464    -1.3385  27.601116     7.3316     7.2445     0.0880    98.0486 1.0000e-12  -63.57544  -60.69952 326.512467      99.98 1.7902e+03   1912.135      45892  1028.9449  1028.9438    34.4352    34.4338    8.33146         20 0.0000e+00
    257.000    254.350    -1.3371  27.602614    -1.3371  27.601387     7.3417     7.2413     0.0785    98.0558 1.0000e-12  -63.57544  -60.69952 326.512476      99.97 1.7888e+03   1912.902      45911  1028.9398  1028.9384    34.4349    34.4332    8.33125         18 0.0000e+00
    256.000    253.359    -1.3348  27.603605    -1.3346  27.602418     7.3308     7.2435     0.0768    98.0374 1.0000e-12  -63.57544  -60.69952 326.512484      99.98 1.7876e+03   1913.613      45928  1028.9343  1028.9328    34.4342    34.4324    8.33078         17 0.0000e+00
    255.000    252.371    -1.3325  27.604594    -1.3316  27.603820     7.3330     7.2399     0.0880    98.0169 1.0000e-12  -63.57544  -60.69952 326.512493      99.98 1.7876e+03   1914.400      45947  1028.9289  1028.9271    34.4336    34.4314    8.33031         21 0.0000e+00
    254.000    251.382    -1.3323  27.604197    -1.3328  27.602662     7.3405     7.2383     0.1017    98.0275 1.0000e-12  -63.57544  -60.69952 326.512506      99.98 1.7900e+03   1915.525      45974  1028.9240  1028.9228    34.4335    34.4318    8.33027         30 0.0000e+00
