NBP2113_155081_ctd/data/unbp2113_034.cnv
* Sea-Bird SBE 9 Data File:
* FileName = D:\Data\raw\NBP2113_034.hex
* Software Version Seasave V 7.26.7.121
* Temperature SN = 2438
* Conductivity SN = 2067
* Number of Bytes Per Scan = 40
* Number of Voltage Words = 5
* Number of Scans Averaged by the Deck Unit = 1
* NMEA Latitude = 64 56.01 S
* NMEA Longitude = 064 23.98 W
* NMEA UTC (Time) = Dec 08 2021  22:30:19
* NMEA baud rate = 9600
** Ship: RVIB N.B. Palmer
** Cruise: NBP2113 LTER
** Station: 600.040
** Operator: S. Blackman
# nquan = 25
# nvalues = 1316                        
# units = specified
# name 0 = prDM: Pressure, Digiquartz [db]
# name 1 = depSM: Depth [salt water, m]
# name 2 = t090C: Temperature [ITS-90, deg C]
# name 3 = c0mS/cm: Conductivity [mS/cm]
# name 4 = t190C: Temperature, 2 [ITS-90, deg C]
# name 5 = c1mS/cm: Conductivity, 2 [mS/cm]
# name 6 = sbeox0ML/L: Oxygen, SBE 43 [ml/l]
# name 7 = sbeox1ML/L: Oxygen, SBE 43, 2 [ml/l]
# name 8 = flECO-AFL: Fluorescence, WET Labs ECO-AFL/FL [mg/m^3]
# name 9 = CStarTr0: Beam Transmission, WET Labs C-Star [%]
# name 10 = par: PAR/Irradiance, Biospherical/Licor
# name 11 = latitude: Latitude [deg]
# name 12 = longitude: Longitude [deg]
# name 13 = timeJ: Julian Days
# name 14 = altM: Altimeter [m]
# name 15 = spar: SPAR, Biospherical/Licor
# name 16 = timeS: Time, Elapsed [seconds]
# name 17 = scan: Scan Count
# name 18 = density00: Density [density, kg/m^3]
# name 19 = density11: Density, 2 [density, kg/m^3]
# name 20 = sal00: Salinity, Practical [PSU]
# name 21 = sal11: Salinity, Practical, 2 [PSU]
# name 22 = oxsolML/L: Oxygen Saturation, Garcia & Gordon [ml/l]
# name 23 = nbin: number of scans per bin
# name 24 = flag: flag
# span 0 =      1.000,   1316.000       
# span 1 =      0.990,   1299.000       
# span 2 =    -1.0208,     1.4957       
# span 3 =  27.110147,  30.664199       
# span 4 =    -1.0207,     1.4957       
# span 5 =  27.108688,  30.663162       
# span 6 =     4.0267,     9.5103       
# span 7 =     4.0938,     9.9217       
# span 8 =    -0.0224,     1.6580       
# span 9 =    87.6697,    96.0291       
# span 10 = 1.0000e-12, 5.6141e+01      
# span 11 =  -64.93354,  -64.93326      
# span 12 =  -64.39982,  -64.39924      
# span 13 = 342.962559, 342.985489      
# span 14 =       7.32,     101.02      
# span 15 = 4.0512e+01, 8.2856e+01      
# span 16 =   2146.069,   4127.244      
# span 17 =      51507,      99055      
# span 18 =  1026.9886,  1033.8812      
# span 19 =  1026.9870,  1033.8803      
# span 20 =    33.5563,    34.6780      
# span 21 =    33.5541,    34.6767      
# span 22 =    7.72523,    8.31269      
# span 23 =          9,         47      
# span 24 = 0.0000e+00, 0.0000e+00      
# interval = decibars: 1                
# start_time = Dec 08 2021 22:30:19 [NMEA time, header]
# bad_flag = -9.990e-29
*END*
[from data line 580]
    736.000    727.498     1.4415  30.362972     1.4412  30.361810     4.0955     4.1516    -0.0128    95.9147 1.0000e-12  -64.93340  -64.39948 342.971362      99.98 5.4649e+01   2906.676      69761  1031.2022  1031.2013    34.6726    34.6715    7.73614         29 0.0000e+00
    735.000    726.511     1.4414  30.362521     1.4412  30.361349     4.0972     4.1493    -0.0206    95.9068 1.0000e-12  -64.93340  -64.39949 342.971374      99.97 5.4649e+01   2907.729      69787  1031.1976  1031.1967    34.6728    34.6715    7.73615         23 0.0000e+00
    734.000    725.523     1.4412  30.361799     1.4408  30.360632     4.0957     4.1516    -0.0143    95.9365 1.0000e-12  -64.93340  -64.39950 342.971384      99.97 5.4649e+01   2908.581      69807  1031.1929  1031.1921    34.6727    34.6716    7.73621         19 0.0000e+00
    733.000    724.536     1.4409  30.361010     1.4407  30.359964     4.0979     4.1513    -0.0069    95.9031 1.0000e-12  -64.93340  -64.39950 342.971393      99.97 5.4649e+01   2909.328      69825  1031.1882  1031.1874    34.6725    34.6715    7.73627         17 0.0000e+00
    732.000    723.551     1.4408  30.360292     1.4404  30.359230     4.0952     4.1499     0.0041    95.9029 1.0000e-12  -64.93340  -64.39948 342.971401      99.97 5.4649e+01   2910.030      69842  1031.1834  1031.1827    34.6723    34.6714    7.73631         17 0.0000e+00
    731.000    722.563     1.4406  30.359758     1.4403  30.358644     4.0976     4.1485    -0.0022    95.9236 1.0000e-12  -64.93340  -64.39948 342.971409      99.97 5.4649e+01   2910.750      69859  1031.1788  1031.1780    34.6724    34.6713    7.73634         18 0.0000e+00
    730.000    721.575     1.4404  30.359207     1.4401  30.358141     4.1024     4.1490    -0.0031    95.9127 1.0000e-12  -64.93340  -64.39948 342.971419      99.97 5.4649e+01   2911.605      69880  1031.1742  1031.1735    34.6724    34.6714    7.73637         24 0.0000e+00
    729.000    720.589     1.4407  30.358963     1.4403  30.357896     4.0977     4.1487    -0.0046    95.9146 1.0000e-12  -64.93340  -64.39947 342.971443      99.97 5.4649e+01   2913.672      69929  1031.1695  1031.1688    34.6724    34.6714    7.73632         35 0.0000e+00
    728.000    719.603     1.4406  30.358587     1.4403  30.357421     4.0926     4.1510    -0.0039    95.9156 1.0000e-12  -64.93340  -64.39946 342.971470      99.97 5.4649e+01   2916.028      69986  1031.1650  1031.1641    34.6726    34.6714    7.73632         29 0.0000e+00
    727.000    718.617     1.4403  30.357816     1.4400  30.356559     4.0999     4.1575    -0.0055    95.9238 1.0000e-12  -64.93340  -64.39946 342.971482      99.97 5.4649e+01   2917.043      70010  1031.1604  1031.1594    34.6725    34.6713    7.73639         23 0.0000e+00
    726.000    717.629     1.4396  30.356822     1.4392  30.355446     4.0985     4.1547    -0.0049    95.9210 1.0000e-12  -64.93339  -64.39946 342.971493      99.97 5.4649e+01   2917.949      70032  1031.1558  1031.1548    34.6725    34.6713    7.73652         21 0.0000e+00
    725.000    716.644     1.4388  30.355417     1.4386  30.354344     4.0983     4.1536    -0.0135    95.9246 1.0000e-12  -64.93338  -64.39946 342.971503      99.98 5.4649e+01   2918.820      70053  1031.1509  1031.1501    34.6722    34.6711    7.73670         21 0.0000e+00
    724.000    715.656     1.4385  30.354739     1.4383  30.353546     4.1007     4.1564    -0.0063    95.9271 1.0000e-12  -64.93338  -64.39946 342.971513      99.97 5.4649e+01   2919.706      70074  1031.1463  1031.1454    34.6723    34.6710    7.73676         21 0.0000e+00
    723.000    714.668     1.4384  30.354135     1.4381  30.352990     4.1005     4.1561    -0.0100    95.9492 1.0000e-12  -64.93338  -64.39946 342.971523      99.97 5.4649e+01   2920.595      70095  1031.1416  1031.1408    34.6721    34.6711    7.73677         22 0.0000e+00
    722.000    713.683     1.4383  30.353524     1.4380  30.352429     4.0985     4.1518    -0.0081    95.9465 1.0000e-12  -64.93338  -64.39946 342.971533      99.98 5.4649e+01   2921.470      70116  1031.1369  1031.1362    34.6721    34.6710    7.73681         20 0.0000e+00
    721.000    712.694     1.4380  30.352909     1.4378  30.351793     4.0987     4.1558    -0.0051    95.9295 1.0000e-12  -64.93338  -64.39946 342.971543      99.97 5.4649e+01   2922.351      70137  1031.1323  1031.1314    34.6721    34.6709    7.73685         22 0.0000e+00
    720.000    711.709     1.4379  30.352256     1.4379  30.351423     4.1043     4.1558    -0.0086    95.9341 1.0000e-12  -64.93340  -64.39946 342.971555      99.97 5.4649e+01   2923.383      70162  1031.1276  1031.1268    34.6720    34.6710    7.73689         29 0.0000e+00
    719.000    710.721     1.4383  30.352193     1.4379  30.351061     4.1007     4.1529    -0.0056    95.9392 1.0000e-12  -64.93340  -64.39944 342.971573      99.97 5.4649e+01   2924.911      70199  1031.1229  1031.1222    34.6720    34.6711    7.73681         34 0.0000e+00
    718.000    709.736     1.4381  30.351599     1.4376  30.350353     4.1003     4.1543    -0.0065    95.9396 1.0000e-12  -64.93340  -64.39946 342.971594      99.97 5.4649e+01   2926.733      70243  1031.1183  1031.1176    34.6721    34.6711    7.73685         37 0.0000e+00
    717.000    708.749     1.4377  30.350775     1.4373  30.349497     4.0988     4.1570    -0.0109    95.9416 1.0000e-12  -64.93338  -64.39946 342.971611      99.97 5.4649e+01   2928.185      70277  1031.1136  1031.1128    34.6720    34.6708    7.73692         32 0.0000e+00
    716.000    707.761     1.4375  30.350221     1.4370  30.348931     4.1029     4.1572    -0.0143    95.9529 1.0000e-12  -64.93338  -64.39946 342.971626      99.97 5.4649e+01   2929.494      70309  1031.1090  1031.1082    34.6720    34.6710    7.73695         31 0.0000e+00
    715.000    706.776     1.4372  30.349294     1.4369  30.348238     4.1041     4.1541    -0.0061    95.9529 1.0000e-12  -64.93338  -64.39945 342.971640      99.97 5.4649e+01   2930.722      70338  1031.1043  1031.1035    34.6718    34.6708    7.73704         26 0.0000e+00
    714.000    705.788     1.4372  30.348949     1.4368  30.347735     4.0979     4.1546    -0.0070    95.9529 1.0000e-12  -64.93338  -64.39944 342.971651      99.97 5.4649e+01   2931.668      70361  1031.0997  1031.0988    34.6719    34.6708    7.73703         20 0.0000e+00
    713.000    704.801     1.4373  30.348523     1.4369  30.347364     4.0987     4.1537    -0.0064    95.9529 1.0000e-12  -64.93338  -64.39944 342.971660      99.98 5.4649e+01   2932.414      70379  1031.0950  1031.0942    34.6719    34.6708    7.73701         17 0.0000e+00
    712.000    703.814     1.4373  30.348119     1.4369  30.347013     4.0975     4.1531    -0.0053    95.9529 1.0000e-12  -64.93338  -64.39944 342.971668      99.97 5.4649e+01   2933.070      70395  1031.0903  1031.0896    34.6719    34.6709    7.73701         15 0.0000e+00
    711.000    702.828     1.4372  30.347698     1.4369  30.346507     4.0968     4.1522    -0.0111    95.9529 1.0000e-12  -64.93338  -64.39944 342.971675      99.97 5.4649e+01   2933.711      70410  1031.0858  1031.0849    34.6720    34.6709    7.73702         15 0.0000e+00
    710.000    701.841     1.4370  30.347010     1.4366  30.345823     4.0960     4.1509    -0.0134    95.9529 1.0000e-12  -64.93338  -64.39944 342.971683      99.97 5.4649e+01   2934.395      70426  1031.0811  1031.0802    34.6719    34.6708    7.73707         18 0.0000e+00
    709.000    700.853     1.4370  30.346575     1.4366  30.345351     4.1015     4.1504    -0.0077    95.9529 1.0000e-12  -64.93338  -64.39944 342.971693      99.97 5.4649e+01   2935.314      70449  1031.0765  1031.0756    34.6719    34.6708    7.73707         27 0.0000e+00
    708.000    699.867     1.4370  30.346009     1.4365  30.344870     4.1057     4.1533    -0.0097    95.9441 1.0000e-12  -64.93338  -64.39943 342.971723      99.97 5.4312e+01   2937.827      70509  1031.0716  1031.0709    34.6717    34.6709    7.73707         34 0.0000e+00
    707.000    698.880     1.4369  30.345542     1.4364  30.344376     4.1023     4.1603    -0.0059    95.9372 1.0000e-12  -64.93338  -64.39944 342.971747      99.97 5.3079e+01   2939.926      70559  1031.0671  1031.0663    34.6719    34.6709    7.73710         30 0.0000e+00
    706.000    697.894     1.4368  30.345086     1.4365  30.343867     4.0967     4.1562    -0.0121    95.9531 1.0000e-12  -64.93338  -64.39944 342.971759      99.97 5.2884e+01   2940.948      70584  1031.0625  1031.0615    34.6719    34.6707    7.73710         22 0.0000e+00
    705.000    696.907     1.4365  30.344319     1.4362  30.343300     4.1043     4.1557    -0.0049    95.9501 1.0000e-12  -64.93338  -64.39944 342.971769      99.97 5.2886e+01   2941.806      70604  1031.0577  1031.0570    34.6718    34.6708    7.73716         19 0.0000e+00
    704.000    695.920     1.4362  30.343584     1.4359  30.342520     4.1084     4.1531    -0.0128    95.9461 1.0000e-12  -64.93338  -64.39943 342.971778      99.97 5.2886e+01   2942.591      70623  1031.0531  1031.0523    34.6718    34.6708    7.73723         19 0.0000e+00
    703.000    694.934     1.4360  30.342960     1.4358  30.341837     4.1007     4.1532    -0.0099    95.9515 1.0000e-12  -64.93338  -64.39942 342.971787      99.97 5.2886e+01   2943.383      70642  1031.0485  1031.0476    34.6718    34.6707    7.73727         20 0.0000e+00
    702.000    693.946     1.4358  30.342329     1.4355  30.341208     4.0988     4.1528    -0.0052    95.9394 1.0000e-12  -64.93338  -64.39942 342.971797      99.97 5.2886e+01   2944.276      70664  1031.0438  1031.0430    34.6718    34.6707    7.73731         24 0.0000e+00
    701.000    692.960     1.4359  30.341967     1.4355  30.340787     4.1032     4.1524    -0.0038    95.9521 1.0000e-12  -64.93338  -64.39942 342.971811      99.97 5.2886e+01   2945.487      70693  1031.0391  1031.0384    34.6718    34.6707    7.73729         32 0.0000e+00
    700.000    691.972     1.4359  30.341541     1.4356  30.340461     4.1010     4.1539    -0.0113    95.9529 1.0000e-12  -64.93338  -64.39942 342.971829      99.97 5.2886e+01   2946.999      70729  1031.0345  1031.0337    34.6718    34.6708    7.73729         33 0.0000e+00
    699.000    690.986     1.4357  30.340950     1.4354  30.339787     4.1004     4.1609     0.0004    95.9337 1.0000e-12  -64.93336  -64.39942 342.971843      99.97 5.2886e+01   2948.250      70759  1031.0298  1031.0290    34.6718    34.6706    7.73732         26 0.0000e+00
    698.000    689.999     1.4357  30.340472     1.4354  30.339352     4.0999     4.1599    -0.0045    95.9357 1.0000e-12  -64.93336  -64.39944 342.971855      99.98 5.2886e+01   2949.298      70784  1031.0252  1031.0243    34.6718    34.6707    7.73733         24 0.0000e+00
    697.000    689.010     1.4355  30.339932     1.4352  30.338731     4.1074     4.1559    -0.0065    95.9532 1.0000e-12  -64.93336  -64.39944 342.971866      99.97 5.2886e+01   2950.265      70807  1031.0206  1031.0197    34.6719    34.6707    7.73736         23 0.0000e+00
    696.000    688.026     1.4352  30.339225     1.4350  30.338134     4.1024     4.1558    -0.0060    95.9529 1.0000e-12  -64.93336  -64.39944 342.971877      99.97 5.2886e+01   2951.187      70829  1031.0160  1031.0151    34.6718    34.6707    7.73742         22 0.0000e+00
    695.000    687.038     1.4351  30.338519     1.4348  30.337445     4.1024     4.1550    -0.0090    95.9529 1.0000e-12  -64.93338  -64.39942 342.971888      99.97 5.2886e+01   2952.089      70851  1031.0112  1031.0104    34.6716    34.6706    7.73746         22 0.0000e+00
    694.000    686.052     1.4349  30.337989     1.4347  30.336942     4.1119     4.1535    -0.0143    95.9529 1.0000e-12  -64.93338  -64.39940 342.971899      99.97 5.2886e+01   2953.058      70874  1031.0066  1031.0058    34.6717    34.6706    7.73748         25 0.0000e+00
    693.000    685.064     1.4350  30.337617     1.4347  30.336526     4.1116     4.1550    -0.0079    95.9549 1.0000e-12  -64.93338  -64.39940 342.971917      99.98 5.2886e+01   2954.627      70912  1031.0019  1031.0011    34.6717    34.6706    7.73747         37 0.0000e+00
    692.000    684.077     1.4351  30.337248     1.4347  30.336051     4.0977     4.1548     0.0030    95.9424 1.0000e-12  -64.93336  -64.39940 342.971949      99.97 5.2886e+01   2957.376      70978  1030.9973  1030.9964    34.6717    34.6706    7.73746         32 0.0000e+00
    691.000    683.091     1.4350  30.336680     1.4347  30.335572     4.1088     4.1558    -0.0145    95.9559 1.0000e-12  -64.93336  -64.39942 342.971960      99.97 5.2886e+01   2958.350      71001  1030.9925  1030.9917    34.6716    34.6706    7.73747         20 0.0000e+00
    690.000    682.103     1.4350  30.336216     1.4347  30.335250     4.1052     4.1601    -0.0141    95.9529 1.0000e-12  -64.93336  -64.39942 342.971969      99.97 5.2886e+01   2959.092      71019  1030.9879  1030.9872    34.6717    34.6708    7.73748         17 0.0000e+00
    689.000    681.118     1.4350  30.335981     1.4347  30.334822     4.0965     4.1578    -0.0121    95.9598 1.0000e-12  -64.93335  -64.39942 342.971976      99.97 5.2886e+01   2959.756      71035  1030.9834  1030.9825    34.6719    34.6707    7.73746         15 0.0000e+00
    688.000    680.128     1.4350  30.335465     1.4347  30.334329     4.0921     4.1562    -0.0132    95.9708 1.0000e-12  -64.93334  -64.39942 342.971984      99.98 5.2886e+01   2960.408      71051  1030.9787  1030.9779    34.6718    34.6707    7.73747         16 0.0000e+00
    687.000    679.143     1.4349  30.334858     1.4346  30.333740     4.0985     4.1541    -0.0019    95.9491 1.0000e-12  -64.93336  -64.39942 342.971992      99.97 5.2886e+01   2961.088      71067  1030.9740  1030.9731    34.6717    34.6706    7.73749         18 0.0000e+00
    686.000    678.155     1.4347  30.334255     1.4344  30.333085     4.0997     4.1539     0.0013    95.9340 1.0000e-12  -64.93336  -64.39941 342.972001      99.97 5.2886e+01   2961.873      71086  1030.9694  1030.9685    34.6717    34.6706    7.73753         20 0.0000e+00
    685.000    677.169     1.4347  30.333777     1.4344  30.332631     4.0911     4.1545    -0.0090    95.9480 1.0000e-12  -64.93336  -64.39940 342.972013      99.97 5.1236e+01   2962.890      71110  1030.9646  1030.9638    34.6716    34.6706    7.73753         29 0.0000e+00
    684.000    676.181     1.4347  30.333333     1.4344  30.332265     4.0983     4.1554    -0.0156    95.9529 1.0000e-12  -64.93336  -64.39939 342.972031      99.97 5.1124e+01   2964.502      71149  1030.9600  1030.9593    34.6716    34.6707    7.73753         38 0.0000e+00
    683.000    675.194     1.4345  30.332759     1.4342  30.331666     4.1098     4.1576    -0.0026    95.9508 1.0000e-12  -64.93336  -64.39938 342.972055      99.97 5.1124e+01   2966.564      71199  1030.9554  1030.9546    34.6717    34.6706    7.73757         37 0.0000e+00
    682.000    674.208     1.4346  30.332353     1.4342  30.331221     4.1065     4.1583    -0.0064    95.9394 1.0000e-12  -64.93336  -64.39940 342.972074      99.98 5.1124e+01   2968.154      71237  1030.9507  1030.9499    34.6717    34.6706    7.73755         33 0.0000e+00
    681.000    673.221     1.4344  30.331791     1.4341  30.330684     4.1081     4.1587    -0.0083    95.9250 1.0000e-12  -64.93334  -64.39940 342.972088      99.97 5.1124e+01   2969.424      71267  1030.9461  1030.9453    34.6717    34.6706    7.73759         28 0.0000e+00
    680.000    672.234     1.4342  30.331138     1.4338  30.329905     4.1050     4.1620    -0.0125    95.8964 1.0000e-12  -64.93334  -64.39940 342.972100      99.97 5.1124e+01   2970.475      71292  1030.9414  1030.9406    34.6716    34.6705    7.73763         23 0.0000e+00
