NBP2113_155081_ctd/data/unbp2113_013.cnv
* Sea-Bird SBE 9 Data File:
* FileName = D:\Data\raw\NBP2113_013.hex
* Software Version Seasave V 7.26.7.121
* Temperature SN = 2438
* Conductivity SN = 2067
* Number of Bytes Per Scan = 40
* Number of Voltage Words = 5
* Number of Scans Averaged by the Deck Unit = 1
* NMEA Latitude = 65 13.99 S
* NMEA Longitude = 066 46.43 W
* NMEA UTC (Time) = Nov 27 2021  04:09:52
* NMEA baud rate = 9600
** Ship: RVIB N.B. Palmer
** Cruise: NBP2113 LTER
** Station: 500.100
** Operator: B. Urmston
# nquan = 25
# nvalues = 432                         
# units = specified
# name 0 = prDM: Pressure, Digiquartz [db]
# name 1 = depSM: Depth [salt water, m]
# name 2 = t090C: Temperature [ITS-90, deg C]
# name 3 = c0mS/cm: Conductivity [mS/cm]
# name 4 = t190C: Temperature, 2 [ITS-90, deg C]
# name 5 = c1mS/cm: Conductivity, 2 [mS/cm]
# name 6 = sbeox0ML/L: Oxygen, SBE 43 [ml/l]
# name 7 = sbeox1ML/L: Oxygen, SBE 43, 2 [ml/l]
# name 8 = flECO-AFL: Fluorescence, WET Labs ECO-AFL/FL [mg/m^3]
# name 9 = CStarTr0: Beam Transmission, WET Labs C-Star [%]
# name 10 = par: PAR/Irradiance, Biospherical/Licor
# name 11 = latitude: Latitude [deg]
# name 12 = longitude: Longitude [deg]
# name 13 = timeJ: Julian Days
# name 14 = altM: Altimeter [m]
# name 15 = spar: SPAR, Biospherical/Licor
# name 16 = timeS: Time, Elapsed [seconds]
# name 17 = scan: Scan Count
# name 18 = density00: Density [density, kg/m^3]
# name 19 = density11: Density, 2 [density, kg/m^3]
# name 20 = sal00: Salinity, Practical [PSU]
# name 21 = sal11: Salinity, Practical, 2 [PSU]
# name 22 = oxsolML/L: Oxygen Saturation, Garcia & Gordon [ml/l]
# name 23 = nbin: number of scans per bin
# name 24 = flag: flag
# span 0 =      1.000,    432.000       
# span 1 =      0.988,    427.313       
# span 2 =    -0.6161,     1.5346       
# span 3 =  27.815456,  30.327393       
# span 4 =    -0.6155,     1.5347       
# span 5 =  27.813979,  30.326422       
# span 6 =     4.1299,     9.9920       
# span 7 =     4.1116,     9.9636       
# span 8 =    -0.0221,     2.3439       
# span 9 =    87.8255,    97.7473       
# span 10 = 1.0000e-12, 2.0690e+00      
# span 11 =  -65.23318,  -65.23308      
# span 12 =  -66.77598,  -66.77500      
# span 13 = 331.185520, 331.198233      
# span 14 =       6.42,     100.53      
# span 15 = 0.0000e+00, 0.0000e+00      
# span 16 =   1036.918,   2135.328      
# span 17 =      24887,      51249      
# span 18 =  1027.2988,  1029.8058      
# span 19 =  1027.2955,  1029.8047      
# span 20 =    33.9668,    34.7091      
# span 21 =    33.9626,    34.7077      
# span 22 =    7.71629,    8.19640      
# span 23 =         13,         47      
# span 24 = 0.0000e+00, 0.0000e+00      
# interval = decibars: 1                
# start_time = Nov 27 2021 04:09:52 [NMEA time, header]
# bad_flag = -9.990e-29
*END*
[from data line 406]
     26.000     25.743    -0.4639  27.884214    -0.4644  27.882704     8.3261     8.1949     2.0365    88.1029 1.0000e-12  -65.23316  -66.77515 331.196765      99.97 0.0000e+00   2008.521      48206  1027.4208  1027.4196    33.9695    33.9681    8.16702         40 0.0000e+00
     25.000     24.753    -0.4618  27.884900    -0.4621  27.883514     8.3298     8.1910     1.9022    88.0195 1.0000e-12  -65.23316  -66.77515 331.196853      99.96 0.0000e+00   2016.062      48386  1027.4152  1027.4141    33.9687    33.9673    8.16662         33 0.0000e+00
     24.000     23.765    -0.4606  27.885166    -0.4606  27.883897     8.3324     8.1960     1.8017    87.9672 1.0000e-12  -65.23317  -66.77509 331.197234      99.97 0.0000e+00   2049.043      49178  1027.4102  1027.4088    33.9683    33.9667    8.16638         24 0.0000e+00
     23.000     22.774    -0.4602  27.884964    -0.4602  27.883665     8.3237     8.1955     1.8879    87.9384 1.0000e-12  -65.23318  -66.77506 331.197396      99.96 0.0000e+00   2062.993      49513  1027.4053  1027.4039    33.9682    33.9666    8.16630         34 0.0000e+00
     22.000     21.784    -0.4601  27.884456    -0.4601  27.883270     8.3171     8.1953     1.8041    87.9736 1.0000e-12  -65.23318  -66.77504 331.197464      99.97 0.0000e+00   2068.925      49655  1027.4003  1027.3991    33.9680    33.9665    8.16629         34 0.0000e+00
     21.000     20.793    -0.4600  27.884083    -0.4603  27.882702     8.3302     8.1947     2.0730    87.8848 1.0000e-12  -65.23318  -66.77504 331.197487      99.96 0.0000e+00   2070.913      49703  1027.3956  1027.3943    33.9681    33.9666    8.16628         44 0.0000e+00
     20.000     19.804    -0.4603  27.883521    -0.4607  27.881968     8.3288     8.1981     2.2661    87.9821 1.0000e-12  -65.23318  -66.77504 331.197522      99.97 0.0000e+00   2073.911      49775  1027.3909  1027.3897    33.9682    33.9667    8.16632         23 0.0000e+00
     19.000     18.813    -0.4603  27.882930    -0.4603  27.881827     8.3127     8.1953     2.1155    87.9204 1.0000e-12  -65.23318  -66.77502 331.197581      99.97 0.0000e+00   2078.986      49897  1027.3860  1027.3848    33.9681    33.9667    8.16633         36 0.0000e+00
     18.000     17.822    -0.4604  27.882364    -0.4605  27.881126     8.3260     8.2021     1.9717    87.9680 7.5731e-04  -65.23318  -66.77502 331.197603      99.97 0.0000e+00   2080.887      49942  1027.3812  1027.3800    33.9681    33.9665    8.16636         41 0.0000e+00
     17.000     16.831    -0.4602  27.881874    -0.4605  27.880630     8.3424     8.2057     1.9551    87.9466 7.2197e-03  -65.23318  -66.77502 331.197623      99.96 0.0000e+00   2082.629      49984  1027.3762  1027.3751    33.9678    33.9664    8.16633         39 0.0000e+00
     16.000     15.843    -0.4602  27.881510    -0.4602  27.880248     8.3342     8.1992     2.1129    87.9081 2.0630e-02  -65.23318  -66.77502 331.197682      99.96 0.0000e+00   2087.748      50107  1027.3715  1027.3701    33.9679    33.9662    8.16632         41 0.0000e+00
     15.000     14.855    -0.4598  27.881191    -0.4599  27.879971     8.3295     8.1904     1.9053    87.9250 2.7455e-02  -65.23318  -66.77501 331.197774      99.97 0.0000e+00   2095.647      50297  1027.3665  1027.3653    33.9677    33.9661    8.16625         40 0.0000e+00
     14.000     13.863    -0.4596  27.880904    -0.4598  27.879598     8.3226     8.1936     2.0749    87.9326 5.2876e-02  -65.23318  -66.77502 331.197988      99.97 0.0000e+00   2114.192      50742  1027.3617  1027.3605    33.9677    33.9661    8.16621         36 0.0000e+00
     13.000     12.872    -0.4593  27.880534    -0.4594  27.879262     8.3207     8.2033     2.0099    87.9107 7.0871e-02  -65.23318  -66.77503 331.198017      99.97 0.0000e+00   2116.682      50801  1027.3567  1027.3555    33.9674    33.9659    8.16615         44 0.0000e+00
     12.000     11.882    -0.4594  27.879971    -0.4596  27.878791     8.3194     8.2048     1.9968    87.8888 8.4834e-02  -65.23318  -66.77502 331.198039      99.97 0.0000e+00   2118.571      50847  1027.3520  1027.3509    33.9675    33.9661    8.16619         42 0.0000e+00
     11.000     10.891    -0.4592  27.879701    -0.4594  27.878337     8.3154     8.2025     2.2706    87.9260 1.0125e-01  -65.23318  -66.77501 331.198060      99.97 0.0000e+00   2120.371      50890  1027.3472  1027.3459    33.9675    33.9658    8.16614         39 0.0000e+00
     10.000      9.900    -0.4593  27.879014    -0.4594  27.877721     8.3192     8.2034     2.3439    87.8808 1.3983e-01  -65.23318  -66.77501 331.198077      99.97 0.0000e+00   2121.847      50925  1027.3423  1027.3410    33.9673    33.9657    8.16617         26 0.0000e+00
      9.000      8.913    -0.4592  27.878593    -0.4593  27.877171     8.3302     8.2045     2.0167    87.9180 1.7426e-01  -65.23318  -66.77500 331.198089      99.96 0.0000e+00   2122.877      50950  1027.3374  1027.3360    33.9672    33.9654    8.16616         23 0.0000e+00
      8.000      7.921    -0.4592  27.878048    -0.4595  27.876567     8.3094     8.2055     1.8803    87.9056 2.0385e-01  -65.23318  -66.77500 331.198100      99.96 0.0000e+00   2123.858      50974  1027.3326  1027.3312    33.9671    33.9654    8.16616         26 0.0000e+00
      7.000      6.931    -0.4594  27.877508    -0.4596  27.876051     8.3090     8.1993     1.9522    87.8255 2.9185e-01  -65.23316  -66.77503 331.198131      99.97 0.0000e+00   2126.532      51038  1027.3278  1027.3264    33.9671    33.9654    8.16618         30 0.0000e+00
      6.000      5.942    -0.4594  27.877151    -0.4596  27.875678     8.3127     8.1967     1.8118    87.8849 3.5221e-01  -65.23316  -66.77504 331.198147      99.96 0.0000e+00   2127.857      51070  1027.3232  1027.3217    33.9673    33.9656    8.16619         18 0.0000e+00
      5.000      4.950    -0.4593  27.876448    -0.4594  27.874625     8.3218     8.1880     1.8053    87.8574 3.7221e-01  -65.23316  -66.77504 331.198155      99.97 0.0000e+00   2128.595      51087  1027.3180  1027.3162    33.9669    33.9646    8.16619         21 0.0000e+00
      4.000      3.961    -0.4592  27.876191    -0.4595  27.874231     9.2377     8.8964     1.8544    87.8685 5.8135e-01  -65.23317  -66.77503 331.198184      99.97 0.0000e+00   2131.073      51147  1027.3133  1027.3114    33.9670    33.9647    8.16615         31 0.0000e+00
      3.000      2.970    -0.4591  27.875893    -0.4594  27.874255     9.9920     9.9636     1.8343    87.8724 9.5080e-01  -65.23318  -66.77502 331.198220      99.97 0.0000e+00   2134.182      51221  1027.3087  1027.3072    33.9672    33.9653    8.16613         16 0.0000e+00
      2.000      1.982    -0.4593  27.875203    -0.4594  27.872810     9.5418     9.8998     1.8384    87.8864 1.2433e+00  -65.23317  -66.77503 331.198226      99.96 0.0000e+00   2134.754      51235  1027.3038  1027.3013    33.9670    33.9640    8.16618         15 0.0000e+00
      1.000      0.988    -0.4598  27.874176    -0.4600  27.870856     9.1167     9.7545     1.7898    87.8951 2.0690e+00  -65.23316  -66.77504 331.198233      99.97 0.0000e+00   2135.328      51249  1027.2988  1027.2955    33.9668    33.9626    8.16629         13 0.0000e+00
