NBP2113_155081_ctd/data/unbp2113_059.cnv
* Sea-Bird SBE 9 Data File:
* FileName = D:\Data\raw\NBP2113_059.hex
* Software Version Seasave V 7.26.7.121
* Temperature SN = 2438
* Conductivity SN = 2067
* Number of Bytes Per Scan = 40
* Number of Voltage Words = 5
* Number of Scans Averaged by the Deck Unit = 1
* NMEA Latitude = 64 45.55 S
* NMEA Longitude = 063 08.87 W
* NMEA UTC (Time) = Dec 13 2021  21:27:01
* NMEA baud rate = 9600
** Ship: RVIB N.B. Palmer
** Cruise: NBP2113 LTER
** Station: 653.008
** Operator: S. Blackman
# nquan = 25
# nvalues = 133                         
# units = specified
# name 0 = prDM: Pressure, Digiquartz [db]
# name 1 = depSM: Depth [salt water, m]
# name 2 = t090C: Temperature [ITS-90, deg C]
# name 3 = c0mS/cm: Conductivity [mS/cm]
# name 4 = t190C: Temperature, 2 [ITS-90, deg C]
# name 5 = c1mS/cm: Conductivity, 2 [mS/cm]
# name 6 = sbeox0ML/L: Oxygen, SBE 43 [ml/l]
# name 7 = sbeox1ML/L: Oxygen, SBE 43, 2 [ml/l]
# name 8 = flECO-AFL: Fluorescence, WET Labs ECO-AFL/FL [mg/m^3]
# name 9 = CStarTr0: Beam Transmission, WET Labs C-Star [%]
# name 10 = par: PAR/Irradiance, Biospherical/Licor
# name 11 = latitude: Latitude [deg]
# name 12 = longitude: Longitude [deg]
# name 13 = timeJ: Julian Days
# name 14 = altM: Altimeter [m]
# name 15 = spar: SPAR, Biospherical/Licor
# name 16 = timeS: Time, Elapsed [seconds]
# name 17 = scan: Scan Count
# name 18 = density00: Density [density, kg/m^3]
# name 19 = density11: Density, 2 [density, kg/m^3]
# name 20 = sal00: Salinity, Practical [PSU]
# name 21 = sal11: Salinity, Practical, 2 [PSU]
# name 22 = oxsolML/L: Oxygen Saturation, Garcia & Gordon [ml/l]
# name 23 = nbin: number of scans per bin
# name 24 = flag: flag
# span 0 =      1.000,    133.000       
# span 1 =      0.990,    131.657       
# span 2 =    -0.2079,     0.5434       
# span 3 =  27.999031,  29.109336       
# span 4 =    -0.2076,     0.5427       
# span 5 =  27.997554,  29.106882       
# span 6 =     5.4721,     7.7340       
# span 7 =     5.5974,     7.5989       
# span 8 =     0.0724,     1.7303       
# span 9 =    85.1903,    90.6678       
# span 10 = 1.0000e-12, 7.4583e+02      
# span 11 =  -64.75944,  -64.75930      
# span 12 =  -63.14774,  -63.14768      
# span 13 = 347.907212, 347.911775      
# span 14 =      11.17,     100.89      
# span 15 = 4.8467e+02, 5.3592e+02      
# span 16 =   1162.138,   1556.376      
# span 17 =      27892,      37354      
# span 18 =  1027.1913,  1028.2240      
# span 19 =  1027.1895,  1028.2226      
# span 20 =    33.8434,    34.4028      
# span 21 =    33.8460,    34.4004      
# span 22 =    7.93100,    8.11914      
# span 23 =         28,         49      
# span 24 = 0.0000e+00, 0.0000e+00      
# interval = decibars: 1                
# start_time = Dec 13 2021 21:27:01 [NMEA time, header]
# bad_flag = -9.990e-29
*END*
[from data line 116]
     17.000     16.832    -0.1925  28.021947    -0.1893  28.024130     7.4393     7.5785     1.5532    85.4025 3.7579e+01  -64.75934  -63.14772 347.911101      99.97 4.9713e+02   1498.153      35957  1027.2742  1027.2734    33.8563    33.8557    8.11540         38 0.0000e+00
     16.000     15.843    -0.2003  28.012032    -0.1942  28.017604     7.4511     7.5772     1.6094    85.4204 4.1809e+01  -64.75934  -63.14772 347.911119      99.97 4.9713e+02   1499.699      35994  1027.2667  1027.2667    33.8524    33.8530    8.11728         37 0.0000e+00
     15.000     14.853    -0.2020  28.009312    -0.1999  28.009923     7.4500     7.5808     1.5219    85.4127 4.6478e+01  -64.75934  -63.14772 347.911137      67.61 4.9713e+02   1501.274      36032  1027.2610  1027.2597    33.8513    33.8498    8.11771         37 0.0000e+00
     14.000     13.863    -0.2057  28.004356    -0.2047  28.003799     7.4470     7.5799     1.4546    85.4204 5.1751e+01  -64.75934  -63.14772 347.911156      99.80 4.9825e+02   1502.843      36069  1027.2549  1027.2534    33.8494    33.8476    8.11861         36 0.0000e+00
     13.000     12.871    -0.2072  28.002021    -0.2055  28.002441     7.4423     7.5847     1.4699    85.4278 5.7841e+01  -64.75934  -63.14772 347.911173      99.96 4.9889e+02   1504.383      36106  1027.2494  1027.2483    33.8485    33.8472    8.11897         35 0.0000e+00
     12.000     11.882    -0.2078  28.000870    -0.2062  28.001229     7.4446     7.5807     1.3754    85.4521 6.4494e+01  -64.75934  -63.14772 347.911191      99.97 4.9890e+02   1505.914      36143  1027.2444  1027.2433    33.8483    33.8470    8.11911         33 0.0000e+00
     11.000     10.893    -0.2078  28.000395    -0.2072  27.999511     7.4440     7.5852     1.3476    85.4973 7.2307e+01  -64.75934  -63.14772 347.911209      99.97 5.0014e+02   1507.473      36180  1027.2395  1027.2381    33.8482    33.8465    8.11911         32 0.0000e+00
     10.000      9.902    -0.2079  27.999830    -0.2076  27.998612     7.4501     7.5919     1.3964    85.5011 8.0931e+01  -64.75934  -63.14772 347.911228      99.97 5.0066e+02   1509.103      36219  1027.2346  1027.2330    33.8482    33.8463    8.11914         40 0.0000e+00
      9.000      8.912    -0.2067  28.000865    -0.2061  28.000014     7.4457     7.5895     1.3483    85.4690 9.1663e+01  -64.75934  -63.14772 347.911250      99.97 5.0066e+02   1510.961      36264  1027.2302  1027.2287    33.8489    33.8471    8.11885         39 0.0000e+00
      8.000      7.922    -0.2063  28.001053    -0.2020  28.004458     7.4472     7.5916     1.4098    85.4948 1.0327e+02  -64.75934  -63.14772 347.911275      99.96 5.0220e+02   1513.158      36317  1027.2257  1027.2253    33.8493    33.8491    8.11873         44 0.0000e+00
      7.000      6.932    -0.2061  28.001013    -0.2053  28.000232     7.4304     7.5855     1.2241    85.4965 1.1611e+02  -64.75934  -63.14772 347.911302      99.97 5.0335e+02   1515.531      36374  1027.2212  1027.2196    33.8497    33.8477    8.11868         41 0.0000e+00
      6.000      5.941    -0.2049  28.001524    -0.2044  28.000475     7.6936     7.5919     1.0944    85.4538 1.3268e+02  -64.75934  -63.14772 347.911329      99.97 5.0446e+02   1517.869      36430  1027.2162  1027.2147    33.8495    33.8477    8.11841         49 0.0000e+00
      5.000      4.951    -0.1997  28.003363    -0.1837  28.017064     7.7340     7.5903     1.0875    85.5668 1.5306e+02  -64.75932  -63.14772 347.911357      99.97 5.0596e+02   1520.228      36486  1027.2090  1027.2080    33.8469    33.8473    8.11748         46 0.0000e+00
      4.000      3.961    -0.1769  28.019367    -0.1697  28.029923     7.5056     7.5830     0.9882    85.4800 1.8303e+02  -64.75932  -63.14772 347.911437      99.97 5.0956e+02   1527.142      36652  1027.2038  1027.2040    33.8434    33.8495    8.11281         47 0.0000e+00
      3.000      2.970    -0.1754  28.025844    -0.1846  28.014446     7.5700     7.5989     0.8520    85.4970 2.2474e+02  -64.75930  -63.14774 347.911728      99.97 5.2068e+02   1552.314      37257  1027.2009  1027.1979    33.8511    33.8461    8.11207         32 0.0000e+00
      2.000      1.979    -0.1985  28.004391    -0.1992  28.002176     7.7057     7.5962     0.8019    85.4693 2.7283e+02  -64.75930  -63.14774 347.911747      99.97 5.2088e+02   1553.917      37295  1027.1963  1027.1945    33.8488    33.8465    8.11711         38 0.0000e+00
      1.000      0.990    -0.2038  27.999031    -0.2036  27.997554 -9.990e-29 -9.990e-29     0.7925    85.4817 7.4583e+02  -64.75930  -63.14774 347.911775      99.97 5.2178e+02   1556.376      37354  1027.1913  1027.1895    33.8481    33.8460    8.11827         44 0.0000e+00
