NBP2113_155081_ctd/data/unbp2113_032.cnv
* Sea-Bird SBE 9 Data File:
* FileName = D:\Data\raw\NBP2113_032.hex
* Software Version Seasave V 7.26.7.121
* Temperature SN = 2438
* Conductivity SN = 2067
* Number of Bytes Per Scan = 40
* Number of Voltage Words = 5
* Number of Scans Averaged by the Deck Unit = 1
* NMEA Latitude = 65 50.96 S
* NMEA Longitude = 071 22.70 W
* NMEA UTC (Time) = Dec 07 2021  06:49:20
* NMEA baud rate = 9600
** Ship: RVIB N.B. Palmer
** Cruise: NBP2113 LTER
** Station: 300.200
** Operator: B. Urmston
# nquan = 25
# nvalues = 3100                        
# units = specified
# name 0 = prDM: Pressure, Digiquartz [db]
# name 1 = depSM: Depth [salt water, m]
# name 2 = t090C: Temperature [ITS-90, deg C]
# name 3 = c0mS/cm: Conductivity [mS/cm]
# name 4 = t190C: Temperature, 2 [ITS-90, deg C]
# name 5 = c1mS/cm: Conductivity, 2 [mS/cm]
# name 6 = sbeox0ML/L: Oxygen, SBE 43 [ml/l]
# name 7 = sbeox1ML/L: Oxygen, SBE 43, 2 [ml/l]
# name 8 = flECO-AFL: Fluorescence, WET Labs ECO-AFL/FL [mg/m^3]
# name 9 = CStarTr0: Beam Transmission, WET Labs C-Star [%]
# name 10 = par: PAR/Irradiance, Biospherical/Licor
# name 11 = latitude: Latitude [deg]
# name 12 = longitude: Longitude [deg]
# name 13 = timeJ: Julian Days
# name 14 = altM: Altimeter [m]
# name 15 = spar: SPAR, Biospherical/Licor
# name 16 = timeS: Time, Elapsed [seconds]
# name 17 = scan: Scan Count
# name 18 = density00: Density [density, kg/m^3]
# name 19 = density11: Density, 2 [density, kg/m^3]
# name 20 = sal00: Salinity, Practical [PSU]
# name 21 = sal11: Salinity, Practical, 2 [PSU]
# name 22 = oxsolML/L: Oxygen Saturation, Garcia & Gordon [ml/l]
# name 23 = nbin: number of scans per bin
# name 24 = flag: flag
# span 0 =      1.000,   3100.000       
# span 1 =      0.986,   3047.032       
# span 2 =    -0.7213,     2.0337       
# span 3 =  27.681656,  30.755689       
# span 4 =    -0.7209,     2.0332       
# span 5 =  27.681603,  30.754434       
# span 6 =     3.8892,     9.6495       
# span 7 =     3.9481,     9.4562       
# span 8 =    -0.0222,     3.2232       
# span 9 =    89.2440,    96.1844       
# span 10 = 1.0000e-12, 1.0000e-12      
# span 11 =  -65.84929,  -65.84874      
# span 12 =  -71.37828,  -71.37770      
# span 13 = 341.332330, 341.375807      
# span 14 =       9.60,     101.29      
# span 15 = 4.4072e+01, 1.8165e+02      
# span 16 =   4153.280,   7909.685      
# span 17 =      99680,     189833      
# span 18 =  1027.2241,  1042.0855      
# span 19 =  1027.2234,  1042.0845      
# span 20 =    33.8734,    34.7306      
# span 21 =    33.8721,    34.7298      
# span 22 =    7.62309,    8.22324      
# span 23 =         10,         46      
# span 24 = 0.0000e+00, 0.0000e+00      
# interval = decibars: 1                
# start_time = Dec 07 2021 06:49:20 [NMEA time, header]
# bad_flag = -9.990e-29
*END*
[from data line 754]
   2346.000   2309.944     0.6815  30.404652     0.6817  30.404253     4.5302     4.5950    -0.0112    96.1488 1.0000e-12  -65.84878  -71.37778 341.342629      99.97 6.5227e+01   5043.109     121036  1038.6870  1038.6863    34.7072    34.7063    7.88606         28 0.0000e+00
   2345.000   2308.964     0.6796  30.402503     0.6801  30.402464     4.5334     4.5986    -0.0125    96.1464 1.0000e-12  -65.84878  -71.37777 341.342644      99.97 6.5227e+01   5044.453     121068  1038.6827  1038.6821    34.7069    34.7064    7.88645         35 0.0000e+00
   2344.000   2307.987     0.6825  30.404792     0.6815  30.403329     4.5218     4.5998    -0.0137    96.1359 1.0000e-12  -65.84878  -71.37777 341.342659      99.97 6.5227e+01   5045.766     121099  1038.6779  1038.6775    34.7072    34.7065    7.88585         27 0.0000e+00
   2343.000   2307.005     0.6830  30.404817     0.6832  30.404358     4.5216     4.5939    -0.0117    96.1175 1.0000e-12  -65.84878  -71.37777 341.342671      99.97 6.5227e+01   5046.739     121123  1038.6733  1038.6726    34.7072    34.7063    7.88574         20 0.0000e+00
   2342.000   2306.027     0.6845  30.405747     0.6839  30.404547     4.5235     4.5951    -0.0110    96.1331 1.0000e-12  -65.84878  -71.37778 341.342680      99.97 6.5227e+01   5047.564     121143  1038.6686  1038.6681    34.7072    34.7064    7.88544         20 0.0000e+00
   2341.000   2305.049     0.6851  30.405942     0.6849  30.405127     4.5246     4.5947    -0.0159    96.1415 1.0000e-12  -65.84878  -71.37776 341.342690      99.97 6.5227e+01   5048.395     121162  1038.6641  1038.6635    34.7072    34.7064    7.88531         21 0.0000e+00
   2340.000   2304.067     0.6846  30.405039     0.6845  30.404374     4.5323     4.5894    -0.0162    96.1478 1.0000e-12  -65.84878  -71.37776 341.342707      99.97 6.5227e+01   5049.851     121197  1038.6596  1038.6591    34.7072    34.7065    7.88542         31 0.0000e+00
   2339.000   2303.091     0.6831  30.403331     0.6833  30.402847     4.5086     4.5926    -0.0104    96.1459 1.0000e-12  -65.84878  -71.37776 341.342750      99.97 6.5227e+01   5053.609     121288  1038.6554  1038.6547    34.7072    34.7064    7.88573         20 0.0000e+00
   2338.000   2302.111     0.6845  30.404214     0.6846  30.403655     4.5107     4.5946    -0.0058    96.1366 1.0000e-12  -65.84878  -71.37776 341.342757      99.97 6.5477e+01   5054.202     121302  1038.6507  1038.6500    34.7072    34.7064    7.88543         15 0.0000e+00
   2337.000   2301.129     0.6859  30.404989     0.6859  30.404318     4.5100     4.5960    -0.0011    96.1371 1.0000e-12  -65.84878  -71.37776 341.342764      99.97 6.6293e+01   5054.779     121316  1038.6460  1038.6453    34.7072    34.7063    7.88516         13 0.0000e+00
   2336.000   2300.152     0.6872  30.405807     0.6868  30.404736     4.5181     4.5956    -0.0032    96.1450 1.0000e-12  -65.84878  -71.37776 341.342770      99.97 6.6581e+01   5055.331     121329  1038.6414  1038.6406    34.7074    34.7064    7.88489         13 0.0000e+00
   2335.000   2299.171     0.6879  30.405885     0.6877  30.405129     4.5277     4.5983    -0.0087    96.1497 1.0000e-12  -65.84878  -71.37776 341.342776      99.97 6.6736e+01   5055.892     121342  1038.6366  1038.6360    34.7072    34.7064    7.88475         14 0.0000e+00
   2334.000   2298.194     0.6885  30.406068     0.6882  30.405163     4.5219     4.5966    -0.0096    96.1520 1.0000e-12  -65.84878  -71.37776 341.342783      99.97 6.6869e+01   5056.490     121357  1038.6321  1038.6316    34.7072    34.7065    7.88462         15 0.0000e+00
   2333.000   2297.213     0.6885  30.405660     0.6883  30.404936     4.5265     4.5910    -0.0094    96.1539 1.0000e-12  -65.84880  -71.37776 341.342792      99.97 6.6823e+01   5057.218     121374  1038.6276  1038.6270    34.7073    34.7065    7.88463         21 0.0000e+00
   2332.000   2296.232     0.6873  30.404259     0.6871  30.403394     4.5263     4.5898    -0.0067    96.1543 1.0000e-12  -65.84879  -71.37774 341.342815      99.97 6.6982e+01   5059.217     121422  1038.6232  1038.6226    34.7072    34.7064    7.88486         34 0.0000e+00
   2331.000   2295.255     0.6860  30.402728     0.6861  30.402242     4.5273     4.5984    -0.0058    96.1511 1.0000e-12  -65.84878  -71.37775 341.342848      99.97 6.6989e+01   5062.060     121490  1038.6189  1038.6184    34.7072    34.7065    7.88513         27 0.0000e+00
   2330.000   2294.275     0.6863  30.402612     0.6870  30.402417     4.5239     4.5896    -0.0060    96.1402 1.0000e-12  -65.84878  -71.37776 341.342859      99.97 6.6989e+01   5063.023     121514  1038.6144  1038.6135    34.7072    34.7062    7.88507         21 0.0000e+00
   2329.000   2293.296     0.6876  30.403365     0.6879  30.402947     4.5154     4.5942    -0.0027    96.1385 1.0000e-12  -65.84878  -71.37776 341.342868      99.97 6.6989e+01   5063.835     121533  1038.6098  1038.6090    34.7073    34.7064    7.88481         19 0.0000e+00
   2328.000   2292.318     0.6894  30.404535     0.6893  30.403786     4.5194     4.5959    -0.0149    96.1407 1.0000e-12  -65.84878  -71.37776 341.342877      99.97 6.6989e+01   5064.579     121551  1038.6050  1038.6044    34.7073    34.7065    7.88444         17 0.0000e+00
   2327.000   2291.336     0.6913  30.405777     0.6912  30.405217     4.5274     4.5904    -0.0173    96.1519 1.0000e-12  -65.84878  -71.37776 341.342886      99.98 6.6989e+01   5065.320     121569  1038.6002  1038.5997    34.7073    34.7067    7.88405         19 0.0000e+00
   2326.000   2290.357     0.6918  30.405968     0.6922  30.405596     4.5299     4.5909    -0.0132    96.1391 1.0000e-12  -65.84878  -71.37776 341.342896      99.97 6.6989e+01   5066.185     121589  1038.5958  1038.5950    34.7075    34.7066    7.88393         23 0.0000e+00
   2325.000   2289.378     0.6903  30.404148     0.6902  30.403639     4.5284     4.5906    -0.0116    96.1450 1.0000e-12  -65.84880  -71.37775 341.342912      99.97 6.6989e+01   5067.602     121623  1038.5913  1038.5910    34.7073    34.7068    7.88425         31 0.0000e+00
   2324.000   2288.399     0.6905  30.403971     0.6903  30.403161     4.5307     4.5874    -0.0125    96.1511 1.0000e-12  -65.84878  -71.37774 341.342937      99.97 6.6989e+01   5069.743     121675  1038.5869  1038.5863    34.7074    34.7066    7.88421         32 0.0000e+00
   2323.000   2287.420     0.6917  30.404591     0.6918  30.404027     4.5248     4.5902    -0.0166    96.1499 1.0000e-12  -65.84878  -71.37774 341.342949      99.97 6.6989e+01   5070.780     121700  1038.5822  1038.5816    34.7074    34.7066    7.88397         23 0.0000e+00
   2322.000   2286.441     0.6922  30.404689     0.6923  30.404090     4.5202     4.5910    -0.0135    96.1524 1.0000e-12  -65.84878  -71.37774 341.342960      99.97 6.6989e+01   5071.754     121723  1038.5777  1038.5770    34.7075    34.7066    7.88387         24 0.0000e+00
   2321.000   2285.461     0.6929  30.404848     0.6928  30.404151     4.5185     4.5928    -0.0092    96.1506 1.0000e-12  -65.84878  -71.37774 341.342973      99.97 6.6989e+01   5072.903     121751  1038.5730  1038.5725    34.7074    34.7066    7.88372         31 0.0000e+00
   2320.000   2284.483     0.6926  30.404230     0.6930  30.403892     4.5155     4.5973    -0.0127    96.1190 1.0000e-12  -65.84878  -71.37774 341.342988      99.97 6.6989e+01   5074.159     121781  1038.5686  1038.5679    34.7074    34.7066    7.88378         28 0.0000e+00
   2319.000   2283.502     0.6934  30.404416     0.6935  30.403914     4.5280     4.5929    -0.0163    96.1506 1.0000e-12  -65.84878  -71.37774 341.343000      99.97 6.6989e+01   5075.184     121805  1038.5639  1038.5633    34.7073    34.7065    7.88363         22 0.0000e+00
   2318.000   2282.523     0.6933  30.404087     0.6934  30.403532     4.5263     4.5880    -0.0098    96.1415 1.0000e-12  -65.84878  -71.37774 341.343010      99.97 6.6989e+01   5076.087     121827  1038.5596  1038.5589    34.7075    34.7066    7.88364         22 0.0000e+00
   2317.000   2281.543     0.6937  30.403908     0.6936  30.403238     4.5274     4.5914    -0.0036    96.1517 1.0000e-12  -65.84878  -71.37774 341.343022      99.97 6.6989e+01   5077.103     121851  1038.5549  1038.5543    34.7074    34.7066    7.88357         26 0.0000e+00
   2316.000   2280.563     0.6933  30.403319     0.6933  30.402606     4.5176     4.5912    -0.0086    96.1490 1.0000e-12  -65.84878  -71.37774 341.343043      99.97 6.7302e+01   5078.908     121895  1038.5506  1038.5499    34.7075    34.7066    7.88364         39 0.0000e+00
   2315.000   2279.585     0.6933  30.402842     0.6932  30.402093     4.5136     4.5895    -0.0116    96.1420 1.0000e-12  -65.84878  -71.37774 341.343062      99.97 6.8383e+01   5080.583     121935  1038.5460  1038.5454    34.7074    34.7066    7.88364         25 0.0000e+00
   2314.000   2278.607     0.6939  30.402886     0.6938  30.402233     4.5292     4.5918    -0.0136    96.1342 1.0000e-12  -65.84878  -71.37774 341.343072      99.97 6.7771e+01   5081.458     121956  1038.5413  1038.5408    34.7073    34.7066    7.88353         20 0.0000e+00
   2313.000   2277.627     0.6945  30.403093     0.6945  30.402384     4.5275     4.5904    -0.0085    96.1472 1.0000e-12  -65.84878  -71.37774 341.343082      99.97 6.8481e+01   5082.263     121975  1038.5368  1038.5361    34.7074    34.7065    7.88340         20 0.0000e+00
   2312.000   2276.648     0.6946  30.402778     0.6945  30.402146     4.5161     4.5874    -0.0158    96.1518 1.0000e-12  -65.84878  -71.37774 341.343092      99.97 6.8746e+01   5083.124     121996  1038.5323  1038.5317    34.7074    34.7067    7.88338         22 0.0000e+00
   2311.000   2275.667     0.6943  30.402171     0.6942  30.401443     4.5221     4.5918    -0.0045    96.1503 1.0000e-12  -65.84878  -71.37774 341.343105      99.97 6.8752e+01   5084.261     122023  1038.5278  1038.5272    34.7074    34.7066    7.88343         33 0.0000e+00
   2310.000   2274.690     0.6941  30.401627     0.6940  30.400886     4.5264     4.5941    -0.0116    96.1391 1.0000e-12  -65.84878  -71.37774 341.343123      99.97 6.8752e+01   5085.872     122062  1038.5234  1038.5227    34.7075    34.7066    7.88348         29 0.0000e+00
   2309.000   2273.707     0.6949  30.401867     0.6945  30.400891     4.5133     4.5917    -0.0156    96.1117 1.0000e-12  -65.84878  -71.37774 341.343139      99.97 6.8752e+01   5087.189     122094  1038.5187  1038.5181    34.7074    34.7066    7.88332         27 0.0000e+00
   2308.000   2272.730     0.6951  30.401658     0.6948  30.400789     4.5221     4.5940    -0.0123    96.1180 1.0000e-12  -65.84878  -71.37774 341.343151      99.97 6.8752e+01   5088.220     122118  1038.5142  1038.5136    34.7074    34.7067    7.88327         24 0.0000e+00
   2307.000   2271.750     0.6953  30.401441     0.6951  30.400702     4.5211     4.5908    -0.0089    96.1144 1.0000e-12  -65.84878  -71.37774 341.343163      99.97 6.8752e+01   5089.251     122143  1038.5097  1038.5091    34.7075    34.7067    7.88324         26 0.0000e+00
   2306.000   2270.772     0.6951  30.400838     0.6950  30.400144     4.5272     4.5907    -0.0084    96.1497 1.0000e-12  -65.84878  -71.37774 341.343177      99.97 6.8752e+01   5090.504     122173  1038.5052  1038.5046    34.7075    34.7066    7.88329         30 0.0000e+00
   2305.000   2269.790     0.6949  30.400345     0.6947  30.399588     4.5207     4.5884    -0.0085    96.1426 1.0000e-12  -65.84878  -71.37774 341.343196      99.97 6.8752e+01   5092.138     122212  1038.5007  1038.5001    34.7075    34.7067    7.88331         35 0.0000e+00
   2304.000   2268.813     0.6950  30.400033     0.6951  30.399460     4.5171     4.5887    -0.0077    96.1456 1.0000e-12  -65.84878  -71.37774 341.343212      99.97 6.8752e+01   5093.500     122245  1038.4962  1038.4956    34.7075    34.7067    7.88329         27 0.0000e+00
   2303.000   2267.831     0.6950  30.399643     0.6951  30.398936     4.5216     4.5877    -0.0106    96.1353 1.0000e-12  -65.84878  -71.37774 341.343223      99.97 6.8752e+01   5094.504     122269  1038.4917  1038.4909    34.7075    34.7065    7.88329         23 0.0000e+00
   2302.000   2266.853     0.6957  30.399776     0.6957  30.399247     4.5107     4.5871    -0.0161    96.1524 1.0000e-12  -65.84878  -71.37776 341.343234      99.98 6.8752e+01   5095.395     122290  1038.4870  1038.4864    34.7074    34.7067    7.88316         20 0.0000e+00
   2301.000   2265.873     0.6964  30.400031     0.6962  30.399343     4.5234     4.5855    -0.0090    96.1401 1.0000e-12  -65.84878  -71.37774 341.343244      99.97 6.8752e+01   5096.271     122312  1038.4824  1038.4819    34.7074    34.7067    7.88301         22 0.0000e+00
   2300.000   2264.892     0.6971  30.400310     0.6968  30.399415     4.5291     4.5867    -0.0026    96.1406 1.0000e-12  -65.84878  -71.37774 341.343255      99.97 6.8752e+01   5097.219     122334  1038.4779  1038.4773    34.7075    34.7067    7.88286         24 0.0000e+00
   2299.000   2263.916     0.6976  30.400337     0.6971  30.399289     4.5224     4.5852    -0.0067    96.1520 1.0000e-12  -65.84878  -71.37774 341.343268      99.97 6.8752e+01   5098.350     122361  1038.4732  1038.4727    34.7075    34.7067    7.88276         30 0.0000e+00
   2298.000   2262.934     0.6973  30.399590     0.6969  30.398632     4.5207     4.5913    -0.0087    96.1548 1.0000e-12  -65.84878  -71.37773 341.343283      99.98 6.8752e+01   5099.673     122393  1038.4687  1038.4681    34.7074    34.7066    7.88283         31 0.0000e+00
   2297.000   2261.956     0.6975  30.399462     0.6979  30.399204     4.5193     4.5881    -0.0160    96.1529 1.0000e-12  -65.84878  -71.37772 341.343299      99.97 6.8752e+01   5100.999     122425  1038.4643  1038.4636    34.7075    34.7067    7.88279         30 0.0000e+00
   2296.000   2260.975     0.6977  30.399396     0.6977  30.398587     4.5235     4.5933    -0.0082    96.1217 1.0000e-12  -65.84878  -71.37773 341.343316      99.97 6.9570e+01   5102.521     122462  1038.4599  1038.4591    34.7077    34.7067    7.88273         37 0.0000e+00
   2295.000   2259.996     0.6970  30.398260     0.6972  30.397874     4.5167     4.5915    -0.0117    96.1404 1.0000e-12  -65.84878  -71.37775 341.343338      99.97 7.0337e+01   5104.447     122508  1038.4554  1038.4547    34.7076    34.7068    7.88288         33 0.0000e+00
   2294.000   2259.018     0.6972  30.398057     0.6985  30.398482     4.5167     4.5895    -0.0124    96.1350 1.0000e-12  -65.84878  -71.37775 341.343354      99.97 7.0522e+01   5105.800     122540  1038.4508  1038.4500    34.7076    34.7067    7.88284         25 0.0000e+00
   2293.000   2258.038     0.6998  30.400025     0.6995  30.399045     4.5103     4.5892    -0.0086    96.1465 1.0000e-12  -65.84878  -71.37774 341.343365      99.97 7.0515e+01   5106.731     122563  1038.4461  1038.4454    34.7078    34.7068    7.88231         20 0.0000e+00
   2292.000   2257.057     0.7011  30.400631     0.7012  30.400057     4.5083     4.5903    -0.0092    96.1453 1.0000e-12  -65.84878  -71.37774 341.343374      99.97 7.0515e+01   5107.521     122582  1038.4412  1038.4406    34.7076    34.7068    7.88205         19 0.0000e+00
   2291.000   2256.081     0.7015  30.400524     0.7015  30.399977     4.5151     4.5903    -0.0154    96.1503 1.0000e-12  -65.84878  -71.37774 341.343383      99.98 7.0515e+01   5108.272     122600  1038.4366  1038.4361    34.7075    34.7069    7.88197         18 0.0000e+00
   2290.000   2255.097     0.7018  30.400569     0.7020  30.399940     4.5176     4.5878    -0.0089    96.1503 1.0000e-12  -65.84878  -71.37774 341.343391      99.97 7.0515e+01   5109.020     122617  1038.4322  1038.4314    34.7077    34.7067    7.88189         18 0.0000e+00
