NBP2113_155081_ctd/data/unbp2113_014.cnv
* Sea-Bird SBE 9 Data File:
* FileName = D:\Data\raw\NBP2113_014.hex
* Software Version Seasave V 7.26.7.121
* Temperature SN = 2438
* Conductivity SN = 2067
* Number of Bytes Per Scan = 40
* Number of Voltage Words = 5
* Number of Scans Averaged by the Deck Unit = 1
* NMEA Latitude = 65 28.72 S
* NMEA Longitude = 066 08.92 W
* NMEA UTC (Time) = Nov 27 2021  11:12:57
* NMEA baud rate = 9600
** Ship: RVIB N.B. Palmer
** Cruise: NBP2113 LTER
** Station: 500.060
** Operator: B. Urmston
# nquan = 25
# nvalues = 305                         
# units = specified
# name 0 = prDM: Pressure, Digiquartz [db]
# name 1 = depSM: Depth [salt water, m]
# name 2 = t090C: Temperature [ITS-90, deg C]
# name 3 = c0mS/cm: Conductivity [mS/cm]
# name 4 = t190C: Temperature, 2 [ITS-90, deg C]
# name 5 = c1mS/cm: Conductivity, 2 [mS/cm]
# name 6 = sbeox0ML/L: Oxygen, SBE 43 [ml/l]
# name 7 = sbeox1ML/L: Oxygen, SBE 43, 2 [ml/l]
# name 8 = flECO-AFL: Fluorescence, WET Labs ECO-AFL/FL [mg/m^3]
# name 9 = CStarTr0: Beam Transmission, WET Labs C-Star [%]
# name 10 = par: PAR/Irradiance, Biospherical/Licor
# name 11 = latitude: Latitude [deg]
# name 12 = longitude: Longitude [deg]
# name 13 = timeJ: Julian Days
# name 14 = altM: Altimeter [m]
# name 15 = spar: SPAR, Biospherical/Licor
# name 16 = timeS: Time, Elapsed [seconds]
# name 17 = scan: Scan Count
# name 18 = density00: Density [density, kg/m^3]
# name 19 = density11: Density, 2 [density, kg/m^3]
# name 20 = sal00: Salinity, Practical [PSU]
# name 21 = sal11: Salinity, Practical, 2 [PSU]
# name 22 = oxsolML/L: Oxygen Saturation, Garcia & Gordon [ml/l]
# name 23 = nbin: number of scans per bin
# name 24 = flag: flag
# span 0 =      1.000,    305.000       
# span 1 =      0.988,    301.776       
# span 2 =    -1.3094,     1.3188       
# span 3 =  27.186826,  30.046896       
# span 4 =    -1.3128,     1.3189       
# span 5 =  27.182700,  30.046049       
# span 6 =     4.3260,     9.7249       
# span 7 =     4.3164,     9.5421       
# span 8 =    -0.0172,     1.7086       
# span 9 =    89.6077,    97.4266       
# span 10 = 1.0000e-12, 1.8249e+02      
# span 11 =  -65.47883,  -65.47876      
# span 12 =  -66.14942,  -66.14898      
# span 13 = 331.478821, 331.489994      
# span 14 =       6.40,      99.98      
# span 15 = 1.8679e+02, 2.4504e+02      
# span 16 =    993.117,   1958.469      
# span 17 =      23836,      47004      
# span 18 =  1027.1715,  1029.1816      
# span 19 =  1027.1675,  1029.1805      
# span 20 =    33.7913,    34.6525      
# span 21 =    33.7874,    34.6513      
# span 22 =    7.76138,    8.35398      
# span 23 =         11,         50      
# span 24 = 0.0000e+00, 0.0000e+00      
# interval = decibars: 1                
# start_time = Nov 27 2021 11:12:57 [NMEA time, header]
# bad_flag = -9.990e-29
*END*
[from data line 232]
     73.000     72.270    -1.3094  27.186826    -1.3128  27.182700     7.3679     7.2333     0.1102    96.8257 4.3077e-01  -65.47880  -66.14934 331.486309      99.98 2.1331e+02   1640.126      39364  1027.6617  1027.6604    33.9466    33.9448    8.35398         19 0.0000e+00
     72.000     71.279    -1.2946  27.197415    -1.3029  27.189745     7.3900     7.2314     0.1256    96.8072 4.5025e-01  -65.47880  -66.14934 331.486318      99.98 2.1331e+02   1640.885      39382  1027.6546  1027.6542    33.9450    33.9439    8.35077         18 0.0000e+00
     71.000     70.288    -1.2685  27.216771    -1.2810  27.206083     7.3829     7.2393     0.1426    96.7656 4.7235e-01  -65.47881  -66.14934 331.486328      99.98 2.1331e+02   1641.757      39403  1027.6463  1027.6465    33.9425    33.9421    8.34507         24 0.0000e+00
     70.000     69.301    -1.2788  27.208370    -1.2828  27.204366     7.3750     7.2413     0.1572    96.7054 4.9801e-01  -65.47882  -66.14933 331.486351      99.98 2.1377e+02   1643.733      39451  1027.6429  1027.6422    33.9434    33.9424    8.34732         29 0.0000e+00
     69.000     68.310    -1.2798  27.207197    -1.2828  27.204681     7.3885     7.2569     0.1719    96.7475 5.5166e-01  -65.47880  -66.14932 331.486415      99.97 2.1514e+02   1649.242      39583  1027.6385  1027.6384    33.9435    33.9435    8.34754         37 0.0000e+00
     68.000     67.321    -1.2860  27.201759    -1.2854  27.200962     7.4033     7.2671     0.1575    96.7398 5.8470e-01  -65.47880  -66.14934 331.486427      99.98 2.1653e+02   1650.252      39607  1027.6342  1027.6326    33.9437    33.9419    8.34891         25 0.0000e+00
     67.000     66.330    -1.2603  27.220316    -1.2606  27.219155     7.4128     7.2672     0.1466    96.7043 6.1398e-01  -65.47880  -66.14932 331.486441      99.97 2.1682e+02   1651.479      39637  1027.6254  1027.6243    33.9407    33.9394    8.34336         34 0.0000e+00
     66.000     65.343    -1.2594  27.220229    -1.2682  27.212668     7.3957     7.2633     0.1632    96.6748 6.2119e-01  -65.47880  -66.14932 331.486490      99.97 2.1629e+02   1655.733      39739  1027.6204  1027.6204    33.9401    33.9397    8.34318         37 0.0000e+00
     65.000     64.349    -1.2586  27.219710    -1.2520  27.222448     7.4383     7.3031     0.1893    96.6505 6.6801e-01  -65.47880  -66.14932 331.486539      99.98 2.1573e+02   1659.985      39841  1027.6149  1027.6113    33.9391    33.9353    8.34306         37 0.0000e+00
     64.000     63.361    -1.2533  27.223046    -1.2506  27.223083     7.4843     7.3482     0.1781    96.6225 7.0099e-01  -65.47880  -66.14932 331.486573      99.98 2.1505e+02   1662.886      39910  1027.6091  1027.6064    33.9383    33.9353    8.34192         32 0.0000e+00
     63.000     62.370    -1.2414  27.226404    -1.2410  27.224197     7.5091     7.3516     0.1560    96.6067 7.3402e-01  -65.47880  -66.14932 331.486586      99.97 2.1507e+02   1664.058      39938  1027.5969  1027.5941    33.9300    33.9266    8.33975         29 0.0000e+00
     62.000     61.380    -1.2441  27.221653    -1.2449  27.219776     7.5042     7.3399     0.1916    96.5559 7.5633e-01  -65.47880  -66.14931 331.486622      99.98 2.1507e+02   1667.180      40013  1027.5902  1027.5888    33.9273    33.9255    8.34054         32 0.0000e+00
     61.000     60.390    -1.2443  27.221410    -1.2432  27.222388     7.4875     7.3400     0.2027    96.5350 7.9595e-01  -65.47880  -66.14930 331.486680      99.97 2.1507e+02   1672.132      40132  1027.5860  1027.5860    33.9277    33.9279    8.34054         48 0.0000e+00
     60.000     59.401    -1.2456  27.218930    -1.2454  27.217971     7.4873     7.3607     0.1728    96.5334 8.3308e-01  -65.47880  -66.14931 331.486743      99.97 2.1507e+02   1677.606      40264  1027.5802  1027.5790    33.9264    33.9249    8.34090         37 0.0000e+00
     59.000     58.410    -1.2441  27.215736    -1.2435  27.214994     7.5075     7.3870     0.2250    96.4799 8.6217e-01  -65.47882  -66.14930 331.487102      99.98 2.1507e+02   1708.639      41008  1027.5710  1027.5696    33.9210    33.9193    8.34090         39 0.0000e+00
     58.000     57.422    -1.2422  27.216935    -1.2438  27.214683     7.5292     7.3839     0.2128    96.4649 8.9607e-01  -65.47880  -66.14929 331.487152      99.97 2.1553e+02   1712.935      41111  1027.5661  1027.5653    33.9211    33.9198    8.34046         42 0.0000e+00
     57.000     56.432    -1.2390  27.218694    -1.2429  27.214959     7.5199     7.3962     0.2456    96.4400 9.3228e-01  -65.47881  -66.14928 331.487192      99.97 2.1556e+02   1716.408      41195  1027.5607  1027.5604    33.9205    33.9198    8.33979         36 0.0000e+00
     56.000     55.442    -1.2319  27.223601    -1.2261  27.226773     7.5675     7.4185     0.2339    96.4155 1.0305e+00  -65.47882  -66.14930 331.487224      99.97 2.1506e+02   1719.134      41260  1027.5549  1027.5527    33.9198    33.9176    8.33825         40 0.0000e+00
     55.000     54.451    -1.2137  27.236550    -1.2180  27.231995     7.5898     7.4301     0.2215    96.3928 1.0693e+00  -65.47881  -66.14929 331.487256      99.97 2.1507e+02   1721.917      41327  1027.5473  1027.5465    33.9176    33.9162    8.33432         38 0.0000e+00
     54.000     53.463    -1.1904  27.253826    -1.2023  27.243685     7.6219     7.4695     0.2136    96.3761 1.0476e+00  -65.47880  -66.14926 331.487310      99.97 2.1507e+02   1726.542      41438  1027.5398  1027.5402    33.9155    33.9151    8.32925         28 0.0000e+00
     53.000     52.472    -1.1547  27.282277    -1.1545  27.281126     7.6591     7.4968     0.2025    96.3134 1.1093e+00  -65.47880  -66.14927 331.487321      99.97 2.1507e+02   1727.501      41461  1027.5322  1027.5306    33.9147    33.9129    8.32136         27 0.0000e+00
     52.000     51.481    -1.1340  27.297710    -1.1459  27.286269     7.6516     7.4933     0.2237    96.2387 1.1846e+00  -65.47880  -66.14927 331.487336      99.97 2.1443e+02   1728.817      41493  1027.5250  1027.5239    33.9130    33.9108    8.31686         38 0.0000e+00
     51.000     50.492    -1.1356  27.296021    -1.1441  27.287856     7.6527     7.5093     0.2345    96.1905 1.2868e+00  -65.47880  -66.14929 331.487399      99.97 2.1330e+02   1734.236      41623  1027.5215  1027.5205    33.9131    33.9115    8.31721         41 0.0000e+00
     50.000     49.502    -1.1167  27.307463    -1.1191  27.304377     7.7019     7.5584     0.2149    96.1665 1.3416e+00  -65.47880  -66.14927 331.487453      99.97 2.1278e+02   1738.975      41736  1027.5118  1027.5107    33.9080    33.9065    8.31331         35 0.0000e+00
     49.000     48.511    -1.0639  27.336725    -1.0712  27.331133     7.8901     7.6593     0.2443    95.9659 1.3765e+00  -65.47880  -66.14924 331.487614      99.97 2.1098e+02   1752.828      42069  1027.4892  1027.4904    33.8889    33.8895    8.30273         31 0.0000e+00
     48.000     47.524    -1.0273  27.351640    -1.0263  27.354376     7.9827     7.7895     0.2783    95.7017 1.4015e+00  -65.47880  -66.14920 331.487821      99.97 2.0983e+02   1770.701      42498  1027.4671  1027.4691    33.8686    33.8712    8.29582         24 0.0000e+00
     47.000     46.532    -1.0309  27.350025    -1.0298  27.350051     7.9614     7.8064     0.3257    95.6115 1.4706e+00  -65.47880  -66.14916 331.487881      99.97 2.0978e+02   1775.951      42624  1027.4649  1027.4639    33.8710    33.8699    8.29647         43 0.0000e+00
     46.000     45.542    -1.0316  27.347122    -1.0314  27.348589     8.0449     7.8453     0.3243    95.6088 1.5944e+00  -65.47880  -66.14915 331.487914      99.97 2.1015e+02   1778.774      42692  1027.4582  1027.4596    33.8685    33.8703    8.29677         31 0.0000e+00
     45.000     44.553    -1.0347  27.335068    -1.0344  27.337760     8.0978     7.8792     0.3321    95.5529 1.7018e+00  -65.47880  -66.14916 331.487928      99.97 2.1156e+02   1780.009      42721  1027.4437  1027.4463    33.8562    33.8595    8.29819         29 0.0000e+00
     44.000     43.562    -1.0280  27.335182    -1.0337  27.330925     8.0969     7.8968     0.3692    95.5132 1.7845e+00  -65.47880  -66.14916 331.487942      99.97 2.1155e+02   1781.209      42750  1027.4329  1027.4338    33.8494    33.8500    8.29710         30 0.0000e+00
     43.000     42.574    -1.0252  27.327326    -1.0301  27.331544     8.0782     7.9168     0.4143    95.3490 1.8597e+00  -65.47880  -66.14915 331.487963      99.97 2.1125e+02   1782.979      42793  1027.4173  1027.4267    33.8362    33.8474    8.29727         36 0.0000e+00
     42.000     41.582    -1.0262  27.307970    -1.0281  27.305925     8.1057     7.9363     0.7155    95.2368 1.9906e+00  -65.47880  -66.14913 331.488020      99.97 2.1117e+02   1787.925      42911  1027.3927  1027.3922    33.8116    33.8109    8.29894         35 0.0000e+00
     41.000     40.593    -1.0178  27.325550    -1.0218  27.321982     8.1243     7.9506     0.6752    94.7351 2.1455e+00  -65.47880  -66.14912 331.488032      99.97 2.1155e+02   1788.927      42935  1027.3996  1027.3995    33.8267    33.8263    8.29619         26 0.0000e+00
     40.000     39.603    -0.9782  27.341632    -1.0015  27.327993     8.1167     7.9656     0.6532    93.9382 2.3162e+00  -65.47880  -66.14911 331.488047      99.97 2.1155e+02   1790.227      42966  1027.3745  1027.3821    33.8046    33.8122    8.28873         35 0.0000e+00
     39.000     38.611    -0.9484  27.361535    -0.9519  27.358235     8.1014     7.9699     0.9177    93.5619 2.5986e+00  -65.47880  -66.14912 331.488088      99.97 2.1155e+02   1793.800      43052  1027.3636  1027.3632    33.7988    33.7983    8.28250         31 0.0000e+00
     38.000     37.623    -0.9662  27.350121    -0.9582  27.354124     8.1287     7.9663     1.1740    92.2940 2.8342e+00  -65.47880  -66.14912 331.488113      99.97 2.1306e+02   1795.962      43104  1027.3645  1027.3610    33.8039    33.8003    8.28612         41 0.0000e+00
     37.000     36.633    -0.9559  27.357722    -0.9655  27.350137     8.1920     8.0035     1.0659    92.1975 3.0188e+00  -65.47880  -66.14911 331.488136      99.97 2.1331e+02   1797.962      43152  1027.3588  1027.3596    33.8033    33.8038    8.28389         31 0.0000e+00
     36.000     35.641    -0.8216  27.460476    -0.8241  27.457725     8.1844     8.0502     1.5667    90.7587 3.3804e+00  -65.47878  -66.14909 331.488192      83.82 2.1450e+02   1802.801      43268  1027.3381  1027.3372    33.7926    33.7917    8.25499         31 0.0000e+00
     35.000     34.654    -0.8921  27.405546    -0.8971  27.399597     8.1824     8.0499     1.4525    90.2573 3.9046e+00  -65.47878  -66.14910 331.488216      87.76 2.1508e+02   1804.896      43319  1027.3429  1027.3410    33.7978    33.7953    8.27015         33 0.0000e+00
     34.000     33.662    -0.8563  27.432081    -0.8564  27.431316     8.1659     8.0480     1.3951    90.3413 4.2052e+00  -65.47878  -66.14910 331.488233      72.46 2.1507e+02   1806.314      43353  1027.3329  1027.3320    33.7943    33.7933    8.26250         38 0.0000e+00
     33.000     32.673    -0.8413  27.443180    -0.8408  27.442359     8.2003     8.0658     1.5437    90.0768 4.2970e+00  -65.47878  -66.14907 331.488280      80.27 2.1507e+02   1810.396      43450  1027.3267  1027.3251    33.7931    33.7915    8.25927         32 0.0000e+00
     32.000     31.682    -0.8187  27.460457    -0.8175  27.460170     8.2103     8.0851     1.6119    90.0949 4.8584e+00  -65.47878  -66.14908 331.488312      99.25 2.1507e+02   1813.147      43517  1027.3197  1027.3182    33.7918    33.7901    8.25439         45 0.0000e+00
     31.000     30.693    -0.8204  27.458870    -0.8099  27.466310     8.2199     8.0879     1.6036    89.8531 5.3680e+00  -65.47878  -66.14908 331.488336      99.97 2.1507e+02   1815.234      43567  1027.3156  1027.3136    33.7922    33.7906    8.25474         41 0.0000e+00
     30.000     29.704    -0.8044  27.470980    -0.8042  27.470408     8.2228     8.0893     1.5514    89.7199 5.1259e+00  -65.47878  -66.14904 331.488594      99.97 2.1689e+02   1837.487      44101  1027.3099  1027.3091    33.7913    33.7903    8.25129         35 0.0000e+00
     29.000     28.711    -0.8122  27.464270    -0.8123  27.463037     8.2047     8.0799     1.5220    89.7196 5.4032e+00  -65.47876  -66.14904 331.488840      99.97 2.1683e+02   1858.800      44612  1027.3056  1027.3045    33.7916    33.7900    8.25298         28 0.0000e+00
     28.000     27.726    -0.8138  27.462542    -0.8127  27.462193     8.2266     8.0835     1.5721    89.7637 5.7719e+00  -65.47878  -66.14902 331.488886      99.97 2.1572e+02   1862.774      44708  1027.3011  1027.2997    33.7916    33.7899    8.25333         26 0.0000e+00
     27.000     26.733    -0.8136  27.462038    -0.8124  27.462208     8.2112     8.0810     1.3688    89.8125 7.0148e+00  -65.47876  -66.14903 331.488942      99.97 2.1334e+02   1867.623      44824  1027.2961  1027.2952    33.7914    33.7903    8.25331         16 0.0000e+00
     26.000     25.742    -0.8085  27.466077    -0.8040  27.469030     8.2295     8.0778     1.3866    89.8057 7.8570e+00  -65.47876  -66.14904 331.488951      99.97 2.1331e+02   1868.392      44842  1027.2912  1027.2902    33.7917    33.7907    8.25216         19 0.0000e+00
     25.000     24.753    -0.8091  27.465113    -0.8073  27.465633     8.2009     8.0792     1.4742    89.7707 8.5625e+00  -65.47877  -66.14903 331.488975      99.97 2.1331e+02   1870.466      44892  1027.2865  1027.2854    33.7917    33.7904    8.25229         30 0.0000e+00
     24.000     23.761    -0.8060  27.467362    -0.8099  27.462948     8.2102     8.0884     1.4300    89.7722 9.3462e+00  -65.47878  -66.14900 331.489041      99.97 2.1289e+02   1876.102      45027  1027.2818  1027.2808    33.7919    33.7902    8.25160         37 0.0000e+00
     23.000     22.773    -0.8045  27.468163    -0.8079  27.464130     8.2119     8.0958     1.6592    89.7531 1.0806e+01  -65.47877  -66.14901 331.489066      99.97 2.1165e+02   1878.303      45080  1027.2770  1027.2758    33.7919    33.7902    8.25127         34 0.0000e+00
     22.000     21.780    -0.8006  27.470994    -0.8028  27.468519     8.2243     8.0972     1.7079    89.7217 1.1835e+01  -65.47876  -66.14902 331.489093      99.96 2.1155e+02   1880.642      45136  1027.2721  1027.2714    33.7919    33.7911    8.25041         36 0.0000e+00
     21.000     20.794    -0.7953  27.475150    -0.7974  27.472462     8.2006     8.1018     1.6637    89.7511 1.2195e+01  -65.47877  -66.14899 331.489139      99.97 2.1120e+02   1884.617      45232  1027.2674  1027.2663    33.7924    33.7910    8.24925         19 0.0000e+00
     20.000     19.802    -0.7940  27.475955    -0.7947  27.474227     8.2085     8.1068     1.6112    89.7195 1.4080e+01  -65.47876  -66.14900 331.489172      99.97 2.0981e+02   1887.433      45299  1027.2627  1027.2614    33.7926    33.7910    8.24894         36 0.0000e+00
     19.000     18.813    -0.7954  27.474202    -0.7965  27.472148     8.2052     8.1054     1.5968    89.7133 1.6366e+01  -65.47876  -66.14902 331.489196      99.97 2.1089e+02   1889.526      45350  1027.2579  1027.2567    33.7923    33.7908    8.24925         32 0.0000e+00
     18.000     17.822    -0.7954  27.473520    -0.7962  27.471962     8.2126     8.1114     1.6049    89.7359 1.7593e+01  -65.47876  -66.14904 331.489222      99.97 2.1158e+02   1891.773      45404  1027.2529  1027.2519    33.7921    33.7908    8.24927         34 0.0000e+00
     17.000     16.832    -0.7963  27.472260    -0.7965  27.471106     8.2088     8.1053     1.4882    89.6376 1.8185e+01  -65.47876  -66.14902 331.489237      99.97 2.1155e+02   1893.103      45435  1027.2481  1027.2470    33.7920    33.7906    8.24948         35 0.0000e+00
