NBP2113_155081_ctd/data/unbp2113_023.cnv
* Sea-Bird SBE 9 Data File:
* FileName = D:\Data\raw\NBP2113_023.hex
* Software Version Seasave V 7.26.7.121
* Temperature SN = 2438
* Conductivity SN = 2067
* Number of Bytes Per Scan = 40
* Number of Voltage Words = 5
* Number of Scans Averaged by the Deck Unit = 1
* NMEA Latitude = 67 30.61 S
* NMEA Longitude = 070 35.52 W
* NMEA UTC (Time) = Dec 02 2021  00:50:18
* NMEA baud rate = 9600
** Ship: RVIB N.B. Palmer
** Cruise: NBP2113 LTER
** Station: 200.040
** Operator: S. Blackman
# nquan = 25
# nvalues = 747                         
# units = specified
# name 0 = prDM: Pressure, Digiquartz [db]
# name 1 = depSM: Depth [salt water, m]
# name 2 = t090C: Temperature [ITS-90, deg C]
# name 3 = c0mS/cm: Conductivity [mS/cm]
# name 4 = t190C: Temperature, 2 [ITS-90, deg C]
# name 5 = c1mS/cm: Conductivity, 2 [mS/cm]
# name 6 = sbeox0ML/L: Oxygen, SBE 43 [ml/l]
# name 7 = sbeox1ML/L: Oxygen, SBE 43, 2 [ml/l]
# name 8 = flECO-AFL: Fluorescence, WET Labs ECO-AFL/FL [mg/m^3]
# name 9 = CStarTr0: Beam Transmission, WET Labs C-Star [%]
# name 10 = par: PAR/Irradiance, Biospherical/Licor
# name 11 = latitude: Latitude [deg]
# name 12 = longitude: Longitude [deg]
# name 13 = timeJ: Julian Days
# name 14 = altM: Altimeter [m]
# name 15 = spar: SPAR, Biospherical/Licor
# name 16 = timeS: Time, Elapsed [seconds]
# name 17 = scan: Scan Count
# name 18 = density00: Density [density, kg/m^3]
# name 19 = density11: Density, 2 [density, kg/m^3]
# name 20 = sal00: Salinity, Practical [PSU]
# name 21 = sal11: Salinity, Practical, 2 [PSU]
# name 22 = oxsolML/L: Oxygen Saturation, Garcia & Gordon [ml/l]
# name 23 = nbin: number of scans per bin
# name 24 = flag: flag
# span 0 =      1.000,    747.000       
# span 1 =      0.991,    738.223       
# span 2 =    -0.8166,     1.4747       
# span 3 =  27.682499,  30.295063       
# span 4 =    -0.8181,     1.4744       
# span 5 =  27.679829,  30.293267       
# span 6 =    -2.2584,    18.9637       
# span 7 =     4.0098,    10.0440       
# span 8 =    -0.0225,     2.1471       
# span 9 =    89.4175,    97.1373       
# span 10 = 1.0000e-12, 2.2716e+01      
# span 11 =  -67.51062,  -67.51020      
# span 12 =  -70.59048,  -70.58552      
# span 13 = 336.051166, 336.066396      
# span 14 =       1.12,     100.00      
# span 15 = 2.1123e+01, 3.4902e+01      
# span 16 =   1402.734,   2718.616      
# span 17 =      33667,      65248      
# span 18 =  1027.3149,  1031.2985      
# span 19 =  1027.3132,  1031.2969      
# span 20 =    33.9757,    34.7153      
# span 21 =    33.9736,    34.7132      
# span 22 =    7.72890,    8.23747      
# span 23 =          9,         47      
# span 24 = 0.0000e+00, 0.0000e+00      
# interval = decibars: 1                
# start_time = Dec 02 2021 00:50:18 [NMEA time, header]
# bad_flag = -9.990e-29
*END*
[from data line 290]
    457.000    451.944     1.3881  30.214961     1.3878  30.213281     3.9695     4.0327     0.0021    97.1073 1.0000e-12  -67.51022  -70.58570 336.055794      99.98 2.9969e+01   1802.590      43263  1029.9278  1029.9264    34.7010    34.6992    7.74512         16 0.0000e+00
    456.000    450.955     1.3903  30.216425     1.3911  30.215540     3.9710     4.0308     0.0056    97.0639 1.0000e-12  -67.51022  -70.58568 336.055801      99.98 2.9969e+01   1803.245      43279  1029.9229  1029.9212    34.7011    34.6990    7.74469         16 0.0000e+00
    455.000    449.970     1.3927  30.217973     1.3928  30.216506     3.9710     4.0279     0.0046    97.0826 1.0000e-12  -67.51022  -70.58569 336.055809      99.97 2.9969e+01   1803.895      43294  1029.9179  1029.9163    34.7009    34.6989    7.74422         16 0.0000e+00
    454.000    448.977     1.3942  30.218836     1.3941  30.217278     3.9637     4.0285     0.0042    97.0476 1.0000e-12  -67.51022  -70.58570 336.055817      99.98 2.9969e+01   1804.554      43310  1029.9131  1029.9116    34.7010    34.6991    7.74393         16 0.0000e+00
    453.000    447.994     1.3950  30.218970     1.3947  30.217385     3.9644     4.0294     0.0032    97.0357 1.0000e-12  -67.51024  -70.58570 336.055825      99.97 2.9969e+01   1805.275      43328  1029.9082  1029.9068    34.7009    34.6991    7.74378         18 0.0000e+00
    452.000    447.004     1.3950  30.218570     1.3946  30.216861     3.9734     4.0281    -0.0031    97.0586 1.0000e-12  -67.51024  -70.58572 336.055835      99.98 2.9969e+01   1806.109      43348  1029.9036  1029.9022    34.7009    34.6991    7.74378         23 0.0000e+00
    451.000    446.017     1.3926  30.216072     1.3930  30.214949     3.9748     4.0302    -0.0040    97.0865 1.0000e-12  -67.51024  -70.58573 336.055857      99.98 2.9969e+01   1808.055      43394  1029.8992  1029.8977    34.7009    34.6990    7.74424         38 0.0000e+00
    450.000    445.028     1.3910  30.214091     1.3915  30.213141     3.9716     4.0339     0.0022    97.0968 1.0000e-12  -67.51024  -70.58574 336.055899      99.97 2.9969e+01   1811.697      43482  1029.8946  1029.8931    34.7007    34.6990    7.74457         32 0.0000e+00
    449.000    444.042     1.3925  30.215040     1.3920  30.213107     3.9699     4.0312    -0.0034    97.0975 1.0000e-12  -67.51023  -70.58574 336.055910      99.98 2.9969e+01   1812.650      43505  1029.8899  1029.8884    34.7009    34.6990    7.74427         22 0.0000e+00
    448.000    443.052     1.3941  30.215996     1.3939  30.214274     3.9703     4.0301    -0.0114    97.1070 1.0000e-12  -67.51022  -70.58575 336.055921      99.97 2.9969e+01   1813.570      43527  1029.8850  1029.8835    34.7009    34.6989    7.74395         22 0.0000e+00
    447.000    442.065     1.3954  30.216625     1.3951  30.214917     3.9711     4.0270    -0.0134    97.1014 1.0000e-12  -67.51022  -70.58576 336.055932      99.98 2.9969e+01   1814.513      43549  1029.8801  1029.8787    34.7008    34.6989    7.74369         23 0.0000e+00
    446.000    441.076     1.3967  30.217122     1.3967  30.215758     3.9623     4.0280    -0.0051    97.1191 1.0000e-12  -67.51022  -70.58576 336.055943      99.98 2.9969e+01   1815.466      43572  1029.8752  1029.8738    34.7006    34.6989    7.74346         22 0.0000e+00
    445.000    440.091     1.3973  30.217247     1.3971  30.215646     3.9586     4.0286     0.0018    97.1187 1.0000e-12  -67.51022  -70.58578 336.055952      99.97 2.9969e+01   1816.289      43592  1029.8704  1029.8690    34.7006    34.6988    7.74333         18 0.0000e+00
    444.000    439.100     1.3981  30.217490     1.3978  30.215832     3.9579     4.0286    -0.0049    97.1115 1.0000e-12  -67.51022  -70.58578 336.055960      99.98 2.9969e+01   1816.969      43608  1029.8657  1029.8643    34.7007    34.6989    7.74318         15 0.0000e+00
    443.000    438.114     1.3987  30.217455     1.3985  30.215829     3.9582     4.0262    -0.0040    97.1116 1.0000e-12  -67.51022  -70.58578 336.055967      99.98 2.9969e+01   1817.564      43623  1029.8609  1029.8594    34.7005    34.6987    7.74307         14 0.0000e+00
    442.000    437.127     1.3994  30.217533     1.3991  30.215873     3.9626     4.0274    -0.0038    97.1116 1.0000e-12  -67.51024  -70.58578 336.055974      99.98 2.9969e+01   1818.117      43636  1029.8561  1029.8546    34.7004    34.6986    7.74293         13 0.0000e+00
    441.000    436.135     1.3997  30.217326     1.3997  30.215874     3.9665     4.0278    -0.0046    97.1116 1.0000e-12  -67.51024  -70.58578 336.055980      99.98 2.9969e+01   1818.676      43649  1029.8514  1029.8499    34.7004    34.6986    7.74288         14 0.0000e+00
    440.000    435.149     1.4003  30.217351     1.4002  30.215790     3.9703     4.0279    -0.0039    97.1116 1.0000e-12  -67.51024  -70.58578 336.055987      99.97 2.9969e+01   1819.303      43664  1029.8465  1029.8451    34.7003    34.6985    7.74275         17 0.0000e+00
    439.000    434.160     1.3995  30.216175     1.3996  30.214969     3.9701     4.0264    -0.0055    97.1116 1.0000e-12  -67.51024  -70.58576 336.056000      99.98 2.9969e+01   1820.414      43691  1029.8420  1029.8406    34.7003    34.6987    7.74293         28 0.0000e+00
    438.000    433.175     1.3980  30.214607     1.3979  30.212989     3.9677     4.0270     0.0013    97.1116 1.0000e-12  -67.51024  -70.58580 336.056073      99.98 2.9969e+01   1826.701      43842  1029.8376  1029.8361    34.7005    34.6986    7.74320         25 0.0000e+00
    437.000    432.185     1.3987  30.214701     1.3984  30.213091     3.9653     4.0298     0.0012    97.1116 1.0000e-12  -67.51024  -70.58580 336.056081      99.98 2.9969e+01   1827.396      43859  1029.8329  1029.8315    34.7005    34.6988    7.74307         18 0.0000e+00
    436.000    431.198     1.3995  30.214806     1.3993  30.213301     3.9728     4.0329    -0.0064    97.1116 1.0000e-12  -67.51024  -70.58580 336.056089      99.97 2.9969e+01   1828.123      43876  1029.8280  1029.8266    34.7003    34.6986    7.74293         17 0.0000e+00
    435.000    430.210     1.4003  30.214924     1.4001  30.213368     3.9708     4.0347    -0.0122    97.1116 1.0000e-12  -67.51024  -70.58580 336.056097      99.97 2.9969e+01   1828.802      43892  1029.8230  1029.8216    34.7001    34.6984    7.74277         16 0.0000e+00
    434.000    429.221     1.4011  30.215110     1.4013  30.213859     3.9706     4.0334    -0.0124    97.1116 1.0000e-12  -67.51024  -70.58580 336.056104      99.98 2.9969e+01   1829.434      43907  1029.8182  1029.8167    34.7000    34.6982    7.74262         14 0.0000e+00
    433.000    428.234     1.4031  30.216292     1.4027  30.214491     3.9652     4.0326     0.0029    97.1116 1.0000e-12  -67.51024  -70.58580 336.056112      99.97 2.9969e+01   1830.028      43922  1029.8132  1029.8118    34.6999    34.6980    7.74224         14 0.0000e+00
    432.000    427.244     1.4038  30.216429     1.4040  30.215023     3.9632     4.0295    -0.0004    97.1116 1.0000e-12  -67.51024  -70.58580 336.056118      99.97 2.9969e+01   1830.607      43936  1029.8084  1029.8068    34.6999    34.6979    7.74209         14 0.0000e+00
    431.000    426.258     1.4046  30.216529     1.4047  30.215159     3.9631     4.0272    -0.0132    97.1116 1.0000e-12  -67.51024  -70.58582 336.056125      99.97 2.9969e+01   1831.177      43949  1029.8035  1029.8020    34.6997    34.6978    7.74195         14 0.0000e+00
    430.000    425.270     1.4059  30.216937     1.4059  30.215507     3.9646     4.0273    -0.0144    97.1116 1.0000e-12  -67.51024  -70.58582 336.056131      99.98 2.9969e+01   1831.747      43963  1029.7985  1029.7970    34.6994    34.6976    7.74172         13 0.0000e+00
    429.000    424.282     1.4070  30.217313     1.4071  30.215859     3.9613     4.0246    -0.0141    97.1116 1.0000e-12  -67.51024  -70.58582 336.056138      99.97 2.9969e+01   1832.357      43978  1029.7935  1029.7919    34.6992    34.6973    7.74151         16 0.0000e+00
    428.000    423.294     1.4073  30.216975     1.4060  30.214530     3.9597     4.0229    -0.0140    97.1116 1.0000e-12  -67.51024  -70.58582 336.056147      99.98 2.9969e+01   1833.101      43995  1029.7886  1029.7875    34.6990    34.6973    7.74145         21 0.0000e+00
    427.000    422.306     1.4055  30.215222     1.4042  30.212892     3.9656     4.0254    -0.0061    97.1116 1.0000e-12  -67.51026  -70.58583 336.056184      99.97 2.9969e+01   1836.309      44072  1029.7845  1029.7834    34.6993    34.6978    7.74179         35 0.0000e+00
    426.000    421.319     1.4078  30.216535     1.4063  30.213849     3.9671     4.0275    -0.0088    97.1116 1.0000e-12  -67.51024  -70.58584 336.056237      99.98 2.9969e+01   1840.851      44181  1029.7794  1029.7781    34.6990    34.6973    7.74135         35 0.0000e+00
    425.000    420.330     1.4047  30.213755     1.4029  30.210889     3.9583     4.0281    -0.0145    97.1116 1.0000e-12  -67.51024  -70.58584 336.056247      99.97 2.9969e+01   1841.700      44202  1029.7754  1029.7743    34.6995    34.6979    7.74194         18 0.0000e+00
    424.000    419.341     1.4034  30.212449     1.4025  30.210181     3.9545     4.0295    -0.0138    97.1116 1.0000e-12  -67.51024  -70.58584 336.056253      99.97 2.9969e+01   1842.297      44216  1029.7711  1029.7697    34.6998    34.6979    7.74217         12 0.0000e+00
    423.000    418.358     1.4070  30.214576     1.4065  30.212778     3.9561     4.0287    -0.0130    97.1092 1.0000e-12  -67.51024  -70.58584 336.056259      99.98 2.9969e+01   1842.765      44227  1029.7655  1029.7641    34.6991    34.6973    7.74150         11 0.0000e+00
    422.000    417.366     1.4091  30.215392     1.4094  30.213933     3.9592     4.0288    -0.0121    97.1116 1.0000e-12  -67.51024  -70.58584 336.056264      99.98 2.9969e+01   1843.191      44238  1029.7600  1029.7582    34.6984    34.6963    7.74113         10 0.0000e+00
    421.000    416.377     1.4097  30.215183     1.4097  30.213815     3.9604     4.0320    -0.0150    97.1116 1.0000e-12  -67.51024  -70.58584 336.056268      99.98 2.9969e+01   1843.588      44247  1029.7550  1029.7536    34.6981    34.6963    7.74103          9 0.0000e+00
    420.000    415.392     1.4104  30.215198     1.4101  30.213469     3.9583     4.0289    -0.0113    97.1039 1.0000e-12  -67.51024  -70.58586 336.056273      99.97 2.9969e+01   1843.979      44257  1029.7501  1029.7486    34.6979    34.6960    7.74090         10 0.0000e+00
    419.000    414.398     1.4107  30.214884     1.4102  30.213168     3.9616     4.0255    -0.0135    97.0864 1.0000e-12  -67.51024  -70.58586 336.056278      99.98 2.9969e+01   1844.381      44266  1029.7454  1029.7440    34.6978    34.6961    7.74086         10 0.0000e+00
    418.000    413.414     1.4106  30.214337     1.4103  30.212728     3.9652     4.0260    -0.0130    97.0858 1.0000e-12  -67.51025  -70.58586 336.056283      99.98 2.9969e+01   1844.817      44277  1029.7406  1029.7392    34.6977    34.6960    7.74087         11 0.0000e+00
    417.000    412.425     1.4103  30.213733     1.4101  30.212124     3.9667     4.0250    -0.0129    97.0858 1.0000e-12  -67.51026  -70.58586 336.056289      99.98 2.9969e+01   1845.340      44289  1029.7360  1029.7345    34.6978    34.6960    7.74092         14 0.0000e+00
    416.000    411.438     1.4098  30.212975     1.4097  30.211410     3.9703     4.0242    -0.0111    97.0898 1.0000e-12  -67.51026  -70.58588 336.056313      99.98 2.9362e+01   1847.444      44340  1029.7316  1029.7301    34.6980    34.6961    7.74101         26 0.0000e+00
    415.000    410.450     1.4094  30.212314     1.4094  30.210865     3.9687     4.0241    -0.0045    97.1088 1.0000e-12  -67.51026  -70.58588 336.056364      99.98 2.8217e+01   1851.812      44444  1029.7271  1029.7256    34.6983    34.6964    7.74109         20 0.0000e+00
    414.000    409.461     1.4101  30.212237     1.4102  30.210905     3.9684     4.0252    -0.0089    97.0918 1.0000e-12  -67.51026  -70.58588 336.056374      99.97 2.8206e+01   1852.731      44467  1029.7222  1029.7206    34.6979    34.6961    7.74097         23 0.0000e+00
    413.000    408.474     1.4102  30.211802     1.4102  30.210485     3.9694     4.0239    -0.0095    97.0945 1.0000e-12  -67.51026  -70.58589 336.056386      99.98 2.8206e+01   1853.755      44491  1029.7174  1029.7160    34.6979    34.6962    7.74095         24 0.0000e+00
    412.000    407.486     1.4105  30.211749     1.4102  30.210132     3.9619     4.0223    -0.0037    97.0883 1.0000e-12  -67.51026  -70.58590 336.056396      99.98 2.8206e+01   1854.652      44513  1029.7128  1029.7114    34.6980    34.6962    7.74088         19 0.0000e+00
    411.000    406.497     1.4112  30.211912     1.4111  30.210211     3.9598     4.0218    -0.0056    97.0858 1.0000e-12  -67.51026  -70.58590 336.056405      99.98 2.8206e+01   1855.377      44530  1029.7080  1029.7064    34.6980    34.6960    7.74074         17 0.0000e+00
    410.000    405.510     1.4142  30.213719     1.4143  30.212292     3.9603     4.0212    -0.0001    97.1029 1.0000e-12  -67.51026  -70.58590 336.056412      99.98 2.8206e+01   1856.039      44546  1029.7026  1029.7011    34.6975    34.6956    7.74017         16 0.0000e+00
    409.000    404.522     1.4160  30.214593     1.4157  30.212867     3.9625     4.0223     0.0020    97.0948 1.0000e-12  -67.51026  -70.58590 336.056421      99.97 2.8206e+01   1856.742      44563  1029.6975  1029.6961    34.6972    34.6954    7.73983         18 0.0000e+00
    408.000    403.532     1.4156  30.213783     1.4157  30.212464     3.9679     4.0245    -0.0059    97.0998 1.0000e-12  -67.51026  -70.58591 336.056431      99.98 2.8206e+01   1857.681      44585  1029.6929  1029.6915    34.6972    34.6955    7.73992         24 0.0000e+00
    407.000    402.547     1.4118  30.210455     1.4121  30.209214     3.9663     4.0267     0.0017    97.1028 1.0000e-12  -67.51026  -70.58594 336.056468      99.98 2.8206e+01   1860.833      44661  1029.6891  1029.6875    34.6978    34.6958    7.74064         32 0.0000e+00
    406.000    401.558     1.4137  30.211506     1.4138  30.209952     3.9659     4.0246     0.0036    97.1081 1.0000e-12  -67.51026  -70.58595 336.056480      99.98 2.8206e+01   1861.905      44687  1029.6841  1029.6824    34.6975    34.6955    7.74027         22 0.0000e+00
    405.000    400.569     1.4190  30.215650     1.4185  30.213691     3.9638     4.0213     0.0038    97.1089 1.0000e-12  -67.51026  -70.58595 336.056490      99.98 2.8206e+01   1862.725      44706  1029.6788  1029.6773    34.6975    34.6956    7.73923         19 0.0000e+00
    404.000    399.578     1.4261  30.221565     1.4266  30.220665     3.9671     4.0282    -0.0040    97.1115 1.0000e-12  -67.51026  -70.58594 336.056500      99.97 2.8206e+01   1863.599      44727  1029.6736  1029.6722    34.6978    34.6961    7.73782         23 0.0000e+00
    403.000    398.593     1.4279  30.222721     1.4256  30.219373     3.9678     4.0262    -0.0026    97.1319 1.0000e-12  -67.51027  -70.58593 336.056515      99.98 2.8206e+01   1864.873      44758  1029.6689  1029.6678    34.6979    34.6962    7.73747         36 0.0000e+00
    402.000    397.606     1.4289  30.223200     1.4282  30.221284     3.9630     4.0259    -0.0026    97.1161 1.0000e-12  -67.51028  -70.58592 336.056530      99.97 2.8206e+01   1866.150      44789  1029.6641  1029.6629    34.6979    34.6963    7.73726         23 0.0000e+00
    401.000    396.617     1.4317  30.225089     1.4304  30.222572     3.9664     4.0269    -0.0109    97.1128 1.0000e-12  -67.51028  -70.58592 336.056540      99.98 2.8206e+01   1867.089      44811  1029.6591  1029.6578    34.6979    34.6961    7.73672         21 0.0000e+00
