NBP2113_155081_ctd/data/unbp2113_048.cnv
* Sea-Bird SBE 9 Data File:
* FileName = D:\Data\raw\NBP2113_048.hex
* Software Version Seasave V 7.26.7.121
* Temperature SN = 2438
* Conductivity SN = 2067
* Number of Bytes Per Scan = 40
* Number of Voltage Words = 5
* Number of Scans Averaged by the Deck Unit = 1
* NMEA Latitude = 64 50.77 S
* NMEA Longitude = 064 00.25 W
* NMEA UTC (Time) = Dec 11 2021  07:43:13
* NMEA baud rate = 9600
** Ship: RVIB N.B. Palmer
** Cruise: NBP2113 LTER
** Station: 620.032
** Operator: B. Urmston
# nquan = 25
# nvalues = 397                         
# units = specified
# name 0 = prDM: Pressure, Digiquartz [db]
# name 1 = depSM: Depth [salt water, m]
# name 2 = t090C: Temperature [ITS-90, deg C]
# name 3 = c0mS/cm: Conductivity [mS/cm]
# name 4 = t190C: Temperature, 2 [ITS-90, deg C]
# name 5 = c1mS/cm: Conductivity, 2 [mS/cm]
# name 6 = sbeox0ML/L: Oxygen, SBE 43 [ml/l]
# name 7 = sbeox1ML/L: Oxygen, SBE 43, 2 [ml/l]
# name 8 = flECO-AFL: Fluorescence, WET Labs ECO-AFL/FL [mg/m^3]
# name 9 = CStarTr0: Beam Transmission, WET Labs C-Star [%]
# name 10 = par: PAR/Irradiance, Biospherical/Licor
# name 11 = latitude: Latitude [deg]
# name 12 = longitude: Longitude [deg]
# name 13 = timeJ: Julian Days
# name 14 = altM: Altimeter [m]
# name 15 = spar: SPAR, Biospherical/Licor
# name 16 = timeS: Time, Elapsed [seconds]
# name 17 = scan: Scan Count
# name 18 = density00: Density [density, kg/m^3]
# name 19 = density11: Density, 2 [density, kg/m^3]
# name 20 = sal00: Salinity, Practical [PSU]
# name 21 = sal11: Salinity, Practical, 2 [PSU]
# name 22 = oxsolML/L: Oxygen Saturation, Garcia & Gordon [ml/l]
# name 23 = nbin: number of scans per bin
# name 24 = flag: flag
# span 0 =      1.000,    397.000       
# span 1 =      0.990,    392.736       
# span 2 =    -0.3454,     1.3875       
# span 3 =  27.813713,  30.156227       
# span 4 =    -0.3232,     1.3872       
# span 5 =  27.837731,  30.154738       
# span 6 =     4.1809,     9.5026       
# span 7 =     4.2458,     9.8630       
# span 8 =    -0.0220,     1.8646       
# span 9 =    83.9902,    91.2036       
# span 10 = 1.0000e-12, 6.2505e+01      
# span 11 =  -64.84628,  -64.84602      
# span 12 =  -64.00421,  -64.00378      
# span 13 = 345.333225, 345.343728      
# span 14 =      10.07,     100.65      
# span 15 = 3.8779e+01, 4.5834e+01      
# span 16 =    997.644,   1905.131      
# span 17 =      23944,      45724      
# span 18 =  1027.1111,  1029.6151      
# span 19 =  1027.1091,  1029.6139      
# span 20 =    33.7441,    34.6617      
# span 21 =    33.7421,    34.6602      
# span 22 =    7.74736,    8.15395      
# span 23 =         16,         49      
# span 24 = 0.0000e+00, 0.0000e+00      
# interval = decibars: 1                
# start_time = Dec 11 2021 07:43:13 [NMEA time, header]
# bad_flag = -9.990e-29
*END*
[from data line 58]
    339.000    335.405     1.2974  30.035848     1.2947  30.031483     4.3354     4.3789    -0.0078    91.1892 1.0000e-12  -64.84604  -64.00380 345.334923      65.07 4.4072e+01   1144.313      27465  1029.3344  1029.3326    34.6407    34.6381    7.76626         27 0.0000e+00
    338.000    334.418     1.2835  30.019883     1.2802  30.015798     4.3317     4.3800    -0.0129    91.1929 1.0000e-12  -64.84603  -64.00380 345.334936      64.09 4.4072e+01   1145.502      27493  1029.3276  1029.3265    34.6362    34.6346    7.76925         31 0.0000e+00
    337.000    333.428     1.2805  30.016239     1.2768  30.010923     4.3251     4.3845    -0.0033    91.1940 1.0000e-12  -64.84602  -64.00380 345.334953      66.27 4.4072e+01   1146.932      27527  1029.3223  1029.3206    34.6354    34.6328    7.76988         32 0.0000e+00
    336.000    332.439     1.2786  30.013766     1.2765  30.010753     4.3507     4.4002    -0.0047    91.1993 1.0000e-12  -64.84602  -64.00380 345.334969      67.19 4.4072e+01   1148.364      27562  1029.3174  1029.3162    34.6350    34.6334    7.77029         31 0.0000e+00
    335.000    331.452     1.2637  29.998270     1.2604  29.993286     4.3749     4.4135    -0.0030    91.1738 1.0000e-12  -64.84602  -64.00380 345.334983      67.81 4.4072e+01   1149.513      27589  1029.3118  1029.3100    34.6322    34.6295    7.77338         25 0.0000e+00
    334.000    330.462     1.2527  29.985570     1.2531  29.985254     4.3904     4.4207    -0.0113    91.1891 1.0000e-12  -64.84602  -64.00380 345.334994      70.24 4.4072e+01   1150.474      27612  1029.3054  1029.3046    34.6287    34.6278    7.77575         22 0.0000e+00
    333.000    329.475     1.2405  29.972416     1.2401  29.971123     4.3842     4.4176    -0.0220    91.1892 1.0000e-12  -64.84602  -64.00380 345.335004      70.97 4.4072e+01   1151.352      27633  1029.2997  1029.2986    34.6260    34.6247    7.77832         20 0.0000e+00
    332.000    328.484     1.2376  29.968371     1.2397  29.969413     4.3751     4.4166    -0.0082    91.1892 1.0000e-12  -64.84602  -64.00380 345.335014      71.95 4.4072e+01   1152.196      27654  1029.2939  1029.2929    34.6245    34.6236    7.77896         21 0.0000e+00
    331.000    327.499     1.2389  29.969263     1.2404  29.970055     4.3626     4.4208    -0.0126    91.1892 1.0000e-12  -64.84602  -64.00380 345.335025      73.02 4.4072e+01   1153.127      27676  1029.2892  1029.2885    34.6248    34.6242    7.77869         23 0.0000e+00
    330.000    326.507     1.2446  29.975023     1.2428  29.971752     4.3641     4.4182    -0.0099    91.1953 1.0000e-12  -64.84602  -64.00380 345.335040      73.85 4.4072e+01   1154.411      27707  1029.2851  1029.2835    34.6265    34.6243    7.77748         33 0.0000e+00
    329.000    325.521     1.2402  29.970013     1.2432  29.972091     4.3599     4.4162    -0.0097    91.1730 1.0000e-12  -64.84602  -64.00378 345.335066      74.95 4.4072e+01   1156.693      27762  1029.2799  1029.2790    34.6255    34.6249    7.77840         41 0.0000e+00
    328.000    324.531     1.2397  29.969141     1.2433  29.971744     4.3626     4.4219    -0.0038    91.1910 1.0000e-12  -64.84602  -64.00378 345.335086      73.52 4.4072e+01   1158.397      27803  1029.2751  1029.2742    34.6256    34.6248    7.77850         28 0.0000e+00
    327.000    323.543     1.2400  29.969084     1.2402  29.968315     4.3617     4.4249     0.0001    91.1892 1.0000e-12  -64.84602  -64.00380 345.335097      75.70 4.4072e+01   1159.346      27825  1029.2704  1029.2694    34.6257    34.6245    7.77842         20 0.0000e+00
    326.000    322.553     1.2374  29.965973     1.2367  29.964212     4.3590     4.4220    -0.0004    91.1892 1.0000e-12  -64.84602  -64.00380 345.335105      75.67 4.4072e+01   1160.086      27843  1029.2655  1029.2645    34.6252    34.6237    7.77897         17 0.0000e+00
    325.000    321.565     1.2355  29.963283     1.2339  29.960820     4.3608     4.4207    -0.0119    91.1847 1.0000e-12  -64.84602  -64.00380 345.335113      76.33 4.4072e+01   1160.789      27860  1029.2604  1029.2595    34.6244    34.6231    7.77939         17 0.0000e+00
    324.000    320.577     1.2354  29.962897     1.2337  29.960039     4.3628     4.4262    -0.0149    91.1642 1.0000e-12  -64.84602  -64.00379 345.335123      78.35 4.4072e+01   1161.592      27879  1029.2558  1029.2545    34.6246    34.6228    7.77940         23 0.0000e+00
    323.000    319.588     1.2381  29.965232     1.2356  29.961604     4.3652     4.4247    -0.0117    91.1762 1.0000e-12  -64.84602  -64.00378 345.335142      79.15 4.4072e+01   1163.267      27919  1029.2512  1029.2499    34.6251    34.6233    7.77882         24 0.0000e+00
    322.000    318.597     1.2409  29.967508     1.2391  29.965151     4.3609     4.4268    -0.0138    91.1716 1.0000e-12  -64.84602  -64.00379 345.335181      79.73 4.4072e+01   1166.679      28001  1029.2465  1029.2457    34.6256    34.6245    7.77826         34 0.0000e+00
    321.000    317.611     1.2384  29.964888     1.2375  29.962834     4.3665     4.4247    -0.0128    91.1788 1.0000e-12  -64.84602  -64.00379 345.335196      79.56 4.4072e+01   1167.962      28032  1029.2420  1029.2408    34.6256    34.6240    7.77875         30 0.0000e+00
    320.000    316.621     1.2377  29.963571     1.2366  29.961484     4.3736     4.4233    -0.0118    91.1668 1.0000e-12  -64.84602  -64.00379 345.335212      79.94 4.4072e+01   1169.330      28065  1029.2371  1029.2360    34.6253    34.6237    7.77891         34 0.0000e+00
    319.000    315.632     1.2374  29.962853     1.2329  29.957136     4.3687     4.4265    -0.0047    91.1841 1.0000e-12  -64.84602  -64.00378 345.335234      81.22 4.4072e+01   1171.188      28110  1029.2323  1029.2309    34.6253    34.6229    7.77897         38 0.0000e+00
    318.000    314.646     1.2384  29.963391     1.2367  29.960561     4.3862     4.4402    -0.0019    91.1896 1.0000e-12  -64.84602  -64.00378 345.335280      81.94 4.4072e+01   1175.169      28205  1029.2276  1029.2264    34.6254    34.6236    7.77876         29 0.0000e+00
    317.000    313.656     1.2324  29.956903     1.2352  29.958833     4.4424     4.4774     0.0047    91.1892 1.0000e-12  -64.84602  -64.00380 345.335303      82.96 4.4072e+01   1177.142      28252  1029.2227  1029.2218    34.6243    34.6236    7.78001         28 0.0000e+00
    316.000    312.666     1.2030  29.927832     1.2101  29.934327     4.4488     4.4863    -0.0055    91.1892 1.0000e-12  -64.84602  -64.00380 345.335315      83.52 4.4072e+01   1178.184      28277  1029.2177  1029.2173    34.6201    34.6206    7.78607         24 0.0000e+00
    315.000    311.676     1.1843  29.904383     1.1767  29.895537     4.4326     4.4845    -0.0058    91.1884 1.0000e-12  -64.84602  -64.00380 345.335329      85.46 4.4072e+01   1179.420      28307  1029.2077  1029.2061    34.6114    34.6084    7.79025         34 0.0000e+00
    314.000    310.687     1.1976  29.917918     1.1917  29.911326     4.4139     4.4760    -0.0032    91.1693 1.0000e-12  -64.84602  -64.00378 345.335365      86.03 4.4072e+01   1182.557      28382  1029.2037  1029.2028    34.6146    34.6126    7.78744         31 0.0000e+00
    313.000    309.701     1.1988  29.920001     1.1955  29.914730     4.4321     4.4911    -0.0041    91.1497 1.0000e-12  -64.84603  -64.00378 345.335395      86.73 4.4072e+01   1185.141      28444  1029.2004  1029.1982    34.6166    34.6134    7.78710         44 0.0000e+00
    312.000    308.712     1.1779  29.896910     1.1791  29.897190     4.4566     4.5065    -0.0078    91.1872 1.0000e-12  -64.84603  -64.00378 345.335416      88.50 4.4072e+01   1186.950      28488  1029.1930  1029.1920    34.6107    34.6097    7.79157         39 0.0000e+00
    311.000    307.723     1.1734  29.891661     1.1727  29.889845     4.4428     4.5053    -0.0098    91.1755 1.0000e-12  -64.84602  -64.00378 345.335435      88.80 4.4072e+01   1188.620      28528  1029.1877  1029.1865    34.6095    34.6079    7.79253         38 0.0000e+00
    310.000    306.736     1.1772  29.895628     1.1768  29.893971     4.4386     4.4998    -0.0097    91.1147 1.0000e-12  -64.84602  -64.00378 345.335466      90.90 4.4072e+01   1191.248      28591  1029.1836  1029.1821    34.6110    34.6092    7.79170         36 0.0000e+00
    309.000    305.745     1.1741  29.891712     1.1726  29.888947     4.4424     4.5092    -0.0107    91.1735 1.0000e-12  -64.84602  -64.00378 345.335493      90.70 4.4072e+01   1193.599      28647  1029.1782  1029.1769    34.6099    34.6081    7.79235         41 0.0000e+00
    308.000    304.757     1.1710  29.888003     1.1706  29.886389     4.4454     4.5053    -0.0145    91.1603 1.0000e-12  -64.84604  -64.00379 345.335511      91.55 4.4072e+01   1195.171      28685  1029.1732  1029.1719    34.6092    34.6076    7.79301         32 0.0000e+00
    307.000    303.767     1.1706  29.887124     1.1697  29.885171     4.4439     4.5026    -0.0076    91.1687 1.0000e-12  -64.84604  -64.00379 345.335530      92.72 4.4072e+01   1196.797      28724  1029.1684  1029.1672    34.6091    34.6076    7.79311         32 0.0000e+00
    306.000    302.776     1.1720  29.888147     1.1703  29.885284     4.4476     4.5066    -0.0074    91.1874 1.0000e-12  -64.84603  -64.00378 345.335563      93.69 4.4072e+01   1199.679      28793  1029.1637  1029.1624    34.6094    34.6076    7.79281         28 0.0000e+00
    305.000    301.791     1.1708  29.886535     1.1707  29.885256     4.4474     4.5084    -0.0045    91.1785 1.0000e-12  -64.84602  -64.00378 345.335600      94.79 4.4072e+01   1202.876      28870  1029.1589  1029.1577    34.6092    34.6077    7.79305         39 0.0000e+00
    304.000    300.802     1.1691  29.884282     1.1700  29.884074     4.4539     4.5125    -0.0095    91.1875 1.0000e-12  -64.84603  -64.00379 345.335627      95.90 4.4072e+01   1205.165      28925  1029.1540  1029.1529    34.6089    34.6076    7.79341         37 0.0000e+00
    303.000    299.813     1.1657  29.880332     1.1640  29.877503     4.4538     4.5107    -0.0074    91.1780 1.0000e-12  -64.84604  -64.00379 345.335649      97.91 4.4072e+01   1207.091      28971  1029.1491  1029.1478    34.6082    34.6064    7.79414         36 0.0000e+00
    302.000    298.825     1.1648  29.878587     1.1644  29.877103     4.4473     4.5107    -0.0039    91.1990 1.0000e-12  -64.84604  -64.00378 345.336012      97.27 4.4072e+01   1238.435      29723  1029.1438  1029.1426    34.6075    34.6060    7.79434         34 0.0000e+00
    301.000    297.837     1.1665  29.880005     1.1673  29.879914     4.4417     4.5055    -0.0119    91.1701 1.0000e-12  -64.84604  -64.00378 345.336167      97.69 4.4072e+01   1251.848      30045  1029.1392  1029.1383    34.6080    34.6069    7.79398         24 0.0000e+00
    300.000    296.847     1.1705  29.883967     1.1711  29.883501     4.4372     4.5077    -0.0128    91.1840 1.0000e-12  -64.84604  -64.00378 345.336173      98.62 4.4072e+01   1252.393      30058  1029.1351  1029.1340    34.6093    34.6079    7.79312         20 0.0000e+00
    299.000    295.859     1.1714  29.884418     1.1723  29.884404     4.4426     4.5079    -0.0079    91.1628 1.0000e-12  -64.84604  -64.00380 345.336183      99.63 4.4072e+01   1253.201      30078  1029.1305  1029.1295    34.6094    34.6083    7.79293         20 0.0000e+00
    298.000    294.868     1.1717  29.884342     1.1718  29.883543     4.4464     4.5088    -0.0147    91.1872 1.0000e-12  -64.84604  -64.00378 345.336194      99.86 4.4072e+01   1254.132      30100  1029.1259  1029.1250    34.6096    34.6084    7.79286         25 0.0000e+00
    297.000    293.879     1.1707  29.882942     1.1703  29.881323     4.4508     4.5103    -0.0105    91.1782 1.0000e-12  -64.84604  -64.00379 345.336210      99.96 4.4072e+01   1255.509      30133  1029.1212  1029.1200    34.6094    34.6078    7.79306         34 0.0000e+00
    296.000    292.892     1.1690  29.880734     1.1684  29.879185     4.4482     4.5110    -0.0152    91.1749 1.0000e-12  -64.84604  -64.00379 345.336227      99.97 4.4072e+01   1257.054      30170  1029.1164  1029.1155    34.6091    34.6078    7.79343         31 0.0000e+00
    295.000    291.903     1.1642  29.875208     1.1646  29.874413     4.4524     4.5134    -0.0150    91.1715 1.0000e-12  -64.84604  -64.00378 345.336240      99.97 4.4072e+01   1258.125      30196  1029.1112  1029.1100    34.6079    34.6064    7.79444         22 0.0000e+00
    294.000    290.915     1.1649  29.875552     1.1641  29.873469     4.4476     4.5159    -0.0150    91.1756 1.0000e-12  -64.84604  -64.00379 345.336250      99.97 4.4072e+01   1258.963      30216  1029.1066  1029.1053    34.6081    34.6063    7.79429         19 0.0000e+00
    293.000    289.926     1.1647  29.874803     1.1640  29.873010     4.4474     4.5118    -0.0150    91.1770 1.0000e-12  -64.84604  -64.00379 345.336259      99.97 4.4072e+01   1259.735      30235  1029.1018  1029.1007    34.6079    34.6064    7.79433         19 0.0000e+00
    292.000    288.935     1.1636  29.873542     1.1634  29.872155     4.4470     4.5121    -0.0150    91.1854 1.0000e-12  -64.84604  -64.00379 345.336268      99.97 4.4072e+01   1260.578      30255  1029.0974  1029.0962    34.6081    34.6066    7.79454         22 0.0000e+00
    291.000    287.948     1.1636  29.872797     1.1635  29.871635     4.4478     4.5116    -0.0109    91.1891 1.0000e-12  -64.84604  -64.00379 345.336283      99.97 4.4072e+01   1261.862      30286  1029.0924  1029.0913    34.6078    34.6063    7.79457         36 0.0000e+00
    290.000    286.959     1.1649  29.873677     1.1640  29.871722     4.4510     4.5160    -0.0102    91.1765 1.0000e-12  -64.84604  -64.00378 345.336312      67.89 4.4072e+01   1264.331      30345  1029.0878  1029.0866    34.6081    34.6065    7.79430         38 0.0000e+00
    289.000    285.970     1.1642  29.872577     1.1636  29.870825     4.4553     4.5213    -0.0151    91.1139 1.0000e-12  -64.84604  -64.00378 345.336326     100.65 4.4072e+01   1265.570      30375  1029.0830  1029.0819    34.6079    34.6065    7.79443         23 0.0000e+00
    288.000    284.982     1.1614  29.869659     1.1612  29.868410     4.4591     4.5179    -0.0150    91.1204 1.0000e-12  -64.84604  -64.00378 345.336335      99.97 4.4072e+01   1266.378      30394  1029.0786  1029.0775    34.6079    34.6065    7.79500         18 0.0000e+00
    287.000    283.992     1.1592  29.866371     1.1587  29.864863     4.4565     4.5204    -0.0082    91.1451 1.0000e-12  -64.84604  -64.00378 345.336344      99.97 4.4072e+01   1267.119      30412  1029.0732  1029.0720    34.6068    34.6053    7.79550         17 0.0000e+00
    286.000    283.004     1.1582  29.865250     1.1575  29.863538     4.4581     4.5194    -0.0117    91.1668 1.0000e-12  -64.84604  -64.00378 345.336353      99.97 4.4072e+01   1267.933      30431  1029.0687  1029.0676    34.6070    34.6055    7.79568         22 0.0000e+00
    285.000    282.014     1.1593  29.865611     1.1578  29.862951     4.4565     4.5172    -0.0107    91.1714 1.0000e-12  -64.84604  -64.00378 345.336367      99.97 4.4072e+01   1269.084      30459  1029.0638  1029.0625    34.6068    34.6051    7.79548         35 0.0000e+00
    284.000    281.026     1.1596  29.865623     1.1593  29.864120     4.4430     4.5132    -0.0124    91.1877 1.0000e-12  -64.84604  -64.00378 345.336385      99.97 4.4072e+01   1270.637      30496  1029.0592  1029.0580    34.6070    34.6055    7.79540         34 0.0000e+00
    283.000    280.038     1.1636  29.869157     1.1627  29.867074     4.4448     4.5096    -0.0021    91.1882 1.0000e-12  -64.84604  -64.00378 345.336399      99.97 4.4072e+01   1271.887      30526  1029.0546  1029.0534    34.6078    34.6061    7.79456         25 0.0000e+00
