NBP2113_155081_ctd/data/unbp2113_023.cnv
* Sea-Bird SBE 9 Data File:
* FileName = D:\Data\raw\NBP2113_023.hex
* Software Version Seasave V 7.26.7.121
* Temperature SN = 2438
* Conductivity SN = 2067
* Number of Bytes Per Scan = 40
* Number of Voltage Words = 5
* Number of Scans Averaged by the Deck Unit = 1
* NMEA Latitude = 67 30.61 S
* NMEA Longitude = 070 35.52 W
* NMEA UTC (Time) = Dec 02 2021  00:50:18
* NMEA baud rate = 9600
** Ship: RVIB N.B. Palmer
** Cruise: NBP2113 LTER
** Station: 200.040
** Operator: S. Blackman
# nquan = 25
# nvalues = 747                         
# units = specified
# name 0 = prDM: Pressure, Digiquartz [db]
# name 1 = depSM: Depth [salt water, m]
# name 2 = t090C: Temperature [ITS-90, deg C]
# name 3 = c0mS/cm: Conductivity [mS/cm]
# name 4 = t190C: Temperature, 2 [ITS-90, deg C]
# name 5 = c1mS/cm: Conductivity, 2 [mS/cm]
# name 6 = sbeox0ML/L: Oxygen, SBE 43 [ml/l]
# name 7 = sbeox1ML/L: Oxygen, SBE 43, 2 [ml/l]
# name 8 = flECO-AFL: Fluorescence, WET Labs ECO-AFL/FL [mg/m^3]
# name 9 = CStarTr0: Beam Transmission, WET Labs C-Star [%]
# name 10 = par: PAR/Irradiance, Biospherical/Licor
# name 11 = latitude: Latitude [deg]
# name 12 = longitude: Longitude [deg]
# name 13 = timeJ: Julian Days
# name 14 = altM: Altimeter [m]
# name 15 = spar: SPAR, Biospherical/Licor
# name 16 = timeS: Time, Elapsed [seconds]
# name 17 = scan: Scan Count
# name 18 = density00: Density [density, kg/m^3]
# name 19 = density11: Density, 2 [density, kg/m^3]
# name 20 = sal00: Salinity, Practical [PSU]
# name 21 = sal11: Salinity, Practical, 2 [PSU]
# name 22 = oxsolML/L: Oxygen Saturation, Garcia & Gordon [ml/l]
# name 23 = nbin: number of scans per bin
# name 24 = flag: flag
# span 0 =      1.000,    747.000       
# span 1 =      0.991,    738.223       
# span 2 =    -0.8166,     1.4747       
# span 3 =  27.682499,  30.295063       
# span 4 =    -0.8181,     1.4744       
# span 5 =  27.679829,  30.293267       
# span 6 =    -2.2584,    18.9637       
# span 7 =     4.0098,    10.0440       
# span 8 =    -0.0225,     2.1471       
# span 9 =    89.4175,    97.1373       
# span 10 = 1.0000e-12, 2.2716e+01      
# span 11 =  -67.51062,  -67.51020      
# span 12 =  -70.59048,  -70.58552      
# span 13 = 336.051166, 336.066396      
# span 14 =       1.12,     100.00      
# span 15 = 2.1123e+01, 3.4902e+01      
# span 16 =   1402.734,   2718.616      
# span 17 =      33667,      65248      
# span 18 =  1027.3149,  1031.2985      
# span 19 =  1027.3132,  1031.2969      
# span 20 =    33.9757,    34.7153      
# span 21 =    33.9736,    34.7132      
# span 22 =    7.72890,    8.23747      
# span 23 =          9,         47      
# span 24 = 0.0000e+00, 0.0000e+00      
# interval = decibars: 1                
# start_time = Dec 02 2021 00:50:18 [NMEA time, header]
# bad_flag = -9.990e-29
*END*
[from data line 232]
    515.000    509.229     1.3638  30.221789     1.3636  30.220227     3.9710     4.0374    -0.0023    97.0859 1.0000e-12  -67.51020  -70.58556 336.054450      99.98 2.8206e+01   1686.504      40477  1030.2030  1030.2016    34.7034    34.7017    7.74978         15 0.0000e+00
    514.000    508.245     1.3639  30.221529     1.3638  30.219845     3.9776     4.0360    -0.0030    97.0843 1.0000e-12  -67.51020  -70.58556 336.054458      99.98 2.8206e+01   1687.163      40493  1030.1984  1030.1968    34.7035    34.7015    7.74975         17 0.0000e+00
    513.000    507.255     1.3635  30.220705     1.3634  30.219133     3.9741     4.0335    -0.0024    97.0787 1.0000e-12  -67.51020  -70.58555 336.054495      99.97 2.8381e+01   1690.352      40569  1030.1938  1030.1923    34.7035    34.7016    7.74983         29 0.0000e+00
    512.000    506.269     1.3628  30.219804     1.3633  30.218521     3.9699     4.0360     0.0026    97.0861 1.0000e-12  -67.51020  -70.58554 336.054572      99.97 2.9231e+01   1697.015      40729  1030.1893  1030.1876    34.7037    34.7016    7.74996         23 0.0000e+00
    511.000    505.281     1.3634  30.219698     1.3634  30.218189     3.9674     4.0355    -0.0042    97.0858 1.0000e-12  -67.51020  -70.58554 336.054579      99.98 2.9505e+01   1697.666      40745  1030.1845  1030.1829    34.7035    34.7016    7.74986         19 0.0000e+00
    510.000    504.292     1.3634  30.219212     1.3637  30.217890     3.9745     4.0338    -0.0115    97.0858 1.0000e-12  -67.51020  -70.58554 336.054589      99.98 2.9948e+01   1698.503      40765  1030.1797  1030.1781    34.7034    34.7015    7.74986         23 0.0000e+00
    509.000    503.303     1.3637  30.219047     1.3635  30.217324     3.9795     4.0344    -0.0066    97.0696 1.0000e-12  -67.51020  -70.58554 336.054645      99.97 2.9969e+01   1703.286      40880  1030.1750  1030.1735    34.7035    34.7015    7.74980         24 0.0000e+00
    508.000    502.317     1.3642  30.218960     1.3640  30.217377     3.9781     4.0348     0.0021    97.0605 1.0000e-12  -67.51020  -70.58554 336.054678      99.98 2.9969e+01   1706.218      40950  1030.1703  1030.1688    34.7034    34.7016    7.74971         30 0.0000e+00
    507.000    501.330     1.3645  30.218648     1.3639  30.216722     3.9762     4.0332    -0.0043    97.0703 1.0000e-12  -67.51020  -70.58552 336.054716      99.98 2.9969e+01   1709.418      41027  1030.1655  1030.1641    34.7033    34.7015    7.74966         28 0.0000e+00
    506.000    500.342     1.3646  30.218346     1.3637  30.216192     3.9688     4.0320     0.0045    97.0861 1.0000e-12  -67.51020  -70.58554 336.054787      99.98 2.9969e+01   1715.588      41175  1030.1608  1030.1595    34.7033    34.7015    7.74963         20 0.0000e+00
    505.000    499.355     1.3648  30.218077     1.3644  30.216384     3.9623     4.0299    -0.0041    97.0858 1.0000e-12  -67.51020  -70.58554 336.054794      99.98 2.9969e+01   1716.235      41191  1030.1561  1030.1548    34.7033    34.7016    7.74958         16 0.0000e+00
    504.000    498.367     1.3652  30.217889     1.3645  30.215948     3.9692     4.0293    -0.0030    97.0730 1.0000e-12  -67.51020  -70.58553 336.054802      99.98 2.9969e+01   1716.915      41207  1030.1514  1030.1500    34.7032    34.7015    7.74952         17 0.0000e+00
    503.000    497.378     1.3666  30.218601     1.3657  30.216510     3.9782     4.0294    -0.0023    97.0707 1.0000e-12  -67.51020  -70.58553 336.054888      99.97 2.9969e+01   1724.287      41384  1030.1465  1030.1452    34.7031    34.7014    7.74924         27 0.0000e+00
    502.000    496.392     1.3688  30.219901     1.3682  30.217931     3.9753     4.0340    -0.0091    97.0761 1.0000e-12  -67.51020  -70.58555 336.055136      99.98 2.9969e+01   1745.776      41900  1030.1414  1030.1400    34.7029    34.7011    7.74882         30 0.0000e+00
    501.000    495.404     1.3684  30.219160     1.3681  30.217384     3.9757     4.0344    -0.0099    97.0729 1.0000e-12  -67.51020  -70.58558 336.055183      99.98 2.9969e+01   1749.811      41996  1030.1369  1030.1354    34.7029    34.7011    7.74889         36 0.0000e+00
    500.000    494.417     1.3691  30.219156     1.3684  30.217103     3.9718     4.0348    -0.0061    97.0861 1.0000e-12  -67.51020  -70.58556 336.055198      99.97 2.9969e+01   1751.136      42028  1030.1320  1030.1306    34.7028    34.7009    7.74877         24 0.0000e+00
    499.000    493.430     1.3691  30.218784     1.3686  30.216855     3.9734     4.0323     0.0009    97.0858 1.0000e-12  -67.51020  -70.58554 336.055208      99.98 2.9969e+01   1752.013      42049  1030.1274  1030.1259    34.7029    34.7009    7.74877         19 0.0000e+00
    498.000    492.441     1.3695  30.218583     1.3692  30.216803     3.9778     4.0342    -0.0028    97.0858 1.0000e-12  -67.51020  -70.58553 336.055218      99.97 2.9969e+01   1752.831      42069  1030.1225  1030.1210    34.7027    34.7008    7.74869         21 0.0000e+00
    497.000    491.453     1.3698  30.218330     1.3696  30.216710     3.9757     4.0350    -0.0143    97.0858 1.0000e-12  -67.51021  -70.58552 336.055233      99.98 2.9969e+01   1754.129      42100  1030.1178  1030.1163    34.7027    34.7008    7.74864         31 0.0000e+00
    496.000    490.466     1.3691  30.217348     1.3685  30.215439     3.9620     4.0344    -0.0024    97.0858 1.0000e-12  -67.51020  -70.58556 336.055286      99.97 2.9969e+01   1758.711      42210  1030.1133  1030.1119    34.7028    34.7010    7.74878         20 0.0000e+00
    495.000    489.480     1.3702  30.217936     1.3696  30.215941     3.9656     4.0336    -0.0033    97.0858 1.0000e-12  -67.51020  -70.58556 336.055290      99.98 2.9969e+01   1759.103      42219  1030.1086  1030.1071    34.7029    34.7010    7.74855         15 0.0000e+00
    494.000    488.490     1.3712  30.218334     1.3712  30.216644     3.9728     4.0332    -0.0052    97.0858 1.0000e-12  -67.51020  -70.58556 336.055297      99.98 2.9969e+01   1759.635      42232  1030.1037  1030.1020    34.7028    34.7007    7.74835         12 0.0000e+00
    493.000    487.504     1.3732  30.219506     1.3726  30.217309     3.9715     4.0328    -0.0070    97.0858 1.0000e-12  -67.51020  -70.58558 336.055302      99.97 2.9969e+01   1760.108      42244  1030.0987  1030.0972    34.7027    34.7006    7.74796         11 0.0000e+00
    492.000    486.514     1.3752  30.220639     1.3750  30.218993     3.9709     4.0321    -0.0010    97.0858 1.0000e-12  -67.51020  -70.58558 336.055308      99.97 2.9969e+01   1760.591      42255  1030.0937  1030.0922    34.7025    34.7006    7.74759         11 0.0000e+00
    491.000    485.530     1.3760  30.220809     1.3758  30.219233     3.9680     4.0318     0.0031    97.0858 1.0000e-12  -67.51020  -70.58558 336.055314      99.98 2.9969e+01   1761.098      42267  1030.0889  1030.0874    34.7024    34.7006    7.74743         13 0.0000e+00
    490.000    484.536     1.3765  30.220830     1.3748  30.217965     3.9775     4.0319    -0.0029    97.0858 1.0000e-12  -67.51021  -70.58558 336.055321      99.98 2.9969e+01   1761.705      42282  1030.0842  1030.0829    34.7025    34.7006    7.74733         17 0.0000e+00
    489.000    483.551     1.3752  30.219210     1.3740  30.216793     3.9759     4.0309    -0.0082    97.0814 1.0000e-12  -67.51023  -70.58557 336.055338      99.97 2.9969e+01   1763.226      42318  1030.0797  1030.0784    34.7024    34.7007    7.74759         34 0.0000e+00
    488.000    482.565     1.3730  30.217026     1.3730  30.215483     3.9735     4.0306    -0.0055    97.0661 1.0000e-12  -67.51024  -70.58552 336.055368      99.97 2.9969e+01   1765.812      42380  1030.0754  1030.0738    34.7026    34.7006    7.74801         31 0.0000e+00
    487.000    481.577     1.3732  30.216617     1.3737  30.215625     3.9696     4.0304    -0.0117    97.0743 1.0000e-12  -67.51024  -70.58552 336.055381      99.98 2.9969e+01   1766.912      42407  1030.0706  1030.0691    34.7025    34.7007    7.74799         27 0.0000e+00
    486.000    480.589     1.3741  30.216966     1.3737  30.215105     3.9731     4.0350     0.0021    97.0646 1.0000e-12  -67.51024  -70.58554 336.055396      99.97 2.9969e+01   1768.190      42438  1030.0659  1030.0643    34.7025    34.7005    7.74781         35 0.0000e+00
    485.000    479.602     1.3754  30.217659     1.3737  30.214798     3.9697     4.0312     0.0082    97.0764 1.0000e-12  -67.51024  -70.58556 336.055412      99.97 2.9969e+01   1769.629      42472  1030.0610  1030.0598    34.7025    34.7007    7.74755         32 0.0000e+00
    484.000    478.613     1.3762  30.217917     1.3761  30.216384     3.9706     4.0344    -0.0027    97.0947 1.0000e-12  -67.51024  -70.58558 336.055427      99.98 2.9969e+01   1770.853      42501  1030.0562  1030.0548    34.7025    34.7006    7.74738         27 0.0000e+00
    483.000    477.626     1.3782  30.219082     1.3776  30.217219     3.9747     4.0331    -0.0048    97.0859 1.0000e-12  -67.51024  -70.58559 336.055439      99.97 2.9969e+01   1771.914      42527  1030.0512  1030.0499    34.7023    34.7006    7.74700         23 0.0000e+00
    482.000    476.638     1.3792  30.219538     1.3791  30.217885     3.9733     4.0327    -0.0040    97.0890 1.0000e-12  -67.51024  -70.58560 336.055451      99.98 2.9969e+01   1772.940      42552  1030.0465  1030.0450    34.7024    34.7004    7.74680         24 0.0000e+00
    481.000    475.649     1.3796  30.219447     1.3793  30.217729     3.9640     4.0340    -0.0090    97.1077 1.0000e-12  -67.51024  -70.58560 336.055463      99.98 2.9969e+01   1773.962      42576  1030.0418  1030.0404    34.7024    34.7006    7.74672         24 0.0000e+00
    480.000    474.664     1.3801  30.219363     1.3800  30.217803     3.9697     4.0305    -0.0141    97.0949 1.0000e-12  -67.51024  -70.58559 336.055474      99.97 2.9969e+01   1774.917      42599  1030.0370  1030.0355    34.7023    34.7004    7.74663         22 0.0000e+00
    479.000    473.676     1.3808  30.219490     1.3806  30.217870     3.9712     4.0281    -0.0122    97.0956 1.0000e-12  -67.51024  -70.58557 336.055484      99.97 2.9969e+01   1775.784      42620  1030.0323  1030.0308    34.7022    34.7004    7.74649         21 0.0000e+00
    478.000    472.686     1.3812  30.219384     1.3810  30.217760     3.9659     4.0279    -0.0036    97.0895 1.0000e-12  -67.51024  -70.58555 336.055494      99.97 2.9969e+01   1776.664      42641  1030.0276  1030.0261    34.7023    34.7004    7.74642         22 0.0000e+00
    477.000    471.700     1.3809  30.218600     1.3807  30.217161     3.9743     4.0306    -0.0136    97.0918 1.0000e-12  -67.51024  -70.58554 336.055508      99.97 2.9969e+01   1777.901      42671  1030.0229  1030.0215    34.7022    34.7005    7.74648         34 0.0000e+00
    476.000    470.713     1.3804  30.217817     1.3804  30.216295     3.9710     4.0272    -0.0026    97.0911 1.0000e-12  -67.51025  -70.58557 336.055540      99.98 2.9969e+01   1780.644      42736  1030.0184  1030.0168    34.7023    34.7003    7.74657         34 0.0000e+00
    475.000    469.725     1.3807  30.217541     1.3805  30.215813     3.9702     4.0354    -0.0043    97.1101 1.0000e-12  -67.51024  -70.58559 336.055555      99.98 2.9969e+01   1781.926      42767  1030.0135  1030.0121    34.7021    34.7002    7.74651         23 0.0000e+00
    474.000    468.736     1.3813  30.217550     1.3811  30.215863     3.9648     4.0312    -0.0045    97.0972 1.0000e-12  -67.51024  -70.58560 336.055564      99.97 2.9969e+01   1782.734      42787  1030.0087  1030.0073    34.7020    34.7002    7.74640         18 0.0000e+00
    473.000    467.749     1.3826  30.217978     1.3824  30.216346     3.9643     4.0278    -0.0047    97.1053 1.0000e-12  -67.51024  -70.58560 336.055572      99.98 2.9969e+01   1783.436      42803  1030.0036  1030.0022    34.7018    34.6999    7.74616         17 0.0000e+00
    472.000    466.762     1.3833  30.218005     1.3831  30.216384     3.9638     4.0286    -0.0127    97.0948 1.0000e-12  -67.51024  -70.58562 336.055581      99.98 2.9969e+01   1784.162      42821  1029.9988  1029.9974    34.7016    34.6997    7.74603         18 0.0000e+00
    471.000    465.771     1.3835  30.217699     1.3833  30.216165     3.9640     4.0282    -0.0067    97.0778 1.0000e-12  -67.51024  -70.58562 336.055591      99.98 2.9969e+01   1785.031      42842  1029.9941  1029.9927    34.7016    34.6998    7.74600         24 0.0000e+00
    470.000    464.785     1.3826  30.216583     1.3826  30.215012     3.9618     4.0318    -0.0151    97.0857 1.0000e-12  -67.51024  -70.58562 336.055605      99.98 2.9969e+01   1786.317      42873  1029.9896  1029.9881    34.7017    34.6998    7.74616         35 0.0000e+00
    469.000    463.798     1.3833  30.216608     1.3833  30.215074     3.9774     4.0287    -0.0045    97.0866 1.0000e-12  -67.51024  -70.58562 336.055622      99.97 2.9969e+01   1787.733      42907  1029.9848  1029.9832    34.7015    34.6997    7.74604         32 0.0000e+00
    468.000    462.810     1.3844  30.217023     1.3839  30.215150     3.9780     4.0279    -0.0004    97.0963 1.0000e-12  -67.51024  -70.58562 336.055637      99.97 2.9969e+01   1789.064      42939  1029.9799  1029.9785    34.7015    34.6997    7.74583         32 0.0000e+00
    467.000    461.822     1.3846  30.216704     1.3844  30.215033     3.9778     4.0338    -0.0006    97.0411 1.0000e-12  -67.51024  -70.58562 336.055653      99.98 2.9969e+01   1790.424      42971  1029.9752  1029.9737    34.7014    34.6995    7.74580         33 0.0000e+00
    466.000    460.834     1.3848  30.216469     1.3849  30.214986     3.9729     4.0314    -0.0026    97.0984 1.0000e-12  -67.51024  -70.58562 336.055668      99.98 2.9969e+01   1791.734      43003  1029.9705  1029.9689    34.7014    34.6994    7.74575         30 0.0000e+00
    465.000    459.846     1.3857  30.216618     1.3858  30.215242     3.9694     4.0297    -0.0040    97.1119 1.0000e-12  -67.51024  -70.58562 336.055683      99.98 2.9969e+01   1792.989      43033  1029.9656  1029.9641    34.7012    34.6994    7.74558         29 0.0000e+00
    464.000    458.858     1.3870  30.217345     1.3868  30.215724     3.9613     4.0306    -0.0063    97.1116 1.0000e-12  -67.51024  -70.58564 336.055696      99.97 2.9969e+01   1794.106      43060  1029.9608  1029.9593    34.7013    34.6994    7.74533         24 0.0000e+00
    463.000    457.871     1.3878  30.217484     1.3877  30.216041     3.9631     4.0287    -0.0044    97.1116 1.0000e-12  -67.51024  -70.58564 336.055706      99.98 2.9969e+01   1794.987      43081  1029.9559  1029.9545    34.7011    34.6994    7.74518         20 0.0000e+00
    462.000    456.882     1.3881  30.217259     1.3879  30.215648     3.9622     4.0261    -0.0089    97.1086 1.0000e-12  -67.51024  -70.58565 336.055715      99.98 2.9969e+01   1795.735      43099  1029.9512  1029.9497    34.7011    34.6993    7.74512         17 0.0000e+00
    461.000    455.895     1.3882  30.216766     1.3880  30.215171     3.9625     4.0251    -0.0129    97.1115 1.0000e-12  -67.51024  -70.58566 336.055723      99.98 2.9969e+01   1796.466      43116  1029.9464  1029.9450    34.7009    34.6991    7.74511         18 0.0000e+00
    460.000    454.908     1.3879  30.216106     1.3878  30.214572     3.9731     4.0278    -0.0058    97.0951 1.0000e-12  -67.51024  -70.58567 336.055734      99.98 2.9969e+01   1797.407      43139  1029.9418  1029.9404    34.7010    34.6992    7.74517         28 0.0000e+00
    459.000    453.919     1.3877  30.215537     1.3875  30.213934     3.9738     4.0319    -0.0112    97.1040 1.0000e-12  -67.51024  -70.58570 336.055768      99.97 2.9969e+01   1800.370      43210  1029.9372  1029.9357    34.7011    34.6992    7.74520         33 0.0000e+00
