NBP2113_155081_ctd/data/unbp2113_042.cnv
* Sea-Bird SBE 9 Data File:
* FileName = D:\Data\raw\NBP2113_042.hex
* Software Version Seasave V 7.26.7.121
* Temperature SN = 2438
* Conductivity SN = 2067
* Number of Bytes Per Scan = 40
* Number of Voltage Words = 5
* Number of Scans Averaged by the Deck Unit = 1
* NMEA Latitude = 64 49.83 S
* NMEA Longitude = 063 54.10 W
* NMEA UTC (Time) = Dec 10 2021  15:52:47
* NMEA baud rate = 9600
** Ship: RVIB N.B. Palmer
** Cruise: NBP2113 LTER
** Station: 624.030
** Operator: S. Blackman
# nquan = 25
# nvalues = 407                         
# units = specified
# name 0 = prDM: Pressure, Digiquartz [db]
# name 1 = depSM: Depth [salt water, m]
# name 2 = t090C: Temperature [ITS-90, deg C]
# name 3 = c0mS/cm: Conductivity [mS/cm]
# name 4 = t190C: Temperature, 2 [ITS-90, deg C]
# name 5 = c1mS/cm: Conductivity, 2 [mS/cm]
# name 6 = sbeox0ML/L: Oxygen, SBE 43 [ml/l]
# name 7 = sbeox1ML/L: Oxygen, SBE 43, 2 [ml/l]
# name 8 = flECO-AFL: Fluorescence, WET Labs ECO-AFL/FL [mg/m^3]
# name 9 = CStarTr0: Beam Transmission, WET Labs C-Star [%]
# name 10 = par: PAR/Irradiance, Biospherical/Licor
# name 11 = latitude: Latitude [deg]
# name 12 = longitude: Longitude [deg]
# name 13 = timeJ: Julian Days
# name 14 = altM: Altimeter [m]
# name 15 = spar: SPAR, Biospherical/Licor
# name 16 = timeS: Time, Elapsed [seconds]
# name 17 = scan: Scan Count
# name 18 = density00: Density [density, kg/m^3]
# name 19 = density11: Density, 2 [density, kg/m^3]
# name 20 = sal00: Salinity, Practical [PSU]
# name 21 = sal11: Salinity, Practical, 2 [PSU]
# name 22 = oxsolML/L: Oxygen Saturation, Garcia & Gordon [ml/l]
# name 23 = nbin: number of scans per bin
# name 24 = flag: flag
# span 0 =      1.000,    407.000       
# span 1 =      0.989,    402.619       
# span 2 =    -0.3913,     1.1575       
# span 3 =  27.880583,  29.916241       
# span 4 =    -0.3882,     1.1571       
# span 5 =  27.878704,  29.914897       
# span 6 =     4.4699,     9.5381       
# span 7 =     4.5359,     9.8822       
# span 8 =    -0.0152,     1.8417       
# span 9 =    84.7100,    91.9834       
# span 10 = 1.0000e-12, 2.4163e+03      
# span 11 =  -64.83128,  -64.83080      
# span 12 =  -63.90174,  -63.90163      
# span 13 = 344.672539, 344.684065      
# span 14 =       6.12,     100.48      
# span 15 = 1.3120e+03, 1.5849e+03      
# span 16 =    940.391,   1936.228      
# span 17 =      22570,      46470      
# span 18 =  1027.1171,  1029.6342      
# span 19 =  1027.1155,  1029.6332      
# span 20 =    33.7531,    34.6033      
# span 21 =    33.7512,    34.6019      
# span 22 =    7.79602,    8.14915      
# span 23 =         16,         49      
# span 24 = 0.0000e+00, 0.0000e+00      
# interval = decibars: 1                
# start_time = Dec 10 2021 15:52:47 [NMEA time, header]
# bad_flag = -9.990e-29
*END*
[from data line 174]
    233.000    230.588     0.9559  29.626853     0.9555  29.625499     4.7609     4.8174     0.0013    91.8877 1.0000e-12  -64.83098  -63.90170 344.675849      99.97 1.4271e+03   1226.329      29433  1028.7931  1028.7922    34.5556    34.5542    7.83893         24 0.0000e+00
    232.000    229.600     0.9528  29.623029     0.9526  29.621843     4.7635     4.8238    -0.0004    91.9092 1.0000e-12  -64.83098  -63.90170 344.675859      99.97 1.4262e+03   1227.243      29455  1028.7879  1028.7870    34.5546    34.5533    7.83960         20 0.0000e+00
    231.000    228.610     0.9478  29.617492     0.9473  29.615996     4.7665     4.8281    -0.0031    91.9102 1.0000e-12  -64.83098  -63.90170 344.675869      99.97 1.4244e+03   1228.107      29476  1028.7828  1028.7818    34.5536    34.5522    7.84066         22 0.0000e+00
    230.000    227.622     0.9452  29.614177     0.9436  29.611492     4.7594     4.8240    -0.0037    91.9083 1.0000e-12  -64.83098  -63.90170 344.675880      99.97 1.4238e+03   1229.071      29499  1028.7776  1028.7764    34.5528    34.5511    7.84122         26 0.0000e+00
    229.000    226.632     0.9459  29.613953     0.9428  29.609957     4.7558     4.8180     0.0069    91.8912 1.0000e-12  -64.83098  -63.90170 344.675894      99.97 1.4220e+03   1230.285      29528  1028.7724  1028.7713    34.5523    34.5506    7.84111         32 0.0000e+00
    228.000    225.643     0.9485  29.616923     0.9464  29.612967     4.7574     4.8223     0.0117    91.8621 1.0000e-12  -64.83099  -63.90170 344.675911      99.97 1.4193e+03   1231.688      29562  1028.7685  1028.7665    34.5538    34.5511    7.84050         33 0.0000e+00
    227.000    224.654     0.9429  29.610195     0.9434  29.609622     4.7604     4.8218     0.0143    91.8695 1.0000e-12  -64.83100  -63.90169 344.675926      99.97 1.4150e+03   1232.999      29593  1028.7629  1028.7617    34.5520    34.5507    7.84174         31 0.0000e+00
    226.000    223.665     0.9435  29.610231     0.9449  29.610919     4.7621     4.8234     0.0046    91.8597 1.0000e-12  -64.83100  -63.90168 344.675942      99.97 1.4096e+03   1234.389      29626  1028.7580  1028.7573    34.5520    34.5513    7.84162         38 0.0000e+00
    225.000    222.674     0.9440  29.610551     0.9425  29.608009     4.7607     4.8280     0.0096    91.9028 1.0000e-12  -64.83100  -63.90168 344.675963      99.97 1.4044e+03   1236.229      29670  1028.7535  1028.7523    34.5524    34.5508    7.84149         39 0.0000e+00
    224.000    221.687     0.9417  29.607738     0.9414  29.606318     4.7735     4.8364     0.0068    91.9005 1.0000e-12  -64.83100  -63.90170 344.675983      99.97 1.4001e+03   1237.951      29712  1028.7485  1028.7473    34.5519    34.5503    7.84197         32 0.0000e+00
    223.000    220.697     0.9393  29.604901     0.9388  29.603346     4.7845     4.8404     0.0035    91.8750 1.0000e-12  -64.83100  -63.90170 344.675997      99.97 1.3970e+03   1239.170      29741  1028.7437  1028.7425    34.5515    34.5500    7.84248         26 0.0000e+00
    222.000    219.708     0.9339  29.598643     0.9337  29.597338     4.7777     4.8425     0.0023    91.8641 1.0000e-12  -64.83100  -63.90170 344.676009      99.97 1.3938e+03   1240.186      29765  1028.7382  1028.7371    34.5500    34.5485    7.84365         24 0.0000e+00
    221.000    218.720     0.9321  29.596229     0.9311  29.594083     4.7761     4.8400     0.0042    91.8628 1.0000e-12  -64.83100  -63.90170 344.676021      99.97 1.3916e+03   1241.191      29790  1028.7332  1028.7320    34.5494    34.5478    7.84404         25 0.0000e+00
    220.000    217.729     0.9317  29.595334     0.9290  29.591432     4.7791     4.8401     0.0032    91.8745 1.0000e-12  -64.83100  -63.90170 344.676034      99.97 1.3888e+03   1242.364      29818  1028.7284  1028.7270    34.5494    34.5473    7.84413         33 0.0000e+00
    219.000    216.740     0.9325  29.595663     0.9311  29.592957     4.7781     4.8380     0.0076    91.8808 1.0000e-12  -64.83100  -63.90170 344.676058      99.97 1.3847e+03   1244.411      29867  1028.7237  1028.7221    34.5495    34.5475    7.84396         33 0.0000e+00
    218.000    215.754     0.9340  29.596857     0.9329  29.594433     4.7777     4.8432     0.0069    91.8654 1.0000e-12  -64.83100  -63.90170 344.676093      99.97 1.3821e+03   1247.450      29940  1028.7190  1028.7176    34.5499    34.5480    7.84363         40 0.0000e+00
    217.000    214.762     0.9312  29.593467     0.9311  29.592364     4.7804     4.8445     0.0069    91.8822 1.0000e-12  -64.83100  -63.90170 344.676113      99.97 1.3821e+03   1249.129      29980  1028.7140  1028.7129    34.5492    34.5479    7.84423         35 0.0000e+00
    216.000    213.775     0.9279  29.589536     0.9281  29.588702     4.7855     4.8518     0.0069    91.8614 1.0000e-12  -64.83100  -63.90171 344.676129      99.97 1.3826e+03   1250.532      30014  1028.7089  1028.7078    34.5484    34.5471    7.84494         31 0.0000e+00
    215.000    212.783     0.9261  29.587053     0.9250  29.585021     4.7875     4.8470     0.0017    91.8943 1.0000e-12  -64.83101  -63.90171 344.676144      99.97 1.3839e+03   1251.871      30046  1028.7039  1028.7028    34.5478    34.5464    7.84534         31 0.0000e+00
    214.000    211.795     0.9247  29.585201     0.9236  29.583043     4.7895     4.8519     0.0083    91.8889 1.0000e-12  -64.83102  -63.90170 344.676160      99.97 1.3853e+03   1253.252      30079  1028.6990  1028.6978    34.5475    34.5460    7.84563         35 0.0000e+00
    213.000    210.807     0.9248  29.584710     0.9235  29.582481     4.7834     4.8496     0.0084    91.8705 1.0000e-12  -64.83102  -63.90169 344.676186      99.97 1.3858e+03   1255.464      30132  1028.6941  1028.6931    34.5474    34.5459    7.84562         30 0.0000e+00
    212.000    209.817     0.9256  29.585159     0.9252  29.583836     4.7899     4.8565     0.0104    91.8781 1.0000e-12  -64.83102  -63.90170 344.676231      99.97 1.3971e+03   1259.375      30226  1028.6895  1028.6884    34.5477    34.5464    7.84544         39 0.0000e+00
    211.000    208.827     0.9230  29.582098     0.9233  29.581337     4.7961     4.8602     0.0023    91.8844 1.0000e-12  -64.83102  -63.90172 344.676254      99.97 1.4032e+03   1261.371      30274  1028.6846  1028.6835    34.5472    34.5458    7.84599         38 0.0000e+00
    210.000    207.838     0.9170  29.575398     0.9177  29.575001     4.8133     4.8704     0.0030    91.8769 1.0000e-12  -64.83102  -63.90172 344.676276      99.97 1.4103e+03   1263.247      30319  1028.6793  1028.6782    34.5458    34.5445    7.84728         48 0.0000e+00
    209.000    206.849     0.9092  29.566704     0.9081  29.564607     4.8058     4.8751     0.0069    91.8784 1.0000e-12  -64.83102  -63.90170 344.676300      99.97 1.4186e+03   1265.292      30368  1028.6736  1028.6725    34.5438    34.5423    7.84895         34 0.0000e+00
    208.000    205.861     0.9099  29.566936     0.9070  29.562886     4.8128     4.8742     0.0099    91.8892 1.0000e-12  -64.83103  -63.90170 344.676342      99.97 1.4341e+03   1268.918      30455  1028.6689  1028.6676    34.5439    34.5419    7.84881         47 0.0000e+00
    207.000    204.871     0.9074  29.564049     0.9068  29.562377     4.8318     4.8885     0.0029    91.8652 1.0000e-12  -64.83104  -63.90170 344.676402      99.97 1.4552e+03   1274.157      30581  1028.6640  1028.6628    34.5436    34.5421    7.84934         40 0.0000e+00
    206.000    203.880     0.8930  29.548852     0.8927  29.547677     4.8506     4.9125     0.0069    91.8802 1.0000e-12  -64.83104  -63.90172 344.676421      99.97 1.4607e+03   1275.810      30620  1028.6581  1028.6572    34.5405    34.5393    7.85240         35 0.0000e+00
    205.000    202.892     0.8812  29.535565     0.8736  29.527121     4.8629     4.9150     0.0069    91.8550 1.0000e-12  -64.83104  -63.90172 344.676439      99.97 1.4652e+03   1277.346      30657  1028.6517  1028.6503    34.5370    34.5346    7.85497         35 0.0000e+00
    204.000    201.902     0.8763  29.530522     0.8739  29.527246     4.9192     4.9483     0.0051    91.8608 1.0000e-12  -64.83106  -63.90172 344.676528      99.97 1.4856e+03   1285.000      30841  1028.6468  1028.6457    34.5366    34.5350    7.85599         36 0.0000e+00
    203.000    200.914     0.8406  29.492118     0.8431  29.493633     4.9388     4.9527     0.0069    91.8158 1.0000e-12  -64.83106  -63.90172 344.676552      99.97 1.4894e+03   1287.050      30890  1028.6377  1028.6367    34.5271    34.5262    7.86370         37 0.0000e+00
    202.000    199.926     0.8189  29.467591     0.8258  29.473857     4.9381     4.9948     0.0099    91.7807 1.0000e-12  -64.83109  -63.90170 344.676924      99.97 1.5260e+03   1319.207      31662  1028.6278  1028.6274    34.5200    34.5205    7.86847         37 0.0000e+00
    201.000    198.936     0.8066  29.454536     0.8075  29.454414     4.9969     5.0487     0.0100    91.7795 1.0000e-12  -64.83110  -63.90170 344.677102      99.97 1.5493e+03   1334.578      32031  1028.6215  1028.6206    34.5173    34.5163    7.87110         41 0.0000e+00
    200.000    197.946     0.7851  29.431392     0.7815  29.426907     5.0346     5.0755     0.0143    91.7580 1.0000e-12  -64.83110  -63.90171 344.677125      99.97 1.5524e+03   1336.579      32079  1028.6144  1028.6134    34.5119    34.5101    7.87576         30 0.0000e+00
    199.000    196.957     0.7707  29.416112     0.7702  29.414117     5.0447     5.0858     0.0143    91.7455 1.0000e-12  -64.83110  -63.90172 344.677137      99.97 1.5543e+03   1337.673      32105  1028.6083  1028.6068    34.5086    34.5067    7.87885         23 0.0000e+00
    198.000    195.966     0.7648  29.408823     0.7624  29.405398     5.0526     5.0914     0.0132    91.7339 1.0000e-12  -64.83110  -63.90172 344.677148      99.97 1.5549e+03   1338.555      32126  1028.6022  1028.6010    34.5063    34.5045    7.88017         20 0.0000e+00
    197.000    194.979     0.7582  29.401279     0.7576  29.399585     5.0496     5.0916     0.0070    91.7273 1.0000e-12  -64.83110  -63.90172 344.677157      99.97 1.5549e+03   1339.364      32146  1028.5965  1028.5953    34.5045    34.5030    7.88161         19 0.0000e+00
    196.000    193.988     0.7567  29.398647     0.7564  29.397451     5.0415     5.0907     0.0008    91.7096 1.0000e-12  -64.83110  -63.90172 344.677167      99.97 1.5549e+03   1340.186      32165  1028.5910  1028.5900    34.5034    34.5022    7.88198         21 0.0000e+00
    195.000    193.000     0.7551  29.396672     0.7554  29.395865     5.0301     5.0890     0.0038    91.7221 1.0000e-12  -64.83110  -63.90172 344.677177      99.97 1.5549e+03   1341.123      32188  1028.5861  1028.5850    34.5032    34.5018    7.88232         24 0.0000e+00
    194.000    192.010     0.7607  29.401481     0.7601  29.400240     5.0372     5.0867     0.0209    91.6990 1.0000e-12  -64.83110  -63.90170 344.677191      99.97 1.5547e+03   1342.317      32217  1028.5812  1028.5805    34.5038    34.5028    7.88115         33 0.0000e+00
    193.000    191.021     0.7591  29.400269     0.7627  29.403078     5.0455     5.1013     0.0173    91.7054 1.0000e-12  -64.83110  -63.90170 344.677209      99.97 1.5552e+03   1343.869      32254  1028.5771  1028.5765    34.5046    34.5042    7.88143         39 0.0000e+00
    192.000    190.032     0.7506  29.390855     0.7498  29.388985     5.0611     5.1169     0.0271    91.6795 1.0000e-12  -64.83110  -63.90170 344.677228      99.97 1.5565e+03   1345.463      32292  1028.5713  1028.5702    34.5024    34.5009    7.88327         32 0.0000e+00
    191.000    189.042     0.7433  29.382864     0.7424  29.380622     5.0677     5.1306     0.0216    91.7060 1.0000e-12  -64.83110  -63.90171 344.677244      99.97 1.5569e+03   1346.905      32327  1028.5659  1028.5644    34.5007    34.4988    7.88485         32 0.0000e+00
    190.000    188.054     0.7356  29.373853     0.7359  29.373000     5.0810     5.1387     0.0291    91.6923 1.0000e-12  -64.83110  -63.90170 344.677259      99.97 1.5587e+03   1348.161      32357  1028.5597  1028.5586    34.4981    34.4968    7.88654         27 0.0000e+00
    189.000    187.063     0.7285  29.366337     0.7250  29.361792     5.0947     5.1449     0.0214    91.7044 1.0000e-12  -64.83112  -63.90172 344.677270      99.97 1.5602e+03   1349.168      32381  1028.5545  1028.5532    34.4969    34.4949    7.88805         22 0.0000e+00
    188.000    186.076     0.7225  29.359841     0.7193  29.355176     5.0924     5.1470     0.0161    91.7042 1.0000e-12  -64.83112  -63.90172 344.677281      99.97 1.5602e+03   1350.035      32402  1028.5493  1028.5476    34.4957    34.4933    7.88934         21 0.0000e+00
    187.000    185.085     0.7163  29.352370     0.7154  29.350580     5.0923     5.1448     0.0143    91.6994 1.0000e-12  -64.83112  -63.90172 344.677291      99.97 1.5602e+03   1350.894      32422  1028.5432  1028.5422    34.4935    34.4922    7.89071         21 0.0000e+00
    186.000    184.095     0.7137  29.348736     0.7133  29.347516     5.0986     5.1485     0.0226    91.6788 1.0000e-12  -64.83112  -63.90172 344.677302      99.97 1.5602e+03   1351.856      32446  1028.5377  1028.5368    34.4923    34.4911    7.89132         25 0.0000e+00
    185.000    183.107     0.7156  29.350776     0.7170  29.350709     5.1013     5.1535     0.0299    91.6656 1.0000e-12  -64.83112  -63.90172 344.677315      99.97 1.5617e+03   1353.018      32473  1028.5335  1028.5320    34.4935    34.4918    7.89087         30 0.0000e+00
    184.000    182.117     0.7112  29.345518     0.7124  29.345747     5.1109     5.1551     0.0257    91.6739 1.0000e-12  -64.83112  -63.90170 344.677329      99.97 1.5634e+03   1354.234      32503  1028.5281  1028.5271    34.4922    34.4910    7.89184         29 0.0000e+00
    183.000    181.129     0.7085  29.342035     0.7096  29.342213     5.1033     5.1537     0.0239    91.6783 1.0000e-12  -64.83112  -63.90170 344.677344      99.97 1.5629e+03   1355.501      32533  1028.5227  1028.5218    34.4911    34.4902    7.89243         33 0.0000e+00
    182.000    180.140     0.7100  29.343224     0.7134  29.345924     5.1035     5.1676     0.0150    91.6676 1.0000e-12  -64.83112  -63.90170 344.677370      99.97 1.5627e+03   1357.790      32588  1028.5181  1028.5175    34.4917    34.4914    7.89211         45 0.0000e+00
    181.000    179.150     0.7113  29.344499     0.7125  29.344644     5.1795     5.2305     0.0198    91.6683 1.0000e-12  -64.83112  -63.90170 344.677397      99.97 1.5671e+03   1360.064      32643  1028.5137  1028.5127    34.4925    34.4913    7.89180         28 0.0000e+00
    180.000    178.161     0.6959  29.328193     0.6938  29.324729     5.2441     5.2676     0.0157    91.6562 1.0000e-12  -64.83112  -63.90172 344.677407      99.97 1.5691e+03   1361.007      32665  1028.5076  1028.5060    34.4890    34.4868    7.89512         20 0.0000e+00
    179.000    177.170     0.6594  29.287882     0.6565  29.284897     5.2919     5.2903     0.0200    91.6266 1.0000e-12  -64.83112  -63.90172 344.677416      99.97 1.5690e+03   1361.778      32684  1028.4972  1028.4970    34.4778    34.4772    7.90317         18 0.0000e+00
    178.000    176.181     0.6499  29.276439     0.6461  29.271022     5.3003     5.2914     0.0290    91.5836 1.0000e-12  -64.83112  -63.90172 344.677425      99.97 1.5690e+03   1362.528      32702  1028.4902  1028.4882    34.4741    34.4712    7.90531         18 0.0000e+00
    177.000    175.193     0.6360  29.260396     0.6380  29.261256     5.2681     5.2795     0.0219    91.5948 1.0000e-12  -64.83114  -63.90172 344.677434      99.97 1.5690e+03   1363.317      32721  1028.4826  1028.4816    34.4692    34.4682    7.90840         20 0.0000e+00
