NBP2113_155081_ctd/data/unbp2113_058.cnv
* Sea-Bird SBE 9 Data File:
* FileName = D:\Data\raw\NBP2113_058.hex
* Software Version Seasave V 7.26.7.121
* Temperature SN = 2438
* Conductivity SN = 2067
* Number of Bytes Per Scan = 40
* Number of Voltage Words = 5
* Number of Scans Averaged by the Deck Unit = 1
* NMEA Latitude = 64 56.50 S
* NMEA Longitude = 064 28.63 W
* NMEA UTC (Time) = Dec 12 2021  02:31:22
* NMEA baud rate = 9600
** Ship: RVIB N.B. Palmer
** Cruise: NBP2113 LTER
** Station: 597.042
** Operator: S. Blackman
# nquan = 25
# nvalues = 1147                        
# units = specified
# name 0 = prDM: Pressure, Digiquartz [db]
# name 1 = depSM: Depth [salt water, m]
# name 2 = t090C: Temperature [ITS-90, deg C]
# name 3 = c0mS/cm: Conductivity [mS/cm]
# name 4 = t190C: Temperature, 2 [ITS-90, deg C]
# name 5 = c1mS/cm: Conductivity, 2 [mS/cm]
# name 6 = sbeox0ML/L: Oxygen, SBE 43 [ml/l]
# name 7 = sbeox1ML/L: Oxygen, SBE 43, 2 [ml/l]
# name 8 = flECO-AFL: Fluorescence, WET Labs ECO-AFL/FL [mg/m^3]
# name 9 = CStarTr0: Beam Transmission, WET Labs C-Star [%]
# name 10 = par: PAR/Irradiance, Biospherical/Licor
# name 11 = latitude: Latitude [deg]
# name 12 = longitude: Longitude [deg]
# name 13 = timeJ: Julian Days
# name 14 = altM: Altimeter [m]
# name 15 = spar: SPAR, Biospherical/Licor
# name 16 = timeS: Time, Elapsed [seconds]
# name 17 = scan: Scan Count
# name 18 = density00: Density [density, kg/m^3]
# name 19 = density11: Density, 2 [density, kg/m^3]
# name 20 = sal00: Salinity, Practical [PSU]
# name 21 = sal11: Salinity, Practical, 2 [PSU]
# name 22 = oxsolML/L: Oxygen Saturation, Garcia & Gordon [ml/l]
# name 23 = nbin: number of scans per bin
# name 24 = flag: flag
# span 0 =      1.000,   1147.000       
# span 1 =      0.991,   1132.636       
# span 2 =    -0.6550,     1.4843       
# span 3 =  27.430063,  30.581994       
# span 4 =    -0.6556,     1.4841       
# span 5 =  27.427957,  30.580794       
# span 6 =     4.0402,     9.6974       
# span 7 =     4.1007,     9.9460       
# span 8 =    -0.0227,     2.2246       
# span 9 =    80.8283,    91.2146       
# span 10 = 1.0000e-12, 2.0261e+00      
# span 11 =  -64.94192,  -64.94178      
# span 12 =  -64.47760,  -64.47527      
# span 13 = 346.128592, 346.147547      
# span 14 =       9.33,     100.89      
# span 15 = 0.0000e+00, 0.0000e+00      
# span 16 =   2028.356,   3666.074      
# span 17 =      48682,      87987      
# span 18 =  1026.9999,  1033.1044      
# span 19 =  1026.9982,  1033.1034      
# span 20 =    33.5870,    34.6773      
# span 21 =    33.5848,    34.6759      
# span 22 =    7.72750,    8.23053      
# span 23 =         12,         48      
# span 24 = 0.0000e+00, 0.0000e+00      
# interval = decibars: 1                
# start_time = Dec 12 2021 02:31:22 [NMEA time, header]
# bad_flag = -9.990e-29
*END*
[from data line 870]
    277.000    274.101     1.1242  29.825061     1.1264  29.826471     4.4688     4.5125    -0.0129    91.0773 1.0000e-12  -64.94182  -64.47728 346.141845      99.97 0.0000e+00   3173.441      76164  1029.0225  1029.0217    34.5982    34.5976    7.80292         31 0.0000e+00
    276.000    273.115     1.1336  29.835526     1.1320  29.833043     4.4637     4.5152    -0.0018    91.1084 1.0000e-12  -64.94182  -64.47728 346.141892      99.97 0.0000e+00   3177.432      76259  1029.0195  1029.0185    34.6019    34.6005    7.80086         29 0.0000e+00
    275.000    272.124     1.1257  29.826396     1.1266  29.826684     4.4740     4.5224    -0.0079    91.1107 1.0000e-12  -64.94182  -64.47728 346.141904      99.97 0.0000e+00   3178.502      76285  1029.0136  1029.0130    34.5995    34.5989    7.80256         19 0.0000e+00
    274.000    271.137     1.1183  29.818770     1.1190  29.818851     4.4894     4.5320    -0.0153    91.0978 1.0000e-12  -64.94182  -64.47730 346.141912      99.97 0.0000e+00   3179.191      76302  1029.0088  1029.0082    34.5984    34.5979    7.80408         15 0.0000e+00
    273.000    270.147     1.1109  29.809661     1.1097  29.807716     4.4955     4.5328    -0.0224    91.1033 1.0000e-12  -64.94182  -64.47731 346.141919      99.97 0.0000e+00   3179.789      76316  1029.0025  1029.0017    34.5955    34.5944    7.80572         15 0.0000e+00
    272.000    269.155     1.1078  29.805652     1.1063  29.803477     4.4924     4.5289    -0.0118    91.0934 1.0000e-12  -64.94182  -64.47732 346.141926      99.97 0.0000e+00   3180.402      76331  1028.9972  1028.9964    34.5944    34.5934    7.80640         14 0.0000e+00
    271.000    268.168     1.1057  29.802842     1.1051  29.801409     4.4897     4.5277    -0.0082    91.0879 1.0000e-12  -64.94182  -64.47732 346.141933      99.97 0.0000e+00   3181.055      76346  1028.9920  1028.9911    34.5938    34.5925    7.80686         16 0.0000e+00
    270.000    267.179     1.1061  29.802637     1.1047  29.800423     4.4859     4.5291    -0.0148    91.0839 1.0000e-12  -64.94182  -64.47732 346.141943      99.97 0.0000e+00   3181.851      76365  1028.9871  1028.9861    34.5936    34.5923    7.80678         21 0.0000e+00
    269.000    266.191     1.1076  29.803989     1.1081  29.803316     4.4784     4.5277    -0.0088    91.0709 1.0000e-12  -64.94182  -64.47732 346.141955      99.97 0.0000e+00   3182.919      76391  1028.9827  1028.9815    34.5943    34.5928    7.80645         30 0.0000e+00
    268.000    265.202     1.1072  29.802908     1.1072  29.802233     4.4816     4.5289    -0.0168    91.0863 1.0000e-12  -64.94182  -64.47732 346.141971      99.97 0.0000e+00   3184.278      76424  1028.9777  1028.9769    34.5939    34.5931    7.80655         34 0.0000e+00
    267.000    264.213     1.1071  29.802541     1.1076  29.802351     4.4789     4.5318    -0.0149    91.0862 1.0000e-12  -64.94182  -64.47731 346.141988      99.97 0.0000e+00   3185.806      76460  1028.9731  1028.9723    34.5941    34.5933    7.80656         38 0.0000e+00
    266.000    263.226     1.1065  29.801373     1.1070  29.801097     4.4784     4.5375    -0.0109    91.0862 1.0000e-12  -64.94182  -64.47730 346.142022      99.97 0.0000e+00   3188.664      76529  1028.9681  1028.9674    34.5939    34.5930    7.80669         28 0.0000e+00
    265.000    262.235     1.1045  29.798849     1.1064  29.800208     4.4970     4.5556    -0.0041    91.0862 1.0000e-12  -64.94182  -64.47732 346.142038      99.97 0.0000e+00   3190.121      76564  1028.9632  1028.9627    34.5935    34.5931    7.80712         22 0.0000e+00
    264.000    261.248     1.1016  29.797287     1.1025  29.797764     4.5055     4.5538    -0.0003    91.0862 1.0000e-12  -64.94182  -64.47733 346.142047      99.97 0.0000e+00   3190.882      76582  1028.9602  1028.9597    34.5953    34.5949    7.80760         16 0.0000e+00
    263.000    260.256     1.0835  29.776581     1.0810  29.773149     4.5139     4.5541    -0.0148    91.0862 1.0000e-12  -64.94182  -64.47734 346.142055      99.97 0.0000e+00   3191.515      76597  1028.9524  1028.9515    34.5892    34.5876    7.81153         15 0.0000e+00
    262.000    259.268     1.0803  29.772383     1.0784  29.769832     4.5164     4.5596    -0.0132    91.0862 1.0000e-12  -64.94180  -64.47734 346.142062      99.97 0.0000e+00   3192.143      76612  1028.9471  1028.9462    34.5880    34.5868    7.81224         16 0.0000e+00
    261.000    258.278     1.0786  29.770216     1.0766  29.767498     4.5174     4.5568    -0.0078    91.0862 1.0000e-12  -64.94180  -64.47734 346.142070      99.97 0.0000e+00   3192.815      76629  1028.9422  1028.9413    34.5877    34.5864    7.81260         17 0.0000e+00
    260.000    257.291     1.0809  29.771333     1.0793  29.769293     4.5140     4.5538    -0.0133    91.0862 1.0000e-12  -64.94180  -64.47734 346.142079      99.97 0.0000e+00   3193.666      76649  1028.9367  1028.9361    34.5871    34.5863    7.81216         25 0.0000e+00
    259.000    256.302     1.0809  29.771812     1.0800  29.769848     4.5051     4.5548    -0.0091    91.0862 1.0000e-12  -64.94180  -64.47734 346.142096      99.97 0.0000e+00   3195.129      76684  1028.9328  1028.9317    34.5883    34.5869    7.81210         36 0.0000e+00
    258.000    255.312     1.0844  29.774638     1.0842  29.773620     4.5124     4.5585    -0.0131    91.0862 1.0000e-12  -64.94180  -64.47734 346.142121      99.97 0.0000e+00   3197.252      76735  1028.9279  1028.9271    34.5887    34.5876    7.81139         37 0.0000e+00
    257.000    254.324     1.0804  29.770584     1.0796  29.768966     4.5140     4.5621    -0.0063    91.0862 1.0000e-12  -64.94180  -64.47734 346.142136      99.97 0.0000e+00   3198.547      76766  1028.9234  1028.9225    34.5885    34.5873    7.81219         27 0.0000e+00
    256.000    253.335     1.0746  29.763698     1.0754  29.763915     4.5098     4.5651    -0.0018    91.0862 1.0000e-12  -64.94180  -64.47734 346.142149      99.97 0.0000e+00   3199.650      76793  1028.9177  1028.9171    34.5867    34.5860    7.81345         26 0.0000e+00
    255.000    252.346     1.0736  29.762061     1.0719  29.759239     4.5103     4.5667    -0.0108    91.0855 1.0000e-12  -64.94181  -64.47734 346.142165      99.97 0.0000e+00   3201.049      76826  1028.9127  1028.9115    34.5862    34.5845    7.81367         35 0.0000e+00
    254.000    251.358     1.0744  29.762279     1.0725  29.759416     4.5122     4.5677    -0.0063    91.0720 1.0000e-12  -64.94182  -64.47735 346.142187      99.97 0.0000e+00   3202.932      76871  1028.9078  1028.9067    34.5862    34.5846    7.81352         38 0.0000e+00
    253.000    250.369     1.0716  29.758604     1.0699  29.755758     4.5225     4.5749    -0.0045    91.0716 1.0000e-12  -64.94182  -64.47736 346.142201      99.97 0.0000e+00   3204.194      76902  1028.9026  1028.9013    34.5852    34.5834    7.81414         23 0.0000e+00
    252.000    249.378     1.0688  29.755200     1.0672  29.752756     4.5194     4.5712    -0.0151    91.0603 1.0000e-12  -64.94180  -64.47738 346.142211      99.97 0.0000e+00   3205.009      76921  1028.8975  1028.8965    34.5845    34.5831    7.81472         17 0.0000e+00
    251.000    248.388     1.0640  29.749429     1.0628  29.747151     4.5104     4.5728    -0.0090    91.0552 1.0000e-12  -64.94180  -64.47738 346.142218      99.96 0.0000e+00   3205.681      76937  1028.8920  1028.8908    34.5830    34.5814    7.81577         15 0.0000e+00
    250.000    247.401     1.0617  29.746169     1.0610  29.744819     4.5160     4.5748    -0.0077    91.0474 1.0000e-12  -64.94180  -64.47738 346.142226      99.97 0.0000e+00   3206.327      76953  1028.8866  1028.8859    34.5819    34.5809    7.81628         16 0.0000e+00
    249.000    246.411     1.0598  29.743954     1.0585  29.741725     4.5237     4.5713    -0.0077    91.0338 1.0000e-12  -64.94180  -64.47738 346.142234      99.97 0.0000e+00   3207.020      76969  1028.8820  1028.8809    34.5818    34.5803    7.81668         19 0.0000e+00
    248.000    245.422     1.0615  29.744862     1.0607  29.743344     4.5168     4.5690    -0.0077    91.0309 1.0000e-12  -64.94180  -64.47737 346.142247      99.97 0.0000e+00   3208.135      76996  1028.8769  1028.8761    34.5816    34.5806    7.81634         32 0.0000e+00
    247.000    244.435     1.0663  29.750010     1.0654  29.748135     4.5101     4.5799    -0.0077    91.0336 1.0000e-12  -64.94182  -64.47737 346.142306      99.97 0.0000e+00   3213.277      77120  1028.8731  1028.8721    34.5835    34.5821    7.81528         22 0.0000e+00
    246.000    243.444     1.0626  29.745913     1.0620  29.744283     4.5178     4.5769    -0.0077    91.0348 1.0000e-12  -64.94182  -64.47738 346.142312      99.97 0.0000e+00   3213.719      77130  1028.8683  1028.8671    34.5829    34.5815    7.81605         16 0.0000e+00
    245.000    242.454     1.0595  29.741828     1.0594  29.740932     4.5267     4.5815    -0.0077    91.0347 1.0000e-12  -64.94182  -64.47738 346.142318      99.97 0.0000e+00   3214.300      77144  1028.8629  1028.8621    34.5817    34.5807    7.81673         13 0.0000e+00
    244.000    241.470     1.0572  29.739087     1.0575  29.738505     4.5253     4.5820    -0.0077    91.0347 1.0000e-12  -64.94182  -64.47739 346.142324      99.97 0.0000e+00   3214.811      77156  1028.8580  1028.8572    34.5813    34.5803    7.81722         12 0.0000e+00
    243.000    240.479     1.0535  29.733960     1.0536  29.733437     4.5274     4.5804    -0.0114    91.0347 1.0000e-12  -64.94182  -64.47740 346.142330      99.97 0.0000e+00   3215.323      77169  1028.8522  1028.8515    34.5794    34.5786    7.81806         12 0.0000e+00
    242.000    239.487     1.0516  29.731441     1.0526  29.731736     4.5301     4.5788    -0.0150    91.0347 1.0000e-12  -64.94181  -64.47740 346.142336      99.97 0.0000e+00   3215.852      77181  1028.8472  1028.8465    34.5788    34.5782    7.81847         14 0.0000e+00
    241.000    238.499     1.0500  29.728974     1.0492  29.727576     4.5311     4.5766    -0.0107    91.0308 1.0000e-12  -64.94180  -64.47740 346.142343      99.97 0.0000e+00   3216.447      77196  1028.8420  1028.8412    34.5781    34.5771    7.81884         15 0.0000e+00
    240.000    237.510     1.0510  29.729401     1.0538  29.731584     4.5286     4.5746    -0.0078    91.0097 1.0000e-12  -64.94180  -64.47740 346.142352      99.97 0.0000e+00   3217.224      77214  1028.8371  1028.8365    34.5781    34.5778    7.81864         23 0.0000e+00
    239.000    236.523     1.0540  29.732514     1.0525  29.730177     4.5341     4.5828    -0.0169    91.0183 1.0000e-12  -64.94182  -64.47738 346.142407      99.97 0.0000e+00   3221.996      77329  1028.8331  1028.8321    34.5794    34.5780    7.81797         20 0.0000e+00
    238.000    235.531     1.0548  29.733231     1.0531  29.730398     4.5428     4.5945    -0.0227    91.0320 1.0000e-12  -64.94182  -64.47739 346.142428      99.97 0.0000e+00   3223.767      77371  1028.8287  1028.8274    34.5799    34.5782    7.81778         15 0.0000e+00
    237.000    234.545     1.0516  29.729390     1.0514  29.728327     4.5472     4.5981    -0.0102    91.0217 1.0000e-12  -64.94182  -64.47740 346.142434      99.97 0.0000e+00   3224.275      77384  1028.8236  1028.8226    34.5791    34.5780    7.81846         14 0.0000e+00
    236.000    233.555     1.0495  29.726609     1.0494  29.725691     4.5491     4.6007    -0.0083    91.0069 1.0000e-12  -64.94182  -64.47740 346.142440      99.97 0.0000e+00   3224.808      77396  1028.8186  1028.8177    34.5785    34.5774    7.81891         12 0.0000e+00
    235.000    232.563     1.0444  29.721557     1.0421  29.718958     4.5494     4.5988    -0.0138    91.0089 1.0000e-12  -64.94182  -64.47740 346.142446      99.97 0.0000e+00   3225.317      77409  1028.8142  1028.8136    34.5782    34.5774    7.81995         12 0.0000e+00
    234.000    231.576     1.0347  29.710358     1.0351  29.709863     4.5510     4.5988    -0.0150    91.0089 1.0000e-12  -64.94181  -64.47741 346.142452      99.97 0.0000e+00   3225.864      77422  1028.8080  1028.8071    34.5752    34.5741    7.82206         14 0.0000e+00
    233.000    230.585     1.0331  29.707768     1.0311  29.705188     4.5539     4.5969    -0.0150    91.0089 1.0000e-12  -64.94180  -64.47742 346.142460      99.97 0.0000e+00   3226.504      77437  1028.8025  1028.8018    34.5741    34.5730    7.82242         18 0.0000e+00
    232.000    229.597     1.0411  29.715972     1.0381  29.711808     4.5438     4.5927    -0.0057    91.0105 1.0000e-12  -64.94180  -64.47740 346.142479      99.97 0.0000e+00   3228.199      77478  1028.7987  1028.7974    34.5764    34.5744    7.82070         33 0.0000e+00
    231.000    228.610     1.0457  29.720241     1.0413  29.715077     4.5369     4.5953    -0.0042    91.0124 1.0000e-12  -64.94182  -64.47738 346.142522      99.97 0.0000e+00   3231.932      77567  1028.7943  1028.7933    34.5774    34.5757    7.81973         30 0.0000e+00
    230.000    227.618     1.0450  29.719069     1.0412  29.714251     4.5575     4.6104    -0.0125    91.0260 1.0000e-12  -64.94182  -64.47739 346.142534      99.97 0.0000e+00   3232.947      77592  1028.7895  1028.7883    34.5772    34.5753    7.81987         21 0.0000e+00
    229.000    226.632     1.0423  29.716232     1.0376  29.710519     4.5891     4.6202    -0.0127    91.0126 1.0000e-12  -64.94182  -64.47740 346.142544      99.97 0.0000e+00   3233.817      77613  1028.7850  1028.7837    34.5771    34.5750    7.82042         19 0.0000e+00
    228.000    225.640     1.0296  29.702957     1.0279  29.700029     4.5944     4.6256    -0.0077    91.0280 1.0000e-12  -64.94182  -64.47740 346.142553      99.97 0.0000e+00   3234.588      77631  1028.7796  1028.7782    34.5748    34.5729    7.82310         19 0.0000e+00
    227.000    224.652     1.0129  29.683893     1.0107  29.680754     4.5798     4.6239    -0.0077    91.0334 1.0000e-12  -64.94182  -64.47740 346.142563      99.97 0.0000e+00   3235.404      77651  1028.7722  1028.7711    34.5693    34.5678    7.82674         21 0.0000e+00
    226.000    223.662     1.0126  29.681783     1.0076  29.676142     4.5708     4.6261    -0.0020    91.0096 1.0000e-12  -64.94180  -64.47741 346.142575      99.97 0.0000e+00   3236.468      77676  1028.7659  1028.7650    34.5676    34.5658    7.82690         31 0.0000e+00
    225.000    222.675     1.0197  29.690019     1.0149  29.682826     4.5883     4.6392    -0.0076    91.0072 1.0000e-12  -64.94180  -64.47741 346.142591      99.97 0.0000e+00   3237.871      77710  1028.7631  1028.7602    34.5709    34.5669    7.82530         34 0.0000e+00
    224.000    221.685     1.0069  29.676036     1.0096  29.677676     4.5842     4.6370    -0.0052    91.0089 1.0000e-12  -64.94180  -64.47740 346.142606      99.97 0.0000e+00   3239.199      77742  1028.7569  1028.7559    34.5676    34.5668    7.82803         30 0.0000e+00
    223.000    220.695     1.0056  29.673316     1.0064  29.673916     4.5893     4.6416    -0.0067    91.0089 1.0000e-12  -64.94180  -64.47742 346.142620      99.97 0.0000e+00   3240.398      77771  1028.7510  1028.7508    34.5661    34.5661    7.82837         29 0.0000e+00
    222.000    219.707     1.0051  29.673017     1.0003  29.667132     4.6092     4.6484    -0.0072    91.0089 1.0000e-12  -64.94181  -64.47742 346.142635      99.97 0.0000e+00   3241.621      77800  1028.7468  1028.7455    34.5669    34.5646    7.82843         29 0.0000e+00
    221.000    218.716     0.9958  29.662449     0.9936  29.659198     4.6071     4.6530    -0.0057    91.0089 1.0000e-12  -64.94182  -64.47742 346.142650      99.97 0.0000e+00   3242.946      77832  1028.7408  1028.7395    34.5642    34.5624    7.83045         32 0.0000e+00
