NBP2113_155081_ctd/data/unbp2113_006.cnv
* Sea-Bird SBE 9 Data File:
* FileName = D:\Data\raw\NBP2113_006.hex
* Software Version Seasave V 7.26.7.121
* Temperature SN = 2438
* Conductivity SN = 2067
* Number of Bytes Per Scan = 40
* Number of Voltage Words = 5
* Number of Scans Averaged by the Deck Unit = 1
* NMEA Latitude = 64 34.93 S
* NMEA Longitude = 064 20.17 W
* NMEA UTC (Time) = Nov 24 2021  19:52:36
* NMEA baud rate = 9600
** Ship: RVIB N.B. Palmer
** Cruise: NBP2113 LTER
** Station: 625.073
** Operator: S.Blackman
# nquan = 25
# nvalues = 198                         
# units = specified
# name 0 = prDM: Pressure, Digiquartz [db]
# name 1 = depSM: Depth [salt water, m]
# name 2 = t090C: Temperature [ITS-90, deg C]
# name 3 = c0mS/cm: Conductivity [mS/cm]
# name 4 = t190C: Temperature, 2 [ITS-90, deg C]
# name 5 = c1mS/cm: Conductivity, 2 [mS/cm]
# name 6 = sbeox0ML/L: Oxygen, SBE 43 [ml/l]
# name 7 = sbeox1ML/L: Oxygen, SBE 43, 2 [ml/l]
# name 8 = flECO-AFL: Fluorescence, WET Labs ECO-AFL/FL [mg/m^3]
# name 9 = CStarTr0: Beam Transmission, WET Labs C-Star [%]
# name 10 = par: PAR/Irradiance, Biospherical/Licor
# name 11 = latitude: Latitude [deg]
# name 12 = longitude: Longitude [deg]
# name 13 = timeJ: Julian Days
# name 14 = altM: Altimeter [m]
# name 15 = spar: SPAR, Biospherical/Licor
# name 16 = timeS: Time, Elapsed [seconds]
# name 17 = scan: Scan Count
# name 18 = density00: Density [density, kg/m^3]
# name 19 = density11: Density, 2 [density, kg/m^3]
# name 20 = sal00: Salinity, Practical [PSU]
# name 21 = sal11: Salinity, Practical, 2 [PSU]
# name 22 = oxsolML/L: Oxygen Saturation, Garcia & Gordon [ml/l]
# name 23 = nbin: number of scans per bin
# name 24 = flag: flag
# span 0 =      1.000,    198.000       
# span 1 =      0.993,    195.971       
# span 2 =    -0.0394,     1.0105       
# span 3 =  28.372670,  29.663720       
# span 4 =    -0.0413,     1.0102       
# span 5 =  28.371392,  29.662082       
# span 6 =     4.8333,     7.5985       
# span 7 =     4.7981,     7.4358       
# span 8 =     0.0300,     0.9418       
# span 9 =    92.5500,    97.3907       
# span 10 = 1.0000e-12, 7.0859e+02      
# span 11 =  -64.58208,  -64.58194      
# span 12 =  -64.33790,  -64.33719      
# span 13 = 328.837958, 328.840902      
# span 14 =       9.32,     121.58      
# span 15 = 3.7697e+02, 4.0726e+02      
# span 16 =    843.566,   1097.937      
# span 17 =      20247,      26351      
# span 18 =  1027.4249,  1028.6308      
# span 19 =  1027.4223,  1028.6292      
# span 20 =    34.1479,    34.5647      
# span 21 =    34.1432,    34.5627      
# span 22 =    7.82748,    8.06618      
# span 23 =         19,         44      
# span 24 = 0.0000e+00, 0.0000e+00      
# interval = decibars: 1                
# start_time = Nov 24 2021 19:52:36 [NMEA time, header]
# bad_flag = -9.990e-29
*END*
    198.000    195.971     1.0086  29.662976     1.0087  29.661554     4.8448     4.8026     0.0408    97.3390 1.0000e-12  -64.58208  -64.33719 328.837958       9.32 4.0726e+02    843.566      20247  1028.6308  1028.6292    34.5642    34.5623    7.82788         39 0.0000e+00
    197.000    194.982     1.0097  29.663720     1.0097  29.662082     4.8428     4.7998     0.0461    97.3681 1.0000e-12  -64.58208  -64.33721 328.837970      10.39 4.0723e+02    844.603      20271  1028.6262  1028.6246    34.5645    34.5624    7.82764         39 0.0000e+00
    196.000    193.994     1.0096  29.663020     1.0100  29.661853     4.8399     4.7981     0.0411    97.3648 1.0000e-12  -64.58208  -64.33722 328.837995      11.38 4.0723e+02    846.788      20324  1028.6214  1028.6198    34.5644    34.5624    7.82768         42 0.0000e+00
    195.000    193.003     1.0085  29.661539     1.0085  29.659859     4.8341     4.8017     0.0490    97.3555 1.0000e-12  -64.58208  -64.33722 328.838014      12.26 4.0723e+02    848.428      20363  1028.6166  1028.6149    34.5642    34.5621    7.82789         36 0.0000e+00
    194.000    192.014     1.0105  29.663138     1.0101  29.661304     4.8333     4.8024     0.0413    97.3907 1.0000e-12  -64.58208  -64.33722 328.838033      13.31 4.0723e+02    850.061      20402  1028.6121  1028.6105    34.5647    34.5627    7.82748         39 0.0000e+00
    193.000    191.025     1.0103  29.662515     1.0102  29.660918     4.8405     4.8031     0.0526    97.3409 1.0000e-12  -64.58206  -64.33723 328.838053      14.25 4.0723e+02    851.746      20443  1028.6073  1028.6058    34.5646    34.5627    7.82751         33 0.0000e+00
    192.000    190.034     1.0085  29.659994     1.0080  29.658101     4.8698     4.8089     0.0373    97.3468 1.0000e-12  -64.58206  -64.33724 328.838066      15.05 4.0723e+02    852.873      20470  1028.6023  1028.6008    34.5640    34.5620    7.82791         23 0.0000e+00
    191.000    189.047     1.0030  29.653639     1.0028  29.652201     4.8584     4.8130     0.0300    97.3666 1.0000e-12  -64.58206  -64.33724 328.838076      16.12 4.0723e+02    853.747      20491  1028.5969  1028.5956    34.5625    34.5608    7.82910         21 0.0000e+00
    190.000    188.056     0.9966  29.646881     0.9975  29.646310     4.8690     4.8140     0.0340    97.3594 1.0000e-12  -64.58206  -64.33724 328.838086      17.19 4.0723e+02    854.608      20512  1028.5919  1028.5905    34.5614    34.5597    7.83043         21 0.0000e+00
    189.000    187.068     0.9969  29.646611     0.9955  29.643993     4.8621     4.8167     0.0418    97.3571 1.0000e-12  -64.58206  -64.33724 328.838098      18.20 4.0723e+02    855.709      20538  1028.5871  1028.5857    34.5614    34.5595    7.83038         32 0.0000e+00
    188.000    186.078     0.9969  29.646276     0.9979  29.645802     4.8630     4.8169     0.0380    97.3352 1.0000e-12  -64.58206  -64.33724 328.838121      19.59 4.0723e+02    857.689      20586  1028.5824  1028.5810    34.5616    34.5598    7.83037         39 0.0000e+00
    187.000    185.089     0.9974  29.646344     0.9970  29.644460     4.8551     4.8214     0.0403    97.3597 1.0000e-12  -64.58206  -64.33726 328.838144      20.63 4.0723e+02    859.611      20632  1028.5777  1028.5761    34.5617    34.5597    7.83027         36 0.0000e+00
    186.000    184.100     0.9950  29.643219     0.9937  29.640483     4.8806     4.8304     0.0462    97.3599 1.0000e-12  -64.58206  -64.33727 328.838159      21.66 4.0723e+02    860.907      20663  1028.5726  1028.5710    34.5609    34.5588    7.83079         28 0.0000e+00
    185.000    183.110     0.9833  29.630435     0.9839  29.629529     4.8964     4.8403     0.0330    97.3430 1.0000e-12  -64.58206  -64.33728 328.838171      22.58 4.0723e+02    861.998      20689  1028.5666  1028.5651    34.5579    34.5561    7.83329         24 0.0000e+00
    184.000    182.120     0.9774  29.623886     0.9775  29.622477     4.9063     4.8454     0.0443    97.3456 1.0000e-12  -64.58206  -64.33728 328.838182      23.67 4.0723e+02    862.961      20712  1028.5614  1028.5598    34.5567    34.5547    7.83455         23 0.0000e+00
    183.000    181.130     0.9744  29.620331     0.9743  29.618671     4.8974     4.8468     0.0436    97.3678 1.0000e-12  -64.58206  -64.33728 328.838193      24.69 4.0723e+02    863.853      20733  1028.5563  1028.5547    34.5559    34.5539    7.83518         20 0.0000e+00
    182.000    180.144     0.9720  29.617288     0.9720  29.615708     4.9151     4.8504     0.0383    97.3691 1.0000e-12  -64.58206  -64.33729 328.838203      25.78 4.0723e+02    864.716      20754  1028.5512  1028.5495    34.5553    34.5533    7.83570         21 0.0000e+00
    181.000    179.151     0.9686  29.613108     0.9700  29.613078     4.9119     4.8501     0.0413    97.3480 1.0000e-12  -64.58206  -64.33730 328.838213      26.63 4.0723e+02    865.615      20776  1028.5459  1028.5445    34.5543    34.5527    7.83644         23 0.0000e+00
    180.000    178.164     0.9647  29.608702     0.9645  29.606749     4.9070     4.8490     0.0497    97.3030 1.0000e-12  -64.58206  -64.33730 328.838225      27.76 4.0723e+02    866.664      20801  1028.5409  1028.5391    34.5535    34.5512    7.83726         28 0.0000e+00
    179.000    177.173     0.9674  29.611589     0.9692  29.611513     4.9083     4.8601     0.0441    97.3079 1.0000e-12  -64.58206  -64.33729 328.838242      29.01 4.0723e+02    868.099      20835  1028.5368  1028.5349    34.5548    34.5527    7.83665         35 0.0000e+00
    178.000    176.185     0.9674  29.610447     0.9679  29.609748     4.9157     4.8677     0.0568    97.2790 1.0000e-12  -64.58206  -64.33730 328.838262      30.10 4.0723e+02    869.850      20877  1028.5314  1028.5301    34.5540    34.5525    7.83670         39 0.0000e+00
    177.000    175.196     0.9637  29.605956     0.9690  29.609922     5.0108     4.9337     0.0543    97.2982 1.0000e-12  -64.58206  -64.33730 328.838278      31.10 4.0723e+02    871.256      20911  1028.5260  1028.5249    34.5529    34.5521    7.83751         30 0.0000e+00
    176.000    174.205     0.9386  29.577241     0.9243  29.560755     5.0789     4.9759     0.0530    97.2819 1.0000e-12  -64.58206  -64.33732 328.838291      32.06 4.0723e+02    872.371      20938  1028.5168  1028.5138    34.5443    34.5388    7.84302         24 0.0000e+00
    175.000    173.216     0.8917  29.528160     0.8854  29.520117     5.1043     4.9983     0.0526    97.2571 1.0000e-12  -64.58206  -64.33732 328.838302      32.76 4.0723e+02    873.308      20960  1028.5078  1028.5056    34.5335    34.5301    7.85305         21 0.0000e+00
    174.000    172.226     0.8728  29.507671     0.8703  29.503727     5.1192     5.0067     0.0549    97.2313 1.0000e-12  -64.58206  -64.33732 328.838312      34.16 4.0723e+02    874.147      20981  1028.5007  1028.4990    34.5286    34.5263    7.85713         20 0.0000e+00
    173.000    171.238     0.8621  29.496272     0.8633  29.495979     5.1079     4.9976     0.0615    97.2005 1.0000e-12  -64.58206  -64.33733 328.838321      34.96 4.0723e+02    874.977      21000  1028.4948  1028.4934    34.5262    34.5246    7.85940         20 0.0000e+00
    172.000    170.249     0.8578  29.491271     0.8580  29.489944     5.0929     4.9861     0.0752    97.1752 1.0000e-12  -64.58206  -64.33734 328.838332      36.00 4.0723e+02    875.885      21022  1028.4893  1028.4878    34.5252    34.5232    7.86033         24 0.0000e+00
    171.000    169.258     0.8518  29.484915     0.8753  29.507193     5.0686     4.9868     0.0777    97.1717 1.0000e-12  -64.58206  -64.33734 328.838345      37.28 4.0723e+02    877.000      21049  1028.4841  1028.4840    34.5243    34.5269    7.86160         30 0.0000e+00
    170.000    168.269     0.8667  29.500053     0.8756  29.507425     5.0559     4.9902     0.0577    97.1546 1.0000e-12  -64.58206  -64.33734 328.838361      38.29 4.0723e+02    878.389      21082  1028.4806  1028.4795    34.5279    34.5275    7.85839         36 0.0000e+00
    169.000    167.281     0.8634  29.495570     0.8714  29.503203     5.0921     5.0201     0.0767    97.1215 1.0000e-12  -64.58206  -64.33734 328.838379      39.35 4.0723e+02    879.940      21120  1028.4746  1028.4748    34.5263    34.5273    7.85914         37 0.0000e+00
    168.000    166.290     0.8540  29.485638     0.8652  29.495677     5.1426     5.0675     0.0806    97.1077 1.0000e-12  -64.58206  -64.33734 328.838395      40.73 4.0723e+02    881.326      21153  1028.4692  1028.4686    34.5245    34.5250    7.86114         29 0.0000e+00
    167.000    165.301     0.8225  29.451324     0.8176  29.444667     5.1754     5.0924     0.0744    97.1851 1.0000e-12  -64.58206  -64.33734 328.838407      41.83 4.0723e+02    882.386      21178  1028.4602  1028.4582    34.5157    34.5125    7.86799         23 0.0000e+00
    166.000    164.312     0.8065  29.434727     0.8043  29.431167     5.2066     5.1106     0.0708    97.1683 1.0000e-12  -64.58206  -64.33736 328.838418      42.77 4.0723e+02    883.277      21200  1028.4541  1028.4528    34.5125    34.5104    7.87138         21 0.0000e+00
    165.000    163.321     0.7993  29.426727     0.7944  29.419848     5.1959     5.1064     0.0598    97.1824 1.0000e-12  -64.58206  -64.33736 328.838428      43.84 4.0723e+02    884.149      21221  1028.4485  1028.4463    34.5108    34.5073    7.87295         21 0.0000e+00
    164.000    162.333     0.7854  29.411188     0.7836  29.408352     5.2191     5.1118     0.0720    97.1523 1.0000e-12  -64.58206  -64.33738 328.838439      45.01 4.0723e+02    885.144      21244  1028.4415  1028.4403    34.5067    34.5049    7.87599         27 0.0000e+00
    163.000    161.344     0.7749  29.400637     0.7922  29.415458     5.2244     5.1135     0.0943    97.1200 1.0000e-12  -64.58204  -64.33738 328.838453      46.08 4.0723e+02    886.365      21274  1028.4363  1028.4348    34.5053    34.5053    7.87819         30 0.0000e+00
    162.000    160.354     0.7646  29.389191     0.7879  29.410188     5.2108     5.1336     0.0895    97.1178 1.0000e-12  -64.58204  -64.33738 328.838469      47.08 4.0723e+02    887.713      21306  1028.4299  1028.4289    34.5025    34.5038    7.88043         29 0.0000e+00
    161.000    159.364     0.7682  29.391321     0.7782  29.401499     5.2433     5.1790     0.1336    97.1116 1.0000e-12  -64.58204  -64.33738 328.838483      48.16 4.0723e+02    888.924      21335  1028.4240  1028.4249    34.5018    34.5039    7.87974         27 0.0000e+00
    160.000    158.374     0.7523  29.373677     0.7426  29.361785     5.2859     5.2017     0.0931    97.1181 1.0000e-12  -64.58204  -64.33738 328.838497      49.30 4.0723e+02    890.112      21364  1028.4168  1028.4142    34.4972    34.4926    7.88322         31 0.0000e+00
    159.000    157.386     0.7290  29.349359     0.7203  29.338856     5.2831     5.2107     0.0972    97.0954 1.0000e-12  -64.58204  -64.33739 328.838513      50.56 4.0723e+02    891.505      21397  1028.4099  1028.4075    34.4921    34.4881    7.88822         36 0.0000e+00
    158.000    156.396     0.7238  29.343705     0.7184  29.336640     5.2921     5.2109     0.0955    97.0931 1.0000e-12  -64.58204  -64.33740 328.838530      51.70 4.0723e+02    892.961      21432  1028.4044  1028.4024    34.4911    34.4880    7.88932         32 0.0000e+00
    157.000    155.407     0.7219  29.341242     0.7195  29.337365     5.2724     5.2130     0.1070    97.0660 1.0000e-12  -64.58204  -64.33740 328.838543      52.33 4.0723e+02    894.139      21460  1028.3993  1028.3976    34.4907    34.4883    7.88975         25 0.0000e+00
    156.000    154.417     0.7184  29.337024     0.7169  29.334149     5.2759     5.2199     0.0970    97.0908 1.0000e-12  -64.58204  -64.33742 328.838555      53.60 4.0723e+02    895.117      21484  1028.3939  1028.3923    34.4897    34.4876    7.89051         22 0.0000e+00
    155.000    153.428     0.7146  29.332810     0.7139  29.330630     5.2817     5.2162     0.0872    97.0976 1.0000e-12  -64.58204  -64.33742 328.838565      55.07 4.0574e+02    896.060      21506  1028.3887  1028.3872    34.4890    34.4870    7.89132         24 0.0000e+00
    154.000    152.438     0.7151  29.333122     0.7112  29.327522     5.2627     5.2168     0.0905    97.0704 1.0000e-12  -64.58204  -64.33742 328.838578      56.11 4.0547e+02    897.145      21532  1028.3841  1028.3821    34.4894    34.4865    7.89119         29 0.0000e+00
    153.000    151.449     0.7189  29.336383     0.7157  29.331662     5.2704     5.2173     0.0948    97.1039 1.0000e-12  -64.58204  -64.33742 328.838594      57.15 4.0546e+02    898.541      21566  1028.3793  1028.3775    34.4900    34.4875    7.89038         34 0.0000e+00
    152.000    150.459     0.7181  29.334966     0.7115  29.326970     5.2978     5.2248     0.1072    97.0579 1.0000e-12  -64.58204  -64.33743 328.838611      58.47 4.0546e+02    900.002      21601  1028.3742  1028.3724    34.4896    34.4866    7.89056         33 0.0000e+00
    151.000    149.469     0.7104  29.326480     0.7123  29.327131     5.3060     5.2393     0.1021    97.0580 1.0000e-12  -64.58204  -64.33744 328.838625      59.47 4.0546e+02    901.216      21630  1028.3686  1028.3673    34.4879    34.4865    7.89224         26 0.0000e+00
    150.000    148.479     0.7035  29.318793     0.6969  29.310355     5.3186     5.2495     0.1022    97.0947 1.0000e-12  -64.58204  -64.33744 328.838637      60.42 4.0546e+02    902.248      21655  1028.3630  1028.3607    34.4861    34.4825    7.89373         23 0.0000e+00
    149.000    147.491     0.6922  29.306636     0.6899  29.302845     5.3088     5.2502     0.0875    97.0879 1.0000e-12  -64.58204  -64.33744 328.838649      61.71 4.0546e+02    903.248      21679  1028.3571  1028.3554    34.4835    34.4811    7.89617         25 0.0000e+00
    148.000    146.500     0.6955  29.309735     0.6895  29.302234     5.3063     5.2470     0.0935    97.0720 1.0000e-12  -64.58204  -64.33744 328.838662      63.03 4.0546e+02    904.393      21706  1028.3527  1028.3506    34.4844    34.4813    7.89545         32 0.0000e+00
    147.000    145.512     0.6964  29.310098     0.6949  29.307106     5.3098     5.2413     0.1201    97.0764 1.0000e-12  -64.58204  -64.33744 328.838681      64.07 4.0546e+02    906.007      21745  1028.3478  1028.3460    34.4845    34.4823    7.89527         44 0.0000e+00
    146.000    144.522     0.6919  29.304974     0.6965  29.308318     5.3402     5.2673     0.1072    97.0689 1.0000e-12  -64.58204  -64.33746 328.838700      65.06 4.0546e+02    907.714      21786  1028.3425  1028.3414    34.4835    34.4827    7.89624         34 0.0000e+00
    145.000    143.532     0.6831  29.295364     0.6882  29.299080     5.3880     5.2932     0.0946    97.0784 1.0000e-12  -64.58204  -64.33747 328.838714      66.12 4.0546e+02    908.871      21814  1028.3368  1028.3355    34.4814    34.4805    7.89815         24 0.0000e+00
    144.000    142.543     0.6672  29.277141     0.6615  29.269912     5.3802     5.3064     0.0948    97.0834 1.0000e-12  -64.58204  -64.33748 328.838724      67.28 4.0546e+02    909.792      21836  1028.3290  1028.3271    34.4759    34.4729    7.90168         21 0.0000e+00
    143.000    141.554     0.6565  29.266046     0.6540  29.261860     5.3859     5.3122     0.0888    97.0671 1.0000e-12  -64.58204  -64.33748 328.838735      68.27 4.0546e+02    910.686      21857  1028.3236  1028.3217    34.4740    34.4714    7.90396         22 0.0000e+00
    142.000    140.564     0.6542  29.263058     0.6537  29.261082     5.3807     5.3087     0.1024    97.0359 1.0000e-12  -64.58204  -64.33748 328.838746      69.37 4.0546e+02    911.687      21881  1028.3183  1028.3167    34.4733    34.4712    7.90447         27 0.0000e+00
