NBP2113_155081_ctd/data/unbp2113_053.cnv
* Sea-Bird SBE 9 Data File:
* FileName = D:\Data\raw\NBP2113_053.hex
* Software Version Seasave V 7.26.7.121
* Temperature SN = 2438
* Conductivity SN = 2067
* Number of Bytes Per Scan = 40
* Number of Voltage Words = 5
* Number of Scans Averaged by the Deck Unit = 1
* NMEA Latitude = 64 53.78 S
* NMEA Longitude = 064 39.15 W
* NMEA UTC (Time) = Dec 11 2021  18:56:20
* NMEA baud rate = 9600
** Ship: RVIB N.B. Palmer
** Cruise: NBP2113 LTER
** Station: 595.052
** Operator: S. Blackman
# nquan = 25
# nvalues = 485                         
# units = specified
# name 0 = prDM: Pressure, Digiquartz [db]
# name 1 = depSM: Depth [salt water, m]
# name 2 = t090C: Temperature [ITS-90, deg C]
# name 3 = c0mS/cm: Conductivity [mS/cm]
# name 4 = t190C: Temperature, 2 [ITS-90, deg C]
# name 5 = c1mS/cm: Conductivity, 2 [mS/cm]
# name 6 = sbeox0ML/L: Oxygen, SBE 43 [ml/l]
# name 7 = sbeox1ML/L: Oxygen, SBE 43, 2 [ml/l]
# name 8 = flECO-AFL: Fluorescence, WET Labs ECO-AFL/FL [mg/m^3]
# name 9 = CStarTr0: Beam Transmission, WET Labs C-Star [%]
# name 10 = par: PAR/Irradiance, Biospherical/Licor
# name 11 = latitude: Latitude [deg]
# name 12 = longitude: Longitude [deg]
# name 13 = timeJ: Julian Days
# name 14 = altM: Altimeter [m]
# name 15 = spar: SPAR, Biospherical/Licor
# name 16 = timeS: Time, Elapsed [seconds]
# name 17 = scan: Scan Count
# name 18 = density00: Density [density, kg/m^3]
# name 19 = density11: Density, 2 [density, kg/m^3]
# name 20 = sal00: Salinity, Practical [PSU]
# name 21 = sal11: Salinity, Practical, 2 [PSU]
# name 22 = oxsolML/L: Oxygen Saturation, Garcia & Gordon [ml/l]
# name 23 = nbin: number of scans per bin
# name 24 = flag: flag
# span 0 =      1.000,    485.000       
# span 1 =      0.992,    479.687       
# span 2 =    -0.2936,     1.4446       
# span 3 =  27.837677,  30.256758       
# span 4 =    -0.2974,     1.4444       
# span 5 =  27.832811,  30.255431       
# span 6 =     4.1076,     8.0474       
# span 7 =     4.1735,     8.0320       
# span 8 =    -0.0225,     1.7712       
# span 9 =    85.0365,    92.1169       
# span 10 = 1.0000e-12, 1.0695e+03      
# span 11 =  -64.89646,  -64.89640      
# span 12 =  -64.65299,  -64.65254      
# span 13 = 345.802193, 345.811111      
# span 14 =       9.55,     101.53      
# span 15 = 6.3413e+02, 8.8146e+02      
# span 16 =   1129.440,   1899.958      
# span 17 =      27108,      45600      
# span 18 =  1027.1035,  1030.0341      
# span 19 =  1027.1017,  1030.0330      
# span 20 =    33.7326,    34.6767      
# span 21 =    33.7302,    34.6751      
# span 22 =    7.73535,    8.14406      
# span 23 =         12,         45      
# span 24 = 0.0000e+00, 0.0000e+00      
# interval = decibars: 1                
# start_time = Dec 11 2021 18:56:20 [NMEA time, header]
# bad_flag = -9.990e-29
*END*
[from data line 174]
    311.000    307.723     1.2912  30.010784     1.2907  30.009167     4.2853     4.3441    -0.0150    92.0901 1.0000e-12  -64.89642  -64.65256 345.804611      99.97 7.6862e+02   1338.366      32122  1029.1956  1029.1945    34.6316    34.6301    7.76796         20 0.0000e+00
    310.000    306.731     1.2911  30.010365     1.2908  30.008880     4.2882     4.3441    -0.0209    92.1000 1.0000e-12  -64.89642  -64.65256 345.804620      99.97 7.6862e+02   1339.173      32141  1029.1911  1029.1898    34.6319    34.6302    7.76798         19 0.0000e+00
    309.000    305.745     1.2913  30.010090     1.2905  30.008166     4.2931     4.3432    -0.0151    92.1148 1.0000e-12  -64.89642  -64.65256 345.804630      99.97 7.6838e+02   1340.008      32161  1029.1864  1029.1852    34.6319    34.6303    7.76794         22 0.0000e+00
    308.000    304.756     1.2902  30.008599     1.2902  30.007300     4.2922     4.3424    -0.0071    92.0995 1.0000e-12  -64.89642  -64.65256 345.804644      99.97 7.6687e+02   1341.205      32190  1029.1817  1029.1803    34.6318    34.6300    7.76816         32 0.0000e+00
    307.000    303.768     1.2905  30.008544     1.2900  30.006906     4.2883     4.3455    -0.0075    92.1071 1.0000e-12  -64.89642  -64.65254 345.804680      99.97 7.6610e+02   1344.333      32265  1029.1770  1029.1758    34.6319    34.6303    7.76809         36 0.0000e+00
    306.000    302.778     1.2886  30.005843     1.2884  30.004478     4.3017     4.3556    -0.0145    92.1163 1.0000e-12  -64.89642  -64.65256 345.804693      99.97 7.6508e+02   1345.518      32293  1029.1720  1029.1708    34.6312    34.6297    7.76851         23 0.0000e+00
    305.000    301.790     1.2851  30.002465     1.2838  30.000049     4.3011     4.3581    -0.0174    92.1040 1.0000e-12  -64.89642  -64.65256 345.804703      99.97 7.6490e+02   1346.375      32314  1029.1677  1029.1665    34.6313    34.6296    7.76919         19 0.0000e+00
    304.000    300.801     1.2805  29.996839     1.2795  29.994714     4.3062     4.3581     0.0003    92.0930 1.0000e-12  -64.89642  -64.65256 345.804713      99.97 7.6336e+02   1347.195      32334  1029.1623  1029.1611    34.6298    34.6282    7.77019         21 0.0000e+00
    303.000    299.812     1.2790  29.994937     1.2793  29.994081     4.3074     4.3595    -0.0059    92.1014 1.0000e-12  -64.89642  -64.65256 345.804723      99.97 7.6296e+02   1348.101      32355  1029.1574  1029.1563    34.6295    34.6281    7.77049         23 0.0000e+00
    302.000    298.823     1.2791  29.994601     1.2777  29.992121     4.3091     4.3666    -0.0138    92.1000 1.0000e-12  -64.89642  -64.65256 345.804736      99.97 7.6158e+02   1349.153      32381  1029.1527  1029.1516    34.6295    34.6279    7.77046         27 0.0000e+00
    301.000    297.835     1.2773  29.992376     1.2732  29.987271     4.3106     4.3699    -0.0147    92.0802 1.0000e-12  -64.89642  -64.65256 345.804749      99.97 7.6156e+02   1350.275      32408  1029.1480  1029.1468    34.6293    34.6273    7.77085         27 0.0000e+00
    300.000    296.846     1.2707  29.985167     1.2703  29.983392     4.3217     4.3709    -0.0150    92.1144 1.0000e-12  -64.89642  -64.65258 345.804761      99.97 7.6156e+02   1351.383      32434  1029.1429  1029.1415    34.6280    34.6261    7.77222         25 0.0000e+00
    299.000    295.857     1.2697  29.983758     1.2682  29.981253     4.3232     4.3722    -0.0083    92.1122 1.0000e-12  -64.89642  -64.65258 345.804774      99.97 7.6156e+02   1352.473      32460  1029.1381  1029.1371    34.6278    34.6263    7.77242         26 0.0000e+00
    298.000    294.868     1.2682  29.981886     1.2669  29.979405     4.3153     4.3708    -0.0072    92.0973 1.0000e-12  -64.89642  -64.65258 345.804788      99.97 7.6156e+02   1353.642      32488  1029.1334  1029.1322    34.6277    34.6260    7.77273         30 0.0000e+00
    297.000    293.880     1.2676  29.980618     1.2679  29.979796     4.3130     4.3660    -0.0150    92.0881 1.0000e-12  -64.89642  -64.65258 345.804803      99.97 7.6156e+02   1354.982      32521  1029.1285  1029.1272    34.6274    34.6259    7.77287         34 0.0000e+00
    296.000    292.890     1.2702  29.982786     1.2710  29.982617     4.3048     4.3641    -0.0108    92.0966 1.0000e-12  -64.89642  -64.65258 345.804820      99.97 7.6124e+02   1356.423      32555  1029.1239  1029.1228    34.6278    34.6267    7.77233         34 0.0000e+00
    295.000    291.902     1.2702  29.982420     1.2707  29.981766     4.3066     4.3636    -0.0123    92.0952 1.0000e-12  -64.89642  -64.65257 345.804836      99.97 7.5978e+02   1357.789      32588  1029.1192  1029.1180    34.6279    34.6265    7.77233         32 0.0000e+00
    294.000    290.914     1.2731  29.984785     1.2743  29.984933     4.3098     4.3632    -0.0148    92.0903 1.0000e-12  -64.89642  -64.65258 345.804851      99.97 7.5941e+02   1359.126      32620  1029.1145  1029.1134    34.6283    34.6272    7.77173         32 0.0000e+00
    293.000    289.924     1.2731  29.984646     1.2720  29.982507     4.3115     4.3672    -0.0095    92.0904 1.0000e-12  -64.89642  -64.65258 345.804867      99.97 7.5803e+02   1360.529      32654  1029.1101  1029.1090    34.6287    34.6272    7.77170         36 0.0000e+00
    292.000    288.935     1.2723  29.983409     1.2689  29.978834     4.3186     4.3723    -0.0108    92.0904 1.0000e-12  -64.89642  -64.65258 345.804884      99.97 7.5665e+02   1361.965      32688  1029.1053  1029.1041    34.6286    34.6265    7.77187         33 0.0000e+00
    291.000    287.946     1.2681  29.978869     1.2656  29.975138     4.3216     4.3760    -0.0074    92.0904 1.0000e-12  -64.89642  -64.65260 345.804898      99.97 7.5628e+02   1363.156      32717  1029.1006  1029.0992    34.6280    34.6260    7.77273         24 0.0000e+00
    290.000    286.958     1.2677  29.977684     1.2672  29.975918     4.3157     4.3759    -0.0073    92.0904 1.0000e-12  -64.89642  -64.65260 345.804908      99.97 7.5628e+02   1364.078      32739  1029.0955  1029.0942    34.6275    34.6258    7.77284         18 0.0000e+00
    289.000    285.967     1.2691  29.979132     1.2684  29.977322     4.3092     4.3721    -0.0068    92.0904 1.0000e-12  -64.89642  -64.65261 345.804917      99.97 7.5628e+02   1364.847      32757  1029.0913  1029.0902    34.6284    34.6268    7.77251         17 0.0000e+00
    288.000    284.980     1.2658  29.975055     1.2647  29.972980     4.3113     4.3725     0.0000    92.0904 1.0000e-12  -64.89642  -64.65262 345.804926      99.97 7.5628e+02   1365.566      32775  1029.0862  1029.0852    34.6274    34.6260    7.77322         18 0.0000e+00
    287.000    283.992     1.2658  29.974473     1.2642  29.971720     4.3137     4.3716    -0.0075    92.0904 1.0000e-12  -64.89642  -64.65260 345.804934      99.97 7.5619e+02   1366.318      32793  1029.0814  1029.0802    34.6272    34.6255    7.77323         19 0.0000e+00
    286.000    283.003     1.2686  29.976780     1.2668  29.973975     4.3108     4.3713    -0.0118    92.0730 1.0000e-12  -64.89642  -64.65260 345.804945      99.97 7.5470e+02   1367.252      32815  1029.0767  1029.0756    34.6277    34.6261    7.77265         27 0.0000e+00
    285.000    282.013     1.2678  29.975766     1.2665  29.973372     4.3117     4.3706    -0.0084    92.0709 1.0000e-12  -64.89642  -64.65258 345.804969      99.97 7.5251e+02   1369.293      32864  1029.0722  1029.0710    34.6279    34.6262    7.77281         33 0.0000e+00
    284.000    281.025     1.2680  29.975369     1.2671  29.973481     4.3063     4.3722    -0.0130    92.0791 1.0000e-12  -64.89642  -64.65259 345.805000      62.09 7.5099e+02   1372.045      32930  1029.0674  1029.0663    34.6278    34.6263    7.77278         25 0.0000e+00
    283.000    280.037     1.2694  29.976500     1.2683  29.974107     4.3136     4.3711    -0.0147    92.0909 1.0000e-12  -64.89642  -64.65262 345.805012     101.53 7.5099e+02   1373.061      32954  1029.0628  1029.0615    34.6281    34.6263    7.77246         20 0.0000e+00
    282.000    279.046     1.2682  29.975061     1.2671  29.973042     4.3186     4.3719    -0.0133    92.0889 1.0000e-12  -64.89642  -64.65262 345.805021      99.97 7.5099e+02   1373.794      32972  1029.0584  1029.0574    34.6283    34.6269    7.77270         17 0.0000e+00
    281.000    278.057     1.2662  29.972489     1.2659  29.971062     4.3253     4.3738    -0.0078    92.0603 1.0000e-12  -64.89642  -64.65262 345.805029      99.97 7.5099e+02   1374.469      32988  1029.0534  1029.0523    34.6277    34.6263    7.77312         16 0.0000e+00
    280.000    277.070     1.2652  29.970941     1.2651  29.969777     4.3245     4.3771    -0.0073    92.0743 1.0000e-12  -64.89642  -64.65262 345.805037      99.97 7.5099e+02   1375.170      33005  1029.0486  1029.0475    34.6275    34.6261    7.77334         18 0.0000e+00
    279.000    276.078     1.2658  29.971078     1.2654  29.969637     4.3285     4.3782    -0.0096    92.0673 1.0000e-12  -64.89642  -64.65262 345.805046      99.97 7.5099e+02   1375.988      33025  1029.0439  1029.0428    34.6276    34.6261    7.77322         22 0.0000e+00
    278.000    275.092     1.2663  29.971179     1.2662  29.969853     4.3257     4.3741    -0.0110    92.0716 1.0000e-12  -64.89642  -64.65262 345.805061      99.97 7.5001e+02   1377.276      33056  1029.0393  1029.0380    34.6277    34.6262    7.77310         37 0.0000e+00
    277.000    274.103     1.2645  29.968928     1.2649  29.968082     4.3237     4.3733    -0.0110    92.0785 1.0000e-12  -64.89642  -64.65260 345.805087      99.97 7.4918e+02   1379.557      33110  1029.0345  1029.0333    34.6274    34.6259    7.77348         40 0.0000e+00
    276.000    273.115     1.2646  29.968468     1.2639  29.966898     4.3211     4.3821    -0.0131    92.0607 1.0000e-12  -64.89643  -64.65261 345.805102      99.97 7.4922e+02   1380.809      33140  1029.0297  1029.0287    34.6272    34.6260    7.77346         22 0.0000e+00
    275.000    272.126     1.2616  29.965064     1.2620  29.964206     4.3234     4.3826    -0.0151    92.0544 1.0000e-12  -64.89644  -64.65262 345.805111      99.97 7.4922e+02   1381.636      33160  1029.0250  1029.0236    34.6269    34.6253    7.77409         18 0.0000e+00
    274.000    271.135     1.2615  29.964576     1.2614  29.963622     4.3256     4.3774    -0.0150    92.0716 1.0000e-12  -64.89644  -64.65262 345.805120      99.97 7.4922e+02   1382.380      33178  1029.0203  1029.0194    34.6269    34.6258    7.77410         19 0.0000e+00
    273.000    270.147     1.2588  29.961586     1.2576  29.959103     4.3282     4.3837    -0.0150    92.0902 1.0000e-12  -64.89644  -64.65262 345.805130      99.97 7.4922e+02   1383.223      33198  1029.0156  1029.0143    34.6267    34.6248    7.77466         21 0.0000e+00
    272.000    269.158     1.2600  29.961803     1.2596  29.960480     4.3293     4.3793    -0.0169    92.0728 1.0000e-12  -64.89643  -64.65262 345.805147      99.97 7.4922e+02   1384.704      33234  1029.0104  1029.0094    34.6262    34.6249    7.77444         34 0.0000e+00
    271.000    268.169     1.2603  29.961947     1.2607  29.961136     4.3348     4.3873    -0.0096    92.0795 1.0000e-12  -64.89642  -64.65262 345.805173      99.97 7.4922e+02   1386.922      33287  1029.0060  1029.0048    34.6266    34.6252    7.77435         30 0.0000e+00
    270.000    267.181     1.2581  29.959292     1.2585  29.958704     4.3412     4.3934    -0.0140    92.0868 1.0000e-12  -64.89642  -64.65262 345.805184      99.97 7.4922e+02   1387.930      33311  1029.0012  1029.0002    34.6262    34.6251    7.77481         20 0.0000e+00
    269.000    266.192     1.2530  29.953996     1.2519  29.951683     4.3440     4.3890    -0.0075    92.0687 1.0000e-12  -64.89642  -64.65263 345.805193      99.97 7.4922e+02   1388.689      33330  1028.9965  1028.9952    34.6256    34.6239    7.77585         17 0.0000e+00
    268.000    265.202     1.2494  29.949527     1.2488  29.947827     4.3476     4.3921    -0.0123    92.0715 1.0000e-12  -64.89642  -64.65264 345.805202      99.97 7.4922e+02   1389.412      33347  1028.9913  1028.9901    34.6245    34.6230    7.77662         19 0.0000e+00
    267.000    264.214     1.2481  29.947622     1.2476  29.945945     4.3452     4.3942    -0.0117    92.0674 1.0000e-12  -64.89644  -64.65264 345.805211      99.97 7.4854e+02   1390.230      33367  1028.9863  1028.9851    34.6241    34.6225    7.77691         20 0.0000e+00
    266.000    263.226     1.2505  29.949412     1.2491  29.946919     4.3425     4.3905    -0.0111    92.0634 1.0000e-12  -64.89644  -64.65263 345.805225      99.97 7.4751e+02   1391.455      33396  1028.9815  1028.9803    34.6243    34.6226    7.77641         35 0.0000e+00
    265.000    262.237     1.2501  29.948584     1.2506  29.948122     4.3342     4.3980    -0.0151    92.0707 1.0000e-12  -64.89644  -64.65262 345.805254      99.97 7.4746e+02   1393.949      33456  1028.9768  1028.9758    34.6243    34.6232    7.77650         35 0.0000e+00
    264.000    261.247     1.2476  29.945731     1.2489  29.946085     4.3415     4.4044    -0.0150    92.0552 1.0000e-12  -64.89644  -64.65264 345.805270      99.97 7.4746e+02   1395.294      33488  1028.9720  1028.9710    34.6239    34.6230    7.77701         23 0.0000e+00
    263.000    260.257     1.2462  29.944287     1.2453  29.942383     4.3497     4.4034    -0.0094    92.0647 1.0000e-12  -64.89644  -64.65264 345.805279      99.97 7.4570e+02   1396.082      33507  1028.9677  1028.9666    34.6243    34.6228    7.77728         17 0.0000e+00
    262.000    259.269     1.2403  29.936999     1.2392  29.934776     4.3568     4.4012    -0.0059    92.0647 1.0000e-12  -64.89643  -64.65265 345.805287      99.97 7.4570e+02   1396.771      33524  1028.9618  1028.9607    34.6221    34.6204    7.77857         16 0.0000e+00
    261.000    258.280     1.2382  29.934324     1.2365  29.931512     4.3603     4.4031    -0.0004    92.0575 1.0000e-12  -64.89642  -64.65266 345.805295      99.97 7.4570e+02   1397.481      33541  1028.9568  1028.9556    34.6215    34.6198    7.77901         18 0.0000e+00
    260.000    257.291     1.2371  29.932196     1.2362  29.929957     4.3651     4.4066    -0.0118    92.0442 1.0000e-12  -64.89644  -64.65264 345.805305      99.97 7.4552e+02   1398.391      33562  1028.9515  1028.9500    34.6206    34.6187    7.77928         28 0.0000e+00
    259.000    256.302     1.2386  29.933773     1.2398  29.933993     4.3583     4.4077    -0.0085    92.0511 1.0000e-12  -64.89643  -64.65265 345.805328      99.97 7.4395e+02   1400.352      33609  1028.9473  1028.9463    34.6215    34.6204    7.77892         40 0.0000e+00
    258.000    255.313     1.2360  29.930743     1.2392  29.932972     4.3617     4.4153    -0.0095    92.0598 1.0000e-12  -64.89642  -64.65264 345.805350      99.97 7.4362e+02   1402.262      33655  1028.9424  1028.9416    34.6212    34.6205    7.77947         29 0.0000e+00
    257.000    254.324     1.2352  29.929199     1.2352  29.928385     4.3679     4.4210    -0.0140    92.0648 1.0000e-12  -64.89642  -64.65266 345.805361      99.97 7.4215e+02   1403.199      33678  1028.9374  1028.9365    34.6206    34.6195    7.77965         20 0.0000e+00
    256.000    253.336     1.2299  29.923373     1.2289  29.921200     4.3661     4.4190    -0.0001    92.0647 1.0000e-12  -64.89642  -64.65266 345.805370      99.97 7.4217e+02   1403.995      33697  1028.9323  1028.9311    34.6195    34.6179    7.78075         19 0.0000e+00
    255.000    252.345     1.2272  29.919574     1.2269  29.918113     4.3683     4.4204    -0.0107    92.0824 1.0000e-12  -64.89642  -64.65266 345.805380      99.97 7.4203e+02   1404.870      33718  1028.9268  1028.9256    34.6183    34.6167    7.78136         24 0.0000e+00
