NBP2113_155081_ctd/data/unbp2113_062.cnv
* Sea-Bird SBE 9 Data File:
* FileName = D:\Data\raw\NBP2113_062.hex
* Software Version Seasave V 7.26.7.121
* Temperature SN = 2438
* Conductivity SN = 2067
* Number of Bytes Per Scan = 40
* Number of Voltage Words = 5
* Number of Scans Averaged by the Deck Unit = 1
* NMEA Latitude = 64 46.58 S
* NMEA Longitude = 063 03.86 W
* NMEA UTC (Time) = Dec 14 2021  03:19:35
* NMEA baud rate = 9600
** Ship: RVIB N.B. Palmer
** Cruise: NBP2113 LTER
** Station: 654.003
** Operator: B. Urmston
# nquan = 25
# nvalues = 283                         
# units = specified
# name 0 = prDM: Pressure, Digiquartz [db]
# name 1 = depSM: Depth [salt water, m]
# name 2 = t090C: Temperature [ITS-90, deg C]
# name 3 = c0mS/cm: Conductivity [mS/cm]
# name 4 = t190C: Temperature, 2 [ITS-90, deg C]
# name 5 = c1mS/cm: Conductivity, 2 [mS/cm]
# name 6 = sbeox0ML/L: Oxygen, SBE 43 [ml/l]
# name 7 = sbeox1ML/L: Oxygen, SBE 43, 2 [ml/l]
# name 8 = flECO-AFL: Fluorescence, WET Labs ECO-AFL/FL [mg/m^3]
# name 9 = CStarTr0: Beam Transmission, WET Labs C-Star [%]
# name 10 = par: PAR/Irradiance, Biospherical/Licor
# name 11 = latitude: Latitude [deg]
# name 12 = longitude: Longitude [deg]
# name 13 = timeJ: Julian Days
# name 14 = altM: Altimeter [m]
# name 15 = spar: SPAR, Biospherical/Licor
# name 16 = timeS: Time, Elapsed [seconds]
# name 17 = scan: Scan Count
# name 18 = density00: Density [density, kg/m^3]
# name 19 = density11: Density, 2 [density, kg/m^3]
# name 20 = sal00: Salinity, Practical [PSU]
# name 21 = sal11: Salinity, Practical, 2 [PSU]
# name 22 = oxsolML/L: Oxygen Saturation, Garcia & Gordon [ml/l]
# name 23 = nbin: number of scans per bin
# name 24 = flag: flag
# span 0 =      1.000,    283.000       
# span 1 =      0.991,    280.039       
# span 2 =    -0.3781,     0.8025       
# span 3 =  28.352254,  29.401379       
# span 4 =    -0.3786,     0.8014       
# span 5 =  28.350404,  29.399647       
# span 6 =     4.9877,     7.6919       
# span 7 =     5.0622,     8.2207       
# span 8 =    -0.0191,     1.6154       
# span 9 =    83.9595,    90.8381       
# span 10 = 1.0000e-12, 8.0165e+00      
# span 11 =  -64.77628,  -64.77622      
# span 12 =  -63.06549,  -63.06518      
# span 13 = 348.149906, 348.157377      
# span 14 =      10.85,     100.04      
# span 15 = 0.0000e+00, 0.0000e+00      
# span 16 =    976.865,   1622.401      
# span 17 =      23446,      38939      
# span 18 =  1027.3214,  1029.0637      
# span 19 =  1027.3195,  1029.0625      
# span 20 =    34.0263,    34.5084      
# span 21 =    34.0245,    34.5076      
# span 22 =    7.87269,    8.11865      
# span 23 =         25,         49      
# span 24 = 0.0000e+00, 0.0000e+00      
# interval = decibars: 1                
# start_time = Dec 14 2021 03:19:35 [NMEA time, header]
# bad_flag = -9.990e-29
*END*
[from data line 116]
    167.000    165.300     0.4744  29.140386     0.4818  29.145754     5.1971     5.2812     0.0470    90.4667 1.0000e-12  -64.77626  -63.06534 348.152350      99.97 0.0000e+00   1188.009      28513  1028.4660  1028.4643    34.4989    34.4976    7.93984         34 0.0000e+00
    166.000    164.309     0.4906  29.153746     0.4955  29.157194     5.1968     5.2783     0.0387    90.4535 1.0000e-12  -64.77626  -63.06534 348.152370      99.97 0.0000e+00   1189.752      28555  1028.4602  1028.4590    34.4988    34.4978    7.93651         37 0.0000e+00
    165.000    163.320     0.4940  29.156267     0.4978  29.159369     5.1997     5.2769     0.0415    90.5050 1.0000e-12  -64.77626  -63.06534 348.152391      99.97 0.0000e+00   1191.617      28600  1028.4556  1028.4552    34.4989    34.4988    7.93581         43 0.0000e+00
    164.000    162.330     0.4961  29.157737     0.5003  29.159946     5.1944     5.2722     0.0472    90.4925 1.0000e-12  -64.77626  -63.06534 348.152413      99.97 0.0000e+00   1193.509      28645  1028.4511  1028.4495    34.4991    34.4973    7.93537         36 0.0000e+00
    163.000    161.342     0.5003  29.161105     0.5050  29.163667     5.1916     5.2677     0.0464    90.4737 1.0000e-12  -64.77626  -63.06534 348.152435      99.97 0.0000e+00   1195.414      28691  1028.4466  1028.4449    34.4994    34.4976    7.93449         37 0.0000e+00
    162.000    160.352     0.5118  29.169972     0.5125  29.169251     5.1850     5.2646     0.0453    90.4657 1.0000e-12  -64.77626  -63.06534 348.152457      99.97 0.0000e+00   1197.311      28736  1028.4406  1028.4393    34.4987    34.4971    7.93216         42 0.0000e+00
    161.000    159.362     0.5094  29.168501     0.5103  29.167830     5.2211     5.2780     0.0462    90.4611 1.0000e-12  -64.77626  -63.06532 348.152484      99.97 0.0000e+00   1199.616      28792  1028.4373  1028.4360    34.5001    34.4983    7.93259         34 0.0000e+00
    160.000    158.372     0.4872  29.145115     0.4898  29.149942     5.2066     5.2785     0.0748    90.4923 1.0000e-12  -64.77626  -63.06532 348.152519      99.97 0.0000e+00   1202.626      28864  1028.4308  1028.4333    34.4949    34.4984    7.93743         40 0.0000e+00
    159.000    157.384     0.5046  29.161735     0.5043  29.159545     5.1986     5.2718     0.0445    90.4721 1.0000e-12  -64.77626  -63.06532 348.152560      99.97 0.0000e+00   1206.159      28949  1028.4266  1028.4249    34.4978    34.4953    7.93369         36 0.0000e+00
    158.000    156.397     0.5103  29.165561     0.5033  29.159240     5.1819     5.2679     0.0466    90.5010 1.0000e-12  -64.77626  -63.06532 348.152601      99.97 0.0000e+00   1209.757      29035  1028.4211  1028.4215    34.4971    34.4966    7.93258         37 0.0000e+00
    157.000    155.403     0.5307  29.184268     0.5267  29.178766     5.1736     5.2553     0.0401    90.5202 1.0000e-12  -64.77626  -63.06532 348.152644      99.96 0.0000e+00   1213.440      29124  1028.4165  1028.4146    34.4994    34.4966    7.92827         29 0.0000e+00
    156.000    154.416     0.5258  29.179667     0.5296  29.181611     5.1833     5.2469     0.0416    90.4811 1.0000e-12  -64.77626  -63.06532 348.152685      99.97 0.0000e+00   1216.986      29209  1028.4125  1028.4108    34.4993    34.4977    7.92926         33 0.0000e+00
    155.000    153.426     0.5244  29.176512     0.5434  29.193063     5.1807     5.2283     0.0498    90.5221 1.0000e-12  -64.77626  -63.06531 348.152727      99.97 0.0000e+00   1220.571      29295  1028.4065  1028.4052    34.4974    34.4978    7.92966         31 0.0000e+00
    154.000    152.435     0.5265  29.179104     0.5769  29.224333     5.1622     5.2068     0.0447    90.5359 1.0000e-12  -64.77626  -63.06531 348.152769      99.97 0.0000e+00   1224.216      29382  1028.4029  1028.4008    34.4991    34.5018    7.92915         26 0.0000e+00
    153.000    151.444     0.5891  29.231466     0.6003  29.243189     5.1029     5.1934     0.0450    90.5511 1.0000e-12  -64.77626  -63.06530 348.152811      99.97 0.0000e+00   1227.834      29469  1028.3918  1028.3935    34.4982    34.5009    7.91639         25 0.0000e+00
    152.000    150.460     0.6155  29.258283     0.6183  29.258766     5.0956     5.1729     0.0399    90.5880 1.0000e-12  -64.77626  -63.06530 348.152852      99.97 0.0000e+00   1231.451      29556  1028.3903  1028.3887    34.5042    34.5017    7.91066         25 0.0000e+00
    151.000    149.467     0.6386  29.276122     0.6377  29.274977     5.1075     5.1816     0.0454    90.5719 1.0000e-12  -64.77626  -63.06528 348.153073      81.97 0.0000e+00   1250.518      30013  1028.3841  1028.3837    34.5023    34.5019    7.90605         39 0.0000e+00
    150.000    148.477     0.6286  29.267013     0.6002  29.240864     5.0849     5.1469     0.0288    90.6021 1.0000e-12  -64.77626  -63.06528 348.153136     100.04 0.0000e+00   1255.917      30143  1028.3804  1028.3808    34.5021    34.4997    7.90810         36 0.0000e+00
    149.000    147.489     0.6537  29.288775     0.6693  29.301276     5.0579     5.1334     0.0343    90.5679 1.0000e-12  -64.77626  -63.06528 348.153152      99.97 0.0000e+00   1257.365      30178  1028.3740  1028.3715    34.5031    34.5020    7.90292         31 0.0000e+00
    148.000    146.499     0.6794  29.311338     0.6772  29.308852     5.0426     5.1162     0.0362    90.6201 1.0000e-12  -64.77626  -63.06528 348.153168      99.97 0.0000e+00   1258.706      30210  1028.3681  1028.3675    34.5044    34.5037    7.89762         31 0.0000e+00
    147.000    145.509     0.6815  29.312713     0.6954  29.323242     5.0244     5.1130     0.0362    90.6012 1.0000e-12  -64.77626  -63.06528 348.153183      99.97 0.0000e+00   1259.970      30240  1028.3635  1028.3606    34.5045    34.5027    7.89720         29 0.0000e+00
    146.000    144.521     0.7134  29.340205     0.7129  29.339133     5.0038     5.1062     0.0362    90.6089 1.0000e-12  -64.77626  -63.06526 348.153196      99.97 0.0000e+00   1261.158      30269  1028.3566  1028.3559    34.5054    34.5045    7.89067         28 0.0000e+00
    145.000    143.529     0.7184  29.344805     0.7159  29.341378     5.0101     5.1082     0.0388    90.6501 1.0000e-12  -64.77626  -63.06528 348.153210      99.97 0.0000e+00   1262.319      30297  1028.3524  1028.3512    34.5063    34.5046    7.88959         26 0.0000e+00
    144.000    142.542     0.7296  29.354351     0.7273  29.351196     5.0619     5.1337     0.0377    90.6675 1.0000e-12  -64.77626  -63.06527 348.153223      99.97 0.0000e+00   1263.469      30324  1028.3473  1028.3462    34.5068    34.5053    7.88728         26 0.0000e+00
    143.000    141.550     0.7050  29.334023     0.6990  29.328286     5.1049     5.1523     0.0290    90.6458 1.0000e-12  -64.77626  -63.06527 348.153236      99.97 0.0000e+00   1264.613      30352  1028.3463  1028.3461    34.5084    34.5076    7.89220         27 0.0000e+00
    142.000    140.563     0.6575  29.290753     0.6574  29.289035     5.1128     5.1575     0.0289    90.6321 1.0000e-12  -64.77626  -63.06526 348.153250      99.97 0.0000e+00   1265.759      30379  1028.3437  1028.3420    34.5057    34.5036    7.90202         27 0.0000e+00
    141.000    139.572     0.6474  29.279730     0.6544  29.284441     5.0950     5.1573     0.0289    90.6448 1.0000e-12  -64.77626  -63.06526 348.153263      99.97 0.0000e+00   1266.900      30407  1028.3378  1028.3358    34.5031    34.5015    7.90421         28 0.0000e+00
    140.000    138.583     0.6581  29.288282     0.6580  29.287421     5.0766     5.1514     0.0327    90.6199 1.0000e-12  -64.77626  -63.06526 348.153276      99.97 0.0000e+00   1268.040      30434  1028.3318  1028.3310    34.5030    34.5020    7.90204         27 0.0000e+00
    139.000    137.593     0.6638  29.293185     0.6609  29.289709     5.0780     5.1485     0.0365    90.6209 1.0000e-12  -64.77626  -63.06526 348.153289      99.97 0.0000e+00   1269.185      30461  1028.3270  1028.3263    34.5036    34.5023    7.90085         28 0.0000e+00
    138.000    136.604     0.6672  29.295894     0.6653  29.293198     5.0790     5.1526     0.0365    90.6218 1.0000e-12  -64.77626  -63.06526 348.153303      99.97 0.0000e+00   1270.351      30489  1028.3222  1028.3212    34.5039    34.5025    7.90013         29 0.0000e+00
    137.000    135.615     0.6665  29.295097     0.6643  29.292160     5.0755     5.1493     0.0419    90.6227 1.0000e-12  -64.77626  -63.06526 348.153317      99.97 0.0000e+00   1271.601      30519  1028.3178  1028.3168    34.5042    34.5029    7.90026         30 0.0000e+00
    136.000    134.625     0.6683  29.295878     0.6666  29.293197     5.0848     5.1489     0.0383    90.6057 1.0000e-12  -64.77626  -63.06526 348.153332      99.97 0.0000e+00   1272.901      30551  1028.3126  1028.3114    34.5039    34.5023    7.89992         32 0.0000e+00
    135.000    133.635     0.6657  29.292779     0.6639  29.289638     5.0925     5.1613     0.0481    90.6178 1.0000e-12  -64.77626  -63.06526 348.153347      99.97 0.0000e+00   1274.217      30582  1028.3076  1028.3061    34.5033    34.5012    7.90048         31 0.0000e+00
    134.000    132.644     0.6625  29.288179     0.6612  29.285674     5.0990     5.1610     0.0364    90.6308 1.0000e-12  -64.77626  -63.06526 348.153363      99.97 0.0000e+00   1275.529      30614  1028.3017  1028.3003    34.5014    34.4997    7.90122         32 0.0000e+00
    133.000    131.656     0.6608  29.285101     0.6613  29.284034     5.1054     5.1654     0.0405    90.6227 1.0000e-12  -64.77626  -63.06526 348.153378      99.97 0.0000e+00   1276.826      30645  1028.2959  1028.2942    34.5000    34.4981    7.90166         31 0.0000e+00
    132.000    130.667     0.6632  29.286421     0.6639  29.286447     5.0950     5.1594     0.0436    90.6484 1.0000e-12  -64.77626  -63.06526 348.153392      99.97 0.0000e+00   1278.105      30676  1028.2906  1028.2898    34.4996    34.4988    7.90118         30 0.0000e+00
    131.000    129.676     0.6746  29.293930     0.6724  29.291651     5.0968     5.1627     0.0374    90.6701 1.0000e-12  -64.77626  -63.06526 348.153407      99.97 0.0000e+00   1279.379      30706  1028.2829  1028.2827    34.4973    34.4968    7.89900         31 0.0000e+00
    130.000    128.687     0.6817  29.300003     0.6842  29.300950     5.0955     5.1608     0.0362    90.6941 1.0000e-12  -64.77626  -63.06526 348.153422      99.97 0.0000e+00   1280.666      30737  1028.2780  1028.2765    34.4978    34.4963    7.89751         31 0.0000e+00
    129.000    127.698     0.6811  29.298227     0.6805  29.296921     5.0882     5.1591     0.0362    90.6935 1.0000e-12  -64.77626  -63.06526 348.153437      99.97 0.0000e+00   1281.964      30768  1028.2726  1028.2718    34.4968    34.4958    7.89769         32 0.0000e+00
    128.000    126.708     0.6846  29.300670     0.6840  29.299089     5.0799     5.1578     0.0362    90.7034 1.0000e-12  -64.77626  -63.06526 348.153452      99.97 0.0000e+00   1283.274      30800  1028.2675  1028.2665    34.4967    34.4954    7.89699         30 0.0000e+00
    127.000    125.719     0.6912  29.305935     0.6890  29.303020     5.0661     5.1513     0.0408    90.7246 1.0000e-12  -64.77626  -63.06526 348.153467      99.97 0.0000e+00   1284.582      30831  1028.2623  1028.2613    34.4968    34.4954    7.89564         30 0.0000e+00
    126.000    124.728     0.6982  29.311436     0.6961  29.308112     5.0415     5.1326     0.0378    90.7119 1.0000e-12  -64.77626  -63.06526 348.153483      99.97 0.0000e+00   1285.903      30863  1028.2569  1028.2556    34.4967    34.4948    7.89422         32 0.0000e+00
    125.000    123.738     0.7284  29.337440     0.7204  29.329059     5.0066     5.1128     0.0372    90.7066 1.0000e-12  -64.77626  -63.06524 348.153498      99.97 0.0000e+00   1287.202      30894  1028.2502  1028.2492    34.4975    34.4956    7.88805         31 0.0000e+00
    124.000    122.750     0.7562  29.362842     0.7499  29.356419     4.9955     5.1002     0.0396    90.7264 1.0000e-12  -64.77626  -63.06524 348.153513      99.97 0.0000e+00   1288.491      30925  1028.2452  1028.2447    34.5001    34.4989    7.88226         31 0.0000e+00
    123.000    121.761     0.7705  29.375526     0.7620  29.366502     4.9944     5.0919     0.0318    90.7481 1.0000e-12  -64.77626  -63.06524 348.153527      99.97 0.0000e+00   1289.776      30956  1028.2404  1028.2392    34.5013    34.4990    7.87930         30 0.0000e+00
    122.000    120.769     0.7710  29.375867     0.7712  29.374781     4.9961     5.0831     0.0364    90.7659 1.0000e-12  -64.77626  -63.06524 348.153542      99.97 0.0000e+00   1291.062      30986  1028.2363  1028.2349    34.5018    34.5001    7.87916         32 0.0000e+00
    121.000    119.780     0.7837  29.386340     0.7817  29.383815     4.9927     5.0789     0.0476    90.7644 1.0000e-12  -64.77626  -63.06524 348.153558      99.97 0.0000e+00   1292.399      31019  1028.2308  1028.2300    34.5019    34.5008    7.87659         30 0.0000e+00
    120.000    118.790     0.7894  29.391549     0.7857  29.387164     4.9877     5.0680     0.0511    90.7560 1.0000e-12  -64.77626  -63.06524 348.153576      99.97 0.0000e+00   1293.964      31056  1028.2266  1028.2256    34.5028    34.5013    7.87538         40 0.0000e+00
    119.000    117.802     0.7956  29.396183     0.7941  29.394253     4.9897     5.0675     0.0407    90.7845 1.0000e-12  -64.77626  -63.06524 348.153597      99.97 0.0000e+00   1295.741      31099  1028.2214  1028.2208    34.5026    34.5018    7.87415         38 0.0000e+00
    118.000    116.811     0.7999  29.400154     0.7987  29.398002     4.9908     5.0673     0.0396    90.7685 1.0000e-12  -64.77626  -63.06524 348.153618      99.97 0.0000e+00   1297.566      31143  1028.2173  1028.2162    34.5035    34.5021    7.87322         40 0.0000e+00
    117.000    115.824     0.8012  29.400835     0.8010  29.399647     4.9936     5.0622     0.0421    90.8042 1.0000e-12  -64.77626  -63.06524 348.153639      99.97 0.0000e+00   1299.393      31186  1028.2127  1028.2116    34.5035    34.5023    7.87295         36 0.0000e+00
    116.000    114.832     0.8025  29.401379     0.7993  29.397540     4.9923     5.0671     0.0579    90.7976 1.0000e-12  -64.77626  -63.06524 348.153660      99.97 0.0000e+00   1301.196      31230  1028.2079  1028.2070    34.5034    34.5020    7.87269         43 0.0000e+00
    115.000    113.842     0.8025  29.400748     0.8014  29.398737     4.9926     5.0670     0.0479    90.7829 1.0000e-12  -64.77626  -63.06524 348.153680      99.97 0.0000e+00   1302.984      31273  1028.2032  1028.2022    34.5032    34.5019    7.87271         41 0.0000e+00
    114.000    112.854     0.8021  29.399823     0.8014  29.398239     4.9990     5.0674     0.0416    90.8025 1.0000e-12  -64.77626  -63.06524 348.153701      99.97 0.0000e+00   1304.782      31316  1028.1985  1028.1975    34.5030    34.5018    7.87280         38 0.0000e+00
    113.000    111.863     0.8020  29.399105     0.8014  29.397739     4.9934     5.0681     0.0484    90.7727 1.0000e-12  -64.77626  -63.06524 348.153725      99.97 0.0000e+00   1306.824      31365  1028.1938  1028.1928    34.5028    34.5017    7.87284         43 0.0000e+00
    112.000    110.873     0.8016  29.397919     0.7971  29.393181     4.9989     5.0683     0.0537    90.7822 1.0000e-12  -64.77626  -63.06524 348.153753      99.97 0.0000e+00   1309.262      31423  1028.1886  1028.1882    34.5023    34.5012    7.87294         35 0.0000e+00
    111.000    109.884     0.8012  29.397084     0.8013  29.396194     4.9982     5.0647     0.0591    90.7896 1.0000e-12  -64.77628  -63.06524 348.153785      99.97 0.0000e+00   1312.023      31490  1028.1840  1028.1829    34.5022    34.5010    7.87302         34 0.0000e+00
