NBP2113_155081_ctd/data/unbp2113_031.cnv
* Sea-Bird SBE 9 Data File:
* FileName = D:\Data\raw\NBP2113_031.hex
* Software Version Seasave V 7.26.7.121
* Temperature SN = 2438
* Conductivity SN = 2067
* Number of Bytes Per Scan = 40
* Number of Voltage Words = 5
* Number of Scans Averaged by the Deck Unit = 1
* NMEA Latitude = 66 30.40 S
* NMEA Longitude = 069 53.27 W
* NMEA UTC (Time) = Dec 06 2021  01:15:18
* NMEA baud rate = 9600
** Ship: RVIB N.B. Palmer
** Cruise: NBP2113 LTER
** Station: 300.100
** Operator: S. Blackman
# nquan = 25
# nvalues = 477                         
# units = specified
# name 0 = prDM: Pressure, Digiquartz [db]
# name 1 = depSM: Depth [salt water, m]
# name 2 = t090C: Temperature [ITS-90, deg C]
# name 3 = c0mS/cm: Conductivity [mS/cm]
# name 4 = t190C: Temperature, 2 [ITS-90, deg C]
# name 5 = c1mS/cm: Conductivity, 2 [mS/cm]
# name 6 = sbeox0ML/L: Oxygen, SBE 43 [ml/l]
# name 7 = sbeox1ML/L: Oxygen, SBE 43, 2 [ml/l]
# name 8 = flECO-AFL: Fluorescence, WET Labs ECO-AFL/FL [mg/m^3]
# name 9 = CStarTr0: Beam Transmission, WET Labs C-Star [%]
# name 10 = par: PAR/Irradiance, Biospherical/Licor
# name 11 = latitude: Latitude [deg]
# name 12 = longitude: Longitude [deg]
# name 13 = timeJ: Julian Days
# name 14 = altM: Altimeter [m]
# name 15 = spar: SPAR, Biospherical/Licor
# name 16 = timeS: Time, Elapsed [seconds]
# name 17 = scan: Scan Count
# name 18 = density00: Density [density, kg/m^3]
# name 19 = density11: Density, 2 [density, kg/m^3]
# name 20 = sal00: Salinity, Practical [PSU]
# name 21 = sal11: Salinity, Practical, 2 [PSU]
# name 22 = oxsolML/L: Oxygen Saturation, Garcia & Gordon [ml/l]
# name 23 = nbin: number of scans per bin
# name 24 = flag: flag
# span 0 =      1.000,    477.000       
# span 1 =      0.995,    471.731       
# span 2 =    -0.5089,     1.5389       
# span 3 =  27.884903,  30.225223       
# span 4 =    -0.5094,     1.5382       
# span 5 =  27.883805,  30.223554       
# span 6 =     3.9201,     8.6212       
# span 7 =     3.9639,     8.1289       
# span 8 =    -0.0221,     1.8375       
# span 9 =    89.2577,    96.5722       
# span 10 = 1.0000e-12, 7.9976e+01      
# span 11 =  -66.50696,  -66.50658      
# span 12 =  -69.88850,  -69.88834      
# span 13 = 340.065674, 340.077578      
# span 14 =       8.77,      99.98      
# span 15 = 4.5835e+01, 5.4653e+01      
# span 16 =   1156.196,   2184.765      
# span 17 =      27750,      52435      
# span 18 =  1027.3251,  1030.0491      
# span 19 =  1027.3238,  1030.0480      
# span 20 =    34.0045,    34.7259      
# span 21 =    34.0029,    34.7249      
# span 22 =    7.71636,    8.17435      
# span 23 =          7,         46      
# span 24 = 0.0000e+00, 0.0000e+00      
# interval = decibars: 1                
# start_time = Dec 06 2021 01:15:18 [NMEA time, header]
# bad_flag = -9.990e-29
*END*
[from data line 464]
     13.000     12.871    -0.3627  27.989186    -0.3633  27.987415     8.0747     8.1196     1.5289    89.3515 7.7304e+00  -66.50678  -69.88840 340.077341      99.97 4.5835e+01   2164.276      51944  1027.3827  1027.3814    34.0049    34.0033    8.14326         36 0.0000e+00
     12.000     11.880    -0.3627  27.988717    -0.3627  27.987612     8.0756     8.1270     1.5705    89.3802 8.1663e+00  -66.50678  -69.88840 340.077363      99.97 4.5835e+01   2166.142      51988  1027.3779  1027.3767    34.0050    34.0035    8.14326         42 0.0000e+00
     11.000     10.891    -0.3634  27.987550    -0.3631  27.986625     8.0710     8.1238     1.5943    89.3653 9.1629e+00  -66.50678  -69.88842 340.077385      99.97 4.5835e+01   2168.037      52034  1027.3730  1027.3717    34.0047    34.0032    8.14341         34 0.0000e+00
     10.000      9.901    -0.3637  27.986763    -0.3638  27.985397     8.0683     8.1272     1.5633    89.3445 9.6359e+00  -66.50678  -69.88842 340.077399      99.97 4.5835e+01   2169.306      52064  1027.3682  1027.3668    34.0047    34.0030    8.14349         28 0.0000e+00
      9.000      8.911    -0.3640  27.986060    -0.3643  27.984577     8.0749     8.1289     1.4980    89.3713 1.0925e+01  -66.50678  -69.88842 340.077416      99.97 4.5835e+01   2170.716      52098  1027.3634  1027.3621    34.0047    34.0031    8.14355         40 0.0000e+00
      8.000      7.920    -0.3639  27.985710    -0.3643  27.984095     8.6212     8.1230     1.5121    89.2577 1.2886e+01  -66.50678  -69.88840 340.077440      99.97 4.5835e+01   2172.778      52148  1027.3586  1027.3573    34.0047    34.0030    8.14352         39 0.0000e+00
      7.000      6.931    -0.3638  27.985254    -0.3644  27.983532     7.4455     8.1230     1.5230    89.3188 1.3664e+01  -66.50678  -69.88840 340.077460      99.97 4.5835e+01   2174.540      52190  1027.3538  1027.3525    34.0047    34.0030    8.14352         41 0.0000e+00
      6.000      5.940    -0.3637  27.984948    -0.3642  27.983247     7.5017     8.1202     1.4992    89.3751 1.5220e+01  -66.50678  -69.88840 340.077478      99.97 4.5835e+01   2176.067      52227  1027.3491  1027.3476    34.0047    34.0029    8.14349         26 0.0000e+00
      5.000      4.951    -0.3626  27.985395    -0.3627  27.984151     8.5469     8.1145     1.4384    89.4087 1.7321e+01  -66.50678  -69.88840 340.077487      99.97 4.5835e+01   2176.896      52246  1027.3442  1027.3429    34.0047    34.0031    8.14325         17 0.0000e+00
      4.000      3.959    -0.3623  27.985192    -0.3623  27.983927     8.3988     8.1092     1.4243    89.3661 1.8569e+01  -66.50678  -69.88840 340.077495      99.97 4.5835e+01   2177.541      52262  1027.3393  1027.3379    34.0047    34.0030    8.14318         15 0.0000e+00
      3.000      2.971    -0.3620  27.984913    -0.3622  27.983612     8.3299     8.1108     1.4433    89.3563 2.2847e+01  -66.50678  -69.88840 340.077511      99.97 4.5835e+01   2178.930      52295  1027.3345  1027.3332    34.0046    34.0030    8.14313         21 0.0000e+00
      2.000      1.979    -0.3616  27.984764    -0.3619  27.983231 -9.990e-29 -9.990e-29     1.4079    89.3281 2.9576e+01  -66.50678  -69.88841 340.077566      99.97 4.5835e+01   2183.663      52409  1027.3296  1027.3283    34.0045    34.0029    8.14304         19 0.0000e+00
      1.000      0.995    -0.3620  27.984226    -0.3624  27.982707 -9.990e-29 -9.990e-29     1.4606    89.2850 7.9976e+01  -66.50678  -69.88839 340.077578      99.95 4.5835e+01   2184.765      52435  1027.3251  1027.3238    34.0049    34.0033    8.14311          7 0.0000e+00
