NBP2113_155081_ctd/data/unbp2113_052.cnv
* Sea-Bird SBE 9 Data File:
* FileName = D:\Data\raw\NBP2113_052.hex
* Software Version Seasave V 7.26.7.121
* Temperature SN = 2438
* Conductivity SN = 2067
* Number of Bytes Per Scan = 40
* Number of Voltage Words = 5
* Number of Scans Averaged by the Deck Unit = 1
* NMEA Latitude = 64 54.69 S
* NMEA Longitude = 064 40.23 W
* NMEA UTC (Time) = Dec 11 2021  16:24:27
* NMEA baud rate = 9600
** Ship: RVIB N.B. Palmer
** Cruise: NBP2113 LTER
** Station: 593.051
** Operator: S. Blackman
# nquan = 25
# nvalues = 955                         
# units = specified
# name 0 = prDM: Pressure, Digiquartz [db]
# name 1 = depSM: Depth [salt water, m]
# name 2 = t090C: Temperature [ITS-90, deg C]
# name 3 = c0mS/cm: Conductivity [mS/cm]
# name 4 = t190C: Temperature, 2 [ITS-90, deg C]
# name 5 = c1mS/cm: Conductivity, 2 [mS/cm]
# name 6 = sbeox0ML/L: Oxygen, SBE 43 [ml/l]
# name 7 = sbeox1ML/L: Oxygen, SBE 43, 2 [ml/l]
# name 8 = flECO-AFL: Fluorescence, WET Labs ECO-AFL/FL [mg/m^3]
# name 9 = CStarTr0: Beam Transmission, WET Labs C-Star [%]
# name 10 = par: PAR/Irradiance, Biospherical/Licor
# name 11 = latitude: Latitude [deg]
# name 12 = longitude: Longitude [deg]
# name 13 = timeJ: Julian Days
# name 14 = altM: Altimeter [m]
# name 15 = spar: SPAR, Biospherical/Licor
# name 16 = timeS: Time, Elapsed [seconds]
# name 17 = scan: Scan Count
# name 18 = density00: Density [density, kg/m^3]
# name 19 = density11: Density, 2 [density, kg/m^3]
# name 20 = sal00: Salinity, Practical [PSU]
# name 21 = sal11: Salinity, Practical, 2 [PSU]
# name 22 = oxsolML/L: Oxygen Saturation, Garcia & Gordon [ml/l]
# name 23 = nbin: number of scans per bin
# name 24 = flag: flag
# span 0 =      1.000,    955.000       
# span 1 =      0.989,    943.477       
# span 2 =    -0.7368,     1.4836       
# span 3 =  27.374513,  30.503059       
# span 4 =    -0.7448,     1.4834       
# span 5 =  27.362356,  30.501669       
# span 6 =     4.0474,     8.0729       
# span 7 =     4.1128,     8.1737       
# span 8 =    -0.0227,     1.7120       
# span 9 =    81.8827,    91.8546       
# span 10 = 1.0000e-12, 7.8527e+02      
# span 11 =  -64.91190,  -64.91178      
# span 12 =  -64.67152,  -64.67096      
# span 13 = 345.703514, 345.720935      
# span 14 =       8.39,     100.51      
# span 15 = 5.9603e+02, 1.3186e+03      
# span 16 =   1716.628,   3221.801      
# span 17 =      41200,      77324      
# span 18 =  1027.0247,  1032.2221      
# span 19 =  1027.0223,  1032.2210      
# span 20 =    33.6017,    34.6828      
# span 21 =    33.5931,    34.6813      
# span 22 =    7.72734,    8.24752      
# span 23 =          9,         44      
# span 24 = 0.0000e+00, 0.0000e+00      
# interval = decibars: 1                
# start_time = Dec 11 2021 16:24:27 [NMEA time, header]
# bad_flag = -9.990e-29
*END*
[from data line 928]
     27.000     26.733     0.0838  28.321353     0.0878  28.320618     7.9486     7.9868     1.5520    86.6105 1.7732e+01  -64.91186  -64.67134 345.719045      99.97 6.5686e+02   3058.488      73405  1027.3751  1027.3704    33.9408    33.9354    8.05217         37 0.0000e+00
     26.000     25.743     0.0881  28.322177     0.0876  28.320245     7.9419     7.9900     1.5835    86.5669 1.8701e+01  -64.91186  -64.67133 345.719062      99.97 6.5753e+02   3059.967      73440  1027.3676  1027.3660    33.9377    33.9357    8.05144         32 0.0000e+00
     25.000     24.753     0.0929  28.322920     0.0892  28.319968     7.9266     7.9908     1.7120    86.6294 2.0605e+01  -64.91186  -64.67132 345.719080      99.96 6.5755e+02   3061.552      73478  1027.3596  1027.3601    33.9340    33.9342    8.05064         34 0.0000e+00
     24.000     23.764     0.0878  28.321095     0.0870  28.318919     7.9296     7.9922     1.5819    86.7947 2.3311e+01  -64.91186  -64.67132 345.719109      99.96 6.5656e+02   3064.009      73537  1027.3584  1027.3569    33.9378    33.9359    8.05150         35 0.0000e+00
     23.000     22.774     0.0896  28.317370     0.0886  28.317064     7.9672     8.0102     1.5958    86.8421 2.6115e+01  -64.91186  -64.67134 345.719126      99.97 6.5578e+02   3065.527      73574  1027.3486  1027.3491    33.9316    33.9322    8.05148         27 0.0000e+00
     22.000     21.783     0.0839  28.312228     0.0860  28.313925     7.9511     8.0071     1.5348    86.6708 2.8965e+01  -64.91186  -64.67134 345.719138      99.97 6.5579e+02   3066.521      73597  1027.3443  1027.3440    33.9317    33.9316    8.05267         23 0.0000e+00
     21.000     20.793     0.0610  28.285266     0.0623  28.285375     7.9481     8.0022     1.5265    86.5224 3.2294e+01  -64.91186  -64.67134 345.719150      99.97 6.5748e+02   3067.523      73622  1027.3336  1027.3324    33.9220    33.9207    8.05803         26 0.0000e+00
     20.000     19.805     0.0754  28.300725     0.0698  28.292933     7.9275     8.0048     1.5939    86.3273 3.5706e+01  -64.91186  -64.67134 345.719168      99.97 6.5755e+02   3069.075      73659  1027.3316  1027.3288    33.9271    33.9230    8.05471         36 0.0000e+00
     19.000     18.813     0.0772  28.303125     0.0715  28.295205     7.9557     8.0097     1.6167    86.3639 3.7506e+01  -64.91186  -64.67134 345.719204      99.97 6.5755e+02   3072.201      73734  1027.3281  1027.3252    33.9288    33.9247    8.05423         41 0.0000e+00
     18.000     17.822     0.0729  28.297293     0.0705  28.293350     7.9492     8.0149     1.6510    86.3595 4.0299e+01  -64.91186  -64.67134 345.719227      99.96 6.5868e+02   3074.246      73783  1027.3219  1027.3200    33.9265    33.9239    8.05527         43 0.0000e+00
     17.000     16.832     0.0710  28.295080     0.0689  28.291091     7.9468     8.0160     1.6918    86.4715 4.7679e+01  -64.91186  -64.67135 345.719263      99.97 6.5756e+02   3077.367      73858  1027.3170  1027.3148    33.9264    33.9234    8.05568         37 0.0000e+00
     16.000     15.843     0.0644  28.288535     0.0515  28.272980     7.9614     8.0221     1.6416    86.4430 5.4492e+01  -64.91187  -64.67137 345.719283      99.97 6.5859e+02   3079.046      73898  1027.3121  1027.3080    33.9255    33.9193    8.05710         36 0.0000e+00
     15.000     14.851     0.0378  28.258074     0.0446  28.262940     7.8935     7.9973     1.5871    86.3506 5.6222e+01  -64.91186  -64.67136 345.719332      99.97 6.5864e+02   3083.303      74000  1027.3009  1027.2995    33.9153    33.9142    8.06328         39 0.0000e+00
     14.000     13.862     0.0508  28.272807     0.0426  28.262809     8.0001     8.0369     1.5233    86.3713 6.3938e+01  -64.91186  -64.67136 345.719374      99.97 6.5753e+02   3086.920      74087  1027.2995  1027.2968    33.9211    33.9169    8.06023         34 0.0000e+00
     13.000     12.874    -0.1070  28.103676    -0.0791  28.131080     7.9826     8.0235     1.5843    86.1220 7.4709e+01  -64.91186  -64.67136 345.719389      99.97 6.5755e+02   3088.193      74118  1027.2678  1027.2700    33.8724    33.8779    8.09637         29 0.0000e+00
     12.000     11.883    -0.0596  28.138611    -0.0588  28.144524     7.9734     8.0170     1.6119    85.8667 7.9156e+01  -64.91186  -64.67137 345.719432      99.97 6.5668e+02   3091.905      74207  1027.2528  1027.2590    33.8667    33.8738    8.08664         39 0.0000e+00
     11.000     10.892    -0.0195  28.194648    -0.0429  28.166524     7.9660     8.0347     1.6069    85.7349 9.0387e+01  -64.91186  -64.67136 345.719489      99.96 6.5341e+02   3096.839      74325  1027.2705  1027.2623    33.8973    33.8860    8.07638         28 0.0000e+00
     10.000      9.903    -0.0919  28.111843    -0.1242  28.074485     7.9820     8.0484     1.6514    85.5280 1.0346e+02  -64.91186  -64.67138 345.719527      99.96 6.5325e+02   3100.117      74404  1027.2471  1027.2379    33.8684    33.8545    8.09336         36 0.0000e+00
      9.000      8.910    -0.1955  27.995009    -0.2112  27.974087     7.9686     8.0472     1.6116    85.1897 1.1104e+02  -64.91186  -64.67138 345.719553      99.97 6.5403e+02   3102.365      74458  1027.2173  1027.2094    33.8286    33.8182    8.11761         37 0.0000e+00
      8.000      7.924    -0.2251  27.969727    -0.2366  27.945250     8.0066     8.0490     1.5634    85.0755 1.2821e+02  -64.91186  -64.67138 345.719606      99.97 6.4976e+02   3106.936      74567  1027.2122  1027.1964    33.8285    33.8085    8.12395         33 0.0000e+00
      7.000      6.931    -0.3665  27.808598    -0.3290  27.849790     8.0179     8.0636     1.4733    84.8969 1.4873e+02  -64.91186  -64.67138 345.719641      99.97 6.4701e+02   3109.948      74640  1027.1703  1027.1780    33.7710    33.7844    8.15749         30 0.0000e+00
      6.000      5.940    -0.4277  27.734476    -0.4183  27.743860     8.0301     8.0815     1.4423    84.1043 1.6569e+02  -64.91186  -64.67140 345.719726      99.97 6.4438e+02   3117.308      74816  1027.1432  1027.1438    33.7404    33.7425    8.17243         35 0.0000e+00
      5.000      4.951    -0.6576  27.464700    -0.7448  27.362356     8.0729     8.1737     1.1391    84.0553 1.8669e+02  -64.91188  -64.67149 345.720935      99.97 5.9603e+02   3221.801      77324  1027.0604  1027.0329    33.6342    33.5931    8.22834         24 0.0000e+00
      4.000      3.961    -0.6750  27.458862    -0.6920  27.431864 -9.990e-29 -9.990e-29     1.2081    83.5296 2.2197e+02  -64.91188  -64.67150 345.720868      99.97 5.9838e+02   3215.975      77184  1027.0669  1027.0532    33.6462    33.6287    8.23146         14 0.0000e+00
      3.000      2.973    -0.7368  27.374513    -0.7341  27.376754 -9.990e-29 -9.990e-29     1.2036    82.9348 2.7498e+02  -64.91188  -64.67150 345.720875      99.96 5.9937e+02   3216.575      77199  1027.0304  1027.0292    33.6017    33.6018    8.24752         15 0.0000e+00
      2.000      1.979    -0.7276  27.381904    -0.7296  27.378718 -9.990e-29 -9.990e-29     1.1871    82.0496 3.1701e+02  -64.91190  -64.67152 345.720882      99.97 5.9938e+02   3217.242      77215  1027.0247  1027.0223    33.6022    33.6001    8.24550         18 0.0000e+00
      1.000      0.989    -0.6986  27.413312    -0.6978  27.412492 -9.990e-29 -9.990e-29     1.0988    81.8827 7.8527e+02  -64.91190  -64.67152 345.720894      99.96 6.0103e+02   3218.277      77240  1027.0260  1027.0237    33.6129    33.6109    8.23853         32 0.0000e+00
