NBP2113_155081_ctd/data/unbp2113_045.cnv
* Sea-Bird SBE 9 Data File:
* FileName = D:\Data\raw\NBP2113_045.hex
* Software Version Seasave V 7.26.7.121
* Temperature SN = 2438
* Conductivity SN = 2067
* Number of Bytes Per Scan = 40
* Number of Voltage Words = 5
* Number of Scans Averaged by the Deck Unit = 1
* NMEA Latitude = 64 53.15 S
* NMEA Longitude = 063 45.53 W
* NMEA UTC (Time) = Dec 11 2021  03:56:53
* NMEA baud rate = 9600
** Ship: RVIB N.B. Palmer
** Cruise: NBP2113 LTER
** Station: 624.021
** Operator: B. Urmston
# nquan = 25
# nvalues = 616                         
# units = specified
# name 0 = prDM: Pressure, Digiquartz [db]
# name 1 = depSM: Depth [salt water, m]
# name 2 = t090C: Temperature [ITS-90, deg C]
# name 3 = c0mS/cm: Conductivity [mS/cm]
# name 4 = t190C: Temperature, 2 [ITS-90, deg C]
# name 5 = c1mS/cm: Conductivity, 2 [mS/cm]
# name 6 = sbeox0ML/L: Oxygen, SBE 43 [ml/l]
# name 7 = sbeox1ML/L: Oxygen, SBE 43, 2 [ml/l]
# name 8 = flECO-AFL: Fluorescence, WET Labs ECO-AFL/FL [mg/m^3]
# name 9 = CStarTr0: Beam Transmission, WET Labs C-Star [%]
# name 10 = par: PAR/Irradiance, Biospherical/Licor
# name 11 = latitude: Latitude [deg]
# name 12 = longitude: Longitude [deg]
# name 13 = timeJ: Julian Days
# name 14 = altM: Altimeter [m]
# name 15 = spar: SPAR, Biospherical/Licor
# name 16 = timeS: Time, Elapsed [seconds]
# name 17 = scan: Scan Count
# name 18 = density00: Density [density, kg/m^3]
# name 19 = density11: Density, 2 [density, kg/m^3]
# name 20 = sal00: Salinity, Practical [PSU]
# name 21 = sal11: Salinity, Practical, 2 [PSU]
# name 22 = oxsolML/L: Oxygen Saturation, Garcia & Gordon [ml/l]
# name 23 = nbin: number of scans per bin
# name 24 = flag: flag
# span 0 =      1.000,    616.000       
# span 1 =      0.991,    609.063       
# span 2 =    -0.3407,     1.2214       
# span 3 =  27.879721,  30.073823       
# span 4 =    -0.3418,     1.2211       
# span 5 =  27.877313,  30.072390       
# span 6 =     4.3668,     9.8020       
# span 7 =     4.4425,     9.8969       
# span 8 =    -0.0129,     2.3245       
# span 9 =    84.5699,    91.7734       
# span 10 = 1.0000e-12, 2.4859e+00      
# span 11 =  -64.88606,  -64.88554      
# span 12 =  -63.75908,  -63.75803      
# span 13 = 345.180245, 345.195261      
# span 14 =       1.16,     100.14      
# span 15 = 0.0000e+00, 0.0000e+00      
# span 16 =   1360.155,   2657.586      
# span 17 =      32645,      63783      
# span 18 =  1027.1118,  1030.6169      
# span 19 =  1027.1103,  1030.6157      
# span 20 =    33.7502,    34.6157      
# span 21 =    33.7469,    34.6141      
# span 22 =    7.78265,    8.14873      
# span 23 =         16,         52      
# span 24 = 0.0000e+00, 0.0000e+00      
# interval = decibars: 1                
# start_time = Dec 11 2021 03:56:53 [NMEA time, header]
# bad_flag = -9.990e-29
*END*
[from data line 174]
    442.000    437.203     1.0827  29.851039     1.0817  29.848893     4.5819     4.6362     0.0042    91.4932 1.0000e-12  -64.88598  -63.75889 345.183457      99.97 0.0000e+00   1637.703      39306  1029.7877  1029.7864    34.5820    34.5803    7.81209         27 0.0000e+00
    441.000    436.215     1.0787  29.846666     1.0786  29.845298     4.5750     4.6412     0.0018    91.5083 1.0000e-12  -64.88598  -63.75889 345.183470      99.97 0.0000e+00   1638.793      39332  1029.7828  1029.7814    34.5813    34.5797    7.81292         23 0.0000e+00
    440.000    435.228     1.0776  29.844898     1.0771  29.843235     4.5765     4.6428    -0.0037    91.4688 1.0000e-12  -64.88598  -63.75889 345.183482      99.97 0.0000e+00   1639.845      39357  1029.7777  1029.7765    34.5808    34.5793    7.81316         26 0.0000e+00
    439.000    434.239     1.0773  29.844089     1.0762  29.841904     4.5764     4.6373    -0.0039    91.4714 1.0000e-12  -64.88598  -63.75888 345.183495      99.97 0.0000e+00   1640.950      39384  1029.7730  1029.7717    34.5808    34.5791    7.81324         27 0.0000e+00
    438.000    433.251     1.0765  29.842777     1.0761  29.841226     4.5786     4.6374    -0.0077    91.4724 1.0000e-12  -64.88598  -63.75888 345.183509      99.97 0.0000e+00   1642.193      39414  1029.7682  1029.7669    34.5806    34.5790    7.81341         32 0.0000e+00
    437.000    432.263     1.0765  29.842470     1.0759  29.840667     4.5762     4.6337     0.0044    91.4716 1.0000e-12  -64.88598  -63.75888 345.183524      99.97 0.0000e+00   1643.513      39445  1029.7635  1029.7623    34.5807    34.5791    7.81339         31 0.0000e+00
    436.000    431.275     1.0754  29.840806     1.0751  29.839388     4.5829     4.6351     0.0009    91.4825 1.0000e-12  -64.88598  -63.75888 345.183539      99.97 0.0000e+00   1644.730      39475  1029.7587  1029.7574    34.5804    34.5788    7.81364         28 0.0000e+00
    435.000    430.287     1.0749  29.839902     1.0749  29.838779     4.5779     4.6398    -0.0068    91.5013 1.0000e-12  -64.88598  -63.75888 345.183552      99.97 0.0000e+00   1645.918      39503  1029.7539  1029.7528    34.5803    34.5789    7.81373         30 0.0000e+00
    434.000    429.299     1.0754  29.839944     1.0743  29.837738     4.5725     4.6399     0.0022    91.5012 1.0000e-12  -64.88598  -63.75888 345.183568      99.97 0.0000e+00   1647.286      39536  1029.7492  1029.7480    34.5804    34.5788    7.81363         34 0.0000e+00
    433.000    428.311     1.0750  29.839144     1.0745  29.837368     4.5826     4.6375     0.0128    91.5092 1.0000e-12  -64.88598  -63.75888 345.183587      99.97 0.0000e+00   1648.926      39575  1029.7445  1029.7432    34.5804    34.5787    7.81371         38 0.0000e+00
    432.000    427.322     1.0743  29.837973     1.0740  29.836396     4.5736     4.6371     0.0097    91.4479 1.0000e-12  -64.88598  -63.75888 345.183605      99.97 0.0000e+00   1650.465      39612  1029.7397  1029.7384    34.5802    34.5786    7.81385         31 0.0000e+00
    431.000    426.333     1.0742  29.837399     1.0738  29.835845     4.5812     4.6366     0.0004    91.4520 1.0000e-12  -64.88597  -63.75888 345.183620      99.97 0.0000e+00   1651.747      39643  1029.7350  1029.7338    34.5802    34.5786    7.81388         29 0.0000e+00
    430.000    425.347     1.0740  29.836828     1.0737  29.835232     4.5835     4.6386     0.0124    91.4916 1.0000e-12  -64.88596  -63.75888 345.183633      99.97 0.0000e+00   1652.932      39671  1029.7304  1029.7291    34.5803    34.5786    7.81392         28 0.0000e+00
    429.000    424.358     1.0741  29.836402     1.0740  29.835217     4.5676     4.6407     0.0076    91.4775 1.0000e-12  -64.88596  -63.75888 345.183648      99.97 0.0000e+00   1654.161      39701  1029.7256  1029.7245    34.5801    34.5788    7.81390         31 0.0000e+00
    428.000    423.369     1.0745  29.836352     1.0742  29.834981     4.5774     4.6398     0.0080    91.4848 1.0000e-12  -64.88596  -63.75887 345.183663      99.97 0.0000e+00   1655.521      39734  1029.7209  1029.7198    34.5802    34.5789    7.81382         35 0.0000e+00
    427.000    422.381     1.0746  29.836015     1.0747  29.835143     4.5763     4.6361     0.0072    91.4675 1.0000e-12  -64.88596  -63.75886 345.183682      99.97 0.0000e+00   1657.119      39772  1029.7163  1029.7152    34.5803    34.5790    7.81380         35 0.0000e+00
    426.000    421.394     1.0745  29.835526     1.0745  29.834486     4.5815     4.6366     0.0024    91.5001 1.0000e-12  -64.88596  -63.75886 345.183706      99.97 0.0000e+00   1659.181      39821  1029.7116  1029.7104    34.5803    34.5789    7.81381         40 0.0000e+00
    425.000    420.405     1.0751  29.835656     1.0747  29.834270     4.5771     4.6403    -0.0005    91.5054 1.0000e-12  -64.88596  -63.75886 345.183727      99.97 0.0000e+00   1660.978      39864  1029.7069  1029.7058    34.5804    34.5790    7.81369         33 0.0000e+00
    424.000    419.418     1.0750  29.835161     1.0747  29.833697     4.5718     4.6398    -0.0004    91.4971 1.0000e-12  -64.88596  -63.75886 345.183741      99.97 0.0000e+00   1662.231      39895  1029.7023  1029.7010    34.5805    34.5789    7.81371         27 0.0000e+00
    423.000    418.429     1.0746  29.834372     1.0743  29.833008     4.5811     4.6393    -0.0072    91.5212 1.0000e-12  -64.88596  -63.75886 345.183754      99.97 0.0000e+00   1663.307      39920  1029.6975  1029.6964    34.5804    34.5790    7.81378         25 0.0000e+00
    422.000    417.440     1.0743  29.833572     1.0741  29.832242     4.5812     4.6361     0.0060    91.4983 1.0000e-12  -64.88596  -63.75886 345.183766      99.97 0.0000e+00   1664.347      39945  1029.6928  1029.6917    34.5803    34.5789    7.81385         26 0.0000e+00
    421.000    416.454     1.0740  29.832780     1.0736  29.831350     4.5835     4.6383     0.0069    91.4688 1.0000e-12  -64.88596  -63.75886 345.183780      99.97 0.0000e+00   1665.553      39974  1029.6881  1029.6869    34.5803    34.5788    7.81392         27 0.0000e+00
    420.000    415.465     1.0742  29.832590     1.0739  29.831169     4.5820     4.6442    -0.0023    91.4717 1.0000e-12  -64.88596  -63.75886 345.183803      99.97 0.0000e+00   1667.575      40023  1029.6834  1029.6822    34.5803    34.5788    7.81387         38 0.0000e+00
    419.000    414.475     1.0742  29.832140     1.0737  29.830494     4.5812     4.6438     0.0104    91.4385 1.0000e-12  -64.88596  -63.75886 345.183839      99.97 0.0000e+00   1670.666      40097  1029.6787  1029.6775    34.5803    34.5788    7.81387         41 0.0000e+00
    418.000    413.488     1.0742  29.831736     1.0739  29.830331     4.5762     4.6415     0.0018    91.4857 1.0000e-12  -64.88596  -63.75886 345.183871      99.97 0.0000e+00   1673.491      40165  1029.6740  1029.6729    34.5804    34.5789    7.81387         37 0.0000e+00
    417.000    412.500     1.0732  29.830272     1.0731  29.829059     4.5756     4.6416     0.0011    91.4910 1.0000e-12  -64.88596  -63.75886 345.183894      99.97 0.0000e+00   1675.481      40213  1029.6693  1029.6681    34.5802    34.5787    7.81408         40 0.0000e+00
    416.000    411.511     1.0726  29.829068     1.0714  29.826774     4.5831     4.6405     0.0045    91.4996 1.0000e-12  -64.88595  -63.75885 345.183916      99.97 0.0000e+00   1677.381      40258  1029.6645  1029.6633    34.5800    34.5782    7.81422         36 0.0000e+00
    415.000    410.524     1.0729  29.828977     1.0721  29.827160     4.5822     4.6424     0.0100    91.4940 1.0000e-12  -64.88594  -63.75884 345.183954      99.97 0.0000e+00   1680.662      40337  1029.6598  1029.6587    34.5801    34.5786    7.81415         33 0.0000e+00
    414.000    409.535     1.0724  29.827978     1.0712  29.825583     4.5906     4.6459     0.0041    91.5029 1.0000e-12  -64.88594  -63.75884 345.183992      99.97 0.0000e+00   1683.942      40416  1029.6551  1029.6538    34.5799    34.5781    7.81427         43 0.0000e+00
    413.000    408.547     1.0707  29.825764     1.0700  29.823946     4.5831     4.6457     0.0037    91.4987 1.0000e-12  -64.88594  -63.75884 345.184015      99.97 0.0000e+00   1685.879      40462  1029.6502  1029.6490    34.5795    34.5779    7.81462         43 0.0000e+00
    412.000    407.558     1.0701  29.824797     1.0695  29.822999     4.5850     4.6466     0.0049    91.5002 1.0000e-12  -64.88594  -63.75884 345.184040      99.97 0.0000e+00   1688.073      40515  1029.6455  1029.6443    34.5795    34.5779    7.81473         39 0.0000e+00
    411.000    406.569     1.0702  29.824363     1.0697  29.822752     4.5868     4.6438    -0.0019    91.5211 1.0000e-12  -64.88594  -63.75883 345.184095      99.97 0.0000e+00   1692.839      40629  1029.6408  1029.6396    34.5794    34.5778    7.81472         28 0.0000e+00
    410.000    405.582     1.0700  29.823729     1.0697  29.822343     4.5835     4.6459    -0.0012    91.5025 1.0000e-12  -64.88594  -63.75882 345.184135      99.97 0.0000e+00   1696.269      40711  1029.6360  1029.6349    34.5794    34.5780    7.81476         37 0.0000e+00
    409.000    404.593     1.0690  29.822257     1.0687  29.820809     4.5887     4.6495    -0.0015    91.5179 1.0000e-12  -64.88594  -63.75882 345.184171      99.97 0.0000e+00   1699.376      40786  1029.6313  1029.6301    34.5792    34.5777    7.81497         40 0.0000e+00
    408.000    403.606     1.0686  29.821337     1.0682  29.819730     4.5879     4.6489     0.0050    91.5098 1.0000e-12  -64.88594  -63.75881 345.184224      96.28 0.0000e+00   1703.968      40896  1029.6264  1029.6252    34.5790    34.5774    7.81506         24 0.0000e+00
    407.000    402.617     1.0667  29.818840     1.0666  29.817691     4.5973     4.6542     0.0096    91.5334 1.0000e-12  -64.88594  -63.75882 345.184273     100.07 0.0000e+00   1708.210      40998  1029.6216  1029.6205    34.5785    34.5771    7.81547         41 0.0000e+00
    406.000    401.630     1.0650  29.816672     1.0651  29.815648     4.5929     4.6519     0.0037    91.5414 1.0000e-12  -64.88594  -63.75882 345.184296      99.97 0.0000e+00   1710.145      41044  1029.6167  1029.6156    34.5782    34.5768    7.81583         39 0.0000e+00
    405.000    400.641     1.0650  29.816135     1.0650  29.815035     4.5955     4.6533     0.0076    91.5491 1.0000e-12  -64.88594  -63.75880 345.184359      99.97 0.0000e+00   1715.635      41176  1029.6119  1029.6108    34.5781    34.5767    7.81584         30 0.0000e+00
    404.000    399.651     1.0650  29.815669     1.0652  29.814834     4.5915     4.6536     0.0050    91.5228 1.0000e-12  -64.88593  -63.75878 345.184505      99.97 0.0000e+00   1728.233      41479  1029.6072  1029.6062    34.5780    34.5768    7.81583         28 0.0000e+00
    403.000    398.663     1.0654  29.815684     1.0651  29.814329     4.5892     4.6536     0.0048    91.5088 1.0000e-12  -64.88592  -63.75876 345.184681      99.97 0.0000e+00   1743.444      41844  1029.6026  1029.6016    34.5782    34.5768    7.81575         32 0.0000e+00
    402.000    397.676     1.0654  29.815195     1.0651  29.813742     4.5885     4.6569     0.0037    91.4754 1.0000e-12  -64.88592  -63.75876 345.184699      99.97 0.0000e+00   1745.014      41881  1029.5979  1029.5967    34.5782    34.5767    7.81576         36 0.0000e+00
    401.000    396.688     1.0651  29.814477     1.0649  29.813195     4.5992     4.6577     0.0077    91.4834 1.0000e-12  -64.88592  -63.75875 345.184717      99.97 0.0000e+00   1746.583      41919  1029.5932  1029.5920    34.5782    34.5767    7.81581         38 0.0000e+00
    400.000    395.699     1.0650  29.813947     1.0649  29.812720     4.5945     4.6584     0.0041    91.5040 1.0000e-12  -64.88592  -63.75875 345.184735      99.97 0.0000e+00   1748.105      41956  1029.5885  1029.5874    34.5782    34.5767    7.81584         34 0.0000e+00
    399.000    394.713     1.0628  29.811308     1.0625  29.809878     4.6048     4.6552     0.0089    91.4978 1.0000e-12  -64.88592  -63.75875 345.184752      99.97 0.0000e+00   1749.604      41991  1029.5837  1029.5826    34.5777    34.5763    7.81629         31 0.0000e+00
    398.000    393.723     1.0607  29.808464     1.0602  29.806997     4.6117     4.6639     0.0021    91.4691 1.0000e-12  -64.88592  -63.75874 345.184769      99.97 0.0000e+00   1751.041      42026  1029.5786  1029.5776    34.5770    34.5757    7.81675         34 0.0000e+00
    397.000    392.734     1.0562  29.803693     1.0571  29.803050     4.6116     4.6640     0.0071    91.5005 1.0000e-12  -64.88592  -63.75874 345.184785      99.97 0.0000e+00   1752.458      42060  1029.5739  1029.5724    34.5764    34.5747    7.81768         33 0.0000e+00
    396.000    391.747     1.0537  29.800015     1.0552  29.800454     4.6088     4.6666    -0.0013    91.5036 1.0000e-12  -64.88592  -63.75874 345.184801      99.97 0.0000e+00   1753.828      42093  1029.5684  1029.5673    34.5751    34.5740    7.81827         33 0.0000e+00
    395.000    390.758     1.0536  29.799395     1.0534  29.798107     4.6069     4.6686    -0.0076    91.5146 1.0000e-12  -64.88592  -63.75874 345.184817      99.97 0.0000e+00   1755.151      42125  1029.5635  1029.5624    34.5749    34.5736    7.81828         31 0.0000e+00
    394.000    389.769     1.0539  29.799442     1.0538  29.798210     4.6166     4.6759    -0.0012    91.5330 1.0000e-12  -64.88592  -63.75874 345.184831      99.97 0.0000e+00   1756.367      42154  1029.5590  1029.5579    34.5752    34.5738    7.81821         26 0.0000e+00
    393.000    388.780     1.0511  29.796348     1.0514  29.795402     4.6291     4.6805     0.0064    91.5489 1.0000e-12  -64.88592  -63.75874 345.184843      99.97 0.0000e+00   1757.412      42179  1029.5542  1029.5531    34.5749    34.5735    7.81878         24 0.0000e+00
    392.000    387.794     1.0446  29.789012     1.0459  29.789026     4.6297     4.6863     0.0015    91.5486 1.0000e-12  -64.88592  -63.75874 345.184854      99.97 0.0000e+00   1758.381      42202  1029.5490  1029.5477    34.5734    34.5719    7.82018         23 0.0000e+00
    391.000    386.804     1.0421  29.785647     1.0412  29.783653     4.6189     4.6831     0.0050    91.5288 1.0000e-12  -64.88590  -63.75874 345.184866      99.97 0.0000e+00   1759.409      42227  1029.5437  1029.5425    34.5723    34.5708    7.82073         27 0.0000e+00
    390.000    385.816     1.0438  29.786462     1.0420  29.783862     4.6181     4.6782     0.0126    91.5485 1.0000e-12  -64.88590  -63.75872 345.184881      99.97 0.0000e+00   1760.739      42259  1029.5386  1029.5377    34.5721    34.5707    7.82040         38 0.0000e+00
    389.000    384.828     1.0458  29.788942     1.0457  29.787730     4.6237     4.6832     0.0032    91.5465 1.0000e-12  -64.88590  -63.75872 345.184902      99.97 0.0000e+00   1762.517      42301  1029.5348  1029.5337    34.5736    34.5722    7.81991         41 0.0000e+00
    388.000    383.840     1.0425  29.784574     1.0399  29.780880     4.6216     4.6841     0.0064    91.5295 1.0000e-12  -64.88590  -63.75872 345.184920      99.97 0.0000e+00   1764.054      42338  1029.5293  1029.5281    34.5722    34.5703    7.82065         28 0.0000e+00
    387.000    382.851     1.0439  29.785807     1.0426  29.783287     4.6357     4.6862    -0.0070    91.5598 1.0000e-12  -64.88590  -63.75872 345.184933      99.97 0.0000e+00   1765.197      42366  1029.5250  1029.5236    34.5729    34.5710    7.82034         26 0.0000e+00
    386.000    381.863     1.0408  29.782332     1.0396  29.779915     4.6367     4.6904     0.0057    91.5620 1.0000e-12  -64.88590  -63.75872 345.184945      99.97 0.0000e+00   1766.211      42390  1029.5202  1029.5189    34.5724    34.5707    7.82098         23 0.0000e+00
