NBP2113_155081_ctd/data/unbp2113_020.cnv
* Sea-Bird SBE 9 Data File:
* FileName = D:\Data\raw\NBP2113_020.hex
* Software Version Seasave V 7.26.7.121
* Temperature SN = 2438
* Conductivity SN = 2067
* Number of Bytes Per Scan = 40
* Number of Voltage Words = 5
* Number of Scans Averaged by the Deck Unit = 1
* NMEA Latitude = 66 30.70 S
* NMEA Longitude = 069 51.30 W
* NMEA UTC (Time) = Nov 29 2021  16:09:08
* NMEA baud rate = 9600
** Ship: RVIB N.B. Palmer
** Cruise: NBP2113 LTER
** Station: 300.100
** Operator: S. Blackman
# nquan = 25
# nvalues = 475                         
# units = specified
# name 0 = prDM: Pressure, Digiquartz [db]
# name 1 = depSM: Depth [salt water, m]
# name 2 = t090C: Temperature [ITS-90, deg C]
# name 3 = c0mS/cm: Conductivity [mS/cm]
# name 4 = t190C: Temperature, 2 [ITS-90, deg C]
# name 5 = c1mS/cm: Conductivity, 2 [mS/cm]
# name 6 = sbeox0ML/L: Oxygen, SBE 43 [ml/l]
# name 7 = sbeox1ML/L: Oxygen, SBE 43, 2 [ml/l]
# name 8 = flECO-AFL: Fluorescence, WET Labs ECO-AFL/FL [mg/m^3]
# name 9 = CStarTr0: Beam Transmission, WET Labs C-Star [%]
# name 10 = par: PAR/Irradiance, Biospherical/Licor
# name 11 = latitude: Latitude [deg]
# name 12 = longitude: Longitude [deg]
# name 13 = timeJ: Julian Days
# name 14 = altM: Altimeter [m]
# name 15 = spar: SPAR, Biospherical/Licor
# name 16 = timeS: Time, Elapsed [seconds]
# name 17 = scan: Scan Count
# name 18 = density00: Density [density, kg/m^3]
# name 19 = density11: Density, 2 [density, kg/m^3]
# name 20 = sal00: Salinity, Practical [PSU]
# name 21 = sal11: Salinity, Practical, 2 [PSU]
# name 22 = oxsolML/L: Oxygen Saturation, Garcia & Gordon [ml/l]
# name 23 = nbin: number of scans per bin
# name 24 = flag: flag
# span 0 =      1.000,    475.000       
# span 1 =      0.990,    469.755       
# span 2 =    -1.0204,     1.4797       
# span 3 =  27.513037,  30.241230       
# span 4 =    -1.0223,     1.4792       
# span 5 =  27.510863,  30.240237       
# span 6 =     3.9224,     8.4328       
# span 7 =     3.9930,     8.2061       
# span 8 =    -0.0223,     1.6151       
# span 9 =    91.9205,    97.4978       
# span 10 = 1.0000e-12, 9.9330e+02      
# span 11 =  -66.51126,  -66.51094      
# span 12 =  -69.86315,  -69.86094      
# span 13 = 333.686081, 333.693074      
# span 14 =       1.10,     100.15      
# span 15 = 1.0360e+03, 1.1092e+03      
# span 16 =   1129.408,   1733.613      
# span 17 =      27107,      41608      
# span 18 =  1027.3458,  1030.0403      
# span 19 =  1027.3447,  1030.0397      
# span 20 =    34.0137,    34.7262      
# span 21 =    34.0123,    34.7253      
# span 22 =    7.72717,    8.28244      
# span 23 =         11,         45      
# span 24 = 0.0000e+00, 0.0000e+00      
# interval = decibars: 1                
# start_time = Nov 29 2021 16:09:08 [NMEA time, header]
# bad_flag = -9.990e-29
*END*
[from data line 116]
    359.000    355.134     1.4197  30.215886     1.4175  30.213397     4.2166     4.2863    -0.0082    97.4398 1.0000e-12  -66.51116  -69.86142 333.687856      99.98 1.1066e+03   1282.784      30788  1029.4839  1029.4835    34.7236    34.7227    7.73771         32 0.0000e+00
    358.000    354.147     1.4170  30.213419     1.4172  30.212809     4.1887     4.2684    -0.0146    97.4708 1.0000e-12  -66.51115  -69.86143 333.687880      99.98 1.1014e+03   1284.853      30837  1029.4798  1029.4789    34.7239    34.7229    7.73821         27 0.0000e+00
    357.000    353.159     1.4365  30.229738     1.4370  30.229223     4.1771     4.2651    -0.0010    97.4722 1.0000e-12  -66.51114  -69.86145 333.687890      99.98 1.1000e+03   1285.688      30858  1029.4729  1029.4719    34.7238    34.7225    7.73439         17 0.0000e+00
    356.000    352.171     1.4425  30.234177     1.4422  30.233282     4.1822     4.2626    -0.0019    97.4721 1.0000e-12  -66.51114  -69.86146 333.687897      99.97 1.1000e+03   1286.332      30873  1029.4673  1029.4667    34.7234    34.7225    7.73324         15 0.0000e+00
    355.000    351.180     1.4448  30.235672     1.4440  30.234291     4.1823     4.2600    -0.0075    97.4650 1.0000e-12  -66.51112  -69.86148 333.687904      99.97 1.1000e+03   1286.912      30887  1029.4624  1029.4617    34.7234    34.7224    7.73279         14 0.0000e+00
    354.000    350.195     1.4455  30.235761     1.4450  30.234521     4.1842     4.2581    -0.0077    97.4550 1.0000e-12  -66.51112  -69.86148 333.687911      99.97 1.1018e+03   1287.497      30901  1029.4576  1029.4568    34.7232    34.7222    7.73266         13 0.0000e+00
    353.000    349.204     1.4456  30.235304     1.4453  30.234281     4.1914     4.2576    -0.0068    97.4463 1.0000e-12  -66.51112  -69.86148 333.687918      99.98 1.1032e+03   1288.125      30916  1029.4529  1029.4522    34.7231    34.7222    7.73264         17 0.0000e+00
    352.000    348.216     1.4437  30.233295     1.4436  30.232467     4.1997     4.2628    -0.0068    97.4463 1.0000e-12  -66.51112  -69.86148 333.687927      99.98 1.1037e+03   1288.924      30935  1029.4485  1029.4478    34.7232    34.7223    7.73301         23 0.0000e+00
    351.000    347.228     1.4439  30.233017     1.4435  30.231865     4.1936     4.2648    -0.0122    97.4463 1.0000e-12  -66.51114  -69.86147 333.687951      99.98 1.1047e+03   1291.009      30985  1029.4440  1029.4432    34.7232    34.7222    7.73297         36 0.0000e+00
    350.000    346.240     1.4436  30.232255     1.4434  30.231294     4.1849     4.2531     0.0036    97.4463 1.0000e-12  -66.51114  -69.86146 333.687979      99.98 1.1053e+03   1293.350      31041  1029.4393  1029.4386    34.7231    34.7221    7.73302         31 0.0000e+00
    349.000    345.251     1.4441  30.231943     1.4439  30.231171     4.1741     4.2529    -0.0020    97.4463 1.0000e-12  -66.51114  -69.86146 333.687990      99.98 1.1053e+03   1294.355      31066  1029.4344  1029.4338    34.7227    34.7220    7.73295         22 0.0000e+00
    348.000    344.261     1.4447  30.231427     1.4443  30.230404     4.1736     4.2482    -0.0115    97.4463 1.0000e-12  -66.51114  -69.86146 333.688001      99.98 1.1049e+03   1295.257      31087  1029.4291  1029.4284    34.7221    34.7212    7.73288         22 0.0000e+00
    347.000    343.276     1.4451  30.230948     1.4445  30.229932     4.1683     4.2494    -0.0147    97.4273 1.0000e-12  -66.51114  -69.86146 333.688012      99.97 1.1036e+03   1296.200      31110  1029.4240  1029.4235    34.7216    34.7209    7.73283         22 0.0000e+00
    346.000    342.285     1.4455  30.230739     1.4448  30.229599     4.1739     4.2509    -0.0148    97.4360 1.0000e-12  -66.51114  -69.86146 333.688025      99.98 1.1015e+03   1297.361      31138  1029.4191  1029.4186    34.7214    34.7207    7.73275         31 0.0000e+00
    345.000    341.297     1.4449  30.230010     1.4446  30.229055     4.1760     4.2448    -0.0141    97.4079 1.0000e-12  -66.51114  -69.86148 333.688043      99.97 1.0993e+03   1298.919      31175  1029.4148  1029.4141    34.7217    34.7208    7.73285         40 0.0000e+00
    344.000    340.310     1.4450  30.229615     1.4451  30.228920     4.1599     4.2381    -0.0030    97.4257 1.0000e-12  -66.51112  -69.86150 333.688060      99.98 1.1005e+03   1300.388      31210  1029.4101  1029.4093    34.7216    34.7207    7.73283         29 0.0000e+00
    343.000    339.320     1.4508  30.234003     1.4514  30.233675     4.1491     4.2306    -0.0216    97.3998 1.0000e-12  -66.51112  -69.86152 333.688072      99.98 1.1018e+03   1301.445      31236  1029.4046  1029.4037    34.7214    34.7204    7.73170         23 0.0000e+00
    342.000    338.333     1.4582  30.239324     1.4586  30.238974     4.1540     4.2277    -0.0076    97.4235 1.0000e-12  -66.51112  -69.86152 333.688082      99.98 1.1029e+03   1302.298      31256  1029.3985  1029.3977    34.7206    34.7197    7.73030         19 0.0000e+00
    341.000    337.345     1.4610  30.241230     1.4606  30.240237     4.1564     4.2281    -0.0074    97.4206 1.0000e-12  -66.51112  -69.86152 333.688092      99.98 1.1039e+03   1303.124      31276  1029.3935  1029.3929    34.7205    34.7197    7.72976         21 0.0000e+00
    340.000    336.354     1.4599  30.239905     1.4596  30.238944     4.1662     4.2285    -0.0128    97.4167 1.0000e-12  -66.51112  -69.86150 333.688105      99.98 1.1052e+03   1304.258      31303  1029.3890  1029.3884    34.7206    34.7198    7.72996         31 0.0000e+00
    339.000    335.368     1.4575  30.237466     1.4577  30.237033     4.1527     4.2193    -0.0130    97.4071 1.0000e-12  -66.51114  -69.86148 333.688136      99.98 1.1065e+03   1306.910      31367  1029.3848  1029.3842    34.7208    34.7200    7.73043         32 0.0000e+00
    338.000    334.377     1.4597  30.238658     1.4607  30.238855     4.1028     4.2007    -0.0072    97.4133 1.0000e-12  -66.51114  -69.86150 333.688153      99.97 1.1054e+03   1308.450      31404  1029.3797  1029.3789    34.7204    34.7195    7.73002         24 0.0000e+00
    337.000    333.391     1.4621  30.239886     1.4632  30.240147     4.0627     4.1821    -0.0073    97.3990 1.0000e-12  -66.51114  -69.86150 333.688163      99.98 1.1034e+03   1309.276      31424  1029.3743  1029.3735    34.7199    34.7190    7.72957         18 0.0000e+00
    336.000    332.401     1.4589  30.235370     1.4591  30.234976     4.0441     4.1730    -0.0068    97.3674 1.0000e-12  -66.51114  -69.86152 333.688171      99.98 1.1018e+03   1309.981      31441  1029.3687  1029.3681    34.7183    34.7176    7.73029         16 0.0000e+00
    335.000    331.414     1.4547  30.230541     1.4570  30.232330     4.0474     4.1719    -0.0114    97.3172 1.0000e-12  -66.51113  -69.86152 333.688179      99.98 1.1004e+03   1310.651      31457  1029.3637  1029.3632    34.7173    34.7170    7.73116         16 0.0000e+00
    334.000    330.423     1.4376  30.212802     1.4425  30.217029     4.0558     4.1742    -0.0146    97.3176 1.0000e-12  -66.51112  -69.86152 333.688187      99.98 1.0994e+03   1311.346      31473  1029.3584  1029.3578    34.7142    34.7142    7.73468         18 0.0000e+00
    333.000    329.436     1.4271  30.202531     1.4398  30.214953     4.0634     4.1728    -0.0150    97.2598 1.0000e-12  -66.51112  -69.86152 333.688196      99.97 1.0980e+03   1312.171      31493  1029.3540  1029.3541    34.7133    34.7151    7.73679         23 0.0000e+00
    332.000    328.447     1.4376  30.212186     1.4477  30.221853     4.0699     4.1677    -0.0051    97.1838 1.0000e-12  -66.51112  -69.86152 333.688212      99.98 1.0966e+03   1313.497      31525  1029.3491  1029.3491    34.7146    34.7158    7.73466         39 0.0000e+00
    331.000    327.459     1.4398  30.214090     1.4488  30.222485     4.0314     4.1309    -0.0038    97.1047 1.0000e-12  -66.51112  -69.86152 333.688233      99.98 1.0980e+03   1315.294      31568  1029.3446  1029.3444    34.7152    34.7159    7.73420         38 0.0000e+00
    330.000    326.470     1.4260  30.199778     1.4286  30.201561     3.9986     4.1006    -0.0062    97.1240 1.0000e-12  -66.51112  -69.86153 333.688248      99.97 1.0987e+03   1316.626      31600  1029.3394  1029.3388    34.7128    34.7122    7.73704         29 0.0000e+00
    329.000    325.482     1.4178  30.190198     1.4182  30.190092     4.0103     4.0946    -0.0059    97.1285 1.0000e-12  -66.51112  -69.86154 333.688263      99.98 1.1009e+03   1317.942      31632  1029.3336  1029.3331    34.7103    34.7097    7.73880         36 0.0000e+00
    328.000    324.494     1.4205  30.192588     1.4201  30.191746     4.0153     4.0931     0.0005    97.1189 1.0000e-12  -66.51113  -69.86153 333.688294      99.98 1.1030e+03   1320.648      31697  1029.3289  1029.3285    34.7108    34.7102    7.73822         41 0.0000e+00
    327.000    323.504     1.4182  30.189161     1.4173  30.187611     4.0004     4.0817    -0.0017    97.0945 1.0000e-12  -66.51114  -69.86152 333.688318      99.98 1.1036e+03   1322.679      31745  1029.3233  1029.3227    34.7096    34.7087    7.73874         25 0.0000e+00
    326.000    322.518     1.4205  30.190454     1.4203  30.189621     4.0069     4.0891    -0.0065    97.1123 1.0000e-12  -66.51114  -69.86152 333.688327      99.98 1.1036e+03   1323.433      31763  1029.3181  1029.3174    34.7093    34.7084    7.73831         16 0.0000e+00
    325.000    321.527     1.4278  30.196349     1.4277  30.195455     4.0101     4.0883     0.0136    97.1098 1.0000e-12  -66.51112  -69.86152 333.688334      99.98 1.1024e+03   1324.068      31779  1029.3126  1029.3118    34.7093    34.7083    7.73687         15 0.0000e+00
    324.000    320.540     1.4359  30.203256     1.4333  30.200095     4.0097     4.0845     0.0064    97.0857 1.0000e-12  -66.51112  -69.86153 333.688341      99.98 1.0991e+03   1324.649      31793  1029.3074  1029.3068    34.7097    34.7085    7.73526         14 0.0000e+00
    323.000    319.549     1.4407  30.206829     1.4373  30.203238     4.0088     4.0829    -0.0150    97.0803 1.0000e-12  -66.51112  -69.86154 333.688347      99.97 1.0955e+03   1325.229      31806  1029.3021  1029.3018    34.7096    34.7088    7.73433         14 0.0000e+00
    322.000    318.563     1.4417  30.207155     1.4400  30.205004     4.0086     4.0825    -0.0116    97.1119 1.0000e-12  -66.51111  -69.86154 333.688355      99.98 1.0933e+03   1325.838      31821  1029.2971  1029.2967    34.7094    34.7086    7.73413         15 0.0000e+00
    321.000    317.572     1.4401  30.204973     1.4394  30.203958     4.0043     4.0804    -0.0063    97.1100 1.0000e-12  -66.51110  -69.86154 333.688362      99.98 1.0929e+03   1326.484      31837  1029.2923  1029.2920    34.7090    34.7085    7.73447         16 0.0000e+00
    320.000    316.585     1.4388  30.203154     1.4387  30.202692     4.0072     4.0820     0.0129    97.0646 1.0000e-12  -66.51110  -69.86154 333.688370      99.98 1.0930e+03   1327.201      31854  1029.2876  1029.2872    34.7088    34.7082    7.73475         19 0.0000e+00
    319.000    315.597     1.4377  30.201757     1.4360  30.200006     4.0124     4.0844     0.0055    97.0672 1.0000e-12  -66.51110  -69.86154 333.688381      99.98 1.0935e+03   1328.094      31875  1029.2830  1029.2829    34.7087    34.7083    7.73496         25 0.0000e+00
    318.000    314.606     1.4393  30.202962     1.4393  30.202181     4.0179     4.0746    -0.0078    97.0782 1.0000e-12  -66.51111  -69.86156 333.688408      99.97 1.0972e+03   1330.494      31933  1029.2784  1029.2777    34.7090    34.7081    7.73462         27 0.0000e+00
    317.000    313.620     1.4427  30.204928     1.4425  30.204013     3.9974     4.0654    -0.0121    97.0674 1.0000e-12  -66.51112  -69.86156 333.688466      99.97 1.1053e+03   1335.486      32053  1029.2730  1029.2722    34.7084    34.7074    7.73400         30 0.0000e+00
    316.000    312.632     1.4454  30.206928     1.4456  30.206434     3.9919     4.0655     0.0154    97.0866 1.0000e-12  -66.51112  -69.86154 333.688476      99.97 1.1053e+03   1336.335      32073  1029.2682  1029.2674    34.7086    34.7077    7.73346         19 0.0000e+00
    315.000    311.640     1.4516  30.211112     1.4511  30.209892     3.9934     4.0666    -0.0011    97.0788 1.0000e-12  -66.51112  -69.86156 333.688484      99.98 1.1047e+03   1337.012      32089  1029.2620  1029.2612    34.7076    34.7066    7.73229         15 0.0000e+00
    314.000    310.653     1.4526  30.211075     1.4517  30.209620     3.9914     4.0648    -0.0071    97.0345 1.0000e-12  -66.51112  -69.86156 333.688491      99.98 1.1036e+03   1337.581      32103  1029.2568  1029.2562    34.7070    34.7061    7.73213         13 0.0000e+00
    313.000    309.668     1.4537  30.211403     1.4529  30.210005     3.9844     4.0654     0.0013    96.9918 1.0000e-12  -66.51110  -69.86158 333.688496      99.98 1.1024e+03   1338.099      32115  1029.2518  1029.2512    34.7068    34.7059    7.73192         12 0.0000e+00
    312.000    308.675     1.4549  30.211885     1.4543  30.210709     3.9763     4.0626     0.0014    96.9582 1.0000e-12  -66.51110  -69.86158 333.688502      99.98 1.1005e+03   1338.589      32127  1029.2470  1029.2463    34.7067    34.7058    7.73170         12 0.0000e+00
    311.000    307.688     1.4562  30.212652     1.4561  30.211881     3.9761     4.0594     0.0009    96.9779 1.0000e-12  -66.51110  -69.86158 333.688508      99.98 1.0988e+03   1339.079      32139  1029.2422  1029.2415    34.7068    34.7059    7.73143         11 0.0000e+00
    310.000    306.700     1.4587  30.214420     1.4574  30.212608     3.9809     4.0565     0.0013    96.9828 1.0000e-12  -66.51110  -69.86158 333.688514      99.98 1.0973e+03   1339.588      32151  1029.2373  1029.2368    34.7068    34.7060    7.73094         13 0.0000e+00
    309.000    305.709     1.4597  30.214696     1.4594  30.213736     3.9873     4.0567    -0.0038    96.9742 1.0000e-12  -66.51110  -69.86160 333.688520      99.97 1.0965e+03   1340.167      32165  1029.2325  1029.2317    34.7067    34.7058    7.73076         15 0.0000e+00
    308.000    304.722     1.4579  30.212755     1.4569  30.211153     3.9924     4.0581    -0.0063    96.9882 1.0000e-12  -66.51110  -69.86160 333.688529      99.98 1.0965e+03   1340.914      32183  1029.2280  1029.2273    34.7067    34.7058    7.73110         22 0.0000e+00
    307.000    303.735     1.4606  30.214293     1.4603  30.213425     4.0026     4.0582    -0.0088    97.0065 1.0000e-12  -66.51111  -69.86159 333.688560      99.97 1.1003e+03   1343.570      32247  1029.2227  1029.2222    34.7063    34.7055    7.73059         27 0.0000e+00
    306.000    302.743     1.4613  30.214298     1.4606  30.213100     3.9931     4.0640    -0.0020    96.9852 1.0000e-12  -66.51111  -69.86160 333.688619      99.98 1.1032e+03   1348.648      32369  1029.2181  1029.2175    34.7061    34.7053    7.73046         34 0.0000e+00
    305.000    301.758     1.4656  30.217679     1.4651  30.216592     3.9854     4.0609    -0.0034    96.9827 1.0000e-12  -66.51110  -69.86161 333.688634      99.97 1.1017e+03   1349.956      32400  1029.2130  1029.2124    34.7062    34.7055    7.72961         20 0.0000e+00
    304.000    300.766     1.4739  30.223805     1.4733  30.222442     3.9838     4.0606     0.0020    96.9828 1.0000e-12  -66.51110  -69.86162 333.688641      99.97 1.1000e+03   1350.625      32416  1029.2068  1029.2061    34.7054    34.7044    7.72803         15 0.0000e+00
    303.000    299.778     1.4744  30.223260     1.4738  30.221998     3.9793     4.0604     0.0081    96.9743 1.0000e-12  -66.51110  -69.86162 333.688648      99.97 1.1000e+03   1351.185      32429  1029.2016  1029.2009    34.7048    34.7039    7.72797         12 0.0000e+00
