NBP2113_155081_ctd/data/unbp2113_028.cnv
* Sea-Bird SBE 9 Data File:
* FileName = D:\Data\raw\NBP2113_028.hex
* Software Version Seasave V 7.26.7.121
* Temperature SN = 2438
* Conductivity SN = 2067
* Number of Bytes Per Scan = 40
* Number of Voltage Words = 5
* Number of Scans Averaged by the Deck Unit = 1
* NMEA Latitude = 68 01.84 S
* NMEA Longitude = 069 17.14 W
* NMEA UTC (Time) = Dec 04 2021  16:43:12
* NMEA baud rate = 9600
** Ship: RVIB N.B. Palmer
** Cruise: NBP2113 LTER
** Station: 200.-040
** Operator: S. Blackman
# nquan = 25
# nvalues = 206                         
# units = specified
# name 0 = prDM: Pressure, Digiquartz [db]
# name 1 = depSM: Depth [salt water, m]
# name 2 = t090C: Temperature [ITS-90, deg C]
# name 3 = c0mS/cm: Conductivity [mS/cm]
# name 4 = t190C: Temperature, 2 [ITS-90, deg C]
# name 5 = c1mS/cm: Conductivity, 2 [mS/cm]
# name 6 = sbeox0ML/L: Oxygen, SBE 43 [ml/l]
# name 7 = sbeox1ML/L: Oxygen, SBE 43, 2 [ml/l]
# name 8 = flECO-AFL: Fluorescence, WET Labs ECO-AFL/FL [mg/m^3]
# name 9 = CStarTr0: Beam Transmission, WET Labs C-Star [%]
# name 10 = par: PAR/Irradiance, Biospherical/Licor
# name 11 = latitude: Latitude [deg]
# name 12 = longitude: Longitude [deg]
# name 13 = timeJ: Julian Days
# name 14 = altM: Altimeter [m]
# name 15 = spar: SPAR, Biospherical/Licor
# name 16 = timeS: Time, Elapsed [seconds]
# name 17 = scan: Scan Count
# name 18 = density00: Density [density, kg/m^3]
# name 19 = density11: Density, 2 [density, kg/m^3]
# name 20 = sal00: Salinity, Practical [PSU]
# name 21 = sal11: Salinity, Practical, 2 [PSU]
# name 22 = oxsolML/L: Oxygen Saturation, Garcia & Gordon [ml/l]
# name 23 = nbin: number of scans per bin
# name 24 = flag: flag
# span 0 =      1.000,    206.000       
# span 1 =      0.991,    203.840       
# span 2 =    -1.1965,    -0.2155       
# span 3 =  27.223974,  28.392724       
# span 4 =    -1.1948,    -0.2156       
# span 5 =  27.221588,  28.391500       
# span 6 =     5.9955,     9.0651       
# span 7 =     6.0680,     8.4036       
# span 8 =     0.0809,     1.7482       
# span 9 =    88.4744,    95.7091       
# span 10 = 1.0000e-12, 7.6171e+02      
# span 11 =  -68.03090,  -68.03058      
# span 12 =  -69.28598,  -69.28570      
# span 13 = 338.705300, 338.709903      
# span 14 =       9.40,     102.00      
# span 15 = 1.0154e+03, 1.1309e+03      
# span 16 =    745.889,   1143.637      
# span 17 =      17902,      27448      
# span 18 =  1027.1902,  1028.5029      
# span 19 =  1027.1888,  1028.5010      
# span 20 =    33.8144,    34.2655      
# span 21 =    33.8125,    34.2639      
# span 22 =    8.09699,    8.33250      
# span 23 =         17,         47      
# span 24 = 0.0000e+00, 0.0000e+00      
# interval = decibars: 1                
# start_time = Dec 04 2021 16:43:12 [NMEA time, header]
# bad_flag = -9.990e-29
*END*
[from data line 116]
     90.000     89.080    -0.7528  27.666561    -0.7494  27.667786     7.9630     7.9700     0.6995    93.2588 1.6225e-01  -68.03082  -69.28580 338.707060      99.97 1.0433e+03    897.991      21553  1027.7271  1027.7251    33.9612    33.9590    8.23012         23 0.0000e+00
     89.000     88.090    -0.7765  27.645326    -0.7500  27.665929     7.9276     7.9486     0.9519    92.9164 1.7547e-01  -68.03082  -69.28580 338.707073      99.97 1.0415e+03    899.110      21580  1027.7237  1027.7202    33.9597    33.9578    8.23539         32 0.0000e+00
     88.000     87.100    -0.7936  27.629480    -0.7865  27.635147     7.9463     7.9696     0.9545    92.9227 1.8734e-01  -68.03082  -69.28580 338.707092      99.97 1.0388e+03    900.762      21619  1027.7196  1027.7191    33.9581    33.9579    8.23921         36 0.0000e+00
     87.000     86.112    -0.7963  27.627923    -0.7927  27.629439     7.9935     7.9984     0.8929    93.0938 2.0147e-01  -68.03082  -69.28580 338.707111      99.97 1.0389e+03    902.356      21658  1027.7169  1027.7152    33.9597    33.9577    8.23972         28 0.0000e+00
     86.000     85.122    -0.7695  27.648404    -0.7612  27.653354     8.0060     8.0114     0.9304    92.6599 2.2144e-01  -68.03082  -69.28580 338.707122      99.97 1.0415e+03    903.324      21681  1027.7091  1027.7065    33.9579    33.9552    8.23396         21 0.0000e+00
     85.000     84.132    -0.7553  27.655110    -0.7524  27.654219     7.9868     8.0149     0.8566    92.6040 2.4587e-01  -68.03082  -69.28580 338.707132      99.97 1.0451e+03    904.168      21701  1027.6985  1027.6949    33.9516    33.9471    8.23123         21 0.0000e+00
     84.000     83.142    -0.7501  27.655519    -0.7491  27.654914     7.9770     8.0104     0.9493    92.3371 2.7506e-01  -68.03082  -69.28580 338.707143      99.97 1.0496e+03    905.127      21724  1027.6900  1027.6885    33.9469    33.9449    8.23037         27 0.0000e+00
     83.000     82.153    -0.7572  27.650609    -0.7574  27.649520     7.9853     8.0169     1.0458    92.1721 3.0793e-01  -68.03082  -69.28580 338.707163      99.97 1.0546e+03    906.887      21766  1027.6878  1027.6869    33.9489    33.9477    8.23180         40 0.0000e+00
     82.000     81.162    -0.7559  27.651248    -0.7543  27.651324     8.0181     8.0313     0.9905    92.2076 3.2960e-01  -68.03082  -69.28580 338.707186      99.97 1.0600e+03    908.869      21814  1027.6834  1027.6820    33.9488    33.9472    8.23151         28 0.0000e+00
     81.000     80.175    -0.7356  27.665568    -0.7354  27.664472     7.9923     8.0359     1.0016    92.1867 3.5330e-01  -68.03082  -69.28581 338.707197      99.97 1.0658e+03    909.828      21837  1027.6752  1027.6738    33.9461    33.9443    8.22725         20 0.0000e+00
     80.000     79.185    -0.7179  27.679052    -0.7197  27.676477     7.9897     8.0342     0.9515    92.0283 3.8166e-01  -68.03082  -69.28582 338.707206      99.97 1.0724e+03    910.591      21855  1027.6684  1027.6675    33.9449    33.9436    8.22345         17 0.0000e+00
     79.000     78.195    -0.7159  27.678779    -0.7159  27.677327     7.9808     8.0351     1.0000    91.8615 4.1427e-01  -68.03080  -69.28582 338.707214      99.97 1.0784e+03    911.313      21873  1027.6621  1027.6606    33.9430    33.9411    8.22314         18 0.0000e+00
     78.000     77.205    -0.7168  27.676779    -0.7171  27.675375     7.9714     8.0335     1.0627    91.7374 4.5088e-01  -68.03080  -69.28582 338.707223      99.97 1.0831e+03    912.071      21891  1027.6568  1027.6555    33.9420    33.9403    8.22340         19 0.0000e+00
     77.000     76.216    -0.7189  27.673826    -0.7217  27.671214     7.9713     8.0307     1.1872    91.6311 4.9063e-01  -68.03080  -69.28582 338.707234      99.97 1.0857e+03    912.994      21913  1027.6515  1027.6514    33.9409    33.9405    8.22391         26 0.0000e+00
     76.000     75.225    -0.7209  27.672499    -0.7233  27.669933     8.0042     8.0360     1.1834    91.6307 5.3541e-01  -68.03082  -69.28581 338.707250      99.97 1.0790e+03    914.439      21948  1027.6479  1027.6475    33.9419    33.9412    8.22428         40 0.0000e+00
     75.000     74.235    -0.7219  27.672267    -0.7196  27.672199     7.9451     8.0293     1.1995    91.6531 5.8476e-01  -68.03082  -69.28580 338.707279      99.97 1.0514e+03    916.875      22006  1027.6447  1027.6424    33.9434    33.9407    8.22442         35 0.0000e+00
     74.000     73.246    -0.7219  27.670008    -0.7229  27.667479     7.8987     8.0085     1.1717    91.6303 6.3388e-01  -68.03082  -69.28580 338.707296      99.97 1.0388e+03    918.349      22041  1027.6382  1027.6363    33.9410    33.9387    8.22457         26 0.0000e+00
     73.000     72.258    -0.7276  27.662488    -0.7277  27.661111     7.9095     7.9923     1.0779    91.6048 6.8521e-01  -68.03080  -69.28580 338.707307      99.97 1.0351e+03    919.279      22064  1027.6313  1027.6299    33.9378    33.9361    8.22599         20 0.0000e+00
     72.000     71.268    -0.7821  27.608332    -0.7772  27.611818     7.9039     7.9743     1.0718    91.6273 7.3846e-01  -68.03080  -69.28582 338.707316      99.97 1.0326e+03    920.099      22083  1027.6211  1027.6201    33.9265    33.9256    8.23855         19 0.0000e+00
     71.000     70.276    -0.8142  27.577923    -0.8187  27.572758     7.8717     7.9557     1.0654    91.7350 7.9114e-01  -68.03080  -69.28582 338.707325      99.97 1.0309e+03    920.872      22102  1027.6148  1027.6136    33.9220    33.9200    8.24583         19 0.0000e+00
     70.000     69.289    -0.8356  27.557990    -0.8452  27.547754     7.8971     7.9629     1.0543    91.9171 8.4452e-01  -68.03080  -69.28582 338.707334      99.97 1.0292e+03    921.657      22121  1027.6094  1027.6076    33.9196    33.9166    8.25065         18 0.0000e+00
     69.000     68.298    -0.8661  27.531439    -0.8822  27.514346     7.9179     7.9817     1.0744    92.1490 8.9677e-01  -68.03080  -69.28582 338.707345      99.97 1.0273e+03    922.584      22143  1027.6054  1027.6025    33.9186    33.9135    8.25740         25 0.0000e+00
     68.000     67.309    -0.8338  27.560849    -0.8469  27.547838     7.9411     8.0008     1.0056    92.3743 9.5034e-01  -68.03080  -69.28582 338.707364      99.97 1.0250e+03    924.248      22183  1027.6012  1027.5998    33.9227    33.9198    8.25007         31 0.0000e+00
     67.000     66.319    -0.8068  27.584645    -0.7933  27.594828     7.7674     7.9243     1.0524    92.3917 1.0245e+00  -68.03080  -69.28580 338.707394      99.97 1.0236e+03    926.822      22245  1027.5964  1027.5943    33.9252    33.9239    8.24401         35 0.0000e+00
     66.000     65.329    -0.8601  27.532205    -0.8702  27.523349     7.7145     7.8541     0.9636    92.2327 1.1110e+00  -68.03080  -69.28580 338.707406      99.97 1.0225e+03    927.919      22271  1027.5868  1027.5869    33.9147    33.9141    8.25632         23 0.0000e+00
     65.000     64.340    -0.9595  27.441912    -0.9902  27.413752     7.6376     7.8200     0.8784    92.4534 1.1948e+00  -68.03080  -69.28580 338.707416      99.97 1.0225e+03    928.771      22291  1027.5802  1027.5791    33.9046    33.9008    8.27877         20 0.0000e+00
     64.000     63.350    -1.0930  27.326483    -1.0910  27.326985     7.6768     7.8016     0.8032    93.0179 1.2801e+00  -68.03080  -69.28581 338.707426      99.97 1.0215e+03    929.597      22311  1027.5786  1027.5772    33.8984    33.8969    8.30861         20 0.0000e+00
     63.000     62.360    -1.1110  27.309715    -1.1091  27.310362     7.6607     7.7933     0.6908    93.3949 1.3588e+00  -68.03080  -69.28582 338.707436      99.97 1.0207e+03    930.495      22333  1027.5727  1027.5714    33.8966    33.8953    8.31273         23 0.0000e+00
     62.000     61.371    -1.1070  27.312241    -1.1221  27.298521     7.6933     7.7943     0.5873    93.5599 1.4255e+00  -68.03080  -69.28582 338.707448      99.97 1.0195e+03    931.507      22357  1027.5663  1027.5658    33.8960    33.8944    8.31185         26 0.0000e+00
     61.000     60.381    -1.1196  27.301135    -1.1236  27.296812     7.7084     7.7995     0.5857    93.6675 1.4842e+00  -68.03080  -69.28582 338.707460      99.97 1.0189e+03    932.565      22383  1027.5612  1027.5601    33.8957    33.8944    8.31467         25 0.0000e+00
     60.000     59.390    -1.1262  27.295071    -1.1260  27.294130     7.7028     7.7929     0.5953    93.7545 1.5516e+00  -68.03080  -69.28582 338.707473      99.97 1.0189e+03    933.626      22408  1027.5558  1027.5545    33.8955    33.8940    8.31614         26 0.0000e+00
     59.000     58.402    -1.1241  27.297066    -1.1241  27.296006     7.6978     7.8001     0.5872    93.7810 1.6478e+00  -68.03080  -69.28582 338.707486      99.97 1.0189e+03    934.793      22436  1027.5510  1027.5497    33.8966    33.8951    8.31563         29 0.0000e+00
     58.000     57.411    -1.1135  27.306403    -1.1055  27.312116     7.7298     7.8001     0.6014    93.7723 1.7878e+00  -68.03080  -69.28582 338.707505      99.97 1.0176e+03    936.404      22475  1027.5458  1027.5443    33.8979    33.8967    8.31319         41 0.0000e+00
     57.000     56.422    -1.1073  27.311709    -1.1133  27.306141     7.7448     7.8099     0.5954    93.6898 1.9455e+00  -68.03080  -69.28580 338.707528      99.97 1.0172e+03    938.390      22522  1027.5405  1027.5402    33.8988    33.8980    8.31176         33 0.0000e+00
     56.000     55.432    -1.1148  27.304094    -1.1230  27.296158     7.7238     7.7970     0.5497    93.7941 2.0755e+00  -68.03080  -69.28581 338.707543      99.97 1.0172e+03    939.738      22555  1027.5349  1027.5340    33.8975    33.8959    8.31351         27 0.0000e+00
     55.000     54.442    -1.1116  27.307594    -1.1073  27.310156     7.7098     7.7902     0.5060    93.7946 2.2152e+00  -68.03080  -69.28582 338.707555      99.97 1.0165e+03    940.732      22579  1027.5310  1027.5296    33.8992    33.8979    8.31268         22 0.0000e+00
     54.000     53.453    -1.1143  27.302500    -1.1255  27.291152     7.6971     7.7861     0.4934    93.7641 2.3594e+00  -68.03080  -69.28582 338.707565      99.97 1.0154e+03    941.604      22600  1027.5236  1027.5219    33.8960    33.8931    8.31348         20 0.0000e+00
     53.000     52.462    -1.1671  27.253650    -1.1760  27.244458     7.7139     7.7789     0.4683    93.7493 2.5072e+00  -68.03080  -69.28582 338.707575      99.97 1.0154e+03    942.467      22620  1027.5167  1027.5151    33.8895    33.8869    8.32560         21 0.0000e+00
     52.000     51.473    -1.1965  27.224516    -1.1930  27.226073     7.7314     7.7876     0.4685    93.8228 2.6481e+00  -68.03078  -69.28582 338.707586      99.97 1.0154e+03    943.403      22643  1027.5085  1027.5066    33.8835    33.8816    8.33250         25 0.0000e+00
     51.000     50.483    -1.1938  27.223974    -1.1948  27.221588     7.7417     7.8009     0.5244    93.9128 2.7814e+00  -68.03078  -69.28582 338.707599      99.97 1.0154e+03    944.514      22669  1027.5005  1027.4987    33.8803    33.8782    8.33209         29 0.0000e+00
     50.000     49.495    -1.1813  27.232877    -1.1714  27.238933     7.7938     7.8208     0.4782    93.8060 2.9218e+00  -68.03078  -69.28582 338.707614      99.97 1.0154e+03    945.822      22701  1027.4934  1027.4903    33.8790    33.8760    8.32938         32 0.0000e+00
     49.000     48.503    -1.1632  27.246439    -1.1484  27.256719     7.7843     7.8410     0.4888    93.6715 3.1169e+00  -68.03078  -69.28582 338.707628      99.97 1.0154e+03    947.086      22731  1027.4860  1027.4830    33.8776    33.8751    8.32542         28 0.0000e+00
     48.000     47.514    -1.1479  27.258641    -1.1359  27.267190     7.7667     7.8431     0.5353    93.6371 3.3767e+00  -68.03078  -69.28582 338.707642      99.97 1.0154e+03    948.247      22759  1027.4801  1027.4779    33.8777    33.8759    8.32202         28 0.0000e+00
     47.000     46.524    -1.1035  27.294207    -1.0988  27.297079     7.8060     7.8586     0.5440    93.6204 3.6882e+00  -68.03078  -69.28582 338.707657      99.97 1.0154e+03    949.542      22790  1027.4718  1027.4704    33.8768    33.8754    8.31221         35 0.0000e+00
     46.000     45.535    -1.1346  27.273244    -1.0818  27.310119     7.8904     7.9165     0.5578    93.4555 3.9802e+00  -68.03078  -69.28582 338.707677      99.97 1.0155e+03    951.285      22832  1027.4747  1027.4641    33.8839    33.8747    8.31870         35 0.0000e+00
     45.000     44.545    -1.0769  27.316800    -1.0562  27.331663     7.9227     7.9627     0.5827    93.3654 4.2109e+00  -68.03078  -69.28582 338.707694      99.97 1.0166e+03    952.740      22867  1027.4623  1027.4588    33.8789    33.8758    8.30620         27 0.0000e+00
     44.000     43.556    -1.0274  27.356904    -0.9816  27.393914     7.9651     7.9833     0.5820    93.1053 4.4923e+00  -68.03078  -69.28582 338.707705      99.97 1.0155e+03    953.701      22890  1027.4540  1027.4506    33.8783    33.8772    8.29527         20 0.0000e+00
     43.000     42.565    -0.9446  27.424727    -0.9269  27.437445     8.0155     7.9986     0.5897    92.8420 4.8335e+00  -68.03078  -69.28582 338.707714      99.97 1.0154e+03    954.518      22909  1027.4438  1027.4410    33.8780    33.8754    8.27702         20 0.0000e+00
     42.000     41.574    -0.9177  27.444495    -0.9132  27.446125     7.9803     7.9939     0.7237    92.2008 5.2191e+00  -68.03078  -69.28582 338.707724      99.97 1.0154e+03    955.333      22929  1027.4355  1027.4334    33.8752    33.8724    8.27126         20 0.0000e+00
     41.000     40.587    -0.9119  27.447493    -0.9150  27.443233     7.9215     7.9920     0.8021    91.7793 5.6441e+00  -68.03078  -69.28582 338.707735      99.97 1.0161e+03    956.281      22952  1027.4294  1027.4283    33.8734    33.8711    8.27009         26 0.0000e+00
     40.000     39.596    -0.9482  27.417340    -0.9310  27.428496     7.9317     7.9968     0.9800    91.5576 6.0806e+00  -68.03078  -69.28582 338.707750      99.97 1.0172e+03    957.557      22982  1027.4282  1027.4240    33.8739    33.8698    8.27805         36 0.0000e+00
     39.000     38.608    -0.9505  27.416063    -0.9201  27.437398     8.0122     8.0232     0.9177    91.8637 6.5456e+00  -68.03078  -69.28582 338.707768      99.97 1.0181e+03    959.145      23020  1027.4252  1027.4194    33.8754    33.8702    8.27848         32 0.0000e+00
     38.000     37.616    -0.9209  27.438895    -0.8991  27.454071     8.0238     8.0689     1.0249    91.5905 7.1059e+00  -68.03077  -69.28582 338.707785      99.97 1.0189e+03    960.646      23056  1027.4175  1027.4134    33.8737    33.8698    8.27205         33 0.0000e+00
     37.000     36.627    -0.8621  27.483066    -0.8462  27.493911     8.0698     8.0985     0.9991    91.3593 7.7178e+00  -68.03076  -69.28582 338.707800      99.97 1.0188e+03    961.894      23086  1027.4047  1027.4017    33.8681    33.8650    8.25945         27 0.0000e+00
     36.000     35.637    -0.8261  27.509543    -0.8228  27.512718     8.0644     8.1129     0.9928    91.3862 8.3205e+00  -68.03076  -69.28582 338.707812      99.97 1.0174e+03    962.915      23111  1027.3949  1027.3956    33.8642    33.8648    8.25179         23 0.0000e+00
     35.000     34.647    -0.8078  27.524266    -0.7737  27.549547     8.0676     8.1104     1.0293    91.2104 8.9115e+00  -68.03076  -69.28583 338.707823      99.97 1.0173e+03    963.881      23134  1027.3894  1027.3843    33.8643    33.8602    8.24779         23 0.0000e+00
     34.000     33.656    -0.7864  27.540706    -0.7719  27.550028     8.0584     8.1153     1.1827    90.7658 9.4832e+00  -68.03076  -69.28584 338.707835      99.97 1.0189e+03    964.923      23159  1027.3828  1027.3794    33.8631    33.8595    8.24316         28 0.0000e+00
