NBP2113_155081_ctd/data/unbp2113_026.cnv
* Sea-Bird SBE 9 Data File:
* FileName = D:\Data\raw\NBP2113_026.hex
* Software Version Seasave V 7.26.7.121
* Temperature SN = 2438
* Conductivity SN = 2067
* Number of Bytes Per Scan = 40
* Number of Voltage Words = 5
* Number of Scans Averaged by the Deck Unit = 1
* NMEA Latitude = 68 01.82 S
* NMEA Longitude = 069 17.18 W
* NMEA UTC (Time) = Dec 04 2021  00:09:45
* NMEA baud rate = 9600
** Ship: RVIB N.B. Palmer
** Cruise: NBP2113 LTER
** Station: 200.-040
** Operator: S. Blackman
# nquan = 25
# nvalues = 462                         
# units = specified
# name 0 = prDM: Pressure, Digiquartz [db]
# name 1 = depSM: Depth [salt water, m]
# name 2 = t090C: Temperature [ITS-90, deg C]
# name 3 = c0mS/cm: Conductivity [mS/cm]
# name 4 = t190C: Temperature, 2 [ITS-90, deg C]
# name 5 = c1mS/cm: Conductivity, 2 [mS/cm]
# name 6 = sbeox0ML/L: Oxygen, SBE 43 [ml/l]
# name 7 = sbeox1ML/L: Oxygen, SBE 43, 2 [ml/l]
# name 8 = flECO-AFL: Fluorescence, WET Labs ECO-AFL/FL [mg/m^3]
# name 9 = CStarTr0: Beam Transmission, WET Labs C-Star [%]
# name 10 = par: PAR/Irradiance, Biospherical/Licor
# name 11 = latitude: Latitude [deg]
# name 12 = longitude: Longitude [deg]
# name 13 = timeJ: Julian Days
# name 14 = altM: Altimeter [m]
# name 15 = spar: SPAR, Biospherical/Licor
# name 16 = timeS: Time, Elapsed [seconds]
# name 17 = scan: Scan Count
# name 18 = density00: Density [density, kg/m^3]
# name 19 = density11: Density, 2 [density, kg/m^3]
# name 20 = sal00: Salinity, Practical [PSU]
# name 21 = sal11: Salinity, Practical, 2 [PSU]
# name 22 = oxsolML/L: Oxygen Saturation, Garcia & Gordon [ml/l]
# name 23 = nbin: number of scans per bin
# name 24 = flag: flag
# span 0 =      1.000,    462.000       
# span 1 =      0.988,    456.865       
# span 2 =    -1.2327,     1.4052       
# span 3 =  27.181627,  30.200774       
# span 4 =    -1.2336,     1.4053       
# span 5 =  27.176603,  30.199163       
# span 6 =    -5.6839,    29.7610       
# span 7 =     4.0479,    10.4876       
# span 8 =    -0.0200,     2.4389       
# span 9 =    88.8434,    96.9098       
# span 10 = 1.0000e-12, 1.2093e+02      
# span 11 =  -68.02984,  -68.02888      
# span 12 =  -69.29210,  -69.28794      
# span 13 = 338.019570, 338.031518      
# span 14 =      -0.47,     104.33      
# span 15 = 1.1282e+02, 1.6044e+02      
# span 16 =   1105.826,   2138.186      
# span 17 =      26541,      51317      
# span 18 =  1027.1737,  1029.9449      
# span 19 =  1027.1726,  1029.9438      
# span 20 =    33.7863,    34.6922      
# span 21 =    33.7847,    34.6909      
# span 22 =    7.74244,    8.34155      
# span 23 =         11,         45      
# span 24 = 0.0000e+00, 0.0000e+00      
# interval = decibars: 1                
# start_time = Dec 04 2021 00:09:45 [NMEA time, header]
# bad_flag = -9.990e-29
*END*
[from data line 348]
    114.000    112.828    -0.9774  27.504664    -0.9729  27.505484     7.7536     7.7380     0.3824    94.6846 1.0000e-12  -68.02926  -69.29050 338.027068      99.97 1.2852e+02   1753.675      42089  1027.8713  1027.8677    33.9798    33.9758    8.27828         21 0.0000e+00
    113.000    111.839    -0.9761  27.503544    -0.9845  27.493414     7.6978     7.7158     0.4291    94.5375 1.0000e-12  -68.02926  -69.29050 338.027078      99.97 1.2707e+02   1754.544      42110  1027.8646  1027.8617    33.9775    33.9732    8.27814         22 0.0000e+00
    112.000    110.848    -0.9950  27.484227    -1.0111  27.468194     7.6629     7.6936     0.4408    94.3801 1.0000e-12  -68.02926  -69.29050 338.027089      99.97 1.2693e+02   1755.504      42133  1027.8577  1027.8557    33.9731    33.9695    8.28255         25 0.0000e+00
    111.000    109.860    -1.0275  27.454568    -1.0325  27.448676     7.5748     7.6542     0.5123    94.4000 1.0000e-12  -68.02926  -69.29051 338.027104      99.97 1.2693e+02   1756.767      42163  1027.8527  1027.8509    33.9701    33.9677    8.28992         35 0.0000e+00
    110.000    108.870    -1.0332  27.448892    -1.0371  27.443999     7.5490     7.6124     0.4952    94.5012 1.0000e-12  -68.02926  -69.29052 338.027120      99.97 1.2693e+02   1758.190      42198  1027.8476  1027.8459    33.9694    33.9671    8.29122         30 0.0000e+00
    109.000    107.882    -1.0592  27.424571    -1.0615  27.420592     7.5162     7.5833     0.4550    94.5919 1.0000e-12  -68.02926  -69.29052 338.027132      99.97 1.2693e+02   1759.232      42223  1027.8419  1027.8397    33.9662    33.9634    8.29714         22 0.0000e+00
    108.000    106.891    -1.0731  27.409913    -1.0980  27.385561     7.4836     7.5723     0.3999    94.5734 1.0000e-12  -68.02926  -69.29052 338.027142      99.97 1.2693e+02   1760.076      42243  1027.8349  1027.8323    33.9625    33.9574    8.30043         19 0.0000e+00
    107.000    105.901    -1.1015  27.383282    -1.1039  27.379421     7.4973     7.5635     0.3427    94.6834 1.0000e-12  -68.02926  -69.29052 338.027153      99.97 1.2693e+02   1760.990      42265  1027.8289  1027.8268    33.9589    33.9564    8.30693         26 0.0000e+00
    106.000    104.913    -1.0924  27.391568    -1.0902  27.392090     7.5422     7.6017     0.3302    94.6924 1.0000e-12  -68.02926  -69.29051 338.027169      99.97 1.2693e+02   1762.431      42299  1027.8245  1027.8228    33.9606    33.9589    8.30483         37 0.0000e+00
    105.000    103.923    -1.0962  27.387455    -1.0939  27.388356     7.7084     7.6988     0.3836    94.6030 1.0000e-12  -68.02926  -69.29052 338.027189      99.97 1.2693e+02   1764.111      42340  1027.8191  1027.8177    33.9599    33.9585    8.30571         29 0.0000e+00
    104.000    102.934    -1.0827  27.398054    -1.0908  27.389566     7.7915     7.7684     0.3692    94.5533 1.0000e-12  -68.02926  -69.29054 338.027200      99.97 1.2693e+02   1765.064      42363  1027.8130  1027.8116    33.9597    33.9573    8.30273         20 0.0000e+00
    103.000    101.942    -1.0322  27.439826    -1.0254  27.444446     7.7976     7.7782     0.3556    94.4784 1.0000e-12  -68.02926  -69.29054 338.027209      99.97 1.2693e+02   1765.836      42381  1027.8052  1027.8036    33.9602    33.9589    8.29152         18 0.0000e+00
    102.000    100.955    -1.0183  27.449963    -1.0049  27.460328     7.7751     7.7640     0.3795    94.4849 1.0000e-12  -68.02926  -69.29055 338.027218      99.97 1.2693e+02   1766.662      42401  1027.7986  1027.7968    33.9589    33.9579    8.28852         22 0.0000e+00
    101.000     99.964    -1.0451  27.426522    -1.0445  27.427855     7.7423     7.7353     0.4784    94.3208 1.0000e-12  -68.02926  -69.29056 338.027256      99.97 1.2693e+02   1769.882      42478  1027.7950  1027.7958    33.9580    33.9590    8.29452         30 0.0000e+00
    100.000     98.977    -1.0342  27.436857    -1.0435  27.427194     7.7833     7.7565     0.4182    94.3299 1.0000e-12  -68.02926  -69.29054 338.027286      99.97 1.2693e+02   1772.493      42541  1027.7913  1027.7898    33.9603    33.9576    8.29196         22 0.0000e+00
     99.000     97.986    -1.0209  27.445484    -1.0246  27.441881     7.7779     7.7693     0.3800    94.2539 1.0000e-12  -68.02926  -69.29056 338.027294      99.97 1.2693e+02   1773.203      42558  1027.7836  1027.7831    33.9577    33.9569    8.28919         17 0.0000e+00
     98.000     96.995    -1.0302  27.436119    -1.0368  27.428649     7.7618     7.7611     0.4050    94.2737 1.0000e-12  -68.02926  -69.29056 338.027302      99.97 1.2693e+02   1773.875      42574  1027.7782  1027.7763    33.9560    33.9533    8.29133         16 0.0000e+00
     97.000     96.008    -1.0342  27.431880    -1.0489  27.417605     7.7609     7.7559     0.4260    94.2658 1.0000e-12  -68.02926  -69.29056 338.027310      99.97 1.2693e+02   1774.560      42590  1027.7731  1027.7717    33.9553    33.9525    8.29225         17 0.0000e+00
     96.000     95.015    -1.0475  27.419213    -1.0605  27.406553     7.7410     7.7599     0.4494    94.3056 1.0000e-12  -68.02926  -69.29056 338.027319      99.97 1.2693e+02   1775.319      42609  1027.7679  1027.7666    33.9537    33.9511    8.29528         20 0.0000e+00
     95.000     94.029    -1.0467  27.420098    -1.0715  27.396906     7.7221     7.7626     0.5032    94.3856 1.0000e-12  -68.02926  -69.29056 338.027330      99.97 1.2693e+02   1776.294      42632  1027.7638  1027.7624    33.9547    33.9511    8.29506         27 0.0000e+00
     94.000     93.039    -1.0587  27.408506    -1.0487  27.416358     7.7074     7.7577     0.4707    94.4729 1.0000e-12  -68.02925  -69.29058 338.027349      99.97 1.2693e+02   1777.936      42671  1027.7585  1027.7572    33.9530    33.9524    8.29781         42 0.0000e+00
     93.000     92.049    -1.1030  27.366901    -1.1064  27.362506     7.6787     7.7262     0.3616    94.7325 1.0000e-12  -68.02926  -69.29058 338.027415      99.97 1.2693e+02   1783.660      42809  1027.7510  1027.7494    33.9470    33.9448    8.30798         29 0.0000e+00
     92.000     91.059    -1.0776  27.389267    -1.0774  27.388668     7.6845     7.7187     0.3304    94.5206 1.0000e-12  -68.02924  -69.29058 338.027432      99.97 1.2693e+02   1785.117      42844  1027.7463  1027.7455    33.9494    33.9484    8.30220         26 0.0000e+00
     91.000     90.070    -1.1049  27.363226    -1.1054  27.361736     7.6465     7.7110     0.3657    94.5076 1.0000e-12  -68.02924  -69.29058 338.027444      99.97 1.2693e+02   1786.199      42870  1027.7400  1027.7389    33.9453    33.9439    8.30850         28 0.0000e+00
     90.000     89.080    -1.1118  27.356775    -1.1090  27.358127     7.6551     7.7054     0.3840    94.6018 1.0000e-12  -68.02924  -69.29060 338.027462      99.97 1.2693e+02   1787.717      42906  1027.7352  1027.7340    33.9449    33.9436    8.31004         41 0.0000e+00
     89.000     88.090    -1.1169  27.350854    -1.1062  27.359899     7.6509     7.7141     0.4146    94.6479 1.0000e-12  -68.02924  -69.29062 338.027482      99.97 1.2693e+02   1789.482      42949  1027.7292  1027.7287    33.9432    33.9435    8.31128         35 0.0000e+00
     88.000     87.102    -1.1228  27.345216    -1.1195  27.346732     7.6656     7.6922     0.3657    94.6783 1.0000e-12  -68.02924  -69.29062 338.027497      99.97 1.2693e+02   1790.735      42979  1027.7243  1027.7228    33.9429    33.9412    8.31262         29 0.0000e+00
     87.000     86.110    -1.1230  27.344264    -1.1256  27.341007     7.6780     7.7030     0.3158    94.7223 1.0000e-12  -68.02924  -69.29062 338.027546      99.97 1.2591e+02   1794.979      43081  1027.7189  1027.7179    33.9424    33.9409    8.31269         29 0.0000e+00
     86.000     85.122    -1.1287  27.338370    -1.1296  27.336353     7.6554     7.7014     0.2992    94.7280 1.0000e-12  -68.02923  -69.29063 338.027589      99.97 1.2623e+02   1798.670      43169  1027.7135  1027.7122    33.9414    33.9396    8.31401         23 0.0000e+00
     85.000     84.133    -1.1305  27.336198    -1.1316  27.334034     7.6720     7.6988     0.3072    94.7457 1.0000e-12  -68.02922  -69.29064 338.027601      99.97 1.2665e+02   1799.695      43194  1027.7086  1027.7072    33.9411    33.9394    8.31443         24 0.0000e+00
     84.000     83.144    -1.1306  27.335721    -1.1314  27.333810     7.6570     7.7027     0.3333    94.7691 1.0000e-12  -68.02922  -69.29066 338.027643      99.97 1.2520e+02   1803.325      43281  1027.7036  1027.7022    33.9411    33.9394    8.31443         37 0.0000e+00
     83.000     82.154    -1.1388  27.326657    -1.1391  27.325270     7.6660     7.6945     0.3127    94.7610 1.0000e-12  -68.02921  -69.29077 338.027980      99.97 1.2416e+02   1832.474      43980  1027.6967  1027.6955    33.9387    33.9371    8.31641         33 0.0000e+00
     82.000     81.163    -1.1431  27.321505    -1.1437  27.319435     7.6445     7.6923     0.2963    94.7794 1.0000e-12  -68.02920  -69.29082 338.028139      99.97 1.2340e+02   1846.205      44310  1027.6909  1027.6893    33.9371    33.9350    8.31745         30 0.0000e+00
     81.000     80.173    -1.1412  27.322858    -1.1432  27.319775     7.6478     7.6952     0.3153    94.7707 1.0000e-12  -68.02919  -69.29081 338.028181      99.97 1.2340e+02   1849.844      44397  1027.6863  1027.6848    33.9374    33.9354    8.31701         34 0.0000e+00
     80.000     79.185    -1.1447  27.318438    -1.1450  27.317106     7.6421     7.6902     0.2963    94.7695 1.0000e-12  -68.02918  -69.29081 338.028214      99.97 1.2340e+02   1852.655      44465  1027.6805  1027.6793    33.9360    33.9345    8.31788         22 0.0000e+00
     79.000     78.195    -1.1461  27.316285    -1.1459  27.315247     7.6534     7.6880     0.2960    94.7505 1.0000e-12  -68.02918  -69.29082 338.028223      99.97 1.2340e+02   1853.480      44485  1027.6751  1027.6738    33.9352    33.9336    8.31823         22 0.0000e+00
     78.000     77.204    -1.1446  27.316899    -1.1433  27.316930     7.6621     7.6946     0.2959    94.7358 1.0000e-12  -68.02918  -69.29083 338.028267      99.97 1.2340e+02   1857.262      44575  1027.6701  1027.6688    33.9350    33.9336    8.31791         31 0.0000e+00
     77.000     76.215    -1.1403  27.319811    -1.1391  27.319723     7.6640     7.7007     0.3360    94.6923 1.0000e-12  -68.02919  -69.29085 338.028306      99.97 1.2340e+02   1860.655      44657  1027.6648  1027.6635    33.9348    33.9332    8.31698         40 0.0000e+00
     76.000     75.226    -1.1391  27.320158    -1.1392  27.319025     7.6605     7.7033     0.3856    94.6965 1.0000e-12  -68.02918  -69.29088 338.028339      99.97 1.2340e+02   1863.459      44724  1027.6597  1027.6586    33.9345    33.9331    8.31673         38 0.0000e+00
     75.000     74.236    -1.1359  27.320929    -1.1357  27.320172     7.6448     7.6918     0.3726    94.5490 1.0000e-12  -68.02918  -69.29088 338.028363      99.97 1.2340e+02   1865.528      44774  1027.6531  1027.6521    33.9325    33.9312    8.31612         42 0.0000e+00
     74.000     73.247    -1.1539  27.302614    -1.1506  27.304653     7.6285     7.6720     0.3818    94.5736 1.0000e-12  -68.02918  -69.29088 338.028422      99.97 1.2340e+02   1870.655      44897  1027.6462  1027.6452    33.9285    33.9275    8.32036         38 0.0000e+00
     73.000     72.257    -1.1437  27.312286    -1.1457  27.308975     7.6257     7.6678     0.3287    94.5510 1.0000e-12  -68.02918  -69.29088 338.028439      99.97 1.2340e+02   1872.109      44932  1027.6426  1027.6409    33.9308    33.9285    8.31797         32 0.0000e+00
     72.000     71.267    -1.1555  27.300110    -1.1552  27.299421     7.6181     7.6764     0.3627    94.5021 1.2301e-03  -68.02918  -69.29090 338.028458      99.97 1.2340e+02   1873.731      44971  1027.6363  1027.6353    33.9281    33.9268    8.32074         42 0.0000e+00
     71.000     70.278    -1.1639  27.290997    -1.1612  27.292995     7.5892     7.6358     0.3650    94.5372 5.5733e-03  -68.02916  -69.29095 338.028565      99.97 1.2255e+02   1883.013      45193  1027.6299  1027.6294    33.9258    33.9254    8.32275         33 0.0000e+00
     70.000     69.287    -1.1778  27.276471    -1.1825  27.270351     7.5746     7.6228     0.3023    94.5250 7.7137e-03  -68.02914  -69.29104 338.028757      99.97 1.2167e+02   1899.590      45591  1027.6228  1027.6206    33.9223    33.9192    8.32605         32 0.0000e+00
     69.000     68.297    -1.1762  27.277345    -1.1777  27.274838     7.5603     7.6146     0.3176    94.4901 1.2762e-02  -68.02914  -69.29103 338.028828      99.97 1.2164e+02   1905.770      45739  1027.6177  1027.6166    33.9222    33.9206    8.32568         25 0.0000e+00
     68.000     67.308    -1.1917  27.259205    -1.1909  27.258857     7.5477     7.6023     0.3021    94.5100 2.0044e-02  -68.02912  -69.29104 338.028857      99.97 1.2164e+02   1908.226      45798  1027.6086  1027.6074    33.9156    33.9142    8.32953         22 0.0000e+00
     67.000     66.318    -1.1955  27.254224    -1.1995  27.248068     7.5593     7.6053     0.3159    94.5109 2.6434e-02  -68.02912  -69.29104 338.028868      99.97 1.2164e+02   1909.153      45821  1027.6024  1027.5994    33.9137    33.9098    8.33050         25 0.0000e+00
     66.000     65.329    -1.1948  27.254571    -1.1971  27.250322     7.5617     7.6001     0.3662    94.4998 3.0113e-02  -68.02912  -69.29107 338.028889      99.97 1.2160e+02   1911.012      45865  1027.5976  1027.5952    33.9140    33.9107    8.33032         39 0.0000e+00
     65.000     64.340    -1.1986  27.248375    -1.1978  27.248700     7.5856     7.6200     0.3178    94.4927 2.7878e-02  -68.02914  -69.29110 338.028942      99.97 1.2164e+02   1915.561      45974  1027.5900  1027.5895    33.9105    33.9100    8.33138         29 0.0000e+00
     64.000     63.350    -1.1978  27.247734    -1.1981  27.246140     7.5989     7.6273     0.2869    94.4837 3.3472e-02  -68.02912  -69.29112 338.028951      99.97 1.2164e+02   1916.378      45994  1027.5841  1027.5826    33.9093    33.9074    8.33127         22 0.0000e+00
     63.000     62.359    -1.2027  27.238130    -1.2035  27.234837     7.5783     7.6230     0.3278    94.4517 3.9555e-02  -68.02912  -69.29110 338.028963      99.97 1.2164e+02   1917.381      46018  1027.5740  1027.5710    33.9023    33.8986    8.33278         30 0.0000e+00
     62.000     61.371    -1.2008  27.240000    -1.2018  27.237025     7.5925     7.6277     0.3350    94.4283 5.3749e-02  -68.02912  -69.29110 338.029029      99.97 1.2063e+02   1923.137      46156  1027.5697  1027.5674    33.9033    33.9004    8.33228         26 0.0000e+00
     61.000     60.381    -1.2031  27.233530    -1.2034  27.231926     7.5915     7.6273     0.3410    94.3675 6.5400e-02  -68.02912  -69.29112 338.029053      99.97 1.1989e+02   1925.165      46205  1027.5604  1027.5589    33.8976    33.8958    8.33313         31 0.0000e+00
     60.000     59.391    -1.2044  27.231087    -1.2048  27.229629     7.6138     7.6363     0.4002    94.2532 6.9272e-02  -68.02911  -69.29117 338.029163      99.97 1.1988e+02   1934.667      46433  1027.5546  1027.5533    33.8964    33.8949    8.33350         41 0.0000e+00
     59.000     58.399    -1.2077  27.224911    -1.2077  27.223769     7.6168     7.6472     0.4551    94.1843 6.7868e-02  -68.02908  -69.29125 338.029391      99.97 1.1988e+02   1954.399      46907  1027.5466  1027.5453    33.8923    33.8908    8.33448         40 0.0000e+00
     58.000     57.412    -1.2100  27.221775    -1.2093  27.221640     7.6077     7.6582     0.4972    94.1875 7.2658e-02  -68.02908  -69.29123 338.029447      99.97 1.1988e+02   1959.194      47022  1027.5409  1027.5401    33.8912    33.8902    8.33504         43 0.0000e+00
