NBP2113_155081_ctd/data/unbp2113_048.cnv
* Sea-Bird SBE 9 Data File:
* FileName = D:\Data\raw\NBP2113_048.hex
* Software Version Seasave V 7.26.7.121
* Temperature SN = 2438
* Conductivity SN = 2067
* Number of Bytes Per Scan = 40
* Number of Voltage Words = 5
* Number of Scans Averaged by the Deck Unit = 1
* NMEA Latitude = 64 50.77 S
* NMEA Longitude = 064 00.25 W
* NMEA UTC (Time) = Dec 11 2021  07:43:13
* NMEA baud rate = 9600
** Ship: RVIB N.B. Palmer
** Cruise: NBP2113 LTER
** Station: 620.032
** Operator: B. Urmston
# nquan = 25
# nvalues = 397                         
# units = specified
# name 0 = prDM: Pressure, Digiquartz [db]
# name 1 = depSM: Depth [salt water, m]
# name 2 = t090C: Temperature [ITS-90, deg C]
# name 3 = c0mS/cm: Conductivity [mS/cm]
# name 4 = t190C: Temperature, 2 [ITS-90, deg C]
# name 5 = c1mS/cm: Conductivity, 2 [mS/cm]
# name 6 = sbeox0ML/L: Oxygen, SBE 43 [ml/l]
# name 7 = sbeox1ML/L: Oxygen, SBE 43, 2 [ml/l]
# name 8 = flECO-AFL: Fluorescence, WET Labs ECO-AFL/FL [mg/m^3]
# name 9 = CStarTr0: Beam Transmission, WET Labs C-Star [%]
# name 10 = par: PAR/Irradiance, Biospherical/Licor
# name 11 = latitude: Latitude [deg]
# name 12 = longitude: Longitude [deg]
# name 13 = timeJ: Julian Days
# name 14 = altM: Altimeter [m]
# name 15 = spar: SPAR, Biospherical/Licor
# name 16 = timeS: Time, Elapsed [seconds]
# name 17 = scan: Scan Count
# name 18 = density00: Density [density, kg/m^3]
# name 19 = density11: Density, 2 [density, kg/m^3]
# name 20 = sal00: Salinity, Practical [PSU]
# name 21 = sal11: Salinity, Practical, 2 [PSU]
# name 22 = oxsolML/L: Oxygen Saturation, Garcia & Gordon [ml/l]
# name 23 = nbin: number of scans per bin
# name 24 = flag: flag
# span 0 =      1.000,    397.000       
# span 1 =      0.990,    392.736       
# span 2 =    -0.3454,     1.3875       
# span 3 =  27.813713,  30.156227       
# span 4 =    -0.3232,     1.3872       
# span 5 =  27.837731,  30.154738       
# span 6 =     4.1809,     9.5026       
# span 7 =     4.2458,     9.8630       
# span 8 =    -0.0220,     1.8646       
# span 9 =    83.9902,    91.2036       
# span 10 = 1.0000e-12, 6.2505e+01      
# span 11 =  -64.84628,  -64.84602      
# span 12 =  -64.00421,  -64.00378      
# span 13 = 345.333225, 345.343728      
# span 14 =      10.07,     100.65      
# span 15 = 3.8779e+01, 4.5834e+01      
# span 16 =    997.644,   1905.131      
# span 17 =      23944,      45724      
# span 18 =  1027.1111,  1029.6151      
# span 19 =  1027.1091,  1029.6139      
# span 20 =    33.7441,    34.6617      
# span 21 =    33.7421,    34.6602      
# span 22 =    7.74736,    8.15395      
# span 23 =         16,         49      
# span 24 = 0.0000e+00, 0.0000e+00      
# interval = decibars: 1                
# start_time = Dec 11 2021 07:43:13 [NMEA time, header]
# bad_flag = -9.990e-29
*END*
[from data line 116]
    281.000    278.060     1.1689  29.874213     1.1663  29.870248     4.4437     4.5045    -0.0150    91.1416 1.0000e-12  -64.84604  -64.00380 345.336420      99.97 4.4072e+01   1273.693      30570  1029.0461  1029.0446    34.6095    34.6073    7.79341         21 0.0000e+00
    280.000    277.070     1.1672  29.872123     1.1667  29.870470     4.4464     4.5076    -0.0150    91.1850 1.0000e-12  -64.84604  -64.00380 345.336431      99.97 4.4072e+01   1274.666      30593  1029.0414  1029.0402    34.6093    34.6077    7.79376         25 0.0000e+00
    279.000    276.081     1.1664  29.870622     1.1656  29.868593     4.4455     4.5096    -0.0052    91.1873 1.0000e-12  -64.84604  -64.00379 345.336449      99.97 4.4072e+01   1276.196      30630  1029.0365  1029.0351    34.6089    34.6072    7.79395         40 0.0000e+00
    278.000    275.093     1.1657  29.869594     1.1654  29.868070     4.4588     4.5229    -0.0028    91.1800 1.0000e-12  -64.84604  -64.00379 345.336471      99.97 4.4072e+01   1278.073      30675  1029.0319  1029.0306    34.6089    34.6073    7.79409         32 0.0000e+00
    277.000    274.104     1.1619  29.865080     1.1614  29.863637     4.4899     4.5408    -0.0065    91.1688 1.0000e-12  -64.84604  -64.00380 345.336484      99.97 4.4072e+01   1279.189      30702  1029.0268  1029.0258    34.6080    34.6066    7.79490         23 0.0000e+00
    276.000    273.113     1.1522  29.855472     1.1470  29.849108     4.5019     4.5407    -0.0077    91.1848 1.0000e-12  -64.84604  -64.00380 345.336493      99.97 4.4072e+01   1280.016      30721  1029.0221  1029.0208    34.6069    34.6045    7.79688         18 0.0000e+00
    275.000    272.127     1.1421  29.843921     1.1375  29.838058     4.4954     4.5354    -0.0089    91.2036 1.0000e-12  -64.84604  -64.00380 345.336502      99.97 4.4072e+01   1280.775      30740  1029.0161  1029.0146    34.6039    34.6014    7.79906         18 0.0000e+00
    274.000    271.138     1.1328  29.833080     1.1324  29.831685     4.4893     4.5356    -0.0150    91.1931 1.0000e-12  -64.84604  -64.00380 345.336511      99.97 4.4072e+01   1281.562      30758  1029.0097  1029.0087    34.6008    34.5994    7.80107         20 0.0000e+00
    273.000    270.147     1.1353  29.835075     1.1345  29.833027     4.4816     4.5420    -0.0087    91.1865 1.0000e-12  -64.84604  -64.00380 345.336522      99.97 4.4072e+01   1282.519      30781  1029.0050  1029.0037    34.6011    34.5994    7.80055         27 0.0000e+00
    272.000    269.159     1.1412  29.841032     1.1393  29.838015     4.4904     4.5436    -0.0077    91.1885 1.0000e-12  -64.84604  -64.00380 345.336538      99.97 4.4072e+01   1283.877      30814  1029.0011  1028.9997    34.6029    34.6011    7.79929         37 0.0000e+00
    271.000    268.171     1.1380  29.837406     1.1374  29.835352     4.4939     4.5551     0.0012    91.1650 1.0000e-12  -64.84604  -64.00379 345.336557      99.97 4.4072e+01   1285.529      30854  1028.9961  1028.9946    34.6024    34.6004    7.79996         35 0.0000e+00
    270.000    267.181     1.1337  29.832489     1.1323  29.829739     4.5207     4.5763     0.0082    91.1819 1.0000e-12  -64.84604  -64.00379 345.336573      99.97 4.4072e+01   1286.933      30887  1028.9910  1028.9896    34.6014    34.5994    7.80086         31 0.0000e+00
    269.000    266.193     1.1203  29.817415     1.1170  29.813919     4.5535     4.5999    -0.0077    91.1845 1.0000e-12  -64.84604  -64.00378 345.336587      99.97 4.4072e+01   1288.143      30916  1028.9845  1028.9841    34.5974    34.5967    7.80374         27 0.0000e+00
    268.000    265.203     1.1026  29.799599     1.0925  29.787310     4.5828     4.6137     0.0076    91.1749 1.0000e-12  -64.84604  -64.00380 345.336600      99.97 4.4072e+01   1289.238      30943  1028.9793  1028.9766    34.5948    34.5902    7.80743         25 0.0000e+00
    267.000    264.214     1.0838  29.778409     1.0810  29.774269     4.5913     4.6225    -0.0072    91.1625 1.0000e-12  -64.84604  -64.00380 345.336612      99.97 4.4072e+01   1290.258      30967  1028.9717  1028.9701    34.5890    34.5867    7.81150         24 0.0000e+00
    266.000    263.227     1.0757  29.769298     1.0745  29.766667     4.5957     4.6286    -0.0077    91.1645 1.0000e-12  -64.84604  -64.00380 345.336623      99.97 4.4072e+01   1291.239      30991  1028.9658  1028.9642    34.5867    34.5847    7.81322         23 0.0000e+00
    265.000    262.237     1.0681  29.760545     1.0664  29.757988     4.5971     4.6334    -0.0133    91.1644 1.0000e-12  -64.84604  -64.00380 345.336635      99.97 4.4072e+01   1292.253      31015  1028.9600  1028.9589    34.5846    34.5831    7.81487         25 0.0000e+00
    264.000    261.248     1.0664  29.757778     1.0631  29.753455     4.5924     4.6328    -0.0046    91.1565 1.0000e-12  -64.84604  -64.00380 345.336647      99.97 4.4072e+01   1293.313      31041  1028.9543  1028.9530    34.5834    34.5815    7.81526         26 0.0000e+00
    263.000    260.259     1.0654  29.756597     1.0620  29.751778     4.5982     4.6348    -0.0058    91.1567 1.0000e-12  -64.84604  -64.00380 345.336660      99.97 4.4072e+01   1294.425      31067  1028.9496  1028.9479    34.5836    34.5812    7.81546         27 0.0000e+00
    262.000    259.271     1.0613  29.751864     1.0601  29.749282     4.5918     4.6376    -0.0077    91.1459 1.0000e-12  -64.84604  -64.00380 345.336673      99.97 4.4072e+01   1295.574      31095  1028.9444  1028.9428    34.5826    34.5807    7.81632         28 0.0000e+00
    261.000    258.281     1.0572  29.746526     1.0542  29.743202     4.5682     4.6401    -0.0034    91.1532 1.0000e-12  -64.84604  -64.00380 345.336688      99.97 4.4072e+01   1296.858      31126  1028.9385  1028.9380    34.5809    34.5799    7.81723         36 0.0000e+00
    260.000    257.294     1.0661  29.755450     1.0607  29.749168     4.5731     4.6408    -0.0119    91.1567 1.0000e-12  -64.84604  -64.00379 345.336720      99.97 4.4072e+01   1299.599      31191  1028.9344  1028.9332    34.5831    34.5811    7.81534         30 0.0000e+00
    259.000    256.304     1.0648  29.754495     1.0642  29.752723     4.6178     4.6685     0.0057    91.1566 1.0000e-12  -64.84604  -64.00380 345.336752      99.97 4.4072e+01   1302.350      31257  1028.9303  1028.9290    34.5839    34.5823    7.81556         30 0.0000e+00
    258.000    255.314     1.0529  29.741937     1.0505  29.738681     4.6462     4.6819    -0.0067    91.1487 1.0000e-12  -64.84604  -64.00382 345.336763      99.97 4.4072e+01   1303.292      31280  1028.9249  1028.9238    34.5815    34.5800    7.81806         21 0.0000e+00
    257.000    254.326     1.0297  29.717285     1.0253  29.711818     4.6419     4.6850    -0.0030    91.1493 1.0000e-12  -64.84604  -64.00382 345.336772      99.97 4.4072e+01   1304.131      31300  1028.9180  1028.9167    34.5761    34.5740    7.82300         20 0.0000e+00
    256.000    253.335     1.0175  29.702979     1.0144  29.698703     4.6420     4.6797     0.0027    91.1426 1.0000e-12  -64.84604  -64.00382 345.336782      99.97 4.4072e+01   1304.991      31321  1028.9110  1028.9096    34.5718    34.5698    7.82568         22 0.0000e+00
    255.000    252.348     1.0256  29.709854     1.0171  29.699541     4.6352     4.6756     0.0030    91.1127 1.0000e-12  -64.84604  -64.00382 345.336797      99.97 4.4017e+01   1306.266      31351  1028.9057  1028.9034    34.5723    34.5684    7.82404         32 0.0000e+00
    254.000    251.359     1.0535  29.740153     1.0526  29.738743     4.6055     4.6628    -0.0045    91.1448 1.0000e-12  -64.84604  -64.00380 345.336859      99.97 4.3423e+01   1311.598      31479  1028.9048  1028.9041    34.5809    34.5801    7.81798         41 0.0000e+00
    253.000    250.368     1.0352  29.721343     1.0345  29.719614     4.6142     4.6689    -0.0097    91.1507 1.0000e-12  -64.84604  -64.00380 345.336880      99.97 4.3330e+01   1313.391      31522  1028.8992  1028.8981    34.5776    34.5762    7.82182         45 0.0000e+00
    252.000    249.380     1.0304  29.714346     1.0244  29.707124     4.6082     4.6841    -0.0074    91.1587 1.0000e-12  -64.84606  -64.00382 345.336981      99.97 4.2290e+01   1322.178      31733  1028.8921  1028.8904    34.5745    34.5718    7.82295         35 0.0000e+00
    251.000    248.392     1.0052  29.687569     1.0068  29.688359     4.6665     4.7237     0.0043    91.1372 1.0000e-12  -64.84606  -64.00382 345.337219      99.97 4.2309e+01   1342.762      32227  1028.8844  1028.8835    34.5685    34.5677    7.82832         23 0.0000e+00
    250.000    247.402     0.9890  29.670211     0.9857  29.666359     4.6742     4.7256    -0.0005    91.1377 1.0000e-12  -64.84606  -64.00382 345.337223      99.97 4.2309e+01   1343.102      32235  1028.8782  1028.8775    34.5648    34.5634    7.83178         17 0.0000e+00
    249.000    246.413     0.9828  29.663239     0.9809  29.659561     4.6725     4.7230    -0.0079    91.1377 1.0000e-12  -64.84606  -64.00382 345.337231      99.97 4.2309e+01   1343.788      32252  1028.8728  1028.8709    34.5632    34.5606    7.83310         16 0.0000e+00
    248.000    245.424     0.9807  29.660046     0.9801  29.658209     4.6691     4.7210    -0.0012    91.1377 1.0000e-12  -64.84606  -64.00382 345.337239      99.97 4.2309e+01   1344.477      32268  1028.8673  1028.8660    34.5620    34.5603    7.83359         18 0.0000e+00
    247.000    244.435     0.9812  29.659847     0.9814  29.659154     4.6656     4.7268     0.0067    91.1377 1.0000e-12  -64.84606  -64.00382 345.337248      99.97 4.2309e+01   1345.253      32287  1028.8623  1028.8614    34.5617    34.5607    7.83350         20 0.0000e+00
    246.000    243.445     0.9837  29.662464     0.9847  29.661943     4.6705     4.7255     0.0022    91.1260 1.0000e-12  -64.84606  -64.00381 345.337260      99.97 4.2309e+01   1346.301      32312  1028.8582  1028.8567    34.5629    34.5611    7.83293         30 0.0000e+00
    245.000    242.459     0.9813  29.659271     0.9813  29.658335     4.6696     4.7288    -0.0111    91.1279 1.0000e-12  -64.84606  -64.00381 345.337280      99.97 4.2309e+01   1348.028      32354  1028.8530  1028.8520    34.5621    34.5609    7.83347         39 0.0000e+00
    244.000    241.467     0.9816  29.659274     0.9811  29.657597     4.6637     4.7278     0.0032    91.1334 1.0000e-12  -64.84606  -64.00381 345.337303      99.97 4.2309e+01   1349.952      32400  1028.8484  1028.8472    34.5624    34.5608    7.83340         35 0.0000e+00
    243.000    240.479     0.9799  29.657250     0.9797  29.655978     4.6662     4.7289    -0.0018    91.1319 1.0000e-12  -64.84606  -64.00382 345.337317      99.97 4.2309e+01   1351.223      32430  1028.8437  1028.8425    34.5622    34.5608    7.83374         27 0.0000e+00
    242.000    239.491     0.9785  29.655246     0.9781  29.653911     4.6705     4.7263    -0.0083    91.1265 1.0000e-12  -64.84606  -64.00382 345.337329      99.97 4.2309e+01   1352.242      32455  1028.8387  1028.8377    34.5618    34.5604    7.83405         23 0.0000e+00
    241.000    238.500     0.9789  29.655489     0.9781  29.653487     4.6657     4.7233    -0.0046    91.1375 1.0000e-12  -64.84606  -64.00382 345.337341      99.97 4.2309e+01   1353.234      32479  1028.8343  1028.8330    34.5622    34.5605    7.83394         25 0.0000e+00
    240.000    237.512     0.9783  29.654348     0.9776  29.652573     4.6629     4.7278    -0.0004    91.1377 1.0000e-12  -64.84606  -64.00382 345.337354      99.97 4.2309e+01   1354.363      32506  1028.8294  1028.8282    34.5620    34.5604    7.83407         29 0.0000e+00
    239.000    236.523     0.9783  29.653849     0.9774  29.651801     4.6687     4.7366    -0.0046    91.1442 1.0000e-12  -64.84606  -64.00382 345.337368      99.97 4.2309e+01   1355.579      32535  1028.8246  1028.8234    34.5619    34.5603    7.83407         28 0.0000e+00
    238.000    235.534     0.9782  29.653233     0.9777  29.651673     4.6728     4.7307    -0.0077    91.1583 1.0000e-12  -64.84606  -64.00382 345.337380      99.97 4.2309e+01   1356.662      32561  1028.8198  1028.8186    34.5619    34.5604    7.83410         24 0.0000e+00
    237.000    234.544     0.9782  29.652899     0.9776  29.651304     4.6717     4.7306    -0.0047    91.1529 1.0000e-12  -64.84606  -64.00383 345.337391      99.97 4.2309e+01   1357.604      32583  1028.8152  1028.8141    34.5620    34.5606    7.83409         22 0.0000e+00
    236.000    233.557     0.9764  29.650665     0.9755  29.648673     4.6735     4.7357    -0.0004    91.1495 1.0000e-12  -64.84606  -64.00384 345.337402      99.97 4.2309e+01   1358.555      32606  1028.8104  1028.8093    34.5618    34.5602    7.83448         24 0.0000e+00
    235.000    232.566     0.9733  29.646740     0.9724  29.644819     4.6786     4.7398    -0.0031    91.1484 1.0000e-12  -64.84606  -64.00383 345.337415      99.97 4.1594e+01   1359.645      32632  1028.8052  1028.8040    34.5607    34.5591    7.83515         29 0.0000e+00
    234.000    231.578     0.9757  29.648687     0.9707  29.642592     4.6908     4.7449    -0.0044    91.1476 1.0000e-12  -64.84606  -64.00382 345.337430      99.97 4.1570e+01   1360.953      32664  1028.8006  1028.7992    34.5612    34.5588    7.83465         31 0.0000e+00
    233.000    230.589     0.9669  29.639287     0.9637  29.634980     4.6971     4.7529    -0.0053    91.1497 1.0000e-12  -64.84606  -64.00382 345.337445      99.97 4.1767e+01   1362.272      32696  1028.7952  1028.7938    34.5594    34.5573    7.83651         30 0.0000e+00
    232.000    229.598     0.9598  29.631055     0.9574  29.627407     4.6978     4.7533    -0.0077    91.1397 1.0000e-12  -64.84606  -64.00382 345.337459      99.97 4.2310e+01   1363.418      32723  1028.7894  1028.7880    34.5571    34.5551    7.83804         25 0.0000e+00
    231.000    228.610     0.9544  29.624710     0.9542  29.623473     4.7045     4.7631    -0.0077    91.1510 1.0000e-12  -64.84606  -64.00383 345.337471      99.97 4.2309e+01   1364.498      32749  1028.7839  1028.7827    34.5556    34.5542    7.83923         27 0.0000e+00
    230.000    227.622     0.9525  29.622069     0.9511  29.619362     4.6976     4.7672    -0.0077    91.1410 1.0000e-12  -64.84606  -64.00384 345.337485      99.97 4.2309e+01   1365.712      32778  1028.7787  1028.7773    34.5548    34.5530    7.83964         32 0.0000e+00
    229.000    226.631     0.9561  29.625142     0.9496  29.617619     4.7052     4.7695     0.0043    91.1424 1.0000e-12  -64.84606  -64.00384 345.337502      99.97 4.2309e+01   1367.191      32814  1028.7740  1028.7726    34.5554    34.5530    7.83889         38 0.0000e+00
    228.000    225.642     0.9524  29.621102     0.9477  29.614937     4.7270     4.7918    -0.0046    91.1376 1.0000e-12  -64.84606  -64.00384 345.337520      99.97 4.2309e+01   1368.715      32850  1028.7691  1028.7674    34.5549    34.5522    7.83966         34 0.0000e+00
    227.000    224.655     0.9442  29.612205     0.9351  29.601925     4.7513     4.8098    -0.0078    91.1303 1.0000e-12  -64.84606  -64.00384 345.337534      99.97 4.2309e+01   1369.947      32880  1028.7637  1028.7620    34.5531    34.5500    7.84141         25 0.0000e+00
    226.000    223.665     0.9351  29.602955     0.9131  29.577465     4.7733     4.8161    -0.0077    91.1406 1.0000e-12  -64.84606  -64.00384 345.337545      99.97 4.2309e+01   1370.881      32902  1028.7589  1028.7541    34.5519    34.5433    7.84331         20 0.0000e+00
    225.000    222.674     0.9095  29.573471     0.9055  29.568126     4.7790     4.8173    -0.0056    91.1377 1.0000e-12  -64.84606  -64.00384 345.337554      99.97 4.2309e+01   1371.660      32921  1028.7493  1028.7475    34.5428    34.5403    7.84895         18 0.0000e+00
