NBP2113_155081_ctd/data/unbp2113_066.cnv
* Sea-Bird SBE 9 Data File:
* FileName = D:\Data\raw\NBP2113_066.hex
* Software Version Seasave V 7.26.7.121
* Temperature SN = 2438
* Conductivity SN = 2067
* Number of Bytes Per Scan = 40
* Number of Voltage Words = 5
* Number of Scans Averaged by the Deck Unit = 1
* NMEA Latitude = 64 10.22 S
* NMEA Longitude = 061 54.36 W
* NMEA UTC (Time) = Dec 14 2021  16:02:10
* NMEA baud rate = 9600
** Ship: RVIB N.B. Palmer
** Cruise: NBP2113 LTER
** Station: 742.003
** Operator: S. Blackman
# nquan = 25
# nvalues = 774                         
# units = specified
# name 0 = prDM: Pressure, Digiquartz [db]
# name 1 = depSM: Depth [salt water, m]
# name 2 = t090C: Temperature [ITS-90, deg C]
# name 3 = c0mS/cm: Conductivity [mS/cm]
# name 4 = t190C: Temperature, 2 [ITS-90, deg C]
# name 5 = c1mS/cm: Conductivity, 2 [mS/cm]
# name 6 = sbeox0ML/L: Oxygen, SBE 43 [ml/l]
# name 7 = sbeox1ML/L: Oxygen, SBE 43, 2 [ml/l]
# name 8 = flECO-AFL: Fluorescence, WET Labs ECO-AFL/FL [mg/m^3]
# name 9 = CStarTr0: Beam Transmission, WET Labs C-Star [%]
# name 10 = par: PAR/Irradiance, Biospherical/Licor
# name 11 = latitude: Latitude [deg]
# name 12 = longitude: Longitude [deg]
# name 13 = timeJ: Julian Days
# name 14 = altM: Altimeter [m]
# name 15 = spar: SPAR, Biospherical/Licor
# name 16 = timeS: Time, Elapsed [seconds]
# name 17 = scan: Scan Count
# name 18 = density00: Density [density, kg/m^3]
# name 19 = density11: Density, 2 [density, kg/m^3]
# name 20 = sal00: Salinity, Practical [PSU]
# name 21 = sal11: Salinity, Practical, 2 [PSU]
# name 22 = oxsolML/L: Oxygen Saturation, Garcia & Gordon [ml/l]
# name 23 = nbin: number of scans per bin
# name 24 = flag: flag
# span 0 =      1.000,    774.000       
# span 1 =      0.991,    765.030       
# span 2 =    -0.7053,     0.4926       
# span 3 =  28.146436,  28.906654       
# span 4 =    -0.7051,     0.4919       
# span 5 =  28.145917,  28.903653       
# span 6 =     5.5250,     7.7348       
# span 7 =     5.6074,     7.5326       
# span 8 =    -0.0297,     1.0918       
# span 9 =    83.0182,    90.0599       
# span 10 = 1.0000e-12, 9.6430e+02      
# span 11 =  -64.16966,  -64.16752      
# span 12 =  -61.90650,  -61.90474      
# span 13 = 348.684905, 348.704916      
# span 14 =       9.98,     100.46      
# span 15 = 8.8061e+02, 2.4575e+03      
# span 16 =   1445.807,   3174.784      
# span 17 =      34700,      76196      
# span 18 =  1027.3111,  1031.4312      
# span 19 =  1027.3106,  1031.4302      
# span 20 =    34.0337,    34.5482      
# span 21 =    34.0322,    34.5467      
# span 22 =    7.96191,    8.19137      
# span 23 =         14,         49      
# span 24 = 0.0000e+00, 0.0000e+00      
# interval = decibars: 1                
# start_time = Dec 14 2021 16:02:10 [NMEA time, header]
# bad_flag = -9.990e-29
*END*
    774.000    765.030    -0.5661  28.556602    -0.5663  28.555413     5.9917     6.0688    -0.0218    89.7689 1.0000e-12  -64.16964  -61.90518 348.684905       9.98 1.1550e+03   1445.807      34700  1031.4312  1031.4302    34.5362    34.5348    8.15644         37 0.0000e+00
    773.000    764.045    -0.5647  28.557366    -0.5650  28.555996     5.9823     6.0707    -0.0211    89.7686 1.0000e-12  -64.16964  -61.90517 348.684914      10.89 1.1545e+03   1446.610      34720  1031.4265  1031.4253    34.5363    34.5348    8.15615         30 0.0000e+00
    772.000    763.056    -0.5645  28.557136    -0.5649  28.555748     5.9803     6.0702    -0.0273    89.7294 1.0000e-12  -64.16964  -61.90516 348.684929      11.88 1.1529e+03   1447.880      34750  1031.4217  1031.4207    34.5363    34.5349    8.15610         29 0.0000e+00
    771.000    762.070    -0.5648  28.556483    -0.5650  28.555151     5.9821     6.0672    -0.0156    89.7623 1.0000e-12  -64.16964  -61.90516 348.684945      12.77 1.1525e+03   1449.223      34782  1031.4171  1031.4159    34.5363    34.5348    8.15616         33 0.0000e+00
    770.000    761.084    -0.5648  28.555990    -0.5650  28.554770     5.9846     6.0665    -0.0206    89.7472 1.0000e-12  -64.16964  -61.90516 348.684960      14.05 1.1512e+03   1450.550      34814  1031.4124  1031.4113    34.5363    34.5349    8.15617         29 0.0000e+00
    769.000    760.097    -0.5648  28.555586    -0.5650  28.554387     5.9767     6.0650    -0.0174    89.7472 1.0000e-12  -64.16964  -61.90516 348.684975      14.99 1.1512e+03   1451.845      34845  1031.4076  1031.4066    34.5363    34.5349    8.15615         31 0.0000e+00
    768.000    759.111    -0.5648  28.555160    -0.5650  28.553848     5.9845     6.0639    -0.0129    89.7472 1.0000e-12  -64.16964  -61.90516 348.684990      15.83 1.1495e+03   1453.130      34876  1031.4030  1031.4018    34.5363    34.5348    8.15616         31 0.0000e+00
    767.000    758.123    -0.5650  28.554568    -0.5651  28.553295     5.9782     6.0646    -0.0138    89.7507 1.0000e-12  -64.16964  -61.90516 348.685004      16.78 1.1494e+03   1454.382      34906  1031.3983  1031.3971    34.5363    34.5348    8.15620         30 0.0000e+00
    766.000    757.138    -0.5653  28.553858    -0.5654  28.552592     5.9772     6.0673    -0.0143    89.7432 1.0000e-12  -64.16964  -61.90517 348.685020      17.54 1.1491e+03   1455.710      34938  1031.3937  1031.3924    34.5363    34.5348    8.15627         33 0.0000e+00
    765.000    756.151    -0.5654  28.553296    -0.5655  28.552159     5.9735     6.0704    -0.0239    89.7394 1.0000e-12  -64.16966  -61.90518 348.685037      18.79 1.1476e+03   1457.192      34974  1031.3889  1031.3878    34.5363    34.5349    8.15629         37 0.0000e+00
    764.000    755.164    -0.5655  28.552709    -0.5656  28.551564     5.9862     6.0682    -0.0120    89.7520 1.0000e-12  -64.16965  -61.90517 348.685054      19.74 1.1470e+03   1458.644      35008  1031.3842  1031.3831    34.5362    34.5348    8.15632         33 0.0000e+00
    763.000    754.178    -0.5655  28.552253    -0.5657  28.551078     5.9894     6.0668    -0.0164    89.7287 1.0000e-12  -64.16964  -61.90516 348.685068      20.70 1.1459e+03   1459.893      35038  1031.3795  1031.3783    34.5362    34.5348    8.15632         27 0.0000e+00
    762.000    753.191    -0.5656  28.551729    -0.5657  28.550702     5.9859     6.0657    -0.0206    89.6987 1.0000e-12  -64.16964  -61.90516 348.685080      21.77 1.1459e+03   1460.945      35064  1031.3748  1031.3737    34.5362    34.5349    8.15635         24 0.0000e+00
    761.000    752.204    -0.5658  28.551193    -0.5659  28.550056     5.9903     6.0679    -0.0200    89.7598 1.0000e-12  -64.16964  -61.90516 348.685092      22.98 1.1459e+03   1461.945      35088  1031.3701  1031.3690    34.5362    34.5348    8.15637         25 0.0000e+00
    760.000    751.217    -0.5658  28.550806    -0.5661  28.549520     5.9892     6.0703    -0.0209    89.7622 1.0000e-12  -64.16965  -61.90516 348.685105      23.81 1.1459e+03   1463.061      35114  1031.3655  1031.3643    34.5363    34.5349    8.15637         29 0.0000e+00
    759.000    750.232    -0.5658  28.550259    -0.5663  28.548834     5.9981     6.0693    -0.0158    89.7608 1.0000e-12  -64.16966  -61.90518 348.685121      24.83 1.1459e+03   1464.414      35147  1031.3607  1031.3596    34.5362    34.5348    8.15638         32 0.0000e+00
    758.000    749.246    -0.5671  28.548735    -0.5670  28.547671     5.9861     6.0649    -0.0137    89.7605 1.0000e-12  -64.16966  -61.90517 348.685136      25.73 1.1459e+03   1465.779      35180  1031.3561  1031.3549    34.5362    34.5347    8.15666         29 0.0000e+00
    757.000    748.257    -0.5684  28.547111    -0.5680  28.546414     5.9830     6.0702    -0.0206    89.7685 1.0000e-12  -64.16966  -61.90517 348.685151      26.83 1.1459e+03   1467.006      35209  1031.3514  1031.3503    34.5362    34.5348    8.15695         29 0.0000e+00
    756.000    747.271    -0.5700  28.545237    -0.5691  28.545056     5.9901     6.0679    -0.0183    89.7578 1.0000e-12  -64.16966  -61.90518 348.685164      27.77 1.1479e+03   1468.157      35237  1031.3468  1031.3457    34.5360    34.5347    8.15730         27 0.0000e+00
    755.000    746.285    -0.5707  28.544187    -0.5712  28.542729     5.9879     6.0670    -0.0133    89.7890 1.0000e-12  -64.16966  -61.90516 348.685177      28.85 1.1503e+03   1469.279      35264  1031.3421  1031.3410    34.5360    34.5346    8.15745         26 0.0000e+00
    754.000    745.298    -0.5715  28.543052    -0.5713  28.542068     5.9909     6.0643    -0.0092    89.7940 1.0000e-12  -64.16966  -61.90518 348.685190      30.00 1.1502e+03   1470.411      35291  1031.3374  1031.3362    34.5359    34.5344    8.15762         28 0.0000e+00
    753.000    744.311    -0.5715  28.542626    -0.5714  28.541568     5.9939     6.0715    -0.0019    89.7987 1.0000e-12  -64.16966  -61.90517 348.685204      30.52 1.1485e+03   1471.583      35319  1031.3326  1031.3315    34.5359    34.5344    8.15761         29 0.0000e+00
    752.000    743.324    -0.5710  28.542547    -0.5710  28.541504     5.9908     6.0655    -0.0160    89.7987 1.0000e-12  -64.16966  -61.90517 348.685217      31.88 1.1461e+03   1472.769      35347  1031.3278  1031.3268    34.5359    34.5345    8.15752         28 0.0000e+00
    751.000    742.338    -0.5708  28.542359    -0.5710  28.541101     5.9827     6.0692    -0.0218    89.7987 1.0000e-12  -64.16966  -61.90516 348.685231      32.88 1.1435e+03   1473.933      35375  1031.3232  1031.3221    34.5360    34.5345    8.15747         28 0.0000e+00
    750.000    741.351    -0.5708  28.541839    -0.5709  28.540766     5.9858     6.0664    -0.0169    89.7961 1.0000e-12  -64.16966  -61.90516 348.685244      33.89 1.1408e+03   1475.107      35404  1031.3185  1031.3174    34.5359    34.5346    8.15748         29 0.0000e+00
    749.000    740.364    -0.5708  28.541421    -0.5710  28.540169     5.9876     6.0675    -0.0233    89.8013 1.0000e-12  -64.16966  -61.90516 348.685258      35.09 1.1379e+03   1476.326      35433  1031.3138  1031.3126    34.5359    34.5344    8.15748         29 0.0000e+00
    748.000    739.377    -0.5697  28.541930    -0.5704  28.540254     5.9805     6.0642    -0.0221    89.8146 1.0000e-12  -64.16966  -61.90517 348.685272      35.69 1.1360e+03   1477.536      35462  1031.3090  1031.3079    34.5360    34.5345    8.15724         29 0.0000e+00
    747.000    738.390    -0.5686  28.542528    -0.5697  28.540449     5.9723     6.0639    -0.0154    89.8094 1.0000e-12  -64.16966  -61.90517 348.685286      36.58 1.1341e+03   1478.724      35490  1031.3043  1031.3031    34.5361    34.5346    8.15699         29 0.0000e+00
    746.000    737.404    -0.5668  28.543640    -0.5671  28.542443     5.9880     6.0666    -0.0209    89.8070 1.0000e-12  -64.16966  -61.90517 348.685301      37.44 1.1321e+03   1479.971      35520  1031.2994  1031.2984    34.5361    34.5348    8.15660         28 0.0000e+00
    745.000    736.419    -0.5662  28.543776    -0.5665  28.542482     5.9915     6.0690    -0.0266    89.8036 1.0000e-12  -64.16966  -61.90516 348.685315      38.57 1.1308e+03   1481.218      35550  1031.2948  1031.2936    34.5362    34.5348    8.15647         26 0.0000e+00
    744.000    735.429    -0.5659  28.543481    -0.5662  28.542240     5.9860     6.0672    -0.0141    89.8070 1.0000e-12  -64.16966  -61.90516 348.685328      39.87 1.1286e+03   1482.320      35577  1031.2900  1031.2889    34.5361    34.5348    8.15642         25 0.0000e+00
    743.000    734.445    -0.5642  28.544597    -0.5639  28.543795     5.9817     6.0642    -0.0278    89.8092 1.0000e-12  -64.16966  -61.90516 348.685340      40.60 1.1281e+03   1483.371      35602  1031.2852  1031.2840    34.5363    34.5349    8.15604         27 0.0000e+00
    742.000    733.456    -0.5630  28.545237    -0.5636  28.543770     5.9755     6.0621    -0.0225    89.8241 1.0000e-12  -64.16966  -61.90516 348.685353      41.87 1.1265e+03   1484.540      35630  1031.2805  1031.2795    34.5364    34.5351    8.15578         30 0.0000e+00
    741.000    732.471    -0.5623  28.545581    -0.5631  28.543761     5.9784     6.0632    -0.0252    89.7858 1.0000e-12  -64.16966  -61.90516 348.685368      43.05 1.1258e+03   1485.817      35661  1031.2759  1031.2748    34.5365    34.5351    8.15560         28 0.0000e+00
    740.000    731.485    -0.5623  28.545064    -0.5628  28.543654     5.9899     6.0628    -0.0160    89.7961 1.0000e-12  -64.16966  -61.90516 348.685382      44.32 1.1247e+03   1487.046      35690  1031.2712  1031.2701    34.5365    34.5351    8.15561         29 0.0000e+00
    739.000    730.497    -0.5632  28.543788    -0.5635  28.542627     5.9861     6.0608    -0.0183    89.8169 1.0000e-12  -64.16966  -61.90518 348.685396      44.85 1.1232e+03   1488.229      35718  1031.2665  1031.2654    34.5364    34.5351    8.15582         29 0.0000e+00
    738.000    729.509    -0.5646  28.542199    -0.5649  28.540855     5.9733     6.0671    -0.0148    89.8094 1.0000e-12  -64.16966  -61.90516 348.685410      45.63 1.1230e+03   1489.391      35746  1031.2619  1031.2608    34.5364    34.5350    8.15611         27 0.0000e+00
    737.000    728.524    -0.5654  28.540921    -0.5657  28.539634     5.9774     6.0705    -0.0164    89.8054 1.0000e-12  -64.16966  -61.90517 348.685423      46.94 1.1215e+03   1490.525      35774  1031.2572  1031.2560    34.5363    34.5349    8.15630         27 0.0000e+00
    736.000    727.537    -0.5656  28.540334    -0.5660  28.538982     5.9829     6.0687    -0.0140    89.8073 1.0000e-12  -64.16966  -61.90517 348.685436      47.71 1.1212e+03   1491.658      35801  1031.2525  1031.2514    34.5363    34.5349    8.15634         27 0.0000e+00
    735.000    726.550    -0.5654  28.540051    -0.5658  28.538717     5.9902     6.0675    -0.0167    89.8084 1.0000e-12  -64.16966  -61.90517 348.685450      48.79 1.1198e+03   1492.840      35829  1031.2477  1031.2466    34.5363    34.5349    8.15630         29 0.0000e+00
    734.000    725.563    -0.5656  28.539416    -0.5658  28.538290     5.9881     6.0732    -0.0212    89.8013 1.0000e-12  -64.16966  -61.90518 348.685464      49.73 1.1190e+03   1494.112      35860  1031.2430  1031.2419    34.5362    34.5349    8.15634         31 0.0000e+00
    733.000    724.577    -0.5652  28.539353    -0.5656  28.537938     5.9857     6.0675    -0.0193    89.7855 1.0000e-12  -64.16966  -61.90516 348.685479      51.09 1.1177e+03   1495.411      35891  1031.2383  1031.2372    34.5363    34.5349    8.15625         31 0.0000e+00
    732.000    723.590    -0.5651  28.539076    -0.5655  28.537645     5.9764     6.0697    -0.0199    89.7834 1.0000e-12  -64.16966  -61.90517 348.685493      51.97 1.1162e+03   1496.613      35920  1031.2336  1031.2325    34.5363    34.5349    8.15622         27 0.0000e+00
    731.000    722.602    -0.5651  28.538599    -0.5652  28.537519     5.9852     6.0672    -0.0213    89.7958 1.0000e-12  -64.16966  -61.90517 348.685506      52.09 1.1148e+03   1497.752      35947  1031.2289  1031.2278    34.5363    34.5350    8.15623         27 0.0000e+00
    730.000    721.617    -0.5647  28.538488    -0.5649  28.537283     5.9834     6.0657    -0.0198    89.4096 1.0000e-12  -64.16966  -61.90517 348.685519      53.96 1.1141e+03   1498.856      35974  1031.2241  1031.2231    34.5363    34.5349    8.15614         26 0.0000e+00
    729.000    720.628    -0.5645  28.538219    -0.5648  28.537034     5.9892     6.0631    -0.0199    89.7588 1.0000e-12  -64.16966  -61.90516 348.685532      54.42 1.1124e+03   1499.953      36000  1031.2194  1031.2184    34.5363    34.5350    8.15610         27 0.0000e+00
    728.000    719.643    -0.5643  28.538011    -0.5646  28.536682     5.9916     6.0727    -0.0226    89.8008 1.0000e-12  -64.16966  -61.90516 348.685546      55.71 1.1110e+03   1501.135      36028  1031.2147  1031.2136    34.5364    34.5349    8.15604         29 0.0000e+00
    727.000    718.657    -0.5630  28.538639    -0.5634  28.537249     5.9798     6.0701    -0.0238    89.7559 1.0000e-12  -64.16966  -61.90516 348.685560      56.64 1.1094e+03   1502.387      36058  1031.2100  1031.2089    34.5364    34.5350    8.15578         31 0.0000e+00
    726.000    717.669    -0.5623  28.538776    -0.5624  28.537762     5.9704     6.0646    -0.0242    89.8009 1.0000e-12  -64.16966  -61.90516 348.685574      58.18 1.1079e+03   1503.614      36088  1031.2051  1031.2041    34.5363    34.5351    8.15562         28 0.0000e+00
    725.000    716.682    -0.5600  28.540268    -0.5603  28.539105     5.9822     6.0645    -0.0229    89.8138 1.0000e-12  -64.16966  -61.90516 348.685588      58.86 1.1065e+03   1504.796      36116  1031.2002  1031.1992    34.5363    34.5351    8.15513         29 0.0000e+00
    724.000    715.695    -0.5584  28.541432    -0.5577  28.541015     5.9849     6.0635    -0.0192    89.8036 1.0000e-12  -64.16966  -61.90516 348.685601      59.91 1.1052e+03   1505.939      36144  1031.1956  1031.1945    34.5366    34.5353    8.15476         27 0.0000e+00
    723.000    714.707    -0.5580  28.541356    -0.5579  28.540421     5.9884     6.0625    -0.0207    89.8072 1.0000e-12  -64.16966  -61.90516 348.685615      60.30 1.1036e+03   1507.131      36172  1031.1910  1031.1899    34.5367    34.5354    8.15468         30 0.0000e+00
    722.000    713.723    -0.5575  28.541308    -0.5584  28.539584     5.9771     6.0656    -0.0274    89.8195 1.0000e-12  -64.16966  -61.90518 348.685630      62.00 1.1029e+03   1508.428      36203  1031.1862  1031.1852    34.5367    34.5354    8.15457         31 0.0000e+00
    721.000    712.734    -0.5570  28.541436    -0.5573  28.540114     5.9796     6.0698    -0.0151    89.8087 1.0000e-12  -64.16966  -61.90517 348.685644      62.88 1.1018e+03   1509.660      36233  1031.1815  1031.1805    34.5368    34.5354    8.15444         28 0.0000e+00
    720.000    711.750    -0.5572  28.540833    -0.5573  28.539647     5.9827     6.0722    -0.0291    89.7985 1.0000e-12  -64.16966  -61.90517 348.685657      62.94 1.1003e+03   1510.773      36260  1031.1769  1031.1757    34.5368    34.5353    8.15449         25 0.0000e+00
    719.000    710.759    -0.5579  28.539652    -0.5580  28.538624     5.9881     6.0655    -0.0210    89.8175 1.0000e-12  -64.16966  -61.90517 348.685669      64.36 1.1000e+03   1511.830      36285  1031.1722  1031.1712    34.5367    34.5355    8.15466         24 0.0000e+00
    718.000    709.775    -0.5579  28.539228    -0.5581  28.538026     5.9898     6.0635    -0.0189    89.8199 1.0000e-12  -64.16966  -61.90518 348.685682      65.35 1.0983e+03   1512.945      36312  1031.1675  1031.1664    34.5367    34.5353    8.15465         29 0.0000e+00
