NBP2113_155081_ctd/data/unbp2113_008.cnv
* Sea-Bird SBE 9 Data File:
* FileName = D:\Data\raw\NBP2113_008.hex
* Software Version Seasave V 7.26.7.121
* Temperature SN = 2438
* Conductivity SN = 2067
* Number of Bytes Per Scan = 40
* Number of Voltage Words = 5
* Number of Scans Averaged by the Deck Unit = 1
* NMEA Latitude = 64 55.99 S
* NMEA Longitude = 064 24.05 W
* NMEA UTC (Time) = Nov 25 2021  04:33:36
* NMEA baud rate = 9600
** Ship: RVIB N.B. Palmer
** Cruise: NBP2113 LTER
** Station: 600.040
** Operator: B. Urmston
# nquan = 25
# nvalues = 1295                        
# units = specified
# name 0 = prDM: Pressure, Digiquartz [db]
# name 1 = depSM: Depth [salt water, m]
# name 2 = t090C: Temperature [ITS-90, deg C]
# name 3 = c0mS/cm: Conductivity [mS/cm]
# name 4 = t190C: Temperature, 2 [ITS-90, deg C]
# name 5 = c1mS/cm: Conductivity, 2 [mS/cm]
# name 6 = sbeox0ML/L: Oxygen, SBE 43 [ml/l]
# name 7 = sbeox1ML/L: Oxygen, SBE 43, 2 [ml/l]
# name 8 = flECO-AFL: Fluorescence, WET Labs ECO-AFL/FL [mg/m^3]
# name 9 = CStarTr0: Beam Transmission, WET Labs C-Star [%]
# name 10 = par: PAR/Irradiance, Biospherical/Licor
# name 11 = latitude: Latitude [deg]
# name 12 = longitude: Longitude [deg]
# name 13 = timeJ: Julian Days
# name 14 = altM: Altimeter [m]
# name 15 = spar: SPAR, Biospherical/Licor
# name 16 = timeS: Time, Elapsed [seconds]
# name 17 = scan: Scan Count
# name 18 = density00: Density [density, kg/m^3]
# name 19 = density11: Density, 2 [density, kg/m^3]
# name 20 = sal00: Salinity, Practical [PSU]
# name 21 = sal11: Salinity, Practical, 2 [PSU]
# name 22 = oxsolML/L: Oxygen Saturation, Garcia & Gordon [ml/l]
# name 23 = nbin: number of scans per bin
# name 24 = flag: flag
# span 0 =      1.000,   1295.000       
# span 1 =      0.991,   1278.334       
# span 2 =    -0.7757,     1.4982       
# span 3 =  27.458468,  30.658010       
# span 4 =    -0.7751,     1.4984       
# span 5 =  27.458170,  30.657040       
# span 6 =     4.0518,     8.2576       
# span 7 =     4.0872,     8.1281       
# span 8 =    -0.0220,     1.3802       
# span 9 =    91.8358,    98.1624       
# span 10 = 1.0000e-12, 5.7581e+00      
# span 11 =  -64.93344,  -64.93266      
# span 12 =  -64.40226,  -64.40188      
# span 13 = 329.215638, 329.241351      
# span 14 =       9.01,     100.21      
# span 15 = 0.0000e+00, 0.0000e+00      
# span 16 =   2215.150,   4436.767      
# span 17 =      53165,     106483      
# span 18 =  1027.1448,  1033.7850      
# span 19 =  1027.1439,  1033.7838      
# span 20 =    33.7600,    34.6787      
# span 21 =    33.7590,    34.6771      
# span 22 =    7.72471,    8.24682      
# span 23 =         16,         51      
# span 24 = 0.0000e+00, 0.0000e+00      
# interval = decibars: 1                
# start_time = Nov 25 2021 04:33:36 [NMEA time, header]
# bad_flag = -9.990e-29
*END*
[from data line 464]
    831.000    821.214     1.4469  30.408253     1.4469  30.407161     4.1338     4.1557    -0.0080    98.0385 1.0000e-12  -64.93284  -64.40216 329.223389      99.98 0.0000e+00   2884.820      69237  1031.6420  1031.6409    34.6713    34.6699    7.73515         24 0.0000e+00
    830.000    820.226     1.4466  30.407429     1.4466  30.406356     4.1431     4.1560     0.0021    98.0398 1.0000e-12  -64.93284  -64.40217 329.223400      99.97 0.0000e+00   2885.757      69259  1031.6372  1031.6362    34.6711    34.6698    7.73522         21 0.0000e+00
    829.000    819.240     1.4465  30.406822     1.4465  30.405819     4.1475     4.1542    -0.0050    98.0421 1.0000e-12  -64.93284  -64.40218 329.223410      99.98 0.0000e+00   2886.645      69280  1031.6325  1031.6315    34.6710    34.6697    7.73524         22 0.0000e+00
    828.000    818.253     1.4464  30.406376     1.4464  30.405289     4.1462     4.1553    -0.0056    98.0272 1.0000e-12  -64.93284  -64.40218 329.223421      99.98 0.0000e+00   2887.580      69303  1031.6280  1031.6269    34.6711    34.6698    7.73526         24 0.0000e+00
    827.000    817.268     1.4463  30.405803     1.4465  30.404936     4.1427     4.1528    -0.0121    98.0140 1.0000e-12  -64.93284  -64.40218 329.223434      99.97 0.0000e+00   2888.698      69330  1031.6234  1031.6222    34.6711    34.6698    7.73529         30 0.0000e+00
    826.000    816.282     1.4464  30.405440     1.4464  30.404445     4.1468     4.1521    -0.0004    98.0404 1.0000e-12  -64.93284  -64.40216 329.223451      99.98 0.0000e+00   2890.188      69365  1031.6187  1031.6176    34.6711    34.6698    7.73527         39 0.0000e+00
    825.000    815.295     1.4462  30.404901     1.4463  30.403963     4.1402     4.1524    -0.0114    98.0386 1.0000e-12  -64.93284  -64.40216 329.223471      99.98 0.0000e+00   2891.862      69406  1031.6141  1031.6130    34.6711    34.6699    7.73530         36 0.0000e+00
    824.000    814.309     1.4461  30.404340     1.4462  30.403391     4.1481     4.1535    -0.0186    98.0464 1.0000e-12  -64.93284  -64.40216 329.223487      99.98 0.0000e+00   2893.292      69440  1031.6094  1031.6084    34.6711    34.6698    7.73532         30 0.0000e+00
    823.000    813.322     1.4460  30.403741     1.4460  30.402779     4.1414     4.1575    -0.0056    98.0485 1.0000e-12  -64.93284  -64.40216 329.223501      99.98 0.0000e+00   2894.450      69468  1031.6047  1031.6038    34.6711    34.6699    7.73535         26 0.0000e+00
    822.000    812.336     1.4457  30.403050     1.4458  30.402004     4.1472     4.1581    -0.0140    98.0575 1.0000e-12  -64.93284  -64.40216 329.223512      99.98 0.0000e+00   2895.449      69492  1031.6000  1031.5990    34.6710    34.6697    7.73540         23 0.0000e+00
    821.000    811.351     1.4457  30.402699     1.4458  30.401581     4.1491     4.1563    -0.0041    98.0550 1.0000e-12  -64.93284  -64.40216 329.223523      99.98 0.0000e+00   2896.390      69514  1031.5955  1031.5943    34.6711    34.6696    7.73539         22 0.0000e+00
    820.000    810.363     1.4456  30.402227     1.4458  30.401231     4.1433     4.1549    -0.0045    98.0542 1.0000e-12  -64.93284  -64.40216 329.223534      99.98 0.0000e+00   2897.336      69537  1031.5909  1031.5898    34.6712    34.6698    7.73541         23 0.0000e+00
    819.000    809.377     1.4456  30.401765     1.4457  30.400730     4.1471     4.1534     0.0010    98.0426 1.0000e-12  -64.93284  -64.40216 329.223546      99.98 0.0000e+00   2898.347      69561  1031.5863  1031.5852    34.6712    34.6698    7.73541         26 0.0000e+00
    818.000    808.391     1.4455  30.401268     1.4456  30.400231     4.1496     4.1517    -0.0016    98.0420 1.0000e-12  -64.93284  -64.40216 329.223559      99.98 0.0000e+00   2899.504      69589  1031.5816  1031.5805    34.6712    34.6698    7.73543         30 0.0000e+00
    817.000    807.405     1.4455  30.400725     1.4457  30.399770     4.1469     4.1539    -0.0045    98.0250 1.0000e-12  -64.93284  -64.40216 329.223576      99.98 0.0000e+00   2900.938      69624  1031.5769  1031.5758    34.6710    34.6697    7.73544         39 0.0000e+00
    816.000    806.418     1.4455  30.400251     1.4455  30.399290     4.1496     4.1539    -0.0047    98.0275 1.0000e-12  -64.93286  -64.40216 329.223596      99.98 0.0000e+00   2902.665      69665  1031.5723  1031.5713    34.6710    34.6698    7.73545         39 0.0000e+00
    815.000    805.432     1.4453  30.399649     1.4455  30.398825     4.1422     4.1607     0.0032    98.0605 1.0000e-12  -64.93286  -64.40216 329.223613      99.98 0.0000e+00   2904.175      69701  1031.5676  1031.5666    34.6710    34.6698    7.73548         29 0.0000e+00
    814.000    804.445     1.4453  30.399234     1.4454  30.398165     4.1500     4.1574    -0.0052    98.0592 1.0000e-12  -64.93286  -64.40216 329.223626      99.98 0.0000e+00   2905.318      69729  1031.5631  1031.5619    34.6711    34.6697    7.73549         25 0.0000e+00
    813.000    803.459     1.4451  30.398646     1.4452  30.397611     4.1480     4.1559    -0.0054    98.0549 1.0000e-12  -64.93284  -64.40216 329.223638      99.98 0.0000e+00   2906.285      69752  1031.5584  1031.5573    34.6711    34.6697    7.73552         22 0.0000e+00
    812.000    802.474     1.4450  30.398104     1.4450  30.397051     4.1494     4.1540    -0.0134    98.0408 1.0000e-12  -64.93284  -64.40216 329.223648      99.98 0.0000e+00   2907.198      69774  1031.5538  1031.5527    34.6711    34.6697    7.73554         22 0.0000e+00
    811.000    801.486     1.4449  30.397540     1.4449  30.396507     4.1503     4.1569    -0.0138    98.0526 1.0000e-12  -64.93284  -64.40216 329.223659      99.98 0.0000e+00   2908.151      69797  1031.5491  1031.5481    34.6710    34.6698    7.73556         24 0.0000e+00
    810.000    800.499     1.4448  30.397009     1.4448  30.395925     4.1518     4.1568    -0.0142    98.0377 1.0000e-12  -64.93286  -64.40216 329.223672      99.98 0.0000e+00   2909.225      69822  1031.5445  1031.5434    34.6710    34.6697    7.73558         28 0.0000e+00
    809.000    799.514     1.4447  30.396565     1.4448  30.395525     4.1462     4.1628    -0.0076    98.0501 1.0000e-12  -64.93286  -64.40216 329.223687      99.98 0.0000e+00   2910.522      69854  1031.5399  1031.5388    34.6711    34.6697    7.73559         33 0.0000e+00
    808.000    798.527     1.4447  30.396018     1.4448  30.395056     4.1497     4.1582    -0.0116    98.0383 1.0000e-12  -64.93286  -64.40216 329.223703      99.98 0.0000e+00   2911.962      69888  1031.5352  1031.5341    34.6710    34.6697    7.73560         33 0.0000e+00
    807.000    797.540     1.4445  30.395394     1.4448  30.394580     4.1522     4.1564    -0.0041    98.0465 1.0000e-12  -64.93286  -64.40216 329.223720      99.98 0.0000e+00   2913.393      69922  1031.5305  1031.5294    34.6710    34.6697    7.73564         33 0.0000e+00
    806.000    796.556     1.4444  30.394893     1.4446  30.394005     4.1429     4.1557    -0.0042    98.0603 1.0000e-12  -64.93286  -64.40216 329.223735      99.97 0.0000e+00   2914.719      69954  1031.5259  1031.5248    34.6710    34.6696    7.73566         31 0.0000e+00
    805.000    795.567     1.4443  30.394324     1.4444  30.393388     4.1520     4.1548    -0.0038    98.0488 1.0000e-12  -64.93286  -64.40216 329.223749      99.98 0.0000e+00   2915.930      69983  1031.5213  1031.5202    34.6710    34.6697    7.73569         28 0.0000e+00
    804.000    794.583     1.4441  30.393652     1.4442  30.392725     4.1443     4.1548    -0.0035    98.0634 1.0000e-12  -64.93286  -64.40216 329.223762      99.98 0.0000e+00   2917.068      70011  1031.5166  1031.5155    34.6708    34.6696    7.73572         26 0.0000e+00
    803.000    793.595     1.4440  30.393171     1.4440  30.392142     4.1429     4.1549     0.0011    98.0633 1.0000e-12  -64.93286  -64.40216 329.223775      99.98 0.0000e+00   2918.141      70036  1031.5120  1031.5109    34.6709    34.6696    7.73575         25 0.0000e+00
    802.000    792.609     1.4440  30.392718     1.4440  30.391666     4.1473     4.1550    -0.0092    98.0571 1.0000e-12  -64.93286  -64.40216 329.223787      99.98 0.0000e+00   2919.169      70061  1031.5073  1031.5062    34.6709    34.6696    7.73575         25 0.0000e+00
    801.000    791.623     1.4440  30.392263     1.4440  30.391237     4.1500     4.1529    -0.0135    98.0490 1.0000e-12  -64.93286  -64.40216 329.223799      99.98 0.0000e+00   2920.197      70086  1031.5027  1031.5016    34.6709    34.6696    7.73575         25 0.0000e+00
    800.000    790.636     1.4439  30.391792     1.4439  30.390735     4.1533     4.1555    -0.0078    98.0469 1.0000e-12  -64.93286  -64.40216 329.223811      99.98 0.0000e+00   2921.286      70112  1031.4981  1031.4970    34.6710    34.6696    7.73576         28 0.0000e+00
    799.000    789.651     1.4439  30.391285     1.4438  30.390253     4.1497     4.1578    -0.0113    98.0411 1.0000e-12  -64.93286  -64.40216 329.223826      99.98 0.0000e+00   2922.541      70142  1031.4934  1031.4924    34.6709    34.6697    7.73577         32 0.0000e+00
    798.000    788.663     1.4439  30.390885     1.4438  30.389795     4.1558     4.1601     0.0023    98.0420 1.0000e-12  -64.93286  -64.40216 329.223843      99.98 0.0000e+00   2924.022      70178  1031.4887  1031.4877    34.6709    34.6696    7.73576         38 0.0000e+00
    797.000    787.677     1.4437  30.390229     1.4437  30.389243     4.1466     4.1569    -0.0015    98.0495 1.0000e-12  -64.93286  -64.40216 329.223860      99.98 0.0000e+00   2925.493      70213  1031.4841  1031.4831    34.6709    34.6697    7.73581         33 0.0000e+00
    796.000    786.691     1.4436  30.389766     1.4436  30.388694     4.1526     4.1556    -0.0112    98.0784 1.0000e-12  -64.93286  -64.40216 329.223875      99.98 0.0000e+00   2926.785      70244  1031.4795  1031.4784    34.6709    34.6696    7.73582         28 0.0000e+00
    795.000    785.705     1.4435  30.389333     1.4435  30.388168     4.1541     4.1555    -0.0069    98.0663 1.0000e-12  -64.93286  -64.40216 329.223888      99.98 0.0000e+00   2927.954      70272  1031.4749  1031.4738    34.6710    34.6696    7.73583         27 0.0000e+00
    794.000    784.718     1.4435  30.388748     1.4435  30.387697     4.1519     4.1541    -0.0057    98.0583 1.0000e-12  -64.93286  -64.40216 329.223901      99.98 0.0000e+00   2929.072      70299  1031.4701  1031.4691    34.6709    34.6696    7.73584         26 0.0000e+00
    793.000    783.732     1.4434  30.388198     1.4434  30.387188     4.1528     4.1550     0.0010    98.0375 1.0000e-12  -64.93286  -64.40216 329.223914      99.98 0.0000e+00   2930.151      70325  1031.4655  1031.4645    34.6708    34.6696    7.73586         26 0.0000e+00
    792.000    782.744     1.4434  30.387682     1.4434  30.386712     4.1510     4.1539     0.0026    98.0386 1.0000e-12  -64.93286  -64.40216 329.223926      99.98 0.0000e+00   2931.173      70349  1031.4608  1031.4598    34.6708    34.6695    7.73588         24 0.0000e+00
    791.000    781.759     1.4431  30.387026     1.4431  30.386069     4.1439     4.1578     0.0021    98.0520 1.0000e-12  -64.93286  -64.40216 329.223937      99.98 0.0000e+00   2932.166      70373  1031.4562  1031.4552    34.6708    34.6695    7.73593         23 0.0000e+00
    790.000    780.772     1.4426  30.386100     1.4428  30.385165     4.1401     4.1602    -0.0004    98.0474 1.0000e-12  -64.93286  -64.40216 329.223949      99.98 0.0000e+00   2933.198      70398  1031.4515  1031.4505    34.6707    34.6694    7.73603         26 0.0000e+00
    789.000    779.785     1.4424  30.385550     1.4431  30.385092     4.1471     4.1593    -0.0053    98.0321 1.0000e-12  -64.93286  -64.40216 329.223963      99.98 0.0000e+00   2934.418      70427  1031.4470  1031.4459    34.6708    34.6695    7.73606         31 0.0000e+00
    788.000    778.800     1.4428  30.385465     1.4429  30.384500     4.1532     4.1580    -0.0100    98.0461 1.0000e-12  -64.93286  -64.40216 329.223983      99.98 0.0000e+00   2936.141      70468  1031.4423  1031.4413    34.6708    34.6695    7.73599         41 0.0000e+00
    787.000    777.812     1.4425  30.384679     1.4428  30.384022     4.1532     4.1584    -0.0046    98.0162 1.0000e-12  -64.93286  -64.40216 329.224003      99.98 0.0000e+00   2937.866      70510  1031.4376  1031.4367    34.6707    34.6695    7.73605         33 0.0000e+00
    786.000    776.827     1.4422  30.383926     1.4425  30.383199     4.1443     4.1615    -0.0047    98.0315 1.0000e-12  -64.93286  -64.40216 329.224016      99.98 0.0000e+00   2939.020      70537  1031.4329  1031.4319    34.6706    34.6694    7.73611         24 0.0000e+00
    785.000    775.840     1.4420  30.383239     1.4420  30.382327     4.1433     4.1591    -0.0060    98.0561 1.0000e-12  -64.93286  -64.40216 329.224027      99.98 0.0000e+00   2939.931      70559  1031.4282  1031.4273    34.6705    34.6693    7.73616         21 0.0000e+00
    784.000    774.852     1.4418  30.382656     1.4418  30.381566     4.1446     4.1607    -0.0044    98.0463 1.0000e-12  -64.93286  -64.40216 329.224037      99.98 0.0000e+00   2940.770      70579  1031.4236  1031.4226    34.6706    34.6692    7.73619         20 0.0000e+00
    783.000    773.867     1.4417  30.382111     1.4417  30.381014     4.1522     4.1602    -0.0045    98.0387 1.0000e-12  -64.93286  -64.40216 329.224047      99.98 0.0000e+00   2941.655      70601  1031.4190  1031.4179    34.6706    34.6691    7.73622         23 0.0000e+00
    782.000    772.880     1.4416  30.381591     1.4415  30.380465     4.1572     4.1587    -0.0044    98.0597 1.0000e-12  -64.93286  -64.40216 329.224060      99.98 0.0000e+00   2942.749      70627  1031.4143  1031.4133    34.6705    34.6692    7.73623         29 0.0000e+00
    781.000    771.894     1.4417  30.381174     1.4417  30.380135     4.1483     4.1572    -0.0095    98.0563 1.0000e-12  -64.93286  -64.40216 329.224078      99.98 0.0000e+00   2944.336      70665  1031.4096  1031.4086    34.6705    34.6692    7.73622         39 0.0000e+00
    780.000    770.908     1.4414  30.380464     1.4416  30.379656     4.1574     4.1562    -0.0139    98.0522 1.0000e-12  -64.93286  -64.40216 329.224097      99.98 0.0000e+00   2945.999      70705  1031.4050  1031.4040    34.6705    34.6692    7.73629         32 0.0000e+00
    779.000    769.920     1.4411  30.379743     1.4413  30.378889     4.1594     4.1539    -0.0082    98.0394 1.0000e-12  -64.93286  -64.40216 329.224111      99.98 0.0000e+00   2947.222      70734  1031.4003  1031.3994    34.6704    34.6692    7.73634         27 0.0000e+00
    778.000    768.934     1.4401  30.378235     1.4406  30.377671     4.1477     4.1564     0.0030    98.0419 1.0000e-12  -64.93286  -64.40216 329.224123      99.98 0.0000e+00   2948.245      70759  1031.3956  1031.3946    34.6701    34.6689    7.73655         23 0.0000e+00
    777.000    767.949     1.4396  30.377206     1.4395  30.376222     4.1499     4.1557     0.0017    98.0546 1.0000e-12  -64.93286  -64.40216 329.224134      99.98 0.0000e+00   2949.224      70782  1031.3909  1031.3899    34.6700    34.6688    7.73667         24 0.0000e+00
    776.000    766.961     1.4393  30.376646     1.4394  30.375636     4.1533     4.1569    -0.0064    98.0683 1.0000e-12  -64.93286  -64.40216 329.224147      99.98 0.0000e+00   2950.269      70807  1031.3863  1031.3853    34.6701    34.6688    7.73670         27 0.0000e+00
    775.000    765.974     1.4393  30.376147     1.4393  30.375026     4.1547     4.1615    -0.0062    98.0644 1.0000e-12  -64.93286  -64.40216 329.224161      99.98 0.0000e+00   2951.470      70836  1031.3817  1031.3806    34.6701    34.6687    7.73672         29 0.0000e+00
