NBP2113_155081_ctd/data/unbp2113_047.cnv
* Sea-Bird SBE 9 Data File:
* FileName = D:\Data\raw\NBP2113_047.hex
* Software Version Seasave V 7.26.7.121
* Temperature SN = 2438
* Conductivity SN = 2067
* Number of Bytes Per Scan = 40
* Number of Voltage Words = 5
* Number of Scans Averaged by the Deck Unit = 1
* NMEA Latitude = 64 51.26 S
* NMEA Longitude = 063 55.07 W
* NMEA UTC (Time) = Dec 11 2021  06:38:06
* NMEA baud rate = 9600
** Ship: RVIB N.B. Palmer
** Cruise: NBP2113 LTER
** Station: 622.029
** Operator: B. Urmston
# nquan = 25
# nvalues = 398                         
# units = specified
# name 0 = prDM: Pressure, Digiquartz [db]
# name 1 = depSM: Depth [salt water, m]
# name 2 = t090C: Temperature [ITS-90, deg C]
# name 3 = c0mS/cm: Conductivity [mS/cm]
# name 4 = t190C: Temperature, 2 [ITS-90, deg C]
# name 5 = c1mS/cm: Conductivity, 2 [mS/cm]
# name 6 = sbeox0ML/L: Oxygen, SBE 43 [ml/l]
# name 7 = sbeox1ML/L: Oxygen, SBE 43, 2 [ml/l]
# name 8 = flECO-AFL: Fluorescence, WET Labs ECO-AFL/FL [mg/m^3]
# name 9 = CStarTr0: Beam Transmission, WET Labs C-Star [%]
# name 10 = par: PAR/Irradiance, Biospherical/Licor
# name 11 = latitude: Latitude [deg]
# name 12 = longitude: Longitude [deg]
# name 13 = timeJ: Julian Days
# name 14 = altM: Altimeter [m]
# name 15 = spar: SPAR, Biospherical/Licor
# name 16 = timeS: Time, Elapsed [seconds]
# name 17 = scan: Scan Count
# name 18 = density00: Density [density, kg/m^3]
# name 19 = density11: Density, 2 [density, kg/m^3]
# name 20 = sal00: Salinity, Practical [PSU]
# name 21 = sal11: Salinity, Practical, 2 [PSU]
# name 22 = oxsolML/L: Oxygen Saturation, Garcia & Gordon [ml/l]
# name 23 = nbin: number of scans per bin
# name 24 = flag: flag
# span 0 =      1.000,    398.000       
# span 1 =      0.990,    393.723       
# span 2 =    -0.3214,     1.2991       
# span 3 =  27.879018,  30.061578       
# span 4 =    -0.3228,     1.2988       
# span 5 =  27.875411,  30.060175       
# span 6 =     4.2954,     9.8897       
# span 7 =     4.3552,     9.8871       
# span 8 =    -0.0154,     1.7769       
# span 9 =    85.4527,    91.4664       
# span 10 = 1.0000e-12, 1.8963e+01      
# span 11 =  -64.85496,  -64.85442      
# span 12 =  -63.91856,  -63.91774      
# span 13 = 345.287393, 345.298250      
# span 14 =      -0.08,      99.97      
# span 15 = 7.0515e+00, 1.0577e+01      
# span 16 =    944.755,   1882.797      
# span 17 =      22675,      45188      
# span 18 =  1027.1750,  1029.6087      
# span 19 =  1027.1731,  1029.6075      
# span 20 =    33.8162,    34.6384      
# span 21 =    33.8130,    34.6370      
# span 22 =    7.76604,    8.14521      
# span 23 =         16,         46      
# span 24 = 0.0000e+00, 0.0000e+00      
# interval = decibars: 1                
# start_time = Dec 11 2021 06:38:06 [NMEA time, header]
# bad_flag = -9.990e-29
*END*
[from data line 232]
    166.000    164.309     0.6158  29.223584     0.6116  29.218212     5.2700     5.2877     0.0174    91.0970 1.0000e-12  -64.85442  -63.91776 345.293287      99.97 7.0515e+00   1454.008      34897  1028.4171  1028.4154    34.4504    34.4480    7.91357         22 0.0000e+00
    165.000    163.318     0.6291  29.235247     0.6121  29.215173     5.2722     5.2784     0.0307    91.0622 1.0000e-12  -64.85442  -63.91776 345.293300      99.97 7.0515e+00   1455.089      34923  1028.4116  1028.4072    34.4513    34.4441    7.91079         32 0.0000e+00
    164.000    162.331     0.6260  29.234602     0.6309  29.238744     5.2270     5.2558     0.0388    91.0805 1.0000e-12  -64.85442  -63.91774 345.293325      99.97 7.1025e+00   1457.235      34975  1028.4093  1028.4085    34.4545    34.4544    7.91126         35 0.0000e+00
    163.000    161.340     0.6362  29.245490     0.6344  29.240620     5.2552     5.3038     0.0396    91.0870 1.0000e-12  -64.85442  -63.91774 345.293355      99.97 7.9693e+00   1459.844      35037  1028.4060  1028.4027    34.4579    34.4536    7.90898         37 0.0000e+00
    162.000    160.351     0.6188  29.224788     0.6177  29.221692     5.3488     5.3718     0.0298    91.0829 1.0000e-12  -64.85442  -63.91774 345.293371      99.97 8.3028e+00   1461.292      35072  1028.3972  1028.3950    34.4509    34.4482    7.91292         31 0.0000e+00
    161.000    159.361     0.5927  29.192757     0.5933  29.192689     5.3819     5.3949     0.0407    91.0360 1.0000e-12  -64.85442  -63.91775 345.293387      99.97 8.7066e+00   1462.633      35104  1028.3849  1028.3842    34.4389    34.4381    7.91892         33 0.0000e+00
    160.000    158.371     0.5886  29.186162     0.5856  29.181354     5.3788     5.4006     0.0558    90.9958 1.0000e-12  -64.85442  -63.91776 345.293403      99.97 8.8151e+00   1463.988      35137  1028.3776  1028.3754    34.4355    34.4325    7.91995         32 0.0000e+00
    159.000    157.382     0.5869  29.183544     0.5846  29.179449     5.3575     5.3964     0.0510    91.0028 1.0000e-12  -64.85442  -63.91776 345.293417      99.97 8.8144e+00   1465.252      35167  1028.3720  1028.3699    34.4345    34.4317    7.92035         30 0.0000e+00
    158.000    156.392     0.5865  29.182111     0.5858  29.180224     5.3625     5.3944     0.0622    90.9775 1.0000e-12  -64.85442  -63.91776 345.293434      99.97 8.8144e+00   1466.699      35202  1028.3665  1028.3651    34.4337    34.4319    7.92048         35 0.0000e+00
    157.000    155.404     0.5950  29.192322     0.5984  29.196499     5.3293     5.3862     0.0558    90.9800 1.0000e-12  -64.85442  -63.91774 345.293492      99.97 8.8144e+00   1471.734      35323  1028.3641  1028.3650    34.4381    34.4397    7.91849         33 0.0000e+00
    156.000    154.414     0.5933  29.190369     0.5884  29.183425     5.3614     5.4073     0.0507    90.9864 1.0000e-12  -64.85442  -63.91776 345.293517      99.97 8.8144e+00   1473.845      35373  1028.3594  1028.3570    34.4380    34.4345    7.91884         35 0.0000e+00
    155.000    153.425     0.5845  29.178576     0.5837  29.176876     5.3651     5.4118     0.0562    90.9791 1.0000e-12  -64.85442  -63.91776 345.293535      99.97 8.8144e+00   1475.393      35410  1028.3514  1028.3503    34.4331    34.4317    7.92092         37 0.0000e+00
    154.000    152.435     0.5826  29.175757     0.5821  29.174087     5.3556     5.4112     0.0557    90.9588 1.0000e-12  -64.85442  -63.91776 345.293554      99.97 8.8144e+00   1477.027      35450  1028.3460  1028.3447    34.4322    34.4305    7.92136         41 0.0000e+00
    153.000    151.445     0.5829  29.175646     0.5829  29.174480     5.3525     5.4071     0.0573    90.9132 1.0000e-12  -64.85442  -63.91775 345.293584      99.97 8.8144e+00   1479.627      35512  1028.3412  1028.3400    34.4322    34.4307    7.92129         38 0.0000e+00
    152.000    150.455     0.5840  29.176752     0.5861  29.178480     5.3633     5.4081     0.0492    90.9713 1.0000e-12  -64.85442  -63.91776 345.293664      99.97 8.8144e+00   1486.556      35678  1028.3370  1028.3366    34.4330    34.4329    7.92102         33 0.0000e+00
    151.000    149.465     0.5818  29.173852     0.5815  29.172570     5.3623     5.4179     0.0466    90.9782 1.0000e-12  -64.85442  -63.91776 345.293820      99.97 8.8144e+00   1500.063      36003  1028.3316  1028.3305    34.4323    34.4309    7.92150         32 0.0000e+00
    150.000    148.478     0.5735  29.164658     0.5744  29.164529     5.3803     5.4352     0.0446    90.9703 1.0000e-12  -64.85443  -63.91775 345.293959      99.97 8.8144e+00   1512.040      36290  1028.3257  1028.3246    34.4301    34.4289    7.92332         36 0.0000e+00
    149.000    147.488     0.5674  29.157172     0.5679  29.156892     5.4022     5.4504     0.0538    90.9691 1.0000e-12  -64.85444  -63.91776 345.293977      99.97 8.8144e+00   1513.626      36328  1028.3196  1028.3189    34.4277    34.4269    7.92470         33 0.0000e+00
    148.000    146.499     0.5637  29.153181     0.5614  29.149413     5.4340     5.4659     0.0454    90.9743 1.0000e-12  -64.85444  -63.91776 345.293990      99.97 8.8144e+00   1514.760      36355  1028.3148  1028.3131    34.4273    34.4250    7.92548         23 0.0000e+00
    147.000    145.507     0.5536  29.141176     0.5513  29.137815     5.4729     5.4778     0.0390    90.9734 1.0000e-12  -64.85444  -63.91776 345.294001      99.97 8.8144e+00   1515.672      36377  1028.3079  1028.3066    34.4235    34.4217    7.92776         21 0.0000e+00
    146.000    144.520     0.5420  29.128889     0.5413  29.127161     5.4579     5.4803     0.0435    90.9819 1.0000e-12  -64.85444  -63.91777 345.294011      99.97 8.8144e+00   1516.549      36398  1028.3021  1028.3009    34.4210    34.4195    7.93029         22 0.0000e+00
    145.000    143.529     0.5289  29.113704     0.5300  29.113475     5.4336     5.4729     0.0598    90.9702 1.0000e-12  -64.85444  -63.91777 345.294023      99.97 8.8144e+00   1517.548      36422  1028.2947  1028.2933    34.4163    34.4148    7.93322         27 0.0000e+00
    144.000    142.541     0.5408  29.125155     0.5401  29.123624     5.4158     5.4714     0.0617    90.9572 1.0000e-12  -64.85444  -63.91776 345.294039      99.97 8.8144e+00   1518.983      36457  1028.2906  1028.2896    34.4186    34.4174    7.93066         34 0.0000e+00
    143.000    141.550     0.5371  29.121597     0.5429  29.126807     5.4421     5.4821     0.0634    90.9656 1.0000e-12  -64.85444  -63.91776 345.294061      99.97 8.8144e+00   1520.856      36502  1028.2861  1028.2859    34.4187    34.4191    7.93141         38 0.0000e+00
    142.000    140.561     0.5247  29.107380     0.5272  29.109120     5.4398     5.4978     0.0648    90.9704 1.0000e-12  -64.85444  -63.91776 345.294077      99.97 8.8144e+00   1522.247      36535  1028.2790  1028.2784    34.4145    34.4141    7.93418         28 0.0000e+00
    141.000    139.572     0.5240  29.106128     0.5247  29.105944     5.4500     5.5022     0.0543    90.9677 1.0000e-12  -64.85444  -63.91776 345.294090      99.97 8.8144e+00   1523.342      36561  1028.2740  1028.2732    34.4143    34.4133    7.93434         25 0.0000e+00
    140.000    138.582     0.5226  29.104122     0.5219  29.102319     5.4615     5.5026     0.0472    90.9573 1.0000e-12  -64.85444  -63.91776 345.294101      99.97 8.8144e+00   1524.364      36586  1028.2689  1028.2678    34.4137    34.4122    7.93465         24 0.0000e+00
    139.000    137.592     0.5215  29.102580     0.5208  29.100745     5.4596     5.5062     0.0531    90.9564 1.0000e-12  -64.85444  -63.91776 345.294113      99.97 8.8144e+00   1525.396      36611  1028.2640  1028.2628    34.4136    34.4119    7.93488         26 0.0000e+00
    138.000    136.603     0.5200  29.100476     0.5194  29.098755     5.4436     5.5128     0.0693    90.9387 1.0000e-12  -64.85444  -63.91776 345.294127      99.97 8.8144e+00   1526.551      36638  1028.2591  1028.2578    34.4132    34.4116    7.93523         30 0.0000e+00
    137.000    135.615     0.5179  29.097582     0.5186  29.097259     5.4484     5.5150     0.0630    90.9385 1.0000e-12  -64.85444  -63.91776 345.294143      99.97 8.8144e+00   1527.945      36672  1028.2537  1028.2527    34.4123    34.4111    7.93571         34 0.0000e+00
    136.000    134.623     0.5182  29.097314     0.5176  29.095759     5.4727     5.5185     0.0682    90.9060 1.0000e-12  -64.85444  -63.91776 345.294160      99.97 8.8144e+00   1529.428      36707  1028.2488  1028.2477    34.4123    34.4108    7.93565         34 0.0000e+00
    135.000    133.636     0.5149  29.093470     0.5171  29.094888     5.4909     5.5278     0.0798    90.9345 1.0000e-12  -64.85444  -63.91777 345.294175      99.97 8.8144e+00   1530.740      36739  1028.2437  1028.2430    34.4115    34.4109    7.93637         30 0.0000e+00
    134.000    132.644     0.5103  29.087651     0.5108  29.087163     5.4966     5.5413     0.0714    90.9466 1.0000e-12  -64.85444  -63.91777 345.294189      99.97 8.8144e+00   1531.904      36767  1028.2378  1028.2367    34.4096    34.4083    7.93741         26 0.0000e+00
    133.000    131.655     0.5025  29.078616     0.5028  29.077898     5.5054     5.5483     0.0607    90.9326 1.0000e-12  -64.85444  -63.91777 345.294201      99.97 8.8144e+00   1532.983      36793  1028.2316  1028.2306    34.4071    34.4058    7.93916         26 0.0000e+00
    132.000    130.666     0.4988  29.073640     0.4990  29.072918     5.5095     5.5505     0.0582    90.9317 1.0000e-12  -64.85444  -63.91776 345.294213      99.97 8.8144e+00   1534.024      36818  1028.2257  1028.2248    34.4053    34.4041    7.94001         25 0.0000e+00
    131.000    129.676     0.4997  29.074125     0.4991  29.072412     5.5131     5.5607     0.0487    90.9317 1.0000e-12  -64.85444  -63.91778 345.294226      99.97 8.8144e+00   1535.128      36844  1028.2209  1028.2197    34.4055    34.4039    7.93981         28 0.0000e+00
    130.000    128.686     0.4970  29.070910     0.4984  29.071458     5.5368     5.5756     0.0658    90.9086 1.0000e-12  -64.85444  -63.91777 345.294241      99.97 8.8144e+00   1536.452      36876  1028.2159  1028.2152    34.4049    34.4041    7.94040         36 0.0000e+00
    129.000    127.697     0.4879  29.060599     0.4889  29.060786     5.5897     5.6040     0.0771    90.8796 1.0000e-12  -64.85444  -63.91777 345.294260      99.97 8.8144e+00   1538.034      36914  1028.2097  1028.2088    34.4022    34.4012    7.94242         36 0.0000e+00
    128.000    126.708     0.4643  29.033634     0.4725  29.041757     5.6145     5.6407     0.0705    90.9052 1.0000e-12  -64.85444  -63.91778 345.294277      99.97 8.8144e+00   1539.509      36949  1028.2001  1028.2007    34.3938    34.3953    7.94774         31 0.0000e+00
    127.000    125.717     0.4529  29.020064     0.4558  29.022867     5.6325     5.6665     0.0624    90.8963 1.0000e-12  -64.85444  -63.91777 345.294290      99.97 8.8144e+00   1540.679      36977  1028.1926  1028.1928    34.3893    34.3898    7.95032         27 0.0000e+00
    126.000    124.728     0.4396  29.004192     0.4353  28.999051     5.6621     5.6852     0.0583    90.9017 1.0000e-12  -64.85444  -63.91778 345.294303      99.97 8.8144e+00   1541.735      37003  1028.1846  1028.1835    34.3840    34.3821    7.95336         25 0.0000e+00
    125.000    123.738     0.4297  28.992860     0.4240  28.985291     5.6759     5.6964     0.0629    90.8926 1.0000e-12  -64.85444  -63.91778 345.294315      99.97 8.8144e+00   1542.780      37028  1028.1780  1028.1756    34.3808    34.3772    7.95558         25 0.0000e+00
    124.000    122.749     0.4204  28.981139     0.4207  28.980340     5.6621     5.6970     0.0730    90.8734 1.0000e-12  -64.85444  -63.91778 345.294327      99.97 8.8144e+00   1543.882      37054  1028.1703  1028.1691    34.3764    34.3750    7.95774         27 0.0000e+00
    123.000    121.760     0.4187  28.978531     0.4187  28.977510     5.6583     5.6977     0.0783    90.8888 1.0000e-12  -64.85444  -63.91778 345.294341      99.97 8.8144e+00   1545.069      37083  1028.1647  1028.1636    34.3755    34.3742    7.95814         30 0.0000e+00
    122.000    120.769     0.4176  28.976761     0.4192  28.977603     5.6607     5.6998     0.0953    90.8545 1.0000e-12  -64.85444  -63.91778 345.294356      99.97 8.8144e+00   1546.329      37113  1028.1595  1028.1588    34.3750    34.3743    7.95840         31 0.0000e+00
    121.000    119.779     0.4180  28.976680     0.4174  28.975099     5.6561     5.7070     0.0903    90.8605 1.0000e-12  -64.85444  -63.91778 345.294371      99.97 8.8144e+00   1547.685      37145  1028.1546  1028.1534    34.3751    34.3736    7.95831         34 0.0000e+00
    120.000    118.790     0.4178  28.976073     0.4176  28.974842     5.6514     5.7041     0.0793    90.8784 1.0000e-12  -64.85444  -63.91778 345.294388      99.97 8.8144e+00   1549.092      37179  1028.1496  1028.1485    34.3751    34.3737    7.95835         30 0.0000e+00
    119.000    117.801     0.4177  28.975522     0.4175  28.974115     5.6557     5.7107     0.0828    90.8448 1.0000e-12  -64.85444  -63.91778 345.294402      99.97 8.8144e+00   1550.330      37209  1028.1448  1028.1436    34.3751    34.3735    7.95837         28 0.0000e+00
    118.000    116.812     0.4172  28.974629     0.4166  28.972930     5.6718     5.7130     0.0715    90.8636 1.0000e-12  -64.85444  -63.91778 345.294415      99.97 8.8144e+00   1551.413      37235  1028.1400  1028.1388    34.3751    34.3735    7.95847         25 0.0000e+00
    117.000    115.821     0.4143  28.970812     0.4130  28.968643     5.6852     5.7129     0.0655    90.8518 1.0000e-12  -64.85444  -63.91778 345.294427      99.97 8.8144e+00   1552.534      37262  1028.1345  1028.1334    34.3739    34.3725    7.95914         29 0.0000e+00
    116.000    114.831     0.4082  28.963586     0.4135  28.967841     5.7056     5.7314     0.0747    90.8544 1.0000e-12  -64.85444  -63.91778 345.294443      99.97 8.8144e+00   1553.901      37295  1028.1285  1028.1278    34.3719    34.3716    7.96051         37 0.0000e+00
    115.000    113.844     0.4037  28.958007     0.4065  28.960234     5.7249     5.7556     0.0913    90.8620 1.0000e-12  -64.85444  -63.91778 345.294461      99.97 8.8144e+00   1555.413      37331  1028.1227  1028.1223    34.3702    34.3699    7.96153         32 0.0000e+00
    114.000    112.851     0.3991  28.952323     0.4018  28.954032     5.7360     5.7660     0.0929    90.8274 1.0000e-12  -64.85446  -63.91779 345.294474      99.97 8.8144e+00   1556.588      37359  1028.1169  1028.1160    34.3685    34.3676    7.96258         23 0.0000e+00
    113.000    111.863     0.3931  28.945022     0.3947  28.945993     5.7368     5.7605     0.0636    90.8242 1.0000e-12  -64.85446  -63.91779 345.294485      99.97 8.8144e+00   1557.532      37382  1028.1107  1028.1102    34.3661    34.3657    7.96394         23 0.0000e+00
    112.000    110.874     0.3905  28.941208     0.3910  28.940608     5.7312     5.7661     0.0634    90.8049 1.0000e-12  -64.85446  -63.91779 345.294498      99.97 8.8144e+00   1558.605      37408  1028.1049  1028.1038    34.3647    34.3632    7.96456         31 0.0000e+00
    111.000    109.878     0.3936  28.944491     0.3946  28.944410     5.7222     5.7731     0.0771    90.8029 1.0000e-12  -64.85446  -63.91779 345.294521      99.96 8.8144e+00   1560.644      37456  1028.1009  1028.0998    34.3661    34.3649    7.96385         26 0.0000e+00
    110.000    108.893     0.3916  28.941600     0.3928  28.941948     5.7126     5.7706     0.0755    90.8029 1.0000e-12  -64.85446  -63.91780 345.294557      99.97 8.8144e+00   1563.734      37531  1028.0954  1028.0945    34.3651    34.3642    7.96431         32 0.0000e+00
