NBP2113_155081_ctd/data/unbp2113_022.cnv
* Sea-Bird SBE 9 Data File:
* FileName = D:\Data\raw\NBP2113_022.hex
* Software Version Seasave V 7.26.7.121
* Temperature SN = 2438
* Conductivity SN = 2067
* Number of Bytes Per Scan = 40
* Number of Voltage Words = 5
* Number of Scans Averaged by the Deck Unit = 1
* NMEA Latitude = 68 01.86 S
* NMEA Longitude = 069 17.08 W
* NMEA UTC (Time) = Nov 30 2021  22:24:22
* NMEA baud rate = 9600
** Ship: RVIB N.B. Palmer
** Cruise: NBP2113 LTER
** Station: 200.-040
** Operator: S. Blackman
# nquan = 25
# nvalues = 457                         
# units = specified
# name 0 = prDM: Pressure, Digiquartz [db]
# name 1 = depSM: Depth [salt water, m]
# name 2 = t090C: Temperature [ITS-90, deg C]
# name 3 = c0mS/cm: Conductivity [mS/cm]
# name 4 = t190C: Temperature, 2 [ITS-90, deg C]
# name 5 = c1mS/cm: Conductivity, 2 [mS/cm]
# name 6 = sbeox0ML/L: Oxygen, SBE 43 [ml/l]
# name 7 = sbeox1ML/L: Oxygen, SBE 43, 2 [ml/l]
# name 8 = flECO-AFL: Fluorescence, WET Labs ECO-AFL/FL [mg/m^3]
# name 9 = CStarTr0: Beam Transmission, WET Labs C-Star [%]
# name 10 = par: PAR/Irradiance, Biospherical/Licor
# name 11 = latitude: Latitude [deg]
# name 12 = longitude: Longitude [deg]
# name 13 = timeJ: Julian Days
# name 14 = altM: Altimeter [m]
# name 15 = spar: SPAR, Biospherical/Licor
# name 16 = timeS: Time, Elapsed [seconds]
# name 17 = scan: Scan Count
# name 18 = density00: Density [density, kg/m^3]
# name 19 = density11: Density, 2 [density, kg/m^3]
# name 20 = sal00: Salinity, Practical [PSU]
# name 21 = sal11: Salinity, Practical, 2 [PSU]
# name 22 = oxsolML/L: Oxygen Saturation, Garcia & Gordon [ml/l]
# name 23 = nbin: number of scans per bin
# name 24 = flag: flag
# span 0 =      1.000,    457.000       
# span 1 =      0.991,    451.928       
# span 2 =    -1.4357,     1.3768       
# span 3 =  26.986889,  30.194292       
# span 4 =    -1.4366,     1.3767       
# span 5 =  26.986162,  30.193614       
# span 6 =     3.9953,     8.9354       
# span 7 =     4.0571,     8.4865       
# span 8 =    -0.0150,     2.4003       
# span 9 =    87.8453,    97.1550       
# span 10 = 1.0000e-12, 1.0091e+02      
# span 11 =  -68.03082,  -68.03054      
# span 12 =  -69.28590,  -69.28530      
# span 13 = 334.945447, 334.957415      
# span 14 =      -2.25,     100.38      
# span 15 = 7.4030e+01, 8.6457e+01      
# span 16 =   1024.614,   2058.683      
# span 17 =      24592,      49409      
# span 18 =  1027.1645,  1029.9177      
# span 19 =  1027.1639,  1029.9172      
# span 20 =    33.7800,    34.6872      
# span 21 =    33.7789,    34.6865      
# span 22 =    7.74809,    8.38912      
# span 23 =         12,         48      
# span 24 = 0.0000e+00, 0.0000e+00      
# interval = decibars: 1                
# start_time = Nov 30 2021 22:24:22 [NMEA time, header]
# bad_flag = -9.990e-29
*END*
[from data line 290]
    167.000    165.261    -0.7065  27.851767    -0.7206  27.836502     7.1641     7.0262     0.2403    95.6886 1.0000e-12  -68.03080  -69.28536 334.951092      99.97 8.2855e+01   1512.366      36298  1028.2279  1028.2251    34.1120    34.1074    8.21129         15 0.0000e+00
    166.000    164.272    -0.7212  27.838368    -0.7358  27.820568     7.1168     7.0080     0.2751    95.5800 1.0000e-12  -68.03080  -69.28536 334.951100      99.97 8.2855e+01   1513.067      36315  1028.2228  1028.2176    34.1112    34.1035    8.21455         20 0.0000e+00
    165.000    163.284    -0.7025  27.856080    -0.7130  27.844252     6.9547     6.9420     0.3294    95.5463 1.0000e-12  -68.03080  -69.28535 334.951116      99.97 8.2855e+01   1514.392      36346  1028.2184  1028.2156    34.1146    34.1105    8.21028         39 0.0000e+00
    164.000    162.294    -0.6540  27.909842    -0.6513  27.911251     6.9062     6.9401     0.3149    95.5449 1.0000e-12  -68.03082  -69.28534 334.951137      99.97 8.2855e+01   1516.239      36391  1028.2238  1028.2225    34.1331    34.1319    8.19868         38 0.0000e+00
    163.000    161.305    -0.6822  27.878396    -0.6887  27.871091     7.1187     7.0769     0.3360    95.5192 1.0000e-12  -68.03082  -69.28534 334.951155      99.97 8.2855e+01   1517.774      36428  1028.2124  1028.2108    34.1230    34.1206    8.20537         41 0.0000e+00
    162.000    160.317    -0.7739  27.778624    -0.7669  27.786917     7.1752     7.1282     0.3964    95.5742 1.0000e-12  -68.03082  -69.28534 334.951180      99.97 8.2855e+01   1519.952      36480  1028.1885  1028.1906    34.0923    34.0956    8.22711         38 0.0000e+00
    161.000    159.328    -0.7517  27.801109    -0.7516  27.800987     7.2185     7.1976     0.3615    95.5393 1.0000e-12  -68.03082  -69.28534 334.951198      99.98 8.2855e+01   1521.529      36518  1028.1860  1028.1858    34.0982    34.0980    8.22192         25 0.0000e+00
    160.000    158.337    -0.7837  27.765854    -0.7939  27.753707     7.2658     7.2273     0.3104    95.5145 1.0000e-12  -68.03080  -69.28536 334.951208      99.97 8.2855e+01   1522.395      36538  1028.1746  1028.1711    34.0873    34.0823    8.22955         19 0.0000e+00
    159.000    157.350    -0.8200  27.726769    -0.8214  27.724799     7.2780     7.2377     0.2988    95.4655 1.0000e-12  -68.03080  -69.28536 334.951217      99.97 8.2855e+01   1523.120      36556  1028.1627  1028.1619    34.0759    34.0749    8.23812         17 0.0000e+00
    158.000    156.357    -0.8269  27.718915    -0.8251  27.719935     7.2480     7.2383     0.2996    95.4232 1.0000e-12  -68.03080  -69.28536 334.951225      99.97 8.2855e+01   1523.824      36573  1028.1563  1028.1556    34.0737    34.0731    8.23977         17 0.0000e+00
    157.000    155.370    -0.8286  27.716551    -0.8272  27.717315     7.2364     7.2368     0.3315    95.4215 1.0000e-12  -68.03080  -69.28536 334.951234      99.97 8.2855e+01   1524.620      36592  1028.1507  1028.1501    34.0731    34.0725    8.24018         22 0.0000e+00
    156.000    154.380    -0.8220  27.723248    -0.8222  27.722403     7.2208     7.2413     0.4102    95.3918 1.0000e-12  -68.03080  -69.28536 334.951247      99.97 8.2855e+01   1525.733      36619  1028.1467  1028.1459    34.0753    34.0743    8.23860         33 0.0000e+00
    155.000    153.392    -0.8231  27.721714    -0.8222  27.722031     7.2150     7.2394     0.4409    95.4217 1.0000e-12  -68.03081  -69.28536 334.951267      99.97 8.2855e+01   1527.427      36659  1028.1413  1028.1407    34.0751    34.0745    8.23886         38 0.0000e+00
    154.000    152.402    -0.8218  27.722461    -0.8222  27.721531     7.2162     7.2559     0.4324    95.3503 1.0000e-12  -68.03082  -69.28536 334.951286      99.97 8.2855e+01   1529.090      36699  1028.1360  1028.1354    34.0752    34.0744    8.23856         35 0.0000e+00
    153.000    151.414    -0.8241  27.719729    -0.8246  27.718639     7.2302     7.2679     0.4453    95.3988 1.0000e-12  -68.03080  -69.28536 334.951304      99.97 8.2855e+01   1530.661      36737  1028.1307  1028.1300    34.0748    34.0738    8.23910         39 0.0000e+00
    152.000    150.424    -0.8313  27.711017    -0.8259  27.716564     7.3817     7.3489     0.4843    95.4261 1.0000e-12  -68.03080  -69.28536 334.951322      99.97 8.2855e+01   1532.209      36774  1028.1236  1028.1244    34.0716    34.0731    8.24084         32 0.0000e+00
    151.000    149.433    -0.8662  27.672424    -0.8484  27.690506     7.5127     7.4516     0.3682    95.4177 1.0000e-12  -68.03080  -69.28536 334.951335      99.97 8.2855e+01   1533.312      36800  1028.1113  1028.1135    34.0594    34.0638    8.24921         22 0.0000e+00
    150.000    148.447    -0.8984  27.636712    -0.8885  27.646385     7.5625     7.4873     0.3309    95.4175 1.0000e-12  -68.03080  -69.28536 334.951344      99.97 8.2855e+01   1534.131      36820  1028.0992  1028.1002    34.0479    34.0498    8.25693         19 0.0000e+00
    149.000    147.454    -0.9041  27.627025    -0.9026  27.628070     7.5647     7.4878     0.3317    95.3577 1.0000e-12  -68.03080  -69.28536 334.951353      99.97 8.2855e+01   1534.878      36838  1028.0896  1028.0893    34.0418    34.0415    8.25854         18 0.0000e+00
    148.000    146.467    -0.9133  27.615273    -0.9136  27.614353     7.5508     7.4896     0.3694    95.2280 1.0000e-12  -68.03080  -69.28536 334.951362      99.97 8.2855e+01   1535.680      36857  1028.0812  1028.0805    34.0368    34.0359    8.26085         21 0.0000e+00
    147.000    145.478    -0.9105  27.619074    -0.8976  27.632635     7.5052     7.5043     0.4495    95.2123 1.0000e-12  -68.03080  -69.28536 334.951375      99.97 8.2855e+01   1536.760      36883  1028.0779  1028.0802    34.0394    34.0433    8.26008         33 0.0000e+00
    146.000    144.488    -0.9025  27.627710    -0.9049  27.624102     7.4408     7.4969     0.4697    95.2296 1.0000e-12  -68.03080  -69.28535 334.951399      99.97 8.2855e+01   1538.914      36935  1028.0748  1028.0732    34.0428    34.0405    8.25814         43 0.0000e+00
    145.000    143.499    -0.8967  27.634107    -0.8967  27.632842     7.5150     7.5571     0.4585    95.2338 1.0000e-12  -68.03080  -69.28535 334.951424      99.97 8.2855e+01   1541.066      36987  1028.0714  1028.0701    34.0455    34.0438    8.25670         31 0.0000e+00
    144.000    142.511    -0.9161  27.609921    -0.9144  27.611016     7.5935     7.5980     0.3875    95.2279 1.0000e-12  -68.03080  -69.28536 334.951436      99.97 8.2855e+01   1542.043      37010  1028.0595  1028.0591    34.0351    34.0347    8.26156         20 0.0000e+00
    143.000    141.519    -0.9217  27.600483    -0.9204  27.600413     7.6206     7.6094     0.3732    95.2228 1.0000e-12  -68.03080  -69.28537 334.951444      99.97 8.2855e+01   1542.790      37028  1028.0502  1028.0489    34.0293    34.0278    8.26313         17 0.0000e+00
    142.000    140.531    -0.9556  27.558885    -0.9468  27.567488     7.6269     7.6249     0.3732    95.0696 1.0000e-12  -68.03080  -69.28538 334.951453      99.98 8.2855e+01   1543.494      37045  1028.0334  1028.0343    34.0117    34.0134    8.27162         17 0.0000e+00
    141.000    139.542    -0.9789  27.532978    -0.9735  27.537942     7.6163     7.6311     0.4597    94.9505 1.0000e-12  -68.03080  -69.28538 334.951462      99.97 8.2855e+01   1544.284      37064  1028.0233  1028.0235    34.0033    34.0040    8.27723         22 0.0000e+00
    140.000    138.552    -0.9486  27.567923    -0.9441  27.573070     7.5967     7.6359     0.5043    94.9067 1.0000e-12  -68.03080  -69.28535 334.951497      99.97 8.3701e+01   1547.316      37137  1028.0271  1028.0283    34.0173    34.0192    8.26975         32 0.0000e+00
    139.000    137.563    -0.9445  27.571372    -0.9452  27.568947     7.6226     7.6603     0.4256    94.9765 1.0000e-12  -68.03080  -69.28536 334.951533      99.98 8.4648e+01   1550.475      37212  1028.0222  1028.0203    34.0179    34.0155    8.26881         21 0.0000e+00
    138.000    136.574    -0.9674  27.543715    -0.9690  27.541099     7.6455     7.6696     0.4168    94.9443 1.0000e-12  -68.03080  -69.28536 334.951542      99.97 8.4618e+01   1551.189      37230  1028.0100  1028.0086    34.0068    34.0051    8.27450         18 0.0000e+00
    137.000    135.585    -0.9748  27.533896    -0.9745  27.533526     7.6553     7.6731     0.4420    94.8187 1.0000e-12  -68.03079  -69.28536 334.951550      99.97 8.4618e+01   1551.936      37247  1028.0020  1028.0013    34.0025    34.0016    8.27639         18 0.0000e+00
    136.000    134.594    -0.9783  27.528338    -0.9774  27.528606     7.6492     7.6700     0.4689    94.7106 1.0000e-12  -68.03078  -69.28536 334.951559      99.97 8.4618e+01   1552.733      37267  1027.9949  1027.9943    33.9994    33.9988    8.27733         21 0.0000e+00
    135.000    133.606    -0.9739  27.532982    -0.9721  27.534253     7.6367     7.6755     0.4936    94.6864 1.0000e-12  -68.03079  -69.28537 334.951591      99.97 8.4618e+01   1555.448      37332  1027.9911  1027.9907    34.0014    34.0011    8.27625         27 0.0000e+00
    134.000    132.615    -0.9736  27.532362    -0.9736  27.531276     7.6458     7.6998     0.4300    94.6968 1.0000e-12  -68.03080  -69.28538 334.951643      99.97 8.4539e+01   1559.972      37440  1027.9855  1027.9843    34.0008    33.9994    8.27621         22 0.0000e+00
    133.000    131.627    -0.9734  27.531536    -0.9736  27.530454     7.6471     7.6999     0.5235    94.6002 1.0000e-12  -68.03080  -69.28536 334.951658      99.97 8.3326e+01   1561.245      37471  1027.9801  1027.9790    34.0002    33.9988    8.27622         36 0.0000e+00
    132.000    130.637    -0.9686  27.538015    -0.9713  27.534265     7.6421     7.6920     0.5205    94.5837 1.0000e-12  -68.03079  -69.28540 334.951742      99.97 8.2853e+01   1568.475      37644  1027.9780  1027.9764    34.0041    34.0021    8.27492         35 0.0000e+00
    131.000    129.648    -0.9781  27.524446    -0.9774  27.524783     7.6620     7.7335     0.5242    94.6068 1.0000e-12  -68.03078  -69.28540 334.952029      99.98 8.2855e+01   1593.301      38240  1027.9679  1027.9676    33.9970    33.9967    8.27743         40 0.0000e+00
    130.000    128.660    -0.9836  27.516777    -0.9832  27.516428     7.6986     7.7662     0.5232    94.5873 1.0000e-12  -68.03078  -69.28540 334.952252      99.97 8.2855e+01   1612.595      38703  1027.9604  1027.9596    33.9934    33.9925    8.27885         25 0.0000e+00
    129.000    127.670    -0.9863  27.513532    -0.9864  27.512561     7.6971     7.7648     0.5123    94.5388 1.0000e-12  -68.03078  -69.28540 334.952254      99.97 8.2855e+01   1612.737      38707  1027.9552  1027.9541    33.9927    33.9914    8.27950         20 0.0000e+00
    128.000    126.679    -0.9897  27.509151    -0.9907  27.507045     7.6965     7.7696     0.5074    94.5693 1.0000e-12  -68.03078  -69.28540 334.952265      99.98 8.2855e+01   1613.678      38729  1027.9494  1027.9480    33.9912    33.9894    8.28034         25 0.0000e+00
    127.000    125.690    -0.9882  27.510270    -0.9891  27.508527     7.7109     7.7769     0.5784    94.5091 1.0000e-12  -68.03078  -69.28540 334.952290      99.97 8.2855e+01   1615.856      38782  1027.9448  1027.9437    33.9917    33.9902    8.27998         38 0.0000e+00
    126.000    124.701    -0.9889  27.509093    -0.9886  27.508528     7.7208     7.7803     0.5382    94.5118 1.0000e-12  -68.03078  -69.28540 334.952316      99.97 8.2855e+01   1618.134      38836  1027.9398  1027.9389    33.9914    33.9903    8.28014         31 0.0000e+00
    125.000    123.713    -0.9911  27.505753    -0.9911  27.504853     7.7000     7.7645     0.5089    94.5294 1.0000e-12  -68.03078  -69.28540 334.952331      99.97 8.2855e+01   1619.405      38867  1027.9340  1027.9331    33.9900    33.9888    8.28071         34 0.0000e+00
    124.000    122.720    -0.9920  27.504528    -0.9970  27.498375     7.6306     7.7378     0.6871    94.4903 1.0000e-12  -68.03078  -69.28540 334.952350      99.97 8.2855e+01   1621.063      38907  1027.9292  1027.9274    33.9899    33.9872    8.28090         33 0.0000e+00
    123.000    121.733    -1.0051  27.491009    -1.0095  27.486143     7.5964     7.7197     0.5935    94.5244 1.0000e-12  -68.03078  -69.28540 334.952365      99.97 8.2855e+01   1622.298      38936  1027.9228  1027.9218    33.9869    33.9853    8.28397         23 0.0000e+00
    122.000    120.743    -1.0219  27.474030    -1.0248  27.470492     7.5955     7.7153     0.5175    94.5622 1.0000e-12  -68.03076  -69.28540 334.952374      99.97 8.2855e+01   1623.079      38955  1027.9163  1027.9152    33.9834    33.9819    8.28788         17 0.0000e+00
    121.000    119.756    -1.0314  27.463708    -1.0318  27.462362     7.6105     7.7122     0.4837    94.5624 1.0000e-12  -68.03076  -69.28540 334.952381      99.97 8.2855e+01   1623.769      38971  1027.9099  1027.9087    33.9807    33.9793    8.29014         16 0.0000e+00
    120.000    118.763    -1.0309  27.463214    -1.0308  27.462468     7.6015     7.7113     0.4707    94.6312 1.0000e-12  -68.03076  -69.28540 334.952390      99.97 8.2855e+01   1624.500      38989  1027.9045  1027.9035    33.9801    33.9789    8.29008         20 0.0000e+00
    119.000    117.774    -1.0250  27.469394    -1.0250  27.468175     7.6294     7.7189     0.5759    94.6863 1.0000e-12  -68.03078  -69.28540 334.952415      99.97 8.2855e+01   1626.680      39041  1027.9010  1027.8996    33.9824    33.9808    8.28862         34 0.0000e+00
    118.000    116.787    -1.0260  27.468025    -1.0240  27.469176     7.6974     7.7504     0.5111    94.6623 1.0000e-12  -68.03078  -69.28540 334.952455      99.97 8.2855e+01   1630.084      39123  1027.8959  1027.8952    33.9823    33.9816    8.28885         21 0.0000e+00
    117.000    115.798    -1.0262  27.466514    -1.0263  27.465644     7.7006     7.7679     0.4690    94.6459 1.0000e-12  -68.03078  -69.28540 334.952463      99.97 8.2855e+01   1630.779      39140  1027.8901  1027.8893    33.9811    33.9800    8.28897         16 0.0000e+00
    116.000    114.805    -1.0231  27.468142    -1.0230  27.467342     7.7401     7.7856     0.4406    94.6622 1.0000e-12  -68.03078  -69.28540 334.952470      99.97 8.2855e+01   1631.437      39155  1027.8845  1027.8836    33.9805    33.9793    8.28833         16 0.0000e+00
    115.000    113.817    -1.0113  27.477748    -1.0102  27.477625     7.7769     7.7877     0.4678    94.6144 1.0000e-12  -68.03078  -69.28540 334.952478      99.97 8.2855e+01   1632.118      39172  1027.8792  1027.8781    33.9808    33.9795    8.28569         17 0.0000e+00
    114.000    112.827    -0.9931  27.491811    -0.9925  27.491378     7.7527     7.7712     0.5033    94.4458 1.0000e-12  -68.03078  -69.28540 334.952488      99.97 8.2855e+01   1632.970      39192  1027.8726  1027.8716    33.9801    33.9788    8.28174         24 0.0000e+00
    113.000    111.838    -1.0028  27.483052    -1.0109  27.475838     7.7650     7.7931     0.5201    94.2746 1.0000e-12  -68.03078  -69.28540 334.952514      99.97 8.2855e+01   1635.207      39246  1027.8683  1027.8683    33.9797    33.9791    8.28389         31 0.0000e+00
    112.000    110.851    -1.0051  27.481281    -1.0087  27.477785     7.8512     7.8773     0.5393    94.4277 1.0000e-12  -68.03078  -69.28540 334.952539      99.97 8.2322e+01   1637.372      39298  1027.8644  1027.8640    33.9805    33.9798    8.28435         25 0.0000e+00
    111.000    109.861    -0.9725  27.507869    -0.9699  27.508787     7.9061     7.9142     0.5287    94.4423 1.0000e-12  -68.03078  -69.28540 334.952549      99.97 8.1088e+01   1638.191      39318  1027.8574  1027.8559    33.9806    33.9789    8.27717         18 0.0000e+00
