NBP2113_155081_ctd/data/unbp2113_055.cnv
* Sea-Bird SBE 9 Data File:
* FileName = D:\Data\raw\NBP2113_055.hex
* Software Version Seasave V 7.26.7.121
* Temperature SN = 2438
* Conductivity SN = 2067
* Number of Bytes Per Scan = 40
* Number of Voltage Words = 5
* Number of Scans Averaged by the Deck Unit = 1
* NMEA Latitude = 64 51.63 S
* NMEA Longitude = 064 56.94 W
* NMEA UTC (Time) = Dec 11 2021  21:26:08
* NMEA baud rate = 9600
** Ship: RVIB N.B. Palmer
** Cruise: NBP2113 LTER
** Station: 589.065
** Operator: S. Blackman
# nquan = 25
# nvalues = 446                         
# units = specified
# name 0 = prDM: Pressure, Digiquartz [db]
# name 1 = depSM: Depth [salt water, m]
# name 2 = t090C: Temperature [ITS-90, deg C]
# name 3 = c0mS/cm: Conductivity [mS/cm]
# name 4 = t190C: Temperature, 2 [ITS-90, deg C]
# name 5 = c1mS/cm: Conductivity, 2 [mS/cm]
# name 6 = sbeox0ML/L: Oxygen, SBE 43 [ml/l]
# name 7 = sbeox1ML/L: Oxygen, SBE 43, 2 [ml/l]
# name 8 = flECO-AFL: Fluorescence, WET Labs ECO-AFL/FL [mg/m^3]
# name 9 = CStarTr0: Beam Transmission, WET Labs C-Star [%]
# name 10 = par: PAR/Irradiance, Biospherical/Licor
# name 11 = latitude: Latitude [deg]
# name 12 = longitude: Longitude [deg]
# name 13 = timeJ: Julian Days
# name 14 = altM: Altimeter [m]
# name 15 = spar: SPAR, Biospherical/Licor
# name 16 = timeS: Time, Elapsed [seconds]
# name 17 = scan: Scan Count
# name 18 = density00: Density [density, kg/m^3]
# name 19 = density11: Density, 2 [density, kg/m^3]
# name 20 = sal00: Salinity, Practical [PSU]
# name 21 = sal11: Salinity, Practical, 2 [PSU]
# name 22 = oxsolML/L: Oxygen Saturation, Garcia & Gordon [ml/l]
# name 23 = nbin: number of scans per bin
# name 24 = flag: flag
# span 0 =      1.000,    446.000       
# span 1 =      0.989,    441.157       
# span 2 =    -0.4685,     1.4637       
# span 3 =  27.622124,  30.262163       
# span 4 =    -0.4839,     1.4633       
# span 5 =  27.600707,  30.260627       
# span 6 =     4.0841,     8.6639       
# span 7 =     4.1404,     8.1495       
# span 8 =    -0.0224,     1.7397       
# span 9 =    83.1390,    91.8169       
# span 10 = 1.0000e-12, 3.1133e+02      
# span 11 =  -64.86068,  -64.86062      
# span 12 =  -64.94868,  -64.94824      
# span 13 = 345.904437, 345.913174      
# span 14 =       1.14,      99.97      
# span 15 = 1.7629e+02, 2.6624e+02      
# span 16 =    975.389,   1730.210      
# span 17 =      23410,      41526      
# span 18 =  1027.0449,  1029.8564      
# span 19 =  1027.0376,  1029.8553      
# span 20 =    33.6369,    34.6842      
# span 21 =    33.6253,    34.6826      
# span 22 =    7.73118,    8.18717      
# span 23 =         13,         50      
# span 24 = 0.0000e+00, 0.0000e+00      
# interval = decibars: 1                
# start_time = Dec 11 2021 21:26:08 [NMEA time, header]
# bad_flag = -9.990e-29
*END*
[from data line 406]
     40.000     39.605    -0.1553  28.183777    -0.1558  28.182511     7.6168     7.6235     0.3119    90.3400 3.3346e+00  -64.86065  -64.94844 345.912230      99.97 2.5033e+02   1648.660      39569  1027.5116  1027.5107    34.0164    34.0153    8.09837         28 0.0000e+00
     39.000     38.613    -0.1572  28.179118    -0.1553  28.181930     7.5679     7.6113     0.3310    90.2897 3.5464e+00  -64.86064  -64.94844 345.912244      99.97 2.5044e+02   1649.918      39599  1027.5040  1027.5052    34.0130    34.0146    8.09898         31 0.0000e+00
     38.000     37.625    -0.1519  28.187508    -0.1478  28.194951     7.5893     7.6268     0.3727    90.2247 3.8182e+00  -64.86064  -64.94844 345.912264      99.97 2.5183e+02   1651.581      39639  1027.5035  1027.5076    34.0188    34.0242    8.09752         41 0.0000e+00
     37.000     36.635    -0.1569  28.182008    -0.1570  28.180605     7.6866     7.6892     0.3630    90.2023 4.1850e+00  -64.86064  -64.94844 345.912285      99.97 2.5215e+02   1653.437      39683  1027.4981  1027.4967    34.0177    34.0159    8.09865         34 0.0000e+00
     36.000     35.644    -0.1686  28.161487    -0.1618  28.169956     7.7462     7.7302     0.3500    90.2131 4.5747e+00  -64.86064  -64.94845 345.912299      99.97 2.5381e+02   1654.611      39712  1027.4832  1027.4857    34.0041    34.0077    8.10191         23 0.0000e+00
     35.000     34.655    -0.1509  28.166336    -0.1560  28.164882     7.7743     7.7421     0.3259    90.1567 4.9334e+00  -64.86064  -64.94846 345.912309      99.97 2.5385e+02   1655.522      39734  1027.4667  1027.4701    33.9914    33.9951    8.09888         22 0.0000e+00
     34.000     33.664    -0.1383  28.171797    -0.1417  28.168420     7.7483     7.7480     0.3336    90.0504 5.2751e+00  -64.86064  -64.94848 345.912320      99.97 2.5385e+02   1656.487      39757  1027.4559  1027.4556    33.9852    33.9844    8.09654         25 0.0000e+00
     33.000     32.674    -0.1400  28.171595    -0.1419  28.169413     7.7533     7.7597     0.4286    89.9395 5.5799e+00  -64.86064  -64.94848 345.912335      99.97 2.5385e+02   1657.716      39786  1027.4532  1027.4526    33.9874    33.9866    8.09678         33 0.0000e+00
     32.000     31.685    -0.1391  28.172081    -0.1407  28.170375     7.8136     7.7881     0.5077    89.8752 5.8350e+00  -64.86064  -64.94848 345.912352      99.97 2.5550e+02   1659.182      39821  1027.4486  1027.4483    33.9877    33.9872    8.09658         32 0.0000e+00
     31.000     30.694    -0.1106  28.189038    -0.1183  28.182792     7.8000     7.8069     0.5169    89.8290 6.0548e+00  -64.86064  -64.94848 345.912365      99.97 2.5570e+02   1660.331      39849  1027.4347  1027.4355    33.9790    33.9794    8.09102         24 0.0000e+00
     30.000     29.704    -0.0736  28.214984    -0.1165  28.183456     7.8050     7.8199     0.4881    89.7975 6.3465e+00  -64.86064  -64.94848 345.912376      99.97 2.5698e+02   1661.272      39872  1027.4221  1027.4301    33.9729    33.9788    8.08353         22 0.0000e+00
     29.000     28.713    -0.0495  28.234197    -0.0617  28.222160     7.7870     7.8002     0.4797    89.6476 6.6958e+00  -64.86064  -64.94846 345.912388      99.97 2.5738e+02   1662.281      39896  1027.4153  1027.4142    33.9723    33.9699    8.07848         26 0.0000e+00
     28.000     27.722    -0.0625  28.225266    -0.0854  28.207812     7.7703     7.8066     0.5334    89.4969 7.1919e+00  -64.86064  -64.94844 345.912410      99.96 2.5738e+02   1664.196      39942  1027.4146  1027.4181    33.9755    33.9778    8.08105         33 0.0000e+00
     27.000     26.734    -0.0846  28.206410    -0.0821  28.207002     7.8033     7.8412     0.5401    89.5865 8.3463e+00  -64.86064  -64.94847 345.912440      99.97 2.5738e+02   1666.783      40004  1027.4119  1027.4100    33.9756    33.9737    8.08571         26 0.0000e+00
     26.000     25.745    -0.0571  28.227393    -0.0693  28.218203     7.8441     7.8569     0.5192    89.5278 9.2149e+00  -64.86064  -64.94848 345.912448      99.97 2.5738e+02   1667.530      40022  1027.4033  1027.4050    33.9734    33.9748    8.08001         18 0.0000e+00
     25.000     24.752    -0.0214  28.250666    -0.0206  28.248074     7.8547     7.8689     0.4971    89.3848 9.9884e+00  -64.86064  -64.94848 345.912456      99.97 2.5738e+02   1668.201      40038  1027.3894  1027.3858    33.9653    33.9610    8.07295         15 0.0000e+00
     24.000     23.765     0.0042  28.271003     0.0003  28.267587     7.8298     7.8681     0.5299    89.2177 1.0767e+01  -64.86064  -64.94849 345.912464      99.97 2.5738e+02   1668.879      40054  1027.3820  1027.3819    33.9644    33.9642    8.06760         18 0.0000e+00
     23.000     22.773     0.0096  28.275137    -0.0035  28.264454     7.8297     7.8686     0.6145    88.9451 1.1457e+01  -64.86064  -64.94850 345.912474      99.97 2.5738e+02   1669.742      40075  1027.3772  1027.3784    33.9645    33.9649    8.06645         25 0.0000e+00
     22.000     21.783    -0.0067  28.262814    -0.0066  28.261656     7.8002     7.8672     0.7122    88.7399 1.1385e+01  -64.86064  -64.94849 345.912496      99.96 2.5738e+02   1671.690      40122  1027.3761  1027.3746    33.9668    33.9652    8.06975         32 0.0000e+00
     21.000     20.794    -0.0010  28.266731    -0.0094  28.258951     7.8167     7.8759     0.7503    88.8084 1.1860e+01  -64.86064  -64.94848 345.912525      99.97 2.5738e+02   1674.135      40180  1027.3709  1027.3706    33.9663    33.9653    8.06858         37 0.0000e+00
     20.000     19.803    -0.0083  28.261019    -0.0016  28.264044     7.8935     7.9109     0.7280    88.9229 1.3448e+01  -64.86064  -64.94846 345.912542      99.97 2.5738e+02   1675.652      40217  1027.3678  1027.3645    33.9674    33.9641    8.07005         34 0.0000e+00
     19.000     18.814     0.0125  28.273701     0.0089  28.269934     7.9506     7.9514     0.7846    88.7879 1.5013e+01  -64.86064  -64.94846 345.912558      99.97 2.5738e+02   1677.016      40249  1027.3570  1027.3563    33.9617    33.9607    8.06599         31 0.0000e+00
     18.000     17.823     0.0289  28.283468     0.0266  28.280686     7.9645     7.9764     0.9635    87.8384 1.6634e+01  -64.86064  -64.94846 345.912573      99.97 2.5738e+02   1678.305      40280  1027.3473  1027.3465    33.9570    33.9559    8.06280         31 0.0000e+00
     17.000     16.833     0.0316  28.284248     0.0300  28.281849     7.9438     7.9870     1.0951    86.9546 1.8306e+01  -64.86064  -64.94848 345.912588      99.97 2.5738e+02   1679.580      40311  1027.3415  1027.3404    33.9557    33.9542    8.06231         30 0.0000e+00
     16.000     15.842     0.0311  28.283307     0.0312  28.281537     7.9114     7.9824     1.3040    86.6679 2.0746e+01  -64.86064  -64.94848 345.912605      99.96 2.5753e+02   1681.102      40347  1027.3370  1027.3348    33.9556    33.9531    8.06242         34 0.0000e+00
     15.000     14.852     0.0259  28.279307     0.0283  28.279037     7.9121     7.9744     1.6159    86.4480 2.2739e+01  -64.86064  -64.94850 345.912633      99.97 2.5998e+02   1683.448      40404  1027.3336  1027.3310    33.9567    33.9537    8.06346         49 0.0000e+00
     14.000     13.863     0.0275  28.279898     0.0249  28.276487     7.9046     7.9662     1.6997    86.5694 2.3922e+01  -64.86064  -64.94849 345.912680      99.96 2.6170e+02   1687.535      40502  1027.3287  1027.3275    33.9564    33.9547    8.06314         36 0.0000e+00
     13.000     12.872     0.0270  28.279421     0.0246  28.276126     7.9317     7.9813     1.3958    86.9849 2.6780e+01  -64.86064  -64.94848 345.912718      99.97 2.6270e+02   1690.844      40581  1027.3245  1027.3233    33.9568    33.9552    8.06321         30 0.0000e+00
     12.000     11.882     0.0274  28.277784     0.0262  28.275831     7.9305     7.9819     1.3402    87.2292 2.9890e+01  -64.86064  -64.94848 345.912731      99.97 2.6267e+02   1691.952      40608  1027.3181  1027.3171    33.9548    33.9535    8.06324         30 0.0000e+00
     11.000     10.891     0.0266  28.276565     0.0270  28.274755     7.9060     7.9867     1.6691    86.1904 3.4349e+01  -64.86064  -64.94849 345.912749      99.96 2.6267e+02   1693.480      40645  1027.3134  1027.3110    33.9547    33.9519    8.06342         37 0.0000e+00
     10.000      9.903     0.0251  28.275505     0.0266  28.273884     7.9257     7.9907     1.5938    86.2402 3.8253e+01  -64.86064  -64.94850 345.912775      99.96 2.6267e+02   1695.783      40700  1027.3095  1027.3062    33.9556    33.9517    8.06368         35 0.0000e+00
      9.000      8.913     0.0266  28.274308     0.0258  28.272006     7.9382     7.9940     1.7314    86.2411 4.2110e+01  -64.86064  -64.94850 345.912809      99.97 2.6331e+02   1698.677      40769  1027.3024  1027.3007    33.9529    33.9508    8.06351         36 0.0000e+00
      8.000      7.921     0.0262  28.273810     0.0254  28.271416     7.9531     8.0083     1.7195    86.3397 4.8528e+01  -64.86064  -64.94848 345.912848      99.97 2.6441e+02   1702.061      40850  1027.2980  1027.2962    33.9533    33.9510    8.06357         40 0.0000e+00
      7.000      6.932     0.0259  28.272841     0.0253  28.270515     7.8967     8.0120     1.7033    86.1635 5.5343e+01  -64.86064  -64.94849 345.912881      99.97 2.6493e+02   1704.931      40919  1027.2930  1027.2911    33.9530    33.9506    8.06366         42 0.0000e+00
      6.000      5.940    -0.0626  28.163044    -0.0534  28.172545     8.0232     8.0706     1.7397    85.6925 6.0813e+01  -64.86064  -64.94850 345.912908      99.96 2.6566e+02   1707.210      40974  1027.2573  1027.2585    33.9062    33.9086    8.08501         40 0.0000e+00
      5.000      4.951    -0.2290  27.937304    -0.2422  27.924434     8.0440     8.0785     1.6653    84.4466 7.2614e+01  -64.86064  -64.94850 345.912947      87.87 2.6444e+02   1710.614      41056  1027.1709  1027.1699    33.7911    33.7888    8.12696         42 0.0000e+00
      4.000      3.962    -0.4393  27.656864    -0.4326  27.671801     8.2882     8.1495     1.4143    83.4769 9.0090e+01  -64.86064  -64.94848 345.913109       2.33 2.6443e+02   1724.655      41393  1027.0601  1027.0703    33.6505    33.6631    8.18009         18 0.0000e+00
      3.000      2.970    -0.4685  27.622124    -0.4839  27.600707     8.4446     8.1420     1.3809    83.4786 1.2316e+02  -64.86064  -64.94849 345.913121       1.14 2.6443e+02   1725.653      41417  1027.0458  1027.0376    33.6369    33.6253    8.18717         23 0.0000e+00
      2.000      1.982    -0.4473  27.644966    -0.4394  27.654774     8.6639     8.1398     1.3651    83.2610 1.3104e+02  -64.86064  -64.94850 345.913145       1.14 2.6476e+02   1727.732      41467  1027.0449  1027.0480    33.6447    33.6489    8.18216         39 0.0000e+00
      1.000      0.989    -0.4346  27.663579    -0.4357  27.662351 -9.990e-29 -9.990e-29     1.3648    83.1390 3.1133e+02  -64.86064  -64.94850 345.913174       1.28 2.6624e+02   1730.210      41526  1027.0479  1027.0478    33.6561    33.6556    8.17874         32 0.0000e+00
