NBP2113_155081_ctd/data/unbp2113_049.cnv
* Sea-Bird SBE 9 Data File:
* FileName = D:\Data\raw\NBP2113_049.hex
* Software Version Seasave V 7.26.7.121
* Temperature SN = 2438
* Conductivity SN = 2067
* Number of Bytes Per Scan = 40
* Number of Voltage Words = 5
* Number of Scans Averaged by the Deck Unit = 1
* NMEA Latitude = 64 50.72 S
* NMEA Longitude = 064 06.15 W
* NMEA UTC (Time) = Dec 11 2021  08:50:11
* NMEA baud rate = 9600
** Ship: RVIB N.B. Palmer
** Cruise: NBP2113 LTER
** Station: 617.036
** Operator: B. Urmston
# nquan = 25
# nvalues = 632                         
# units = specified
# name 0 = prDM: Pressure, Digiquartz [db]
# name 1 = depSM: Depth [salt water, m]
# name 2 = t090C: Temperature [ITS-90, deg C]
# name 3 = c0mS/cm: Conductivity [mS/cm]
# name 4 = t190C: Temperature, 2 [ITS-90, deg C]
# name 5 = c1mS/cm: Conductivity, 2 [mS/cm]
# name 6 = sbeox0ML/L: Oxygen, SBE 43 [ml/l]
# name 7 = sbeox1ML/L: Oxygen, SBE 43, 2 [ml/l]
# name 8 = flECO-AFL: Fluorescence, WET Labs ECO-AFL/FL [mg/m^3]
# name 9 = CStarTr0: Beam Transmission, WET Labs C-Star [%]
# name 10 = par: PAR/Irradiance, Biospherical/Licor
# name 11 = latitude: Latitude [deg]
# name 12 = longitude: Longitude [deg]
# name 13 = timeJ: Julian Days
# name 14 = altM: Altimeter [m]
# name 15 = spar: SPAR, Biospherical/Licor
# name 16 = timeS: Time, Elapsed [seconds]
# name 17 = scan: Scan Count
# name 18 = density00: Density [density, kg/m^3]
# name 19 = density11: Density, 2 [density, kg/m^3]
# name 20 = sal00: Salinity, Practical [PSU]
# name 21 = sal11: Salinity, Practical, 2 [PSU]
# name 22 = oxsolML/L: Oxygen Saturation, Garcia & Gordon [ml/l]
# name 23 = nbin: number of scans per bin
# name 24 = flag: flag
# span 0 =      1.000,    632.000       
# span 1 =      0.991,    624.857       
# span 2 =    -0.1410,     1.4096       
# span 3 =  28.151152,  30.278245       
# span 4 =    -0.1418,     1.4090       
# span 5 =  28.148785,  30.276778       
# span 6 =     4.1453,     9.7507       
# span 7 =     4.2128,     9.5724       
# span 8 =    -0.0227,     1.4289       
# span 9 =    86.8458,    91.3455       
# span 10 = 1.0000e-12, 1.1447e+02      
# span 11 =  -64.84542,  -64.84484      
# span 12 =  -64.10244,  -64.10142      
# span 13 = 345.382404, 345.396484      
# span 14 =       9.12,      99.97      
# span 15 = 6.8752e+01, 8.6202e+01      
# span 16 =   1228.673,   2445.228      
# span 17 =      29489,      58686      
# span 18 =  1027.2166,  1030.7131      
# span 19 =  1027.2154,  1030.7119      
# span 20 =    33.8886,    34.6656      
# span 21 =    33.8868,    34.6640      
# span 22 =    7.74279,    8.09802      
# span 23 =         14,         49      
# span 24 = 0.0000e+00, 0.0000e+00      
# interval = decibars: 1                
# start_time = Dec 11 2021 08:50:11 [NMEA time, header]
# bad_flag = -9.990e-29
*END*
[from data line 580]
     52.000     51.485     0.2821  28.650911     0.2825  28.653811     7.6157     7.5832     0.4654    89.2188 5.1792e-01  -64.84496  -64.10159 345.394208      99.97 8.4618e+01   2248.573      53967  1027.6445  1027.6472    34.1401    34.1435    7.99953         28 0.0000e+00
     51.000     50.494     0.2748  28.630492     0.2743  28.628761     7.6174     7.5755     0.4558    89.1121 5.5593e-01  -64.84496  -64.10160 345.394221      99.97 8.4618e+01   2249.715      53994  1027.6258  1027.6245    34.1220    34.1203    8.00207         28 0.0000e+00
     50.000     49.503     0.2663  28.614419     0.2679  28.617553     7.5412     7.5345     0.5811    88.9014 5.9498e-01  -64.84496  -64.10159 345.394237      99.97 8.4618e+01   2251.071      54027  1027.6128  1027.6145    34.1109    34.1133    8.00446         34 0.0000e+00
     49.000     48.513     0.2581  28.600918     0.2574  28.598833     7.5981     7.6616     0.6902    88.7414 6.3356e-01  -64.84498  -64.10160 345.394689      99.97 8.5614e+01   2290.114      54964  1027.6015  1027.6001    34.1028    34.1009    8.00661         38 0.0000e+00
     48.000     47.524     0.2573  28.599035     0.2567  28.597259     7.6148     7.6683     0.7741    88.7276 6.9119e-01  -64.84498  -64.10160 345.394768      99.97 8.4869e+01   2296.913      55127  1027.5960  1027.5947    34.1018    34.1002    8.00683         34 0.0000e+00
     47.000     46.535     0.2562  28.596558     0.2565  28.596501     7.6211     7.6819     0.7020    88.7011 7.6354e-01  -64.84498  -64.10160 345.394791      99.97 8.4615e+01   2298.929      55175  1027.5902  1027.5898    34.1004    34.1000    8.00714         28 0.0000e+00
     46.000     45.544     0.2523  28.590218     0.2523  28.589572     7.6390     7.6870     0.6725    88.6589 8.2623e-01  -64.84498  -64.10162 345.394804      99.97 8.4618e+01   2300.029      55202  1027.5830  1027.5823    34.0970    34.0961    8.00815         25 0.0000e+00
     45.000     44.553     0.2499  28.586099     0.2492  28.583855     7.6340     7.6828     0.6997    88.6148 8.8033e-01  -64.84498  -64.10160 345.394815      99.97 8.4618e+01   2301.049      55226  1027.5767  1027.5750    34.0948    34.0927    8.00876         24 0.0000e+00
     44.000     43.565     0.2489  28.584275     0.2482  28.582120     7.6272     7.6846     0.7679    88.5847 9.2834e-01  -64.84498  -64.10162 345.394829      99.97 8.4618e+01   2302.192      55254  1027.5714  1027.5699    34.0941    34.0922    8.00901         31 0.0000e+00
     43.000     42.575     0.2491  28.583954     0.2497  28.584044     7.6291     7.6872     0.8363    88.5825 9.7662e-01  -64.84498  -64.10162 345.394845      99.97 8.4618e+01   2303.632      55288  1027.5666  1027.5661    34.0941    34.0936    8.00897         39 0.0000e+00
     42.000     41.585     0.2481  28.581843     0.2485  28.581516     7.6304     7.6958     0.8660    88.5934 1.0329e+00  -64.84498  -64.10162 345.394865      99.97 8.4871e+01   2305.344      55329  1027.5611  1027.5603    34.0931    34.0922    8.00925         34 0.0000e+00
     41.000     40.596     0.2477  28.580740     0.2473  28.579041     7.6384     7.6942     0.9648    88.5490 1.1205e+00  -64.84498  -64.10161 345.394885      99.97 8.5145e+01   2307.037      55370  1027.5559  1027.5546    34.0926    34.0909    8.00935         37 0.0000e+00
     40.000     39.605     0.2484  28.580634     0.2482  28.579870     7.6429     7.7002     0.8834    88.5876 1.2478e+00  -64.84498  -64.10160 345.394907      99.97 8.6202e+01   2308.985      55417  1027.5509  1027.5503    34.0923    34.0916    8.00922         38 0.0000e+00
     39.000     38.615     0.2490  28.580829     0.2491  28.580385     7.6689     7.7255     0.8339    88.5966 1.3531e+00  -64.84498  -64.10162 345.394941      99.97 8.6097e+01   2311.871      55486  1027.5463  1027.5458    34.0926    34.0919    8.00909         32 0.0000e+00
     38.000     37.625     0.2496  28.578641     0.2489  28.577260     7.6871     7.7389     0.8767    88.5912 1.4180e+00  -64.84498  -64.10163 345.394963      99.97 8.5669e+01   2313.808      55532  1027.5391  1027.5383    34.0896    34.0885    8.00913         37 0.0000e+00
     37.000     36.634     0.2411  28.567521     0.2409  28.566220     7.6658     7.7455     0.7736    88.5760 1.5069e+00  -64.84498  -64.10164 345.394982      99.97 8.5168e+01   2315.459      55572  1027.5313  1027.5301    34.0850    34.0835    8.01115         38 0.0000e+00
     36.000     35.644     0.2264  28.551561     0.2202  28.543651     7.6599     7.7275     0.7634    88.5091 1.6087e+00  -64.84498  -64.10163 345.395000      99.97 8.4849e+01   2317.002      55609  1027.5243  1027.5220    34.0809    34.0773    8.01445         37 0.0000e+00
     35.000     34.654     0.2318  28.557023     0.2319  28.556150     7.6661     7.7363     0.8493    88.4938 1.7470e+00  -64.84498  -64.10162 345.395045      99.97 8.4622e+01   2320.924      55703  1027.5205  1027.5194    34.0828    34.0814    8.01323         35 0.0000e+00
     34.000     33.664     0.2387  28.564892     0.2369  28.562570     7.7360     7.7838     0.7244    88.4631 1.8998e+00  -64.84498  -64.10164 345.395083      99.97 8.4618e+01   2324.177      55781  1027.5177  1027.5171    34.0860    34.0850    8.01160         27 0.0000e+00
     33.000     32.674     0.2163  28.534383     0.2174  28.535383     7.7389     7.7849     0.7152    88.4077 2.0683e+00  -64.84498  -64.10162 345.395095      99.97 8.4618e+01   2325.180      55805  1027.5030  1027.5029    34.0713    34.0714    8.01709         25 0.0000e+00
     32.000     31.683     0.2065  28.518838     0.1968  28.505938     7.7163     7.7858     0.7980    88.3268 2.2471e+00  -64.84500  -64.10164 345.395108      99.97 8.4618e+01   2326.352      55833  1027.4915  1027.4874    34.0623    34.0561    8.01964         31 0.0000e+00
     31.000     30.697     0.2116  28.525598     0.2073  28.517671     7.7375     7.7867     0.8808    88.2524 2.3219e+00  -64.84500  -64.10162 345.395138      99.96 8.4618e+01   2328.962      55896  1027.4894  1027.4851    34.0662    34.0604    8.01836         24 0.0000e+00
     30.000     29.702     0.2082  28.522635     0.2105  28.524302     7.6547     7.7657     1.0240    88.2770 2.5260e+00  -64.84500  -64.10160 345.395189      99.97 8.4618e+01   2333.292      56000  1027.4850  1027.4844    34.0667    34.0663    8.01905         30 0.0000e+00
     29.000     28.714     0.1958  28.508575     0.2040  28.516373     7.6168     7.7353     0.9146    88.2559 2.8358e+00  -64.84500  -64.10161 345.395215      99.97 8.4618e+01   2335.613      56056  1027.4777  1027.4780    34.0625    34.0636    8.02186         33 0.0000e+00
     28.000     27.722     0.1444  28.456375     0.1426  28.462275     7.6312     7.6972     0.8614    88.2288 3.0254e+00  -64.84500  -64.10162 345.395231      99.97 8.4618e+01   2336.961      56088  1027.4778  1027.4761    34.0626    34.0610    8.03265         30 0.0000e+00
     27.000     26.733    -0.0991  28.206141    -0.1368  28.173780     7.6367     7.7151     0.9178    88.2521 3.1639e+00  -64.84500  -64.10162 345.395252      99.96 8.4618e+01   2338.778      56132  1027.4323  1027.4351    33.9905    33.9904    8.08793         30 0.0000e+00
     26.000     25.744    -0.0222  28.292353    -0.0150  28.292057     7.6640     7.7378     0.9686    88.2375 3.5627e+00  -64.84500  -64.10163 345.395401      99.97 8.5173e+01   2351.647      56441  1027.4417  1027.4341    34.0207    34.0124    8.07002         28 0.0000e+00
     25.000     24.753    -0.0821  28.226645    -0.0832  28.224020     7.6350     7.7279     0.9149    88.2751 3.9098e+00  -64.84500  -64.10164 345.395539      99.97 8.4616e+01   2363.613      56728  1027.4225  1027.4205    34.0009    33.9987    8.08374         34 0.0000e+00
     24.000     23.763    -0.1152  28.190350    -0.1212  28.182776     7.6682     7.7250     0.9352    88.2610 4.2089e+00  -64.84500  -64.10164 345.395556      99.97 8.4618e+01   2365.014      56761  1027.4116  1027.4092    33.9901    33.9868    8.09136         38 0.0000e+00
     23.000     22.773    -0.1181  28.183335    -0.1235  28.176756     7.6648     7.7277     1.0390    88.2050 4.3463e+00  -64.84500  -64.10163 345.395587      99.97 8.4618e+01   2367.724      56826  1027.4027  1027.4008    33.9847    33.9820    8.09229         26 0.0000e+00
     22.000     21.784    -0.1301  28.169378    -0.1278  28.171873     7.6803     7.7503     1.0542    88.2161 4.7874e+00  -64.84500  -64.10164 345.395625      99.97 8.4618e+01   2371.028      56906  1027.3948  1027.3952    33.9801    33.9809    8.09509         35 0.0000e+00
     21.000     20.792    -0.1336  28.164100    -0.1367  28.159282     7.7262     7.7590     0.9975    88.1231 5.3015e+00  -64.84500  -64.10164 345.395642      99.97 8.4618e+01   2372.466      56940  1027.3882  1027.3861    33.9776    33.9747    8.09598         30 0.0000e+00
     20.000     19.803    -0.1410  28.151152    -0.1418  28.148785     7.6918     7.7525     0.9518    88.0231 5.7897e+00  -64.84501  -64.10164 345.395657      99.97 8.4618e+01   2373.755      56971  1027.3772  1027.3754    33.9692    33.9670    8.09802         33 0.0000e+00
     19.000     18.813    -0.1302  28.163625    -0.1309  28.161974     7.6816     7.7394     1.1039    87.8997 6.1205e+00  -64.84502  -64.10163 345.395682      99.97 8.4618e+01   2375.911      57023  1027.3757  1027.3745    33.9744    33.9730    8.09544         33 0.0000e+00
     18.000     17.823    -0.1344  28.159419    -0.1307  28.161602     7.7181     7.7809     1.1929    87.9712 7.0504e+00  -64.84502  -64.10164 345.395724      99.97 8.4618e+01   2379.519      57109  1027.3708  1027.3696    33.9740    33.9729    8.09634         30 0.0000e+00
     17.000     16.831    -0.1280  28.163260    -0.1274  28.161598     7.7456     7.7902     1.0120    87.9127 7.8529e+00  -64.84502  -64.10165 345.395740      99.97 8.4618e+01   2380.943      57144  1027.3645  1027.3620    33.9727    33.9698    8.09508         30 0.0000e+00
     16.000     15.843    -0.1100  28.174906    -0.1120  28.171763     7.7383     7.7830     1.0769    87.8241 8.3735e+00  -64.84502  -64.10164 345.395757      99.97 8.4618e+01   2382.448      57180  1027.3551  1027.3537    33.9687    33.9668    8.09148         45 0.0000e+00
     15.000     14.853    -0.1054  28.178109    -0.1166  28.168816     7.7584     7.7967     1.0964    87.7616 8.7650e+00  -64.84502  -64.10163 345.395789      99.97 8.4618e+01   2385.136      57244  1027.3500  1027.3509    33.9685    33.9685    8.09053         40 0.0000e+00
     14.000     13.862    -0.1082  28.175598    -0.1145  28.169536     7.7975     7.8030     1.1973    87.7438 9.7481e+00  -64.84502  -64.10162 345.395813      99.97 8.4121e+01   2387.219      57294  1027.3458  1027.3453    33.9688    33.9679    8.09109         33 0.0000e+00
     13.000     12.873    -0.0856  28.193335    -0.1079  28.173925     7.8441     7.8379     1.1625    87.7605 1.1092e+01  -64.84502  -64.10162 345.395835      99.96 8.2847e+01   2389.130      57340  1027.3385  1027.3394    33.9679    33.9669    8.08636         38 0.0000e+00
     12.000     11.881    -0.0582  28.212223    -0.0691  28.200804     7.8639     7.8972     1.2906    87.7213 1.2346e+01  -64.84502  -64.10164 345.395866      99.97 8.2855e+01   2391.785      57404  1027.3282  1027.3263    33.9631    33.9600    8.08084         41 0.0000e+00
     11.000     10.894    -0.0610  28.208946    -0.0589  28.208494     7.8519     7.8987     1.2077    87.7094 1.3672e+01  -64.84502  -64.10164 345.395884      99.97 8.2855e+01   2393.359      57442  1027.3234  1027.3205    33.9625    33.9595    8.08147         31 0.0000e+00
     10.000      9.901    -0.0586  28.206562    -0.0596  28.203674     7.8317     7.8873     1.1155    87.6234 1.5138e+01  -64.84502  -64.10164 345.395899      99.97 8.2855e+01   2394.682      57473  1027.3143  1027.3120    33.9572    33.9545    8.08126         37 0.0000e+00
      9.000      8.912    -0.0678  28.200335    -0.0669  28.199960     7.8456     7.8907     1.1624    87.5891 1.6833e+01  -64.84502  -64.10164 345.395960      99.97 8.2855e+01   2399.974      57600  1027.3126  1027.3112    33.9598    33.9583    8.08305         37 0.0000e+00
      8.000      7.922    -0.0669  28.199055    -0.0706  28.195947     7.8492     7.8906     1.1868    87.4289 1.9033e+01  -64.84502  -64.10164 345.395985      99.96 8.2855e+01   2402.083      57651  1027.3061  1027.3063    33.9577    33.9577    8.08298         42 0.0000e+00
      7.000      6.935    -0.0867  28.173710    -0.0795  28.180611     7.8505     7.9146     1.2721    87.4072 2.1403e+01  -64.84500  -64.10164 345.396031      99.97 8.2855e+01   2406.124      57748  1027.2940  1027.2944    33.9467    33.9478    8.08780         29 0.0000e+00
      6.000      5.940    -0.0926  28.164858    -0.0851  28.170909     7.8470     7.9214     1.3189    87.2903 2.5233e+01  -64.84502  -64.10164 345.396067      99.97 8.2855e+01   2409.168      57821  1027.2856  1027.2851    33.9421    33.9418    8.08932         42 0.0000e+00
      5.000      4.953     0.0085  28.238026    -0.0265  28.209861     7.8270     7.9074     1.3892    87.0763 2.8442e+01  -64.84501  -64.10165 345.396210      99.97 8.2855e+01   2421.574      58119  1027.2620  1027.2659    33.9273    33.9288    8.06891         39 0.0000e+00
      4.000      3.962     0.0564  28.261336     0.0383  28.246293     7.9086     7.9097     1.4200    86.9383 3.3990e+01  -64.84500  -64.10164 345.396409      99.97 8.3459e+01   2438.728      58530  1027.2383  1027.2387    33.9057    33.9059    8.05993         35 0.0000e+00
      3.000      2.971    -0.0020  28.214258    -0.0159  28.203037     7.8791     7.9087     1.4289    86.9392 3.9746e+01  -64.84500  -64.10164 345.396437      99.97 8.4525e+01   2441.184      58589  1027.2405  1027.2415    33.9087    33.9094    8.07205         39 0.0000e+00
      2.000      1.980     0.0133  28.214917    -0.0190  28.189836     9.0052     9.5724     1.4084    86.9074 4.7717e+01  -64.84500  -64.10164 345.396462      99.97 8.4619e+01   2443.298      58640  1027.2221  1027.2259    33.8933    33.8958    8.06970         37 0.0000e+00
      1.000      0.991    -0.0287  28.175792    -0.0406  28.164470     9.7507     9.4705     1.4256    86.8458 1.1447e+02  -64.84500  -64.10164 345.396484      99.97 8.4618e+01   2445.228      58686  1027.2166  1027.2154    33.8886    33.8868    8.07883         40 0.0000e+00
