NBP2113_155081_ctd/data/unbp2113_032.cnv
* Sea-Bird SBE 9 Data File:
* FileName = D:\Data\raw\NBP2113_032.hex
* Software Version Seasave V 7.26.7.121
* Temperature SN = 2438
* Conductivity SN = 2067
* Number of Bytes Per Scan = 40
* Number of Voltage Words = 5
* Number of Scans Averaged by the Deck Unit = 1
* NMEA Latitude = 65 50.96 S
* NMEA Longitude = 071 22.70 W
* NMEA UTC (Time) = Dec 07 2021  06:49:20
* NMEA baud rate = 9600
** Ship: RVIB N.B. Palmer
** Cruise: NBP2113 LTER
** Station: 300.200
** Operator: B. Urmston
# nquan = 25
# nvalues = 3100                        
# units = specified
# name 0 = prDM: Pressure, Digiquartz [db]
# name 1 = depSM: Depth [salt water, m]
# name 2 = t090C: Temperature [ITS-90, deg C]
# name 3 = c0mS/cm: Conductivity [mS/cm]
# name 4 = t190C: Temperature, 2 [ITS-90, deg C]
# name 5 = c1mS/cm: Conductivity, 2 [mS/cm]
# name 6 = sbeox0ML/L: Oxygen, SBE 43 [ml/l]
# name 7 = sbeox1ML/L: Oxygen, SBE 43, 2 [ml/l]
# name 8 = flECO-AFL: Fluorescence, WET Labs ECO-AFL/FL [mg/m^3]
# name 9 = CStarTr0: Beam Transmission, WET Labs C-Star [%]
# name 10 = par: PAR/Irradiance, Biospherical/Licor
# name 11 = latitude: Latitude [deg]
# name 12 = longitude: Longitude [deg]
# name 13 = timeJ: Julian Days
# name 14 = altM: Altimeter [m]
# name 15 = spar: SPAR, Biospherical/Licor
# name 16 = timeS: Time, Elapsed [seconds]
# name 17 = scan: Scan Count
# name 18 = density00: Density [density, kg/m^3]
# name 19 = density11: Density, 2 [density, kg/m^3]
# name 20 = sal00: Salinity, Practical [PSU]
# name 21 = sal11: Salinity, Practical, 2 [PSU]
# name 22 = oxsolML/L: Oxygen Saturation, Garcia & Gordon [ml/l]
# name 23 = nbin: number of scans per bin
# name 24 = flag: flag
# span 0 =      1.000,   3100.000       
# span 1 =      0.986,   3047.032       
# span 2 =    -0.7213,     2.0337       
# span 3 =  27.681656,  30.755689       
# span 4 =    -0.7209,     2.0332       
# span 5 =  27.681603,  30.754434       
# span 6 =     3.8892,     9.6495       
# span 7 =     3.9481,     9.4562       
# span 8 =    -0.0222,     3.2232       
# span 9 =    89.2440,    96.1844       
# span 10 = 1.0000e-12, 1.0000e-12      
# span 11 =  -65.84929,  -65.84874      
# span 12 =  -71.37828,  -71.37770      
# span 13 = 341.332330, 341.375807      
# span 14 =       9.60,     101.29      
# span 15 = 4.4072e+01, 1.8165e+02      
# span 16 =   4153.280,   7909.685      
# span 17 =      99680,     189833      
# span 18 =  1027.2241,  1042.0855      
# span 19 =  1027.2234,  1042.0845      
# span 20 =    33.8734,    34.7306      
# span 21 =    33.8721,    34.7298      
# span 22 =    7.62309,    8.22324      
# span 23 =         10,         46      
# span 24 = 0.0000e+00, 0.0000e+00      
# interval = decibars: 1                
# start_time = Dec 07 2021 06:49:20 [NMEA time, header]
# bad_flag = -9.990e-29
*END*
[from data line 1102]
   1998.000   1968.894     0.8572  30.421409     0.8571  30.420655     4.4597     4.5290    -0.0092    96.1589 1.0000e-12  -65.84886  -71.37774 341.347387      99.97 9.8721e+01   5454.235     130903  1037.0946  1037.0940    34.7122    34.7114    7.85023         19 0.0000e+00
   1997.000   1967.913     0.8593  30.422751     0.8589  30.421779     4.4718     4.5345    -0.0085    96.1589 1.0000e-12  -65.84886  -71.37774 341.347396      99.97 9.8721e+01   5455.031     130922  1037.0898  1037.0892    34.7122    34.7114    7.84982         19 0.0000e+00
   1996.000   1966.931     0.8599  30.422869     0.8598  30.422147     4.4713     4.5369    -0.0100    96.1589 1.0000e-12  -65.84886  -71.37774 341.347406      99.98 9.8721e+01   5455.896     130943  1037.0852  1037.0846    34.7123    34.7115    7.84970         22 0.0000e+00
   1995.000   1965.951     0.8599  30.422548     0.8602  30.422190     4.4602     4.5309    -0.0080    96.1589 1.0000e-12  -65.84886  -71.37774 341.347418      99.97 9.8721e+01   5456.915     130967  1037.0807  1037.0800    34.7123    34.7115    7.84968         27 0.0000e+00
   1994.000   1964.971     0.8597  30.421911     0.8606  30.422100     4.4668     4.5300    -0.0040    96.1589 1.0000e-12  -65.84886  -71.37774 341.347431      99.98 9.8721e+01   5458.080     130995  1037.0762  1037.0755    34.7123    34.7115    7.84973         28 0.0000e+00
   1993.000   1963.988     0.8608  30.422425     0.8608  30.421892     4.4690     4.5327    -0.0107    96.1589 1.0000e-12  -65.84886  -71.37774 341.347444      99.97 9.8721e+01   5459.175     131021  1037.0715  1037.0709    34.7123    34.7115    7.84952         25 0.0000e+00
   1992.000   1963.007     0.8613  30.422561     0.8611  30.421749     4.4642     4.5304    -0.0128    96.1589 1.0000e-12  -65.84886  -71.37774 341.347457      99.97 9.8721e+01   5460.297     131048  1037.0669  1037.0663    34.7123    34.7115    7.84940         31 0.0000e+00
   1991.000   1962.027     0.8604  30.421300     0.8601  30.420450     4.4644     4.5312    -0.0120    96.1589 1.0000e-12  -65.84886  -71.37774 341.347481      99.97 9.8721e+01   5462.377     131098  1037.0625  1037.0619    34.7123    34.7115    7.84959         34 0.0000e+00
   1990.000   1961.047     0.8601  30.420650     0.8597  30.419654     4.4605     4.5330    -0.0108    96.1589 1.0000e-12  -65.84886  -71.37774 341.347504      99.97 9.8721e+01   5464.336     131145  1037.0580  1037.0574    34.7123    34.7114    7.84965         26 0.0000e+00
   1989.000   1960.067     0.8617  30.421667     0.8614  30.420734     4.4558     4.5346    -0.0108    96.1589 1.0000e-12  -65.84886  -71.37776 341.347515      99.97 9.8721e+01   5465.285     131168  1037.0533  1037.0526    34.7123    34.7114    7.84933         21 0.0000e+00
   1988.000   1959.086     0.8623  30.421812     0.8623  30.421206     4.4639     4.5396    -0.0097    96.1589 1.0000e-12  -65.84886  -71.37776 341.347524      99.97 9.8721e+01   5466.090     131187  1037.0487  1037.0481    34.7123    34.7116    7.84920         18 0.0000e+00
   1987.000   1958.102     0.8625  30.421555     0.8624  30.420752     4.4701     4.5375    -0.0101    96.1589 1.0000e-12  -65.84886  -71.37776 341.347533      99.98 9.8721e+01   5466.849     131205  1037.0441  1037.0434    34.7123    34.7114    7.84917         18 0.0000e+00
   1986.000   1957.123     0.8626  30.421261     0.8626  30.420577     4.4675     4.5332    -0.0105    96.1589 1.0000e-12  -65.84886  -71.37776 341.347542      99.98 9.8721e+01   5467.609     131224  1037.0396  1037.0389    34.7123    34.7115    7.84913         18 0.0000e+00
   1985.000   1956.143     0.8627  30.420970     0.8627  30.420354     4.4573     4.5298    -0.0158    96.1589 1.0000e-12  -65.84886  -71.37776 341.347551      99.97 9.8721e+01   5468.404     131243  1037.0350  1037.0344    34.7124    34.7116    7.84912         20 0.0000e+00
   1984.000   1955.160     0.8628  30.420629     0.8628  30.420052     4.4625     4.5317    -0.0088    96.1589 1.0000e-12  -65.84886  -71.37776 341.347561      99.97 9.8721e+01   5469.257     131263  1037.0305  1037.0299    34.7124    34.7116    7.84910         22 0.0000e+00
   1983.000   1954.180     0.8636  30.420939     0.8637  30.420367     4.4622     4.5317    -0.0040    96.1589 1.0000e-12  -65.84888  -71.37774 341.347572      99.97 9.8721e+01   5470.187     131285  1037.0259  1037.0252    34.7124    34.7115    7.84893         23 0.0000e+00
   1982.000   1953.200     0.8641  30.421023     0.8640  30.420285     4.4701     4.5291    -0.0092    96.1589 1.0000e-12  -65.84888  -71.37774 341.347584      99.97 9.8721e+01   5471.228     131310  1037.0213  1037.0207    34.7125    34.7116    7.84884         27 0.0000e+00
   1981.000   1952.218     0.8635  30.419933     0.8636  30.419499     4.4671     4.5286    -0.0070    96.1589 1.0000e-12  -65.84888  -71.37774 341.347606      99.97 9.8721e+01   5473.154     131357  1037.0167  1037.0162    34.7122    34.7116    7.84897         39 0.0000e+00
   1980.000   1951.238     0.8621  30.418340     0.8622  30.417780     4.4680     4.5353    -0.0099    96.1535 1.0000e-12  -65.84888  -71.37775 341.347648      99.97 9.8721e+01   5476.797     131444  1037.0124  1037.0117    34.7122    34.7115    7.84924         25 0.0000e+00
   1979.000   1950.256     0.8641  30.419785     0.8634  30.418513     4.4595     4.5408    -0.0097    96.1546 1.0000e-12  -65.84888  -71.37776 341.347657      99.97 9.8721e+01   5477.534     131462  1037.0077  1037.0071    34.7124    34.7116    7.84883         18 0.0000e+00
   1978.000   1949.278     0.8673  30.422211     0.8671  30.421372     4.4564     4.5352    -0.0022    96.1345 1.0000e-12  -65.84888  -71.37776 341.347665      99.97 9.8721e+01   5478.221     131478  1037.0028  1037.0021    34.7126    34.7117    7.84819         15 0.0000e+00
   1977.000   1948.294     0.8698  30.423962     0.8695  30.423178     4.4522     4.5294    -0.0018    96.1526 1.0000e-12  -65.84888  -71.37776 341.347672      99.97 9.8721e+01   5478.854     131493  1036.9979  1036.9974    34.7125    34.7118    7.84768         15 0.0000e+00
   1976.000   1947.313     0.8721  30.425703     0.8723  30.425221     4.4499     4.5301    -0.0087    96.1590 1.0000e-12  -65.84888  -71.37776 341.347679      99.97 9.8721e+01   5479.465     131508  1036.9932  1036.9925    34.7127    34.7119    7.84721         15 0.0000e+00
   1975.000   1946.334     0.8742  30.427039     0.8738  30.426194     4.4455     4.5299    -0.0101    96.1589 1.0000e-12  -65.84888  -71.37776 341.347686      99.97 9.8721e+01   5480.080     131523  1036.9883  1036.9878    34.7127    34.7120    7.84680         15 0.0000e+00
   1974.000   1945.352     0.8748  30.427040     0.8743  30.426174     4.4479     4.5280    -0.0100    96.1509 1.0000e-12  -65.84888  -71.37776 341.347693      99.97 9.8721e+01   5480.727     131538  1036.9836  1036.9832    34.7125    34.7120    7.84668         16 0.0000e+00
   1973.000   1944.372     0.8743  30.426550     0.8747  30.426204     4.4578     4.5257    -0.0058    96.1387 1.0000e-12  -65.84888  -71.37776 341.347702      99.98 9.8721e+01   5481.447     131556  1036.9794  1036.9787    34.7129    34.7121    7.84675         19 0.0000e+00
   1972.000   1943.390     0.8749  30.426548     0.8740  30.425032     4.4660     4.5226    -0.0025    96.1532 1.0000e-12  -65.84888  -71.37774 341.347712      99.97 9.8721e+01   5482.359     131578  1036.9747  1036.9741    34.7128    34.7118    7.84664         27 0.0000e+00
   1971.000   1942.409     0.8718  30.423367     0.8717  30.422676     4.4653     4.5275    -0.0070    96.1588 1.0000e-12  -65.84888  -71.37774 341.347740      99.97 9.8721e+01   5484.745     131635  1036.9706  1036.9700    34.7127    34.7119    7.84728         33 0.0000e+00
   1970.000   1941.429     0.8702  30.421467     0.8695  30.420310     4.4659     4.5263    -0.0145    96.1589 1.0000e-12  -65.84888  -71.37776 341.347772      99.97 9.8721e+01   5487.530     131702  1036.9662  1036.9657    34.7125    34.7118    7.84761         35 0.0000e+00
   1969.000   1940.447     0.8709  30.421872     0.8704  30.420660     4.4619     4.5245    -0.0036    96.1589 1.0000e-12  -65.84888  -71.37776 341.347785      99.97 9.8721e+01   5488.665     131729  1036.9617  1036.9611    34.7127    34.7118    7.84744         25 0.0000e+00
   1968.000   1939.467     0.8722  30.422621     0.8727  30.422353     4.4521     4.5271    -0.0109    96.1589 1.0000e-12  -65.84889  -71.37776 341.347797      99.97 9.8721e+01   5489.641     131752  1036.9570  1036.9562    34.7128    34.7119    7.84718         21 0.0000e+00
   1967.000   1938.487     0.8761  30.425444     0.8759  30.424803     4.4639     4.5273    -0.0095    96.1589 1.0000e-12  -65.84890  -71.37776 341.347807      99.97 9.8721e+01   5490.484     131773  1036.9519  1036.9513    34.7127    34.7120    7.84642         20 0.0000e+00
   1966.000   1937.506     0.8777  30.426591     0.8777  30.425958     4.4515     4.5218    -0.0141    96.1589 1.0000e-12  -65.84890  -71.37776 341.347815      99.97 9.8721e+01   5491.259     131791  1036.9473  1036.9466    34.7129    34.7121    7.84608         18 0.0000e+00
   1965.000   1936.524     0.8791  30.427533     0.8793  30.427056     4.4461     4.5249    -0.0190    96.1589 1.0000e-12  -65.84890  -71.37776 341.347824      99.97 9.8721e+01   5491.999     131809  1036.9426  1036.9419    34.7130    34.7122    7.84578         18 0.0000e+00
   1964.000   1935.542     0.8805  30.428319     0.8802  30.427361     4.4555     4.5295    -0.0179    96.1589 1.0000e-12  -65.84890  -71.37776 341.347833      99.97 9.8721e+01   5492.763     131827  1036.9380  1036.9373    34.7130    34.7122    7.84551         18 0.0000e+00
   1963.000   1934.562     0.8807  30.428118     0.8807  30.427364     4.4614     4.5276    -0.0178    96.1589 1.0000e-12  -65.84890  -71.37775 341.347842      99.97 9.8721e+01   5493.574     131847  1036.9334  1036.9326    34.7131    34.7121    7.84546         21 0.0000e+00
   1962.000   1933.581     0.8809  30.427824     0.8806  30.427025     4.4620     4.5210    -0.0174    96.1589 1.0000e-12  -65.84890  -71.37775 341.347853      99.97 9.8721e+01   5494.512     131869  1036.9288  1036.9282    34.7130    34.7123    7.84543         25 0.0000e+00
   1961.000   1932.599     0.8792  30.425857     0.8793  30.425332     4.4631     4.5205    -0.0134    96.1589 1.0000e-12  -65.84890  -71.37775 341.347868      99.97 9.8721e+01   5495.788     131900  1036.9243  1036.9237    34.7128    34.7120    7.84577         36 0.0000e+00
   1960.000   1931.619     0.8787  30.424990     0.8782  30.424036     4.4588     4.5272    -0.0164    96.1589 1.0000e-12  -65.84890  -71.37774 341.347905      99.97 9.8721e+01   5499.015     131977  1036.9200  1036.9195    34.7129    34.7122    7.84588         30 0.0000e+00
   1959.000   1930.640     0.8797  30.425544     0.8795  30.424711     4.4596     4.5252    -0.0023    96.1589 1.0000e-12  -65.84890  -71.37776 341.347921      99.98 9.9314e+01   5500.389     132010  1036.9154  1036.9147    34.7130    34.7120    7.84567         21 0.0000e+00
   1958.000   1929.657     0.8805  30.425800     0.8803  30.425069     4.4596     4.5231    -0.0125    96.1589 1.0000e-12  -65.84890  -71.37776 341.347930      99.97 9.8918e+01   5501.184     132029  1036.9107  1036.9101    34.7129    34.7122    7.84551         18 0.0000e+00
   1957.000   1928.677     0.8820  30.426762     0.8821  30.426278     4.4610     4.5228    -0.0150    96.1589 1.0000e-12  -65.84890  -71.37776 341.347939      99.97 9.9029e+01   5501.901     132047  1036.9060  1036.9054    34.7130    34.7122    7.84520         17 0.0000e+00
   1956.000   1927.693     0.8836  30.427847     0.8838  30.427427     4.4580     4.5261    -0.0031    96.1589 1.0000e-12  -65.84890  -71.37776 341.347947      99.97 9.9545e+01   5502.620     132064  1036.9013  1036.9006    34.7131    34.7123    7.84487         17 0.0000e+00
   1955.000   1926.715     0.8850  30.428668     0.8852  30.428239     4.4583     4.5256    -0.0081    96.1589 1.0000e-12  -65.84890  -71.37776 341.347956      99.98 9.9512e+01   5503.402     132083  1036.8967  1036.8960    34.7132    34.7123    7.84459         20 0.0000e+00
   1954.000   1925.733     0.8855  30.428817     0.8854  30.427981     4.4531     4.5232    -0.0106    96.1589 1.0000e-12  -65.84890  -71.37776 341.347967      99.97 9.8978e+01   5504.323     132105  1036.8921  1036.8914    34.7133    34.7124    7.84447         25 0.0000e+00
   1953.000   1924.752     0.8859  30.428613     0.8854  30.427608     4.4577     4.5213    -0.0118    96.1589 1.0000e-12  -65.84890  -71.37776 341.347979      99.97 9.8722e+01   5505.412     132131  1036.8874  1036.8869    34.7131    34.7124    7.84441         27 0.0000e+00
   1952.000   1923.770     0.8861  30.428440     0.8857  30.427438     4.4544     4.5236    -0.0135    96.1589 1.0000e-12  -65.84890  -71.37776 341.347993      99.97 9.8721e+01   5506.567     132159  1036.8829  1036.8824    34.7132    34.7124    7.84436         28 0.0000e+00
   1951.000   1922.790     0.8865  30.428307     0.8859  30.427145     4.4650     4.5252    -0.0139    96.1589 1.0000e-12  -65.84890  -71.37776 341.348007      99.97 9.8721e+01   5507.807     132188  1036.8783  1036.8777    34.7131    34.7123    7.84429         33 0.0000e+00
   1950.000   1921.809     0.8849  30.426499     0.8845  30.425467     4.4563     4.5248    -0.0102    96.1589 1.0000e-12  -65.84890  -71.37776 341.348027      99.97 9.8721e+01   5509.575     132231  1036.8739  1036.8734    34.7130    34.7122    7.84461         41 0.0000e+00
   1949.000   1920.828     0.8855  30.426698     0.8847  30.425333     4.4634     4.5243    -0.0118    96.1589 1.0000e-12  -65.84890  -71.37776 341.348050      99.97 9.8721e+01   5511.509     132277  1036.8694  1036.8689    34.7132    34.7124    7.84449         36 0.0000e+00
   1948.000   1919.847     0.8864  30.427093     0.8860  30.426215     4.4555     4.5202    -0.0163    96.1589 1.0000e-12  -65.84890  -71.37776 341.348065      99.97 9.8721e+01   5512.802     132308  1036.8648  1036.8643    34.7132    34.7125    7.84431         29 0.0000e+00
   1947.000   1918.866     0.8935  30.433025     0.8928  30.431988     4.4480     4.5194    -0.0104    96.1589 1.0000e-12  -65.84890  -71.37777 341.348078      99.97 9.9610e+01   5513.907     132335  1036.8595  1036.8591    34.7135    34.7129    7.84287         24 0.0000e+00
   1946.000   1917.884     0.8962  30.434896     0.8959  30.434042     4.4437     4.5188    -0.0108    96.1589 1.0000e-12  -65.84890  -71.37778 341.348088      99.98 1.0041e+02   5514.847     132357  1036.8545  1036.8540    34.7134    34.7127    7.84232         21 0.0000e+00
   1945.000   1916.904     0.8970  30.435254     0.8967  30.434445     4.4490     4.5207    -0.0189    96.1589 1.0000e-12  -65.84890  -71.37778 341.348098      99.97 9.9982e+01   5515.664     132377  1036.8499  1036.8495    34.7135    34.7128    7.84215         18 0.0000e+00
   1944.000   1915.922     0.8973  30.434790     0.8972  30.434468     4.4446     4.5193    -0.0183    96.1589 1.0000e-12  -65.84890  -71.37778 341.348107      99.97 9.9209e+01   5516.397     132395  1036.8450  1036.8448    34.7131    34.7128    7.84211         18 0.0000e+00
   1943.000   1914.943     0.8975  30.434933     0.8973  30.434082     4.4397     4.5182    -0.0176    96.1589 1.0000e-12  -65.84890  -71.37778 341.348115      99.97 9.8725e+01   5517.119     132412  1036.8409  1036.8403    34.7136    34.7128    7.84205         17 0.0000e+00
   1942.000   1913.961     0.8976  30.434535     0.8974  30.433846     4.4491     4.5201    -0.0120    96.1589 1.0000e-12  -65.84890  -71.37777 341.348124      99.97 9.8721e+01   5517.893     132430  1036.8363  1036.8358    34.7135    34.7128    7.84204         21 0.0000e+00
