NBP2113_155081_ctd/data/unbp2113_027.cnv
* Sea-Bird SBE 9 Data File:
* FileName = D:\Data\raw\NBP2113_027.hex
* Software Version Seasave V 7.26.7.121
* Temperature SN = 2438
* Conductivity SN = 2067
* Number of Bytes Per Scan = 40
* Number of Voltage Words = 5
* Number of Scans Averaged by the Deck Unit = 1
* NMEA Latitude = 68 01.82 S
* NMEA Longitude = 069 17.07 W
* NMEA UTC (Time) = Dec 04 2021  08:59:20
* NMEA baud rate = 9600
** Ship: RVIB N.B. Palmer
** Cruise: NBP2113 LTER
** Station: 200.-040
** Operator: B. Urmston
# nquan = 25
# nvalues = 428                         
# units = specified
# name 0 = prDM: Pressure, Digiquartz [db]
# name 1 = depSM: Depth [salt water, m]
# name 2 = t090C: Temperature [ITS-90, deg C]
# name 3 = c0mS/cm: Conductivity [mS/cm]
# name 4 = t190C: Temperature, 2 [ITS-90, deg C]
# name 5 = c1mS/cm: Conductivity, 2 [mS/cm]
# name 6 = sbeox0ML/L: Oxygen, SBE 43 [ml/l]
# name 7 = sbeox1ML/L: Oxygen, SBE 43, 2 [ml/l]
# name 8 = flECO-AFL: Fluorescence, WET Labs ECO-AFL/FL [mg/m^3]
# name 9 = CStarTr0: Beam Transmission, WET Labs C-Star [%]
# name 10 = par: PAR/Irradiance, Biospherical/Licor
# name 11 = latitude: Latitude [deg]
# name 12 = longitude: Longitude [deg]
# name 13 = timeJ: Julian Days
# name 14 = altM: Altimeter [m]
# name 15 = spar: SPAR, Biospherical/Licor
# name 16 = timeS: Time, Elapsed [seconds]
# name 17 = scan: Scan Count
# name 18 = density00: Density [density, kg/m^3]
# name 19 = density11: Density, 2 [density, kg/m^3]
# name 20 = sal00: Salinity, Practical [PSU]
# name 21 = sal11: Salinity, Practical, 2 [PSU]
# name 22 = oxsolML/L: Oxygen Saturation, Garcia & Gordon [ml/l]
# name 23 = nbin: number of scans per bin
# name 24 = flag: flag
# span 0 =      1.000,    428.000       
# span 1 =      0.990,    423.281       
# span 2 =    -1.1606,     1.3679       
# span 3 =  27.229793,  30.160630       
# span 4 =    -1.1648,     1.3680       
# span 5 =  27.229728,  30.159345       
# span 6 =     4.0084,     9.6185       
# span 7 =     4.0664,    10.1505       
# span 8 =    -0.0179,     2.2650       
# span 9 =    88.6782,    96.6807       
# span 10 = 1.0000e-12, 1.3894e+02      
# span 11 =  -68.03038,  -68.03008      
# span 12 =  -69.28466,  -69.28437      
# span 13 = 338.385657, 338.398510      
# span 14 =       3.59,     100.27      
# span 15 = 1.3917e+02, 1.4457e+02      
# span 16 =    960.772,   2071.290      
# span 17 =      23060,      49712      
# span 18 =  1027.1866,  1029.7734      
# span 19 =  1027.1855,  1029.7726      
# span 20 =    33.8056,    34.6755      
# span 21 =    33.8041,    34.6743      
# span 22 =    7.75048,    8.32648      
# span 23 =         17,         47      
# span 24 = 0.0000e+00, 0.0000e+00      
# interval = decibars: 1                
# start_time = Dec 04 2021 08:59:20 [NMEA time, header]
# bad_flag = -9.990e-29
*END*
[from data line 406]
     22.000     21.778    -0.9148  27.388432    -0.9149  27.387190     8.2395     8.2824     2.1652    88.7704 4.2775e+00  -68.03012  -69.28442 338.397052      99.97 1.3927e+02   1945.288      46688  1027.2898  1027.2886    33.8081    33.8066    8.27454         38 0.0000e+00
     21.000     20.788    -0.9140  27.388673    -0.9146  27.387065     8.2447     8.2789     2.0506    88.8484 4.7612e+00  -68.03012  -69.28442 338.397073      99.97 1.3927e+02   1947.115      46732  1027.2850  1027.2838    33.8082    33.8067    8.27436         41 0.0000e+00
     20.000     19.797    -0.9151  27.386957    -0.9161  27.385037     8.2209     8.2856     2.0842    88.8630 5.2894e+00  -68.03012  -69.28441 338.397111      99.97 1.3927e+02   1950.351      46809  1027.2800  1027.2788    33.8078    33.8063    8.27464         24 0.0000e+00
     19.000     18.810    -0.9169  27.384802    -0.9173  27.383482     8.2269     8.2925     2.1013    88.8803 6.1475e+00  -68.03012  -69.28441 338.397136      99.97 1.3927e+02   1952.542      46862  1027.2750  1027.2739    33.8074    33.8060    8.27504         37 0.0000e+00
     18.000     17.820    -0.9198  27.381434    -0.9193  27.381035     8.2401     8.2904     2.1445    88.8361 6.9325e+00  -68.03012  -69.28443 338.397176      99.97 1.3927e+02   1955.992      46945  1027.2698  1027.2688    33.8068    33.8056    8.27573         34 0.0000e+00
     17.000     16.829    -0.9201  27.380606    -0.9200  27.379854     8.2481     8.2899     2.0439    88.8076 7.5646e+00  -68.03012  -69.28444 338.397218      99.97 1.3927e+02   1959.641      47032  1027.2649  1027.2639    33.8066    33.8055    8.27581         31 0.0000e+00
     16.000     15.841    -0.9194  27.380945    -0.9198  27.379519     8.2311     8.2936     2.1755    88.8630 9.1019e+00  -68.03012  -69.28442 338.397262      99.97 1.3927e+02   1963.421      47123  1027.2602  1027.2590    33.8069    33.8053    8.27563         36 0.0000e+00
     15.000     14.850    -0.9209  27.379010    -0.9215  27.377399     8.2316     8.2914     2.0154    88.8299 1.0574e+01  -68.03012  -69.28442 338.397325      99.97 1.3927e+02   1968.881      47254  1027.2552  1027.2540    33.8065    33.8050    8.27598         41 0.0000e+00
     14.000     13.861    -0.9205  27.379040    -0.9210  27.377411     8.2532     8.2915     2.1624    88.8745 1.1232e+01  -68.03012  -69.28442 338.397755      99.97 1.3927e+02   2006.013      48145  1027.2505  1027.2492    33.8067    33.8051    8.27587         40 0.0000e+00
     13.000     12.870    -0.9205  27.378469    -0.9208  27.377117     8.2292     8.2973     2.1273    88.8382 1.2956e+01  -68.03013  -69.28442 338.397788      99.97 1.3927e+02   2008.857      48214  1027.2456  1027.2444    33.8066    33.8051    8.27588         39 0.0000e+00
     12.000     11.879    -0.9192  27.379132    -0.9206  27.376830     8.2555     8.3008     2.0336    88.7316 1.4701e+01  -68.03014  -69.28442 338.397808      99.97 1.3927e+02   2010.579      48255  1027.2408  1027.2396    33.8066    33.8051    8.27559         36 0.0000e+00
     11.000     10.889    -0.9121  27.384548    -0.9112  27.384068     8.2486     8.3021     2.1782    88.6782 1.7393e+01  -68.03013  -69.28442 338.397832      99.97 1.3927e+02   2012.640      48304  1027.2356  1027.2340    33.8067    33.8050    8.27404         39 0.0000e+00
     10.000      9.901    -0.9024  27.391668    -0.9045  27.388863     8.2632     8.3034     2.1577    88.7691 2.0004e+01  -68.03012  -69.28442 338.397858      99.96 1.3927e+02   2014.963      48360  1027.2297  1027.2287    33.8061    33.8046    8.27194         45 0.0000e+00
      9.000      8.909    -0.9057  27.388404    -0.9075  27.385736     8.2465     8.2984     2.2650    88.8780 2.2723e+01  -68.03012  -69.28442 338.397889      99.97 1.3927e+02   2017.602      48423  1027.2251  1027.2240    33.8059    33.8044    8.27267         38 0.0000e+00
      8.000      7.919    -0.9042  27.389145    -0.9061  27.386420     8.2905     8.2933     2.0441    88.8147 2.5380e+01  -68.03012  -69.28442 338.397914      99.97 1.3927e+02   2019.743      48475  1027.2202  1027.2191    33.8059    33.8043    8.27234         41 0.0000e+00
      7.000      6.931    -0.9054  27.387541    -0.9069  27.385340     8.3648     8.3035     2.2231    88.8964 3.0189e+01  -68.03012  -69.28442 338.397939      99.97 1.3927e+02   2021.976      48528  1027.2154  1027.2144    33.8057    33.8044    8.27263         41 0.0000e+00
      6.000      5.940    -0.9051  27.387365    -0.9055  27.385890     8.1232     8.3021     1.9857    88.7825 3.3948e+01  -68.03012  -69.28442 338.397967      99.97 1.3927e+02   2024.342      48585  1027.2106  1027.2094    33.8057    33.8042    8.27255         46 0.0000e+00
      5.000      4.949    -0.9046  27.387212    -0.9047  27.386051     8.1185     8.2997     2.1541    88.7431 3.9312e+01  -68.03012  -69.28442 338.397991      99.97 1.3927e+02   2026.407      48635  1027.2057  1027.2045    33.8056    33.8041    8.27245         39 0.0000e+00
      4.000      3.965    -0.9054  27.386093    -0.9060  27.384570     8.3445     8.2972     2.0930    88.8540 4.8055e+01  -68.03012  -69.28441 338.398033      99.96 1.3927e+02   2030.022      48722  1027.2010  1027.1999    33.8056    33.8042    8.27263         35 0.0000e+00
      3.000      2.969    -0.9050  27.386000    -0.9054  27.384563     8.4005     8.2950     2.0176    88.7531 5.6402e+01  -68.03012  -69.28442 338.398378      89.23 1.3927e+02   2059.882      49438  1027.1962  1027.1950    33.8056    33.8041    8.27253         29 0.0000e+00
      2.000      1.981    -0.9047  27.385740    -0.9054  27.384207     8.7453     8.7144     1.9430    88.7775 6.6560e+01  -68.03012  -69.28442 338.398462      61.25 1.3927e+02   2067.115      49612  1027.1914  1027.1903    33.8056    33.8042    8.27248         29 0.0000e+00
      1.000      0.990    -0.9049  27.385102    -0.9055  27.383601     9.6185    10.1505     1.8444    88.7698 1.3894e+02  -68.03012  -69.28442 338.398510       3.59 1.3927e+02   2071.290      49712  1027.1866  1027.1855    33.8056    33.8041    8.27253         29 0.0000e+00
