NBP2113_155081_ctd/data/unbp2113_057.cnv
* Sea-Bird SBE 9 Data File:
* FileName = D:\Data\raw\NBP2113_057.hex
* Software Version Seasave V 7.26.7.121
* Temperature SN = 2438
* Conductivity SN = 2067
* Number of Bytes Per Scan = 40
* Number of Voltage Words = 5
* Number of Scans Averaged by the Deck Unit = 1
* NMEA Latitude = 64 55.49 S
* NMEA Longitude = 064 36.97 W
* NMEA UTC (Time) = Dec 12 2021  00:03:38
* NMEA baud rate = 9600
** Ship: RVIB N.B. Palmer
** Cruise: NBP2113 LTER
** Station: 594.048
** Operator: S. Blackman
# nquan = 25
# nvalues = 1065                        
# units = specified
# name 0 = prDM: Pressure, Digiquartz [db]
# name 1 = depSM: Depth [salt water, m]
# name 2 = t090C: Temperature [ITS-90, deg C]
# name 3 = c0mS/cm: Conductivity [mS/cm]
# name 4 = t190C: Temperature, 2 [ITS-90, deg C]
# name 5 = c1mS/cm: Conductivity, 2 [mS/cm]
# name 6 = sbeox0ML/L: Oxygen, SBE 43 [ml/l]
# name 7 = sbeox1ML/L: Oxygen, SBE 43, 2 [ml/l]
# name 8 = flECO-AFL: Fluorescence, WET Labs ECO-AFL/FL [mg/m^3]
# name 9 = CStarTr0: Beam Transmission, WET Labs C-Star [%]
# name 10 = par: PAR/Irradiance, Biospherical/Licor
# name 11 = latitude: Latitude [deg]
# name 12 = longitude: Longitude [deg]
# name 13 = timeJ: Julian Days
# name 14 = altM: Altimeter [m]
# name 15 = spar: SPAR, Biospherical/Licor
# name 16 = timeS: Time, Elapsed [seconds]
# name 17 = scan: Scan Count
# name 18 = density00: Density [density, kg/m^3]
# name 19 = density11: Density, 2 [density, kg/m^3]
# name 20 = sal00: Salinity, Practical [PSU]
# name 21 = sal11: Salinity, Practical, 2 [PSU]
# name 22 = oxsolML/L: Oxygen Saturation, Garcia & Gordon [ml/l]
# name 23 = nbin: number of scans per bin
# name 24 = flag: flag
# span 0 =      1.000,   1065.000       
# span 1 =      0.994,   1051.869       
# span 2 =    -0.5691,     1.4777       
# span 3 =  27.538261,  30.540679       
# span 4 =    -0.5689,     1.4775       
# span 5 =  27.533561,  30.539512       
# span 6 =     4.0429,    10.2282       
# span 7 =     4.1021,     9.3255       
# span 8 =    -0.0220,     1.9702       
# span 9 =    82.1283,    90.7930       
# span 10 = 1.0000e-12, 1.9416e+01      
# span 11 =  -64.92494,  -64.92480      
# span 12 =  -64.61658,  -64.61486      
# span 13 = 346.022892, 346.049533      
# span 14 =       1.12,     101.33      
# span 15 = 1.2340e+01, 5.1124e+01      
# span 16 =   1759.822,   4061.627      
# span 17 =      42237,      97480      
# span 18 =  1027.0309,  1032.7266      
# span 19 =  1027.0298,  1032.7255      
# span 20 =    33.6281,    34.6771      
# span 21 =    33.6264,    34.6755      
# span 22 =    7.72881,    8.20890      
# span 23 =         10,         48      
# span 24 = 0.0000e+00, 0.0000e+00      
# interval = decibars: 1                
# start_time = Dec 12 2021 00:03:38 [NMEA time, header]
# bad_flag = -9.990e-29
*END*
[from data line 928]
    137.000    135.614     0.5781  29.192696     0.5772  29.191070     5.1495     5.1925     0.0142    90.4593 1.0000e-12  -64.92490  -64.61603 346.045703      99.97 1.7629e+01   3730.737      89539  1028.2962  1028.2955    34.4694    34.4682    7.92022         23 0.0000e+00
    136.000    134.622     0.5741  29.188376     0.5730  29.186384     5.1635     5.1978     0.0143    90.4474 1.0000e-12  -64.92490  -64.61603 346.045715      99.97 1.7629e+01   3731.767      89563  1028.2913  1028.2903    34.4688    34.4675    7.92107         26 0.0000e+00
    135.000    133.634     0.5692  29.183200     0.5681  29.181116     5.1811     5.2104     0.0140    90.4465 1.0000e-12  -64.92490  -64.61602 346.045727      99.97 1.7629e+01   3732.835      89589  1028.2863  1028.2852    34.4681    34.4666    7.92211         25 0.0000e+00
    134.000    132.645     0.5539  29.166785     0.5538  29.166189     5.1889     5.2181     0.0209    90.4425 1.0000e-12  -64.92490  -64.61602 346.045739      99.97 1.7629e+01   3733.876      89614  1028.2798  1028.2792    34.4643    34.4636    7.92545         26 0.0000e+00
    133.000    131.654     0.5477  29.158997     0.5465  29.156987     5.1580     5.2187     0.0261    90.4388 1.0000e-12  -64.92490  -64.61601 346.045756      99.97 1.7629e+01   3735.284      89648  1028.2732  1028.2723    34.4617    34.4604    7.92686         41 0.0000e+00
    132.000    130.665     0.5631  29.174488     0.5486  29.159175     5.2089     5.2451     0.0125    90.4140 1.0000e-12  -64.92490  -64.61602 346.045782      99.97 1.7577e+01   3737.573      89703  1028.2698  1028.2681    34.4653    34.4615    7.92351         33 0.0000e+00
    131.000    129.674     0.5271  29.138656     0.5221  29.132569     5.2857     5.2912     0.0144    90.4338 1.0000e-12  -64.92490  -64.61602 346.045800      99.97 1.7176e+01   3739.151      89741  1028.2633  1028.2617    34.4593    34.4569    7.93122         28 0.0000e+00
    130.000    128.687     0.4919  29.102757     0.5092  29.119055     5.3182     5.3190     0.0084    90.4331 1.0000e-12  -64.92490  -64.61602 346.045812      99.97 1.6159e+01   3740.174      89765  1028.2559  1028.2558    34.4522    34.4542    7.93883         22 0.0000e+00
    129.000    127.698     0.4559  29.064354     0.4639  29.072633     5.3222     5.3283     0.0081    90.4167 1.0000e-12  -64.92490  -64.61604 346.045822      99.97 1.5866e+01   3741.000      89785  1028.2465  1028.2472    34.4428    34.4447    7.94675         19 0.0000e+00
    128.000    126.706     0.4545  29.061451     0.4545  29.061165     5.3152     5.3289     0.0138    90.3984 1.0000e-12  -64.92490  -64.61604 346.045830      99.97 1.5866e+01   3741.744      89803  1028.2404  1028.2400    34.4412    34.4408    7.94713         17 0.0000e+00
    127.000    125.715     0.4525  29.058902     0.4520  29.057790     5.2970     5.3242     0.0201    90.3909 1.0000e-12  -64.92490  -64.61604 346.045839      99.97 1.5866e+01   3742.521      89821  1028.2351  1028.2344    34.4407    34.4398    7.94757         20 0.0000e+00
    126.000    124.727     0.4535  29.059099     0.4519  29.057402     5.2928     5.3220     0.0215    90.3909 1.0000e-12  -64.92490  -64.61604 346.045850      99.97 1.5866e+01   3743.462      89844  1028.2298  1028.2295    34.4404    34.4399    7.94738         27 0.0000e+00
    125.000    123.737     0.4619  29.067732     0.4605  29.064911     5.2959     5.3417     0.0237    90.3919 1.0000e-12  -64.92490  -64.61602 346.045868      99.97 1.5866e+01   3745.021      89882  1028.2259  1028.2243    34.4429    34.4408    7.94551         32 0.0000e+00
    124.000    122.748     0.4544  29.059904     0.4367  29.041942     5.3216     5.3617     0.0215    90.4042 1.0000e-12  -64.92490  -64.61600 346.045894      99.97 1.5866e+01   3747.286      89936  1028.2203  1028.2187    34.4416    34.4379    7.94711         40 0.0000e+00
    123.000    121.758     0.4429  29.048328     0.4388  29.043251     5.3984     5.4066     0.0259    90.3866 1.0000e-12  -64.92490  -64.61601 346.045910      99.97 1.5866e+01   3748.636      89968  1028.2151  1028.2136    34.4399    34.4378    7.94958         26 0.0000e+00
    122.000    120.769     0.4105  29.015765     0.4040  29.009455     5.4399     5.4411     0.0186    90.3767 1.0000e-12  -64.92490  -64.61602 346.045921      99.97 1.5866e+01   3749.567      89991  1028.2084  1028.2080    34.4340    34.4331    7.95657         20 0.0000e+00
    121.000    119.781     0.3805  28.985360     0.3755  28.979515     5.4268     5.4515     0.0046    90.3625 1.0000e-12  -64.92490  -64.61602 346.045930      99.97 1.5769e+01   3750.346      90009  1028.2012  1028.2000    34.4283    34.4263    7.96308         18 0.0000e+00
    120.000    118.789     0.3635  28.965879     0.3651  28.966826     5.4059     5.4428     0.0165    90.3370 1.0000e-12  -64.92490  -64.61602 346.045939      99.97 1.5479e+01   3751.093      90027  1028.1930  1028.1924    34.4224    34.4218    7.96693         18 0.0000e+00
    119.000    117.800     0.3574  28.959072     0.3525  28.953994     5.3996     5.4395     0.0238    90.3141 1.0000e-12  -64.92490  -64.61602 346.045948      99.97 1.4677e+01   3751.924      90047  1028.1873  1028.1866    34.4209    34.4196    7.96827         22 0.0000e+00
    118.000    116.811     0.3791  28.979657     0.3576  28.957141     5.4071     5.4425     0.0286    90.3252 1.0000e-12  -64.92490  -64.61602 346.045961      99.97 1.4108e+01   3753.058      90074  1028.1829  1028.1803    34.4242    34.4187    7.96360         31 0.0000e+00
    117.000    115.821     0.3681  28.969132     0.3690  28.969531     5.3866     5.4467     0.0258    90.3201 1.0000e-12  -64.92490  -64.61600 346.045987      99.97 1.4103e+01   3755.243      90127  1028.1779  1028.1773    34.4233    34.4228    7.96592         42 0.0000e+00
    116.000    114.832     0.3738  28.975430     0.3633  28.964055     5.5357     5.5360     0.0341    90.3199 1.0000e-12  -64.92490  -64.61598 346.046011      99.97 1.4103e+01   3757.385      90178  1028.1743  1028.1728    34.4257    34.4227    7.96460         29 0.0000e+00
    115.000    113.841     0.3238  28.925784     0.3210  28.921545     5.6447     5.6064     0.0261    90.2951 1.0000e-12  -64.92490  -64.61600 346.046023      99.97 1.4103e+01   3758.427      90203  1028.1669  1028.1650    34.4171    34.4147    7.97542         21 0.0000e+00
    114.000    112.853     0.2606  28.858953     0.2603  28.859185     5.6857     5.6367     0.0199    90.2879 1.0000e-12  -64.92490  -64.61600 346.046033      99.97 1.4103e+01   3759.234      90223  1028.1538  1028.1543    34.4006    34.4011    7.98945         18 0.0000e+00
    113.000    111.862     0.2368  28.831826     0.2340  28.827896     5.7025     5.6526     0.0151    90.2879 1.0000e-12  -64.92490  -64.61602 346.046042      99.96 1.4103e+01   3759.985      90241  1028.1442  1028.1425    34.3921    34.3900    7.99487         18 0.0000e+00
    112.000    110.872     0.2255  28.817914     0.2212  28.812218     5.6950     5.6679     0.0202    90.2660 1.0000e-12  -64.92490  -64.61602 346.046051      99.97 1.4103e+01   3760.787      90260  1028.1357  1028.1339    34.3870    34.3843    7.99749         21 0.0000e+00
    111.000    109.882     0.2224  28.812425     0.2209  28.810080     5.6933     5.6655     0.0306    90.2512 1.0000e-12  -64.92490  -64.61602 346.046061      99.97 1.4103e+01   3761.694      90282  1028.1283  1028.1271    34.3839    34.3824    7.99832         23 0.0000e+00
    110.000    108.894     0.2240  28.812030     0.2239  28.811180     5.6643     5.6428     0.0404    90.2308 1.0000e-12  -64.92490  -64.61601 346.046074      99.97 1.4103e+01   3762.791      90308  1028.1215  1028.1206    34.3822    34.3811    7.99808         30 0.0000e+00
    109.000    107.904     0.2338  28.820665     0.2410  28.827460     5.6356     5.6386     0.0436    90.2101 1.0000e-12  -64.92490  -64.61598 346.046090      99.97 1.4103e+01   3764.134      90340  1028.1162  1028.1163    34.3831    34.3841    7.99598         34 0.0000e+00
    108.000    106.913     0.2459  28.833136     0.2480  28.835760     5.5819     5.6340     0.0436    90.2100 1.0000e-12  -64.92490  -64.61597 346.046108      99.97 1.4103e+01   3765.752      90379  1028.1128  1028.1136    34.3866    34.3877    7.99327         39 0.0000e+00
    107.000    105.925     0.2512  28.841109     0.2499  28.838345     5.5538     5.6231     0.0371    90.2305 1.0000e-12  -64.92490  -64.61596 346.046131      99.97 1.4103e+01   3767.746      90427  1028.1114  1028.1098    34.3918    34.3897    7.99189         36 0.0000e+00
    106.000    104.935     0.2608  28.851502     0.2631  28.852293     5.7335     5.7385     0.0439    90.2652 1.0000e-12  -64.92490  -64.61596 346.046154      99.97 1.4103e+01   3769.734      90475  1028.1086  1028.1072    34.3954    34.3938    7.98970         31 0.0000e+00
    105.000    103.946     0.2440  28.825997     0.2412  28.821294     5.8459     5.8025     0.0511    90.2219 1.0000e-12  -64.92490  -64.61597 346.046166      99.97 1.4103e+01   3770.774      90500  1028.0938  1028.0916    34.3812    34.3781    7.99398         19 0.0000e+00
    104.000    102.955     0.2453  28.821415     0.2452  28.821033     5.8795     5.8343     0.0499    90.1964 1.0000e-12  -64.92490  -64.61598 346.046174      99.97 1.3983e+01   3771.473      90516  1028.0833  1028.0830    34.3743    34.3739    7.99409         15 0.0000e+00
    103.000    101.966     0.2512  28.821941     0.2510  28.820672     5.8814     5.8447     0.0186    90.1762 1.0000e-12  -64.92490  -64.61598 346.046182      99.97 1.3514e+01   3772.086      90531  1028.0737  1028.0726    34.3690    34.3676    7.99316         15 0.0000e+00
    102.000    100.976     0.2605  28.825993     0.2600  28.824879     5.8661     5.8435     0.0221    90.1099 1.0000e-12  -64.92490  -64.61598 346.046189      99.97 1.2582e+01   3772.704      90546  1028.0645  1028.0638    34.3645    34.3636    7.99148         15 0.0000e+00
    101.000     99.986     0.2610  28.823609     0.2611  28.822434     5.8460     5.8380     0.0345    90.0810 1.0000e-12  -64.92490  -64.61598 346.046197      99.96 1.2344e+01   3773.406      90563  1028.0572  1028.0559    34.3614    34.3598    7.99155         19 0.0000e+00
    100.000     98.996     0.2552  28.821508     0.2539  28.817816     5.8193     5.8281     0.0483    90.0459 1.0000e-12  -64.92490  -64.61596 346.046207      99.97 1.2340e+01   3774.313      90585  1028.0564  1028.0538    34.3657    34.3623    7.99251         26 0.0000e+00
     99.000     98.005     0.2572  28.823083     0.2571  28.821762     5.7766     5.8080     0.0397    90.0509 1.0000e-12  -64.92490  -64.61593 346.046226      99.97 1.2340e+01   3775.930      90623  1028.0518  1028.0505    34.3661    34.3645    7.99207         39 0.0000e+00
     98.000     97.016     0.2541  28.822168     0.2539  28.821476     5.8060     5.8291     0.0518    90.0418 1.0000e-12  -64.92490  -64.61590 346.046255      99.97 1.2340e+01   3778.440      90684  1028.0496  1028.0490    34.3691    34.3683    7.99256         37 0.0000e+00
     97.000     96.029     0.2546  28.820437     0.2540  28.818848     5.9204     5.8975     0.0438    90.0500 1.0000e-12  -64.92490  -64.61590 346.046274      99.97 1.2340e+01   3780.073      90723  1028.0429  1028.0418    34.3668    34.3654    7.99258         29 0.0000e+00
     96.000     95.037     0.2456  28.804919     0.2491  28.809832     6.0248     5.9760     0.0480    90.0500 1.0000e-12  -64.92490  -64.61590 346.046287      99.97 1.2340e+01   3781.224      90750  1028.0310  1028.0328    34.3570    34.3596    7.99499         25 0.0000e+00
     95.000     94.048     0.2394  28.794540     0.2401  28.794449     6.0970     6.0472     0.0500    89.9926 1.0000e-12  -64.92490  -64.61590 346.046299      99.97 1.2340e+01   3782.234      90775  1028.0218  1028.0211    34.3509    34.3500    7.99662         24 0.0000e+00
     94.000     93.058     0.2175  28.765542     0.2173  28.765826     6.1382     6.0797     0.0577    89.9529 1.0000e-12  -64.92490  -64.61590 346.046311      99.97 1.2340e+01   3783.238      90799  1028.0083  1028.0088    34.3378    34.3384    8.00192         24 0.0000e+00
     93.000     92.069     0.2081  28.754642     0.2029  28.746414     6.1338     6.1077     0.0501    89.9366 1.0000e-12  -64.92490  -64.61590 346.046322      99.97 1.2340e+01   3784.201      90822  1028.0015  1027.9980    34.3345    34.3295    8.00404         22 0.0000e+00
     92.000     91.077     0.1937  28.735553     0.1943  28.736167     6.1609     6.1430     0.0482    89.9190 1.0000e-12  -64.92490  -64.61590 346.046332      99.97 1.2340e+01   3785.056      90842  1027.9911  1027.9910    34.3261    34.3262    8.00753         19 0.0000e+00
     91.000     90.090     0.1827  28.722690     0.1808  28.720296     6.1833     6.1436     0.0513    89.9220 1.0000e-12  -64.92490  -64.61590 346.046341      99.97 1.2340e+01   3785.849      90861  1027.9839  1027.9832    34.3220    34.3210    8.01004         19 0.0000e+00
     90.000     89.098     0.1653  28.705547     0.1608  28.699487     6.1646     6.1282     0.0560    89.9201 1.0000e-12  -64.92491  -64.61589 346.046350      99.97 1.2340e+01   3786.653      90881  1027.9783  1027.9763    34.3195    34.3165    8.01381         21 0.0000e+00
     89.000     88.110     0.1282  28.668425     0.1307  28.670100     6.1432     6.1212     0.0638    89.8926 1.0000e-12  -64.92492  -64.61587 346.046361      99.97 1.2340e+01   3787.584      90903  1027.9709  1027.9700    34.3126    34.3120    8.02194         24 0.0000e+00
     88.000     87.119     0.1426  28.683965     0.1686  28.704257     6.1057     6.1005     0.0723    89.9230 1.0000e-12  -64.92492  -64.61585 346.046376      99.97 1.2340e+01   3788.863      90934  1027.9685  1027.9644    34.3176    34.3153    8.01866         36 0.0000e+00
     87.000     86.131     0.1910  28.732471     0.1789  28.717822     6.0979     6.1521     0.0666    89.9106 1.0000e-12  -64.92492  -64.61580 346.046417      99.97 1.2340e+01   3792.436      91019  1027.9675  1027.9645    34.3281    34.3223    8.00797         29 0.0000e+00
     86.000     85.139     0.1741  28.714595     0.1831  28.721780     6.3876     6.3186     0.0509    89.9173 1.0000e-12  -64.92492  -64.61580 346.046438      99.97 1.2340e+01   3794.260      91063  1027.9612  1027.9599    34.3240    34.3234    8.01172         22 0.0000e+00
     85.000     84.150     0.1314  28.670792     0.1363  28.675298     6.5173     6.3948     0.0475    89.9111 1.0000e-12  -64.92492  -64.61582 346.046446      99.97 1.2340e+01   3794.969      91080  1027.9522  1027.9522    34.3145    34.3150    8.02116         16 0.0000e+00
     84.000     83.162     0.0807  28.609779     0.0942  28.621185     6.5608     6.4166     0.0464    89.9175 1.0000e-12  -64.92492  -64.61582 346.046453      99.96 1.2340e+01   3795.535      91094  1027.9328  1027.9317    34.2912    34.2913    8.03308         13 0.0000e+00
     83.000     82.170     0.0307  28.550533     0.0400  28.561040     6.5730     6.4266     0.0454    89.8829 1.0000e-12  -64.92492  -64.61582 346.046459      99.97 1.2340e+01   3796.055      91106  1027.9143  1027.9165    34.2694    34.2729    8.04479         12 0.0000e+00
     82.000     81.179     0.0096  28.526901     0.0166  28.532495     6.5587     6.4348     0.0447    89.8720 1.0000e-12  -64.92492  -64.61582 346.046465      99.97 1.2340e+01   3796.583      91119  1027.9055  1027.9044    34.2624    34.2619    8.04963         13 0.0000e+00
     81.000     80.191    -0.0181  28.499055     0.0022  28.516679     6.5186     6.4341     0.0576    89.8572 1.0000e-12  -64.92492  -64.61582 346.046472      99.97 1.2340e+01   3797.160      91133  1027.8980  1027.8973    34.2570    34.2576    8.05574         15 0.0000e+00
