NBP2113_155081_ctd/data/unbp2113_046.cnv
* Sea-Bird SBE 9 Data File:
* FileName = D:\Data\raw\NBP2113_046.hex
* Software Version Seasave V 7.26.7.121
* Temperature SN = 2438
* Conductivity SN = 2067
* Number of Bytes Per Scan = 40
* Number of Voltage Words = 5
* Number of Scans Averaged by the Deck Unit = 1
* NMEA Latitude = 64 52.22 S
* NMEA Longitude = 063 49.73 W
* NMEA UTC (Time) = Dec 11 2021  05:17:37
* NMEA baud rate = 9600
** Ship: RVIB N.B. Palmer
** Cruise: NBP2113 LTER
** Station: 623.024
** Operator: B. Urmston
# nquan = 25
# nvalues = 573                         
# units = specified
# name 0 = prDM: Pressure, Digiquartz [db]
# name 1 = depSM: Depth [salt water, m]
# name 2 = t090C: Temperature [ITS-90, deg C]
# name 3 = c0mS/cm: Conductivity [mS/cm]
# name 4 = t190C: Temperature, 2 [ITS-90, deg C]
# name 5 = c1mS/cm: Conductivity, 2 [mS/cm]
# name 6 = sbeox0ML/L: Oxygen, SBE 43 [ml/l]
# name 7 = sbeox1ML/L: Oxygen, SBE 43, 2 [ml/l]
# name 8 = flECO-AFL: Fluorescence, WET Labs ECO-AFL/FL [mg/m^3]
# name 9 = CStarTr0: Beam Transmission, WET Labs C-Star [%]
# name 10 = par: PAR/Irradiance, Biospherical/Licor
# name 11 = latitude: Latitude [deg]
# name 12 = longitude: Longitude [deg]
# name 13 = timeJ: Julian Days
# name 14 = altM: Altimeter [m]
# name 15 = spar: SPAR, Biospherical/Licor
# name 16 = timeS: Time, Elapsed [seconds]
# name 17 = scan: Scan Count
# name 18 = density00: Density [density, kg/m^3]
# name 19 = density11: Density, 2 [density, kg/m^3]
# name 20 = sal00: Salinity, Practical [PSU]
# name 21 = sal11: Salinity, Practical, 2 [PSU]
# name 22 = oxsolML/L: Oxygen Saturation, Garcia & Gordon [ml/l]
# name 23 = nbin: number of scans per bin
# name 24 = flag: flag
# span 0 =      1.000,    573.000       
# span 1 =      0.990,    566.605       
# span 2 =    -0.2124,     1.2926       
# span 3 =  27.935586,  30.130814       
# span 4 =    -0.2127,     1.2926       
# span 5 =  27.933862,  30.129449       
# span 6 =     4.2881,     8.7092       
# span 7 =     4.3577,    10.0201       
# span 8 =    -0.0199,     1.9964       
# span 9 =    84.7222,    91.2379       
# span 10 = 1.0000e-12, 5.9547e+00      
# span 11 =  -64.87088,  -64.87040      
# span 12 =  -63.82976,  -63.82891      
# span 13 = 345.236029, 345.250665      
# span 14 =       1.05,     100.92      
# span 15 = 0.0000e+00, 0.0000e+00      
# span 16 =   1335.931,   2600.416      
# span 17 =      32063,      62411      
# span 18 =  1027.1315,  1030.4249      
# span 19 =  1027.1299,  1030.4237      
# span 20 =    33.7684,    34.6351      
# span 21 =    33.7666,    34.6334      
# span 22 =    7.76753,    8.12465      
# span 23 =         16,         50      
# span 24 = 0.0000e+00, 0.0000e+00      
# interval = decibars: 1                
# start_time = Dec 11 2021 05:17:37 [NMEA time, header]
# bad_flag = -9.990e-29
*END*
[from data line 116]
    457.000    452.024     1.2125  29.997373     1.2068  29.989804     4.4054     4.4596     0.0000    91.1529 1.0000e-12  -64.87046  -63.82908 345.237757      99.97 0.0000e+00   1485.160      35645  1029.8757  1029.8736    34.6173    34.6139    7.78433         24 0.0000e+00
    456.000    451.038     1.2062  29.989528     1.2028  29.984784     4.3994     4.4597    -0.0004    91.1819 1.0000e-12  -64.87046  -63.82906 345.237768      99.97 0.0000e+00   1486.144      35668  1029.8697  1029.8683    34.6148    34.6126    7.78571         23 0.0000e+00
    455.000    450.048     1.2072  29.990106     1.2053  29.986745     4.3938     4.4609    -0.0065    91.1686 1.0000e-12  -64.87046  -63.82908 345.237779      99.97 0.0000e+00   1487.123      35692  1029.8650  1029.8635    34.6150    34.6129    7.78550         25 0.0000e+00
    454.000    449.061     1.2110  29.993363     1.2067  29.987920     4.3916     4.4631    -0.0077    91.1343 1.0000e-12  -64.87046  -63.82906 345.237791      99.97 0.0000e+00   1488.171      35717  1029.8603  1029.8590    34.6156    34.6134    7.78472         26 0.0000e+00
    453.000    448.073     1.2088  29.991381     1.2073  29.988361     4.3938     4.4573    -0.0077    91.1770 1.0000e-12  -64.87046  -63.82906 345.237805      99.97 0.0000e+00   1489.361      35746  1029.8562  1029.8546    34.6161    34.6138    7.78514         31 0.0000e+00
    452.000    447.084     1.2070  29.988841     1.2076  29.988273     4.3984     4.4579    -0.0077    91.2045 1.0000e-12  -64.87046  -63.82906 345.237822      99.97 0.0000e+00   1490.845      35781  1029.8511  1029.8499    34.6154    34.6139    7.78553         40 0.0000e+00
    451.000    446.096     1.2047  29.986017     1.2067  29.986895     4.3977     4.4603     0.0028    91.2089 1.0000e-12  -64.87046  -63.82906 345.237841      99.97 0.0000e+00   1492.421      35819  1029.8462  1029.8451    34.6149    34.6138    7.78601         34 0.0000e+00
    450.000    445.110     1.2056  29.986511     1.2066  29.986318     4.3968     4.4634     0.0014    91.1938 1.0000e-12  -64.87046  -63.82908 345.237855      99.97 0.0000e+00   1493.686      35849  1029.8416  1029.8404    34.6151    34.6137    7.78582         28 0.0000e+00
    449.000    444.120     1.2057  29.986255     1.2054  29.984900     4.3948     4.4618    -0.0058    91.2048 1.0000e-12  -64.87046  -63.82908 345.237867      99.97 0.0000e+00   1494.746      35875  1029.8370  1029.8359    34.6152    34.6139    7.78580         23 0.0000e+00
    448.000    443.133     1.2057  29.985782     1.2034  29.982157     4.4052     4.4688    -0.0126    91.2196 1.0000e-12  -64.87046  -63.82908 345.237879      99.97 0.0000e+00   1495.724      35898  1029.8322  1029.8308    34.6152    34.6131    7.78580         23 0.0000e+00
    447.000    442.145     1.2050  29.984607     1.2007  29.978988     4.4089     4.4688    -0.0112    91.2342 1.0000e-12  -64.87046  -63.82908 345.237890      99.97 0.0000e+00   1496.684      35921  1029.8276  1029.8260    34.6151    34.6126    7.78595         23 0.0000e+00
    446.000    441.155     1.2021  29.981260     1.2004  29.978378     4.4060     4.4687    -0.0112    91.2017 1.0000e-12  -64.87046  -63.82908 345.237901      99.97 0.0000e+00   1497.665      35945  1029.8227  1029.8215    34.6145    34.6128    7.78655         23 0.0000e+00
    445.000    440.168     1.1980  29.976502     1.1968  29.974032     4.4033     4.4730    -0.0117    91.1829 1.0000e-12  -64.87046  -63.82908 345.237914      99.97 0.0000e+00   1498.728      35970  1029.8177  1029.8162    34.6136    34.6117    7.78742         27 0.0000e+00
    444.000    439.179     1.1990  29.977004     1.1983  29.975147     4.4075     4.4660    -0.0077    91.2123 1.0000e-12  -64.87046  -63.82908 345.237928      99.97 0.0000e+00   1499.988      36001  1029.8128  1029.8117    34.6136    34.6121    7.78720         33 0.0000e+00
    443.000    438.192     1.2001  29.977516     1.1997  29.976122     4.4073     4.4658    -0.0014    91.1885 1.0000e-12  -64.87046  -63.82908 345.237946      99.97 0.0000e+00   1501.503      36037  1029.8081  1029.8069    34.6137    34.6123    7.78700         36 0.0000e+00
    442.000    437.204     1.1989  29.976059     1.1981  29.974031     4.4067     4.4711    -0.0034    91.2071 1.0000e-12  -64.87046  -63.82908 345.237964      99.97 0.0000e+00   1503.126      36076  1029.8035  1029.8021    34.6137    34.6120    7.78723         37 0.0000e+00
    441.000    436.216     1.1982  29.974818     1.1979  29.973334     4.4044     4.4734    -0.0075    91.2042 1.0000e-12  -64.87046  -63.82908 345.237980      99.97 0.0000e+00   1504.486      36109  1029.7987  1029.7974    34.6135    34.6119    7.78738         29 0.0000e+00
    440.000    435.228     1.1984  29.974659     1.1979  29.972764     4.4063     4.4671    -0.0121    91.2068 1.0000e-12  -64.87046  -63.82910 345.237992      99.97 0.0000e+00   1505.536      36134  1029.7940  1029.7926    34.6136    34.6117    7.78733         22 0.0000e+00
    439.000    434.240     1.1987  29.974408     1.1979  29.972213     4.4054     4.4665    -0.0087    91.2161 1.0000e-12  -64.87048  -63.82910 345.238003      99.97 0.0000e+00   1506.439      36156  1029.7892  1029.7878    34.6135    34.6117    7.78728         22 0.0000e+00
    438.000    433.252     1.1993  29.974553     1.1990  29.973146     4.4075     4.4667    -0.0006    91.2065 1.0000e-12  -64.87048  -63.82910 345.238013      99.97 0.0000e+00   1507.314      36177  1029.7845  1029.7834    34.6136    34.6121    7.78715         21 0.0000e+00
    437.000    432.263     1.2004  29.975290     1.1966  29.970372     4.4062     4.4741    -0.0007    91.1683 1.0000e-12  -64.87048  -63.82910 345.238024      99.97 0.0000e+00   1508.240      36199  1029.7800  1029.7787    34.6139    34.6119    7.78692         23 0.0000e+00
    436.000    431.275     1.1992  29.973751     1.1973  29.970278     4.4093     4.4728    -0.0066    91.1873 1.0000e-12  -64.87048  -63.82910 345.238036      99.97 0.0000e+00   1509.308      36224  1029.7754  1029.7737    34.6139    34.6115    7.78716         28 0.0000e+00
    435.000    430.287     1.1991  29.973121     1.1978  29.970613     4.4024     4.4719    -0.0016    91.2002 1.0000e-12  -64.87048  -63.82909 345.238051      99.97 0.0000e+00   1510.612      36256  1029.7706  1029.7693    34.6137    34.6119    7.78718         30 0.0000e+00
    434.000    429.300     1.1985  29.972087     1.1981  29.970404     4.4083     4.4694    -0.0078    91.2015 1.0000e-12  -64.87048  -63.82909 345.238072      99.97 0.0000e+00   1512.417      36299  1029.7659  1029.7645    34.6137    34.6120    7.78731         44 0.0000e+00
    433.000    428.310     1.1972  29.970135     1.1980  29.969805     4.4012     4.4690    -0.0117    91.2060 1.0000e-12  -64.87048  -63.82910 345.238094      99.97 0.0000e+00   1514.294      36344  1029.7610  1029.7598    34.6132    34.6119    7.78760         34 0.0000e+00
    432.000    427.323     1.1977  29.970247     1.1975  29.968969     4.4071     4.4698    -0.0150    91.2096 1.0000e-12  -64.87048  -63.82910 345.238109      99.97 0.0000e+00   1515.641      36376  1029.7564  1029.7552    34.6134    34.6120    7.78749         29 0.0000e+00
    431.000    426.334     1.1978  29.970034     1.1943  29.965183     4.4095     4.4725     0.0057    91.2007 1.0000e-12  -64.87048  -63.82911 345.238123      99.97 0.0000e+00   1516.786      36404  1029.7517  1029.7502    34.6135    34.6112    7.78745         27 0.0000e+00
    430.000    425.346     1.1972  29.969043     1.1966  29.967174     4.4156     4.4683    -0.0004    91.2167 1.0000e-12  -64.87048  -63.82911 345.238137      99.97 0.0000e+00   1518.000      36433  1029.7472  1029.7457    34.6136    34.6117    7.78758         33 0.0000e+00
    429.000    424.358     1.1962  29.967450     1.1952  29.965326     4.4059     4.4751    -0.0082    91.1996 1.0000e-12  -64.87048  -63.82911 345.238157      99.97 0.0000e+00   1519.794      36476  1029.7422  1029.7410    34.6131    34.6116    7.78779         42 0.0000e+00
    428.000    423.369     1.1989  29.969813     1.1981  29.967887     4.4058     4.4705    -0.0105    91.2019 1.0000e-12  -64.87050  -63.82910 345.238191      99.97 0.0000e+00   1522.733      36547  1029.7378  1029.7365    34.6138    34.6121    7.78723         30 0.0000e+00
    427.000    422.382     1.1980  29.968554     1.1970  29.966358     4.4036     4.4660    -0.0148    91.1974 1.0000e-12  -64.87050  -63.82912 345.238220      99.97 0.0000e+00   1525.183      36605  1029.7331  1029.7319    34.6137    34.6120    7.78741         37 0.0000e+00
    426.000    421.394     1.1976  29.967625     1.1977  29.966492     4.4031     4.4653    -0.0169    91.2207 1.0000e-12  -64.87050  -63.82912 345.238235      99.97 0.0000e+00   1526.541      36638  1029.7283  1029.7271    34.6136    34.6120    7.78750         28 0.0000e+00
    425.000    420.406     1.1996  29.969345     1.1984  29.967023     4.3964     4.4666    -0.0090    91.2379 1.0000e-12  -64.87050  -63.82912 345.238249      99.97 0.0000e+00   1527.696      36666  1029.7239  1029.7226    34.6141    34.6124    7.78707         29 0.0000e+00
    424.000    419.418     1.1992  29.968531     1.1983  29.966293     4.4116     4.4665    -0.0099    91.1925 1.0000e-12  -64.87050  -63.82912 345.238265      99.97 0.0000e+00   1529.124      36700  1029.7192  1029.7178    34.6141    34.6123    7.78715         40 0.0000e+00
    423.000    418.429     1.1895  29.958073     1.1928  29.960216     4.4229     4.4789    -0.0087    91.2241 1.0000e-12  -64.87050  -63.82912 345.238298      99.97 0.0000e+00   1531.944      36768  1029.7138  1029.7128    34.6120    34.6111    7.78918         36 0.0000e+00
    422.000    417.441     1.1921  29.959750     1.1925  29.959335     4.4170     4.4757    -0.0119    91.2260 1.0000e-12  -64.87050  -63.82912 345.238322      99.97 0.0000e+00   1533.986      36817  1029.7088  1029.7079    34.6119    34.6109    7.78869         35 0.0000e+00
    421.000    416.453     1.1893  29.957149     1.1911  29.957431     4.4236     4.4737    -0.0088    91.2265 1.0000e-12  -64.87050  -63.82912 345.238340      99.97 0.0000e+00   1535.575      36855  1029.7046  1029.7031    34.6122    34.6106    7.78922         40 0.0000e+00
    420.000    415.463     1.1856  29.952554     1.1915  29.957630     4.4346     4.4876    -0.0121    91.2066 1.0000e-12  -64.87050  -63.82914 345.238364      99.97 0.0000e+00   1537.659      36905  1029.6992  1029.6986    34.6109    34.6109    7.79001         39 0.0000e+00
    419.000    414.477     1.1802  29.946093     1.1799  29.944764     4.4368     4.4894    -0.0076    91.1738 1.0000e-12  -64.87050  -63.82914 345.238383      99.97 0.0000e+00   1539.320      36945  1029.6937  1029.6927    34.6093    34.6078    7.79119         32 0.0000e+00
    418.000    413.489     1.1813  29.947073     1.1793  29.943620     4.4300     4.4899    -0.0032    91.2032 1.0000e-12  -64.87052  -63.82914 345.238398      99.97 0.0000e+00   1540.590      36975  1029.6893  1029.6878    34.6098    34.6076    7.79093         33 0.0000e+00
    417.000    412.502     1.1805  29.945380     1.1817  29.945540     4.4264     4.4859    -0.0061    91.2006 1.0000e-12  -64.87052  -63.82913 345.238437      99.97 0.0000e+00   1543.920      37055  1029.6841  1029.6831    34.6092    34.6080    7.79114         36 0.0000e+00
    416.000    411.513     1.1850  29.949957     1.1859  29.950027     4.4161     4.4786    -0.0077    91.2153 1.0000e-12  -64.87052  -63.82915 345.238474      99.97 0.0000e+00   1547.186      37133  1029.6801  1029.6792    34.6107    34.6097    7.79016         32 0.0000e+00
    415.000    410.523     1.1887  29.953333     1.1871  29.950364     4.4208     4.4833    -0.0077    91.2149 1.0000e-12  -64.87052  -63.82916 345.238489      99.97 0.0000e+00   1548.465      37164  1029.6756  1029.6742    34.6114    34.6094    7.78937         30 0.0000e+00
    414.000    409.536     1.1875  29.952026     1.1875  29.950655     4.4135     4.4782    -0.0077    91.2149 1.0000e-12  -64.87052  -63.82916 345.238505      99.97 0.0000e+00   1549.824      37197  1029.6713  1029.6699    34.6117    34.6098    7.78960         36 0.0000e+00
    413.000    408.548     1.1827  29.946247     1.1837  29.946098     4.4290     4.4853    -0.0077    91.1932 1.0000e-12  -64.87052  -63.82916 345.238544      99.97 0.0000e+00   1553.205      37278  1029.6658  1029.6647    34.6101    34.6088    7.79063         37 0.0000e+00
    412.000    407.559     1.1781  29.940827     1.1759  29.937481     4.4285     4.4934    -0.0077    91.2004 1.0000e-12  -64.87054  -63.82916 345.238611      99.97 0.0000e+00   1559.015      37417  1029.6605  1029.6592    34.6088    34.6070    7.79162         38 0.0000e+00
    411.000    406.571     1.1751  29.937417     1.1757  29.937011     4.4309     4.4950    -0.0077    91.2055 1.0000e-12  -64.87054  -63.82917 345.238638      99.97 0.0000e+00   1561.349      37473  1029.6558  1029.6547    34.6084    34.6072    7.79225         39 0.0000e+00
    410.000    405.578     1.1729  29.934528     1.1733  29.933957     4.4390     4.4999    -0.0058    91.2067 1.0000e-12  -64.87054  -63.82917 345.238691      99.97 0.0000e+00   1565.941      37584  1029.6506  1029.6497    34.6077    34.6065    7.79272         29 0.0000e+00
    409.000    404.597     1.1718  29.933056     1.1707  29.930699     4.4422     4.5034    -0.0050    91.1703 1.0000e-12  -64.87055  -63.82918 345.238745      99.97 0.0000e+00   1570.607      37696  1029.6459  1029.6446    34.6076    34.6058    7.79294         32 0.0000e+00
    408.000    403.604     1.1721  29.932804     1.1705  29.930095     4.4437     4.4997    -0.0123    91.2011 1.0000e-12  -64.87056  -63.82919 345.238787      99.97 0.0000e+00   1574.232      37783  1029.6412  1029.6399    34.6076    34.6058    7.79289         41 0.0000e+00
    407.000    402.617     1.1713  29.931559     1.1710  29.930105     4.4358     4.5008    -0.0093    91.1831 1.0000e-12  -64.87056  -63.82919 345.238835      99.97 0.0000e+00   1578.378      37882  1029.6364  1029.6352    34.6074    34.6059    7.79305         28 0.0000e+00
    406.000    401.630     1.1703  29.930087     1.1697  29.928390     4.4426     4.5087    -0.0078    91.1604 1.0000e-12  -64.87056  -63.82921 345.238889      99.97 0.0000e+00   1582.999      37993  1029.6316  1029.6305    34.6072    34.6057    7.79326         39 0.0000e+00
    405.000    400.640     1.1720  29.931593     1.1713  29.929596     4.4472     4.5011    -0.0135    91.2094 1.0000e-12  -64.87056  -63.82920 345.238918      99.97 0.0000e+00   1585.533      38054  1029.6272  1029.6259    34.6078    34.6060    7.79289         34 0.0000e+00
    404.000    399.653     1.1752  29.934457     1.1751  29.933274     4.4375     4.4978    -0.0105    91.2091 1.0000e-12  -64.87063  -63.82930 345.239394      99.98 0.0000e+00   1626.665      39041  1029.6229  1029.6217    34.6086    34.6071    7.79222         31 0.0000e+00
    403.000    398.663     1.1748  29.933479     1.1756  29.933148     4.4373     4.4942    -0.0099    91.2106 1.0000e-12  -64.87064  -63.82930 345.239506      99.97 0.0000e+00   1636.278      39272  1029.6181  1029.6169    34.6083    34.6070    7.79231         32 0.0000e+00
    402.000    397.676     1.1743  29.932540     1.1744  29.931434     4.4321     4.4920    -0.0076    91.2151 1.0000e-12  -64.87064  -63.82932 345.239535      99.97 0.0000e+00   1638.827      39333  1029.6133  1029.6121    34.6082    34.6067    7.79241         37 0.0000e+00
    401.000    396.689     1.1758  29.933629     1.1764  29.932982     4.4242     4.4892    -0.0077    91.2149 1.0000e-12  -64.87064  -63.82932 345.239549      99.97 0.0000e+00   1640.039      39362  1029.6088  1029.6074    34.6086    34.6070    7.79210         26 0.0000e+00
