NBP2113_155081_ctd/data/unbp2113_003.cnv
* Sea-Bird SBE 9 Data File:
* FileName = D:\Data\raw\NBP2113_003.hex
* Software Version Seasave V 7.26.7.121
* Temperature SN = 2438
* Conductivity SN = 2067
* Number of Bytes Per Scan = 40
* Number of Voltage Words = 5
* Number of Scans Averaged by the Deck Unit = 1
* NMEA Latitude = 63 28.26 S
* NMEA Longitude = 061 47.09 W
* NMEA UTC (Time) = Nov 22 2021  19:16:03
* NMEA baud rate = 9600
** Ship: RVIB N.B. Palmer
** Cruise: NBP2113 LTER
** Station: 806.048
** Operator: S. Blackman
# nquan = 25
# nvalues = 552                         
# units = specified
# name 0 = prDM: Pressure, Digiquartz [db]
# name 1 = depSM: Depth [salt water, m]
# name 2 = t090C: Temperature [ITS-90, deg C]
# name 3 = c0mS/cm: Conductivity [mS/cm]
# name 4 = t190C: Temperature, 2 [ITS-90, deg C]
# name 5 = c1mS/cm: Conductivity, 2 [mS/cm]
# name 6 = sbeox0ML/L: Oxygen, SBE 43 [ml/l]
# name 7 = sbeox1ML/L: Oxygen, SBE 43, 2 [ml/l]
# name 8 = flECO-AFL: Fluorescence, WET Labs ECO-AFL/FL [mg/m^3]
# name 9 = CStarTr0: Beam Transmission, WET Labs C-Star [%]
# name 10 = par: PAR/Irradiance, Biospherical/Licor
# name 11 = latitude: Latitude [deg]
# name 12 = longitude: Longitude [deg]
# name 13 = timeJ: Julian Days
# name 14 = altM: Altimeter [m]
# name 15 = spar: SPAR, Biospherical/Licor
# name 16 = timeS: Time, Elapsed [seconds]
# name 17 = scan: Scan Count
# name 18 = density00: Density [density, kg/m^3]
# name 19 = density11: Density, 2 [density, kg/m^3]
# name 20 = sal00: Salinity, Practical [PSU]
# name 21 = sal11: Salinity, Practical, 2 [PSU]
# name 22 = oxsolML/L: Oxygen Saturation, Garcia & Gordon [ml/l]
# name 23 = nbin: number of scans per bin
# name 24 = flag: flag
# span 0 =      2.000,    553.000       
# span 1 =      1.982,    546.909       
# span 2 =    -0.6531,     0.2728       
# span 3 =  27.895601,  29.140464       
# span 4 =    -0.6580,     0.2795       
# span 5 =  27.894378,  29.136617       
# span 6 =     5.3113,     8.1453       
# span 7 =     5.3256,     8.0001       
# span 8 =    -0.0268,     1.4707       
# span 9 =    90.0447,    98.8843       
# span 10 = 1.0000e-12, 1.4689e+03      
# span 11 =  -63.47132,  -63.47118      
# span 12 =  -61.78588,  -61.78559      
# span 13 = 326.816798, 326.833172      
# span 14 =       8.54,      99.99      
# span 15 = 1.8134e+03, 1.8611e+03      
# span 16 =   1208.352,   2623.094      
# span 17 =      29001,      62955      
# span 18 =  1027.3099,  1030.3637      
# span 19 =  1027.3069,  1030.3622      
# span 20 =    33.9813,    34.5667      
# span 21 =    33.9775,    34.5649      
# span 22 =    7.97768,    8.18949      
# span 23 =          6,         51      
# span 24 = 0.0000e+00, 0.0000e+00      
# interval = decibars: 1                
# start_time = Nov 22 2021 19:16:03 [NMEA time, header]
# bad_flag = -9.990e-29
*END*
    553.000    546.909     0.0004  28.949598     0.0010  28.948730     5.5648     5.5557    -0.0087    98.4702 1.0000e-12  -63.47118  -61.78572 326.816798       8.54 1.8391e+03   1208.352      29001  1030.3637  1030.3622    34.5501    34.5483    8.03533         38 0.0000e+00
    552.000    545.921     0.0091  28.956972     0.0084  28.955154     5.5525     5.5465    -0.0130    98.4722 1.0000e-12  -63.47120  -61.78573 326.817139       9.00 1.8397e+03   1237.843      29709  1030.3588  1030.3575    34.5507    34.5491    8.03348         31 0.0000e+00
    551.000    544.934     0.0295  28.975156     0.0298  28.973935     5.5244     5.5320    -0.0182    98.4689 1.0000e-12  -63.47122  -61.78573 326.817535       9.07 1.8251e+03   1272.033      30530  1030.3536  1030.3520    34.5524    34.5504    8.02911         21 0.0000e+00
    550.000    543.946     0.0342  28.978775     0.0337  28.976950     5.5199     5.5340    -0.0192    98.4470 1.0000e-12  -63.47122  -61.78574 326.817541      10.09 1.8220e+03   1272.580      30543  1030.3486  1030.3471    34.5525    34.5506    8.02812         21 0.0000e+00
    549.000    542.958     0.0336  28.977802     0.0327  28.975635     5.5320     5.5337    -0.0149    98.4431 1.0000e-12  -63.47122  -61.78574 326.817553      11.14 1.8294e+03   1273.553      30566  1030.3440  1030.3425    34.5525    34.5506    8.02825         27 0.0000e+00
    548.000    541.969     0.0316  28.975569     0.0312  28.973850     5.5217     5.5296    -0.0110    98.4086 1.0000e-12  -63.47122  -61.78572 326.817572      12.46 1.8455e+03   1275.183      30605  1030.3395  1030.3380    34.5523    34.5505    8.02867         43 0.0000e+00
    547.000    540.983     0.0319  28.975310     0.0331  28.975020     5.5284     5.5286    -0.0158    98.4558 1.0000e-12  -63.47121  -61.78570 326.817628      13.35 1.8396e+03   1280.097      30723  1030.3348  1030.3333    34.5523    34.5506    8.02862         33 0.0000e+00
    546.000    539.996     0.0313  28.974214     0.0316  28.973113     5.5513     5.5335    -0.0092    98.4233 1.0000e-12  -63.47122  -61.78570 326.817648      14.07 1.8368e+03   1281.757      30763  1030.3300  1030.3286    34.5521    34.5503    8.02876         24 0.0000e+00
    545.000    539.007     0.0282  28.970933     0.0287  28.970121     5.5369     5.5367    -0.0168    98.4248 1.0000e-12  -63.47122  -61.78570 326.817658      15.06 1.8369e+03   1282.630      30784  1030.3254  1030.3240    34.5518    34.5502    8.02942         21 0.0000e+00
    544.000    538.020     0.0251  28.967850     0.0257  28.967010     5.5345     5.5365    -0.0131    98.4153 1.0000e-12  -63.47122  -61.78570 326.817667      16.03 1.8374e+03   1283.471      30804  1030.3209  1030.3194    34.5518    34.5500    8.03006         21 0.0000e+00
    543.000    537.032     0.0272  28.969335     0.0272  28.967902     5.5436     5.5342    -0.0064    98.4000 1.0000e-12  -63.47122  -61.78570 326.817679      17.16 1.8403e+03   1284.505      30829  1030.3161  1030.3147    34.5520    34.5502    8.02961         30 0.0000e+00
    542.000    536.044     0.0275  28.969066     0.0273  28.967583     5.5327     5.5356    -0.0116    98.4308 1.0000e-12  -63.47122  -61.78569 326.817699      18.39 1.8420e+03   1286.210      30870  1030.3114  1030.3100    34.5519    34.5502    8.02956         46 0.0000e+00
    541.000    535.057     0.0261  28.967507     0.0264  28.966369     5.5346     5.5365    -0.0091    98.4289 1.0000e-12  -63.47122  -61.78568 326.817723      19.41 1.8392e+03   1288.233      30919  1030.3069  1030.3054    34.5520    34.5502    8.02984         45 0.0000e+00
    540.000    534.067     0.0253  28.966143     0.0248  28.964420     5.5452     5.5449    -0.0118    98.3924 1.0000e-12  -63.47122  -61.78567 326.817762      20.41 1.8447e+03   1291.663      31001  1030.3020  1030.3006    34.5517    34.5500    8.03003         31 0.0000e+00
    539.000    533.081     0.0261  28.966441     0.0267  28.965555     5.5721     5.5679    -0.0118    98.4669 1.0000e-12  -63.47122  -61.78568 326.817788      21.20 1.8433e+03   1293.925      31055  1030.2972  1030.2957    34.5518    34.5500    8.02986         30 0.0000e+00
    538.000    532.093     0.0019  28.942846    -0.0015  28.938759     5.6091     5.5878    -0.0181    98.4507 1.0000e-12  -63.47122  -61.78568 326.817800      21.87 1.8379e+03   1294.912      31079  1030.2921  1030.2911    34.5483    34.5468    8.03511         21 0.0000e+00
    537.000    531.106    -0.0210  28.922808    -0.0250  28.917498     5.6282     5.5999    -0.0116    98.4739 1.0000e-12  -63.47122  -61.78569 326.817810      22.69 1.8356e+03   1295.744      31099  1030.2894  1030.2877    34.5483    34.5457    8.03994         18 0.0000e+00
    536.000    530.118    -0.0315  28.911895    -0.0369  28.905718     5.6317     5.6004    -0.0077    98.4750 1.0000e-12  -63.47122  -61.78570 326.817818      23.81 1.8352e+03   1296.504      31117  1030.2839  1030.2827    34.5462    34.5442    8.04224         19 0.0000e+00
    535.000    529.130    -0.0499  28.895123    -0.0518  28.892225     5.6255     5.6001    -0.0049    98.4720 1.0000e-12  -63.47122  -61.78568 326.817827      24.70 1.8360e+03   1297.271      31136  1030.2800  1030.2788    34.5453    34.5436    8.04616         18 0.0000e+00
    534.000    528.142    -0.0506  28.894047    -0.0488  28.894254     5.6277     5.5953    -0.0035    98.4580 1.0000e-12  -63.47122  -61.78568 326.817837      25.85 1.8383e+03   1298.082      31155  1030.2751  1030.2736    34.5452    34.5435    8.04631         21 0.0000e+00
    533.000    527.154    -0.0417  28.901692    -0.0400  28.901974     5.6192     5.5925    -0.0024    98.4608 1.0000e-12  -63.47122  -61.78566 326.817851      27.09 1.8424e+03   1299.314      31185  1030.2700  1030.2685    34.5460    34.5444    8.04441         30 0.0000e+00
    532.000    526.167    -0.0333  28.909117    -0.0355  28.905882     5.5966     5.5884    -0.0124    98.4490 1.0000e-12  -63.47123  -61.78566 326.817918      28.01 1.8370e+03   1305.147      31325  1030.2647  1030.2634    34.5469    34.5451    8.04258         22 0.0000e+00
    531.000    525.178    -0.0335  28.908804    -0.0337  28.907309     5.6017     5.5905    -0.0134    98.4477 1.0000e-12  -63.47124  -61.78567 326.817926      28.96 1.8401e+03   1305.798      31340  1030.2603  1030.2588    34.5473    34.5455    8.04260         18 0.0000e+00
    530.000    524.191    -0.0244  28.916394    -0.0269  28.912791     5.5943     5.5882    -0.0137    98.4320 1.0000e-12  -63.47124  -61.78568 326.817934      29.87 1.8436e+03   1306.517      31357  1030.2551  1030.2537    34.5478    34.5458    8.04068         17 0.0000e+00
    529.000    523.205    -0.0242  28.915688    -0.0213  28.917310     5.5938     5.5855    -0.0120    98.4400 1.0000e-12  -63.47124  -61.78568 326.817942      30.81 1.8473e+03   1307.214      31374  1030.2499  1030.2486    34.5472    34.5461    8.04066         17 0.0000e+00
    528.000    522.217    -0.0412  28.900200    -0.0414  28.898306     5.5901     5.5869    -0.0126    98.4420 1.0000e-12  -63.47124  -61.78568 326.817950      31.96 1.8501e+03   1307.924      31391  1030.2461  1030.2443    34.5464    34.5441    8.04428         18 0.0000e+00
    527.000    521.227    -0.0294  28.910749    -0.0292  28.909477     5.5898     5.5881    -0.0119    98.4265 1.0000e-12  -63.47124  -61.78567 326.817960      33.06 1.8510e+03   1308.724      31410  1030.2412  1030.2397    34.5476    34.5458    8.04172         21 0.0000e+00
    526.000    520.241    -0.0266  28.912306    -0.0286  28.909200     5.5992     5.5882    -0.0143    98.4257 1.0000e-12  -63.47124  -61.78565 326.817975      34.33 1.8505e+03   1310.047      31442  1030.2359  1030.2345    34.5472    34.5453    8.04117         29 0.0000e+00
    525.000    519.253    -0.0213  28.916109    -0.0230  28.913926     5.5906     5.5827    -0.0109    98.4038 1.0000e-12  -63.47124  -61.78563 326.818024      35.39 1.8395e+03   1314.239      31543  1030.2304  1030.2297    34.5468    34.5459    8.04008         33 0.0000e+00
    524.000    518.265    -0.0268  28.911717    -0.0283  28.908824     5.5654     5.5653    -0.0221    98.4307 1.0000e-12  -63.47124  -61.78564 326.818037      36.04 1.8390e+03   1315.394      31570  1030.2270  1030.2253    34.5478    34.5456    8.04117         26 0.0000e+00
    523.000    517.276    -0.0089  28.927682    -0.0042  28.930767     5.5261     5.5459    -0.0102    98.4357 1.0000e-12  -63.47124  -61.78566 326.818050      37.00 1.8441e+03   1316.489      31597  1030.2219  1030.2204    34.5494    34.5482    8.03733         28 0.0000e+00
    522.000    516.288     0.0262  28.958673     0.0231  28.954389     5.5184     5.5468    -0.0089    98.4656 1.0000e-12  -63.47124  -61.78566 326.818065      38.11 1.8497e+03   1317.823      31629  1030.2156  1030.2142    34.5515    34.5493    8.02986         36 0.0000e+00
    521.000    515.301     0.0258  28.957510     0.0258  28.956287     5.5410     5.5418    -0.0077    98.4425 1.0000e-12  -63.47124  -61.78566 326.818082      39.00 1.8510e+03   1319.322      31665  1030.2108  1030.2094    34.5509    34.5493    8.02997         32 0.0000e+00
    520.000    514.314     0.0176  28.950154     0.0215  28.952024     5.5219     5.5343    -0.0185    98.4717 1.0000e-12  -63.47124  -61.78566 326.818096      39.93 1.8509e+03   1320.480      31693  1030.2070  1030.2051    34.5510    34.5491    8.03167         25 0.0000e+00
    519.000    513.325     0.0219  28.953739     0.0302  28.959897     5.5273     5.5396    -0.0144    98.4618 1.0000e-12  -63.47126  -61.78566 326.818108      40.87 1.8497e+03   1321.493      31717  1030.2023  1030.2006    34.5515    34.5503    8.03075         23 0.0000e+00
    518.000    512.337     0.0292  28.959812     0.0304  28.959288     5.5395     5.5345    -0.0031    98.4677 1.0000e-12  -63.47126  -61.78565 326.818122      42.02 1.8515e+03   1322.713      31746  1030.1974  1030.1957    34.5519    34.5499    8.02919         34 0.0000e+00
    517.000    511.350     0.0258  28.955784     0.0247  28.953752     5.5456     5.5382    -0.0019    98.4540 1.0000e-12  -63.47126  -61.78564 326.818142      43.45 1.8514e+03   1324.489      31789  1030.1925  1030.1915    34.5510    34.5496    8.02996         45 0.0000e+00
    516.000    510.361     0.0248  28.954532     0.0263  28.954614     5.5421     5.5395    -0.0087    98.4633 1.0000e-12  -63.47126  -61.78565 326.818166      44.35 1.8493e+03   1326.573      31839  1030.1880  1030.1866    34.5510    34.5495    8.03016         42 0.0000e+00
    515.000    509.374     0.0263  28.955540     0.0259  28.953828     5.5401     5.5390    -0.0115    98.4875 1.0000e-12  -63.47126  -61.78566 326.818192      45.16 1.8435e+03   1328.832      31893  1030.1835  1030.1821    34.5513    34.5495    8.02984         38 0.0000e+00
    514.000    508.387     0.0280  28.956618     0.0275  28.954640     5.5413     5.5416    -0.0125    98.4643 1.0000e-12  -63.47126  -61.78568 326.818207      46.00 1.8403e+03   1330.095      31923  1030.1787  1030.1772    34.5514    34.5494    8.02947         23 0.0000e+00
    513.000    507.398     0.0260  28.954148     0.0251  28.952017     5.5470     5.5416    -0.0117    98.4738 1.0000e-12  -63.47126  -61.78568 326.818217      46.72 1.8409e+03   1330.938      31944  1030.1739  1030.1725    34.5510    34.5491    8.02992         20 0.0000e+00
    512.000    506.410     0.0232  28.951287     0.0247  28.951342     5.5497     5.5380    -0.0162    98.4834 1.0000e-12  -63.47126  -61.78568 326.818226      47.64 1.8440e+03   1331.720      31962  1030.1694  1030.1680    34.5509    34.5493    8.03050         18 0.0000e+00
    511.000    505.423     0.0246  28.951989     0.0244  28.950463     5.5465     5.5381    -0.0156    98.4546 1.0000e-12  -63.47126  -61.78567 326.818236      48.74 1.8503e+03   1332.615      31984  1030.1645  1030.1631    34.5508    34.5491    8.03021         26 0.0000e+00
    510.000    504.433     0.0239  28.950949     0.0238  28.949482     5.5470     5.5394    -0.0134    98.4614 1.0000e-12  -63.47126  -61.78565 326.818257      50.53 1.8587e+03   1334.372      32026  1030.1599  1030.1585    34.5509    34.5491    8.03036         31 0.0000e+00
    509.000    503.447     0.0236  28.950234     0.0237  28.949056     5.5505     5.5481    -0.0097    98.4522 1.0000e-12  -63.47126  -61.78564 326.818287      51.40 1.8500e+03   1337.006      32089  1030.1553  1030.1539    34.5509    34.5492    8.03043         42 0.0000e+00
    508.000    502.458     0.0208  28.947175     0.0213  28.946252     5.5630     5.5444    -0.0115    98.4547 1.0000e-12  -63.47126  -61.78566 326.818305      52.22 1.8407e+03   1338.532      32126  1030.1506  1030.1490    34.5506    34.5488    8.03104         31 0.0000e+00
    507.000    501.472     0.0175  28.943790     0.0182  28.943097     5.5574     5.5390    -0.0263    98.4459 1.0000e-12  -63.47126  -61.78567 326.818320      53.31 1.8443e+03   1339.839      32157  1030.1460  1030.1445    34.5504    34.5487    8.03173         32 0.0000e+00
    506.000    500.483     0.0157  28.941911     0.0178  28.942462     5.5682     5.5461    -0.0085    98.4924 1.0000e-12  -63.47126  -61.78566 326.818337      54.29 1.8517e+03   1341.320      32193  1030.1416  1030.1401    34.5506    34.5489    8.03211         39 0.0000e+00
    505.000    499.495     0.0124  28.938153     0.0172  28.941277     5.5712     5.5493     0.0055    98.5510 1.0000e-12  -63.47127  -61.78566 326.818354      54.93 1.8529e+03   1342.828      32229  1030.1366  1030.1351    34.5499    34.5486    8.03284         32 0.0000e+00
    504.000    498.507    -0.0006  28.926339     0.0047  28.929799     5.5614     5.5518    -0.0015    98.4902 1.0000e-12  -63.47127  -61.78566 326.818368      55.99 1.8490e+03   1344.020      32257  1030.1327  1030.1312    34.5495    34.5481    8.03558         26 0.0000e+00
    503.000    497.520     0.0098  28.935139     0.0169  28.940268     5.6029     5.5722    -0.0150    98.4843 1.0000e-12  -63.47126  -61.78566 326.818381      57.14 1.8461e+03   1345.101      32283  1030.1275  1030.1258    34.5501    34.5488    8.03338         26 0.0000e+00
    502.000    496.531    -0.0100  28.916291    -0.0055  28.918959     5.6306     5.5899    -0.0137    98.4728 1.0000e-12  -63.47126  -61.78566 326.818393      58.50 1.8462e+03   1346.181      32309  1030.1229  1030.1213    34.5480    34.5464    8.03764         27 0.0000e+00
    501.000    495.544    -0.0409  28.888550    -0.0385  28.889273     5.6170     5.5834    -0.0122    98.4913 1.0000e-12  -63.47126  -61.78566 326.818408      59.26 1.8491e+03   1347.417      32339  1030.1198  1030.1183    34.5466    34.5449    8.04420         33 0.0000e+00
    500.000    494.555    -0.0327  28.897944    -0.0131  28.913431     5.5963     5.5770    -0.0108    98.4749 1.0000e-12  -63.47127  -61.78566 326.818438      60.47 1.8533e+03   1350.064      32403  1030.1170  1030.1140    34.5504    34.5488    8.04226         36 0.0000e+00
    499.000    493.569    -0.0215  28.904935    -0.0169  28.906883     5.6171     5.5992    -0.0082    98.4883 1.0000e-12  -63.47128  -61.78566 326.818472      61.10 1.8455e+03   1352.940      32472  1030.1089  1030.1066    34.5477    34.5450    8.04007         35 0.0000e+00
    498.000    492.579    -0.0425  28.885409    -0.0420  28.884691     5.6185     5.6042    -0.0183    98.5110 1.0000e-12  -63.47128  -61.78567 326.818483      61.98 1.8376e+03   1353.975      32496  1030.1048  1030.1037    34.5461    34.5446    8.04457         22 0.0000e+00
    497.000    491.592    -0.0583  28.870704    -0.0533  28.874019     5.6250     5.6060    -0.0191    98.5237 1.0000e-12  -63.47128  -61.78568 326.818493      63.02 1.8352e+03   1354.783      32516  1030.1006  1030.0993    34.5450    34.5437    8.04796         18 0.0000e+00
