NBP2113_155081_ctd/data/unbp2113_031.cnv
* Sea-Bird SBE 9 Data File:
* FileName = D:\Data\raw\NBP2113_031.hex
* Software Version Seasave V 7.26.7.121
* Temperature SN = 2438
* Conductivity SN = 2067
* Number of Bytes Per Scan = 40
* Number of Voltage Words = 5
* Number of Scans Averaged by the Deck Unit = 1
* NMEA Latitude = 66 30.40 S
* NMEA Longitude = 069 53.27 W
* NMEA UTC (Time) = Dec 06 2021  01:15:18
* NMEA baud rate = 9600
** Ship: RVIB N.B. Palmer
** Cruise: NBP2113 LTER
** Station: 300.100
** Operator: S. Blackman
# nquan = 25
# nvalues = 477                         
# units = specified
# name 0 = prDM: Pressure, Digiquartz [db]
# name 1 = depSM: Depth [salt water, m]
# name 2 = t090C: Temperature [ITS-90, deg C]
# name 3 = c0mS/cm: Conductivity [mS/cm]
# name 4 = t190C: Temperature, 2 [ITS-90, deg C]
# name 5 = c1mS/cm: Conductivity, 2 [mS/cm]
# name 6 = sbeox0ML/L: Oxygen, SBE 43 [ml/l]
# name 7 = sbeox1ML/L: Oxygen, SBE 43, 2 [ml/l]
# name 8 = flECO-AFL: Fluorescence, WET Labs ECO-AFL/FL [mg/m^3]
# name 9 = CStarTr0: Beam Transmission, WET Labs C-Star [%]
# name 10 = par: PAR/Irradiance, Biospherical/Licor
# name 11 = latitude: Latitude [deg]
# name 12 = longitude: Longitude [deg]
# name 13 = timeJ: Julian Days
# name 14 = altM: Altimeter [m]
# name 15 = spar: SPAR, Biospherical/Licor
# name 16 = timeS: Time, Elapsed [seconds]
# name 17 = scan: Scan Count
# name 18 = density00: Density [density, kg/m^3]
# name 19 = density11: Density, 2 [density, kg/m^3]
# name 20 = sal00: Salinity, Practical [PSU]
# name 21 = sal11: Salinity, Practical, 2 [PSU]
# name 22 = oxsolML/L: Oxygen Saturation, Garcia & Gordon [ml/l]
# name 23 = nbin: number of scans per bin
# name 24 = flag: flag
# span 0 =      1.000,    477.000       
# span 1 =      0.995,    471.731       
# span 2 =    -0.5089,     1.5389       
# span 3 =  27.884903,  30.225223       
# span 4 =    -0.5094,     1.5382       
# span 5 =  27.883805,  30.223554       
# span 6 =     3.9201,     8.6212       
# span 7 =     3.9639,     8.1289       
# span 8 =    -0.0221,     1.8375       
# span 9 =    89.2577,    96.5722       
# span 10 = 1.0000e-12, 7.9976e+01      
# span 11 =  -66.50696,  -66.50658      
# span 12 =  -69.88850,  -69.88834      
# span 13 = 340.065674, 340.077578      
# span 14 =       8.77,      99.98      
# span 15 = 4.5835e+01, 5.4653e+01      
# span 16 =   1156.196,   2184.765      
# span 17 =      27750,      52435      
# span 18 =  1027.3251,  1030.0491      
# span 19 =  1027.3238,  1030.0480      
# span 20 =    34.0045,    34.7259      
# span 21 =    34.0029,    34.7249      
# span 22 =    7.71636,    8.17435      
# span 23 =          7,         46      
# span 24 = 0.0000e+00, 0.0000e+00      
# interval = decibars: 1                
# start_time = Dec 06 2021 01:15:18 [NMEA time, header]
# bad_flag = -9.990e-29
*END*
[from data line 174]
    303.000    299.778     1.4277  30.178666     1.4274  30.177174     3.9923     4.0207    -0.0082    96.4991 1.0000e-12  -66.50660  -69.88848 340.068298      99.97 5.1124e+01   1382.980      33193  1029.2016  1029.2005    34.6996    34.6981    7.73741         27 0.0000e+00
    302.000    298.790     1.4277  30.177779     1.4274  30.176569     3.9928     4.0245     0.0020    96.5081 1.0000e-12  -66.50660  -69.88848 340.068722      99.97 5.1124e+01   1419.612      34072  1029.1965  1029.1955    34.6991    34.6978    7.73744         39 0.0000e+00
    301.000    297.798     1.4282  30.177655     1.4282  30.176698     3.9870     4.0265    -0.0097    96.5188 1.0000e-12  -66.50660  -69.88846 340.068798      99.98 5.1124e+01   1426.164      34229  1029.1916  1029.1907    34.6990    34.6977    7.73736         33 0.0000e+00
    300.000    296.813     1.4305  30.179415     1.4294  30.177409     3.9817     4.0241    -0.0143    96.5194 1.0000e-12  -66.50661  -69.88848 340.068824      99.98 5.1124e+01   1428.358      34282  1029.1869  1029.1859    34.6992    34.6979    7.73688         41 0.0000e+00
    299.000    295.824     1.4370  30.184767     1.4372  30.184242     3.9876     4.0232     0.0005    96.5087 1.0000e-12  -66.50662  -69.88848 340.068844      99.98 5.1124e+01   1430.159      34325  1029.1817  1029.1809    34.6994    34.6985    7.73559         38 0.0000e+00
    298.000    294.836     1.4422  30.188928     1.4421  30.188074     3.9912     4.0233    -0.0111    96.4987 1.0000e-12  -66.50660  -69.88848 340.068866      99.97 5.1124e+01   1432.009      34369  1029.1766  1029.1758    34.6996    34.6986    7.73457         35 0.0000e+00
    297.000    293.847     1.4440  30.190133     1.4444  30.189515     3.9870     4.0178    -0.0045    96.4935 1.0000e-12  -66.50660  -69.88848 340.068880      99.97 5.1124e+01   1433.254      34399  1029.1719  1029.1709    34.6996    34.6985    7.73420         24 0.0000e+00
    296.000    292.859     1.4456  30.191095     1.4461  30.190402     3.9848     4.0204    -0.0049    96.5192 1.0000e-12  -66.50660  -69.88848 340.068890      99.97 5.1124e+01   1434.098      34419  1029.1670  1029.1659    34.6997    34.6983    7.73389         18 0.0000e+00
    295.000    291.867     1.4466  30.191379     1.4464  30.190144     3.9802     4.0206    -0.0099    96.5226 1.0000e-12  -66.50661  -69.88847 340.068898      99.98 5.1124e+01   1434.806      34436  1029.1622  1029.1611    34.6996    34.6982    7.73371         16 0.0000e+00
    294.000    290.883     1.4472  30.191401     1.4476  30.190638     3.9795     4.0201    -0.0140    96.5210 1.0000e-12  -66.50662  -69.88846 340.068906      99.97 5.1124e+01   1435.470      34452  1029.1574  1029.1562    34.6995    34.6981    7.73358         16 0.0000e+00
    293.000    289.890     1.4479  30.191365     1.4478  30.190175     3.9878     4.0200     0.0004    96.5194 1.0000e-12  -66.50662  -69.88846 340.068914      99.97 5.1124e+01   1436.163      34469  1029.1525  1029.1513    34.6993    34.6979    7.73346         17 0.0000e+00
    292.000    288.904     1.4480  30.190974     1.4461  30.188380     3.9873     4.0205    -0.0009    96.5194 1.0000e-12  -66.50662  -69.88846 340.068924      99.98 5.1124e+01   1437.017      34489  1029.1478  1029.1469    34.6992    34.6980    7.73345         25 0.0000e+00
    291.000    287.913     1.4473  30.189941     1.4464  30.188171     3.9821     4.0231    -0.0116    96.5220 1.0000e-12  -66.50662  -69.88847 340.068950      99.98 5.1124e+01   1439.308      34544  1029.1432  1029.1423    34.6993    34.6980    7.73358         31 0.0000e+00
    290.000    286.926     1.4481  30.190165     1.4462  30.187525     3.9825     4.0194    -0.0058    96.5217 1.0000e-12  -66.50662  -69.88848 340.068988      99.98 5.1124e+01   1442.561      34622  1029.1385  1029.1377    34.6993    34.6980    7.73343         33 0.0000e+00
    289.000    285.937     1.4478  30.189432     1.4462  30.186995     3.9810     4.0185    -0.0065    96.5391 1.0000e-12  -66.50662  -69.88848 340.069001      99.97 5.1124e+01   1443.716      34650  1029.1339  1029.1329    34.6993    34.6979    7.73349         24 0.0000e+00
    288.000    284.949     1.4574  30.197542     1.4560  30.195277     3.9739     4.0195    -0.0018    96.5309 1.0000e-12  -66.50662  -69.88847 340.069012      99.97 5.1124e+01   1444.614      34672  1029.1284  1029.1274    34.6995    34.6982    7.73159         20 0.0000e+00
    287.000    283.959     1.4616  30.200408     1.4615  30.199160     3.9669     4.0172     0.0026    96.5330 1.0000e-12  -66.50662  -69.88846 340.069021      99.98 5.1124e+01   1445.379      34690  1029.1229  1029.1217    34.6991    34.6977    7.73079         17 0.0000e+00
    286.000    282.973     1.4617  30.199684     1.4609  30.197826     3.9645     4.0143    -0.0139    96.5437 1.0000e-12  -66.50662  -69.88846 340.069029      99.98 5.1124e+01   1446.075      34707  1029.1179  1029.1168    34.6987    34.6972    7.73079         16 0.0000e+00
    285.000    281.980     1.4609  30.198459     1.4605  30.197064     3.9667     4.0128    -0.0111    96.5436 1.0000e-12  -66.50662  -69.88846 340.069037      99.97 5.1124e+01   1446.758      34723  1029.1132  1029.1121    34.6985    34.6972    7.73095         17 0.0000e+00
    284.000    280.994     1.4604  30.197329     1.4602  30.196112     3.9693     4.0144    -0.0058    96.5411 1.0000e-12  -66.50662  -69.88846 340.069045      99.97 5.1124e+01   1447.493      34741  1029.1084  1029.1073    34.6982    34.6969    7.73106         19 0.0000e+00
    283.000    280.005     1.4604  30.196889     1.4597  30.195349     3.9779     4.0136    -0.0135    96.5352 1.0000e-12  -66.50662  -69.88846 340.069056      99.97 5.1124e+01   1448.454      34764  1029.1037  1029.1028    34.6982    34.6971    7.73106         28 0.0000e+00
    282.000    279.016     1.4605  30.196633     1.4599  30.195257     3.9841     4.0161     0.0027    96.5241 1.0000e-12  -66.50662  -69.88848 340.069086      99.97 5.1124e+01   1451.008      34825  1029.0992  1029.0983    34.6984    34.6973    7.73104         32 0.0000e+00
    281.000    278.027     1.4605  30.196113     1.4601  30.194787     3.9788     4.0169    -0.0081    96.5256 1.0000e-12  -66.50662  -69.88848 340.069110      99.98 5.1124e+01   1453.118      34876  1029.0945  1029.0935    34.6984    34.6970    7.73104         25 0.0000e+00
    280.000    277.038     1.4610  30.196039     1.4606  30.194793     3.9723     4.0156    -0.0143    96.5411 1.0000e-12  -66.50662  -69.88848 340.069121      99.98 5.1124e+01   1454.041      34898  1029.0897  1029.0888    34.6983    34.6971    7.73095         18 0.0000e+00
    279.000    276.047     1.4604  30.194096     1.4603  30.193149     3.9726     4.0149    -0.0069    96.5355 1.0000e-12  -66.50663  -69.88848 340.069129      99.98 5.1124e+01   1454.763      34915  1029.0841  1029.0832    34.6970    34.6959    7.73113         16 0.0000e+00
    278.000    275.062     1.4598  30.192822     1.4596  30.191511     3.9758     4.0141    -0.0085    96.5196 1.0000e-12  -66.50664  -69.88848 340.069137      99.97 5.1124e+01   1455.450      34932  1029.0792  1029.0781    34.6967    34.6952    7.73127         17 0.0000e+00
    277.000    274.074     1.4593  30.191754     1.4590  30.190356     3.9749     4.0148    -0.0144    96.5152 1.0000e-12  -66.50664  -69.88848 340.069145      99.97 5.1124e+01   1456.164      34949  1029.0743  1029.0732    34.6964    34.6950    7.73138         18 0.0000e+00
    276.000    273.083     1.4581  30.190009     1.4579  30.188778     3.9783     4.0140    -0.0071    96.5202 1.0000e-12  -66.50664  -69.88846 340.069155      99.98 5.1124e+01   1457.024      34970  1029.0695  1029.0685    34.6961    34.6948    7.73163         24 0.0000e+00
    275.000    272.094     1.4586  30.190178     1.4581  30.188730     3.9789     4.0135     0.0018    96.5226 1.0000e-12  -66.50664  -69.88846 340.069170      99.98 5.1124e+01   1458.266      34999  1029.0650  1029.0640    34.6964    34.6951    7.73152         32 0.0000e+00
    274.000    271.106     1.4587  30.189817     1.4582  30.188230     3.9738     4.0134     0.0049    96.5324 1.0000e-12  -66.50664  -69.88846 340.069189      99.97 5.1124e+01   1459.900      35039  1029.0603  1029.0592    34.6964    34.6949    7.73150         38 0.0000e+00
    273.000    270.118     1.4582  30.188800     1.4586  30.188365     3.9766     4.0126    -0.0002    96.5421 1.0000e-12  -66.50664  -69.88846 340.069209      99.98 5.1124e+01   1461.627      35080  1029.0555  1029.0546    34.6962    34.6952    7.73160         44 0.0000e+00
    272.000    269.129     1.4578  30.187989     1.4587  30.187997     3.9744     4.0109    -0.0026    96.5317 1.0000e-12  -66.50664  -69.88847 340.069233      99.97 5.1124e+01   1463.690      35130  1029.0508  1029.0500    34.6962    34.6952    7.73168         42 0.0000e+00
    271.000    268.139     1.4555  30.184632     1.4560  30.183941     3.9563     4.0052     0.0012    96.5439 1.0000e-12  -66.50664  -69.88848 340.069252      99.97 5.1124e+01   1465.345      35169  1029.0455  1029.0443    34.6950    34.6936    7.73220         30 0.0000e+00
    270.000    267.152     1.4547  30.182615     1.4543  30.181402     3.9482     3.9978     0.0011    96.5424 1.0000e-12  -66.50664  -69.88848 340.069263      99.98 5.1124e+01   1466.303      35192  1029.0400  1029.0391    34.6940    34.6928    7.73242         19 0.0000e+00
    269.000    266.160     1.4549  30.182129     1.4547  30.180939     3.9514     3.9997    -0.0074    96.5452 1.0000e-12  -66.50664  -69.88848 340.069271      99.97 5.1124e+01   1467.015      35209  1029.0350  1029.0340    34.6937    34.6923    7.73239         15 0.0000e+00
    268.000    265.173     1.4554  30.181971     1.4551  30.180715     3.9507     4.0038    -0.0077    96.5451 1.0000e-12  -66.50664  -69.88848 340.069278      99.98 5.1124e+01   1467.632      35224  1029.0301  1029.0292    34.6935    34.6922    7.73230         15 0.0000e+00
    267.000    264.184     1.4567  30.182382     1.4564  30.181180     3.9497     4.0043    -0.0077    96.5451 1.0000e-12  -66.50664  -69.88848 340.069285      99.97 5.1124e+01   1468.221      35238  1029.0250  1029.0241    34.6931    34.6920    7.73206         14 0.0000e+00
    266.000    263.196     1.4566  30.181695     1.4560  30.180141     3.9500     4.0029     0.0048    96.5451 1.0000e-12  -66.50664  -69.88847 340.069292      99.98 5.1124e+01   1468.825      35253  1029.0202  1029.0192    34.6930    34.6917    7.73209         15 0.0000e+00
    265.000    262.206     1.4547  30.179036     1.4542  30.177857     3.9548     3.9980     0.0100    96.5451 1.0000e-12  -66.50664  -69.88846 340.069300      99.98 5.1124e+01   1469.534      35270  1029.0152  1029.0144    34.6923    34.6913    7.73251         20 0.0000e+00
    264.000    261.217     1.4546  30.178801     1.4549  30.178118     3.9591     4.0021    -0.0011    96.5451 1.0000e-12  -66.50664  -69.88846 340.069313      99.97 5.1124e+01   1470.635      35296  1029.0107  1029.0097    34.6926    34.6914    7.73250         32 0.0000e+00
    263.000    260.230     1.4557  30.179848     1.4554  30.178752     3.9676     4.0039    -0.0021    96.5451 1.0000e-12  -66.50664  -69.88846 340.069340      99.98 5.1124e+01   1472.978      35352  1029.0065  1029.0056    34.6933    34.6922    7.73225         40 0.0000e+00
    262.000    259.240     1.4552  30.178692     1.4551  30.177864     3.9626     4.0008     0.0118    96.5451 1.0000e-12  -66.50664  -69.88846 340.069363      99.97 5.1124e+01   1474.942      35400  1029.0015  1029.0008    34.6930    34.6920    7.73236         39 0.0000e+00
    261.000    258.252     1.4550  30.177736     1.4550  30.176765     3.9641     3.9994     0.0028    96.5451 1.0000e-12  -66.50664  -69.88848 340.069380      99.98 5.1124e+01   1476.446      35436  1028.9965  1028.9956    34.6926    34.6914    7.73242         35 0.0000e+00
    260.000    257.262     1.4562  30.178185     1.4548  30.175888     3.9677     4.0022    -0.0061    96.5451 1.0000e-12  -66.50664  -69.88848 340.069398      99.98 5.1124e+01   1477.991      35473  1028.9916  1028.9906    34.6924    34.6911    7.73220         37 0.0000e+00
    259.000    256.275     1.4687  30.188819     1.4681  30.187332     3.9679     4.0079    -0.0040    96.5469 1.0000e-12  -66.50664  -69.88848 340.069415      99.98 5.1124e+01   1479.436      35507  1028.9859  1028.9850    34.6928    34.6917    7.72974         30 0.0000e+00
    258.000    255.284     1.4777  30.196548     1.4780  30.195646     3.9648     4.0059     0.0003    96.5629 1.0000e-12  -66.50664  -69.88848 340.069427      99.97 5.1124e+01   1480.536      35534  1028.9806  1028.9794    34.6932    34.6917    7.72794         22 0.0000e+00
    257.000    254.296     1.4788  30.196857     1.4790  30.196025     3.9581     4.0048    -0.0062    96.5682 1.0000e-12  -66.50664  -69.88846 340.069437      99.97 5.1124e+01   1481.376      35554  1028.9757  1028.9745    34.6930    34.6916    7.72774         18 0.0000e+00
    256.000    253.309     1.4783  30.195845     1.4779  30.194453     3.9577     4.0072     0.0004    96.5629 1.0000e-12  -66.50664  -69.88846 340.069445      99.98 5.1124e+01   1482.055      35570  1028.9710  1028.9699    34.6929    34.6915    7.72785         16 0.0000e+00
    255.000    252.316     1.4782  30.195141     1.4781  30.194171     3.9626     4.0028     0.0030    96.5649 1.0000e-12  -66.50664  -69.88846 340.069452      99.98 5.1124e+01   1482.665      35585  1028.9661  1028.9652    34.6926    34.6915    7.72787         13 0.0000e+00
    254.000    251.331     1.4767  30.193156     1.4770  30.192486     3.9565     4.0018     0.0024    96.5525 1.0000e-12  -66.50664  -69.88846 340.069459      99.98 5.1124e+01   1483.223      35598  1028.9614  1028.9604    34.6924    34.6911    7.72819         13 0.0000e+00
    253.000    250.339     1.4710  30.186874     1.4722  30.187283     3.9504     4.0003     0.0027    96.5450 1.0000e-12  -66.50665  -69.88846 340.069465      99.98 5.1124e+01   1483.778      35612  1028.9564  1028.9556    34.6912    34.6904    7.72936         14 0.0000e+00
    252.000    249.352     1.4687  30.184197     1.4694  30.183952     3.9520     3.9993    -0.0052    96.5451 1.0000e-12  -66.50666  -69.88846 340.069472      99.98 5.1124e+01   1484.382      35626  1028.9517  1028.9508    34.6909    34.6898    7.72984         16 0.0000e+00
    251.000    248.362     1.4692  30.184288     1.4697  30.183953     3.9642     3.9994    -0.0022    96.5451 1.0000e-12  -66.50666  -69.88846 340.069481      99.98 5.1124e+01   1485.158      35645  1028.9470  1028.9463    34.6910    34.6901    7.72972         23 0.0000e+00
    250.000    247.374     1.4726  30.187197     1.4725  30.186292     3.9599     4.0035    -0.0036    96.5464 1.0000e-12  -66.50666  -69.88847 340.069537      99.98 5.1124e+01   1490.014      35761  1028.9426  1028.9417    34.6916    34.6906    7.72903         21 0.0000e+00
    249.000    246.385     1.4726  30.186835     1.4722  30.185580     3.9576     4.0025    -0.0034    96.5451 1.0000e-12  -66.50666  -69.88848 340.069555      99.98 5.1124e+01   1491.593      35799  1028.9380  1028.9371    34.6917    34.6905    7.72903         17 0.0000e+00
    248.000    245.396     1.4709  30.184394     1.4703  30.183066     3.9530     3.9992     0.0020    96.5451 1.0000e-12  -66.50666  -69.88848 340.069563      99.97 5.1124e+01   1492.247      35815  1028.9329  1028.9322    34.6910    34.6901    7.72939         15 0.0000e+00
    247.000    244.408     1.4694  30.182134     1.4694  30.181300     3.9524     3.9980    -0.0078    96.5451 1.0000e-12  -66.50666  -69.88847 340.069571      99.97 5.1124e+01   1492.905      35831  1028.9279  1028.9271    34.6904    34.6894    7.72972         16 0.0000e+00
