NBP2113_155081_ctd/data/unbp2113_024.cnv
* Sea-Bird SBE 9 Data File:
* FileName = D:\Data\raw\NBP2113_024.hex
* Software Version Seasave V 7.26.7.121
* Temperature SN = 2438
* Conductivity SN = 2067
* Number of Bytes Per Scan = 40
* Number of Voltage Words = 5
* Number of Scans Averaged by the Deck Unit = 1
* NMEA Latitude = 67 06.83 S
* NMEA Longitude = 071 31.86 W
* NMEA UTC (Time) = Dec 02 2021  07:40:38
* NMEA baud rate = 9600
** Ship: RVIB N.B. Palmer
** Cruise: NBP2113 LTER
** Station: 200.100
** Operator: B. Urmston
# nquan = 25
# nvalues = 421                         
# units = specified
# name 0 = prDM: Pressure, Digiquartz [db]
# name 1 = depSM: Depth [salt water, m]
# name 2 = t090C: Temperature [ITS-90, deg C]
# name 3 = c0mS/cm: Conductivity [mS/cm]
# name 4 = t190C: Temperature, 2 [ITS-90, deg C]
# name 5 = c1mS/cm: Conductivity, 2 [mS/cm]
# name 6 = sbeox0ML/L: Oxygen, SBE 43 [ml/l]
# name 7 = sbeox1ML/L: Oxygen, SBE 43, 2 [ml/l]
# name 8 = flECO-AFL: Fluorescence, WET Labs ECO-AFL/FL [mg/m^3]
# name 9 = CStarTr0: Beam Transmission, WET Labs C-Star [%]
# name 10 = par: PAR/Irradiance, Biospherical/Licor
# name 11 = latitude: Latitude [deg]
# name 12 = longitude: Longitude [deg]
# name 13 = timeJ: Julian Days
# name 14 = altM: Altimeter [m]
# name 15 = spar: SPAR, Biospherical/Licor
# name 16 = timeS: Time, Elapsed [seconds]
# name 17 = scan: Scan Count
# name 18 = density00: Density [density, kg/m^3]
# name 19 = density11: Density, 2 [density, kg/m^3]
# name 20 = sal00: Salinity, Practical [PSU]
# name 21 = sal11: Salinity, Practical, 2 [PSU]
# name 22 = oxsolML/L: Oxygen Saturation, Garcia & Gordon [ml/l]
# name 23 = nbin: number of scans per bin
# name 24 = flag: flag
# span 0 =      1.000,    421.000       
# span 1 =      0.990,    416.390       
# span 2 =    -0.4943,     1.4683       
# span 3 =  27.886151,  30.199828       
# span 4 =    -0.4946,     1.4675       
# span 5 =  27.882935,  30.198172       
# span 6 =     3.8460,    17.6668       
# span 7 =     3.9074,     9.9644       
# span 8 =    -0.0148,     3.2440       
# span 9 =    87.7380,    97.2708       
# span 10 = 1.0000e-12, 5.7867e+01      
# span 11 =  -67.11402,  -67.11382      
# span 12 =  -71.53106,  -71.53022      
# span 13 = 336.331947, 336.344568      
# span 14 =       9.01,     100.64      
# span 15 = 4.5830e+01, 5.8175e+01      
# span 16 =   1042.232,   2132.679      
# span 17 =      25015,      51185      
# span 18 =  1027.3386,  1029.7676      
# span 19 =  1027.3372,  1029.7660      
# span 20 =    34.0145,    34.7101      
# span 21 =    34.0122,    34.7082      
# span 22 =    7.72970,    8.17097      
# span 23 =          8,         45      
# span 24 = 0.0000e+00, 0.0000e+00      
# interval = decibars: 1                
# start_time = Dec 02 2021 07:40:38 [NMEA time, header]
# bad_flag = -9.990e-29
*END*
[from data line 232]
    189.000    187.036     1.4202  30.098890     1.4199  30.097257     3.9395     3.9906    -0.0040    97.2151 1.0000e-12  -67.11394  -71.53089 336.338577      99.98 4.9361e+01   1615.024      38762  1028.6446  1028.6432    34.6725    34.6707    7.74034         36 0.0000e+00
    188.000    186.044     1.4190  30.097313     1.4194  30.096328     3.9452     3.9968    -0.0066    97.2215 1.0000e-12  -67.11394  -71.53088 336.338602      99.98 4.7864e+01   1617.212      38814  1028.6399  1028.6385    34.6723    34.6706    7.74058         31 0.0000e+00
    187.000    185.057     1.4191  30.096602     1.4178  30.093897     3.9547     4.0011    -0.0073    97.2174 1.0000e-12  -67.11394  -71.53086 336.338613      99.97 4.7594e+01   1618.157      38837  1028.6348  1028.6333    34.6720    34.6699    7.74059         18 0.0000e+00
    186.000    184.067     1.4120  30.088098     1.4128  30.087711     3.9461     4.0048    -0.0054    97.2145 1.0000e-12  -67.11394  -71.53085 336.338620      99.98 4.7598e+01   1618.804      38852  1028.6289  1028.6277    34.6695    34.6682    7.74211         13 0.0000e+00
    185.000    183.079     1.4038  30.079017     1.4034  30.077506     3.9383     4.0040    -0.0046    97.2237 1.0000e-12  -67.11394  -71.53084 336.338627      99.97 4.7598e+01   1619.344      38865  1028.6235  1028.6224    34.6676    34.6661    7.74383         12 0.0000e+00
    184.000    182.088     1.4013  30.075876     1.4006  30.073992     3.9370     3.9972     0.0108    97.2318 1.0000e-12  -67.11394  -71.53084 336.338632      99.98 4.7598e+01   1619.818      38877  1028.6184  1028.6172    34.6669    34.6653    7.74435         12 0.0000e+00
    183.000    181.098     1.3997  30.073601     1.3991  30.071636     3.9412     3.9957     0.0129    97.2217 1.0000e-12  -67.11394  -71.53084 336.338638      99.98 4.7598e+01   1620.286      38888  1028.6134  1028.6120    34.6663    34.6645    7.74470         11 0.0000e+00
    182.000    180.110     1.4008  30.073827     1.4009  30.072358     3.9465     3.9932     0.0025    97.2170 1.0000e-12  -67.11394  -71.53085 336.338643      99.97 4.7598e+01   1620.742      38899  1028.6083  1028.6067    34.6660    34.6641    7.74450         11 0.0000e+00
    181.000    179.122     1.4034  30.075269     1.4032  30.073629     3.9414     3.9947    -0.0065    97.2146 1.0000e-12  -67.11394  -71.53086 336.338649      99.98 4.7598e+01   1621.232      38911  1028.6030  1028.6015    34.6656    34.6637    7.74402         12 0.0000e+00
    180.000    178.132     1.4035  30.074292     1.4032  30.073115     3.9443     3.9936    -0.0067    97.2146 1.0000e-12  -67.11394  -71.53086 336.338655      99.98 4.7598e+01   1621.784      38924  1028.5976  1028.5967    34.6648    34.6636    7.74404         15 0.0000e+00
    179.000    177.140     1.4033  30.074167     1.4029  30.072711     3.9490     3.9943    -0.0036    97.2146 1.0000e-12  -67.11394  -71.53087 336.338666      99.98 4.7598e+01   1622.783      38948  1028.5934  1028.5923    34.6654    34.6640    7.74404         28 0.0000e+00
    178.000    176.154     1.4021  30.073587     1.4017  30.071825     3.9537     4.0037    -0.0144    97.2146 1.0000e-12  -67.11394  -71.53086 336.338737      99.98 4.7598e+01   1628.916      39095  1028.5896  1028.5882    34.6666    34.6648    7.74421         19 0.0000e+00
    177.000    175.165     1.4020  30.072386     1.4017  30.070948     3.9535     4.0043    -0.0033    97.2146 1.0000e-12  -67.11394  -71.53086 336.338746      99.98 4.7598e+01   1629.650      39113  1028.5842  1028.5830    34.6657    34.6643    7.74427         19 0.0000e+00
    176.000    174.174     1.4019  30.071532     1.4016  30.070063     3.9490     4.0017     0.0008    97.2146 1.0000e-12  -67.11394  -71.53086 336.338756      99.97 4.7598e+01   1630.526      39134  1028.5792  1028.5779    34.6653    34.6638    7.74431         23 0.0000e+00
    175.000    173.186     1.4019  30.071084     1.4017  30.069714     3.9474     4.0044     0.0024    97.2146 1.0000e-12  -67.11394  -71.53086 336.338768      99.98 4.7598e+01   1631.554      39158  1028.5744  1028.5732    34.6654    34.6638    7.74432         26 0.0000e+00
    174.000    172.198     1.4014  30.069585     1.4015  30.068944     3.9482     4.0102     0.0042    97.2146 1.0000e-12  -67.11394  -71.53086 336.338780      99.98 4.7598e+01   1632.605      39184  1028.5691  1028.5684    34.6646    34.6636    7.74445         24 0.0000e+00
    173.000    171.208     1.3955  30.061412     1.3967  30.061637     3.9495     4.0111     0.0130    97.2146 1.0000e-12  -67.11394  -71.53086 336.338791      99.98 4.7598e+01   1633.536      39206  1028.5624  1028.5614    34.6613    34.6603    7.74580         20 0.0000e+00
    172.000    170.217     1.3906  30.055077     1.3901  30.053251     3.9529     4.0080    -0.0070    97.2146 1.0000e-12  -67.11394  -71.53086 336.338800      99.98 4.7598e+01   1634.354      39225  1028.5564  1028.5551    34.6592    34.6574    7.74687         19 0.0000e+00
    171.000    169.228     1.3874  30.050627     1.3871  30.049123     3.9495     4.0101    -0.0125    97.2146 1.0000e-12  -67.11394  -71.53086 336.338809      99.97 4.7598e+01   1635.100      39243  1028.5507  1028.5495    34.6576    34.6560    7.74758         18 0.0000e+00
    170.000    168.241     1.3863  30.048923     1.3864  30.047712     3.9524     4.0141    -0.0103    97.2146 1.0000e-12  -67.11394  -71.53086 336.338817      99.98 4.7598e+01   1635.823      39261  1028.5458  1028.5445    34.6573    34.6556    7.74782         17 0.0000e+00
    169.000    167.250     1.3858  30.047795     1.3857  30.046442     3.9593     4.0129     0.0124    97.2146 1.0000e-12  -67.11394  -71.53086 336.338826      99.98 4.7598e+01   1636.573      39279  1028.5409  1028.5397    34.6570    34.6554    7.74794         19 0.0000e+00
    168.000    166.261     1.3853  30.046698     1.3856  30.046023     3.9630     4.0090    -0.0021    97.2135 1.0000e-12  -67.11394  -71.53086 336.338836      99.98 4.7598e+01   1637.447      39300  1028.5360  1028.5351    34.6567    34.6555    7.74804         23 0.0000e+00
    167.000    165.272     1.3868  30.048151     1.3886  30.049272     3.9665     4.0077     0.0005    97.2207 1.0000e-12  -67.11394  -71.53087 336.338851      99.98 4.7598e+01   1638.695      39330  1028.5318  1028.5311    34.6575    34.6569    7.74772         37 0.0000e+00
    166.000    164.285     1.3892  30.050881     1.3885  30.048754     3.9546     4.0077     0.0003    97.2161 1.0000e-12  -67.11394  -71.53087 336.338893      99.98 4.7598e+01   1642.385      39418  1028.5278  1028.5263    34.6589    34.6569    7.74716         34 0.0000e+00
    165.000    163.293     1.3880  30.048860     1.3879  30.047412     3.9527     4.0109    -0.0076    97.2146 1.0000e-12  -67.11392  -71.53086 336.338913      99.97 4.7598e+01   1644.117      39460  1028.5226  1028.5213    34.6582    34.6565    7.74743         25 0.0000e+00
    164.000    162.304     1.3863  30.045992     1.3866  30.045407     3.9511     4.0119    -0.0008    97.2146 1.0000e-12  -67.11392  -71.53086 336.338924      47.00 4.7598e+01   1645.053      39482  1028.5172  1028.5163    34.6571    34.6560    7.74784         22 0.0000e+00
    163.000    161.315     1.3853  30.043899     1.3852  30.042535     3.9572     4.0124    -0.0038    97.2056 1.0000e-12  -67.11392  -71.53086 336.338937      97.60 4.7598e+01   1646.118      39508  1028.5117  1028.5105    34.6560    34.6544    7.74808         31 0.0000e+00
    162.000    160.325     1.3853  30.043206     1.3852  30.042163     3.9620     4.0097    -0.0001    97.2284 1.0000e-12  -67.11392  -71.53086 336.338954      99.98 4.7598e+01   1647.603      39543  1028.5067  1028.5058    34.6557    34.6546    7.74809         33 0.0000e+00
    161.000    159.336     1.3846  30.041317     1.3844  30.039922     3.9674     4.0171    -0.0069    97.2364 1.0000e-12  -67.11392  -71.53086 336.338969      99.98 4.7598e+01   1648.910      39575  1028.5013  1028.5000    34.6547    34.6531    7.74829         26 0.0000e+00
    160.000    158.348     1.3832  30.038909     1.3823  30.036818     3.9757     4.0217    -0.0068    97.2328 1.0000e-12  -67.11392  -71.53086 336.338981      99.98 4.7598e+01   1649.953      39600  1028.4960  1028.4946    34.6538    34.6521    7.74863         24 0.0000e+00
    159.000    157.358     1.3785  30.033024     1.3789  30.032181     3.9744     4.0213    -0.0074    97.2325 1.0000e-12  -67.11392  -71.53086 336.338992      99.98 4.7598e+01   1650.908      39623  1028.4903  1028.4890    34.6520    34.6505    7.74964         23 0.0000e+00
    158.000    156.369     1.3761  30.030161     1.3759  30.028632     3.9662     4.0186     0.0090    97.2164 1.0000e-12  -67.11392  -71.53086 336.339004      99.98 4.7598e+01   1651.976      39648  1028.4855  1028.4841    34.6517    34.6499    7.75014         31 0.0000e+00
    157.000    155.378     1.3824  30.037114     1.3821  30.035366     3.9687     4.0158    -0.0057    97.2173 1.0000e-12  -67.11392  -71.53087 336.339081      99.98 4.7166e+01   1658.604      39807  1028.4820  1028.4805    34.6541    34.6522    7.74876         30 0.0000e+00
    156.000    154.391     1.3768  30.029945     1.3769  30.028902     3.9782     4.0223    -0.0077    97.2103 1.0000e-12  -67.11392  -71.53086 336.339111      99.97 4.7304e+01   1661.184      39869  1028.4760  1028.4748    34.6517    34.6503    7.74999         24 0.0000e+00
    155.000    153.400     1.3738  30.026061     1.3744  30.025722     3.9730     4.0176    -0.0028    97.1920 1.0000e-12  -67.11392  -71.53086 336.339124      99.98 4.6684e+01   1662.319      39897  1028.4707  1028.4698    34.6507    34.6496    7.75064         33 0.0000e+00
    154.000    152.413     1.3757  30.027949     1.3751  30.025900     3.9613     4.0190     0.0062    97.2104 1.0000e-12  -67.11392  -71.53087 336.339149      99.98 4.5846e+01   1664.466      39948  1028.4665  1028.4650    34.6516    34.6497    7.75022         39 0.0000e+00
    153.000    151.421     1.3743  30.025735     1.3737  30.023626     3.9609     4.0238     0.0006    97.2015 1.0000e-12  -67.11392  -71.53088 336.339172      99.98 4.6044e+01   1666.447      39996  1028.4613  1028.4597    34.6509    34.6489    7.75053         32 0.0000e+00
    152.000    150.433     1.3709  30.021388     1.3704  30.019587     3.9679     4.0166    -0.0063    97.1974 1.0000e-12  -67.11392  -71.53088 336.339186      99.97 4.6487e+01   1667.705      40026  1028.4560  1028.4546    34.6497    34.6480    7.75127         34 0.0000e+00
    151.000    149.443     1.3686  30.017813     1.3681  30.016142     3.9779     4.0174    -0.0063    97.2050 1.0000e-12  -67.11392  -71.53084 336.339398      99.98 4.6160e+01   1685.999      40465  1028.4502  1028.4489    34.6483    34.6467    7.75180         31 0.0000e+00
    150.000    148.455     1.3668  30.014568     1.3664  30.012911     3.9577     4.0169    -0.0144    97.1888 1.0000e-12  -67.11390  -71.53084 336.339548      99.97 4.5835e+01   1698.927      40775  1028.4443  1028.4430    34.6467    34.6450    7.75223         12 0.0000e+00
    149.000    147.464     1.3664  30.013517     1.3661  30.012003     3.9594     4.0169    -0.0098    97.1742 1.0000e-12  -67.11390  -71.53084 336.339554      99.97 4.5835e+01   1699.478      40788  1028.4393  1028.4381    34.6464    34.6448    7.75233         14 0.0000e+00
    148.000    146.472     1.3664  30.012924     1.3662  30.011599     3.9672     4.0169     0.0001    97.1810 1.0000e-12  -67.11390  -71.53082 336.339561      99.98 4.5835e+01   1700.102      40803  1028.4345  1028.4333    34.6462    34.6447    7.75234         17 0.0000e+00
    147.000    145.487     1.3667  30.012865     1.3660  30.010800     3.9708     4.0171    -0.0062    97.2002 1.0000e-12  -67.11392  -71.53080 336.339573      99.98 4.5835e+01   1701.128      40828  1028.4299  1028.4285    34.6464    34.6445    7.75227         26 0.0000e+00
    146.000    144.497     1.3659  30.011662     1.3657  30.010245     3.9543     4.0218    -0.0071    97.1924 1.0000e-12  -67.11392  -71.53078 336.339605      99.98 4.5835e+01   1703.859      40894  1028.4252  1028.4240    34.6463    34.6448    7.75243         32 0.0000e+00
    145.000    143.507     1.3663  30.011553     1.3660  30.009931     3.9581     4.0197    -0.0073    97.1887 1.0000e-12  -67.11392  -71.53078 336.339615      99.98 4.5835e+01   1704.726      40914  1028.4205  1028.4190    34.6463    34.6445    7.75236         17 0.0000e+00
    144.000    142.519     1.3664  30.010816     1.3661  30.009323     3.9625     4.0177    -0.0067    97.1923 1.0000e-12  -67.11392  -71.53078 336.339622      99.98 4.5835e+01   1705.385      40930  1028.4154  1028.4141    34.6459    34.6442    7.75236         15 0.0000e+00
    143.000    141.529     1.3641  30.007361     1.3639  30.005711     3.9612     4.0135    -0.0072    97.1984 1.0000e-12  -67.11392  -71.53078 336.339630      99.98 4.5835e+01   1706.012      40945  1028.4098  1028.4084    34.6446    34.6427    7.75288         16 0.0000e+00
    142.000    140.539     1.3640  30.006569     1.3632  30.004431     3.9635     4.0126    -0.0055    97.1991 1.0000e-12  -67.11392  -71.53078 336.339639      99.98 4.5835e+01   1706.823      40965  1028.4049  1028.4034    34.6443    34.6424    7.75292         25 0.0000e+00
    141.000    139.550     1.3650  30.007633     1.3648  30.006214     3.9401     4.0057    -0.0020    97.1936 1.0000e-12  -67.11390  -71.53079 336.339681      99.98 4.5835e+01   1710.423      41051  1028.4007  1028.3995    34.6450    34.6435    7.75267         25 0.0000e+00
    140.000    138.561     1.3640  30.005710     1.3638  30.004310     3.9246     3.9967     0.0025    97.2130 1.0000e-12  -67.11390  -71.53080 336.339692      99.97 4.5835e+01   1711.381      41074  1028.3954  1028.3942    34.6443    34.6427    7.75291         15 0.0000e+00
    139.000    137.572     1.3634  30.004203     1.3631  30.002738     3.9210     3.9917     0.0008    97.2167 1.0000e-12  -67.11390  -71.53080 336.339698      99.98 4.5835e+01   1711.930      41087  1028.3902  1028.3890    34.6436    34.6421    7.75306         12 0.0000e+00
    138.000    136.582     1.3623  30.001582     1.3620  30.000067     3.9220     3.9934     0.0014    97.2145 1.0000e-12  -67.11390  -71.53080 336.339704      99.98 4.5835e+01   1712.450      41100  1028.3844  1028.3832    34.6421    34.6405    7.75336         12 0.0000e+00
    137.000    135.591     1.3605  29.998334     1.3604  29.996832     3.9279     3.9940    -0.0127    97.2202 1.0000e-12  -67.11390  -71.53078 336.339711      99.97 4.5835e+01   1712.990      41113  1028.3786  1028.3772    34.6405    34.6388    7.75381         14 0.0000e+00
    136.000    134.602     1.3598  29.996898     1.3595  29.995474     3.9378     3.9978    -0.0116    97.2331 1.0000e-12  -67.11391  -71.53077 336.339718      99.98 4.5835e+01   1713.646      41129  1028.3735  1028.3724    34.6400    34.6386    7.75397         19 0.0000e+00
    135.000    133.613     1.3608  29.997836     1.3608  29.996921     3.9482     3.9970    -0.0025    97.2372 1.0000e-12  -67.11392  -71.53075 336.339731      99.98 4.5835e+01   1714.750      41155  1028.3693  1028.3684    34.6407    34.6396    7.75374         35 0.0000e+00
    134.000    132.625     1.3619  29.999367     1.3611  29.997362     3.9539     3.9961    -0.0048    97.2254 1.0000e-12  -67.11392  -71.53072 336.339752      99.98 4.5835e+01   1716.535      41198  1028.3655  1028.3642    34.6420    34.6403    7.75344         38 0.0000e+00
    133.000    131.634     1.3611  29.997880     1.3606  29.996018     3.9371     3.9899    -0.0034    97.2392 1.0000e-12  -67.11392  -71.53071 336.339769      99.98 4.5835e+01   1718.047      41234  1028.3606  1028.3591    34.6417    34.6398    7.75363         35 0.0000e+00
