NBP2113_155081_ctd/data/unbp2113_015.cnv
* Sea-Bird SBE 9 Data File:
* FileName = D:\Data\raw\NBP2113_015.hex
* Software Version Seasave V 7.26.7.121
* Temperature SN = 2438
* Conductivity SN = 2067
* Number of Bytes Per Scan = 40
* Number of Voltage Words = 5
* Number of Scans Averaged by the Deck Unit = 1
* NMEA Latitude = 66 15.27 S
* NMEA Longitude = 067 20.33 W
* NMEA UTC (Time) = Nov 27 2021  19:51:53
* NMEA baud rate = 9600
** Ship: RVIB N.B. Palmer
** Cruise: NBP2113 LTER
** Station: 500.040
** Operator: S. Blackman
# nquan = 25
# nvalues = 200                         
# units = specified
# name 0 = prDM: Pressure, Digiquartz [db]
# name 1 = depSM: Depth [salt water, m]
# name 2 = t090C: Temperature [ITS-90, deg C]
# name 3 = c0mS/cm: Conductivity [mS/cm]
# name 4 = t190C: Temperature, 2 [ITS-90, deg C]
# name 5 = c1mS/cm: Conductivity, 2 [mS/cm]
# name 6 = sbeox0ML/L: Oxygen, SBE 43 [ml/l]
# name 7 = sbeox1ML/L: Oxygen, SBE 43, 2 [ml/l]
# name 8 = flECO-AFL: Fluorescence, WET Labs ECO-AFL/FL [mg/m^3]
# name 9 = CStarTr0: Beam Transmission, WET Labs C-Star [%]
# name 10 = par: PAR/Irradiance, Biospherical/Licor
# name 11 = latitude: Latitude [deg]
# name 12 = longitude: Longitude [deg]
# name 13 = timeJ: Julian Days
# name 14 = altM: Altimeter [m]
# name 15 = spar: SPAR, Biospherical/Licor
# name 16 = timeS: Time, Elapsed [seconds]
# name 17 = scan: Scan Count
# name 18 = density00: Density [density, kg/m^3]
# name 19 = density11: Density, 2 [density, kg/m^3]
# name 20 = sal00: Salinity, Practical [PSU]
# name 21 = sal11: Salinity, Practical, 2 [PSU]
# name 22 = oxsolML/L: Oxygen Saturation, Garcia & Gordon [ml/l]
# name 23 = nbin: number of scans per bin
# name 24 = flag: flag
# span 0 =      1.000,    200.000       
# span 1 =      0.989,    197.927       
# span 2 =    -1.3880,     0.7029       
# span 3 =  27.034923,  29.337773       
# span 4 =    -1.3878,     0.6876       
# span 5 =  27.035969,  29.320270       
# span 6 =     4.8628,     9.0878       
# span 7 =     4.9212,     8.3008       
# span 8 =    -0.0008,     1.5687       
# span 9 =    88.3627,    96.9380       
# span 10 = 1.0000e-12, 4.9987e+02      
# span 11 =  -66.25466,  -66.25444      
# span 12 =  -67.33948,  -67.33831      
# span 13 = 331.835988, 331.845004      
# span 14 =       1.33,     100.02      
# span 15 = 3.4729e+02, 4.0383e+02      
# span 16 =    716.376,   1495.344      
# span 17 =      17194,      35889      
# span 18 =  1027.1028,  1028.5880      
# span 19 =  1027.1001,  1028.5853      
# span 20 =    33.6938,    34.4830      
# span 21 =    33.6905,    34.4773      
# span 22 =    7.89402,    8.37802      
# span 23 =         12,         47      
# span 24 = 0.0000e+00, 0.0000e+00      
# interval = decibars: 1                
# start_time = Nov 27 2021 19:51:53 [NMEA time, header]
# bad_flag = -9.990e-29
*END*
[from data line 58]
    142.000    140.548    -0.7787  27.739898    -0.7911  27.726446     6.6272     6.5973     0.0678    96.5673 1.0000e-12  -66.25458  -67.33904 331.839134      65.29 3.5258e+02    988.140      23716  1028.0656  1028.0632    34.0575    34.0534    8.23017         22 0.0000e+00
    141.000    139.558    -0.8171  27.700141    -0.8163  27.700152     6.6941     6.6422     0.0668    96.5771 1.0000e-12  -66.25458  -67.33905 331.839143      66.09 3.5258e+02    988.929      23735  1028.0550  1028.0541    34.0476    34.0468    8.23913         17 0.0000e+00
    140.000    138.570    -0.8400  27.676627    -0.8438  27.671651     6.7121     6.6692     0.0550    96.5564 1.0000e-12  -66.25458  -67.33905 331.839150      67.05 3.5258e+02    989.603      23751  1028.0470  1028.0452    34.0422    34.0398    8.24446         16 0.0000e+00
    139.000    137.580    -0.8570  27.656548    -0.8600  27.652513     6.7116     6.6822     0.0582    96.5227 1.0000e-12  -66.25458  -67.33904 331.839158      68.02 3.5258e+02    990.235      23767  1028.0371  1028.0355    34.0348    34.0328    8.24861         14 0.0000e+00
    138.000    136.589    -0.8661  27.645586    -0.8671  27.643128     6.7190     6.6819     0.0629    96.4633 1.0000e-12  -66.25458  -67.33904 331.839165      69.09 3.5258e+02    990.876      23782  1028.0292  1028.0273    34.0309    34.0286    8.25085         17 0.0000e+00
    137.000    135.599    -0.8687  27.641364    -0.8750  27.633239     6.6846     6.6685     0.0850    96.3273 1.0000e-12  -66.25458  -67.33904 331.839174      70.52 3.5258e+02    991.648      23801  1028.0223  1028.0194    34.0287    34.0247    8.25155         22 0.0000e+00
    136.000    134.611    -0.8484  27.664293    -0.8531  27.658118     6.6201     6.6537     0.0973    96.2550 1.0000e-12  -66.25458  -67.33904 331.839193      71.86 3.5258e+02    993.291      23840  1028.0222  1028.0200    34.0374    34.0345    8.24658         32 0.0000e+00
    135.000    133.621    -0.8479  27.665922    -0.8500  27.662905     6.6071     6.6770     0.0881    96.3209 1.0000e-12  -66.25458  -67.33904 331.839223      72.68 3.5258e+02    995.896      23903  1028.0181  1028.0169    34.0397    34.0381    8.24634         36 0.0000e+00
    134.000    132.632    -0.8571  27.654351    -0.8539  27.656590     6.7696     6.7687     0.0830    96.3019 1.0000e-12  -66.25458  -67.33902 331.839238      73.51 3.5258e+02    997.121      23932  1028.0098  1028.0091    34.0350    34.0345    8.24862         29 0.0000e+00
    133.000    131.643    -0.8949  27.610082    -0.8997  27.603415     6.9119     6.8544     0.0936    96.2589 1.0000e-12  -66.25458  -67.33902 331.839252      74.52 3.5258e+02    998.342      23961  1027.9937  1027.9912    34.0182    34.0147    8.25789         29 0.0000e+00
    132.000    130.653    -0.9628  27.535898    -0.9540  27.544527     6.9637     6.9062     0.1102    96.2274 1.0000e-12  -66.25458  -67.33902 331.839265      75.47 3.5258e+02    999.508      23989  1027.9743  1027.9751    33.9947    33.9965    8.27420         26 0.0000e+00
    131.000    129.663    -0.9805  27.517570    -0.9790  27.517976     6.9555     6.9166     0.1240    96.1971 1.0000e-12  -66.25458  -67.33901 331.839277      76.46 3.5258e+02   1000.533      24014  1027.9665  1027.9655    33.9903    33.9892    8.27835         24 0.0000e+00
    130.000    128.672    -0.9853  27.511897    -0.9871  27.509061     6.9512     6.9242     0.1241    96.1804 1.0000e-12  -66.25458  -67.33900 331.839288      77.45 3.5258e+02   1001.516      24037  1027.9601  1027.9588    33.9887    33.9868    8.27950         24 0.0000e+00
    129.000    127.685    -0.9914  27.504997    -0.9923  27.502875     6.9324     6.9358     0.1479    96.2013 1.0000e-12  -66.25458  -67.33901 331.839300      78.50 3.5258e+02   1002.552      24062  1027.9538  1027.9523    33.9869    33.9850    8.28097         26 0.0000e+00
    128.000    126.695    -1.0009  27.494743    -0.9995  27.494758     6.9160     6.9483     0.2071    96.2058 1.0000e-12  -66.25458  -67.33902 331.839313      79.62 3.5258e+02   1003.683      24089  1027.9470  1027.9456    33.9842    33.9826    8.28320         28 0.0000e+00
    127.000    125.706    -1.0075  27.487366    -1.0218  27.471563     6.9533     6.9532     0.1875    96.2243 1.0000e-12  -66.25457  -67.33902 331.839327      80.56 3.5258e+02   1004.819      24117  1027.9407  1027.9372    33.9823    33.9768    8.28479         26 0.0000e+00
    126.000    124.715    -1.0303  27.463439    -1.0299  27.462410     6.9379     6.9709     0.1705    96.2371 1.0000e-12  -66.25456  -67.33902 331.839338      81.35 3.5258e+02   1005.826      24141  1027.9319  1027.9304    33.9760    33.9742    8.29017         23 0.0000e+00
    125.000    123.727    -1.0366  27.456361    -1.0354  27.456365     6.9384     6.9660     0.1479    96.2639 1.0000e-12  -66.25456  -67.33902 331.839349      82.59 3.5258e+02   1006.783      24164  1027.9256  1027.9245    33.9740    33.9728    8.29168         23 0.0000e+00
    124.000    122.737    -1.0425  27.450196    -1.0387  27.452788     6.9110     6.9578     0.1525    96.3263 1.0000e-12  -66.25457  -67.33901 331.839361      83.72 3.5258e+02   1007.825      24189  1027.9200  1027.9191    33.9730    33.9723    8.29306         28 0.0000e+00
    123.000    121.747    -1.0318  27.460324    -1.0321  27.458661     6.9228     6.9677     0.1663    96.3798 1.0000e-12  -66.25458  -67.33900 331.839377      84.87 3.5258e+02   1009.166      24221  1027.9159  1027.9143    33.9754    33.9734    8.29056         36 0.0000e+00
    122.000    120.758    -1.0556  27.436710    -1.0500  27.440867     6.9173     6.9719     0.1704    96.4169 1.0000e-12  -66.25458  -67.33897 331.839394      85.87 3.5258e+02   1010.645      24256  1027.9086  1027.9076    33.9706    33.9699    8.29609         33 0.0000e+00
    121.000    119.768    -1.0625  27.429780    -1.0629  27.428222     6.9102     6.9644     0.1579    96.3929 1.0000e-12  -66.25458  -67.33896 331.839410      86.83 3.5258e+02   1012.066      24291  1027.9030  1027.9017    33.9696    33.9680    8.29767         39 0.0000e+00
    120.000    118.778    -1.0524  27.439843    -1.0497  27.441893     6.8940     6.9659     0.1572    96.4502 1.0000e-12  -66.25458  -67.33897 331.839435      87.97 3.5258e+02   1014.140      24340  1027.8995  1027.8990    33.9725    33.9722    8.29527         31 0.0000e+00
    119.000    117.791    -1.0688  27.422652    -1.0705  27.419760     6.9321     7.0035     0.1408    96.4882 1.0000e-12  -66.25456  -67.33898 331.839451      88.77 3.5258e+02   1015.538      24374  1027.8921  1027.8906    33.9683    33.9662    8.29916         22 0.0000e+00
    118.000    116.800    -1.0871  27.404018    -1.0854  27.403993     7.0115     7.0374     0.1349    96.5261 1.0000e-12  -66.25456  -67.33898 331.839459      89.53 3.5258e+02   1016.248      24391  1027.8851  1027.8833    33.9642    33.9621    8.30345         15 0.0000e+00
    117.000    115.808    -1.1119  27.379737    -1.1129  27.377628     7.0403     7.0599     0.1171    96.5545 1.0000e-12  -66.25456  -67.33898 331.839466      90.40 3.5258e+02   1016.822      24405  1027.8781  1027.8768    33.9596    33.9579    8.30920         13 0.0000e+00
    116.000    114.822    -1.1216  27.368377    -1.1217  27.367116     7.0616     7.0784     0.1129    96.5905 1.0000e-12  -66.25456  -67.33898 331.839472      91.41 3.5271e+02   1017.372      24418  1027.8706  1027.8693    33.9557    33.9541    8.31159         13 0.0000e+00
    115.000    113.832    -1.1235  27.363156    -1.1233  27.361558     7.0812     7.0875     0.0951    96.6092 1.0000e-12  -66.25456  -67.33898 331.839478      92.55 3.5394e+02   1017.928      24431  1027.8622  1027.8603    33.9514    33.9489    8.31227         14 0.0000e+00
    114.000    112.840    -1.1205  27.361646    -1.1199  27.360509     7.0639     7.0813     0.1035    96.5681 1.0000e-12  -66.25456  -67.33898 331.839486      93.78 3.5433e+02   1018.581      24447  1027.8531  1027.8513    33.9465    33.9443    8.31188         18 0.0000e+00
    113.000    111.851    -1.1165  27.366140    -1.1182  27.362785     7.0148     7.0524     0.1217    96.5146 1.0000e-12  -66.25457  -67.33897 331.839498      95.03 3.5434e+02   1019.591      24471  1027.8496  1027.8475    33.9488    33.9460    8.31087         34 0.0000e+00
    112.000    110.862    -1.1064  27.381705    -1.1084  27.378531     7.0055     7.0626     0.1623    96.5681 2.6123e-03  -66.25457  -67.33893 331.839557      96.02 3.5421e+02   1024.698      24594  1027.8518  1027.8503    33.9592    33.9571    8.30801         30 0.0000e+00
    111.000    109.873    -1.1124  27.372914    -1.1136  27.370487     7.0686     7.1131     0.1087    96.5669 5.2211e-03  -66.25456  -67.33894 331.839567      96.84 3.5434e+02   1025.623      24616  1027.8436  1027.8421    33.9546    33.9527    8.30960         19 0.0000e+00
    110.000    108.884    -1.1159  27.366696    -1.1138  27.368482     7.1100     7.1450     0.1053    96.5487 7.4917e-03  -66.25456  -67.33894 331.839575      97.68 3.5434e+02   1026.276      24632  1027.8358  1027.8357    33.9507    33.9508    8.31061         14 0.0000e+00
    109.000    107.895    -1.1189  27.361001    -1.1186  27.359724     7.1465     7.1724     0.1021    96.5450 9.5285e-03  -66.25456  -67.33895 331.839581      98.64 3.5434e+02   1026.828      24645  1027.8281  1027.8264    33.9469    33.9448    8.31150         12 0.0000e+00
    108.000    106.902    -1.1336  27.343559    -1.1336  27.342647     7.1859     7.1903     0.1104    96.5363 1.2427e-02  -66.25456  -67.33896 331.839587      98.39 3.5525e+02   1027.328      24657  1027.8189  1027.8179    33.9403    33.9390    8.31515         12 0.0000e+00
    107.000    105.914    -1.1531  27.323346    -1.1532  27.321997     7.2077     7.2030     0.1315    96.5194 1.5057e-02  -66.25456  -67.33896 331.839593      99.23 3.5610e+02   1027.812      24668  1027.8113  1027.8099    33.9354    33.9336    8.31978         12 0.0000e+00
    106.000    104.924    -1.1540  27.319842    -1.1530  27.319752     7.2020     7.1941     0.1348    96.5194 1.7498e-02  -66.25456  -67.33896 331.839599      99.87 3.5610e+02   1028.324      24681  1027.8039  1027.8028    33.9322    33.9309    8.32016         13 0.0000e+00
    105.000    103.936    -1.1488  27.321651    -1.1484  27.320704     7.1777     7.1803     0.1530    96.4835 2.0757e-02  -66.25456  -67.33895 331.839606      99.97 3.5610e+02   1028.920      24695  1027.7964  1027.7949    33.9294    33.9277    8.31918         16 0.0000e+00
    104.000    102.944    -1.1442  27.327610    -1.1445  27.325182     7.1129     7.1686     0.1694    96.4390 2.5595e-02  -66.25456  -67.33892 331.839642      99.97 3.5675e+02   1032.058      24770  1027.7938  1027.7915    33.9329    33.9300    8.31794         29 0.0000e+00
    103.000    101.956    -1.1379  27.336315    -1.1384  27.334172     7.1006     7.1833     0.1481    96.4574 3.2526e-02  -66.25456  -67.33892 331.839701      99.97 3.5788e+02   1037.206      24894  1027.7926  1027.7906    33.9384    33.9360    8.31622         31 0.0000e+00
    102.000    100.966    -1.1386  27.333528    -1.1399  27.331035     7.1351     7.1985     0.1843    96.4059 3.6324e-02  -66.25456  -67.33892 331.839717      99.98 3.5791e+02   1038.588      24927  1027.7859  1027.7843    33.9360    33.9340    8.31653         37 0.0000e+00
    101.000     99.975    -1.1422  27.324044    -1.1430  27.321696     7.2481     7.3228     0.2500    96.2609 4.0171e-02  -66.25454  -67.33885 331.839945      96.83 3.6406e+02   1058.216      25398  1027.7743  1027.7725    33.9277    33.9254    8.31780         32 0.0000e+00
    100.000     98.987    -1.1505  27.312520    -1.1489  27.313311     7.3167     7.3756     0.2857    96.1773 4.6490e-02  -66.25455  -67.33881 331.840064     100.02 3.6738e+02   1068.494      25645  1027.7654  1027.7646    33.9220    33.9212    8.31999         32 0.0000e+00
     99.000     97.998    -1.1573  27.303828    -1.1564  27.303549     7.4158     7.4447     0.3119    96.1317 5.3682e-02  -66.25454  -67.33882 331.840089      99.98 3.6852e+02   1070.693      25698  1027.7580  1027.7568    33.9184    33.9170    8.32171         31 0.0000e+00
     98.000     97.008    -1.1555  27.302951    -1.1575  27.300433     7.4610     7.4670     0.2550    96.1201 5.9492e-02  -66.25454  -67.33882 331.840100      99.98 3.6926e+02   1071.660      25721  1027.7510  1027.7502    33.9158    33.9146    8.32147         22 0.0000e+00
     97.000     96.017    -1.1457  27.308941    -1.1472  27.306195     7.4672     7.4767     0.2585    96.0679 6.5957e-02  -66.25454  -67.33882 331.840110      99.98 3.7020e+02   1072.513      25741  1027.7436  1027.7421    33.9135    33.9115    8.31942         20 0.0000e+00
     96.000     95.029    -1.1445  27.308725    -1.1447  27.307178     7.4668     7.4778     0.2912    95.9425 7.2142e-02  -66.25454  -67.33882 331.840120      99.98 3.7021e+02   1073.395      25762  1027.7380  1027.7365    33.9125    33.9106    8.31922         23 0.0000e+00
     95.000     94.038    -1.1518  27.301097    -1.1507  27.301351     7.4424     7.4743     0.3441    95.8534 7.8575e-02  -66.25454  -67.33881 331.840133      99.98 3.7156e+02   1074.509      25789  1027.7324  1027.7316    33.9109    33.9101    8.32093         33 0.0000e+00
     94.000     93.051    -1.1485  27.305138    -1.1471  27.305008     7.4022     7.4746     0.3379    95.9228 8.4413e-02  -66.25454  -67.33880 331.840162      99.97 3.7197e+02   1076.973      25848  1027.7293  1027.7278    33.9133    33.9116    8.32005         37 0.0000e+00
     93.000     92.059    -1.1502  27.302193    -1.1488  27.301969     7.3648     7.4515     0.3264    95.9262 9.0769e-02  -66.25454  -67.33880 331.840185      99.97 3.7197e+02   1079.027      25898  1027.7235  1027.7219    33.9119    33.9100    8.32052         27 0.0000e+00
     92.000     91.070    -1.1701  27.282061    -1.1694  27.282165     7.3619     7.4431     0.2894    95.9197 9.8826e-02  -66.25454  -67.33880 331.840196      99.97 3.7375e+02   1079.970      25920  1027.7164  1027.7159    33.9075    33.9068    8.32521         21 0.0000e+00
     91.000     90.080    -1.2412  27.215595    -1.2359  27.220250     7.3616     7.4359     0.2843    95.9319 1.0865e-01  -66.25454  -67.33880 331.840206      99.97 3.7373e+02   1080.823      25941  1027.7080  1027.7080    33.8975    33.8978    8.34165         21 0.0000e+00
     90.000     89.091    -1.2887  27.174492    -1.2958  27.166124     7.3620     7.4389     0.2892    96.1116 1.1896e-01  -66.25454  -67.33879 331.840218      99.97 3.7373e+02   1081.838      25965  1027.7041  1027.7020    33.8954    33.8921    8.35237         30 0.0000e+00
     89.000     88.103    -1.2547  27.205645    -1.2722  27.189316     7.3724     7.4361     0.3112    96.1861 1.3115e-01  -66.25454  -67.33878 331.840243      99.97 3.7458e+02   1084.027      26018  1027.7004  1027.6993    33.9003    33.8978    8.34448         35 0.0000e+00
     88.000     87.111    -1.2513  27.206910    -1.2534  27.202518     7.3962     7.4480     0.3118    96.1314 1.4189e-01  -66.25454  -67.33878 331.840272      99.97 3.7560e+02   1086.468      26076  1027.6937  1027.6908    33.8988    33.8953    8.34381         33 0.0000e+00
     87.000     86.121    -1.2841  27.176164    -1.2809  27.176328     7.4056     7.4606     0.2651    96.1751 1.5302e-01  -66.25454  -67.33879 331.840285      99.97 3.7707e+02   1087.616      26104  1027.6872  1027.6841    33.8945    33.8910    8.35141         26 0.0000e+00
     86.000     85.133    -1.2802  27.176743    -1.2786  27.177359     7.4122     7.4755     0.2648    96.1159 1.6481e-01  -66.25454  -67.33880 331.840297      99.97 3.7726e+02   1088.661      26129  1027.6795  1027.6785    33.8915    33.8905    8.35071         25 0.0000e+00
