NBP2113_155081_ctd/data/unbp2113_025.cnv
* Sea-Bird SBE 9 Data File:
* FileName = D:\Data\raw\NBP2113_025.hex
* Software Version Seasave V 7.26.7.121
* Temperature SN = 2438
* Conductivity SN = 2067
* Number of Bytes Per Scan = 40
* Number of Voltage Words = 5
* Number of Scans Averaged by the Deck Unit = 1
* NMEA Latitude = 66 26.47 S
* NMEA Longitude = 073 01.98 W
* NMEA UTC (Time) = Dec 02 2021  19:32:09
* NMEA baud rate = 9600
** Ship: RVIB N.B. Palmer
** Cruise: NBP2113 LTER
** Station: 200.200
** Operator: S. Blackman
# nquan = 25
# nvalues = 3715                        
# units = specified
# name 0 = prDM: Pressure, Digiquartz [db]
# name 1 = depSM: Depth [salt water, m]
# name 2 = t090C: Temperature [ITS-90, deg C]
# name 3 = c0mS/cm: Conductivity [mS/cm]
# name 4 = t190C: Temperature, 2 [ITS-90, deg C]
# name 5 = c1mS/cm: Conductivity, 2 [mS/cm]
# name 6 = sbeox0ML/L: Oxygen, SBE 43 [ml/l]
# name 7 = sbeox1ML/L: Oxygen, SBE 43, 2 [ml/l]
# name 8 = flECO-AFL: Fluorescence, WET Labs ECO-AFL/FL [mg/m^3]
# name 9 = CStarTr0: Beam Transmission, WET Labs C-Star [%]
# name 10 = par: PAR/Irradiance, Biospherical/Licor
# name 11 = latitude: Latitude [deg]
# name 12 = longitude: Longitude [deg]
# name 13 = timeJ: Julian Days
# name 14 = altM: Altimeter [m]
# name 15 = spar: SPAR, Biospherical/Licor
# name 16 = timeS: Time, Elapsed [seconds]
# name 17 = scan: Scan Count
# name 18 = density00: Density [density, kg/m^3]
# name 19 = density11: Density, 2 [density, kg/m^3]
# name 20 = sal00: Salinity, Practical [PSU]
# name 21 = sal11: Salinity, Practical, 2 [PSU]
# name 22 = oxsolML/L: Oxygen Saturation, Garcia & Gordon [ml/l]
# name 23 = nbin: number of scans per bin
# name 24 = flag: flag
# span 0 =      1.000,   3715.000       
# span 1 =      0.989,   3646.238       
# span 2 =    -0.7776,     2.0034       
# span 3 =  27.672429,  30.702262       
# span 4 =    -0.7896,     2.0030       
# span 5 =  27.671218,  30.701209       
# span 6 =     3.8858,     9.2472       
# span 7 =     3.9361,     8.3114       
# span 8 =    -0.0233,    11.1216       
# span 9 =    82.8527,    97.6469       
# span 10 = 1.0000e-12, 1.0000e-12      
# span 11 =  -66.44200,  -66.44120      
# span 12 =  -73.03272,  -73.03208      
# span 13 = 336.868260, 336.923772      
# span 14 =       6.83,     101.19      
# span 15 = 3.5258e+02, 2.4448e+03      
# span 16 =   4688.664,   9484.925      
# span 17 =     112529,     227639      
# span 18 =  1027.3022,  1044.8122      
# span 19 =  1027.3010,  1044.8112      
# span 20 =    33.9690,    34.7297      
# span 21 =    33.9676,    34.7288      
# span 22 =    7.62752,    8.23171      
# span 23 =          8,         51      
# span 24 = 0.0000e+00, 0.0000e+00      
# interval = decibars: 1                
# start_time = Dec 02 2021 19:32:09 [NMEA time, header]
# bad_flag = -9.990e-29
*END*
[from data line 2145]
   1570.000   1548.625     1.0762  30.440968     1.0760  30.440276     4.3871     4.4459    -0.0109    97.6266 1.0000e-12  -66.44156  -73.03233 336.898165      99.98 6.8496e+02   7272.447     174540  1035.1244  1035.1239    34.7198    34.7191    7.80592         43 0.0000e+00
   1569.000   1547.641     1.0765  30.440826     1.0767  30.440442     4.3891     4.4478    -0.0136    97.6266 1.0000e-12  -66.44155  -73.03234 336.898188      99.97 6.8130e+02   7274.457     174588  1035.1198  1035.1192    34.7197    34.7191    7.80585         44 0.0000e+00
   1568.000   1546.659     1.0770  30.440919     1.0773  30.440766     4.3823     4.4414    -0.0026    97.6266 1.0000e-12  -66.44154  -73.03234 336.898211      99.98 6.7841e+02   7276.439     174636  1035.1152  1035.1148    34.7198    34.7193    7.80575         32 0.0000e+00
   1567.000   1545.679     1.0789  30.442108     1.0780  30.440746     4.3783     4.4430    -0.0017    97.6266 1.0000e-12  -66.44154  -73.03234 336.898224      99.98 6.7690e+02   7277.517     174661  1035.1104  1035.1099    34.7199    34.7191    7.80538         22 0.0000e+00
   1566.000   1544.692     1.0797  30.442432     1.0793  30.441531     4.3790     4.4424    -0.0114    97.6266 1.0000e-12  -66.44154  -73.03232 336.898233      99.97 6.7525e+02   7278.309     174680  1035.1058  1035.1053    34.7199    34.7192    7.80522         17 0.0000e+00
   1565.000   1543.711     1.0807  30.442977     1.0801  30.441718     4.3701     4.4414    -0.0172    97.6266 1.0000e-12  -66.44154  -73.03232 336.898241      99.98 6.7518e+02   7279.008     174697  1035.1011  1035.1005    34.7200    34.7191    7.80501         17 0.0000e+00
   1564.000   1542.728     1.0816  30.443320     1.0807  30.441924     4.3774     4.4436    -0.0105    97.6266 1.0000e-12  -66.44154  -73.03232 336.898248      99.98 6.7399e+02   7279.676     174713  1035.0965  1035.0960    34.7200    34.7192    7.80483         16 0.0000e+00
   1563.000   1541.745     1.0819  30.443116     1.0811  30.441933     4.3828     4.4398    -0.0103    97.6266 1.0000e-12  -66.44154  -73.03232 336.898257      99.98 6.7343e+02   7280.368     174730  1035.0918  1035.0913    34.7199    34.7193    7.80477         17 0.0000e+00
   1562.000   1540.762     1.0824  30.443178     1.0807  30.441151     4.3820     4.4401    -0.0131    97.6266 1.0000e-12  -66.44154  -73.03232 336.898266      99.98 6.7207e+02   7281.211     174750  1035.0872  1035.0869    34.7200    34.7193    7.80467         25 0.0000e+00
   1561.000   1539.779     1.0804  30.440944     1.0799  30.440046     4.3817     4.4419    -0.0126    97.6266 1.0000e-12  -66.44154  -73.03234 336.898308      99.98 6.6714e+02   7284.786     174836  1035.0829  1035.0824    34.7199    34.7193    7.80508         33 0.0000e+00
   1560.000   1538.798     1.0807  30.440706     1.0805  30.440132     4.3789     4.4426    -0.0120    97.6266 1.0000e-12  -66.44152  -73.03234 336.898330      99.98 6.6460e+02   7286.673     174881  1035.0781  1035.0777    34.7197    34.7192    7.80501         27 0.0000e+00
   1559.000   1537.814     1.0817  30.441383     1.0816  30.440687     4.3754     4.4486    -0.0157    97.6266 1.0000e-12  -66.44152  -73.03233 336.898341      99.98 6.6429e+02   7287.687     174905  1035.0737  1035.0730    34.7200    34.7192    7.80480         22 0.0000e+00
   1558.000   1536.831     1.0840  30.442969     1.0830  30.441536     4.3725     4.4439    -0.0012    97.6266 1.0000e-12  -66.44152  -73.03232 336.898351      99.97 6.6302e+02   7288.558     174926  1035.0688  1035.0683    34.7201    34.7193    7.80435         20 0.0000e+00
   1557.000   1535.848     1.0848  30.443346     1.0841  30.442104     4.3705     4.4414    -0.0018    97.6266 1.0000e-12  -66.44152  -73.03232 336.898360      99.98 6.6228e+02   7289.321     174945  1035.0642  1035.0636    34.7202    34.7194    7.80418         16 0.0000e+00
   1556.000   1534.868     1.0854  30.443333     1.0849  30.442182     4.3642     4.4424    -0.0043    97.6266 1.0000e-12  -66.44152  -73.03230 336.898368      99.98 6.6096e+02   7290.008     174961  1035.0595  1035.0588    34.7201    34.7192    7.80407         17 0.0000e+00
   1555.000   1533.882     1.0856  30.443046     1.0851  30.442189     4.3773     4.4419    -0.0174    97.6266 1.0000e-12  -66.44152  -73.03230 336.898376      99.97 6.5933e+02   7290.664     174977  1035.0548  1035.0544    34.7200    34.7195    7.80403         15 0.0000e+00
   1554.000   1532.899     1.0862  30.443233     1.0857  30.442292     4.3891     4.4407    -0.0176    97.6266 1.0000e-12  -66.44152  -73.03230 336.898383      99.98 6.5932e+02   7291.332     174993  1035.0502  1035.0498    34.7201    34.7195    7.80390         17 0.0000e+00
   1553.000   1531.918     1.0867  30.443210     1.0853  30.441462     4.3848     4.4401    -0.0170    97.6266 1.0000e-12  -66.44152  -73.03230 336.898393      99.97 6.5768e+02   7292.121     175012  1035.0456  1035.0452    34.7201    34.7194    7.80381         22 0.0000e+00
   1552.000   1530.934     1.0847  30.441031     1.0843  30.440197     4.3825     4.4423    -0.0133    97.6266 1.0000e-12  -66.44152  -73.03230 336.898423      99.98 6.5457e+02   7294.761     175075  1035.0412  1035.0408    34.7200    34.7194    7.80420         35 0.0000e+00
   1551.000   1529.952     1.0847  30.440699     1.0843  30.439529     4.3750     4.4419    -0.0167    97.6266 1.0000e-12  -66.44152  -73.03230 336.898453      99.98 6.5008e+02   7297.343     175137  1035.0368  1035.0360    34.7201    34.7191    7.80420         24 0.0000e+00
   1550.000   1528.969     1.0860  30.441379     1.0849  30.439864     4.3721     4.4407    -0.0118    97.6266 1.0000e-12  -66.44152  -73.03230 336.898463      99.98 6.4873e+02   7298.174     175157  1035.0320  1035.0315    34.7200    34.7193    7.80394         21 0.0000e+00
   1549.000   1527.986     1.0879  30.442531     1.0874  30.441657     4.3743     4.4404    -0.0138    97.6266 1.0000e-12  -66.44152  -73.03230 336.898472      99.98 6.4778e+02   7298.967     175176  1035.0271  1035.0267    34.7200    34.7195    7.80357         18 0.0000e+00
   1548.000   1527.002     1.0898  30.443901     1.0883  30.442141     4.3754     4.4419    -0.0176    97.6266 1.0000e-12  -66.44152  -73.03230 336.898480      99.97 6.4699e+02   7299.697     175194  1035.0224  1035.0221    34.7202    34.7195    7.80319         17 0.0000e+00
   1547.000   1526.020     1.0902  30.443943     1.0897  30.442851     4.3757     4.4414    -0.0030    97.6266 1.0000e-12  -66.44152  -73.03230 336.898489      99.98 6.4542e+02   7300.415     175211  1035.0178  1035.0173    34.7203    34.7195    7.80309         17 0.0000e+00
   1546.000   1525.037     1.0907  30.443872     1.0899  30.442803     4.3784     4.4410    -0.0012    97.6266 1.0000e-12  -66.44152  -73.03230 336.898497      99.98 6.4504e+02   7301.171     175229  1035.0132  1035.0129    34.7202    34.7197    7.80300         20 0.0000e+00
   1545.000   1524.055     1.0911  30.443823     1.0899  30.442200     4.3821     4.4385    -0.0050    97.6266 1.0000e-12  -66.44152  -73.03228 336.898509      99.98 6.4342e+02   7302.208     175254  1035.0086  1035.0082    34.7203    34.7195    7.80292         30 0.0000e+00
   1544.000   1523.072     1.0894  30.441857     1.0900  30.441929     4.3802     4.4396    -0.0143    97.6266 1.0000e-12  -66.44152  -73.03228 336.898535      99.98 6.4070e+02   7304.393     175306  1035.0041  1035.0036    34.7201    34.7196    7.80326         35 0.0000e+00
   1543.000   1522.089     1.0901  30.442170     1.0898  30.441365     4.3665     4.4378    -0.0109    97.6266 1.0000e-12  -66.44152  -73.03228 336.898549      99.98 6.3985e+02   7305.627     175336  1034.9997  1034.9991    34.7203    34.7196    7.80312         23 0.0000e+00
   1542.000   1521.107     1.0920  30.443456     1.0916  30.442597     4.3795     4.4437    -0.0119    97.6266 1.0000e-12  -66.44152  -73.03228 336.898560      99.98 6.3848e+02   7306.589     175359  1034.9949  1034.9945    34.7204    34.7198    7.80273         24 0.0000e+00
   1541.000   1520.123     1.0946  30.445346     1.0928  30.443081     4.3806     4.4406    -0.0109    97.6266 1.0000e-12  -66.44152  -73.03228 336.898574      99.98 6.3817e+02   7307.808     175388  1034.9900  1034.9896    34.7205    34.7196    7.80221         35 0.0000e+00
   1540.000   1519.140     1.0942  30.444508     1.0911  30.441316     4.3731     4.4336    -0.0155    97.6266 1.0000e-12  -66.44151  -73.03228 336.898594      99.98 6.3816e+02   7309.561     175430  1034.9855  1034.9854    34.7203    34.7197    7.80229         36 0.0000e+00
   1539.000   1518.158     1.0949  30.444791     1.0950  30.444169     4.3696     4.4393    -0.0095    97.6061 1.0000e-12  -66.44150  -73.03228 336.898610      99.98 6.3816e+02   7310.861     175462  1034.9809  1034.9801    34.7205    34.7196    7.80215         27 0.0000e+00
   1538.000   1517.175     1.0964  30.445669     1.0957  30.444364     4.3733     4.4454    -0.0101    97.6267 1.0000e-12  -66.44150  -73.03228 336.898622      99.98 6.3816e+02   7311.901     175487  1034.9762  1034.9755    34.7205    34.7196    7.80186         24 0.0000e+00
   1537.000   1516.193     1.0973  30.446089     1.0964  30.444884     4.3713     4.4383    -0.0095    97.6266 1.0000e-12  -66.44150  -73.03228 336.898633      99.98 6.4002e+02   7312.901     175511  1034.9715  1034.9712    34.7205    34.7200    7.80167         24 0.0000e+00
   1536.000   1515.210     1.0976  30.445844     1.0971  30.444826     4.3668     4.4374    -0.0104    97.6266 1.0000e-12  -66.44150  -73.03228 336.898644      99.98 6.4173e+02   7313.813     175533  1034.9668  1034.9663    34.7204    34.7197    7.80161         19 0.0000e+00
   1535.000   1514.226     1.0978  30.445578     1.0974  30.444792     4.3701     4.4374    -0.0110    97.6266 1.0000e-12  -66.44150  -73.03228 336.898653      99.98 6.4169e+02   7314.584     175551  1034.9623  1034.9617    34.7205    34.7198    7.80158         18 0.0000e+00
   1534.000   1513.241     1.0980  30.445372     1.0975  30.444389     4.3771     4.4395    -0.0100    97.6266 1.0000e-12  -66.44150  -73.03228 336.898661      99.98 6.4313e+02   7315.275     175568  1034.9577  1034.9572    34.7205    34.7198    7.80154         16 0.0000e+00
   1533.000   1512.263     1.0984  30.445273     1.0980  30.444380     4.3781     4.4378    -0.0009    97.6266 1.0000e-12  -66.44150  -73.03228 336.898668      99.98 6.4345e+02   7315.954     175584  1034.9530  1034.9525    34.7204    34.7198    7.80146         17 0.0000e+00
   1532.000   1511.277     1.0987  30.445168     1.0983  30.444285     4.3773     4.4378    -0.0078    97.6266 1.0000e-12  -66.44150  -73.03228 336.898677      99.98 6.4489e+02   7316.701     175602  1034.9485  1034.9479    34.7205    34.7198    7.80139         20 0.0000e+00
   1531.000   1510.293     1.0980  30.443998     1.0976  30.443227     4.3775     4.4360    -0.0120    97.6266 1.0000e-12  -66.44150  -73.03227 336.898700      99.98 6.4704e+02   7318.707     175650  1034.9439  1034.9435    34.7203    34.7198    7.80154         37 0.0000e+00
   1530.000   1509.312     1.0974  30.443187     1.0973  30.442534     4.3772     4.4355    -0.0106    97.6266 1.0000e-12  -66.44150  -73.03226 336.898732      99.98 6.5106e+02   7321.418     175715  1034.9395  1034.9389    34.7204    34.7197    7.80165         29 0.0000e+00
   1529.000   1508.329     1.0980  30.443263     1.0977  30.442514     4.3828     4.4371    -0.0109    97.6057 1.0000e-12  -66.44150  -73.03227 336.898744      99.98 6.5223e+02   7322.485     175741  1034.9348  1034.9343    34.7204    34.7198    7.80154         30 0.0000e+00
   1528.000   1507.346     1.0976  30.442513     1.0979  30.442270     4.3740     4.4408    -0.0075    97.6259 1.0000e-12  -66.44150  -73.03228 336.898763      99.98 6.5423e+02   7324.106     175780  1034.9303  1034.9297    34.7205    34.7198    7.80162         43 0.0000e+00
   1527.000   1506.363     1.0990  30.443437     1.0987  30.442594     4.3714     4.4380    -0.0087    97.6266 1.0000e-12  -66.44150  -73.03228 336.898780      99.98 6.5604e+02   7325.604     175815  1034.9256  1034.9251    34.7206    34.7199    7.80132         24 0.0000e+00
   1526.000   1505.380     1.1001  30.443963     1.0997  30.443134     4.3599     4.4348    -0.0109    97.6266 1.0000e-12  -66.44150  -73.03228 336.898789      99.98 6.5758e+02   7326.370     175834  1034.9209  1034.9204    34.7205    34.7199    7.80110         16 0.0000e+00
   1525.000   1504.397     1.1013  30.444697     1.1009  30.443790     4.3619     4.4349    -0.0128    97.6266 1.0000e-12  -66.44150  -73.03230 336.898796      99.98 6.5755e+02   7326.964     175848  1034.9163  1034.9158    34.7207    34.7201    7.80086         13 0.0000e+00
   1524.000   1503.415     1.1027  30.445461     1.1024  30.444658     4.3636     4.4342    -0.0111    97.6266 1.0000e-12  -66.44150  -73.03230 336.898802      99.98 6.5755e+02   7327.503     175861  1034.9115  1034.9110    34.7207    34.7200    7.80058         13 0.0000e+00
   1523.000   1502.431     1.1037  30.445796     1.1035  30.445051     4.3731     4.4338    -0.0126    97.6266 1.0000e-12  -66.44150  -73.03230 336.898808      99.97 6.5905e+02   7328.029     175874  1034.9067  1034.9062    34.7206    34.7199    7.80040         12 0.0000e+00
   1522.000   1501.449     1.1044  30.445977     1.1042  30.445377     4.3756     4.4332    -0.0161    97.6266 1.0000e-12  -66.44150  -73.03230 336.898815      99.98 6.5932e+02   7328.564     175887  1034.9021  1034.9016    34.7206    34.7200    7.80026         14 0.0000e+00
   1521.000   1500.463     1.1047  30.445861     1.1039  30.444643     4.3805     4.4336    -0.0188    97.6266 1.0000e-12  -66.44150  -73.03230 336.898822      99.98 6.5982e+02   7329.186     175901  1034.8975  1034.8970    34.7206    34.7199    7.80019         17 0.0000e+00
   1520.000   1499.485     1.1041  30.444864     1.1034  30.443829     4.3744     4.4307    -0.0054    97.6266 1.0000e-12  -66.44150  -73.03227 336.898841      99.98 6.6049e+02   7330.820     175941  1034.8929  1034.8926    34.7205    34.7200    7.80031         29 0.0000e+00
   1519.000   1498.498     1.1020  30.442682     1.1024  30.442594     4.3797     4.4344    -0.0139    97.6266 1.0000e-12  -66.44150  -73.03224 336.898875      99.98 6.6143e+02   7333.806     176012  1034.8887  1034.8882    34.7206    34.7200    7.80073         24 0.0000e+00
   1518.000   1497.515     1.1033  30.443456     1.1030  30.442568     4.3792     4.4318    -0.0166    97.6266 1.0000e-12  -66.44150  -73.03225 336.898888      99.97 6.6279e+02   7334.919     176039  1034.8840  1034.8835    34.7206    34.7199    7.80046         27 0.0000e+00
   1517.000   1496.534     1.1037  30.443349     1.1040  30.443205     4.3729     4.4358    -0.0135    97.6266 1.0000e-12  -66.44148  -73.03227 336.898909      99.98 6.6284e+02   7336.700     176082  1034.8793  1034.8789    34.7206    34.7201    7.80038         39 0.0000e+00
   1516.000   1495.550     1.1038  30.443038     1.1034  30.442171     4.3722     4.4409    -0.0092    97.6266 1.0000e-12  -66.44148  -73.03230 336.898927      99.98 6.6284e+02   7338.315     176121  1034.8748  1034.8743    34.7207    34.7200    7.80037         22 0.0000e+00
   1515.000   1494.569     1.1056  30.444238     1.1049  30.443275     4.3723     4.4359    -0.0105    97.6266 1.0000e-12  -66.44148  -73.03230 336.898936      99.98 6.6284e+02   7339.078     176139  1034.8701  1034.8697    34.7208    34.7202    7.80001         16 0.0000e+00
   1514.000   1493.583     1.1075  30.445464     1.1071  30.444609     4.3653     4.4345    -0.0175    97.6266 1.0000e-12  -66.44148  -73.03229 336.898943      99.97 6.6284e+02   7339.708     176154  1034.8652  1034.8647    34.7207    34.7201    7.79962         15 0.0000e+00
