NBP2113_155081_ctd/data/unbp2113_031.cnv
* Sea-Bird SBE 9 Data File:
* FileName = D:\Data\raw\NBP2113_031.hex
* Software Version Seasave V 7.26.7.121
* Temperature SN = 2438
* Conductivity SN = 2067
* Number of Bytes Per Scan = 40
* Number of Voltage Words = 5
* Number of Scans Averaged by the Deck Unit = 1
* NMEA Latitude = 66 30.40 S
* NMEA Longitude = 069 53.27 W
* NMEA UTC (Time) = Dec 06 2021  01:15:18
* NMEA baud rate = 9600
** Ship: RVIB N.B. Palmer
** Cruise: NBP2113 LTER
** Station: 300.100
** Operator: S. Blackman
# nquan = 25
# nvalues = 477                         
# units = specified
# name 0 = prDM: Pressure, Digiquartz [db]
# name 1 = depSM: Depth [salt water, m]
# name 2 = t090C: Temperature [ITS-90, deg C]
# name 3 = c0mS/cm: Conductivity [mS/cm]
# name 4 = t190C: Temperature, 2 [ITS-90, deg C]
# name 5 = c1mS/cm: Conductivity, 2 [mS/cm]
# name 6 = sbeox0ML/L: Oxygen, SBE 43 [ml/l]
# name 7 = sbeox1ML/L: Oxygen, SBE 43, 2 [ml/l]
# name 8 = flECO-AFL: Fluorescence, WET Labs ECO-AFL/FL [mg/m^3]
# name 9 = CStarTr0: Beam Transmission, WET Labs C-Star [%]
# name 10 = par: PAR/Irradiance, Biospherical/Licor
# name 11 = latitude: Latitude [deg]
# name 12 = longitude: Longitude [deg]
# name 13 = timeJ: Julian Days
# name 14 = altM: Altimeter [m]
# name 15 = spar: SPAR, Biospherical/Licor
# name 16 = timeS: Time, Elapsed [seconds]
# name 17 = scan: Scan Count
# name 18 = density00: Density [density, kg/m^3]
# name 19 = density11: Density, 2 [density, kg/m^3]
# name 20 = sal00: Salinity, Practical [PSU]
# name 21 = sal11: Salinity, Practical, 2 [PSU]
# name 22 = oxsolML/L: Oxygen Saturation, Garcia & Gordon [ml/l]
# name 23 = nbin: number of scans per bin
# name 24 = flag: flag
# span 0 =      1.000,    477.000       
# span 1 =      0.995,    471.731       
# span 2 =    -0.5089,     1.5389       
# span 3 =  27.884903,  30.225223       
# span 4 =    -0.5094,     1.5382       
# span 5 =  27.883805,  30.223554       
# span 6 =     3.9201,     8.6212       
# span 7 =     3.9639,     8.1289       
# span 8 =    -0.0221,     1.8375       
# span 9 =    89.2577,    96.5722       
# span 10 = 1.0000e-12, 7.9976e+01      
# span 11 =  -66.50696,  -66.50658      
# span 12 =  -69.88850,  -69.88834      
# span 13 = 340.065674, 340.077578      
# span 14 =       8.77,      99.98      
# span 15 = 4.5835e+01, 5.4653e+01      
# span 16 =   1156.196,   2184.765      
# span 17 =      27750,      52435      
# span 18 =  1027.3251,  1030.0491      
# span 19 =  1027.3238,  1030.0480      
# span 20 =    34.0045,    34.7259      
# span 21 =    34.0029,    34.7249      
# span 22 =    7.71636,    8.17435      
# span 23 =          7,         46      
# span 24 = 0.0000e+00, 0.0000e+00      
# interval = decibars: 1                
# start_time = Dec 06 2021 01:15:18 [NMEA time, header]
# bad_flag = -9.990e-29
*END*
[from data line 116]
    361.000    357.112     1.4142  30.199407     1.4137  30.197929     3.9975     4.0483     0.0017    96.5194 1.0000e-12  -66.50658  -69.88848 340.067296      99.97 5.1124e+01   1296.342      31113  1029.4809  1029.4799    34.7074    34.7061    7.73964         18 0.0000e+00
    360.000    356.123     1.4138  30.198712     1.4136  30.197412     4.0061     4.0496    -0.0128    96.5194 1.0000e-12  -66.50658  -69.88848 340.067308      99.98 5.1124e+01   1297.367      31138  1029.4764  1029.4753    34.7076    34.7062    7.73972         30 0.0000e+00
    359.000    355.133     1.4138  30.198304     1.4138  30.197281     4.0074     4.0491    -0.0037    96.5194 1.0000e-12  -66.50658  -69.88848 340.067332      99.98 5.1124e+01   1299.484      31189  1029.4718  1029.4707    34.7077    34.7063    7.73971         37 0.0000e+00
    358.000    354.148     1.4136  30.197495     1.4132  30.196009     3.9891     4.0453    -0.0011    96.5194 1.0000e-12  -66.50658  -69.88848 340.067352      99.97 5.1124e+01   1301.181      31229  1029.4670  1029.4659    34.7075    34.7060    7.73977         26 0.0000e+00
    357.000    353.158     1.4127  30.195991     1.4124  30.194577     3.9890     4.0471    -0.0085    96.5194 1.0000e-12  -66.50658  -69.88848 340.067362      99.97 5.1124e+01   1302.098      31251  1029.4621  1029.4610    34.7071    34.7057    7.73996         21 0.0000e+00
    356.000    352.170     1.4114  30.193883     1.4112  30.192570     3.9961     4.0444    -0.0142    96.5194 1.0000e-12  -66.50658  -69.88848 340.067372      99.98 5.1124e+01   1302.931      31271  1029.4571  1029.4559    34.7064    34.7050    7.74025         20 0.0000e+00
    355.000    351.182     1.4113  30.193283     1.4112  30.192028     3.9995     4.0376    -0.0144    96.5194 1.0000e-12  -66.50658  -69.88848 340.067383      99.97 5.1124e+01   1303.892      31294  1029.4523  1029.4512    34.7063    34.7049    7.74027         26 0.0000e+00
    354.000    350.193     1.4117  30.193180     1.4114  30.191810     3.9983     4.0410    -0.0063    96.5194 1.0000e-12  -66.50658  -69.88849 340.067399      99.98 5.1124e+01   1305.319      31329  1029.4476  1029.4465    34.7064    34.7050    7.74020         38 0.0000e+00
    353.000    349.205     1.4118  30.192824     1.4113  30.191385     3.9944     4.0416    -0.0009    96.5194 1.0000e-12  -66.50658  -69.88849 340.067418      99.98 5.1124e+01   1306.900      31367  1029.4429  1029.4419    34.7064    34.7051    7.74018         31 0.0000e+00
    352.000    348.216     1.4123  30.192740     1.4119  30.191345     3.9982     4.0401    -0.0035    96.5194 1.0000e-12  -66.50658  -69.88850 340.067432      99.97 5.1124e+01   1308.150      31397  1029.4381  1029.4371    34.7063    34.7050    7.74009         28 0.0000e+00
    351.000    347.229     1.4125  30.192457     1.4132  30.192019     4.0003     4.0400    -0.0057    96.5186 1.0000e-12  -66.50658  -69.88848 340.067447      99.98 5.1124e+01   1309.388      31426  1029.4334  1029.4322    34.7063    34.7049    7.74004         33 0.0000e+00
    350.000    346.240     1.4132  30.192579     1.4136  30.191859     4.0004     4.0390    -0.0006    96.5283 1.0000e-12  -66.50659  -69.88848 340.067464      99.98 5.1124e+01   1310.845      31461  1029.4286  1029.4274    34.7062    34.7049    7.73991         35 0.0000e+00
    349.000    345.252     1.4142  30.192796     1.4138  30.191501     3.9966     4.0409    -0.0073    96.5363 1.0000e-12  -66.50658  -69.88850 340.067478      99.97 5.1124e+01   1312.129      31492  1029.4236  1029.4226    34.7060    34.7048    7.73973         26 0.0000e+00
    348.000    344.262     1.4143  30.192491     1.4142  30.191300     3.9943     4.0417    -0.0061    96.5192 1.0000e-12  -66.50658  -69.88848 340.067489      99.98 5.1124e+01   1313.029      31514  1029.4189  1029.4178    34.7060    34.7047    7.73970         18 0.0000e+00
    347.000    343.276     1.4143  30.191974     1.4140  30.190694     3.9951     4.0396    -0.0054    96.5194 1.0000e-12  -66.50658  -69.88849 340.067497      99.97 5.1124e+01   1313.739      31531  1029.4142  1029.4131    34.7060    34.7046    7.73971         16 0.0000e+00
    346.000    342.286     1.4142  30.191346     1.4142  30.190382     3.9966     4.0431    -0.0068    96.5194 1.0000e-12  -66.50658  -69.88850 340.067504      99.98 5.1124e+01   1314.393      31546  1029.4094  1029.4084    34.7058    34.7046    7.73973         16 0.0000e+00
    345.000    341.296     1.4146  30.191253     1.4145  30.190223     3.9993     4.0436    -0.0052    96.5194 1.0000e-12  -66.50658  -69.88848 340.067512      99.98 5.1124e+01   1315.067      31563  1029.4047  1029.4037    34.7059    34.7046    7.73965         17 0.0000e+00
    344.000    340.309     1.4145  30.190788     1.4144  30.189604     3.9995     4.0373    -0.0068    96.5194 1.0000e-12  -66.50658  -69.88849 340.067522      99.98 5.1124e+01   1315.935      31583  1029.4001  1029.3990    34.7060    34.7046    7.73967         26 0.0000e+00
    343.000    339.322     1.4144  30.190221     1.4140  30.188924     3.9971     4.0381    -0.0129    96.4559 1.0000e-12  -66.50660  -69.88849 340.067553      99.97 5.1124e+01   1318.598      31647  1029.3955  1029.3945    34.7060    34.7048    7.73969         27 0.0000e+00
    342.000    338.332     1.4143  30.189527     1.4141  30.188451     3.9925     4.0386    -0.0113    96.5106 1.0000e-12  -66.50659  -69.88850 340.067578      99.97 5.1124e+01   1320.734      31699  1029.3906  1029.3897    34.7058    34.7046    7.73972         28 0.0000e+00
    341.000    337.345     1.4143  30.189006     1.4141  30.187795     3.9933     4.0382    -0.0059    96.5108 1.0000e-12  -66.50658  -69.88850 340.067590      99.98 5.1124e+01   1321.805      31724  1029.3858  1029.3848    34.7057    34.7043    7.73972         24 0.0000e+00
    340.000    336.354     1.4154  30.188972     1.4153  30.187730     3.9963     4.0362    -0.0071    96.5108 1.0000e-12  -66.50659  -69.88850 340.067602      99.97 5.1124e+01   1322.797      31748  1029.3805  1029.3793    34.7050    34.7035    7.73954         24 0.0000e+00
    339.000    335.367     1.4161  30.188912     1.4162  30.187954     3.9940     4.0347    -0.0131    96.5010 1.0000e-12  -66.50660  -69.88850 340.067614      99.98 5.1124e+01   1323.817      31773  1029.3756  1029.3744    34.7048    34.7034    7.73943         25 0.0000e+00
    338.000    334.379     1.4166  30.188737     1.4164  30.187134     3.9958     4.0376    -0.0144    96.5054 1.0000e-12  -66.50660  -69.88849 340.067625      99.98 5.1124e+01   1324.825      31797  1029.3706  1029.3688    34.7045    34.7027    7.73933         22 0.0000e+00
    337.000    333.389     1.4168  30.188328     1.4166  30.187085     3.9960     4.0359     0.0048    96.4932 1.0000e-12  -66.50660  -69.88848 340.067636      99.98 5.1124e+01   1325.739      31819  1029.3657  1029.3647    34.7043    34.7030    7.73930         21 0.0000e+00
    336.000    332.403     1.4169  30.187901     1.4168  30.186733     3.9908     4.0361    -0.0028    96.4991 1.0000e-12  -66.50660  -69.88848 340.067645      99.98 5.1124e+01   1326.552      31838  1029.3610  1029.3599    34.7042    34.7029    7.73928         19 0.0000e+00
    335.000    331.411     1.4183  30.188523     1.4182  30.187459     3.9945     4.0367    -0.0084    96.4936 1.0000e-12  -66.50658  -69.88848 340.067654      99.98 5.1124e+01   1327.329      31857  1029.3560  1029.3550    34.7041    34.7028    7.73902         19 0.0000e+00
    334.000    330.425     1.4196  30.189251     1.4198  30.188242     4.0007     4.0344    -0.0125    96.5136 1.0000e-12  -66.50660  -69.88848 340.067665      99.97 5.1124e+01   1328.222      31878  1029.3512  1029.3501    34.7041    34.7027    7.73875         25 0.0000e+00
    333.000    329.436     1.4181  30.187541     1.4175  30.186003     3.9950     4.0320    -0.0018    96.5028 1.0000e-12  -66.50660  -69.88849 340.067692      99.97 5.1124e+01   1330.567      31935  1029.3468  1029.3458    34.7042    34.7029    7.73905         39 0.0000e+00
    332.000    328.448     1.4184  30.187342     1.4176  30.185601     3.9896     4.0335     0.0028    96.5092 1.0000e-12  -66.50659  -69.88850 340.067721      99.97 5.1124e+01   1333.100      31995  1029.3421  1029.3411    34.7042    34.7029    7.73899         27 0.0000e+00
    331.000    327.457     1.4209  30.189011     1.4207  30.187903     3.9939     4.0331    -0.0042    96.5094 1.0000e-12  -66.50658  -69.88850 340.067731      99.98 5.1124e+01   1333.919      32015  1029.3370  1029.3361    34.7041    34.7030    7.73850         18 0.0000e+00
    330.000    326.473     1.4248  30.191925     1.4253  30.191374     3.9950     4.0356    -0.0212    96.5011 1.0000e-12  -66.50658  -69.88850 340.067739      99.97 5.1124e+01   1334.631      32032  1029.3320  1029.3309    34.7042    34.7029    7.73775         17 0.0000e+00
    329.000    325.483     1.4267  30.193066     1.4268  30.192108     3.9945     4.0359    -0.0112    96.5057 1.0000e-12  -66.50658  -69.88850 340.067747      99.97 5.1124e+01   1335.328      32049  1029.3270  1029.3260    34.7040    34.7027    7.73737         17 0.0000e+00
    328.000    324.492     1.4282  30.193938     1.4279  30.192626     3.9940     4.0348    -0.0114    96.5192 1.0000e-12  -66.50658  -69.88848 340.067756      99.97 5.1124e+01   1336.094      32067  1029.3222  1029.3212    34.7041    34.7028    7.73708         20 0.0000e+00
    327.000    323.506     1.4279  30.193047     1.4291  30.193292     3.9923     4.0376    -0.0185    96.5184 1.0000e-12  -66.50659  -69.88848 340.067767      99.97 5.1124e+01   1337.028      32090  1029.3174  1029.3164    34.7039    34.7028    7.73715         25 0.0000e+00
    326.000    322.515     1.4273  30.192468     1.4290  30.192657     3.9894     4.0361    -0.0053    96.5194 1.0000e-12  -66.50658  -69.88848 340.067779      99.98 5.1124e+01   1338.117      32116  1029.3132  1029.3117    34.7044    34.7027    7.73724         26 0.0000e+00
    325.000    321.528     1.4290  30.193351     1.4282  30.191608     3.9906     4.0344    -0.0007    96.5194 1.0000e-12  -66.50658  -69.88848 340.067792      99.98 5.1124e+01   1339.193      32142  1029.3081  1029.3072    34.7041    34.7028    7.73691         26 0.0000e+00
    324.000    320.539     1.4287  30.192565     1.4292  30.192038     3.9910     4.0303    -0.0065    96.5194 1.0000e-12  -66.50658  -69.88850 340.067804      99.98 5.1124e+01   1340.283      32168  1029.3035  1029.3025    34.7041    34.7028    7.73698         28 0.0000e+00
    323.000    319.551     1.4287  30.192129     1.4298  30.192019     3.9899     4.0335    -0.0125    96.5194 1.0000e-12  -66.50659  -69.88849 340.067829      99.97 5.1124e+01   1342.437      32219  1029.2988  1029.2977    34.7041    34.7028    7.73697         32 0.0000e+00
    322.000    318.562     1.4294  30.192070     1.4287  30.190409     3.9848     4.0306    -0.0129    96.5158 1.0000e-12  -66.50659  -69.88848 340.067871      99.98 5.1124e+01   1346.014      32305  1029.2940  1029.2929    34.7039    34.7024    7.73685         31 0.0000e+00
    321.000    317.574     1.4304  30.192660     1.4297  30.191023     3.9876     4.0299    -0.0065    96.4918 1.0000e-12  -66.50658  -69.88848 340.067880      99.97 5.1124e+01   1346.861      32326  1029.2893  1029.2883    34.7041    34.7027    7.73665         21 0.0000e+00
    320.000    316.587     1.4370  30.198000     1.4372  30.197072     3.9959     4.0290    -0.0147    96.5211 1.0000e-12  -66.50658  -69.88849 340.067890      99.98 5.1124e+01   1347.653      32345  1029.2840  1029.2828    34.7042    34.7027    7.73534         18 0.0000e+00
    319.000    315.595     1.4397  30.199707     1.4398  30.198738     3.9977     4.0297    -0.0088    96.5194 1.0000e-12  -66.50658  -69.88850 340.067899      99.98 5.1124e+01   1348.445      32364  1029.2789  1029.2778    34.7039    34.7026    7.73483         21 0.0000e+00
    318.000    314.608     1.4393  30.198888     1.4395  30.197877     3.9920     4.0304    -0.0017    96.5194 1.0000e-12  -66.50658  -69.88850 340.067910      99.97 5.1124e+01   1349.394      32386  1029.2743  1029.2730    34.7039    34.7024    7.73491         24 0.0000e+00
    317.000    313.620     1.4376  30.196835     1.4380  30.196313     3.9919     4.0293    -0.0086    96.5194 1.0000e-12  -66.50658  -69.88849 340.067926      99.98 5.1124e+01   1350.792      32420  1029.2696  1029.2687    34.7037    34.7026    7.73525         39 0.0000e+00
    316.000    312.631     1.4390  30.197535     1.4388  30.196421     3.9932     4.0294     0.0010    96.5194 1.0000e-12  -66.50659  -69.88848 340.067948      99.97 5.1124e+01   1352.734      32467  1029.2648  1029.2638    34.7037    34.7024    7.73498         39 0.0000e+00
    315.000    311.643     1.4393  30.197220     1.4387  30.195793     3.9894     4.0283    -0.0112    96.5185 1.0000e-12  -66.50660  -69.88848 340.067988      99.97 5.1124e+01   1356.207      32550  1029.2599  1029.2591    34.7035    34.7023    7.73492         30 0.0000e+00
    314.000    310.653     1.4392  30.196682     1.4390  30.195435     3.9945     4.0254    -0.0088    96.5205 1.0000e-12  -66.50658  -69.88850 340.068014      99.98 5.1124e+01   1358.437      32603  1029.2553  1029.2543    34.7035    34.7022    7.73494         26 0.0000e+00
    313.000    309.666     1.4391  30.195856     1.4388  30.194548     3.9907     4.0258    -0.0121    96.5194 1.0000e-12  -66.50658  -69.88848 340.068026      99.98 5.1124e+01   1359.412      32627  1029.2503  1029.2493    34.7031    34.7018    7.73498         23 0.0000e+00
    312.000    308.675     1.4369  30.193168     1.4366  30.191973     3.9954     4.0276    -0.0040    96.5194 1.0000e-12  -66.50658  -69.88849 340.068038      99.97 5.1124e+01   1360.514      32653  1029.2456  1029.2446    34.7028    34.7015    7.73544         33 0.0000e+00
    311.000    307.685     1.4376  30.193458     1.4366  30.191585     3.9900     4.0282    -0.0044    96.5076 1.0000e-12  -66.50659  -69.88848 340.068065      99.97 5.1124e+01   1362.802      32708  1029.2409  1029.2400    34.7029    34.7016    7.73529         40 0.0000e+00
    310.000    306.701     1.4378  30.193209     1.4370  30.191428     3.9861     4.0310    -0.0057    96.5114 1.0000e-12  -66.50660  -69.88848 340.068094      99.98 5.1124e+01   1365.331      32769  1029.2363  1029.2352    34.7030    34.7016    7.73525         33 0.0000e+00
    309.000    305.708     1.4370  30.191903     1.4363  30.190347     3.9894     4.0284    -0.0091    96.5030 1.0000e-12  -66.50660  -69.88848 340.068123      99.98 5.1124e+01   1367.814      32829  1029.2316  1029.2306    34.7028    34.7015    7.73542         40 0.0000e+00
    308.000    304.722     1.4333  30.187402     1.4350  30.188414     3.9880     4.0294    -0.0014    96.5080 1.0000e-12  -66.50659  -69.88848 340.068169      99.97 5.1124e+01   1371.819      32925  1029.2264  1029.2256    34.7017    34.7010    7.73621         36 0.0000e+00
    307.000    303.732     1.4294  30.183174     1.4286  30.181198     3.9955     4.0279    -0.0098    96.5069 1.0000e-12  -66.50658  -69.88848 340.068188      99.98 5.1124e+01   1373.442      32964  1029.2216  1029.2205    34.7011    34.6996    7.73699         33 0.0000e+00
    306.000    302.745     1.4266  30.179591     1.4283  30.180450     3.9845     4.0305    -0.0074    96.5114 1.0000e-12  -66.50660  -69.88848 340.068255      99.98 5.1124e+01   1379.228      33102  1029.2165  1029.2156    34.7003    34.6995    7.73760         35 0.0000e+00
    305.000    301.756     1.4269  30.179422     1.4263  30.177852     3.9824     4.0300     0.0033    96.4985 1.0000e-12  -66.50660  -69.88848 340.068278      99.98 5.1124e+01   1381.183      33149  1029.2117  1029.2107    34.7003    34.6990    7.73753         24 0.0000e+00
