NBP2113_155081_ctd/data/unbp2113_025.cnv
* Sea-Bird SBE 9 Data File:
* FileName = D:\Data\raw\NBP2113_025.hex
* Software Version Seasave V 7.26.7.121
* Temperature SN = 2438
* Conductivity SN = 2067
* Number of Bytes Per Scan = 40
* Number of Voltage Words = 5
* Number of Scans Averaged by the Deck Unit = 1
* NMEA Latitude = 66 26.47 S
* NMEA Longitude = 073 01.98 W
* NMEA UTC (Time) = Dec 02 2021  19:32:09
* NMEA baud rate = 9600
** Ship: RVIB N.B. Palmer
** Cruise: NBP2113 LTER
** Station: 200.200
** Operator: S. Blackman
# nquan = 25
# nvalues = 3715                        
# units = specified
# name 0 = prDM: Pressure, Digiquartz [db]
# name 1 = depSM: Depth [salt water, m]
# name 2 = t090C: Temperature [ITS-90, deg C]
# name 3 = c0mS/cm: Conductivity [mS/cm]
# name 4 = t190C: Temperature, 2 [ITS-90, deg C]
# name 5 = c1mS/cm: Conductivity, 2 [mS/cm]
# name 6 = sbeox0ML/L: Oxygen, SBE 43 [ml/l]
# name 7 = sbeox1ML/L: Oxygen, SBE 43, 2 [ml/l]
# name 8 = flECO-AFL: Fluorescence, WET Labs ECO-AFL/FL [mg/m^3]
# name 9 = CStarTr0: Beam Transmission, WET Labs C-Star [%]
# name 10 = par: PAR/Irradiance, Biospherical/Licor
# name 11 = latitude: Latitude [deg]
# name 12 = longitude: Longitude [deg]
# name 13 = timeJ: Julian Days
# name 14 = altM: Altimeter [m]
# name 15 = spar: SPAR, Biospherical/Licor
# name 16 = timeS: Time, Elapsed [seconds]
# name 17 = scan: Scan Count
# name 18 = density00: Density [density, kg/m^3]
# name 19 = density11: Density, 2 [density, kg/m^3]
# name 20 = sal00: Salinity, Practical [PSU]
# name 21 = sal11: Salinity, Practical, 2 [PSU]
# name 22 = oxsolML/L: Oxygen Saturation, Garcia & Gordon [ml/l]
# name 23 = nbin: number of scans per bin
# name 24 = flag: flag
# span 0 =      1.000,   3715.000       
# span 1 =      0.989,   3646.238       
# span 2 =    -0.7776,     2.0034       
# span 3 =  27.672429,  30.702262       
# span 4 =    -0.7896,     2.0030       
# span 5 =  27.671218,  30.701209       
# span 6 =     3.8858,     9.2472       
# span 7 =     3.9361,     8.3114       
# span 8 =    -0.0233,    11.1216       
# span 9 =    82.8527,    97.6469       
# span 10 = 1.0000e-12, 1.0000e-12      
# span 11 =  -66.44200,  -66.44120      
# span 12 =  -73.03272,  -73.03208      
# span 13 = 336.868260, 336.923772      
# span 14 =       6.83,     101.19      
# span 15 = 3.5258e+02, 2.4448e+03      
# span 16 =   4688.664,   9484.925      
# span 17 =     112529,     227639      
# span 18 =  1027.3022,  1044.8122      
# span 19 =  1027.3010,  1044.8112      
# span 20 =    33.9690,    34.7297      
# span 21 =    33.9676,    34.7288      
# span 22 =    7.62752,    8.23171      
# span 23 =          8,         51      
# span 24 = 0.0000e+00, 0.0000e+00      
# interval = decibars: 1                
# start_time = Dec 02 2021 19:32:09 [NMEA time, header]
# bad_flag = -9.990e-29
*END*
[from data line 1276]
   2439.000   2400.898     0.6949  30.452343     0.6949  30.451852     4.5083     4.5825    -0.0158    97.6266 1.0000e-12  -66.44172  -73.03244 336.885676      99.97 4.1428e+02   6193.390     148642  1039.1042  1039.1037    34.7068    34.7062    7.88335         13 0.0000e+00
   2438.000   2399.918     0.6961  30.453059     0.6957  30.452257     4.5053     4.5842    -0.0150    97.6266 1.0000e-12  -66.44172  -73.03243 336.885681      99.98 4.1428e+02   6193.889     148654  1039.0997  1039.0992    34.7069    34.7063    7.88310         12 0.0000e+00
   2437.000   2398.941     0.6976  30.453929     0.6975  30.453319     4.5073     4.5821    -0.0006    97.6266 1.0000e-12  -66.44172  -73.03242 336.885687      99.97 4.1428e+02   6194.369     148666  1039.0949  1039.0944    34.7068    34.7062    7.88280         11 0.0000e+00
   2436.000   2397.961     0.6979  30.453811     0.6980  30.453344     4.5105     4.5842    -0.0010    97.6266 1.0000e-12  -66.44172  -73.03241 336.885693      99.98 4.1428e+02   6194.845     148677  1039.0903  1039.0898    34.7068    34.7062    7.88273         12 0.0000e+00
   2435.000   2396.982     0.6984  30.453783     0.6983  30.453188     4.5207     4.5828    -0.0112    97.6266 1.0000e-12  -66.44172  -73.03240 336.885698      99.98 4.1428e+02   6195.345     148689  1039.0858  1039.0852    34.7068    34.7062    7.88265         12 0.0000e+00
   2434.000   2396.002     0.6986  30.453556     0.6987  30.453206     4.5230     4.5814    -0.0154    97.6266 1.0000e-12  -66.44172  -73.03239 336.885705      99.98 4.1270e+02   6195.905     148703  1039.0813  1039.0808    34.7068    34.7063    7.88261         15 0.0000e+00
   2433.000   2395.024     0.6983  30.452961     0.6975  30.451873     4.5274     4.5805    -0.0097    97.6266 1.0000e-12  -66.44172  -73.03238 336.885713      99.98 4.1252e+02   6196.641     148720  1039.0767  1039.0765    34.7068    34.7064    7.88266         22 0.0000e+00
   2432.000   2394.045     0.6966  30.450930     0.6966  30.450631     4.5069     4.5821    -0.0135    97.6266 1.0000e-12  -66.44170  -73.03240 336.885764      99.98 4.1402e+02   6201.043     148826  1039.0725  1039.0721    34.7066    34.7063    7.88302         21 0.0000e+00
   2431.000   2393.067     0.6971  30.451132     0.6968  30.450392     4.5020     4.5827    -0.0095    97.6266 1.0000e-12  -66.44170  -73.03240 336.885779      99.98 4.1428e+02   6202.331     148857  1039.0680  1039.0676    34.7068    34.7063    7.88290         16 0.0000e+00
   2430.000   2392.086     0.6978  30.451409     0.6976  30.450630     4.5133     4.5857    -0.0121    97.6266 1.0000e-12  -66.44170  -73.03240 336.885787      99.97 4.1428e+02   6202.953     148872  1039.0634  1039.0629    34.7069    34.7062    7.88275         15 0.0000e+00
   2429.000   2391.110     0.6989  30.452141     0.6985  30.451126     4.5166     4.5875    -0.0154    97.6266 1.0000e-12  -66.44170  -73.03240 336.885794      99.97 4.1428e+02   6203.566     148887  1039.0589  1039.0584    34.7071    34.7063    7.88252         15 0.0000e+00
   2428.000   2390.131     0.6994  30.451977     0.6998  30.451850     4.5138     4.5896    -0.0155    97.6266 1.0000e-12  -66.44170  -73.03240 336.885801      99.97 4.1428e+02   6204.195     148902  1039.0542  1039.0536    34.7069    34.7063    7.88244         15 0.0000e+00
   2427.000   2389.151     0.7006  30.452724     0.7002  30.451915     4.5160     4.5855    -0.0141    97.6266 1.0000e-12  -66.44170  -73.03240 336.885809      99.98 4.1438e+02   6204.876     148918  1039.0496  1039.0492    34.7071    34.7064    7.88219         17 0.0000e+00
   2426.000   2388.173     0.7015  30.453125     0.7006  30.451798     4.5133     4.5848    -0.0078    97.6266 1.0000e-12  -66.44170  -73.03240 336.885817      99.97 4.1480e+02   6205.634     148936  1039.0450  1039.0446    34.7071    34.7063    7.88200         20 0.0000e+00
   2425.000   2387.191     0.7014  30.452588     0.7017  30.452437     4.5095     4.5825    -0.0080    97.6266 1.0000e-12  -66.44170  -73.03240 336.885828      99.98 4.1548e+02   6206.528     148958  1039.0405  1039.0400    34.7070    34.7064    7.88202         22 0.0000e+00
   2424.000   2386.215     0.7016  30.452328     0.6999  30.450387     4.5134     4.5840     0.0040    97.6266 1.0000e-12  -66.44170  -73.03238 336.885841      99.98 4.1435e+02   6207.653     148985  1039.0359  1039.0357    34.7069    34.7063    7.88199         29 0.0000e+00
   2423.000   2385.236     0.7010  30.451316     0.6995  30.449573     4.5094     4.5851    -0.0084    97.6266 1.0000e-12  -66.44170  -73.03238 336.885856      99.98 4.1428e+02   6208.955     149016  1039.0314  1039.0312    34.7068    34.7062    7.88211         29 0.0000e+00
   2422.000   2384.257     0.7017  30.451671     0.7014  30.450995     4.5134     4.5830    -0.0153    97.6266 1.0000e-12  -66.44168  -73.03238 336.885871      99.98 4.1433e+02   6210.291     149048  1039.0270  1039.0266    34.7070    34.7064    7.88197         34 0.0000e+00
   2421.000   2383.279     0.7014  30.451096     0.7014  30.450565     4.5187     4.5848    -0.0124    97.6266 1.0000e-12  -66.44168  -73.03239 336.885893      99.98 4.1590e+02   6212.129     149092  1039.0226  1039.0221    34.7070    34.7064    7.88202         40 0.0000e+00
   2420.000   2382.296     0.6998  30.449293     0.6993  30.448339     4.5122     4.5804    -0.0105    97.6266 1.0000e-12  -66.44167  -73.03241 336.885919      99.98 4.1715e+02   6214.431     149147  1039.0183  1039.0179    34.7070    34.7064    7.88234         31 0.0000e+00
   2419.000   2381.322     0.7022  30.451011     0.7013  30.449645     4.5161     4.5858    -0.0126    97.6266 1.0000e-12  -66.44166  -73.03242 336.885934      99.97 4.1781e+02   6215.730     149179  1039.0135  1039.0130    34.7071    34.7063    7.88186         27 0.0000e+00
   2418.000   2380.341     0.7037  30.451946     0.7034  30.451203     4.5117     4.5833    -0.0014    97.6266 1.0000e-12  -66.44166  -73.03243 336.885946      99.98 4.1780e+02   6216.749     149203  1039.0088  1039.0083    34.7072    34.7064    7.88156         23 0.0000e+00
   2417.000   2379.363     0.7055  30.453150     0.7055  30.452641     4.5072     4.5801    -0.0080    97.6266 1.0000e-12  -66.44166  -73.03244 336.885956      99.98 4.1886e+02   6217.644     149224  1039.0041  1039.0036    34.7072    34.7065    7.88118         20 0.0000e+00
   2416.000   2378.386     0.7066  30.453657     0.7064  30.453035     4.5118     4.5796    -0.0138    97.6266 1.0000e-12  -66.44166  -73.03244 336.885966      99.98 4.1957e+02   6218.458     149244  1038.9994  1038.9989    34.7071    34.7065    7.88097         19 0.0000e+00
   2415.000   2377.405     0.7076  30.454183     0.7079  30.453945     4.5072     4.5789    -0.0142    97.6266 1.0000e-12  -66.44166  -73.03244 336.885975      99.98 4.1957e+02   6219.207     149262  1038.9947  1038.9942    34.7071    34.7066    7.88075         17 0.0000e+00
   2414.000   2376.426     0.7087  30.454683     0.7085  30.454005     4.4995     4.5786    -0.0085    97.6266 1.0000e-12  -66.44166  -73.03244 336.885983      99.98 4.1957e+02   6219.920     149279  1038.9901  1038.9896    34.7071    34.7065    7.88053         17 0.0000e+00
   2413.000   2375.447     0.7090  30.454507     0.7089  30.453999     4.4988     4.5788    -0.0077    97.6266 1.0000e-12  -66.44166  -73.03244 336.885991      99.97 4.2091e+02   6220.615     149296  1038.9855  1038.9851    34.7071    34.7065    7.88048         16 0.0000e+00
   2412.000   2374.468     0.7090  30.454217     0.7089  30.453524     4.5019     4.5790    -0.0077    97.6266 1.0000e-12  -66.44166  -73.03244 336.885999      99.98 4.2133e+02   6221.291     149312  1038.9811  1038.9805    34.7072    34.7064    7.88046         17 0.0000e+00
   2411.000   2373.490     0.7092  30.453937     0.7093  30.453663     4.5057     4.5803    -0.0085    97.6266 1.0000e-12  -66.44166  -73.03242 336.886007      99.98 4.2133e+02   6221.988     149329  1038.9765  1038.9761    34.7071    34.7066    7.88043         17 0.0000e+00
   2410.000   2372.509     0.7096  30.453930     0.7097  30.453573     4.5109     4.5794    -0.0132    97.6266 1.0000e-12  -66.44166  -73.03241 336.886016      99.98 4.2133e+02   6222.789     149348  1038.9720  1038.9715    34.7072    34.7065    7.88035         22 0.0000e+00
   2409.000   2371.532     0.7089  30.452916     0.7081  30.451572     4.5170     4.5797    -0.0085    97.6266 1.0000e-12  -66.44165  -73.03242 336.886048      99.98 4.2264e+02   6225.572     149415  1038.9677  1038.9671    34.7072    34.7063    7.88050         26 0.0000e+00
   2408.000   2370.553     0.7082  30.451927     0.7075  30.450882     4.5107     4.5788    -0.0045    97.6266 1.0000e-12  -66.44164  -73.03246 336.886092      99.97 4.2581e+02   6229.364     149506  1038.9633  1038.9628    34.7072    34.7065    7.88064         17 0.0000e+00
   2407.000   2369.572     0.7094  30.452683     0.7093  30.452080     4.5065     4.5738    -0.0082    97.6266 1.0000e-12  -66.44163  -73.03246 336.886099      99.98 4.2664e+02   6229.910     149519  1038.9587  1038.9582    34.7073    34.7067    7.88038         16 0.0000e+00
   2406.000   2368.596     0.7100  30.452630     0.7101  30.452241     4.5045     4.5807    -0.0156    97.6266 1.0000e-12  -66.44162  -73.03246 336.886106      99.98 4.2686e+02   6230.554     149534  1038.9540  1038.9534    34.7071    34.7064    7.88028         15 0.0000e+00
   2405.000   2367.616     0.7104  30.452763     0.7104  30.452212     4.5048     4.5799    -0.0168    97.6266 1.0000e-12  -66.44162  -73.03246 336.886114      99.97 4.2829e+02   6231.214     149550  1038.9495  1038.9490    34.7073    34.7066    7.88018         17 0.0000e+00
   2404.000   2366.638     0.7108  30.452598     0.7109  30.452251     4.5041     4.5777    -0.0154    97.6266 1.0000e-12  -66.44162  -73.03245 336.886122      99.98 4.2838e+02   6231.914     149567  1038.9449  1038.9444    34.7072    34.7066    7.88011         17 0.0000e+00
   2403.000   2365.655     0.7111  30.452513     0.7110  30.452027     4.5081     4.5817    -0.0158    97.6266 1.0000e-12  -66.44162  -73.03244 336.886130      99.98 4.2838e+02   6232.672     149585  1038.9404  1038.9400    34.7072    34.7067    7.88004         19 0.0000e+00
   2402.000   2364.680     0.7112  30.452232     0.7114  30.451779     4.5090     4.5819    -0.0157    97.6305 1.0000e-12  -66.44162  -73.03244 336.886140      99.98 4.2838e+02   6233.480     149605  1038.9359  1038.9353    34.7072    34.7065    7.88002         20 0.0000e+00
   2401.000   2363.701     0.7115  30.452036     0.7114  30.451498     4.5029     4.5796    -0.0162    97.6307 1.0000e-12  -66.44162  -73.03242 336.886149      99.98 4.2914e+02   6234.308     149624  1038.9313  1038.9308    34.7072    34.7066    7.87997         19 0.0000e+00
   2400.000   2362.721     0.7114  30.451467     0.7114  30.451102     4.5117     4.5785    -0.0077    97.6352 1.0000e-12  -66.44162  -73.03242 336.886159      99.97 4.3014e+02   6235.126     149644  1038.9267  1038.9263    34.7070    34.7066    7.87999         21 0.0000e+00
   2399.000   2361.740     0.7113  30.451126     0.7112  30.450571     4.5165     4.5781    -0.0091    97.6316 1.0000e-12  -66.44162  -73.03242 336.886169      99.97 4.3129e+02   6235.979     149665  1038.9224  1038.9219    34.7072    34.7066    7.88000         21 0.0000e+00
   2398.000   2360.763     0.7110  30.450426     0.7108  30.449856     4.5125     4.5772    -0.0117    97.6291 1.0000e-12  -66.44162  -73.03242 336.886189      99.98 4.3190e+02   6237.764     149707  1038.9179  1038.9175    34.7071    34.7067    7.88007         34 0.0000e+00
   2397.000   2359.784     0.7096  30.448799     0.7092  30.447925     4.5043     4.5782    -0.0086    97.6265 1.0000e-12  -66.44161  -73.03242 336.886239      99.98 4.3301e+02   6242.091     149811  1038.9136  1038.9130    34.7071    34.7064    7.88035         22 0.0000e+00
   2396.000   2358.805     0.7108  30.449503     0.7103  30.448517     4.5067     4.5791    -0.0158    97.6266 1.0000e-12  -66.44160  -73.03242 336.886248      99.98 4.3367e+02   6242.810     149828  1038.9089  1038.9084    34.7072    34.7065    7.88011         18 0.0000e+00
   2395.000   2357.826     0.7112  30.449412     0.7110  30.448850     4.5059     4.5835    -0.0154    97.6266 1.0000e-12  -66.44160  -73.03242 336.886257      99.97 4.3367e+02   6243.588     149847  1038.9043  1038.9039    34.7071    34.7066    7.88002         19 0.0000e+00
   2394.000   2356.847     0.7113  30.449178     0.7113  30.448686     4.5060     4.5845    -0.0150    97.6266 1.0000e-12  -66.44160  -73.03242 336.886266      99.97 4.3367e+02   6244.401     149867  1038.8999  1038.8994    34.7072    34.7066    7.88000         20 0.0000e+00
   2393.000   2355.867     0.7117  30.449107     0.7118  30.448731     4.5068     4.5817    -0.0146    97.6266 1.0000e-12  -66.44160  -73.03242 336.886276      99.98 4.3367e+02   6245.244     149887  1038.8953  1038.8948    34.7072    34.7066    7.87992         19 0.0000e+00
   2392.000   2354.888     0.7122  30.449232     0.7128  30.449207     4.4988     4.5792    -0.0082    97.6266 1.0000e-12  -66.44158  -73.03242 336.886286      99.97 4.3367e+02   6246.068     149907  1038.8908  1038.8902    34.7073    34.7066    7.87981         19 0.0000e+00
   2391.000   2353.912     0.7134  30.449735     0.7137  30.449590     4.5002     4.5777    -0.0081    97.6266 1.0000e-12  -66.44158  -73.03242 336.886294      99.98 4.3367e+02   6246.834     149925  1038.8860  1038.8855    34.7071    34.7066    7.87958         17 0.0000e+00
   2390.000   2352.930     0.7139  30.449929     0.7142  30.449619     4.5012     4.5809    -0.0099    97.6266 1.0000e-12  -66.44158  -73.03242 336.886303      99.98 4.3367e+02   6247.549     149942  1038.8815  1038.8809    34.7073    34.7066    7.87946         17 0.0000e+00
   2389.000   2351.953     0.7143  30.449976     0.7144  30.449422     4.5039     4.5777    -0.0154    97.6266 1.0000e-12  -66.44158  -73.03240 336.886311      99.97 4.3367e+02   6248.271     149959  1038.8770  1038.8764    34.7074    34.7066    7.87938         18 0.0000e+00
   2388.000   2350.973     0.7144  30.449581     0.7145  30.449060     4.5089     4.5754    -0.0049    97.6266 1.0000e-12  -66.44158  -73.03238 336.886320      99.97 4.3367e+02   6249.059     149978  1038.8724  1038.8719    34.7073    34.7066    7.87936         21 0.0000e+00
   2387.000   2349.993     0.7139  30.448736     0.7138  30.448124     4.5179     4.5761    -0.0101    97.6266 1.0000e-12  -66.44159  -73.03238 336.886334      99.98 4.3193e+02   6250.269     150007  1038.8680  1038.8675    34.7073    34.7066    7.87947         32 0.0000e+00
   2386.000   2349.015     0.7120  30.446699     0.7116  30.445761     4.5076     4.5837    -0.0112    97.6266 1.0000e-12  -66.44158  -73.03237 336.886399      99.97 4.3007e+02   6255.844     150141  1038.8638  1038.8633    34.7073    34.7065    7.87986         19 0.0000e+00
   2385.000   2348.038     0.7130  30.447204     0.7131  30.446760     4.4943     4.5895    -0.0161    97.6266 1.0000e-12  -66.44158  -73.03238 336.886404      99.98 4.2942e+02   6256.353     150153  1038.8592  1038.8587    34.7074    34.7067    7.87966         15 0.0000e+00
   2384.000   2347.056     0.7144  30.448087     0.7146  30.447714     4.4998     4.5814    -0.0150    97.6266 1.0000e-12  -66.44158  -73.03238 336.886411      99.97 4.2839e+02   6256.912     150167  1038.8545  1038.8540    34.7074    34.7068    7.87936         13 0.0000e+00
   2383.000   2346.078     0.7156  30.448729     0.7152  30.447726     4.5053     4.5784    -0.0150    97.6266 1.0000e-12  -66.44158  -73.03238 336.886417      99.98 4.2838e+02   6257.446     150180  1038.8498  1038.8493    34.7074    34.7066    7.87912         12 0.0000e+00
