NBP2113_155081_ctd/data/unbp2113_029.cnv
* Sea-Bird SBE 9 Data File:
* FileName = D:\Data\raw\NBP2113_029.hex
* Software Version Seasave V 7.26.7.121
* Temperature SN = 2438
* Conductivity SN = 2067
* Number of Bytes Per Scan = 40
* Number of Voltage Words = 5
* Number of Scans Averaged by the Deck Unit = 1
* NMEA Latitude = 66 51.18 S
* NMEA Longitude = 068 36.27 W
* NMEA UTC (Time) = Dec 05 2021  02:21:18
* NMEA baud rate = 9600
** Ship: RVIB N.B. Palmer
** Cruise: NBP2113 LTER
** Station: AS01
** Operator: S. Blackman
# nquan = 25
# nvalues = 231                         
# units = specified
# name 0 = prDM: Pressure, Digiquartz [db]
# name 1 = depSM: Depth [salt water, m]
# name 2 = t090C: Temperature [ITS-90, deg C]
# name 3 = c0mS/cm: Conductivity [mS/cm]
# name 4 = t190C: Temperature, 2 [ITS-90, deg C]
# name 5 = c1mS/cm: Conductivity, 2 [mS/cm]
# name 6 = sbeox0ML/L: Oxygen, SBE 43 [ml/l]
# name 7 = sbeox1ML/L: Oxygen, SBE 43, 2 [ml/l]
# name 8 = flECO-AFL: Fluorescence, WET Labs ECO-AFL/FL [mg/m^3]
# name 9 = CStarTr0: Beam Transmission, WET Labs C-Star [%]
# name 10 = par: PAR/Irradiance, Biospherical/Licor
# name 11 = latitude: Latitude [deg]
# name 12 = longitude: Longitude [deg]
# name 13 = timeJ: Julian Days
# name 14 = altM: Altimeter [m]
# name 15 = spar: SPAR, Biospherical/Licor
# name 16 = timeS: Time, Elapsed [seconds]
# name 17 = scan: Scan Count
# name 18 = density00: Density [density, kg/m^3]
# name 19 = density11: Density, 2 [density, kg/m^3]
# name 20 = sal00: Salinity, Practical [PSU]
# name 21 = sal11: Salinity, Practical, 2 [PSU]
# name 22 = oxsolML/L: Oxygen Saturation, Garcia & Gordon [ml/l]
# name 23 = nbin: number of scans per bin
# name 24 = flag: flag
# span 0 =      1.000,    231.000       
# span 1 =      0.988,    228.580       
# span 2 =    -0.8920,     1.1788       
# span 3 =  27.407954,  29.880165       
# span 4 =    -0.8923,     1.1798       
# span 5 =  27.404400,  29.880567       
# span 6 =     4.2996,    11.5084       
# span 7 =     4.3577,     8.0780       
# span 8 =    -0.0079,     1.2574       
# span 9 =    90.6973,    95.3861       
# span 10 = 1.0000e-12, 1.3393e+01      
# span 11 =  -66.85278,  -66.85266      
# span 12 =  -68.60352,  -68.60325      
# span 13 = 339.107461, 339.115027      
# span 14 =       5.87,     101.22      
# span 15 = 5.1514e+00, 8.8144e+00      
# span 16 =    806.646,   1460.357      
# span 17 =      19361,      35050      
# span 18 =  1027.1792,  1028.8301      
# span 19 =  1027.1782,  1028.8295      
# span 20 =    33.7974,    34.6353      
# span 21 =    33.7960,    34.6347      
# span 22 =    7.79005,    8.26972      
# span 23 =          9,         43      
# span 24 = 0.0000e+00, 0.0000e+00      
# interval = decibars: 1                
# start_time = Dec 05 2021 02:21:18 [NMEA time, header]
# bad_flag = -9.990e-29
*END*
    231.000    228.580     1.1788  29.880165     1.1798  29.880567     4.3563     4.3972     0.0068    95.3592 1.0000e-12  -66.85278  -68.60344 339.107461       5.87 8.8144e+00    806.646      19361  1028.8301  1028.8295    34.6353    34.6347    7.79005         20 0.0000e+00
    230.000    227.589     1.1395  29.837098     1.1376  29.834515     4.3519     4.3982    -0.0078    95.3495 1.0000e-12  -66.85278  -68.60344 339.107469       6.68 8.8144e+00    807.320      19377  1028.8206  1028.8198    34.6242    34.6230    7.79847         14 0.0000e+00
    229.000    226.602     1.1263  29.822337     1.1240  29.818646     4.3392     4.3998    -0.0009    95.2410 1.0000e-12  -66.85277  -68.60344 339.107476       7.57 8.8144e+00    807.897      19391  1028.8141  1028.8126    34.6205    34.6183    7.80131         14 0.0000e+00
    228.000    225.611     1.1291  29.824769     1.1240  29.818364     4.3404     4.4005     0.0129    95.1945 1.0000e-12  -66.85276  -68.60344 339.107482       8.59 8.8144e+00    808.464      19404  1028.8096  1028.8081    34.6211    34.6185    7.80071         14 0.0000e+00
    227.000    224.621     1.1336  29.829374     1.1305  29.824947     4.3421     4.3928     0.0143    95.1604 1.0000e-12  -66.85276  -68.60344 339.107490       9.74 8.8144e+00    809.102      19419  1028.8056  1028.8041    34.6226    34.6204    7.79974         17 0.0000e+00
    226.000    223.633     1.1409  29.836702     1.1346  29.829035     4.3280     4.3726     0.0119    95.2005 1.0000e-12  -66.85276  -68.60344 339.107578      11.14 8.8144e+00    816.765      19603  1028.8017  1028.8000    34.6245    34.6217    7.79818         28 0.0000e+00
    225.000    222.647     1.1666  29.865317     1.1659  29.863587     4.2996     4.3611     0.0098    95.3211 1.0000e-12  -66.85276  -68.60345 339.108040      11.68 8.8144e+00    856.624      20560  1028.8018  1028.8008    34.6334    34.6319    7.79259         13 0.0000e+00
    224.000    221.655     1.1670  29.865233     1.1662  29.863413     4.3050     4.3577    -0.0005    95.3351 1.0000e-12  -66.85276  -68.60346 339.108060      12.53 8.8144e+00    858.425      20603  1028.7971  1028.7961    34.6334    34.6320    7.79250         11 0.0000e+00
    223.000    220.664     1.1653  29.862790     1.1647  29.861175     4.3135     4.3649    -0.0079    95.3228 1.0000e-12  -66.85276  -68.60347 339.108066      13.41 8.8144e+00    858.889      20614  1028.7920  1028.7910    34.6327    34.6313    7.79288         11 0.0000e+00
    222.000    219.683     1.1618  29.857994     1.1616  29.857128     4.3389     4.3784    -0.0062    95.3033 1.0000e-12  -66.85276  -68.60348 339.108071      14.27 8.8144e+00    859.327      20625  1028.7863  1028.7857    34.6310    34.6301    7.79367         10 0.0000e+00
    221.000    218.687     1.1510  29.845227     1.1542  29.847901     4.3608     4.3913     0.0005    95.3141 1.0000e-12  -66.85275  -68.60349 339.108076      15.37 8.8144e+00    859.765      20635  1028.7796  1028.7792    34.6272    34.6271    7.79602         11 0.0000e+00
    220.000    217.698     1.1461  29.839157     1.1476  29.840448     4.3839     4.4089    -0.0004    95.3466 1.0000e-12  -66.85274  -68.60350 339.108081      16.55 8.8144e+00    860.208      20646  1028.7740  1028.7737    34.6254    34.6254    7.79709         10 0.0000e+00
    219.000    216.710     1.1428  29.834790     1.1480  29.840118     4.4105     4.4143     0.0071    95.3718 1.0000e-12  -66.85274  -68.60351 339.108086      17.54 8.8144e+00    860.654      20657  1028.7685  1028.7688    34.6241    34.6251    7.79783         12 0.0000e+00
    218.000    215.721     1.1318  29.821909     1.1354  29.824900     4.4369     4.4195     0.0105    95.3861 1.0000e-12  -66.85274  -68.60352 339.108092      18.59 8.8144e+00    861.136      20668  1028.7618  1028.7614    34.6203    34.6202    7.80022         12 0.0000e+00
    217.000    214.733     1.1093  29.796986     1.1234  29.812082     4.4469     4.4201     0.0103    95.3747 1.0000e-12  -66.85274  -68.60351 339.108098      19.72 8.8144e+00    861.658      20681  1028.7541  1028.7558    34.6138    34.6176    7.80505         13 0.0000e+00
    216.000    213.744     1.0914  29.776681     1.1082  29.794383     4.4202     4.4062     0.0089    95.3624 1.0000e-12  -66.85274  -68.60350 339.108105      21.01 8.8144e+00    862.246      20695  1028.7465  1028.7482    34.6081    34.6122    7.80893         15 0.0000e+00
    215.000    212.753     1.0717  29.755015     1.0838  29.768042     4.3631     4.3891     0.0021    95.2942 1.0000e-12  -66.85275  -68.60350 339.108113      22.08 8.8144e+00    862.944      20712  1028.7393  1028.7408    34.6027    34.6061    7.81316         19 0.0000e+00
    214.000    211.766     1.0987  29.784446     1.1216  29.809810     4.3167     4.3787     0.0096    95.1538 1.0000e-12  -66.85276  -68.60347 339.108124      23.31 8.8144e+00    863.920      20735  1028.7384  1028.7420    34.6112    34.6184    7.80731         30 0.0000e+00
    213.000    210.774     1.1011  29.786892     1.0916  29.774989     4.4552     4.4947     0.0101    95.1763 1.0000e-12  -66.85276  -68.60345 339.108208      23.54 8.8144e+00    871.160      20909  1028.7338  1028.7311    34.6122    34.6075    7.80678         16 0.0000e+00
    212.000    209.791     1.0798  29.762389     1.0683  29.748420     4.4977     4.5200     0.0100    95.1436 1.0000e-12  -66.85276  -68.60346 339.108224      24.29 8.8144e+00    872.587      20943  1028.7253  1028.7224    34.6050    34.5997    7.81142         12 0.0000e+00
    211.000    208.798     1.0520  29.730367     1.0417  29.720393     4.5295     4.5353     0.0082    95.1287 1.0000e-12  -66.85276  -68.60346 339.108230      25.15 8.8144e+00    873.050      20954  1028.7156  1028.7154    34.5952    34.5938    7.81751         11 0.0000e+00
    210.000    207.807     1.0369  29.714521     1.0332  29.708238     4.5694     4.5594     0.0094    95.1047 1.0000e-12  -66.85276  -68.60346 339.108235      26.14 8.8144e+00    873.531      20966  1028.7096  1028.7070    34.5922    34.5881    7.82070         12 0.0000e+00
    209.000    206.819     1.0234  29.698661     1.0181  29.692457     4.6166     4.5869     0.0109    95.0890 1.0000e-12  -66.85276  -68.60348 339.108241      27.33 8.8144e+00    874.049      20978  1028.7024  1028.7010    34.5873    34.5851    7.82366         13 0.0000e+00
    208.000    205.833     1.0107  29.684462     1.0134  29.686405     4.6541     4.6091     0.0101    95.0422 1.0000e-12  -66.85276  -68.60348 339.108247      28.36 8.8144e+00    874.585      20991  1028.6957  1028.6951    34.5836    34.5832    7.82639         14 0.0000e+00
    207.000    204.840     0.9843  29.655453     0.9932  29.663667     4.6623     4.6236     0.0158    94.9841 1.0000e-12  -66.85276  -68.60348 339.108255      29.44 8.8144e+00    875.195      21006  1028.6873  1028.6871    34.5762    34.5768    7.83210         16 0.0000e+00
    206.000    203.854     0.9443  29.609589     0.9732  29.640191     4.6733     4.6609     0.0144    94.9218 1.0000e-12  -66.85276  -68.60348 339.108263      30.35 8.8144e+00    875.917      21023  1028.6751  1028.6781    34.5620    34.5694    7.84091         18 0.0000e+00
    205.000    202.863     0.9070  29.570507     0.9095  29.571167     4.6800     4.6942     0.0136    94.8047 1.0000e-12  -66.85276  -68.60347 339.108272      31.66 8.8144e+00    876.710      21042  1028.6666  1028.6648    34.5535    34.5515    7.84887         20 0.0000e+00
    204.000    201.874     0.9404  29.604621     0.8969  29.556651     4.6007     4.6561     0.0101    94.7271 1.0000e-12  -66.85277  -68.60346 339.108282      32.73 8.8144e+00    877.565      21063  1028.6643  1028.6576    34.5611    34.5474    7.84175         21 0.0000e+00
    203.000    200.886     0.9072  29.569970     0.8819  29.540313     4.5097     4.6141     0.0240    94.7162 1.0000e-12  -66.85278  -68.60345 339.108293      33.70 8.8144e+00    878.510      21085  1028.6566  1028.6507    34.5538    34.5435    7.84882         25 0.0000e+00
    202.000    199.896     0.9131  29.575263     0.8863  29.548231     4.6066     4.6672     0.0279    94.6664 1.0000e-12  -66.85276  -68.60342 339.108531      34.72 8.8144e+00    899.096      21579  1028.6493  1028.6477    34.5546    34.5494    7.84760         21 0.0000e+00
    201.000    198.909     0.8510  29.508333     0.8526  29.509385     4.6776     4.7270     0.0244    94.5765 1.0000e-12  -66.85274  -68.60341 339.108775      35.25 8.8144e+00    920.186      22085  1028.6352  1028.6347    34.5377    34.5372    7.86102         16 0.0000e+00
    200.000    197.918     0.8532  29.510216     0.8580  29.514623     4.6818     4.7216     0.0296    94.5426 1.0000e-12  -66.85274  -68.60340 339.108792      36.50 8.8144e+00    921.670      22121  1028.6306  1028.6305    34.5383    34.5387    7.86054         23 0.0000e+00
    199.000    196.927     0.8543  29.510465     0.8574  29.512983     4.6882     4.7335     0.0249    94.5499 1.0000e-12  -66.85272  -68.60344 339.108858      37.51 8.8144e+00    927.336      22257  1028.6253  1028.6251    34.5379    34.5378    7.86034         23 0.0000e+00
    198.000    195.941     0.8442  29.499521     0.8453  29.499662     4.7107     4.7395     0.0239    94.5734 1.0000e-12  -66.85272  -68.60344 339.108882      38.32 8.8144e+00    929.390      22306  1028.6196  1028.6189    34.5356    34.5346    7.86251         19 0.0000e+00
    197.000    194.951     0.8413  29.496014     0.8412  29.495113     4.7081     4.7414     0.0279    94.5406 1.0000e-12  -66.85272  -68.60344 339.108892      39.48 8.8144e+00    930.233      22327  1028.6146  1028.6140    34.5349    34.5338    7.86314         23 0.0000e+00
    196.000    193.962     0.8408  29.495452     0.8471  29.500872     4.7065     4.7488     0.0181    94.5189 1.0000e-12  -66.85272  -68.60341 339.108906      40.65 8.8144e+00    931.464      22356  1028.6102  1028.6098    34.5353    34.5354    7.86321         33 0.0000e+00
    195.000    192.974     0.7749  29.425604     0.7903  29.442679     4.7777     4.7859     0.0312    94.5315 1.0000e-12  -66.85272  -68.60342 339.108946      41.59 8.8144e+00    934.892      22438  1028.5979  1028.6010    34.5186    34.5236    7.87746         29 0.0000e+00
    194.000    191.982     0.7777  29.426880     0.7659  29.415141     4.7444     4.7779     0.0290    94.5600 1.0000e-12  -66.85272  -68.60344 339.108975      42.81 8.8144e+00    937.424      22499  1028.5918  1028.5916    34.5178    34.5156    7.87694         32 0.0000e+00
    193.000    190.995     0.8088  29.458413     0.8260  29.476832     4.7188     4.7927     0.0296    94.5153 1.0000e-12  -66.85271  -68.60346 339.108989      42.51 8.8144e+00    938.642      22528  1028.5896  1028.5920    34.5247    34.5295    7.87026         30 0.0000e+00
    192.000    190.005     0.8119  29.461668     0.8215  29.471358     4.8741     4.8470     0.0357    94.5305 1.0000e-12  -66.85270  -68.60345 339.109004      43.16 8.8144e+00    939.976      22560  1028.5856  1028.5866    34.5260    34.5280    7.86955         35 0.0000e+00
    191.000    189.016     0.7191  29.359063     0.7544  29.399351     5.0848     4.8982     0.0428    94.6135 1.0000e-12  -66.85272  -68.60344 339.109023      43.99 8.8144e+00    941.607      22600  1028.5660  1028.5735    34.4967    34.5098    7.89000         43 0.0000e+00
    190.000    188.027     0.6501  29.284354     0.6883  29.325206     5.0391     5.0271     0.0479    94.6802 1.0000e-12  -66.85271  -68.60342 339.109068      45.10 8.8144e+00    945.461      22692  1028.5506  1028.5559    34.4769    34.4876    7.90511         33 0.0000e+00
    189.000    187.038     0.6523  29.286963     0.6348  29.267153     5.2393     5.1577     0.0240    94.6511 1.0000e-12  -66.85270  -68.60342 339.109107      45.67 8.8144e+00    948.854      22773  1028.5460  1028.5423    34.4785    34.4722    7.90456         25 0.0000e+00
    188.000    186.049     0.5401  29.162916     0.5441  29.165760     5.2478     5.1860     0.0369    94.7535 1.0000e-12  -66.85270  -68.60343 339.109120      45.91 8.8144e+00    949.927      22799  1028.5223  1028.5211    34.4424    34.4417    7.92948         26 0.0000e+00
    187.000    185.059     0.4878  29.107478     0.4783  29.096483     5.2170     5.2061     0.0373    94.8817 1.0000e-12  -66.85270  -68.60344 339.109134      47.62 8.8144e+00    951.186      22829  1028.5106  1028.5081    34.4289    34.4252    7.94096         38 0.0000e+00
    186.000    184.072     0.5200  29.143335     0.5014  29.120723     5.1499     5.1721     0.0558    94.9104 1.0000e-12  -66.85270  -68.60345 339.109160      48.41 8.8144e+00    953.465      22884  1028.5108  1028.5053    34.4404    34.4317    7.93371         37 0.0000e+00
    185.000    183.081     0.5594  29.185986     0.5305  29.151382     5.0944     5.1616     0.0580    94.8158 1.0000e-12  -66.85271  -68.60341 339.109211      48.62 8.8144e+00    957.833      22989  1028.5108  1028.5030    34.4528    34.4398    7.92496         38 0.0000e+00
    184.000    182.092     0.5046  29.130241     0.5123  29.143025     5.2251     5.2199     0.0523    94.8108 1.0000e-12  -66.85270  -68.60341 339.109279      49.11 8.8144e+00    963.746      23131  1028.5014  1028.5070    34.4417    34.4498    7.93683         28 0.0000e+00
    183.000    181.103     0.5160  29.135906     0.5512  29.175703     5.4913     5.3720     0.0486    94.8241 1.0000e-12  -66.85270  -68.60341 339.109304      48.71 8.8144e+00    965.906      23183  1028.4919  1028.4986    34.4370    34.4497    7.93472         27 0.0000e+00
    182.000    180.113     0.3772  28.983695     0.3873  28.992506     5.5892     5.4279     0.0433    94.9437 1.0000e-12  -66.85270  -68.60341 339.109315      49.59 8.8144e+00    966.813      23205  1028.4643  1028.4635    34.3932    34.3935    7.96575         21 0.0000e+00
    181.000    179.124     0.2864  28.889769     0.2991  28.907253     5.4303     5.3621     0.0454    95.0400 1.0000e-12  -66.85270  -68.60340 339.109335      51.43 8.8144e+00    968.530      23246  1028.4496  1028.4554    34.3719    34.3806    7.98570         36 0.0000e+00
    180.000    178.138     0.2366  28.838316     0.2363  28.836488     5.4883     5.5083     0.0516    95.0314 1.0000e-12  -66.85270  -68.60334 339.109508      51.36 8.8144e+00    983.443      23604  1028.4361  1028.4347    34.3605    34.3585    7.99667         17 0.0000e+00
    179.000    177.144     0.1927  28.788908     0.1893  28.784914     5.5493     5.5461     0.0509    95.0496 1.0000e-12  -66.85270  -68.60334 339.109525      52.21 8.8144e+00    984.945      23640  1028.4222  1028.4216    34.3451    34.3437    8.00666         14 0.0000e+00
    178.000    176.156     0.1915  28.787429     0.1793  28.777124     5.5142     5.5350     0.0509    95.0733 1.0000e-12  -66.85270  -68.60333 339.109532      53.61 8.8144e+00    985.598      23655  1028.4172  1028.4184    34.3451    34.3452    8.00692         17 0.0000e+00
    177.000    175.165     0.1745  28.769289     0.1593  28.753752     5.5673     5.5884     0.0597    95.0947 1.0000e-12  -66.85271  -68.60329 339.109684      54.59 8.8144e+00    998.745      23971  1028.4085  1028.4071    34.3408    34.3373    8.01070         26 0.0000e+00
    176.000    174.178     0.1484  28.743018     0.1388  28.732309     5.6173     5.6426     0.0604    95.0975 1.0000e-12  -66.85272  -68.60325 339.109792      55.25 8.8144e+00   1008.015      24193  1028.4008  1028.3989    34.3360    34.3326    8.01642         29 0.0000e+00
    175.000    173.186     0.1574  28.751679     0.1454  28.738299     5.6150     5.6686     0.0720    95.1228 1.0000e-12  -66.85272  -68.60325 339.109851      56.50 8.8144e+00   1013.160      24317  1028.3963  1028.3937    34.3380    34.3337    8.01443         34 0.0000e+00
