NBP2113_155081_ctd/data/unbp2113_003.cnv
* Sea-Bird SBE 9 Data File:
* FileName = D:\Data\raw\NBP2113_003.hex
* Software Version Seasave V 7.26.7.121
* Temperature SN = 2438
* Conductivity SN = 2067
* Number of Bytes Per Scan = 40
* Number of Voltage Words = 5
* Number of Scans Averaged by the Deck Unit = 1
* NMEA Latitude = 63 28.26 S
* NMEA Longitude = 061 47.09 W
* NMEA UTC (Time) = Nov 22 2021  19:16:03
* NMEA baud rate = 9600
** Ship: RVIB N.B. Palmer
** Cruise: NBP2113 LTER
** Station: 806.048
** Operator: S. Blackman
# nquan = 25
# nvalues = 552                         
# units = specified
# name 0 = prDM: Pressure, Digiquartz [db]
# name 1 = depSM: Depth [salt water, m]
# name 2 = t090C: Temperature [ITS-90, deg C]
# name 3 = c0mS/cm: Conductivity [mS/cm]
# name 4 = t190C: Temperature, 2 [ITS-90, deg C]
# name 5 = c1mS/cm: Conductivity, 2 [mS/cm]
# name 6 = sbeox0ML/L: Oxygen, SBE 43 [ml/l]
# name 7 = sbeox1ML/L: Oxygen, SBE 43, 2 [ml/l]
# name 8 = flECO-AFL: Fluorescence, WET Labs ECO-AFL/FL [mg/m^3]
# name 9 = CStarTr0: Beam Transmission, WET Labs C-Star [%]
# name 10 = par: PAR/Irradiance, Biospherical/Licor
# name 11 = latitude: Latitude [deg]
# name 12 = longitude: Longitude [deg]
# name 13 = timeJ: Julian Days
# name 14 = altM: Altimeter [m]
# name 15 = spar: SPAR, Biospherical/Licor
# name 16 = timeS: Time, Elapsed [seconds]
# name 17 = scan: Scan Count
# name 18 = density00: Density [density, kg/m^3]
# name 19 = density11: Density, 2 [density, kg/m^3]
# name 20 = sal00: Salinity, Practical [PSU]
# name 21 = sal11: Salinity, Practical, 2 [PSU]
# name 22 = oxsolML/L: Oxygen Saturation, Garcia & Gordon [ml/l]
# name 23 = nbin: number of scans per bin
# name 24 = flag: flag
# span 0 =      2.000,    553.000       
# span 1 =      1.982,    546.909       
# span 2 =    -0.6531,     0.2728       
# span 3 =  27.895601,  29.140464       
# span 4 =    -0.6580,     0.2795       
# span 5 =  27.894378,  29.136617       
# span 6 =     5.3113,     8.1453       
# span 7 =     5.3256,     8.0001       
# span 8 =    -0.0268,     1.4707       
# span 9 =    90.0447,    98.8843       
# span 10 = 1.0000e-12, 1.4689e+03      
# span 11 =  -63.47132,  -63.47118      
# span 12 =  -61.78588,  -61.78559      
# span 13 = 326.816798, 326.833172      
# span 14 =       8.54,      99.99      
# span 15 = 1.8134e+03, 1.8611e+03      
# span 16 =   1208.352,   2623.094      
# span 17 =      29001,      62955      
# span 18 =  1027.3099,  1030.3637      
# span 19 =  1027.3069,  1030.3622      
# span 20 =    33.9813,    34.5667      
# span 21 =    33.9775,    34.5649      
# span 22 =    7.97768,    8.18949      
# span 23 =          6,         51      
# span 24 = 0.0000e+00, 0.0000e+00      
# interval = decibars: 1                
# start_time = Nov 22 2021 19:16:03 [NMEA time, header]
# bad_flag = -9.990e-29
*END*
[from data line 174]
    379.000    374.982     0.2260  29.073592     0.2269  29.072928     5.3657     5.3606    -0.0104    98.5947 1.0000e-12  -63.47126  -61.78566 326.821558      99.98 1.8437e+03   1619.601      38871  1029.5366  1029.5354    34.5631    34.5612    7.98754         38 0.0000e+00
    378.000    373.993     0.2343  29.080791     0.2257  29.071482     5.3511     5.3472    -0.0186    98.5574 1.0000e-12  -63.47126  -61.78566 326.821577      99.98 1.8428e+03   1621.265      38911  1029.5320  1029.5310    34.5638    34.5613    7.98577         28 0.0000e+00
    377.000    373.005     0.2381  29.083357     0.2467  29.090160     5.3652     5.3491    -0.0021    98.5945 1.0000e-12  -63.47126  -61.78568 326.821591      99.98 1.8399e+03   1622.480      38941  1029.5270  1029.5258    34.5636    34.5629    7.98501         31 0.0000e+00
    376.000    372.017     0.2413  29.084577     0.2489  29.091081     5.3568     5.3451    -0.0024    98.5952 1.0000e-12  -63.47126  -61.78568 326.821608      99.98 1.8413e+03   1623.935      38975  1029.5212  1029.5206    34.5622    34.5622    7.98443         39 0.0000e+00
    375.000    371.028     0.2417  29.085661     0.2457  29.088087     5.3686     5.3594    -0.0081    98.5951 1.0000e-12  -63.47126  -61.78568 326.821626      99.98 1.8424e+03   1625.447      39012  1029.5179  1029.5166    34.5638    34.5625    7.98426         31 0.0000e+00
    374.000    370.040     0.2388  29.082422     0.2439  29.085550     5.3821     5.3712    -0.0268    98.5801 1.0000e-12  -63.47126  -61.78568 326.821639      99.98 1.8422e+03   1626.601      39039  1029.5132  1029.5116    34.5633    34.5618    7.98487         25 0.0000e+00
    373.000    369.051     0.2310  29.075114     0.2098  29.053237     5.3854     5.3727    -0.0127    98.5819 1.0000e-12  -63.47126  -61.78568 326.821652      99.98 1.8429e+03   1627.689      39066  1029.5091  1029.5072    34.5631    34.5581    7.98651         29 0.0000e+00
    372.000    368.063     0.2241  29.068168     0.2205  29.063927     5.3890     5.3653    -0.0117    98.5862 1.0000e-12  -63.47126  -61.78568 326.821667      99.98 1.8448e+03   1629.066      39099  1029.5044  1029.5036    34.5622    34.5608    7.98798         37 0.0000e+00
    371.000    367.074     0.2306  29.073157     0.2238  29.065538     5.3709     5.3700    -0.0104    98.5594 1.0000e-12  -63.47126  -61.78568 326.821689      99.98 1.8453e+03   1630.926      39143  1029.4990  1029.4978    34.5621    34.5598    7.98664         44 0.0000e+00
    370.000    366.086     0.2516  29.092700     0.2234  29.065869     5.3580     5.3503    -0.0063    98.5618 1.0000e-12  -63.47126  -61.78568 326.821712      99.98 1.8414e+03   1632.941      39192  1029.4946  1029.4943    34.5648    34.5612    7.98214         47 0.0000e+00
    369.000    365.098     0.2412  29.080932     0.2445  29.084854     5.4347     5.4177    -0.0109    98.5784 1.0000e-12  -63.47126  -61.78568 326.821732      99.98 1.8362e+03   1634.675      39233  1029.4886  1029.4892    34.5617    34.5631    7.98447         32 0.0000e+00
    368.000    364.109     0.2170  29.058215     0.1972  29.037260     5.4998     5.4415    -0.0104    98.5587 1.0000e-12  -63.47126  -61.78568 326.821746      99.98 1.8352e+03   1635.826      39261  1029.4843  1029.4817    34.5595    34.5541    7.98961         24 0.0000e+00
    367.000    363.121     0.1572  29.003070     0.1046  28.954411     5.4892     5.4302    -0.0105    98.5769 1.0000e-12  -63.47126  -61.78568 326.821756      99.97 1.8364e+03   1636.754      39283  1029.4812  1029.4818    34.5547    34.5496    8.00232         21 0.0000e+00
    366.000    362.131     0.1351  28.983813     0.1391  28.986688     5.4861     5.4208    -0.0115    98.5762 1.0000e-12  -63.47126  -61.78568 326.821767      99.98 1.8395e+03   1637.696      39306  1029.4782  1029.4769    34.5547    34.5540    8.00692         25 0.0000e+00
    365.000    361.143     0.1644  29.010190     0.1720  29.015127     5.4486     5.4426    -0.0064    98.5662 1.0000e-12  -63.47126  -61.78568 326.821783      99.98 1.8439e+03   1639.041      39338  1029.4725  1029.4699    34.5572    34.5551    8.00068         41 0.0000e+00
    364.000    360.155     0.1498  28.996601     0.1437  28.988986     5.5301     5.4445    -0.0063    98.5704 1.0000e-12  -63.47126  -61.78567 326.821812      99.98 1.8456e+03   1641.518      39397  1029.4680  1029.4657    34.5563    34.5530    8.00378         38 0.0000e+00
    363.000    359.166     0.0798  28.932674     0.1314  28.976035     5.6173     5.5714    -0.0062    98.5687 1.0000e-12  -63.47126  -61.78568 326.821836      99.98 1.8407e+03   1643.625      39448  1029.4652  1029.4598    34.5512    34.5504    8.01867         34 0.0000e+00
    362.000    358.178     0.0617  28.913222     0.0495  28.898997     5.7066     5.5979    -0.0132    98.5731 1.0000e-12  -63.47126  -61.78568 326.821850      99.98 1.8371e+03   1644.829      39477  1029.4578  1029.4550    34.5464    34.5413    8.02270         25 0.0000e+00
    361.000    357.189    -0.0366  28.821240    -0.0801  28.782071     5.7410     5.6098    -0.0151    98.5714 1.0000e-12  -63.47126  -61.78569 326.821862      99.98 1.8369e+03   1645.916      39503  1029.4532  1029.4548    34.5361    34.5331    8.04390         26 0.0000e+00
    360.000    356.199    -0.0651  28.797266    -0.0150  28.843098     5.7577     5.6454    -0.0043    98.5745 1.0000e-12  -63.47126  -61.78570 326.821877      99.98 1.8381e+03   1647.184      39533  1029.4508  1029.4497    34.5369    34.5412    8.04983         32 0.0000e+00
    359.000    355.212    -0.0950  28.768087    -0.0876  28.772381     5.7825     5.6718    -0.0107    98.5531 1.0000e-12  -63.47126  -61.78569 326.821893      99.98 1.8406e+03   1648.527      39566  1029.4445  1029.4418    34.5325    34.5299    8.05637         31 0.0000e+00
    358.000    354.222    -0.1201  28.746033    -0.1100  28.753984     5.7569     5.6811    -0.0179    98.4594 1.0000e-12  -63.47126  -61.78569 326.821907      99.98 1.8422e+03   1649.734      39595  1029.4408  1029.4394    34.5322    34.5314    8.06168         28 0.0000e+00
    357.000    353.235    -0.1205  28.745673    -0.1294  28.736009     5.7243     5.6741    -0.0158    98.5621 1.0000e-12  -63.47126  -61.78569 326.821921      99.98 1.8437e+03   1650.941      39624  1029.4359  1029.4345    34.5328    34.5299    8.06174         31 0.0000e+00
    356.000    352.245    -0.1084  28.759637    -0.1138  28.749916     5.7309     5.6769    -0.0226    98.5877 1.0000e-12  -63.47126  -61.78568 326.821941      99.98 1.8445e+03   1652.678      39665  1029.4337  1029.4287    34.5382    34.5314    8.05887         38 0.0000e+00
    355.000    351.258    -0.1221  28.744226    -0.1194  28.744467     5.7247     5.6845    -0.0142    98.5671 1.0000e-12  -63.47126  -61.78568 326.821973      99.98 1.8442e+03   1655.424      39731  1029.4256  1029.4233    34.5338    34.5311    8.06201         35 0.0000e+00
    354.000    350.268    -0.1363  28.731007    -0.1304  28.734396     5.7195     5.6834    -0.0150    98.5926 1.0000e-12  -63.47126  -61.78569 326.821986      99.98 1.8367e+03   1656.622      39760  1029.4210  1029.4189    34.5329    34.5308    8.06506         24 0.0000e+00
    353.000    349.281    -0.1166  28.748414    -0.1186  28.745441     5.7208     5.6836    -0.0211    98.5614 1.0000e-12  -63.47126  -61.78570 326.821997      99.98 1.8321e+03   1657.583      39783  1029.4155  1029.4145    34.5344    34.5328    8.06081         22 0.0000e+00
    352.000    348.291    -0.1217  28.743483    -0.1266  28.737594     5.7224     5.6878    -0.0181    98.5560 1.0000e-12  -63.47126  -61.78570 326.822011      99.98 1.8366e+03   1658.790      39812  1029.4108  1029.4094    34.5342    34.5319    8.06190         35 0.0000e+00
    351.000    347.304    -0.1311  28.734488    -0.1257  28.737974     5.7278     5.6957    -0.0141    98.5687 1.0000e-12  -63.47126  -61.78570 326.822030      99.98 1.8474e+03   1660.396      39851  1029.4061  1029.4044    34.5335    34.5320    8.06393         37 0.0000e+00
    350.000    346.313    -0.1334  28.731729    -0.1298  28.733806     5.7268     5.6946    -0.0062    98.5919 1.0000e-12  -63.47124  -61.78568 326.822045      99.98 1.8467e+03   1661.723      39882  1029.4010  1029.3996    34.5331    34.5317    8.06445         28 0.0000e+00
    349.000    345.326    -0.1330  28.731863    -0.1333  28.730289     5.7318     5.6875    -0.0067    98.5683 1.0000e-12  -63.47124  -61.78568 326.822059      99.98 1.8402e+03   1662.901      39911  1029.3962  1029.3949    34.5333    34.5316    8.06433         29 0.0000e+00
    348.000    344.336    -0.1311  28.733324    -0.1316  28.731639     5.7418     5.6979    -0.0092    98.5903 1.0000e-12  -63.47124  -61.78568 326.822080      99.98 1.8383e+03   1664.741      39955  1029.3914  1029.3902    34.5337    34.5321    8.06391         41 0.0000e+00
    347.000    343.348    -0.1379  28.726055    -0.1338  28.728778     5.7436     5.7030    -0.0142    98.5934 1.0000e-12  -63.47124  -61.78568 326.822103      99.98 1.8437e+03   1666.739      40003  1029.3860  1029.3849    34.5323    34.5313    8.06543         35 0.0000e+00
    346.000    342.360    -0.1443  28.720371    -0.1421  28.720747     5.7361     5.7065    -0.0115    98.6049 1.0000e-12  -63.47124  -61.78568 326.822118      99.98 1.8420e+03   1668.019      40033  1029.3819  1029.3802    34.5326    34.5306    8.06676         31 0.0000e+00
    345.000    341.370    -0.1417  28.722236    -0.1465  28.716557     5.7502     5.7114    -0.0026    98.5823 1.0000e-12  -63.47124  -61.78569 326.822135      99.98 1.8377e+03   1669.482      40069  1029.3769  1029.3757    34.5327    34.5306    8.06620         39 0.0000e+00
    344.000    340.383    -0.1489  28.715215    -0.1491  28.713521     5.7540     5.7128    -0.0148    98.5529 1.0000e-12  -63.47124  -61.78570 326.822153      99.98 1.8356e+03   1671.015      40105  1029.3722  1029.3706    34.5321    34.5301    8.06776         32 0.0000e+00
    343.000    339.394    -0.1530  28.710911    -0.1531  28.709141     5.7549     5.7137    -0.0144    98.5987 1.0000e-12  -63.47124  -61.78570 326.822166      99.98 1.8384e+03   1672.148      40133  1029.3674  1029.3656    34.5316    34.5295    8.06865         24 0.0000e+00
    342.000    338.406    -0.1525  28.710792    -0.1569  28.705610     5.7505     5.7144    -0.0112    98.5984 1.0000e-12  -63.47124  -61.78568 326.822177      99.98 1.8426e+03   1673.117      40156  1029.3624  1029.3613    34.5316    34.5296    8.06856         23 0.0000e+00
    341.000    337.416    -0.1550  28.708318    -0.1565  28.705476     5.7534     5.7198    -0.0131    98.6098 1.0000e-12  -63.47124  -61.78568 326.822191      99.98 1.8457e+03   1674.290      40184  1029.3579  1029.3564    34.5317    34.5296    8.06907         37 0.0000e+00
    340.000    336.427    -0.1559  28.706913    -0.1549  28.706547     5.7559     5.7219    -0.0195    98.5856 1.0000e-12  -63.47124  -61.78568 326.822222      99.98 1.8387e+03   1676.984      40249  1029.3530  1029.3515    34.5315    34.5298    8.06929         41 0.0000e+00
    339.000    335.439    -0.1566  28.705710    -0.1557  28.705400     5.7398     5.7156    -0.0205    98.5821 1.0000e-12  -63.47124  -61.78568 326.822244      99.98 1.8335e+03   1678.882      40294  1029.3480  1029.3467    34.5312    34.5298    8.06944         27 0.0000e+00
    338.000    334.451    -0.1562  28.705750    -0.1554  28.705212     5.7435     5.7076    -0.0146    98.5760 1.0000e-12  -63.47124  -61.78569 326.822256      99.98 1.8345e+03   1679.948      40320  1029.3433  1029.3420    34.5315    34.5298    8.06935         24 0.0000e+00
    337.000    333.461    -0.1507  28.710098    -0.1475  28.711608     5.7425     5.7034    -0.0150    98.5864 1.0000e-12  -63.47124  -61.78570 326.822268      99.98 1.8376e+03   1680.944      40344  1029.3383  1029.3367    34.5316    34.5300    8.06818         25 0.0000e+00
    336.000    332.473    -0.1465  28.713360    -0.1363  28.721369     5.7381     5.7028    -0.0185    98.5869 1.0000e-12  -63.47124  -61.78570 326.822281      99.98 1.8423e+03   1682.053      40370  1029.3332  1029.3317    34.5318    34.5309    8.06727         27 0.0000e+00
    335.000    331.484    -0.1440  28.715291    -0.1384  28.718784     5.7215     5.7104    -0.0117    98.5752 1.0000e-12  -63.47124  -61.78568 326.822295      99.98 1.8458e+03   1683.331      40401  1029.3286  1029.3269    34.5321    34.5305    8.06672         31 0.0000e+00
    334.000    330.495    -0.1312  28.726210    -0.1383  28.718028     5.7367     5.7065    -0.0135    98.5988 1.0000e-12  -63.47124  -61.78568 326.822311      99.98 1.8454e+03   1684.684      40433  1029.3233  1029.3217    34.5328    34.5300    8.06399         35 0.0000e+00
    333.000    329.508    -0.1298  28.727706    -0.1416  28.715327     5.7101     5.6976    -0.0187    98.5919 1.0000e-12  -63.47124  -61.78568 326.822330      99.98 1.8387e+03   1686.343      40473  1029.3194  1029.3178    34.5338    34.5307    8.06363         37 0.0000e+00
    332.000    328.518    -0.0979  28.755825    -0.1285  28.726351     5.6938     5.6875    -0.0051    98.5701 1.0000e-12  -63.47124  -61.78568 326.822356      99.98 1.8372e+03   1688.529      40526  1029.3137  1029.3124    34.5358    34.5312    8.05681         41 0.0000e+00
    331.000    327.529    -0.1120  28.741436    -0.1245  28.730671     5.7081     5.6734    -0.0087    98.5940 1.0000e-12  -63.47124  -61.78569 326.822376      99.98 1.8419e+03   1690.254      40567  1029.3083  1029.3089    34.5332    34.5331    8.05992         33 0.0000e+00
    330.000    326.540    -0.1162  28.739169    -0.0981  28.753431     5.6870     5.6504    -0.0200    98.5622 1.0000e-12  -63.47124  -61.78568 326.822389      99.98 1.8415e+03   1691.450      40596  1029.3058  1029.3027    34.5356    34.5340    8.06068         26 0.0000e+00
    329.000    325.552    -0.0929  28.758968    -0.0832  28.766744     5.6745     5.6375    -0.0141    98.5972 1.0000e-12  -63.47124  -61.78568 326.822402      99.98 1.8396e+03   1692.511      40621  1029.2996  1029.2981    34.5361    34.5355    8.05573         25 0.0000e+00
    328.000    324.563    -0.0826  28.768118    -0.0667  28.781240     5.6763     5.6466    -0.0072    98.5540 1.0000e-12  -63.47124  -61.78568 326.822414      99.98 1.8387e+03   1693.599      40647  1029.2949  1029.2931    34.5373    34.5368    8.05350         26 0.0000e+00
    327.000    323.575    -0.0771  28.771935    -0.0745  28.773825     5.6746     5.6479    -0.0126    98.3110 1.0000e-12  -63.47124  -61.78568 326.822429      99.98 1.8387e+03   1694.835      40677  1029.2895  1029.2889    34.5367    34.5363    8.05237         31 0.0000e+00
    326.000    322.585    -0.0773  28.772219    -0.0867  28.762082     5.6639     5.6482    -0.0152    98.5786 1.0000e-12  -63.47124  -61.78568 326.822448      99.98 1.8387e+03   1696.495      40717  1029.2859  1029.2844    34.5379    34.5350    8.05234         44 0.0000e+00
    325.000    321.597    -0.0663  28.780843    -0.0767  28.771028     5.6606     5.6379    -0.0112    98.5926 1.0000e-12  -63.47124  -61.78568 326.822469      99.98 1.8387e+03   1698.333      40761  1029.2801  1029.2799    34.5376    34.5363    8.05005         37 0.0000e+00
    324.000    320.608    -0.0645  28.782374    -0.0656  28.780261     5.6707     5.6287    -0.0125    98.5108 1.0000e-12  -63.47124  -61.78568 326.822486      99.98 1.8389e+03   1699.823      40797  1029.2759  1029.2746    34.5382    34.5366    8.04964         35 0.0000e+00
    323.000    319.618    -0.0643  28.782024    -0.0527  28.791262     5.6483     5.6200    -0.0120    98.5869 1.0000e-12  -63.47124  -61.78568 326.822504      99.98 1.8422e+03   1701.349      40833  1029.2712  1029.2694    34.5380    34.5372    8.04960         32 0.0000e+00
