NBP2113_155081_ctd/data/unbp2113_055.cnv
* Sea-Bird SBE 9 Data File:
* FileName = D:\Data\raw\NBP2113_055.hex
* Software Version Seasave V 7.26.7.121
* Temperature SN = 2438
* Conductivity SN = 2067
* Number of Bytes Per Scan = 40
* Number of Voltage Words = 5
* Number of Scans Averaged by the Deck Unit = 1
* NMEA Latitude = 64 51.63 S
* NMEA Longitude = 064 56.94 W
* NMEA UTC (Time) = Dec 11 2021  21:26:08
* NMEA baud rate = 9600
** Ship: RVIB N.B. Palmer
** Cruise: NBP2113 LTER
** Station: 589.065
** Operator: S. Blackman
# nquan = 25
# nvalues = 446                         
# units = specified
# name 0 = prDM: Pressure, Digiquartz [db]
# name 1 = depSM: Depth [salt water, m]
# name 2 = t090C: Temperature [ITS-90, deg C]
# name 3 = c0mS/cm: Conductivity [mS/cm]
# name 4 = t190C: Temperature, 2 [ITS-90, deg C]
# name 5 = c1mS/cm: Conductivity, 2 [mS/cm]
# name 6 = sbeox0ML/L: Oxygen, SBE 43 [ml/l]
# name 7 = sbeox1ML/L: Oxygen, SBE 43, 2 [ml/l]
# name 8 = flECO-AFL: Fluorescence, WET Labs ECO-AFL/FL [mg/m^3]
# name 9 = CStarTr0: Beam Transmission, WET Labs C-Star [%]
# name 10 = par: PAR/Irradiance, Biospherical/Licor
# name 11 = latitude: Latitude [deg]
# name 12 = longitude: Longitude [deg]
# name 13 = timeJ: Julian Days
# name 14 = altM: Altimeter [m]
# name 15 = spar: SPAR, Biospherical/Licor
# name 16 = timeS: Time, Elapsed [seconds]
# name 17 = scan: Scan Count
# name 18 = density00: Density [density, kg/m^3]
# name 19 = density11: Density, 2 [density, kg/m^3]
# name 20 = sal00: Salinity, Practical [PSU]
# name 21 = sal11: Salinity, Practical, 2 [PSU]
# name 22 = oxsolML/L: Oxygen Saturation, Garcia & Gordon [ml/l]
# name 23 = nbin: number of scans per bin
# name 24 = flag: flag
# span 0 =      1.000,    446.000       
# span 1 =      0.989,    441.157       
# span 2 =    -0.4685,     1.4637       
# span 3 =  27.622124,  30.262163       
# span 4 =    -0.4839,     1.4633       
# span 5 =  27.600707,  30.260627       
# span 6 =     4.0841,     8.6639       
# span 7 =     4.1404,     8.1495       
# span 8 =    -0.0224,     1.7397       
# span 9 =    83.1390,    91.8169       
# span 10 = 1.0000e-12, 3.1133e+02      
# span 11 =  -64.86068,  -64.86062      
# span 12 =  -64.94868,  -64.94824      
# span 13 = 345.904437, 345.913174      
# span 14 =       1.14,      99.97      
# span 15 = 1.7629e+02, 2.6624e+02      
# span 16 =    975.389,   1730.210      
# span 17 =      23410,      41526      
# span 18 =  1027.0449,  1029.8564      
# span 19 =  1027.0376,  1029.8553      
# span 20 =    33.6369,    34.6842      
# span 21 =    33.6253,    34.6826      
# span 22 =    7.73118,    8.18717      
# span 23 =         13,         50      
# span 24 = 0.0000e+00, 0.0000e+00      
# interval = decibars: 1                
# start_time = Dec 11 2021 21:26:08 [NMEA time, header]
# bad_flag = -9.990e-29
*END*
    446.000    441.157     1.4637  30.262163     1.4632  30.260627     4.0865     4.1503    -0.0006    91.3297 1.0000e-12  -64.86062  -64.94860 345.904437       9.24 1.9920e+02    975.389      23410  1029.8564  1029.8553    34.6840    34.6826    7.73119         32 0.0000e+00
    445.000    440.169     1.4637  30.261735     1.4633  30.260307     4.0893     4.1473    -0.0097    91.2998 1.0000e-12  -64.86062  -64.94862 345.904453      10.30 1.9921e+02    976.734      23443  1029.8517  1029.8506    34.6840    34.6826    7.73118         37 0.0000e+00
    444.000    439.180     1.4636  30.261232     1.4633  30.259825     4.0845     4.1480    -0.0079    91.2900 1.0000e-12  -64.86062  -64.94864 345.904987      11.05 1.8597e+02   1022.896      24551  1029.8471  1029.8459    34.6841    34.6826    7.73120         28 0.0000e+00
    443.000    438.192     1.4634  30.260673     1.4631  30.259181     4.0864     4.1433    -0.0143    91.2900 1.0000e-12  -64.86062  -64.94864 345.904981      11.93 1.8526e+02   1022.372      24538  1029.8425  1029.8413    34.6841    34.6826    7.73123         23 0.0000e+00
    442.000    437.204     1.4632  30.260019     1.4630  30.258662     4.0853     4.1456    -0.0128    91.2829 1.0000e-12  -64.86062  -64.94864 345.904994      12.97 1.8511e+02   1023.455      24564  1029.8378  1029.8366    34.6841    34.6826    7.73127         29 0.0000e+00
    441.000    436.217     1.4633  30.259597     1.4630  30.258133     4.0860     4.1464    -0.0057    91.3041 1.0000e-12  -64.86062  -64.94864 345.905025      14.20 1.8441e+02   1026.185      24629  1029.8331  1029.8318    34.6840    34.6825    7.73126         37 0.0000e+00
    440.000    435.228     1.4632  30.259117     1.4630  30.257648     4.0892     4.1438    -0.0060    91.3147 1.0000e-12  -64.86062  -64.94864 345.905052      15.00 1.8331e+02   1028.486      24685  1029.8284  1029.8271    34.6841    34.6825    7.73127         29 0.0000e+00
    439.000    434.240     1.4631  30.258619     1.4628  30.257186     4.0905     4.1429    -0.0116    91.3111 1.0000e-12  -64.86062  -64.94864 345.905064      15.89 1.8334e+02   1029.523      24710  1029.8237  1029.8226    34.6841    34.6826    7.73128         23 0.0000e+00
    438.000    433.253     1.4630  30.258118     1.4627  30.256603     4.0855     4.1439    -0.0100    91.3310 1.0000e-12  -64.86062  -64.94866 345.905075      16.96 1.8334e+02   1030.444      24732  1029.8191  1029.8179    34.6841    34.6826    7.73130         22 0.0000e+00
    437.000    432.263     1.4631  30.257621     1.4628  30.256196     4.0848     4.1451    -0.0081    91.2950 1.0000e-12  -64.86062  -64.94866 345.905085      17.87 1.8334e+02   1031.343      24753  1029.8144  1029.8132    34.6840    34.6826    7.73130         22 0.0000e+00
    436.000    431.275     1.4629  30.257142     1.4626  30.255667     4.0878     4.1441    -0.0112    91.3100 1.0000e-12  -64.86062  -64.94864 345.905097      18.95 1.8334e+02   1032.360      24778  1029.8098  1029.8086    34.6842    34.6826    7.73132         28 0.0000e+00
    435.000    430.290     1.4630  30.256616     1.4626  30.255185     4.0946     4.1451    -0.0097    91.3136 1.0000e-12  -64.86062  -64.94864 345.905119      20.23 1.8334e+02   1034.273      24824  1029.8050  1029.8038    34.6840    34.6826    7.73132         36 0.0000e+00
    434.000    429.299     1.4629  30.256117     1.4626  30.254681     4.0864     4.1483    -0.0090    91.2921 1.0000e-12  -64.86062  -64.94865 345.905150      21.16 1.8324e+02   1036.960      24888  1029.8004  1029.7991    34.6841    34.6826    7.73134         32 0.0000e+00
    433.000    428.311     1.4629  30.255640     1.4625  30.254161     4.0914     4.1477    -0.0105    91.3143 1.0000e-12  -64.86062  -64.94866 345.905162      21.96 1.8258e+02   1037.960      24912  1029.7956  1029.7945    34.6841    34.6826    7.73134         21 0.0000e+00
    432.000    427.324     1.4627  30.254990     1.4624  30.253542     4.0943     4.1496     0.0033    91.3164 1.0000e-12  -64.86062  -64.94866 345.905171      22.72 1.8221e+02   1038.740      24931  1029.7909  1029.7897    34.6840    34.6824    7.73138         17 0.0000e+00
    431.000    426.335     1.4626  30.254544     1.4623  30.253073     4.0878     4.1455    -0.0047    91.3194 1.0000e-12  -64.86062  -64.94866 345.905179      23.78 1.8220e+02   1039.459      24948  1029.7864  1029.7851    34.6841    34.6825    7.73139         17 0.0000e+00
    430.000    425.345     1.4625  30.254132     1.4623  30.252620     4.0841     4.1429    -0.0057    91.3053 1.0000e-12  -64.86062  -64.94866 345.905187      24.72 1.8159e+02   1040.178      24965  1029.7817  1029.7805    34.6842    34.6826    7.73140         18 0.0000e+00
    429.000    424.359     1.4626  30.253658     1.4622  30.252166     4.0911     4.1404    -0.0064    91.3062 1.0000e-12  -64.86062  -64.94866 345.905197      25.91 1.8158e+02   1041.013      24985  1029.7770  1029.7758    34.6842    34.6826    7.73140         22 0.0000e+00
    428.000    423.370     1.4624  30.253023     1.4622  30.251675     4.0937     4.1408    -0.0067    91.3047 1.0000e-12  -64.86062  -64.94865 345.905209      27.07 1.8169e+02   1042.086      25011  1029.7723  1029.7712    34.6840    34.6826    7.73142         31 0.0000e+00
    427.000    422.383     1.4625  30.252609     1.4621  30.251195     4.0926     4.1424    -0.0097    91.2408 1.0000e-12  -64.86062  -64.94864 345.905226      28.16 1.8297e+02   1043.530      25046  1029.7675  1029.7665    34.6840    34.6826    7.73141         35 0.0000e+00
    426.000    421.394     1.4624  30.252057     1.4621  30.250598     4.0979     4.1452    -0.0077    91.2797 1.0000e-12  -64.86062  -64.94864 345.905244      29.14 1.8175e+02   1045.122      25084  1029.7629  1029.7617    34.6840    34.6825    7.73143         37 0.0000e+00
    425.000    420.406     1.4622  30.251491     1.4620  30.250111     4.0937     4.1488    -0.0085    91.3204 1.0000e-12  -64.86062  -64.94864 345.905265      30.15 1.8158e+02   1046.878      25126  1029.7582  1029.7571    34.6840    34.6826    7.73146         36 0.0000e+00
    424.000    419.418     1.4617  30.250494     1.4617  30.249348     4.0902     4.1457    -0.0057    91.3036 1.0000e-12  -64.86062  -64.94866 345.905285      31.09 1.8158e+02   1048.615      25168  1029.7535  1029.7524    34.6839    34.6825    7.73157         33 0.0000e+00
    423.000    418.429     1.4616  30.250010     1.4613  30.248403     4.0907     4.1427    -0.0038    91.3359 1.0000e-12  -64.86062  -64.94867 345.905298      32.02 1.8158e+02   1049.735      25195  1029.7489  1029.7476    34.6840    34.6823    7.73159         21 0.0000e+00
    422.000    417.444     1.4612  30.249129     1.4610  30.247737     4.0885     4.1448    -0.0064    91.3676 1.0000e-12  -64.86062  -64.94868 345.905307      32.85 1.8158e+02   1050.514      25213  1029.7441  1029.7430    34.6838    34.6824    7.73167         16 0.0000e+00
    421.000    416.452     1.4613  30.248668     1.4609  30.247136     4.0919     4.1464    -0.0052    91.4050 1.0000e-12  -64.86062  -64.94868 345.905314      33.71 1.8158e+02   1051.146      25228  1029.7393  1029.7382    34.6837    34.6822    7.73166         15 0.0000e+00
    420.000    415.465     1.4611  30.247997     1.4606  30.246446     4.0904     4.1456    -0.0046    91.4287 1.0000e-12  -64.86062  -64.94867 345.905321      34.62 1.8158e+02   1051.740      25243  1029.7347  1029.7336    34.6838    34.6823    7.73171         14 0.0000e+00
    419.000    414.478     1.4607  30.247083     1.4604  30.245652     4.0918     4.1446    -0.0104    91.4210 1.0000e-12  -64.86062  -64.94866 345.905328      35.72 1.8158e+02   1052.349      25257  1029.7299  1029.7288    34.6836    34.6821    7.73179         16 0.0000e+00
    418.000    413.487     1.4603  30.246209     1.4599  30.244685     4.0878     4.1439    -0.0137    91.4209 1.0000e-12  -64.86062  -64.94864 345.905336      36.93 1.8158e+02   1053.041      25274  1029.7252  1029.7240    34.6834    34.6820    7.73187         18 0.0000e+00
    417.000    412.501     1.4608  30.246171     1.4603  30.244592     4.0927     4.1459    -0.0006    91.4383 1.0000e-12  -64.86062  -64.94864 345.905358      38.17 1.8118e+02   1054.904      25319  1029.7205  1029.7193    34.6834    34.6819    7.73178         30 0.0000e+00
    416.000    411.513     1.4609  30.246051     1.4605  30.244567     4.0845     4.1511    -0.0081    91.4106 1.0000e-12  -64.86062  -64.94864 345.905405      39.21 1.7974e+02   1058.954      25416  1029.7160  1029.7148    34.6837    34.6823    7.73174         20 0.0000e+00
    415.000    410.524     1.4606  30.245289     1.4602  30.243826     4.0912     4.1495    -0.0044    91.4112 1.0000e-12  -64.86062  -64.94864 345.905411      39.99 1.7981e+02   1059.556      25430  1029.7113  1029.7101    34.6837    34.6822    7.73180         16 0.0000e+00
    414.000    409.535     1.4601  30.244219     1.4599  30.242832     4.0980     4.1514    -0.0009    91.4262 1.0000e-12  -64.86062  -64.94866 345.905419      40.75 1.7981e+02   1060.172      25445  1029.7065  1029.7053    34.6834    34.6819    7.73191         15 0.0000e+00
    413.000    408.548     1.4595  30.243107     1.4592  30.241698     4.0988     4.1539     0.0026    91.4461 1.0000e-12  -64.86062  -64.94866 345.905425      41.83 1.7981e+02   1060.754      25459  1029.7017  1029.7005    34.6833    34.6818    7.73205         14 0.0000e+00
    412.000    407.559     1.4586  30.241788     1.4583  30.240217     4.0991     4.1532    -0.0112    91.4631 1.0000e-12  -64.86062  -64.94866 345.905432      42.88 1.7981e+02   1061.349      25473  1029.6970  1029.6957    34.6831    34.6814    7.73222         14 0.0000e+00
    411.000    406.570     1.4584  30.240976     1.4581  30.239549     4.1009     4.1500    -0.0137    91.4801 1.0000e-12  -64.86062  -64.94866 345.905440      43.93 1.7981e+02   1062.003      25489  1029.6922  1029.6909    34.6830    34.6814    7.73228         17 0.0000e+00
    410.000    405.582     1.4584  30.240412     1.4580  30.238897     4.0964     4.1514    -0.0072    91.5053 1.0000e-12  -64.86062  -64.94866 345.905449      44.97 1.7951e+02   1062.812      25508  1029.6874  1029.6862    34.6828    34.6813    7.73229         23 0.0000e+00
    409.000    404.594     1.4590  30.240594     1.4584  30.238956     4.0921     4.1513    -0.0040    91.5128 1.0000e-12  -64.86062  -64.94865 345.905463      46.26 1.7829e+02   1064.025      25538  1029.6827  1029.6816    34.6829    34.6815    7.73217         33 0.0000e+00
    408.000    403.607     1.4586  30.239838     1.4583  30.238367     4.0934     4.1523    -0.0119    91.4951 1.0000e-12  -64.86062  -64.94862 345.905494      47.54 1.7805e+02   1066.666      25601  1029.6781  1029.6769    34.6830    34.6814    7.73224         37 0.0000e+00
    407.000    402.618     1.4587  30.239500     1.4586  30.238253     4.0943     4.1536    -0.0145    91.4961 1.0000e-12  -64.86062  -64.94864 345.905513      48.27 1.7805e+02   1068.315      25641  1029.6735  1029.6723    34.6830    34.6816    7.73222         24 0.0000e+00
    406.000    401.631     1.4574  30.237803     1.4569  30.236146     4.0977     4.1533    -0.0052    91.4794 1.0000e-12  -64.86062  -64.94864 345.905523      49.05 1.7805e+02   1069.153      25661  1029.6687  1029.6676    34.6828    34.6813    7.73247         18 0.0000e+00
    405.000    400.641     1.4563  30.236037     1.4561  30.234565     4.0937     4.1492    -0.0056    91.5166 1.0000e-12  -64.86062  -64.94864 345.905531      50.21 1.7805e+02   1069.881      25678  1029.6638  1029.6626    34.6823    34.6808    7.73271         17 0.0000e+00
    404.000    399.652     1.4556  30.234813     1.4552  30.233272     4.0948     4.1502    -0.0066    91.5418 1.0000e-12  -64.86063  -64.94864 345.905540      51.16 1.7630e+02   1070.640      25696  1029.6591  1029.6579    34.6822    34.6806    7.73287         20 0.0000e+00
    403.000    398.664     1.4556  30.234241     1.4554  30.232948     4.0995     4.1520    -0.0000    91.5881 1.0000e-12  -64.86064  -64.94864 345.905552      52.48 1.7629e+02   1071.657      25721  1029.6542  1029.6531    34.6820    34.6806    7.73287         31 0.0000e+00
    402.000    397.677     1.4561  30.234220     1.4561  30.233310     4.1030     4.1547    -0.0098    91.5697 1.0000e-12  -64.86062  -64.94864 345.905575      53.56 1.7629e+02   1073.683      25769  1029.6495  1029.6485    34.6820    34.6808    7.73278         30 0.0000e+00
    401.000    396.690     1.4564  30.234293     1.4561  30.233013     4.1014     4.1566    -0.0096    91.5755 1.0000e-12  -64.86062  -64.94864 345.905594      54.50 1.7629e+02   1075.349      25809  1029.6450  1029.6439    34.6823    34.6810    7.73269         27 0.0000e+00
    400.000    395.699     1.4548  30.231940     1.4546  30.230834     4.1040     4.1623    -0.0115    91.5862 1.0000e-12  -64.86062  -64.94864 345.905605      55.34 1.7629e+02   1076.290      25832  1029.6400  1029.6391    34.6817    34.6805    7.73305         19 0.0000e+00
    399.000    394.712     1.4513  30.227803     1.4511  30.226691     4.1032     4.1628    -0.0056    91.6085 1.0000e-12  -64.86062  -64.94864 345.905614      56.16 1.7629e+02   1077.033      25850  1029.6350  1029.6340    34.6809    34.6797    7.73378         17 0.0000e+00
    398.000    393.722     1.4500  30.225557     1.4495  30.223915     4.1071     4.1576    -0.0059    91.6282 1.0000e-12  -64.86062  -64.94864 345.905622      57.31 1.7629e+02   1077.718      25866  1029.6298  1029.6287    34.6800    34.6785    7.73408         16 0.0000e+00
    397.000    392.735     1.4493  30.224350     1.4491  30.222987     4.1089     4.1594    -0.0061    91.6626 1.0000e-12  -64.86062  -64.94864 345.905630      58.51 1.7629e+02   1078.436      25883  1029.6250  1029.6238    34.6799    34.6784    7.73423         18 0.0000e+00
    396.000    391.747     1.4496  30.224226     1.4490  30.222445     4.1154     4.1641    -0.0073    91.6749 1.0000e-12  -64.86062  -64.94864 345.905640      59.51 1.7629e+02   1079.329      25905  1029.6203  1029.6191    34.6799    34.6783    7.73417         27 0.0000e+00
    395.000    390.756     1.4501  30.224286     1.4501  30.223361     4.1101     4.1612    -0.0077    91.6673 1.0000e-12  -64.86063  -64.94864 345.905662      60.75 1.7629e+02   1081.172      25949  1029.6157  1029.6147    34.6800    34.6789    7.73406         35 0.0000e+00
    394.000    389.769     1.4493  30.223114     1.4496  30.222311     4.1061     4.1574    -0.0066    91.6524 1.0000e-12  -64.86064  -64.94864 345.905688      61.89 1.7629e+02   1083.435      26003  1029.6109  1029.6098    34.6800    34.6786    7.73422         32 0.0000e+00
    393.000    388.782     1.4494  30.222911     1.4493  30.221659     4.1109     4.1607    -0.0046    91.6153 1.0000e-12  -64.86062  -64.94864 345.905701      63.00 1.7659e+02   1084.591      26031  1029.6064  1029.6052    34.6801    34.6787    7.73419         24 0.0000e+00
    392.000    387.794     1.4483  30.220966     1.4481  30.219933     4.1122     4.1628    -0.0134    91.6633 1.0000e-12  -64.86062  -64.94864 345.905712      64.04 1.7791e+02   1085.517      26053  1029.6014  1029.6004    34.6795    34.6784    7.73445         21 0.0000e+00
    391.000    386.804     1.4474  30.219591     1.4470  30.218081     4.1122     4.1676    -0.0094    91.6907 1.0000e-12  -64.86062  -64.94864 345.905722      64.56 1.7805e+02   1086.376      26074  1029.5966  1029.5954    34.6793    34.6778    7.73463         21 0.0000e+00
    390.000    385.818     1.4471  30.218869     1.4469  30.217322     4.1091     4.1681    -0.0066    91.6978 1.0000e-12  -64.86062  -64.94864 345.905732      65.78 1.7794e+02   1087.233      26095  1029.5919  1029.5905    34.6794    34.6776    7.73469         20 0.0000e+00
