NBP2113_155081_ctd/data/unbp2113_040.cnv
* Sea-Bird SBE 9 Data File:
* FileName = D:\Data\raw\NBP2113_040.hex
* Software Version Seasave V 7.26.7.121
* Temperature SN = 2438
* Conductivity SN = 2067
* Number of Bytes Per Scan = 40
* Number of Voltage Words = 5
* Number of Scans Averaged by the Deck Unit = 1
* NMEA Latitude = 64 51.74 S
* NMEA Longitude = 063 55.31 W
* NMEA UTC (Time) = Dec 10 2021  12:43:38
* NMEA baud rate = 9600
** Ship: RVIB N.B. Palmer
** Cruise: NBP2113 LTER
** Station: 621.028
** Operator: B. Urmston
# nquan = 25
# nvalues = 377                         
# units = specified
# name 0 = prDM: Pressure, Digiquartz [db]
# name 1 = depSM: Depth [salt water, m]
# name 2 = t090C: Temperature [ITS-90, deg C]
# name 3 = c0mS/cm: Conductivity [mS/cm]
# name 4 = t190C: Temperature, 2 [ITS-90, deg C]
# name 5 = c1mS/cm: Conductivity, 2 [mS/cm]
# name 6 = sbeox0ML/L: Oxygen, SBE 43 [ml/l]
# name 7 = sbeox1ML/L: Oxygen, SBE 43, 2 [ml/l]
# name 8 = flECO-AFL: Fluorescence, WET Labs ECO-AFL/FL [mg/m^3]
# name 9 = CStarTr0: Beam Transmission, WET Labs C-Star [%]
# name 10 = par: PAR/Irradiance, Biospherical/Licor
# name 11 = latitude: Latitude [deg]
# name 12 = longitude: Longitude [deg]
# name 13 = timeJ: Julian Days
# name 14 = altM: Altimeter [m]
# name 15 = spar: SPAR, Biospherical/Licor
# name 16 = timeS: Time, Elapsed [seconds]
# name 17 = scan: Scan Count
# name 18 = density00: Density [density, kg/m^3]
# name 19 = density11: Density, 2 [density, kg/m^3]
# name 20 = sal00: Salinity, Practical [PSU]
# name 21 = sal11: Salinity, Practical, 2 [PSU]
# name 22 = oxsolML/L: Oxygen Saturation, Garcia & Gordon [ml/l]
# name 23 = nbin: number of scans per bin
# name 24 = flag: flag
# span 0 =      1.000,    377.000       
# span 1 =      0.988,    372.969       
# span 2 =    -0.3617,     1.2709       
# span 3 =  27.899808,  30.020904       
# span 4 =    -0.3609,     1.2707       
# span 5 =  27.897651,  30.019758       
# span 6 =     4.3210,     9.2503       
# span 7 =     4.3863,     9.9552       
# span 8 =    -0.0151,     1.8783       
# span 9 =    88.4251,    94.7529       
# span 10 = 1.0000e-12, 5.1464e+02      
# span 11 =  -64.86224,  -64.86194      
# span 12 =  -63.92210,  -63.92190      
# span 13 = 344.542113, 344.552546      
# span 14 =       0.69,     103.60      
# span 15 = 2.8206e+02, 4.0197e+02      
# span 16 =   1020.525,   1921.942      
# span 17 =      24494,      46128      
# span 18 =  1027.1548,  1029.5069      
# span 19 =  1027.1534,  1029.5059      
# span 20 =    33.7969,    34.6324      
# span 21 =    33.7945,    34.6310      
# span 22 =    7.77195,    8.14608      
# span 23 =         15,         49      
# span 24 = 0.0000e+00, 0.0000e+00      
# interval = decibars: 1                
# start_time = Dec 10 2021 12:43:38 [NMEA time, header]
# bad_flag = -9.990e-29
*END*
[from data line 348]
     29.000     28.714    -0.3447  27.962544    -0.3405  27.963201     7.6370     7.6762     1.0512    91.5584 7.5660e+00  -64.86196  -63.92206 344.550788      99.97 3.3606e+02   1770.090      42483  1027.4051  1027.4016    33.9393    33.9355    8.14315         44 0.0000e+00
     28.000     27.723    -0.3173  27.976449    -0.3341  27.967662     7.6649     7.7079     1.0678    91.3040 8.2250e+00  -64.86196  -63.92206 344.550816      99.97 3.3814e+02   1772.489      42541  1027.3894  1027.3962    33.9280    33.9349    8.13795         36 0.0000e+00
     27.000     26.731    -0.3129  27.978717    -0.3096  27.979258     7.6528     7.7210     1.1733    91.1658 8.9717e+00  -64.86194  -63.92206 344.550846      99.97 3.4027e+02   1775.060      42602  1027.3834  1027.3806    33.9267    33.9237    8.13708         31 0.0000e+00
     26.000     25.747    -0.3114  27.979262    -0.3177  27.974419     7.6978     7.7225     1.3279    91.1313 1.0299e+01  -64.86194  -63.92206 344.550900      99.97 3.4399e+02   1779.728      42714  1027.3785  1027.3793    33.9264    33.9269    8.13678         19 0.0000e+00
     25.000     24.751    -0.2762  27.998681    -0.2894  27.989131     7.7430     7.8049     1.2978    90.7852 1.1637e+01  -64.86194  -63.92208 344.551059      99.97 3.5308e+02   1793.489      43045  1027.3615  1027.3640    33.9137    33.9156    8.12998         19 0.0000e+00
     24.000     23.764    -0.2603  28.003576    -0.2591  28.002739     7.7810     7.8703     1.2608    90.3027 1.4024e+01  -64.86194  -63.92210 344.551414      99.97 3.7182e+02   1824.186      43781  1027.3482  1027.3462    33.9031    33.9006    8.12719         41 0.0000e+00
     23.000     22.773    -0.2597  28.001459    -0.2606  27.999603     7.7793     7.8761     1.4619    90.0934 1.5188e+01  -64.86194  -63.92210 344.551433      99.97 3.7349e+02   1825.778      43820  1027.3410  1027.3399    33.9002    33.8986    8.12722         34 0.0000e+00
     22.000     21.782    -0.2572  27.998796    -0.2576  27.998138     7.8494     7.9039     1.6546    89.6548 1.7010e+01  -64.86194  -63.92207 344.551467      99.97 3.7420e+02   1828.729      43890  1027.3314  1027.3312    33.8944    33.8941    8.12701         17 0.0000e+00
     21.000     20.793    -0.2511  27.985338    -0.2528  27.991062     7.9344     7.9653     1.5260    89.3518 1.9828e+01  -64.86194  -63.92206 344.551513      99.97 3.7628e+02   1832.756      43987  1027.3068  1027.3146    33.8703    33.8799    8.12710         44 0.0000e+00
     20.000     19.802    -0.2538  27.971898    -0.2555  27.964862     7.9641     8.0153     1.5405    89.4311 2.1646e+01  -64.86194  -63.92208 344.551537      99.97 3.7728e+02   1834.834      44037  1027.2904  1027.2848    33.8560    33.8484    8.12849         36 0.0000e+00
     19.000     18.812    -0.2606  27.952300    -0.2610  27.948220     7.9555     8.0157     1.6107    89.5535 2.3466e+01  -64.86194  -63.92208 344.551566      99.97 3.7879e+02   1837.293      44096  1027.2719  1027.2676    33.8380    33.8329    8.13097         35 0.0000e+00
     18.000     17.821    -0.2651  27.943577    -0.2648  27.941950     7.9756     8.0115     1.7260    89.1975 2.6775e+01  -64.86194  -63.92207 344.551596      99.96 3.7934e+02   1839.914      44159  1027.2625  1027.2603    33.8320    33.8294    8.13228         34 0.0000e+00
     17.000     16.833    -0.2694  27.933640    -0.2649  27.941485     7.9824     8.0339     1.8783    89.0016 3.0116e+01  -64.86194  -63.92206 344.551637      99.97 3.8074e+02   1843.399      44243  1027.2515  1027.2556    33.8241    33.8296    8.13365         34 0.0000e+00
     16.000     15.843    -0.2806  27.907265    -0.2777  27.912645     7.9858     8.0528     1.7101    88.9575 3.2916e+01  -64.86194  -63.92206 344.551665      99.97 3.8259e+02   1845.822      44301  1027.2295  1027.2326    33.8019    33.8059    8.13730         42 0.0000e+00
     15.000     14.852    -0.2821  27.905801    -0.2818  27.904110     7.9806     8.0539     1.5858    88.8102 3.6490e+01  -64.86194  -63.92206 344.551689      99.97 3.8255e+02   1847.924      44351  1027.2250  1027.2230    33.8023    33.7997    8.13761         42 0.0000e+00
     14.000     13.862    -0.2820  27.904706    -0.2810  27.905359     7.9827     8.0458     1.5514    88.7257 4.1650e+01  -64.86196  -63.92206 344.551728      99.97 3.8362e+02   1851.292      44432  1027.2193  1027.2190    33.8013    33.8010    8.13764         35 0.0000e+00
     13.000     12.873    -0.2834  27.901590    -0.2840  27.898974     8.0036     8.0452     1.5755    88.5193 4.6108e+01  -64.86196  -63.92206 344.551762      99.97 3.8438e+02   1854.268      44503  1027.2130  1027.2107    33.7993    33.7964    8.13806         49 0.0000e+00
     12.000     11.882    -0.2820  27.900472    -0.2810  27.899564     8.0173     8.0494     1.5923    88.5665 4.9714e+01  -64.86196  -63.92206 344.551786      99.97 3.8591e+02   1856.272      44552  1027.2061  1027.2041    33.7969    33.7945    8.13790         43 0.0000e+00
     11.000     10.893    -0.2805  27.901939    -0.2797  27.900870     7.9891     8.0620     1.5192    88.5752 5.5829e+01  -64.86196  -63.92206 344.551819      99.97 3.8607e+02   1859.174      44621  1027.2018  1027.1999    33.7977    33.7954    8.13752         35 0.0000e+00
     10.000      9.901    -0.2777  27.903366    -0.2798  27.900162     8.0125     8.0597     1.4615    88.5163 6.5010e+01  -64.86196  -63.92205 344.551848      99.97 3.8624e+02   1861.673      44681  1027.1964  1027.1950    33.7971    33.7952    8.13695         43 0.0000e+00
      9.000      8.911    -0.2457  27.930338    -0.2788  27.900356     7.9678     8.0594     1.4795    88.5538 7.3972e+01  -64.86196  -63.92206 344.551887      99.96 3.8776e+02   1865.017      44761  1027.1901  1027.1900    33.7982    33.7950    8.13006         36 0.0000e+00
      8.000      7.921    -0.2637  27.914740    -0.2694  27.907957     7.9751     8.0564     1.4765    88.5487 8.1237e+01  -64.86196  -63.92206 344.551913      99.97 3.8783e+02   1867.270      44815  1027.1868  1027.1848    33.7980    33.7953    8.13392         41 0.0000e+00
      7.000      6.932    -0.2805  27.901345    -0.2815  27.899212     7.9897     8.0563     1.3931    88.5519 9.5315e+01  -64.86196  -63.92206 344.551944      99.97 3.8965e+02   1869.946      44880  1027.1843  1027.1827    33.7994    33.7976    8.13743         33 0.0000e+00
      6.000      5.943    -0.2809  27.900358    -0.2767  27.902038     7.9952     8.0641     1.4397    88.5478 1.0901e+02  -64.86196  -63.92206 344.551975      99.97 3.8960e+02   1872.648      44945  1027.1793  1027.1768    33.7991    33.7967    8.13753         38 0.0000e+00
      5.000      4.952    -0.2812  27.899808    -0.2818  27.897869     8.0029     8.0654     1.4030    88.5406 1.2809e+02  -64.86197  -63.92206 344.552015      58.86 3.9073e+02   1876.067      45027  1027.1746  1027.1730    33.7993    33.7974    8.13757         39 0.0000e+00
      4.000      3.962    -0.2765  27.902758    -0.2772  27.900770     8.2589     8.0589     1.3517    88.5581 1.4289e+02  -64.86202  -63.92202 344.552523     103.60 4.0088e+02   1919.960      46080  1027.1690  1027.1674    33.7987    33.7968    8.13662         34 0.0000e+00
      3.000      2.971    -0.2792  27.900262    -0.2799  27.898261     7.7762     8.0578     1.2414    88.4983 1.7229e+02  -64.86202  -63.92202 344.552508      19.00 4.0107e+02   1918.708      46050  1027.1645  1027.1631    33.7990    33.7971    8.13718         36 0.0000e+00
      2.000      1.981    -0.2782  27.900506    -0.2792  27.898266     9.0219     9.6657     1.2336    88.5006 2.1711e+02  -64.86202  -63.92202 344.552531       0.69 4.0197e+02   1920.696      46098  1027.1595  1027.1581    33.7987    33.7969    8.13697         31 0.0000e+00
      1.000      0.988    -0.2781  27.900158    -0.2795  27.897651     9.2503     9.9552     1.1674    88.4251 5.1464e+02  -64.86202  -63.92202 344.552546       1.94 4.0194e+02   1921.942      46128  1027.1548  1027.1534    33.7988    33.7970    8.13694         32 0.0000e+00
