NBP2113_155081_ctd/data/unbp2113_039.cnv
* Sea-Bird SBE 9 Data File:
* FileName = D:\Data\raw\NBP2113_039.hex
* Software Version Seasave V 7.26.7.121
* Temperature SN = 2438
* Conductivity SN = 2067
* Number of Bytes Per Scan = 40
* Number of Voltage Words = 5
* Number of Scans Averaged by the Deck Unit = 1
* NMEA Latitude = 64 52.75 S
* NMEA Longitude = 063 56.20 W
* NMEA UTC (Time) = Dec 10 2021  11:48:20
* NMEA baud rate = 9600
** Ship: RVIB N.B. Palmer
** Cruise: NBP2113 LTER
** Station: 619.027
** Operator: B. Urmston
# nquan = 25
# nvalues = 269                         
# units = specified
# name 0 = prDM: Pressure, Digiquartz [db]
# name 1 = depSM: Depth [salt water, m]
# name 2 = t090C: Temperature [ITS-90, deg C]
# name 3 = c0mS/cm: Conductivity [mS/cm]
# name 4 = t190C: Temperature, 2 [ITS-90, deg C]
# name 5 = c1mS/cm: Conductivity, 2 [mS/cm]
# name 6 = sbeox0ML/L: Oxygen, SBE 43 [ml/l]
# name 7 = sbeox1ML/L: Oxygen, SBE 43, 2 [ml/l]
# name 8 = flECO-AFL: Fluorescence, WET Labs ECO-AFL/FL [mg/m^3]
# name 9 = CStarTr0: Beam Transmission, WET Labs C-Star [%]
# name 10 = par: PAR/Irradiance, Biospherical/Licor
# name 11 = latitude: Latitude [deg]
# name 12 = longitude: Longitude [deg]
# name 13 = timeJ: Julian Days
# name 14 = altM: Altimeter [m]
# name 15 = spar: SPAR, Biospherical/Licor
# name 16 = timeS: Time, Elapsed [seconds]
# name 17 = scan: Scan Count
# name 18 = density00: Density [density, kg/m^3]
# name 19 = density11: Density, 2 [density, kg/m^3]
# name 20 = sal00: Salinity, Practical [PSU]
# name 21 = sal11: Salinity, Practical, 2 [PSU]
# name 22 = oxsolML/L: Oxygen Saturation, Garcia & Gordon [ml/l]
# name 23 = nbin: number of scans per bin
# name 24 = flag: flag
# span 0 =      1.000,    269.000       
# span 1 =      0.990,    266.193       
# span 2 =    -0.3402,     1.2157       
# span 3 =  27.883384,  29.915508       
# span 4 =    -0.3405,     1.2167       
# span 5 =  27.881627,  29.916626       
# span 6 =     4.4085,     9.6375       
# span 7 =     4.4780,     9.8454       
# span 8 =    -0.0077,     1.5275       
# span 9 =    89.3093,    94.9695       
# span 10 = 1.0000e-12, 3.9893e+02      
# span 11 =  -64.87890,  -64.87844      
# span 12 =  -63.93684,  -63.93680      
# span 13 = 344.501485, 344.510098      
# span 14 =       9.02,      99.98      
# span 15 = 2.9088e+02, 3.2966e+02      
# span 16 =    828.309,   1572.441      
# span 17 =      19880,      37740      
# span 18 =  1027.1954,  1028.9941      
# span 19 =  1027.1938,  1028.9931      
# span 20 =    33.8455,    34.6194      
# span 21 =    33.8435,    34.6180      
# span 22 =    7.78359,    8.14757      
# span 23 =         16,         47      
# span 24 = 0.0000e+00, 0.0000e+00      
# interval = decibars: 1                
# start_time = Dec 10 2021 11:48:20 [NMEA time, header]
# bad_flag = -9.990e-29
*END*
    269.000    266.193     1.2142  29.915376     1.2167  29.916626     4.4133     4.4789    -0.0012    94.8942 1.0000e-12  -64.87890  -63.93682 344.501485       9.02 3.2966e+02    828.309      19880  1028.9941  1028.9931    34.6192    34.6180    7.78390         43 0.0000e+00
    268.000    265.203     1.2144  29.914826     1.2147  29.913992     4.4085     4.4788    -0.0028    94.8604 1.0000e-12  -64.87890  -63.93682 344.501671       9.70 3.2479e+02    844.350      20265  1028.9891  1028.9879    34.6188    34.6174    7.78388         37 0.0000e+00
    267.000    264.214     1.2151  29.915288     1.2152  29.914127     4.4114     4.4780    -0.0038    94.9022 1.0000e-12  -64.87890  -63.93682 344.501708      10.60 3.2437e+02    847.566      20343  1028.9846  1028.9834    34.6192    34.6176    7.78371         39 0.0000e+00
    266.000    263.225     1.2157  29.915508     1.2163  29.914975     4.4158     4.4792     0.0029    94.9123 1.0000e-12  -64.87890  -63.93682 344.501731      11.63 3.2281e+02    849.546      20390  1028.9800  1028.9788    34.6194    34.6180    7.78359         44 0.0000e+00
    265.000    262.237     1.2137  29.912879     1.2124  29.910196     4.4209     4.4867    -0.0004    94.9167 1.0000e-12  -64.87890  -63.93681 344.501755      12.72 3.2261e+02    851.670      20441  1028.9750  1028.9736    34.6188    34.6168    7.78401         42 0.0000e+00
    264.000    261.246     1.2092  29.907627     1.2094  29.906507     4.4260     4.4903    -0.0004    94.8735 1.0000e-12  -64.87890  -63.93682 344.501779      13.71 3.2261e+02    853.726      20490  1028.9698  1028.9685    34.6176    34.6160    7.78496         44 0.0000e+00
    263.000    260.258     1.2056  29.903022     1.2057  29.902090     4.4278     4.4938     0.0032    94.8991 1.0000e-12  -64.87890  -63.93682 344.501803      14.56 3.2132e+02    855.822      20541  1028.9645  1028.9633    34.6164    34.6150    7.78576         44 0.0000e+00
    262.000    259.270     1.2026  29.899498     1.2019  29.897422     4.4301     4.4976     0.0024    94.8556 1.0000e-12  -64.87890  -63.93682 344.501825      15.68 3.2082e+02    857.673      20585  1028.9594  1028.9580    34.6157    34.6139    7.78638         36 0.0000e+00
    261.000    258.279     1.2004  29.896426     1.2010  29.895899     4.4334     4.4987     0.0027    94.8829 1.0000e-12  -64.87890  -63.93682 344.501844      16.69 3.2084e+02    859.307      20624  1028.9542  1028.9531    34.6148    34.6135    7.78687         37 0.0000e+00
    260.000    257.292     1.2005  29.896148     1.2004  29.894944     4.4334     4.5018     0.0024    94.8898 1.0000e-12  -64.87890  -63.93682 344.501865      17.69 3.2084e+02    861.148      20669  1028.9496  1028.9483    34.6149    34.6134    7.78685         45 0.0000e+00
    259.000    256.302     1.1996  29.894910     1.1962  29.890125     4.4540     4.5166    -0.0035    94.8719 1.0000e-12  -64.87890  -63.93682 344.501885      18.66 3.2084e+02    862.867      20710  1028.9448  1028.9434    34.6149    34.6126    7.78702         36 0.0000e+00
    258.000    255.315     1.1859  29.879822     1.1879  29.880289     4.4557     4.5161    -0.0044    94.8734 1.0000e-12  -64.87890  -63.93682 344.501904      19.63 3.2079e+02    864.498      20749  1028.9387  1028.9371    34.6113    34.6097    7.78994         38 0.0000e+00
    257.000    254.323     1.1888  29.882879     1.1882  29.879971     4.4354     4.5101    -0.0019    94.8721 1.0000e-12  -64.87890  -63.93680 344.501931      20.84 3.1923e+02    866.874      20806  1028.9345  1028.9321    34.6126    34.6095    7.78930         30 0.0000e+00
    256.000    253.335     1.1979  29.892074     1.1949  29.887242     4.4540     4.5204     0.0029    94.8745 1.0000e-12  -64.87890  -63.93682 344.501981      21.77 3.1908e+02    871.144      20908  1028.9307  1028.9287    34.6149    34.6120    7.78736         41 0.0000e+00
    255.000    252.347     1.1849  29.877166     1.1844  29.875504     4.4792     4.5337    -0.0051    94.8653 1.0000e-12  -64.87890  -63.93683 344.502001      22.62 3.1908e+02    872.853      20949  1028.9240  1028.9227    34.6107    34.6092    7.79016         34 0.0000e+00
    254.000    251.356     1.1748  29.866220     1.1756  29.865465     4.4928     4.5393    -0.0005    94.8946 1.0000e-12  -64.87890  -63.93682 344.502018      23.81 3.1908e+02    874.344      20985  1028.9184  1028.9169    34.6085    34.6067    7.79230         37 0.0000e+00
    253.000    250.368     1.1738  29.864407     1.1743  29.862595     4.4716     4.5330     0.0018    94.8962 1.0000e-12  -64.87890  -63.93682 344.502079      24.76 3.1789e+02    879.621      21112  1028.9130  1028.9110    34.6079    34.6050    7.79254         25 0.0000e+00
    252.000    249.379     1.1740  29.864083     1.1717  29.860219     4.4657     4.5407    -0.0030    94.8708 1.0000e-12  -64.87890  -63.93682 344.502438      25.97 3.1469e+02    910.627      21856  1028.9079  1028.9063    34.6078    34.6054    7.79249         36 0.0000e+00
    251.000    248.391     1.1740  29.863513     1.1725  29.860611     4.4706     4.5446    -0.0077    94.8828 1.0000e-12  -64.87890  -63.93682 344.502491      26.79 3.1551e+02    915.195      21966  1028.9032  1028.9016    34.6077    34.6056    7.79251         34 0.0000e+00
    250.000    247.403     1.1731  29.862413     1.1723  29.860289     4.4750     4.5452    -0.0002    94.9230 1.0000e-12  -64.87890  -63.93682 344.502505      27.62 3.1556e+02    916.432      21995  1028.8986  1028.8972    34.6078    34.6059    7.79267         24 0.0000e+00
    249.000    246.413     1.1692  29.857939     1.1692  29.856501     4.4939     4.5516     0.0028    94.8699 1.0000e-12  -64.87890  -63.93682 344.502515      28.31 3.1556e+02    917.318      22017  1028.8937  1028.8922    34.6070    34.6052    7.79349         19 0.0000e+00
    248.000    245.423     1.1645  29.852014     1.1654  29.851880     4.5030     4.5638    -0.0012    94.8916 1.0000e-12  -64.87890  -63.93684 344.502524      29.24 3.1556e+02    918.070      22035  1028.8880  1028.8869    34.6052    34.6040    7.79453         18 0.0000e+00
    247.000    244.436     1.1604  29.847650     1.1613  29.847273     4.5050     4.5659    -0.0077    94.8534 1.0000e-12  -64.87890  -63.93684 344.502532      30.13 3.1556e+02    918.788      22052  1028.8834  1028.8820    34.6047    34.6032    7.79537         17 0.0000e+00
    246.000    243.444     1.1525  29.838525     1.1539  29.838797     4.5047     4.5651    -0.0077    94.8636 1.0000e-12  -64.87890  -63.93684 344.502541      31.36 3.1512e+02    919.556      22070  1028.8774  1028.8763    34.6023    34.6011    7.79706         20 0.0000e+00
    245.000    242.456     1.1547  29.839315     1.1493  29.832901     4.5096     4.5653     0.0002    94.8896 1.0000e-12  -64.87890  -63.93682 344.502552      32.47 3.1390e+02    920.509      22093  1028.8717  1028.8705    34.6014    34.5992    7.79667         27 0.0000e+00
    244.000    241.467     1.1545  29.839601     1.1557  29.839294     4.5022     4.5678     0.0123    94.8827 1.0000e-12  -64.87890  -63.93682 344.502568      33.73 3.1379e+02    921.908      22127  1028.8679  1028.8665    34.6026    34.6010    7.79665         39 0.0000e+00
    243.000    240.478     1.1523  29.836744     1.1520  29.834079     4.5184     4.5744     0.0013    94.8855 1.0000e-12  -64.87890  -63.93682 344.502586      34.75 3.1379e+02    923.447      22164  1028.8629  1028.8604    34.6020    34.5989    7.79713         31 0.0000e+00
    242.000    239.490     1.1462  29.829631     1.1487  29.830941     4.5173     4.5821     0.0070    94.9021 1.0000e-12  -64.87890  -63.93682 344.502600      35.29 3.1379e+02    924.679      22193  1028.8573  1028.8562    34.6002    34.5992    7.79843         27 0.0000e+00
    241.000    238.500     1.1439  29.826760     1.1444  29.826120     4.5220     4.5852     0.0069    94.9033 1.0000e-12  -64.87890  -63.93682 344.502613      36.55 3.1379e+02    925.752      22219  1028.8524  1028.8512    34.5997    34.5983    7.79893         25 0.0000e+00
    240.000    237.512     1.1411  29.823069     1.1400  29.820841     4.5212     4.5840     0.0037    94.9328 1.0000e-12  -64.87890  -63.93682 344.502625      37.46 3.1379e+02    926.779      22244  1028.8471  1028.8458    34.5986    34.5970    7.79954         25 0.0000e+00
    239.000    236.522     1.1392  29.820662     1.1389  29.819153     4.5221     4.5839    -0.0059    94.9371 1.0000e-12  -64.87890  -63.93682 344.502637      38.69 3.1379e+02    927.856      22270  1028.8421  1028.8408    34.5982    34.5966    7.79994         27 0.0000e+00
    238.000    235.533     1.1387  29.819681     1.1388  29.818483     4.5292     4.5898     0.0016    94.9221 1.0000e-12  -64.87890  -63.93682 344.502651      39.36 3.1379e+02    929.033      22298  1028.8373  1028.8360    34.5981    34.5964    7.80005         29 0.0000e+00
    237.000    234.544     1.1356  29.816049     1.1354  29.814516     4.5328     4.5960     0.0005    94.9695 1.0000e-12  -64.87890  -63.93682 344.502666      40.70 3.1379e+02    930.310      22328  1028.8323  1028.8310    34.5974    34.5957    7.80069         32 0.0000e+00
    236.000    233.555     1.1332  29.812755     1.1328  29.811253     4.5246     4.5995     0.0024    94.9583 1.0000e-12  -64.87890  -63.93682 344.502682      41.58 3.1379e+02    931.742      22363  1028.8269  1028.8258    34.5964    34.5950    7.80122         38 0.0000e+00
    235.000    232.566     1.1388  29.818596     1.1304  29.808182     4.5806     4.6452     0.0070    94.9332 1.0000e-12  -64.87890  -63.93682 344.502702      42.77 3.1379e+02    933.440      22404  1028.8231  1028.8207    34.5983    34.5943    7.80001         41 0.0000e+00
    234.000    231.578     1.1147  29.794890     1.1147  29.792786     4.7554     4.7469     0.0023    94.9281 1.0000e-12  -64.87890  -63.93682 344.502719      43.56 3.1379e+02    934.912      22439  1028.8182  1028.8160    34.5952    34.5924    7.80499         29 0.0000e+00
    233.000    230.589     1.0760  29.752577     1.0656  29.738541     4.8604     4.8199    -0.0005    94.9190 1.0000e-12  -64.87890  -63.93682 344.502731      44.20 3.1379e+02    935.941      22464  1028.8086  1028.8044    34.5843    34.5778    7.81331         21 0.0000e+00
    232.000    229.599     0.9986  29.665920     0.9957  29.661574     4.9198     4.8550     0.0019    94.9107 1.0000e-12  -64.87890  -63.93682 344.502741      45.16 3.1379e+02    936.789      22484  1028.7912  1028.7895    34.5591    34.5567    7.83016         19 0.0000e+00
    231.000    228.609     0.9701  29.634087     0.9695  29.632351     4.9300     4.8361     0.0069    94.8880 1.0000e-12  -64.87890  -63.93682 344.502750      46.53 3.1379e+02    937.609      22504  1028.7818  1028.7804    34.5502    34.5486    7.83636         20 0.0000e+00
    230.000    227.619     0.9550  29.616231     0.9533  29.613040     4.8742     4.8101     0.0297    94.8336 1.0000e-12  -64.87890  -63.93682 344.502760      47.73 3.1379e+02    938.500      22525  1028.7735  1028.7718    34.5446    34.5423    7.83970         23 0.0000e+00
    229.000    226.631     0.9382  29.594638     0.9871  29.643213     4.8310     4.8267     0.0226    94.7963 1.0000e-12  -64.87890  -63.93682 344.502773      48.77 3.1379e+02    939.605      22552  1028.7629  1028.7648    34.5359    34.5443    7.84355         30 0.0000e+00
    228.000    225.643     0.9751  29.635255     0.9849  29.648019     4.8233     4.8476     0.0173    94.7733 1.0000e-12  -64.87890  -63.93681 344.502791      49.88 3.1379e+02    941.184      22589  1028.7635  1028.7673    34.5480    34.5535    7.83548         41 0.0000e+00
    227.000    224.653     0.9550  29.613737     0.9694  29.628534     4.8201     4.8719     0.0218    94.8115 1.0000e-12  -64.87890  -63.93680 344.502817      50.72 3.1379e+02    943.414      22643  1028.7563  1028.7576    34.5431    34.5462    7.83978         46 0.0000e+00
    226.000    223.664     0.9517  29.610906     0.9510  29.608103     4.9207     4.9430     0.0147    94.8074 1.0000e-12  -64.87890  -63.93682 344.502838      51.72 3.1379e+02    945.171      22685  1028.7521  1028.7500    34.5437    34.5409    7.84042         31 0.0000e+00
    225.000    222.674     0.9105  29.565486     0.9105  29.564019     4.9497     4.9684     0.0217    94.8201 1.0000e-12  -64.87890  -63.93682 344.502852      52.59 3.1379e+02    946.411      22715  1028.7412  1028.7398    34.5314    34.5295    7.84938         26 0.0000e+00
    224.000    221.687     0.8858  29.539519     0.8879  29.540158     4.9480     4.9706     0.0216    94.8199 1.0000e-12  -64.87890  -63.93682 344.502864      53.73 3.1379e+02    947.427      22739  1028.7338  1028.7327    34.5258    34.5243    7.85465         22 0.0000e+00
    223.000    220.696     0.8833  29.535503     0.8826  29.533717     4.9360     4.9702     0.0220    94.7985 1.0000e-12  -64.87890  -63.93682 344.502874      54.89 3.1379e+02    948.312      22760  1028.7278  1028.7267    34.5240    34.5225    7.85525         21 0.0000e+00
    222.000    219.707     0.8800  29.531448     0.8788  29.529123     4.9266     4.9668     0.0167    94.8101 1.0000e-12  -64.87890  -63.93682 344.502884      55.63 3.1379e+02    949.166      22781  1028.7223  1028.7211    34.5230    34.5213    7.85598         21 0.0000e+00
    221.000    218.719     0.8785  29.529659     0.8783  29.527940     4.9089     4.9684     0.0209    94.7943 1.0000e-12  -64.87890  -63.93682 344.502894      56.80 3.1379e+02    950.050      22802  1028.7174  1028.7159    34.5230    34.5210    7.85628         22 0.0000e+00
    220.000    217.729     0.8813  29.532082     0.8782  29.527716     4.9072     4.9612     0.0255    94.7777 1.0000e-12  -64.87890  -63.93682 344.502906      57.89 3.1379e+02    951.097      22827  1028.7126  1028.7112    34.5235    34.5213    7.85567         29 0.0000e+00
    219.000    216.740     0.8884  29.539671     0.8862  29.535501     4.9090     4.9648     0.0228    94.7691 1.0000e-12  -64.87890  -63.93682 344.502925      58.90 3.1379e+02    952.743      22867  1028.7089  1028.7068    34.5261    34.5231    7.85412         45 0.0000e+00
    218.000    215.751     0.8860  29.535932     0.8854  29.534764     4.9029     4.9689     0.0204    94.7914 1.0000e-12  -64.87890  -63.93682 344.502951      59.87 3.1379e+02    954.971      22920  1028.7027  1028.7022    34.5244    34.5236    7.85468         41 0.0000e+00
    217.000    214.761     0.8845  29.534624     0.8859  29.534531     4.9130     4.9691     0.0202    94.7916 1.0000e-12  -64.87890  -63.93682 344.502972      60.86 3.1379e+02    956.760      22963  1028.6985  1028.6970    34.5250    34.5234    7.85495         41 0.0000e+00
    216.000    213.773     0.8789  29.528474     0.8801  29.528387     4.9189     4.9759     0.0313    94.7653 1.0000e-12  -64.87890  -63.93682 344.502994      62.06 3.1379e+02    958.646      23009  1028.6931  1028.6920    34.5239    34.5225    7.85614         41 0.0000e+00
    215.000    212.783     0.8763  29.524970     0.8752  29.522668     4.9197     4.9836     0.0252    94.8097 1.0000e-12  -64.87890  -63.93682 344.503015      63.12 3.1379e+02    960.490      23053  1028.6878  1028.6865    34.5229    34.5211    7.85673         36 0.0000e+00
    214.000    211.794     0.8754  29.523539     0.8747  29.521708     4.9196     4.9862     0.0269    94.7653 1.0000e-12  -64.87890  -63.93682 344.503033      63.95 3.1415e+02    962.072      23091  1028.6828  1028.6815    34.5226    34.5210    7.85693         35 0.0000e+00
    213.000    210.805     0.8729  29.520933     0.8726  29.519295     4.9325     4.9924     0.0289    94.8375 1.0000e-12  -64.87890  -63.93684 344.503049      64.95 3.1551e+02    963.404      23123  1028.6782  1028.6768    34.5226    34.5208    7.85742         30 0.0000e+00
