NBP2113_155081_ctd/data/unbp2113_050.cnv
* Sea-Bird SBE 9 Data File:
* FileName = D:\Data\raw\NBP2113_050.hex
* Software Version Seasave V 7.26.7.121
* Temperature SN = 2438
* Conductivity SN = 2067
* Number of Bytes Per Scan = 40
* Number of Voltage Words = 5
* Number of Scans Averaged by the Deck Unit = 1
* NMEA Latitude = 64 56.46 S
* NMEA Longitude = 064 42.01 W
* NMEA UTC (Time) = Dec 11 2021  13:44:32
* NMEA baud rate = 9600
** Ship: RVIB N.B. Palmer
** Cruise: NBP2113 LTER
** Station: 590.050
** Operator: B. Urmston
# nquan = 25
# nvalues = 394                         
# units = specified
# name 0 = prDM: Pressure, Digiquartz [db]
# name 1 = depSM: Depth [salt water, m]
# name 2 = t090C: Temperature [ITS-90, deg C]
# name 3 = c0mS/cm: Conductivity [mS/cm]
# name 4 = t190C: Temperature, 2 [ITS-90, deg C]
# name 5 = c1mS/cm: Conductivity, 2 [mS/cm]
# name 6 = sbeox0ML/L: Oxygen, SBE 43 [ml/l]
# name 7 = sbeox1ML/L: Oxygen, SBE 43, 2 [ml/l]
# name 8 = flECO-AFL: Fluorescence, WET Labs ECO-AFL/FL [mg/m^3]
# name 9 = CStarTr0: Beam Transmission, WET Labs C-Star [%]
# name 10 = par: PAR/Irradiance, Biospherical/Licor
# name 11 = latitude: Latitude [deg]
# name 12 = longitude: Longitude [deg]
# name 13 = timeJ: Julian Days
# name 14 = altM: Altimeter [m]
# name 15 = spar: SPAR, Biospherical/Licor
# name 16 = timeS: Time, Elapsed [seconds]
# name 17 = scan: Scan Count
# name 18 = density00: Density [density, kg/m^3]
# name 19 = density11: Density, 2 [density, kg/m^3]
# name 20 = sal00: Salinity, Practical [PSU]
# name 21 = sal11: Salinity, Practical, 2 [PSU]
# name 22 = oxsolML/L: Oxygen Saturation, Garcia & Gordon [ml/l]
# name 23 = nbin: number of scans per bin
# name 24 = flag: flag
# span 0 =      1.000,    394.000       
# span 1 =      0.989,    389.770       
# span 2 =    -0.9844,     1.3610       
# span 3 =  27.333559,  30.126600       
# span 4 =    -0.9820,     1.3607       
# span 5 =  27.331849,  30.125138       
# span 6 =     4.1804,     8.6449       
# span 7 =     4.2428,     8.5360       
# span 8 =    -0.0227,     1.3956       
# span 9 =    82.1989,    92.0056       
# span 10 = 1.0000e-12, 1.0082e+03      
# span 11 =  -64.94108,  -64.94072      
# span 12 =  -64.70039,  -64.69986      
# span 13 = 345.583510, 345.593043      
# span 14 =       7.47,      99.99      
# span 15 = 9.3079e+02, 1.0137e+03      
# span 16 =    943.287,   1766.881      
# span 17 =      22640,      42406      
# span 18 =  1027.0033,  1029.5997      
# span 19 =  1027.0016,  1029.5984      
# span 20 =    33.5842,    34.6569      
# span 21 =    33.5822,    34.6553      
# span 22 =    7.75283,    8.28986      
# span 23 =         11,         47      
# span 24 = 0.0000e+00, 0.0000e+00      
# interval = decibars: 1                
# start_time = Dec 11 2021 13:44:32 [NMEA time, header]
# bad_flag = -9.990e-29
*END*
[from data line 116]
    278.000    275.092     1.1270  29.827065     1.1287  29.827536     4.4484     4.5033    -0.0076    91.8577 1.0000e-12  -64.94106  -64.70034 345.585988      99.97 9.8016e+02   1157.340      27777  1029.0257  1029.0245    34.5972    34.5959    7.80243         29 0.0000e+00
    277.000    274.101     1.1258  29.825098     1.1257  29.824054     4.4414     4.5057    -0.0018    91.8500 1.0000e-12  -64.94106  -64.70034 345.586000      99.97 9.8016e+02   1158.416      27803  1029.0206  1029.0196    34.5965    34.5953    7.80270         24 0.0000e+00
    276.000    273.112     1.1247  29.823690     1.1244  29.822194     4.4469     4.5004    -0.0104    91.8576 1.0000e-12  -64.94106  -64.70036 345.586011      99.97 9.8016e+02   1159.365      27826  1029.0159  1029.0147    34.5966    34.5949    7.80292         22 0.0000e+00
    275.000    272.124     1.1242  29.822653     1.1240  29.821204     4.4528     4.5053    -0.0112    91.8648 1.0000e-12  -64.94106  -64.70038 345.586022      99.97 9.8016e+02   1160.320      27849  1029.0111  1029.0098    34.5963    34.5947    7.80303         25 0.0000e+00
    274.000    271.136     1.1242  29.822152     1.1248  29.821491     4.4506     4.5055    -0.0078    91.8667 1.0000e-12  -64.94106  -64.70038 345.586036      99.97 9.8016e+02   1161.495      27877  1029.0063  1029.0051    34.5963    34.5948    7.80303         32 0.0000e+00
    273.000    270.147     1.1241  29.821601     1.1234  29.819591     4.4459     4.5060    -0.0077    91.8617 1.0000e-12  -64.94106  -64.70038 345.586052      99.97 9.8016e+02   1162.893      27910  1029.0015  1029.0002    34.5962    34.5945    7.80305         32 0.0000e+00
    272.000    269.157     1.1225  29.819427     1.1225  29.818136     4.4455     4.5083    -0.0077    91.8803 1.0000e-12  -64.94106  -64.70036 345.586065      99.97 9.8016e+02   1164.018      27937  1028.9967  1028.9954    34.5959    34.5942    7.80340         22 0.0000e+00
    271.000    268.169     1.1218  29.818366     1.1216  29.816896     4.4485     4.5069    -0.0129    91.8580 1.0000e-12  -64.94106  -64.70035 345.586075      99.97 9.8016e+02   1164.864      27958  1028.9920  1028.9906    34.5958    34.5941    7.80353         19 0.0000e+00
    270.000    267.180     1.1209  29.816854     1.1205  29.815221     4.4506     4.5059    -0.0122    91.8806 1.0000e-12  -64.94106  -64.70034 345.586084      99.97 9.7858e+02   1165.661      27977  1028.9871  1028.9858    34.5955    34.5938    7.80374         21 0.0000e+00
    269.000    266.190     1.1210  29.816366     1.1204  29.814701     4.4565     4.5065    -0.0106    91.8808 1.0000e-12  -64.94106  -64.70034 345.586096      99.97 9.7841e+02   1166.656      28001  1028.9822  1028.9811    34.5954    34.5939    7.80372         29 0.0000e+00
    268.000    265.202     1.1220  29.817103     1.1213  29.815286     4.4440     4.5097    -0.0056    91.8730 1.0000e-12  -64.94106  -64.70035 345.586131      99.97 9.7840e+02   1169.757      28075  1028.9777  1028.9764    34.5957    34.5942    7.80350         37 0.0000e+00
    267.000    264.213     1.1214  29.815942     1.1209  29.814336     4.4478     4.5120    -0.0044    91.8559 1.0000e-12  -64.94106  -64.70036 345.586148      99.97 9.7840e+02   1171.222      28110  1028.9728  1028.9716    34.5955    34.5940    7.80363         22 0.0000e+00
    266.000    263.224     1.1200  29.814290     1.1199  29.812969     4.4554     4.5086    -0.0004    91.8732 1.0000e-12  -64.94106  -64.70038 345.586157      99.97 9.7675e+02   1171.981      28129  1028.9682  1028.9670    34.5955    34.5940    7.80391         16 0.0000e+00
    265.000    262.235     1.1175  29.811298     1.1174  29.810035     4.4536     4.5084    -0.0148    91.8759 1.0000e-12  -64.94106  -64.70038 345.586165      99.97 9.7664e+02   1172.637      28144  1028.9634  1028.9622    34.5950    34.5935    7.80443         15 0.0000e+00
    264.000    261.248     1.1157  29.808638     1.1156  29.807351     4.4540     4.5088    -0.0109    91.8716 1.0000e-12  -64.94106  -64.70038 345.586172      99.97 9.7664e+02   1173.267      28159  1028.9582  1028.9570    34.5942    34.5927    7.80484         16 0.0000e+00
    263.000    260.256     1.1154  29.807810     1.1149  29.806163     4.4585     4.5090    -0.0005    91.8811 1.0000e-12  -64.94106  -64.70038 345.586180      99.97 9.7664e+02   1173.930      28175  1028.9534  1028.9521    34.5941    34.5925    7.80491         16 0.0000e+00
    262.000    259.268     1.1153  29.807178     1.1146  29.805384     4.4648     4.5133    -0.0056    91.8637 1.0000e-12  -64.94106  -64.70038 345.586189      99.97 9.7634e+02   1174.727      28194  1028.9485  1028.9474    34.5939    34.5924    7.80493         23 0.0000e+00
    261.000    258.280     1.1161  29.807650     1.1156  29.805947     4.4634     4.5141     0.0003    91.8590 1.0000e-12  -64.94106  -64.70037 345.586204      99.97 9.7515e+02   1176.011      28225  1028.9440  1028.9427    34.5942    34.5927    7.80476         35 0.0000e+00
    260.000    257.291     1.1154  29.806406     1.1155  29.805431     4.4598     4.5175    -0.0116    91.8587 1.0000e-12  -64.94106  -64.70036 345.586224      99.97 9.7648e+02   1177.762      28267  1028.9392  1028.9380    34.5940    34.5926    7.80492         32 0.0000e+00
    259.000    256.302     1.1155  29.806054     1.1154  29.804853     4.4655     4.5244    -0.0038    91.8708 1.0000e-12  -64.94106  -64.70036 345.586238      99.97 9.7664e+02   1178.936      28295  1028.9344  1028.9332    34.5940    34.5926    7.80489         23 0.0000e+00
    258.000    255.311     1.1142  29.804359     1.1141  29.803244     4.4796     4.5242    -0.0046    91.8846 1.0000e-12  -64.94106  -64.70036 345.586248      99.97 9.7664e+02   1179.844      28317  1028.9298  1028.9287    34.5939    34.5926    7.80516         21 0.0000e+00
    257.000    254.324     1.1081  29.797580     1.1076  29.795975     4.4726     4.5204    -0.0125    91.8844 1.0000e-12  -64.94106  -64.70036 345.586259      99.97 9.7634e+02   1180.806      28340  1028.9244  1028.9234    34.5925    34.5910    7.80644         28 0.0000e+00
    256.000    253.337     1.1126  29.801750     1.1126  29.800377     4.4653     4.5190    -0.0076    91.8915 1.0000e-12  -64.94106  -64.70036 345.586289      99.97 9.7399e+02   1183.367      28402  1028.9200  1028.9186    34.5934    34.5918    7.80549         29 0.0000e+00
    255.000    252.345     1.1136  29.802633     1.1120  29.799744     4.4785     4.5330    -0.0077    91.8699 1.0000e-12  -64.94106  -64.70038 345.586314      99.97 9.7463e+02   1185.570      28455  1028.9157  1028.9143    34.5940    34.5921    7.80526         25 0.0000e+00
    254.000    251.355     1.1041  29.792402     1.1051  29.792217     4.4950     4.5458    -0.0090    91.8708 1.0000e-12  -64.94106  -64.70038 345.586323      99.97 9.7488e+02   1186.349      28473  1028.9103  1028.9091    34.5921    34.5907    7.80727         17 0.0000e+00
    253.000    250.368     1.0958  29.782812     1.0975  29.783674     4.5002     4.5492    -0.0151    91.8903 1.0000e-12  -64.94106  -64.70038 345.586331      99.97 9.7487e+02   1186.993      28489  1028.9044  1028.9036    34.5895    34.5887    7.80906         14 0.0000e+00
    252.000    249.379     1.0916  29.777831     1.0909  29.776346     4.5020     4.5540    -0.0103    91.9066 1.0000e-12  -64.94106  -64.70038 345.586338      99.97 9.7474e+02   1187.567      28503  1028.8990  1028.8982    34.5883    34.5871    7.80996         14 0.0000e+00
    251.000    248.390     1.0857  29.770880     1.0820  29.766049     4.5071     4.5559    -0.0001    91.9083 1.0000e-12  -64.94106  -64.70038 345.586344      99.97 9.7487e+02   1188.144      28516  1028.8936  1028.8923    34.5865    34.5844    7.81125         13 0.0000e+00
    250.000    247.402     1.0795  29.763674     1.0789  29.761872     4.5108     4.5525    -0.0004    91.8966 1.0000e-12  -64.94106  -64.70038 345.586351      99.97 9.7487e+02   1188.746      28531  1028.8879  1028.8867    34.5847    34.5831    7.81258         17 0.0000e+00
    249.000    246.410     1.0777  29.760843     1.0766  29.758336     4.5125     4.5442    -0.0011    91.8887 1.0000e-12  -64.94106  -64.70038 345.586360      99.97 9.7487e+02   1189.486      28549  1028.8825  1028.8809    34.5837    34.5817    7.81300         20 0.0000e+00
    248.000    245.423     1.0858  29.769125     1.0837  29.765648     4.4955     4.5409    -0.0066    91.9073 1.0000e-12  -64.94106  -64.70036 345.586379      99.97 9.7295e+02   1191.126      28588  1028.8785  1028.8771    34.5859    34.5837    7.81126         29 0.0000e+00
    247.000    244.434     1.0932  29.776758     1.0921  29.774438     4.4886     4.5485    -0.0019    91.8985 1.0000e-12  -64.94106  -64.70037 345.586421      99.97 9.7126e+02   1194.787      28676  1028.8748  1028.8735    34.5881    34.5863    7.80966         37 0.0000e+00
    246.000    243.443     1.0919  29.775086     1.0906  29.772450     4.5188     4.5614    -0.0004    91.8843 1.0000e-12  -64.94106  -64.70038 345.586433      99.97 9.7135e+02   1195.799      28700  1028.8701  1028.8687    34.5880    34.5861    7.80993         21 0.0000e+00
    245.000    242.456     1.0838  29.766838     1.0846  29.766211     4.5169     4.5678    -0.0004    91.9023 1.0000e-12  -64.94106  -64.70038 345.586442      99.97 9.7135e+02   1196.570      28719  1028.8653  1028.8639    34.5869    34.5852    7.81160         16 0.0000e+00
    244.000    241.468     1.0758  29.757336     1.0758  29.756367     4.5177     4.5677    -0.0004    91.9154 1.0000e-12  -64.94106  -64.70038 345.586449      99.97 9.7135e+02   1197.211      28734  1028.8593  1028.8582    34.5842    34.5830    7.81335         15 0.0000e+00
    243.000    240.479     1.0693  29.749745     1.0700  29.749619     4.5253     4.5699     0.0086    91.9237 1.0000e-12  -64.94106  -64.70038 345.586456      99.97 9.7135e+02   1197.818      28749  1028.8535  1028.8527    34.5822    34.5813    7.81475         15 0.0000e+00
    242.000    239.487     1.0647  29.744345     1.0650  29.743315     4.5285     4.5700     0.0083    91.9246 1.0000e-12  -64.94106  -64.70038 345.586464      99.97 9.7135e+02   1198.462      28764  1028.8482  1028.8468    34.5809    34.5793    7.81574         16 0.0000e+00
    241.000    238.499     1.0631  29.741638     1.0641  29.741525     4.5213     4.5665     0.0067    91.9343 1.0000e-12  -64.94106  -64.70038 345.586473      99.97 9.7135e+02   1199.257      28783  1028.8426  1028.8416    34.5798    34.5786    7.81612         23 0.0000e+00
    240.000    237.511     1.0676  29.745979     1.0682  29.745525     4.5062     4.5696    -0.0084    91.9316 1.0000e-12  -64.94106  -64.70036 345.586490      99.97 9.6925e+02   1200.715      28818  1028.8383  1028.8373    34.5810    34.5798    7.81516         36 0.0000e+00
    239.000    236.521     1.0710  29.749499     1.0690  29.746432     4.5135     4.5731    -0.0098    91.9142 1.0000e-12  -64.94106  -64.70034 345.586519      99.97 9.6958e+02   1203.248      28879  1028.8343  1028.8330    34.5824    34.5806    7.81441         31 0.0000e+00
    238.000    235.532     1.0691  29.747300     1.0693  29.746408     4.5268     4.5742    -0.0076    91.9235 1.0000e-12  -64.94106  -64.70036 345.586534      99.97 9.6958e+02   1204.497      28909  1028.8296  1028.8284    34.5822    34.5808    7.81479         24 0.0000e+00
    237.000    234.543     1.0646  29.741991     1.0641  29.740205     4.5315     4.5819    -0.0077    91.9349 1.0000e-12  -64.94106  -64.70036 345.586544      99.97 9.6958e+02   1205.396      28931  1028.8243  1028.8229    34.5809    34.5792    7.81576         21 0.0000e+00
    236.000    233.553     1.0594  29.735983     1.0597  29.735196     4.5352     4.5861    -0.0077    91.9381 1.0000e-12  -64.94108  -64.70036 345.586554      99.97 9.6958e+02   1206.285      28952  1028.8189  1028.8178    34.5795    34.5782    7.81687         23 0.0000e+00
    235.000    232.565     1.0540  29.729645     1.0544  29.728906     4.5378     4.5882    -0.0008    91.9313 1.0000e-12  -64.94108  -64.70036 345.586566      99.97 9.6799e+02   1207.308      28976  1028.8134  1028.8123    34.5780    34.5766    7.81804         27 0.0000e+00
    234.000    231.576     1.0521  29.727069     1.0532  29.727059     4.5442     4.5893     0.0079    91.9428 1.0000e-12  -64.94108  -64.70036 345.586580      99.97 9.6659e+02   1208.520      29005  1028.8083  1028.8072    34.5773    34.5761    7.81845         30 0.0000e+00
    233.000    230.587     1.0511  29.725378     1.0506  29.723745     4.5389     4.5931     0.0025    91.9488 1.0000e-12  -64.94108  -64.70036 345.586594      99.97 9.6782e+02   1209.726      29034  1028.8033  1028.8021    34.5769    34.5753    7.81869         28 0.0000e+00
    232.000    229.597     1.0491  29.722962     1.0487  29.721390     4.5284     4.5918    -0.0003    91.9624 1.0000e-12  -64.94108  -64.70036 345.586607      99.97 9.6782e+02   1210.832      29061  1028.7984  1028.7972    34.5765    34.5750    7.81909         26 0.0000e+00
    231.000    228.610     1.0473  29.720629     1.0473  29.719364     4.5380     4.5906    -0.0052    91.9617 1.0000e-12  -64.94108  -64.70036 345.586620      99.97 9.6782e+02   1211.934      29087  1028.7935  1028.7922    34.5762    34.5745    7.81948         26 0.0000e+00
    230.000    227.619     1.0458  29.718478     1.0452  29.716740     4.5456     4.5936     0.0029    91.9608 1.0000e-12  -64.94108  -64.70036 345.586633      99.97 9.6782e+02   1213.120      29116  1028.7885  1028.7873    34.5757    34.5741    7.81981         31 0.0000e+00
    229.000    226.631     1.0467  29.718609     1.0452  29.716098     4.5416     4.5951     0.0033    91.9629 1.0000e-12  -64.94108  -64.70035 345.586650      99.97 9.6689e+02   1214.595      29151  1028.7834  1028.7822    34.5754    34.5738    7.81964         41 0.0000e+00
    228.000    225.640     1.0479  29.720140     1.0462  29.716893     4.5483     4.5930    -0.0049    91.9721 1.0000e-12  -64.94108  -64.70035 345.586670      99.97 9.6658e+02   1216.305      29192  1028.7795  1028.7778    34.5766    34.5743    7.81933         36 0.0000e+00
    227.000    224.653     1.0424  29.713585     1.0429  29.712971     4.5518     4.6014    -0.0077    91.9645 1.0000e-12  -64.94108  -64.70035 345.586685      99.97 9.6784e+02   1217.561      29222  1028.7739  1028.7727    34.5748    34.5735    7.82053         27 0.0000e+00
    226.000    223.664     1.0403  29.711100     1.0398  29.709428     4.5484     4.6019    -0.0077    91.9637 1.0000e-12  -64.94108  -64.70034 345.586697      99.97 9.6709e+02   1218.631      29248  1028.7691  1028.7678    34.5746    34.5730    7.82096         26 0.0000e+00
    225.000    222.672     1.0377  29.707367     1.0364  29.705041     4.5433     4.6030    -0.0077    91.9656 1.0000e-12  -64.94108  -64.70034 345.586712      99.97 9.6611e+02   1219.901      29279  1028.7636  1028.7624    34.5733    34.5717    7.82156         33 0.0000e+00
    224.000    221.685     1.0389  29.708459     1.0399  29.708574     4.5461     4.6043     0.0035    91.9568 1.0000e-12  -64.94108  -64.70034 345.586742      99.97 9.6545e+02   1222.465      29340  1028.7591  1028.7582    34.5739    34.5729    7.82128         31 0.0000e+00
    223.000    220.697     1.0395  29.708808     1.0376  29.705615     4.5588     4.6145     0.0096    91.9709 1.0000e-12  -64.94108  -64.70034 345.586762      99.97 9.6609e+02   1224.246      29383  1028.7547  1028.7532    34.5743    34.5723    7.82115         27 0.0000e+00
    222.000    219.707     1.0330  29.701812     1.0333  29.700857     4.5684     4.6171    -0.0047    91.9615 1.0000e-12  -64.94108  -64.70036 345.586773      99.97 9.6492e+02   1225.209      29406  1028.7495  1028.7482    34.5731    34.5715    7.82251         22 0.0000e+00
