NBP2113_155081_ctd/data/unbp2113_030.cnv
* Sea-Bird SBE 9 Data File:
* FileName = D:\Data\raw\NBP2113_030.hex
* Software Version Seasave V 7.26.7.121
* Temperature SN = 2438
* Conductivity SN = 2067
* Number of Bytes Per Scan = 40
* Number of Voltage Words = 5
* Number of Scans Averaged by the Deck Unit = 1
* NMEA Latitude = 66 50.58 S
* NMEA Longitude = 068 39.78 W
* NMEA UTC (Time) = Dec 05 2021  03:50:51
* NMEA baud rate = 9600
** Ship: RVIB N.B. Palmer
** Cruise: NBP2113 LTER
** Station: AS02
** Operator: B. Urmston
# nquan = 25
# nvalues = 243                         
# units = specified
# name 0 = prDM: Pressure, Digiquartz [db]
# name 1 = depSM: Depth [salt water, m]
# name 2 = t090C: Temperature [ITS-90, deg C]
# name 3 = c0mS/cm: Conductivity [mS/cm]
# name 4 = t190C: Temperature, 2 [ITS-90, deg C]
# name 5 = c1mS/cm: Conductivity, 2 [mS/cm]
# name 6 = sbeox0ML/L: Oxygen, SBE 43 [ml/l]
# name 7 = sbeox1ML/L: Oxygen, SBE 43, 2 [ml/l]
# name 8 = flECO-AFL: Fluorescence, WET Labs ECO-AFL/FL [mg/m^3]
# name 9 = CStarTr0: Beam Transmission, WET Labs C-Star [%]
# name 10 = par: PAR/Irradiance, Biospherical/Licor
# name 11 = latitude: Latitude [deg]
# name 12 = longitude: Longitude [deg]
# name 13 = timeJ: Julian Days
# name 14 = altM: Altimeter [m]
# name 15 = spar: SPAR, Biospherical/Licor
# name 16 = timeS: Time, Elapsed [seconds]
# name 17 = scan: Scan Count
# name 18 = density00: Density [density, kg/m^3]
# name 19 = density11: Density, 2 [density, kg/m^3]
# name 20 = sal00: Salinity, Practical [PSU]
# name 21 = sal11: Salinity, Practical, 2 [PSU]
# name 22 = oxsolML/L: Oxygen Saturation, Garcia & Gordon [ml/l]
# name 23 = nbin: number of scans per bin
# name 24 = flag: flag
# span 0 =      1.000,    243.000       
# span 1 =      0.990,    240.447       
# span 2 =    -0.9241,     1.1594       
# span 3 =  27.355311,  29.859216       
# span 4 =    -0.9243,     1.1548       
# span 5 =  27.354043,  29.854226       
# span 6 =     4.2852,    11.7672       
# span 7 =     4.3568,     9.9183       
# span 8 =    -0.0022,     1.1774       
# span 9 =    89.7178,    95.1542       
# span 10 = 1.0000e-12, 2.3446e+00      
# span 11 =  -66.84294,  -66.84282      
# span 12 =  -68.66278,  -68.66248      
# span 13 = 339.170446, 339.176925      
# span 14 =       8.51,     100.69      
# span 15 = 0.0000e+00, 0.0000e+00      
# span 16 =    875.567,   1435.365      
# span 17 =      21015,      34450      
# span 18 =  1027.1434,  1028.8779      
# span 19 =  1027.1423,  1028.8773      
# span 20 =    33.7597,    34.6229      
# span 21 =    33.7583,    34.6217      
# span 22 =    7.79457,    8.27849      
# span 23 =          9,         45      
# span 24 = 0.0000e+00, 0.0000e+00      
# interval = decibars: 1                
# start_time = Dec 05 2021 03:50:51 [NMEA time, header]
# bad_flag = -9.990e-29
*END*
[from data line 58]
    185.000    183.082     0.1564  28.755286     0.1469  28.744188     5.8427     5.7556     0.0458    94.7243 1.0000e-12  -66.84289  -68.66273 339.172092      68.11 0.0000e+00   1017.718      24426  1028.4459  1028.4437    34.3378    34.3338    8.01465         20 0.0000e+00
    184.000    182.091     0.0364  28.625169    -0.0020  28.585928     5.9179     5.7966     0.0581    94.7169 1.0000e-12  -66.84288  -68.66274 339.172099      69.07 0.0000e+00   1018.350      24441  1028.4217  1028.4177    34.3008    34.2919    8.04183         16 0.0000e+00
    183.000    181.103    -0.0251  28.563805    -0.0181  28.571184     5.9430     5.8227     0.0487    94.7679 1.0000e-12  -66.84288  -68.66272 339.172106      69.92 0.0000e+00   1018.952      24456  1028.4119  1028.4129    34.2890    34.2910    8.05542         13 0.0000e+00
    182.000    180.116    -0.0140  28.572878    -0.0161  28.570871     5.9303     5.8244     0.0359    94.7946 1.0000e-12  -66.84288  -68.66272 339.172112      70.98 0.0000e+00   1019.490      24469  1028.4059  1028.4058    34.2892    34.2888    8.05308         12 0.0000e+00
    181.000    179.122    -0.0565  28.527679    -0.0512  28.533341     5.9023     5.8236     0.0516    94.8563 1.0000e-12  -66.84288  -68.66274 339.172118      72.13 0.0000e+00   1020.007      24481  1028.3948  1028.3956    34.2775    34.2791    8.06267         13 0.0000e+00
    180.000    178.137    -0.0853  28.496555    -0.0853  28.496362     5.9022     5.8268     0.0797    94.8838 1.0000e-12  -66.84288  -68.66274 339.172124      73.06 0.0000e+00   1020.553      24494  1028.3851  1028.3850    34.2691    34.2688    8.06923         14 0.0000e+00
    179.000    177.144    -0.0936  28.491064    -0.0837  28.500377     5.8958     5.8067     0.0721    94.9365 1.0000e-12  -66.84290  -68.66272 339.172132      74.18 0.0000e+00   1021.218      24510  1028.3826  1028.3827    34.2717    34.2730    8.07084         19 0.0000e+00
    178.000    176.158    -0.0626  28.520123    -0.0530  28.527957     5.8734     5.8261     0.0620    94.9445 1.0000e-12  -66.84289  -68.66272 339.172182      75.21 0.0000e+00   1025.554      24614  1028.3770  1028.3761    34.2761    34.2757    8.06405         16 0.0000e+00
    177.000    175.172    -0.0914  28.490733    -0.0821  28.499912     5.9155     5.8824     0.0540    94.8147 1.0000e-12  -66.84288  -68.66272 339.172259      75.82 0.0000e+00   1032.172      24773  1028.3681  1028.3684    34.2700    34.2717    8.07047          9 0.0000e+00
    176.000    174.175    -0.0899  28.490668    -0.0911  28.488730     5.9138     5.8824     0.0438    94.9039 1.0000e-12  -66.84288  -68.66272 339.172262      76.78 0.0000e+00   1032.409      24779  1028.3622  1028.3611    34.2688    34.2676    8.07022          9 0.0000e+00
    175.000    173.187    -0.0959  28.484702    -0.0965  28.483706     5.9080     5.8855     0.0436    94.9409 1.0000e-12  -66.84288  -68.66271 339.172267      77.70 0.0000e+00   1032.813      24789  1028.3572  1028.3565    34.2682    34.2676    8.07152         10 0.0000e+00
    174.000    172.199    -0.1097  28.467704    -0.1055  28.472938     5.8963     5.8842     0.0594    94.9462 1.0000e-12  -66.84288  -68.66270 339.172271      79.63 0.0000e+00   1033.247      24799  1028.3483  1028.3496    34.2618    34.2640    8.07481         11 0.0000e+00
    173.000    171.210    -0.1437  28.433136    -0.1021  28.477647     5.8963     5.8899     0.0728    94.9466 1.0000e-12  -66.84289  -68.66269 339.172277      81.25 0.0000e+00   1033.748      24811  1028.3402  1028.3466    34.2545    34.2670    8.08240         13 0.0000e+00
    172.000    170.221    -0.1000  28.479573    -0.0923  28.485131     5.9084     5.8928     0.0760    94.9058 1.0000e-12  -66.84290  -68.66268 339.172285      81.72 0.0000e+00   1034.402      24827  1028.3421  1028.3406    34.2678    34.2666    8.07240         20 0.0000e+00
    171.000    169.231    -0.1486  28.427387    -0.1538  28.421185     5.9295     5.9637     0.0791    94.6452 1.0000e-12  -66.84292  -68.66268 339.172399      82.66 0.0000e+00   1044.277      25064  1028.3273  1028.3258    34.2535    34.2511    8.08349         42 0.0000e+00
    170.000    168.244    -0.1707  28.403242    -0.1814  28.392103     5.9507     6.0226     0.0651    94.5761 1.0000e-12  -66.84292  -68.66268 339.172447      83.60 0.0000e+00   1048.431      25163  1028.3181  1028.3167    34.2469    34.2441    8.08855         28 0.0000e+00
    169.000    167.253    -0.1736  28.399363    -0.1772  28.394986     6.0247     6.0252     0.0632    94.8643 1.0000e-12  -66.84292  -68.66268 339.172459      84.57 0.0000e+00   1049.417      25187  1028.3124  1028.3112    34.2456    34.2438    8.08924         25 0.0000e+00
    168.000    166.264    -0.2002  28.371772    -0.2114  28.358210     6.0210     6.0231     0.0585    94.6826 1.0000e-12  -66.84292  -68.66267 339.172475      85.45 0.0000e+00   1050.872      25222  1028.3044  1028.3008    34.2392    34.2338    8.09524         32 0.0000e+00
    167.000    165.276    -0.3333  28.224112    -0.3623  28.191839     6.2642     6.2749     0.0717    94.9003 1.0000e-12  -66.84288  -68.66272 339.172579      85.79 0.0000e+00   1059.843      25437  1028.2689  1028.2629    34.1923    34.1817    8.12626         13 0.0000e+00
    166.000    164.287    -0.3669  28.187128    -0.3727  28.179273     6.2353     6.2668     0.0729    94.9208 1.0000e-12  -66.84288  -68.66272 339.172586      86.86 0.0000e+00   1060.398      25451  1028.2578  1028.2552    34.1811    34.1772    8.13407         12 0.0000e+00
    165.000    163.295    -0.3663  28.188657    -0.3707  28.182876     6.2102     6.2585     0.0802    94.9109 1.0000e-12  -66.84288  -68.66272 339.172592      87.96 0.0000e+00   1060.919      25463  1028.2544  1028.2524    34.1831    34.1804    8.13383         13 0.0000e+00
    164.000    162.307    -0.3699  28.183226    -0.3635  28.189987     6.2120     6.2662     0.0808    94.8972 1.0000e-12  -66.84288  -68.66272 339.172598      89.06 0.0000e+00   1061.455      25476  1028.2477  1028.2488    34.1805    34.1824    8.13475         13 0.0000e+00
    163.000    161.316    -0.3389  28.217424    -0.3413  28.213656     6.2284     6.2768     0.0802    94.9224 1.0000e-12  -66.84290  -68.66270 339.172605      90.14 0.0000e+00   1062.052      25490  1028.2496  1028.2478    34.1921    34.1897    8.12747         16 0.0000e+00
    162.000    160.328    -0.3332  28.222703    -0.3395  28.215184     6.2473     6.2819     0.0977    94.9324 1.0000e-12  -66.84290  -68.66269 339.172614      91.24 0.0000e+00   1062.876      25510  1028.2454  1028.2434    34.1934    34.1904    8.12618         27 0.0000e+00
    161.000    159.339    -0.3654  28.187473    -0.3670  28.184891     6.3804     6.3912     0.0914    94.9094 1.0000e-12  -66.84288  -68.66271 339.172704      91.91 0.0000e+00   1070.654      25697  1028.2334  1028.2322    34.1830    34.1813    8.13364         15 0.0000e+00
    160.000    158.349    -0.4029  28.143644    -0.3818  28.166738     6.3987     6.4146     0.0875    94.9229 1.0000e-12  -66.84288  -68.66272 339.172724      92.92 0.0000e+00   1072.336      25737  1028.2186  1028.2227    34.1671    34.1743    8.14260         13 0.0000e+00
    159.000    157.360    -0.4284  28.116409    -0.4323  28.110937     6.3697     6.4068     0.1143    94.8835 1.0000e-12  -66.84288  -68.66270 339.172731      93.87 0.0000e+00   1072.968      25752  1028.2098  1028.2077    34.1599    34.1569    8.14848         18 0.0000e+00
    158.000    156.371    -0.4343  28.109702    -0.4468  28.095003     6.3713     6.4101     0.1397    94.8925 1.0000e-12  -66.84289  -68.66269 339.172741      95.05 0.0000e+00   1073.845      25773  1028.2039  1028.2003    34.1581    34.1525    8.14984         27 0.0000e+00
    157.000    155.383    -0.4443  28.098382    -0.4426  28.100989     6.4308     6.4553     0.1285    94.9189 1.0000e-12  -66.84289  -68.66269 339.172817      95.70 0.0000e+00   1080.372      25930  1028.1964  1028.1971    34.1548    34.1563    8.15218         15 0.0000e+00
    156.000    154.393    -0.4606  28.080009    -0.4568  28.083691     6.4531     6.4821     0.1201    94.8883 1.0000e-12  -66.84288  -68.66270 339.172852      96.41 0.0000e+00   1083.390      26002  1028.1879  1028.1880    34.1491    34.1498    8.15601         14 0.0000e+00
    155.000    153.403    -0.4601  28.080309    -0.4528  28.087300     6.4669     6.4947     0.1311    94.8983 1.0000e-12  -66.84288  -68.66270 339.172860      97.61 0.0000e+00   1084.061      26018  1028.1833  1028.1836    34.1495    34.1507    8.15587         17 0.0000e+00
    154.000    152.414    -0.4685  28.070390    -0.4644  28.073751     6.4766     6.5070     0.1281    94.8606 1.0000e-12  -66.84288  -68.66268 339.172898      99.17 0.0000e+00   1087.369      26098  1028.1761  1028.1757    34.1463    34.1461    8.15786         33 0.0000e+00
    153.000    151.426    -0.4823  28.055518    -0.4802  28.056937     6.4569     6.5000     0.1368    94.9066 1.0000e-12  -66.84288  -68.66268 339.172966      99.94 0.0000e+00   1093.280      26240  1028.1687  1028.1680    34.1425    34.1420    8.16105         27 0.0000e+00
    152.000    150.434    -0.4649  28.073385    -0.4623  28.075485     6.4816     6.5142     0.1500    94.9057 1.0000e-12  -66.84288  -68.66270 339.172978      99.97 0.0000e+00   1094.292      26264  1028.1666  1028.1662    34.1475    34.1473    8.15702         27 0.0000e+00
    151.000    149.446    -0.4652  28.072544    -0.4685  28.067987     6.4825     6.5334     0.1457    94.8838 1.0000e-12  -66.84288  -68.66270 339.172991      99.97 0.0000e+00   1095.414      26291  1028.1616  1028.1599    34.1473    34.1449    8.15709         28 0.0000e+00
    150.000    148.457    -0.4811  28.054280    -0.4832  28.052052     6.4896     6.5243     0.1748    94.8463 1.0000e-12  -66.84288  -68.66269 339.173006      99.97 0.0000e+00   1096.722      26322  1028.1532  1028.1528    34.1413    34.1406    8.16086         36 0.0000e+00
    149.000    147.467    -0.4813  28.053290    -0.4815  28.053114     6.4925     6.5332     0.1846    94.8493 1.0000e-12  -66.84288  -68.66268 339.173064      99.97 0.0000e+00   1101.752      26443  1028.1476  1028.1475    34.1408    34.1408    8.16094         24 0.0000e+00
    148.000    146.477    -0.4860  28.047963    -0.4817  28.051777     6.4827     6.5484     0.1491    94.8713 1.0000e-12  -66.84288  -68.66268 339.173104      99.97 0.0000e+00   1105.225      26526  1028.1418  1028.1418    34.1395    34.1399    8.16201         19 0.0000e+00
    147.000    145.489    -0.4852  28.048418    -0.4820  28.051055     6.4923     6.5588     0.1250    94.8478 1.0000e-12  -66.84288  -68.66270 339.173114      99.97 0.0000e+00   1106.013      26545  1028.1373  1028.1371    34.1398    34.1398    8.16182         19 0.0000e+00
    146.000    144.498    -0.4906  28.042126    -0.4886  28.043413     6.5264     6.5712     0.1417    94.8761 1.0000e-12  -66.84288  -68.66271 339.173124      99.97 0.0000e+00   1106.941      26568  1028.1315  1028.1310    34.1381    34.1376    8.16309         26 0.0000e+00
    145.000    143.508    -0.4980  28.033897    -0.4954  28.035964     6.5277     6.5733     0.1676    94.8864 1.0000e-12  -66.84287  -68.66272 339.173146      99.97 0.0000e+00   1108.815      26613  1028.1256  1028.1253    34.1360    34.1358    8.16480         38 0.0000e+00
    144.000    142.521    -0.5425  27.983953    -0.5426  27.983075     6.5594     6.6274     0.2157    94.7840 1.0000e-12  -66.84287  -68.66267 339.173216      99.97 0.0000e+00   1114.826      26757  1028.1102  1028.1093    34.1194    34.1184    8.17534         34 0.0000e+00
    143.000    141.530    -0.5172  28.011102    -0.5177  28.009450     6.5703     6.6549     0.2504    94.7715 1.0000e-12  -66.84288  -68.66268 339.173256      99.97 0.0000e+00   1118.345      26841  1028.1100  1028.1086    34.1282    34.1265    8.16938         23 0.0000e+00
    142.000    140.543    -0.5214  28.005341    -0.5215  28.004711     6.6064     6.6722     0.1459    94.8539 1.0000e-12  -66.84288  -68.66268 339.173266      99.97 0.0000e+00   1119.168      26861  1028.1037  1028.1030    34.1258    34.1250    8.17043         19 0.0000e+00
    141.000    139.553    -0.5324  27.992843    -0.5312  27.993299     6.6053     6.6602     0.1461    94.8419 1.0000e-12  -66.84288  -68.66268 339.173275      61.11 0.0000e+00   1119.969      26880  1028.0967  1028.0960    34.1220    34.1212    8.17302         20 0.0000e+00
    140.000    138.562    -0.5548  27.967685    -0.5517  27.970352     6.5987     6.6494     0.1536    94.8413 1.0000e-12  -66.84287  -68.66268 339.173285      83.92 0.0000e+00   1120.847      26901  1028.0871  1028.0870    34.1139    34.1141    8.17831         24 0.0000e+00
    139.000    137.573    -0.5449  27.978346    -0.5390  27.984781     6.6679     6.6778     0.1820    94.7605 1.0000e-12  -66.84287  -68.66267 339.173318     100.69 0.0000e+00   1123.703      26970  1028.0846  1028.0857    34.1178    34.1197    8.17596         25 0.0000e+00
    138.000    136.585    -0.5590  27.961612    -0.5561  27.963961     6.7565     6.7423     0.1753    94.7944 1.0000e-12  -66.84288  -68.66263 339.173367      99.97 0.0000e+00   1127.858      27070  1028.0759  1028.0755    34.1117    34.1116    8.17935         18 0.0000e+00
    137.000    135.594    -0.5870  27.929627    -0.5876  27.928905     6.7261     6.7358     0.1887    94.7509 1.0000e-12  -66.84288  -68.66263 339.173375      99.97 0.0000e+00   1128.622      27088  1028.0643  1028.0641    34.1008    34.1005    8.18603         22 0.0000e+00
    136.000    134.607    -0.5823  27.936010    -0.5704  27.947337     6.7522     6.7692     0.1928    94.7007 1.0000e-12  -66.84288  -68.66266 339.173417      99.97 0.0000e+00   1132.260      27175  1028.0620  1028.0627    34.1047    34.1066    8.18479         29 0.0000e+00
    135.000    133.615    -0.6024  27.911187    -0.5985  27.914656     6.8951     6.8940     0.2093    94.7115 1.0000e-12  -66.84286  -68.66268 339.173462      99.97 0.0000e+00   1136.122      27268  1028.0504  1028.0503    34.0945    34.0948    8.18973         24 0.0000e+00
    134.000    132.627    -0.6224  27.887774    -0.6348  27.873156     6.9372     6.9215     0.2250    94.6924 1.0000e-12  -66.84286  -68.66266 339.173474      99.97 0.0000e+00   1137.132      27292  1028.0400  1028.0365    34.0860    34.0803    8.19453         24 0.0000e+00
    133.000    131.638    -0.6353  27.873496    -0.6524  27.853092     6.9252     6.9163     0.2103    94.6871 1.0000e-12  -66.84286  -68.66266 339.173486      99.97 0.0000e+00   1138.149      27317  1028.0327  1028.0273    34.0820    34.0737    8.19758         25 0.0000e+00
    132.000    130.647    -0.6431  27.864690    -0.6472  27.858672     6.8469     6.8861     0.2428    94.6487 1.0000e-12  -66.84288  -68.66266 339.173499      99.97 0.0000e+00   1139.299      27344  1028.0263  1028.0237    34.0796    34.0760    8.19941         32 0.0000e+00
    131.000    129.660    -0.6236  27.884962    -0.6282  27.879148     6.8758     6.9085     0.2443    94.5904 1.0000e-12  -66.84288  -68.66265 339.173562      99.97 0.0000e+00   1144.723      27474  1028.0244  1028.0223    34.0855    34.0828    8.19483         20 0.0000e+00
    130.000    128.666    -0.6429  27.862401    -0.6417  27.863084     6.9264     6.9356     0.2433    94.5546 1.0000e-12  -66.84288  -68.66266 339.173586      99.97 0.0000e+00   1146.850      27525  1028.0144  1028.0138    34.0774    34.0770    8.19948         19 0.0000e+00
    129.000    127.681    -0.6427  27.862476    -0.6486  27.854777     6.9311     6.9453     0.2590    94.5346 1.0000e-12  -66.84288  -68.66266 339.173601      99.97 0.0000e+00   1148.130      27556  1028.0098  1028.0071    34.0779    34.0742    8.19941         31 0.0000e+00
