NBP2113_155081_ctd/data/unbp2113_065.cnv
* Sea-Bird SBE 9 Data File:
* FileName = D:\Data\raw\NBP2113_065.hex
* Software Version Seasave V 7.26.7.121
* Temperature SN = 2438
* Conductivity SN = 2067
* Number of Bytes Per Scan = 40
* Number of Voltage Words = 5
* Number of Scans Averaged by the Deck Unit = 1
* NMEA Latitude = 64 10.49 S
* NMEA Longitude = 061 56.61 W
* NMEA UTC (Time) = Dec 14 2021  14:58:16
* NMEA baud rate = 9600
** Ship: RVIB N.B. Palmer
** Cruise: NBP2113 LTER
** Station: 741.005
** Operator: B. Urmston
# nquan = 25
# nvalues = 671                         
# units = specified
# name 0 = prDM: Pressure, Digiquartz [db]
# name 1 = depSM: Depth [salt water, m]
# name 2 = t090C: Temperature [ITS-90, deg C]
# name 3 = c0mS/cm: Conductivity [mS/cm]
# name 4 = t190C: Temperature, 2 [ITS-90, deg C]
# name 5 = c1mS/cm: Conductivity, 2 [mS/cm]
# name 6 = sbeox0ML/L: Oxygen, SBE 43 [ml/l]
# name 7 = sbeox1ML/L: Oxygen, SBE 43, 2 [ml/l]
# name 8 = flECO-AFL: Fluorescence, WET Labs ECO-AFL/FL [mg/m^3]
# name 9 = CStarTr0: Beam Transmission, WET Labs C-Star [%]
# name 10 = par: PAR/Irradiance, Biospherical/Licor
# name 11 = latitude: Latitude [deg]
# name 12 = longitude: Longitude [deg]
# name 13 = timeJ: Julian Days
# name 14 = altM: Altimeter [m]
# name 15 = spar: SPAR, Biospherical/Licor
# name 16 = timeS: Time, Elapsed [seconds]
# name 17 = scan: Scan Count
# name 18 = density00: Density [density, kg/m^3]
# name 19 = density11: Density, 2 [density, kg/m^3]
# name 20 = sal00: Salinity, Practical [PSU]
# name 21 = sal11: Salinity, Practical, 2 [PSU]
# name 22 = oxsolML/L: Oxygen Saturation, Garcia & Gordon [ml/l]
# name 23 = nbin: number of scans per bin
# name 24 = flag: flag
# span 0 =      1.000,    671.000       
# span 1 =      0.991,    663.388       
# span 2 =    -0.6462,     0.4502       
# span 3 =  28.438985,  29.119730       
# span 4 =    -0.6468,     0.4505       
# span 5 =  28.436983,  29.119969       
# span 6 =     5.2592,    20.6485       
# span 7 =     5.3832,     7.5813       
# span 8 =    -0.0297,     1.3733       
# span 9 =    83.5157,    89.7156       
# span 10 = 1.0000e-12, 6.9565e+02      
# span 11 =  -64.17450,  -64.17414      
# span 12 =  -61.94260,  -61.94192      
# span 13 = 348.638562, 348.648197      
# span 14 =      10.33,      99.97      
# span 15 = 4.8127e+02, 6.1888e+02      
# span 16 =   1275.740,   2108.263      
# span 17 =      30619,      50599      
# span 18 =  1027.3291,  1030.9485      
# span 19 =  1027.3279,  1030.9472      
# span 20 =    34.0527,    34.5354      
# span 21 =    34.0512,    34.5338      
# span 22 =    7.94611,    8.17390      
# span 23 =         24,         49      
# span 24 = 0.0000e+00, 0.0000e+00      
# interval = decibars: 1                
# start_time = Dec 14 2021 14:58:16 [NMEA time, header]
# bad_flag = -9.990e-29
*END*
[from data line 290]
    381.000    376.940    -0.2954  28.595988    -0.2965  28.593857     5.7645     5.8533    -0.0216    89.5745 1.0000e-12  -64.17446  -61.94252 348.642591      99.97 5.6941e+02   1623.828      38973  1029.5427  1029.5416    34.5166    34.5150    8.09968         27 0.0000e+00
    380.000    375.951    -0.2967  28.594534    -0.2961  28.594085     5.7750     5.8538    -0.0215    89.5660 1.0000e-12  -64.17446  -61.94252 348.642603      99.97 5.6941e+02   1624.927      38999  1029.5383  1029.5372    34.5167    34.5155    8.09994         26 0.0000e+00
    379.000    374.965    -0.2988  28.592159    -0.2990  28.591003     5.7682     5.8479    -0.0182    89.5761 1.0000e-12  -64.17446  -61.94252 348.642616      99.97 5.6878e+02   1626.065      39027  1029.5336  1029.5326    34.5165    34.5153    8.10040         28 0.0000e+00
    378.000    373.974    -0.2964  28.593523    -0.2935  28.595054     5.7598     5.8412    -0.0098    89.5744 1.0000e-12  -64.17446  -61.94252 348.642631      99.97 5.6765e+02   1627.295      39056  1029.5285  1029.5273    34.5162    34.5151    8.09991         31 0.0000e+00
    377.000    372.987    -0.2861  28.602312    -0.2882  28.599439     5.7495     5.8387    -0.0176    89.5702 1.0000e-12  -64.17446  -61.94252 348.642646      99.97 5.6765e+02   1628.580      39087  1029.5235  1029.5225    34.5169    34.5155    8.09768         31 0.0000e+00
    376.000    371.997    -0.2799  28.607556    -0.2804  28.606029     5.7379     5.8338    -0.0211    89.5669 1.0000e-12  -64.17446  -61.94252 348.642660      99.97 5.6759e+02   1629.804      39116  1029.5187  1029.5176    34.5175    34.5161    8.09633         28 0.0000e+00
    375.000    371.009    -0.2774  28.609299    -0.2778  28.607878     5.7321     5.8351    -0.0156    89.5669 1.0000e-12  -64.17446  -61.94252 348.642673      99.97 5.6629e+02   1630.936      39143  1029.5140  1029.5129    34.5177    34.5162    8.09580         26 0.0000e+00
    374.000    370.021    -0.2754  28.610366    -0.2751  28.609446     5.7426     5.8332    -0.0216    89.5669 1.0000e-12  -64.17446  -61.94252 348.642686      99.97 5.6588e+02   1632.055      39170  1029.5089  1029.5077    34.5174    34.5159    8.09538         28 0.0000e+00
    373.000    369.032    -0.2734  28.611381    -0.2729  28.610836     5.7424     5.8280    -0.0224    89.5669 1.0000e-12  -64.17446  -61.94252 348.642700      99.97 5.6588e+02   1633.263      39199  1029.5039  1029.5028    34.5171    34.5158    8.09498         30 0.0000e+00
    372.000    368.044    -0.2698  28.613897    -0.2705  28.612319     5.7452     5.8236    -0.0224    89.5669 1.0000e-12  -64.17446  -61.94252 348.642714      99.97 5.6588e+02   1634.526      39230  1029.4989  1029.4979    34.5170    34.5157    8.09422         30 0.0000e+00
    371.000    367.057    -0.2675  28.615478    -0.2681  28.613904     5.7379     5.8217    -0.0224    89.5430 1.0000e-12  -64.17446  -61.94252 348.642729      99.97 5.6512e+02   1635.765      39259  1029.4941  1029.4930    34.5171    34.5157    8.09372         30 0.0000e+00
    370.000    366.066    -0.2631  28.618512    -0.2621  28.618460     5.7193     5.8110    -0.0224    89.5568 1.0000e-12  -64.17446  -61.94252 348.642743      99.97 5.6412e+02   1636.983      39289  1029.4888  1029.4877    34.5168    34.5156    8.09281         28 0.0000e+00
    369.000    365.079    -0.2569  28.623436    -0.2570  28.622506     5.7128     5.8049    -0.0218    89.5797 1.0000e-12  -64.17446  -61.94254 348.642756      99.97 5.6412e+02   1638.142      39316  1029.4837  1029.4829    34.5170    34.5158    8.09149         27 0.0000e+00
    368.000    364.090    -0.2478  28.631042    -0.2503  28.627929     5.7127     5.8026    -0.0176    89.5567 1.0000e-12  -64.17446  -61.94254 348.642769      99.97 5.6273e+02   1639.278      39344  1029.4787  1029.4778    34.5174    34.5161    8.08953         28 0.0000e+00
    367.000    363.101    -0.2430  28.634930    -0.2451  28.632441     5.7054     5.7951    -0.0148    89.5603 1.0000e-12  -64.17446  -61.94254 348.642784      99.97 5.6236e+02   1640.502      39373  1029.4739  1029.4733    34.5178    34.5168    8.08849         31 0.0000e+00
    366.000    362.114    -0.2415  28.635870    -0.2424  28.633931     5.7023     5.7900    -0.0203    89.5459 1.0000e-12  -64.17446  -61.94254 348.642799      99.97 5.6236e+02   1641.791      39404  1029.4693  1029.4681    34.5179    34.5164    8.08816         30 0.0000e+00
    365.000    361.123    -0.2354  28.640648    -0.2359  28.639012     5.7023     5.7874    -0.0225    89.5411 1.0000e-12  -64.17446  -61.94254 348.642812      99.97 5.6236e+02   1642.992      39433  1029.4642  1029.4630    34.5180    34.5164    8.08686         26 0.0000e+00
    364.000    360.135    -0.2313  28.643677    -0.2312  28.642855     5.6949     5.7820    -0.0224    89.5412 1.0000e-12  -64.17446  -61.94254 348.642826      99.97 5.6236e+02   1644.151      39461  1029.4592  1029.4582    34.5179    34.5168    8.08599         28 0.0000e+00
    363.000    359.149    -0.2227  28.650676    -0.2215  28.650603     5.6929     5.7798    -0.0213    89.5412 1.0000e-12  -64.17446  -61.94254 348.642840      99.97 5.6079e+02   1645.347      39489  1029.4540  1029.4528    34.5182    34.5168    8.08417         30 0.0000e+00
    362.000    358.159    -0.2175  28.654732    -0.2158  28.655329     5.6921     5.7732    -0.0156    89.5375 1.0000e-12  -64.17446  -61.94254 348.642854      99.97 5.6048e+02   1646.554      39518  1029.4491  1029.4481    34.5183    34.5172    8.08305         28 0.0000e+00
    361.000    357.171    -0.2137  28.657619    -0.2137  28.656657     5.6956     5.7726    -0.0191    89.5364 1.0000e-12  -64.17446  -61.94254 348.642868      99.97 5.5882e+02   1647.760      39547  1029.4443  1029.4432    34.5185    34.5172    8.08224         27 0.0000e+00
    360.000    356.182    -0.2100  28.660289    -0.2108  28.658549     5.6972     5.7704    -0.0144    89.5307 1.0000e-12  -64.17446  -61.94254 348.642881      99.97 5.5883e+02   1648.924      39575  1029.4394  1029.4383    34.5185    34.5171    8.08146         27 0.0000e+00
    359.000    355.193    -0.2093  28.660274    -0.2103  28.658582     5.6986     5.7761    -0.0158    89.5135 1.0000e-12  -64.17446  -61.94254 348.642894      99.97 5.5785e+02   1650.069      39603  1029.4345  1029.4337    34.5183    34.5172    8.08132         28 0.0000e+00
    358.000    354.204    -0.2084  28.660624    -0.2089  28.659304     5.6920     5.7766    -0.0141    89.5212 1.0000e-12  -64.17446  -61.94254 348.642908      99.97 5.5708e+02   1651.281      39632  1029.4298  1029.4289    34.5183    34.5171    8.08113         31 0.0000e+00
    357.000    353.217    -0.2082  28.660387    -0.2083  28.659282     5.6949     5.7778    -0.0164    89.5307 1.0000e-12  -64.17446  -61.94254 348.642924      99.97 5.5707e+02   1652.605      39664  1029.4252  1029.4241    34.5183    34.5170    8.08107         32 0.0000e+00
    356.000    352.228    -0.2074  28.660406    -0.2078  28.659245     5.6938     5.7728    -0.0153    89.5468 1.0000e-12  -64.17446  -61.94254 348.642938      99.97 5.5594e+02   1653.861      39694  1029.4203  1029.4194    34.5181    34.5170    8.08093         28 0.0000e+00
    355.000    351.240    -0.2072  28.660281    -0.2074  28.659039     5.6828     5.7790    -0.0207    89.5412 1.0000e-12  -64.17446  -61.94254 348.642951      99.97 5.5530e+02   1654.988      39721  1029.4157  1029.4146    34.5183    34.5169    8.08087         26 0.0000e+00
    354.000    350.251    -0.2064  28.660324    -0.2065  28.659167     5.6825     5.7792    -0.0155    89.5279 1.0000e-12  -64.17446  -61.94254 348.642964      99.97 5.5531e+02   1656.121      39748  1029.4108  1029.4096    34.5180    34.5166    8.08072         29 0.0000e+00
    353.000    349.262    -0.2027  28.662778    -0.2027  28.662008     5.6800     5.7667    -0.0206    89.5562 1.0000e-12  -64.17446  -61.94254 348.642978      99.97 5.5531e+02   1657.332      39777  1029.4056  1029.4047    34.5178    34.5168    8.07995         29 0.0000e+00
    352.000    348.275    -0.1998  28.664841    -0.1969  28.666329     5.6732     5.7539    -0.0153    89.5589 1.0000e-12  -64.17446  -61.94254 348.642993      99.97 5.5531e+02   1658.569      39807  1029.4007  1029.3993    34.5179    34.5165    8.07934         29 0.0000e+00
    351.000    347.283    -0.1888  28.673600    -0.1853  28.676015     5.6692     5.7492    -0.0221    89.5466 1.0000e-12  -64.17446  -61.94254 348.643007      99.97 5.5531e+02   1659.787      39836  1029.3950  1029.3940    34.5176    34.5169    8.07701         29 0.0000e+00
    350.000    346.297    -0.1794  28.681457    -0.1756  28.683749     5.6613     5.7416    -0.0191    89.5597 1.0000e-12  -64.17446  -61.94254 348.643021      99.97 5.5531e+02   1660.994      39865  1029.3899  1029.3886    34.5181    34.5169    8.07501         29 0.0000e+00
    349.000    345.308    -0.1750  28.684815    -0.1681  28.690005     5.6493     5.7344    -0.0102    89.5612 1.0000e-12  -64.17446  -61.94256 348.643034      99.97 5.5531e+02   1662.158      39893  1029.3849  1029.3837    34.5182    34.5173    8.07407         27 0.0000e+00
    348.000    344.318    -0.1573  28.699895    -0.1574  28.698557     5.6405     5.7338    -0.0104    89.5600 1.0000e-12  -64.17446  -61.94254 348.643048      99.97 5.5531e+02   1663.358      39922  1029.3793  1029.3780    34.5189    34.5172    8.07029         30 0.0000e+00
    347.000    343.331    -0.1538  28.702379    -0.1521  28.702707     5.6419     5.7344    -0.0192    89.5544 1.0000e-12  -64.17446  -61.94255 348.643062      99.97 5.5531e+02   1664.598      39951  1029.3744  1029.3731    34.5188    34.5174    8.06954         29 0.0000e+00
    346.000    342.344    -0.1486  28.706184    -0.1483  28.705475     5.6402     5.7373    -0.0151    89.5468 1.0000e-12  -64.17446  -61.94255 348.643076      99.97 5.5695e+02   1665.791      39980  1029.3692  1029.3682    34.5186    34.5173    8.06846         26 0.0000e+00
    345.000    341.354    -0.1485  28.705883    -0.1498  28.703725     5.6540     5.7439    -0.0203    89.5504 1.0000e-12  -64.17446  -61.94255 348.643089      99.97 5.5707e+02   1666.932      40007  1029.3647  1029.3637    34.5187    34.5173    8.06844         28 0.0000e+00
    344.000    340.364    -0.1568  28.697809    -0.1616  28.692416     5.6831     5.7571    -0.0283    89.5282 1.0000e-12  -64.17446  -61.94254 348.643103      99.97 5.5707e+02   1668.105      40036  1029.3602  1029.3592    34.5180    34.5162    8.07024         29 0.0000e+00
    343.000    339.376    -0.1700  28.684662    -0.1754  28.678830     5.6955     5.7620    -0.0160    89.4032 1.0000e-12  -64.17448  -61.94254 348.643117      99.97 5.5668e+02   1669.351      40065  1029.3551  1029.3542    34.5160    34.5143    8.07314         31 0.0000e+00
    342.000    338.389    -0.1755  28.678851    -0.1782  28.675456     5.6956     5.7637    -0.0155    89.5629 1.0000e-12  -64.17446  -61.94254 348.643132      99.97 5.5531e+02   1670.621      40096  1029.3501  1029.3492    34.5151    34.5136    8.07436         29 0.0000e+00
    341.000    337.398    -0.1800  28.674350    -0.1805  28.672854     5.6983     5.7699    -0.0211    89.5660 1.0000e-12  -64.17446  -61.94254 348.643146      99.97 5.5531e+02   1671.817      40125  1029.3454  1029.3443    34.5147    34.5133    8.07531         28 0.0000e+00
    340.000    336.412    -0.1828  28.671233    -0.1832  28.670056     5.7071     5.7747    -0.0215    89.5627 1.0000e-12  -64.17446  -61.94254 348.643159      99.97 5.5524e+02   1672.935      40151  1029.3406  1029.3398    34.5143    34.5133    8.07593         24 0.0000e+00
    339.000    335.420    -0.1957  28.659476    -0.1974  28.656825     5.7203     5.7836    -0.0194    89.5641 1.0000e-12  -64.17447  -61.94254 348.643172      99.97 5.5386e+02   1674.049      40178  1029.3365  1029.3354    34.5138    34.5123    8.07869         27 0.0000e+00
    338.000    334.432    -0.2012  28.653460    -0.2065  28.647739     5.7305     5.7914    -0.0143    89.5212 1.0000e-12  -64.17448  -61.94254 348.643186      99.97 5.5354e+02   1675.238      40207  1029.3313  1029.3304    34.5127    34.5111    8.07992         29 0.0000e+00
    337.000    333.445    -0.2108  28.644070    -0.2156  28.638836     5.7267     5.7912    -0.0180    89.5544 1.0000e-12  -64.17448  -61.94254 348.643200      99.97 5.5354e+02   1676.492      40237  1029.3264  1029.3255    34.5116    34.5100    8.08202         30 0.0000e+00
    336.000    332.455    -0.2088  28.644277    -0.2060  28.645669     5.7020     5.7768    -0.0120    89.5687 1.0000e-12  -64.17448  -61.94254 348.643214      99.96 5.5354e+02   1677.712      40266  1029.3203  1029.3189    34.5103    34.5089    8.08167         29 0.0000e+00
    335.000    331.468    -0.1943  28.656668    -0.1910  28.658707     5.6976     5.7713    -0.0166    89.5734 1.0000e-12  -64.17448  -61.94254 348.643228      99.97 5.5308e+02   1678.899      40295  1029.3148  1029.3136    34.5110    34.5099    8.07856         28 0.0000e+00
    334.000    330.478    -0.1854  28.664308    -0.1809  28.667315     5.6819     5.7683    -0.0163    89.5669 1.0000e-12  -64.17448  -61.94256 348.643242      99.97 5.5304e+02   1680.071      40323  1029.3099  1029.3086    34.5117    34.5106    8.07664         28 0.0000e+00
    333.000    329.489    -0.1766  28.671404    -0.1746  28.672671     5.6775     5.7617    -0.0208    89.5669 1.0000e-12  -64.17448  -61.94256 348.643255      99.97 5.5240e+02   1681.274      40352  1029.3045  1029.3038    34.5119    34.5112    8.07477         29 0.0000e+00
    332.000    328.502    -0.1684  28.678543    -0.1671  28.678522     5.6749     5.7583    -0.0138    89.5669 1.0000e-12  -64.17448  -61.94256 348.643270      99.97 5.5178e+02   1682.538      40382  1029.2998  1029.2985    34.5127    34.5112    8.07299         31 0.0000e+00
    331.000    327.513    -0.1648  28.681243    -0.1636  28.681229     5.6727     5.7588    -0.0094    89.5483 1.0000e-12  -64.17448  -61.94256 348.643285      99.97 5.5178e+02   1683.814      40413  1029.2949  1029.2938    34.5127    34.5114    8.07221         30 0.0000e+00
    330.000    326.525    -0.1635  28.682051    -0.1629  28.681511     5.6758     5.7586    -0.0193    89.5403 1.0000e-12  -64.17448  -61.94256 348.643299      99.97 5.5178e+02   1685.059      40442  1029.2903  1029.2891    34.5130    34.5116    8.07194         27 0.0000e+00
    329.000    325.534    -0.1657  28.679461    -0.1673  28.677086     5.6851     5.7640    -0.0149    89.5582 1.0000e-12  -64.17446  -61.94256 348.643312      99.97 5.5178e+02   1686.201      40470  1029.2855  1029.2847    34.5126    34.5113    8.07242         26 0.0000e+00
    328.000    324.547    -0.1708  28.674256    -0.1725  28.671530     5.6889     5.7659    -0.0198    89.5627 1.0000e-12  -64.17448  -61.94256 348.643325      99.97 5.5178e+02   1687.307      40496  1029.2808  1029.2796    34.5120    34.5104    8.07352         27 0.0000e+00
    327.000    323.558    -0.1735  28.670823    -0.1740  28.669380     5.6877     5.7607    -0.0256    89.5668 1.0000e-12  -64.17448  -61.94256 348.643339      99.97 5.5178e+02   1688.480      40525  1029.2756  1029.2745    34.5111    34.5097    8.07415         29 0.0000e+00
    326.000    322.570    -0.1729  28.670636    -0.1728  28.669761     5.6828     5.7600    -0.0208    89.5669 1.0000e-12  -64.17448  -61.94256 348.643353      99.97 5.5178e+02   1689.718      40554  1029.2706  1029.2695    34.5109    34.5096    8.07405         29 0.0000e+00
    325.000    321.579    -0.1713  28.671498    -0.1707  28.671008     5.6835     5.7608    -0.0107    89.5669 1.0000e-12  -64.17448  -61.94256 348.643367      99.97 5.5178e+02   1690.937      40583  1029.2656  1029.2645    34.5107    34.5094    8.07370         27 0.0000e+00
