NBP2113_155081_ctd/data/unbp2113_040.cnv
* Sea-Bird SBE 9 Data File:
* FileName = D:\Data\raw\NBP2113_040.hex
* Software Version Seasave V 7.26.7.121
* Temperature SN = 2438
* Conductivity SN = 2067
* Number of Bytes Per Scan = 40
* Number of Voltage Words = 5
* Number of Scans Averaged by the Deck Unit = 1
* NMEA Latitude = 64 51.74 S
* NMEA Longitude = 063 55.31 W
* NMEA UTC (Time) = Dec 10 2021  12:43:38
* NMEA baud rate = 9600
** Ship: RVIB N.B. Palmer
** Cruise: NBP2113 LTER
** Station: 621.028
** Operator: B. Urmston
# nquan = 25
# nvalues = 377                         
# units = specified
# name 0 = prDM: Pressure, Digiquartz [db]
# name 1 = depSM: Depth [salt water, m]
# name 2 = t090C: Temperature [ITS-90, deg C]
# name 3 = c0mS/cm: Conductivity [mS/cm]
# name 4 = t190C: Temperature, 2 [ITS-90, deg C]
# name 5 = c1mS/cm: Conductivity, 2 [mS/cm]
# name 6 = sbeox0ML/L: Oxygen, SBE 43 [ml/l]
# name 7 = sbeox1ML/L: Oxygen, SBE 43, 2 [ml/l]
# name 8 = flECO-AFL: Fluorescence, WET Labs ECO-AFL/FL [mg/m^3]
# name 9 = CStarTr0: Beam Transmission, WET Labs C-Star [%]
# name 10 = par: PAR/Irradiance, Biospherical/Licor
# name 11 = latitude: Latitude [deg]
# name 12 = longitude: Longitude [deg]
# name 13 = timeJ: Julian Days
# name 14 = altM: Altimeter [m]
# name 15 = spar: SPAR, Biospherical/Licor
# name 16 = timeS: Time, Elapsed [seconds]
# name 17 = scan: Scan Count
# name 18 = density00: Density [density, kg/m^3]
# name 19 = density11: Density, 2 [density, kg/m^3]
# name 20 = sal00: Salinity, Practical [PSU]
# name 21 = sal11: Salinity, Practical, 2 [PSU]
# name 22 = oxsolML/L: Oxygen Saturation, Garcia & Gordon [ml/l]
# name 23 = nbin: number of scans per bin
# name 24 = flag: flag
# span 0 =      1.000,    377.000       
# span 1 =      0.988,    372.969       
# span 2 =    -0.3617,     1.2709       
# span 3 =  27.899808,  30.020904       
# span 4 =    -0.3609,     1.2707       
# span 5 =  27.897651,  30.019758       
# span 6 =     4.3210,     9.2503       
# span 7 =     4.3863,     9.9552       
# span 8 =    -0.0151,     1.8783       
# span 9 =    88.4251,    94.7529       
# span 10 = 1.0000e-12, 5.1464e+02      
# span 11 =  -64.86224,  -64.86194      
# span 12 =  -63.92210,  -63.92190      
# span 13 = 344.542113, 344.552546      
# span 14 =       0.69,     103.60      
# span 15 = 2.8206e+02, 4.0197e+02      
# span 16 =   1020.525,   1921.942      
# span 17 =      24494,      46128      
# span 18 =  1027.1548,  1029.5069      
# span 19 =  1027.1534,  1029.5059      
# span 20 =    33.7969,    34.6324      
# span 21 =    33.7945,    34.6310      
# span 22 =    7.77195,    8.14608      
# span 23 =         15,         49      
# span 24 = 0.0000e+00, 0.0000e+00      
# interval = decibars: 1                
# start_time = Dec 10 2021 12:43:38 [NMEA time, header]
# bad_flag = -9.990e-29
*END*
[from data line 232]
    145.000    143.529     0.3834  28.978211     0.3821  28.975306     5.4609     5.5017     0.0369    94.5832 1.0000e-12  -64.86216  -63.92196 344.548902      99.97 2.8206e+02   1607.103      38571  1028.2920  1028.2901    34.4013    34.3990    7.96398         30 0.0000e+00
    144.000    142.539     0.3927  28.985888     0.3963  28.988877     5.4549     5.5070     0.0416    94.5755 1.0000e-12  -64.86216  -63.92196 344.548919      99.97 2.8206e+02   1608.632      38608  1028.2865  1028.2860    34.4016    34.4015    7.96206         37 0.0000e+00
    143.000    141.551     0.3885  28.983839     0.3877  28.981593     5.4808     5.5301     0.0388    94.5918 1.0000e-12  -64.86216  -63.92196 344.548940      99.97 2.8206e+02   1610.414      38651  1028.2841  1028.2823    34.4042    34.4021    7.96278         39 0.0000e+00
    142.000    140.561     0.3752  28.968225     0.3727  28.964733     5.5009     5.5427     0.0382    94.5773 1.0000e-12  -64.86216  -63.92196 344.548957      99.97 2.8206e+02   1611.917      38687  1028.2762  1028.2749    34.3992    34.3974    7.96581         34 0.0000e+00
    141.000    139.571     0.3662  28.959053     0.3623  28.954135     5.5007     5.5547     0.0366    94.5900 1.0000e-12  -64.86216  -63.92196 344.548974      99.97 2.8206e+02   1613.328      38721  1028.2710  1028.2695    34.3978    34.3957    7.96774         33 0.0000e+00
    140.000    138.583     0.3581  28.950252     0.3596  28.950987     5.5088     5.5714     0.0424    94.5754 1.0000e-12  -64.86215  -63.92196 344.548988      99.97 2.8206e+02   1614.571      38751  1028.2652  1028.2644    34.3958    34.3951    7.96951         27 0.0000e+00
    139.000    137.592     0.3539  28.945701     0.3507  28.941404     5.5022     5.5790     0.0352    94.5783 1.0000e-12  -64.86214  -63.92196 344.548999      99.97 2.8206e+02   1615.541      38774  1028.2602  1028.2587    34.3952    34.3931    7.97042         21 0.0000e+00
    138.000    136.603     0.3481  28.939481     0.3461  28.936467     5.5226     5.5895     0.0358    94.5653 1.0000e-12  -64.86214  -63.92198 344.549009      99.97 2.8206e+02   1616.350      38793  1028.2550  1028.2537    34.3941    34.3924    7.97169         18 0.0000e+00
    137.000    135.614     0.3445  28.935285     0.3440  28.933541     5.5402     5.5954     0.0325    94.5607 1.0000e-12  -64.86214  -63.92198 344.549017      99.97 2.8384e+02   1617.069      38811  1028.2497  1028.2483    34.3932    34.3915    7.97247         16 0.0000e+00
    136.000    134.624     0.3432  28.933013     0.3423  28.931121     5.5467     5.5964     0.0284    94.5376 1.0000e-12  -64.86214  -63.92198 344.549025      99.97 2.8382e+02   1617.767      38827  1028.2442  1028.2431    34.3923    34.3908    7.97279         17 0.0000e+00
    135.000    133.634     0.3409  28.930247     0.3366  28.925525     5.5414     5.5961     0.0347    94.5353 1.0000e-12  -64.86214  -63.92198 344.549034      99.97 2.8382e+02   1618.517      38845  1028.2392  1028.2384    34.3919    34.3905    7.97330         20 0.0000e+00
    134.000    132.644     0.3394  28.928197     0.3336  28.921297     5.5393     5.5925     0.0409    94.5533 1.0000e-12  -64.86214  -63.92196 344.549045      99.97 2.8382e+02   1619.497      38869  1028.2341  1028.2325    34.3914    34.3888    7.97363         28 0.0000e+00
    133.000    131.655     0.3393  28.928221     0.3405  28.927883     5.5384     5.5906     0.0345    94.5586 1.0000e-12  -64.86214  -63.92195 344.549071      99.97 2.8233e+02   1621.749      38923  1028.2298  1028.2282    34.3922    34.3904    7.97362         33 0.0000e+00
    132.000    130.667     0.3416  28.929845     0.3404  28.927748     5.5411     5.6057     0.0384    94.5626 1.0000e-12  -64.86214  -63.92194 344.549097      99.98 2.8390e+02   1623.968      38976  1028.2248  1028.2237    34.3923    34.3910    7.97312         30 0.0000e+00
    131.000    129.675     0.3342  28.922515     0.3351  28.922076     5.5618     5.6133     0.0295    94.5507 1.0000e-12  -64.86214  -63.92195 344.549108      99.97 2.8382e+02   1624.925      38999  1028.2200  1028.2186    34.3916    34.3900    7.97471         21 0.0000e+00
    130.000    128.686     0.3224  28.909618     0.3216  28.907753     5.5734     5.6150     0.0285    94.5338 1.0000e-12  -64.86214  -63.92196 344.549118      99.97 2.8438e+02   1625.757      39019  1028.2137  1028.2124    34.3884    34.3868    7.97731         19 0.0000e+00
    129.000    127.696     0.3158  28.900692     0.3110  28.893911     5.5619     5.6186     0.0278    94.5353 1.0000e-12  -64.86214  -63.92196 344.549127      99.97 2.8541e+02   1626.560      39038  1028.2064  1028.2039    34.3847    34.3811    7.97890         20 0.0000e+00
    128.000    126.707     0.3090  28.892110     0.3077  28.889188     5.5485     5.6175     0.0435    94.5468 1.0000e-12  -64.86214  -63.92196 344.549136      99.97 2.8559e+02   1627.391      39058  1028.1997  1028.1978    34.3816    34.3792    7.98047         20 0.0000e+00
    127.000    125.718     0.3077  28.889045     0.3064  28.886606     5.5460     5.6152     0.0487    94.5610 1.0000e-12  -64.86214  -63.92196 344.549146      99.97 2.8559e+02   1628.237      39079  1028.1934  1028.1920    34.3797    34.3778    7.98086         21 0.0000e+00
    126.000    124.728     0.3028  28.883179     0.3021  28.881042     5.5522     5.6090     0.0440    94.5624 1.0000e-12  -64.86212  -63.92196 344.549156      99.97 2.8559e+02   1629.113      39100  1028.1876  1028.1860    34.3780    34.3759    7.98196         21 0.0000e+00
    125.000    123.737     0.3006  28.878748     0.3000  28.876982     5.5413     5.6071     0.0348    94.5624 1.0000e-12  -64.86212  -63.92196 344.549167      99.97 2.8559e+02   1630.053      39122  1028.1807  1028.1793    34.3752    34.3735    7.98256         24 0.0000e+00
    124.000    122.749     0.3001  28.876829     0.2999  28.875737     5.5319     5.6102     0.0434    94.5793 1.0000e-12  -64.86212  -63.92196 344.549180      99.97 2.8559e+02   1631.174      39149  1028.1748  1028.1738    34.3739    34.3726    7.98275         30 0.0000e+00
    123.000    121.759     0.3057  28.883602     0.3035  28.879718     5.5440     5.6081     0.0411    94.5636 1.0000e-12  -64.86212  -63.92194 344.549201      99.97 2.8559e+02   1632.980      39193  1028.1720  1028.1700    34.3771    34.3744    7.98141         46 0.0000e+00
    122.000    120.769     0.3045  28.882630     0.3083  28.885976     5.5554     5.6120     0.0462    94.5734 1.1129e-03  -64.86212  -63.92194 344.549225      99.97 2.8559e+02   1635.071      39243  1028.1678  1028.1675    34.3778    34.3779    7.98161         37 0.0000e+00
    121.000    119.780     0.3017  28.877167     0.3009  28.874998     5.5598     5.6247     0.0351    94.5666 3.4985e-03  -64.86212  -63.92196 344.549239      99.97 2.8596e+02   1636.251      39271  1028.1605  1028.1589    34.3743    34.3724    7.98239         24 0.0000e+00
    120.000    118.791     0.2892  28.862211     0.2906  28.863096     5.5660     5.6291     0.0267    94.5883 6.0565e-03  -64.86212  -63.92196 344.549250      99.98 2.8720e+02   1637.177      39293  1028.1526  1028.1521    34.3692    34.3688    7.98526         21 0.0000e+00
    119.000    117.801     0.2825  28.852939     0.2795  28.848333     5.5705     5.6340     0.0275    94.5881 8.2080e-03  -64.86212  -63.92196 344.549260      99.97 2.8735e+02   1638.045      39314  1028.1451  1028.1431    34.3652    34.3624    7.98689         21 0.0000e+00
    118.000    116.810     0.2795  28.848566     0.2787  28.846591     5.5706     5.6422     0.0381    94.5881 1.0503e-02  -64.86212  -63.92196 344.549271      99.97 2.8735e+02   1638.978      39336  1028.1390  1028.1377    34.3633    34.3616    7.98761         24 0.0000e+00
    117.000    115.821     0.2763  28.844733     0.2724  28.839174     5.5808     5.6429     0.0537    94.5881 1.3039e-02  -64.86212  -63.92196 344.549283      99.97 2.8735e+02   1640.089      39363  1028.1337  1028.1317    34.3625    34.3595    7.98832         29 0.0000e+00
    116.000    114.831     0.2745  28.841843     0.2648  28.829958     5.5884     5.6453     0.0489    94.5881 1.5099e-02  -64.86212  -63.92196 344.549298      99.98 2.8735e+02   1641.360      39394  1028.1280  1028.1250    34.3613    34.3565    7.98875         30 0.0000e+00
    115.000    113.842     0.2675  28.833445     0.2625  28.826787     5.5804     5.6510     0.0485    94.5881 1.7989e-02  -64.86212  -63.92196 344.549312      99.97 2.8735e+02   1642.579      39423  1028.1217  1028.1195    34.3586    34.3555    7.99035         28 0.0000e+00
    114.000    112.854     0.2576  28.822090     0.2516  28.814162     5.5905     5.6555     0.0564    94.5881 2.1297e-02  -64.86212  -63.92196 344.549326      99.97 2.8735e+02   1643.747      39451  1028.1150  1028.1125    34.3554    34.3517    7.99260         29 0.0000e+00
    113.000    111.862     0.2455  28.807767     0.2398  28.800231     5.5799     5.6545     0.0525    94.5881 2.5407e-02  -64.86212  -63.92196 344.549342      99.97 2.8735e+02   1645.129      39484  1028.1073  1028.1049    34.3506    34.3471    7.99537         36 0.0000e+00
    112.000    110.872     0.2597  28.823293     0.2381  28.797561     5.5939     5.6635     0.0583    94.5622 3.0172e-02  -64.86212  -63.92196 344.549362      99.97 2.8735e+02   1646.845      39525  1028.1053  1028.0992    34.3559    34.3461    7.99214         34 0.0000e+00
    111.000    109.883     0.2401  28.801293     0.2315  28.789990     5.6029     5.6807     0.0664    94.5895 3.4155e-02  -64.86212  -63.92196 344.549380      99.98 2.8757e+02   1648.429      39563  1028.0969  1028.0932    34.3493    34.3441    7.99656         32 0.0000e+00
    110.000    108.894     0.2312  28.790350     0.2212  28.778074     5.6589     5.7188     0.0709    94.5682 3.7651e-02  -64.86212  -63.92196 344.549394      99.97 2.8908e+02   1649.600      39591  1028.0897  1028.0864    34.3455    34.3406    7.99863         24 0.0000e+00
    109.000    107.904     0.2164  28.774689     0.1969  28.752114     5.7431     5.7768     0.0501    94.5742 4.1230e-02  -64.86212  -63.92196 344.549405      99.97 2.8911e+02   1650.573      39615  1028.0831  1028.0782    34.3420    34.3340    8.00190         24 0.0000e+00
    108.000    106.915     0.1654  28.716318     0.1579  28.707115     5.8223     5.8436     0.0506    94.5857 4.5348e-02  -64.86211  -63.92196 344.549416      99.97 2.8911e+02   1651.539      39638  1028.0674  1028.0645    34.3227    34.3190    8.01362         24 0.0000e+00
    107.000    105.924     0.1352  28.682221     0.1189  28.662110     5.9004     5.9073     0.0642    94.5741 4.8729e-02  -64.86210  -63.92196 344.549428      99.97 2.8911e+02   1652.604      39663  1028.0559  1028.0503    34.3121    34.3038    8.02052         27 0.0000e+00
    106.000    104.936     0.1066  28.646023     0.0924  28.630481     5.9403     5.9752     0.0756    94.5262 5.2442e-02  -64.86210  -63.92196 344.549442      99.97 2.8911e+02   1653.795      39692  1028.0407  1028.0380    34.2968    34.2923    8.02734         30 0.0000e+00
    105.000    103.943     0.0883  28.625949     0.0678  28.602754     6.0102     6.0658     0.0759    94.4920 5.6738e-02  -64.86210  -63.92196 344.549457      99.97 2.8911e+02   1655.087      39723  1028.0327  1028.0277    34.2915    34.2836    8.03148         32 0.0000e+00
    104.000    102.957     0.0636  28.598383     0.0258  28.556982     6.1285     6.1486     0.0818    94.4921 6.2260e-02  -64.86210  -63.92196 344.549474      99.97 2.8911e+02   1656.545      39758  1028.0227  1028.0153    34.2832    34.2707    8.03712         37 0.0000e+00
    103.000    101.966     0.0152  28.544897    -0.0145  28.509735     6.2294     6.2216     0.0779    94.4348 6.8137e-02  -64.86210  -63.92196 344.549492      99.97 2.8911e+02   1658.089      39795  1028.0083  1027.9995    34.2671    34.2539    8.04817         36 0.0000e+00
    102.000    100.977    -0.0163  28.509526    -0.0423  28.479348     6.2573     6.2783     0.0752    94.4405 7.4958e-02  -64.86210  -63.92196 344.549509      99.97 2.8911e+02   1659.540      39830  1027.9966  1027.9893    34.2562    34.2453    8.05543         34 0.0000e+00
    101.000     99.985    -0.0351  28.486533    -0.0581  28.461090     6.3433     6.3269     0.0832    94.4032 8.0715e-02  -64.86210  -63.92196 344.549523      99.97 2.8911e+02   1660.788      39860  1027.9854  1027.9804    34.2473    34.2394    8.05988         27 0.0000e+00
    100.000     98.996    -0.0432  28.477156    -0.0738  28.443928     6.3767     6.3536     0.0902    94.3640 8.6228e-02  -64.86210  -63.92197 344.549535      99.97 2.8911e+02   1661.850      39885  1027.9789  1027.9726    34.2446    34.2347    8.06175         24 0.0000e+00
     99.000     98.008    -0.0822  28.436868    -0.0983  28.415513     6.3500     6.3530     0.0729    94.3195 9.1744e-02  -64.86210  -63.92198 344.549547      99.97 2.8911e+02   1662.831      39909  1027.9690  1027.9615    34.2354    34.2251    8.07049         23 0.0000e+00
     98.000     97.017    -0.1004  28.411715    -0.1162  28.395336     6.3423     6.3523     0.0772    94.2870 9.7589e-02  -64.86210  -63.92198 344.549559      99.97 2.8911e+02   1663.868      39934  1027.9555  1027.9527    34.2230    34.2189    8.07504         27 0.0000e+00
     97.000     96.028    -0.0960  28.419700    -0.1297  28.378374     6.2998     6.3363     0.0949    94.2784 1.0291e-01  -64.86210  -63.92198 344.549573      99.97 2.8911e+02   1665.115      39964  1027.9545  1027.9428    34.2293    34.2121    8.07375         33 0.0000e+00
     96.000     95.037    -0.1114  28.400141    -0.1309  28.376799     6.3143     6.3389     0.0996    94.2630 1.0962e-01  -64.86209  -63.92197 344.549590      99.97 2.8911e+02   1666.595      39999  1027.9439  1027.9373    34.2212    34.2119    8.07746         37 0.0000e+00
     95.000     94.050    -0.1136  28.394162    -0.1242  28.383211     6.3115     6.3381     0.0981    94.2617 1.1736e-01  -64.86208  -63.92196 344.549607      99.97 2.8911e+02   1668.067      40035  1027.9348  1027.9329    34.2163    34.2136    8.07820         31 0.0000e+00
     94.000     93.058    -0.1402  28.365741    -0.1445  28.359698     6.2716     6.3327     0.1165    94.2781 1.2684e-01  -64.86208  -63.92197 344.549623      99.97 2.8911e+02   1669.434      40067  1027.9258  1027.9229    34.2089    34.2057    8.08425         33 0.0000e+00
     93.000     92.069    -0.1400  28.364954    -0.1468  28.356754     6.2467     6.3242     0.1243    94.2749 1.3602e-01  -64.86208  -63.92198 344.549639      99.97 2.9046e+02   1670.812      40100  1027.9199  1027.9173    34.2082    34.2049    8.08424         31 0.0000e+00
     92.000     91.080    -0.1508  28.352267    -0.1523  28.349856     6.2707     6.3408     0.1120    94.2466 1.4377e-01  -64.86208  -63.92198 344.549654      99.97 2.9089e+02   1672.071      40131  1027.9123  1027.9107    34.2041    34.2025    8.08677         26 0.0000e+00
     91.000     90.089    -0.1566  28.344951    -0.1584  28.342159     6.3014     6.3674     0.0975    94.2392 1.5152e-01  -64.86208  -63.92198 344.549665      99.97 2.9088e+02   1673.085      40155  1027.9055  1027.9040    34.2014    34.1998    8.08814         22 0.0000e+00
     90.000     89.100    -0.1698  28.327535    -0.1771  28.316905     6.3411     6.3908     0.0897    94.2418 1.5958e-01  -64.86208  -63.92198 344.549675      99.97 2.9088e+02   1673.941      40176  1027.8954  1027.8908    34.1936    34.1876    8.09138         20 0.0000e+00
     89.000     88.109    -0.1782  28.316457    -0.1886  28.303345     6.3757     6.4040     0.0811    94.2142 1.6824e-01  -64.86208  -63.92198 344.549685      99.97 2.9088e+02   1674.751      40195  1027.8872  1027.8829    34.1890    34.1831    8.09344         20 0.0000e+00
