NBP2113_155081_ctd/data/unbp2113_030.cnv
* Sea-Bird SBE 9 Data File:
* FileName = D:\Data\raw\NBP2113_030.hex
* Software Version Seasave V 7.26.7.121
* Temperature SN = 2438
* Conductivity SN = 2067
* Number of Bytes Per Scan = 40
* Number of Voltage Words = 5
* Number of Scans Averaged by the Deck Unit = 1
* NMEA Latitude = 66 50.58 S
* NMEA Longitude = 068 39.78 W
* NMEA UTC (Time) = Dec 05 2021  03:50:51
* NMEA baud rate = 9600
** Ship: RVIB N.B. Palmer
** Cruise: NBP2113 LTER
** Station: AS02
** Operator: B. Urmston
# nquan = 25
# nvalues = 243                         
# units = specified
# name 0 = prDM: Pressure, Digiquartz [db]
# name 1 = depSM: Depth [salt water, m]
# name 2 = t090C: Temperature [ITS-90, deg C]
# name 3 = c0mS/cm: Conductivity [mS/cm]
# name 4 = t190C: Temperature, 2 [ITS-90, deg C]
# name 5 = c1mS/cm: Conductivity, 2 [mS/cm]
# name 6 = sbeox0ML/L: Oxygen, SBE 43 [ml/l]
# name 7 = sbeox1ML/L: Oxygen, SBE 43, 2 [ml/l]
# name 8 = flECO-AFL: Fluorescence, WET Labs ECO-AFL/FL [mg/m^3]
# name 9 = CStarTr0: Beam Transmission, WET Labs C-Star [%]
# name 10 = par: PAR/Irradiance, Biospherical/Licor
# name 11 = latitude: Latitude [deg]
# name 12 = longitude: Longitude [deg]
# name 13 = timeJ: Julian Days
# name 14 = altM: Altimeter [m]
# name 15 = spar: SPAR, Biospherical/Licor
# name 16 = timeS: Time, Elapsed [seconds]
# name 17 = scan: Scan Count
# name 18 = density00: Density [density, kg/m^3]
# name 19 = density11: Density, 2 [density, kg/m^3]
# name 20 = sal00: Salinity, Practical [PSU]
# name 21 = sal11: Salinity, Practical, 2 [PSU]
# name 22 = oxsolML/L: Oxygen Saturation, Garcia & Gordon [ml/l]
# name 23 = nbin: number of scans per bin
# name 24 = flag: flag
# span 0 =      1.000,    243.000       
# span 1 =      0.990,    240.447       
# span 2 =    -0.9241,     1.1594       
# span 3 =  27.355311,  29.859216       
# span 4 =    -0.9243,     1.1548       
# span 5 =  27.354043,  29.854226       
# span 6 =     4.2852,    11.7672       
# span 7 =     4.3568,     9.9183       
# span 8 =    -0.0022,     1.1774       
# span 9 =    89.7178,    95.1542       
# span 10 = 1.0000e-12, 2.3446e+00      
# span 11 =  -66.84294,  -66.84282      
# span 12 =  -68.66278,  -68.66248      
# span 13 = 339.170446, 339.176925      
# span 14 =       8.51,     100.69      
# span 15 = 0.0000e+00, 0.0000e+00      
# span 16 =    875.567,   1435.365      
# span 17 =      21015,      34450      
# span 18 =  1027.1434,  1028.8779      
# span 19 =  1027.1423,  1028.8773      
# span 20 =    33.7597,    34.6229      
# span 21 =    33.7583,    34.6217      
# span 22 =    7.79457,    8.27849      
# span 23 =          9,         45      
# span 24 = 0.0000e+00, 0.0000e+00      
# interval = decibars: 1                
# start_time = Dec 05 2021 03:50:51 [NMEA time, header]
# bad_flag = -9.990e-29
*END*
[from data line 174]
     69.000     68.304    -0.8388  27.502483    -0.8379  27.500866     7.9387     7.9916     0.9749    91.4856 1.0000e-12  -66.84290  -68.66263 339.175305      99.97 0.0000e+00   1295.311      31088  1027.5450  1027.5423    33.8486    33.8454    8.25549         42 0.0000e+00
     68.000     67.314    -0.8394  27.501732    -0.8399  27.500404     7.9239     7.9919     0.9447    91.4626 1.0000e-12  -66.84290  -68.66263 339.175325      99.97 0.0000e+00   1297.054      31130  1027.5404  1027.5394    33.8488    33.8476    8.25560         36 0.0000e+00
     67.000     66.324    -0.8406  27.499423    -0.8398  27.499743     7.9264     7.9945     0.9198    91.4194 1.0000e-12  -66.84288  -68.66265 339.175345      99.97 0.0000e+00   1298.763      31171  1027.5348  1027.5343    33.8477    33.8472    8.25595         40 0.0000e+00
     66.000     65.335    -0.8461  27.492169    -0.8472  27.490260     7.9384     7.9861     0.9593    91.4185 1.0000e-12  -66.84288  -68.66266 339.175362      99.97 0.0000e+00   1300.248      31207  1027.5278  1027.5268    33.8446    33.8432    8.25732         32 0.0000e+00
     65.000     64.345    -0.8552  27.481112    -0.8560  27.479209     7.9246     7.9949     0.9513    91.3728 1.0000e-12  -66.84288  -68.66265 339.175377      99.97 0.0000e+00   1301.594      31239  1027.5203  1027.5190    33.8405    33.8388    8.25956         33 0.0000e+00
     64.000     63.354    -0.8609  27.474493    -0.8618  27.472647     7.9514     7.9967     0.9937    91.2628 1.0000e-12  -66.84288  -68.66265 339.175395      99.97 0.0000e+00   1303.130      31276  1027.5141  1027.5130    33.8384    33.8369    8.26092         38 0.0000e+00
     63.000     62.367    -0.8569  27.478760    -0.8588  27.475974     7.9458     7.9913     0.9687    91.2237 1.0000e-12  -66.84288  -68.66264 339.175445      99.97 0.0000e+00   1307.447      31380  1027.5105  1027.5093    33.8404    33.8388    8.25993         36 0.0000e+00
     62.000     61.376    -0.8614  27.472926    -0.8623  27.471207     7.9343     7.9939     0.8456    91.2396 1.0000e-12  -66.84288  -68.66265 339.175495      99.97 0.0000e+00   1311.784      31484  1027.5041  1027.5031    33.8382    33.8369    8.26106         22 0.0000e+00
     61.000     60.385    -0.8704  27.462926    -0.8745  27.457372     7.9515     7.9930     0.8951    91.2099 1.0000e-12  -66.84287  -68.66264 339.175506      99.97 0.0000e+00   1312.702      31506  1027.4976  1027.4954    33.8354    33.8324    8.26320         25 0.0000e+00
     60.000     59.395    -0.8762  27.455713    -0.8769  27.454431     7.9644     7.9890     0.9691    91.1738 1.0000e-12  -66.84286  -68.66264 339.175518      99.97 0.0000e+00   1313.776      31532  1027.4910  1027.4902    33.8327    33.8317    8.26463         28 0.0000e+00
     59.000     58.406    -0.8730  27.459653    -0.8741  27.457296     7.9378     7.9873     0.9944    91.1591 1.0000e-12  -66.84287  -68.66264 339.175550      99.97 0.0000e+00   1316.494      31597  1027.4877  1027.4861    33.8350    33.8330    8.26378         43 0.0000e+00
     58.000     57.416    -0.8667  27.465797    -0.8706  27.460574     7.9328     7.9958     0.9173    91.1735 1.0000e-12  -66.84288  -68.66266 339.175595      99.97 0.0000e+00   1320.371      31690  1027.4839  1027.4820    33.8369    33.8343    8.26229         35 0.0000e+00
     57.000     56.427    -0.8725  27.458087    -0.8713  27.458496     7.9234     8.0041     0.8889    91.1362 1.0000e-12  -66.84287  -68.66266 339.175613      99.97 0.0000e+00   1321.998      31729  1027.4768  1027.4761    33.8335    33.8328    8.26376         32 0.0000e+00
     56.000     55.436    -0.8820  27.445511    -0.8876  27.437859     7.9556     8.0042     0.8842    91.1154 1.0000e-12  -66.84286  -68.66264 339.175628      99.97 0.0000e+00   1323.242      31759  1027.4679  1027.4650    33.8278    33.8237    8.26618         31 0.0000e+00
     55.000     54.446    -0.8853  27.440958    -0.8877  27.437055     7.9611     8.0019     0.9194    91.0458 1.0000e-12  -66.84287  -68.66265 339.175672      99.97 0.0000e+00   1327.055      31850  1027.4617  1027.4597    33.8259    33.8233    8.26701         26 0.0000e+00
     54.000     53.457    -0.8899  27.433806    -0.8888  27.434471     7.9128     8.0086     0.8074    91.1095 1.0000e-12  -66.84286  -68.66266 339.175722      99.97 0.0000e+00   1331.350      31953  1027.4540  1027.4536    33.8221    33.8217    8.26826         12 0.0000e+00
     53.000     52.467    -0.8936  27.428215    -0.8953  27.425226     7.9514     8.0079     0.8053    91.0853 1.0000e-12  -66.84285  -68.66265 339.175726      99.97 0.0000e+00   1331.707      31962  1027.4472  1027.4454    33.8192    33.8170    8.26924         12 0.0000e+00
     52.000     51.475    -0.8953  27.425247    -0.8957  27.423923     7.9641     8.0081     0.8080    91.0643 1.0000e-12  -66.84284  -68.66264 339.175732      99.97 0.0000e+00   1332.196      31974  1027.4412  1027.4401    33.8177    33.8164    8.26970         12 0.0000e+00
     51.000     50.489    -0.8965  27.422532    -0.8976  27.420176     7.9744     8.0075     0.8545    91.0444 1.0000e-12  -66.84285  -68.66264 339.175737      99.97 0.0000e+00   1332.716      31986  1027.4351  1027.4335    33.8160    33.8140    8.27007         14 0.0000e+00
     50.000     49.497    -0.8963  27.422547    -0.8989  27.418046     7.9497     8.0047     0.8912    91.0121 1.0000e-12  -66.84286  -68.66264 339.175745      99.97 0.0000e+00   1333.325      32001  1027.4306  1027.4281    33.8164    33.8131    8.26999         16 0.0000e+00
     49.000     48.506    -0.8954  27.423051    -0.8964  27.420809     7.9528     8.0134     0.9799    90.9245 1.0000e-12  -66.84285  -68.66263 339.175786      99.97 0.0000e+00   1336.891      32086  1027.4258  1027.4242    33.8167    33.8147    8.26978         29 0.0000e+00
     48.000     47.519    -0.8967  27.420920    -0.9040  27.409036     7.9684     8.0325     1.0282    90.8850 1.0000e-12  -66.84284  -68.66265 339.175875      99.97 0.0000e+00   1344.589      32271  1027.4202  1027.4142    33.8159    33.8079    8.27011         35 0.0000e+00
     47.000     46.528    -0.9008  27.414072    -0.9055  27.405971     7.9847     8.0434     1.0498    90.8627 1.0000e-12  -66.84284  -68.66264 339.175890      99.97 0.0000e+00   1345.914      32303  1027.4124  1027.4079    33.8118    33.8060    8.27125         29 0.0000e+00
     46.000     45.539    -0.9021  27.411304    -0.9069  27.402757     7.9996     8.0448     1.0129    90.7248 1.0000e-12  -66.84284  -68.66264 339.175903      99.97 0.0000e+00   1347.020      32329  1027.4062  1027.4015    33.8101    33.8039    8.27164         26 0.0000e+00
     45.000     44.548    -0.9115  27.394297    -0.9125  27.391978     8.0150     8.0461     0.9484    90.5891 1.0000e-12  -66.84284  -68.66264 339.175916      99.97 0.0000e+00   1348.112      32356  1027.3924  1027.3908    33.7982    33.7961    8.27440         28 0.0000e+00
     44.000     43.560    -0.9138  27.388725    -0.9141  27.387573     8.0089     8.0521     1.0409    90.3886 1.0000e-12  -66.84283  -68.66266 339.175965      99.97 0.0000e+00   1352.382      32458  1027.3841  1027.3830    33.7938    33.7926    8.27517         43 0.0000e+00
     43.000     42.569    -0.9143  27.386866    -0.9146  27.385427     7.9870     8.0599     0.9929    90.2484 1.0000e-12  -66.84282  -68.66266 339.176043      99.97 0.0000e+00   1359.154      32621  1027.3779  1027.3766    33.7924    33.7908    8.27535         30 0.0000e+00
     42.000     41.579    -0.9148  27.384303    -0.9150  27.383534     7.9926     8.0680     0.9535    90.3803 1.0000e-12  -66.84282  -68.66266 339.176053      99.97 0.0000e+00   1359.942      32640  1027.3713  1027.3706    33.7901    33.7893    8.27560         21 0.0000e+00
     41.000     40.589    -0.9157  27.381883    -0.9161  27.380667     7.9991     8.0735     0.9429    90.2862 1.0000e-12  -66.84282  -68.66267 339.176061      99.97 0.0000e+00   1360.711      32658  1027.3652  1027.3642    33.7885    33.7872    8.27589         17 0.0000e+00
     40.000     39.599    -0.9163  27.380198    -0.9169  27.378517     8.0007     8.0743     0.9424    90.2134 1.0000e-12  -66.84282  -68.66268 339.176069      99.97 0.0000e+00   1361.386      32674  1027.3597  1027.3584    33.7875    33.7859    8.27609         16 0.0000e+00
     39.000     38.610    -0.9178  27.377289    -0.9182  27.375823     8.0147     8.0750     0.9598    90.1929 1.0000e-12  -66.84282  -68.66266 339.176077      99.97 0.0000e+00   1362.070      32691  1027.3536  1027.3524    33.7858    33.7843    8.27651         17 0.0000e+00
     38.000     37.619    -0.9183  27.376241    -0.9188  27.374720     8.0041     8.0740     1.0033    90.1026 3.3928e-04  -66.84282  -68.66267 339.176087      99.97 0.0000e+00   1362.893      32710  1027.3487  1027.3474    33.7856    33.7841    8.27664         22 0.0000e+00
     37.000     36.629    -0.9179  27.376469    -0.9179  27.375698     8.0076     8.0666     1.0294    90.0706 7.7173e-03  -66.84282  -68.66265 339.176145      99.97 0.0000e+00   1367.892      32830  1027.3441  1027.3433    33.7861    33.7851    8.27652         36 0.0000e+00
     36.000     35.641    -0.9170  27.377471    -0.9168  27.376988     7.9984     8.0722     0.9653    90.0820 1.1926e-02  -66.84282  -68.66264 339.176197      99.97 0.0000e+00   1372.409      32939  1027.3400  1027.3393    33.7870    33.7862    8.27627         25 0.0000e+00
     35.000     34.649    -0.9187  27.374348    -0.9185  27.373865     8.0118     8.0802     0.9783    90.0795 1.6699e-02  -66.84282  -68.66266 339.176207      99.97 0.0000e+00   1373.318      32961  1027.3339  1027.3332    33.7853    33.7844    8.27673         21 0.0000e+00
     34.000     33.660    -0.9210  27.370887    -0.9207  27.370402     8.0216     8.0787     0.9854    90.0553 2.3017e-02  -66.84282  -68.66266 339.176217      99.97 0.0000e+00   1374.152      32981  1027.3281  1027.3273    33.7838    33.7829    8.27733         19 0.0000e+00
     33.000     32.671    -0.9231  27.367661    -0.9225  27.367531     8.0184     8.0753     0.9886    90.0375 3.1346e-02  -66.84282  -68.66267 339.176226      99.97 0.0000e+00   1374.946      33000  1027.3222  1027.3215    33.7824    33.7815    8.27787         19 0.0000e+00
     32.000     31.679    -0.9241  27.365245    -0.9243  27.364070     8.0236     8.0769     0.9899    90.0183 4.1033e-02  -66.84282  -68.66268 339.176236      99.97 0.0000e+00   1375.781      33020  1027.3163  1027.3151    33.7809    33.7795    8.27819         22 0.0000e+00
     31.000     30.691    -0.9232  27.365739    -0.9236  27.364495     8.0163     8.0796     1.0705    89.9883 5.2598e-02  -66.84283  -68.66268 339.176249      99.97 0.0000e+00   1376.949      33048  1027.3116  1027.3106    33.7812    33.7799    8.27798         32 0.0000e+00
     30.000     29.699    -0.9240  27.363994    -0.9231  27.365113     8.0498     8.0847     1.0794    90.0202 5.4339e-02  -66.84284  -68.66262 339.176288      99.97 0.0000e+00   1380.277      33128  1027.3061  1027.3065    33.7803    33.7808    8.27820         30 0.0000e+00
     29.000     28.710    -0.9235  27.363603    -0.9235  27.363570     8.0325     8.0830     1.0468    90.0161 5.5821e-02  -66.84284  -68.66260 339.176310      99.97 0.0000e+00   1382.147      33173  1027.3009  1027.3008    33.7798    33.7798    8.27812         36 0.0000e+00
     28.000     27.721    -0.9229  27.364721    -0.9231  27.364186     8.0128     8.0862     1.0439    89.9758 6.7914e-02  -66.84284  -68.66260 339.176330      99.97 0.0000e+00   1383.882      33214  1027.2972  1027.2968    33.7813    33.7808    8.27790         37 0.0000e+00
     27.000     26.732    -0.9233  27.362187    -0.9237  27.362602     8.0363     8.0834     1.1774    89.9301 9.4215e-02  -66.84284  -68.66261 339.176360      99.97 0.0000e+00   1386.530      33278  1027.2905  1027.2914    33.7789    33.7799    8.27813         34 0.0000e+00
     26.000     25.740    -0.9236  27.357659    -0.9235  27.360094     8.0505     8.0909     1.0889    89.8325 1.1151e-01  -66.84284  -68.66263 339.176383      99.97 0.0000e+00   1388.485      33325  1027.2815  1027.2841    33.7737    33.7769    8.27849         41 0.0000e+00
     25.000     24.751    -0.9217  27.355311    -0.9206  27.354043     8.0706     8.1224     1.0851    89.8378 1.2044e-01  -66.84284  -68.66264 339.176402      99.97 0.0000e+00   1390.092      33363  1027.2728  1027.2703    33.7690    33.7660    8.27836         33 0.0000e+00
     24.000     23.761    -0.9156  27.358019    -0.9120  27.359360     8.0550     8.1059     1.0778    89.8018 1.2445e-01  -66.84284  -68.66264 339.176416      99.97 0.0000e+00   1391.345      33393  1027.2655  1027.2635    33.7664    33.7642    8.27716         26 0.0000e+00
     23.000     22.772    -0.9129  27.359391    -0.9112  27.359024     8.0319     8.0985     1.0341    89.7301 1.3335e-01  -66.84284  -68.66262 339.176427      99.97 0.0000e+00   1392.296      33416  1027.2602  1027.2581    33.7660    33.7635    8.27661         19 0.0000e+00
     22.000     21.780    -0.8895  27.377698    -0.8655  27.396141     8.0545     8.1005     1.0761    89.7178 1.4759e-01  -66.84284  -68.66262 339.176437      99.97 0.0000e+00   1393.165      33437  1027.2532  1027.2501    33.7651    33.7633    8.27149         21 0.0000e+00
     21.000     20.790    -0.8755  27.387720    -0.8390  27.416621     8.0483     8.0957     1.0824    89.7180 1.6591e-01  -66.84284  -68.66260 339.176449      99.97 0.0000e+00   1394.179      33461  1027.2464  1027.2428    33.7637    33.7620    8.26850         30 0.0000e+00
     20.000     19.802    -0.8908  27.375212    -0.8916  27.374115     8.0434     8.1023     1.1189    89.7734 1.8929e-01  -66.84284  -68.66257 339.176491      99.96 0.0000e+00   1397.864      33550  1027.2436  1027.2433    33.7644    33.7639    8.27182         35 0.0000e+00
     19.000     18.811    -0.8712  27.391273    -0.8840  27.379472     8.0386     8.1001     1.0148    89.7959 2.1546e-01  -66.84284  -68.66256 339.176515      99.97 0.0000e+00   1399.872      33598  1027.2379  1027.2374    33.7649    33.7632    8.26749         22 0.0000e+00
     18.000     17.821    -0.8452  27.412158    -0.8395  27.415830     8.0379     8.0971     1.0116    89.8069 2.4274e-01  -66.84284  -68.66256 339.176525      99.97 0.0000e+00   1400.733      33619  1027.2313  1027.2299    33.7647    33.7633    8.26178         22 0.0000e+00
     17.000     16.830    -0.8185  27.433247    -0.8260  27.425955     8.0446     8.0848     1.1010    89.8682 2.8111e-01  -66.84284  -68.66256 339.176536      99.97 0.0000e+00   1401.755      33643  1027.2244  1027.2237    33.7640    33.7625    8.25597         30 0.0000e+00
     16.000     15.840    -0.8068  27.442607    -0.8211  27.429631     8.0336     8.1020     1.1126    89.9013 3.1516e-01  -66.84284  -68.66259 339.176564      99.96 0.0000e+00   1404.137      33700  1027.2195  1027.2192    33.7642    33.7626    8.25340         35 0.0000e+00
     15.000     14.851    -0.7697  27.472274    -0.7979  27.448769     8.0171     8.0989     1.1388    89.9018 3.4412e-01  -66.84282  -68.66260 339.176594      99.97 0.0000e+00   1406.689      33762  1027.2123  1027.2137    33.7635    33.7631    8.24532         32 0.0000e+00
     14.000     13.860    -0.7846  27.460244    -0.7940  27.451343     8.0460     8.0915     1.0503    89.9156 3.7855e-01  -66.84283  -68.66259 339.176607      99.97 0.0000e+00   1407.816      33789  1027.2096  1027.2087    33.7644    33.7629    8.24852         26 0.0000e+00
     13.000     12.870    -0.7799  27.462047    -0.7775  27.463340     8.0443     8.0955     1.0723    89.9592 4.0539e-01  -66.84284  -68.66257 339.176621      99.97 0.0000e+00   1409.046      33818  1027.2029  1027.2018    33.7622    33.7613    8.24761         36 0.0000e+00
