NBP2113_155081_ctd/data/unbp2113_009.cnv
* Sea-Bird SBE 9 Data File:
* FileName = D:\Data\raw\NBP2113_009.hex
* Software Version Seasave V 7.26.7.121
* Temperature SN = 2438
* Conductivity SN = 2067
* Number of Bytes Per Scan = 40
* Number of Voltage Words = 5
* Number of Scans Averaged by the Deck Unit = 1
* NMEA Latitude = 64 41.94 S
* NMEA Longitude = 065 01.96 W
* NMEA UTC (Time) = Nov 25 2021  18:20:06
* NMEA baud rate = 9600
** Ship: RVIB N.B. Palmer
** Cruise: NBP2113 LTER
** Station: 600.080
** Operator: S. Blackman
# nquan = 25
# nvalues = 101                         
# units = specified
# name 0 = prDM: Pressure, Digiquartz [db]
# name 1 = depSM: Depth [salt water, m]
# name 2 = t090C: Temperature [ITS-90, deg C]
# name 3 = c0mS/cm: Conductivity [mS/cm]
# name 4 = t190C: Temperature, 2 [ITS-90, deg C]
# name 5 = c1mS/cm: Conductivity, 2 [mS/cm]
# name 6 = sbeox0ML/L: Oxygen, SBE 43 [ml/l]
# name 7 = sbeox1ML/L: Oxygen, SBE 43, 2 [ml/l]
# name 8 = flECO-AFL: Fluorescence, WET Labs ECO-AFL/FL [mg/m^3]
# name 9 = CStarTr0: Beam Transmission, WET Labs C-Star [%]
# name 10 = par: PAR/Irradiance, Biospherical/Licor
# name 11 = latitude: Latitude [deg]
# name 12 = longitude: Longitude [deg]
# name 13 = timeJ: Julian Days
# name 14 = altM: Altimeter [m]
# name 15 = spar: SPAR, Biospherical/Licor
# name 16 = timeS: Time, Elapsed [seconds]
# name 17 = scan: Scan Count
# name 18 = density00: Density [density, kg/m^3]
# name 19 = density11: Density, 2 [density, kg/m^3]
# name 20 = sal00: Salinity, Practical [PSU]
# name 21 = sal11: Salinity, Practical, 2 [PSU]
# name 22 = oxsolML/L: Oxygen Saturation, Garcia & Gordon [ml/l]
# name 23 = nbin: number of scans per bin
# name 24 = flag: flag
# span 0 =      1.000,    101.000       
# span 1 =      0.989,     99.989       
# span 2 =    -0.4369,    -0.2741       
# span 3 =  28.038343,  28.289124       
# span 4 =    -0.4356,    -0.2734       
# span 5 =  28.036996,  28.278498       
# span 6 =     6.5791,     8.2505       
# span 7 =     6.4997,     8.1398       
# span 8 =     0.1438,     1.7078       
# span 9 =    89.5926,    97.0784       
# span 10 = 1.0698e-01, 6.8748e+02      
# span 11 =  -64.69916,  -64.69912      
# span 12 =  -65.03292,  -65.03271      
# span 13 = 329.771168, 329.774605      
# span 14 =      28.01,      99.98      
# span 15 = 4.6709e+02, 5.6920e+02      
# span 16 =    622.918,    919.860      
# span 17 =      14951,      22078      
# span 18 =  1027.3171,  1028.0081      
# span 19 =  1027.3073,  1028.0034      
# span 20 =    33.9997,    34.2632      
# span 21 =    33.9935,    34.2570      
# span 22 =    8.11153,    8.15128      
# span 23 =         20,         48      
# span 24 = 0.0000e+00, 0.0000e+00      
# interval = decibars: 1                
# start_time = Nov 25 2021 18:20:06 [NMEA time, header]
# bad_flag = -9.990e-29
*END*
[from data line 58]
     43.000     42.574    -0.3138  28.048777    -0.3132  28.047334     8.1453     8.0228     1.3442    91.7343 5.2047e+00  -64.69916  -65.03274 329.773205      99.97 5.2543e+02    798.921      19175  1027.5290  1027.5270    34.0116    34.0090    8.13241         36 0.0000e+00
     42.000     41.585    -0.3132  28.048493    -0.3130  28.046948     8.1551     8.0268     1.3721    91.6941 5.5491e+00  -64.69916  -65.03274 329.773234      99.97 5.2440e+02    801.393      19234  1027.5239  1027.5220    34.0112    34.0088    8.13231         40 0.0000e+00
     41.000     40.596    -0.3128  28.048380    -0.3122  28.046947     8.1496     8.0272     1.5364    91.4889 6.0758e+00  -64.69916  -65.03274 329.773270      99.97 5.2250e+02    804.522      19310  1027.5191  1027.5169    34.0112    34.0085    8.13222         32 0.0000e+00
     40.000     39.603    -0.3126  28.047917    -0.3119  28.046663     8.1472     8.0268     1.5088    91.3477 6.5744e+00  -64.69916  -65.03274 329.773305      99.97 5.2088e+02    807.573      19383  1027.5141  1027.5121    34.0109    34.0085    8.13219         37 0.0000e+00
     39.000     38.615    -0.3127  28.047325    -0.3121  28.045957     8.1549     8.0318     1.5385    91.3552 6.9828e+00  -64.69916  -65.03274 329.773336      99.97 5.1953e+02    810.225      19446  1027.5093  1027.5072    34.0109    34.0083    8.13222         40 0.0000e+00
     38.000     37.623    -0.3129  28.046578    -0.3124  28.045225     8.1515     8.0337     1.3744    91.3047 7.5043e+00  -64.69916  -65.03274 329.773362      99.97 5.1801e+02    812.516      19501  1027.5045  1027.5025    34.0107    34.0083    8.13228         38 0.0000e+00
     37.000     36.636    -0.3128  28.046272    -0.3122  28.044894     8.1457     8.0372     1.3741    91.3915 8.1362e+00  -64.69916  -65.03273 329.773423      99.97 5.1464e+02    817.732      19627  1027.4997  1027.4977    34.0108    34.0083    8.13224         40 0.0000e+00
     36.000     35.645    -0.3133  28.045105    -0.3126  28.043911     8.1578     8.0426     1.3050    91.3136 8.8823e+00  -64.69916  -65.03274 329.773438      99.97 5.1471e+02    819.009      19657  1027.4946  1027.4927    34.0104    34.0080    8.13237         32 0.0000e+00
     35.000     34.655    -0.3141  28.043423    -0.3134  28.042231     8.1521     8.0478     1.3592    91.2212 9.5781e+00  -64.69916  -65.03274 329.773454      99.97 5.1322e+02    820.433      19691  1027.4893  1027.4874    34.0097    34.0073    8.13259         37 0.0000e+00
     34.000     33.666    -0.3132  28.044257    -0.3128  28.042652     8.1370     8.0407     1.4482    91.2088 1.0248e+01  -64.69916  -65.03274 329.773517      99.97 5.1038e+02    825.892      19822  1027.4851  1027.4830    34.0104    34.0078    8.13236         38 0.0000e+00
     33.000     32.675    -0.3138  28.042924    -0.3132  28.041539     8.1660     8.0443     1.3680    91.1991 1.1273e+01  -64.69916  -65.03274 329.773545      99.97 5.0947e+02    828.328      19881  1027.4799  1027.4779    34.0099    34.0073    8.13251         39 0.0000e+00
     32.000     31.685    -0.3136  28.042306    -0.3130  28.041003     8.1740     8.0473     1.4478    91.0143 1.1899e+01  -64.69916  -65.03274 329.773570      99.97 5.0769e+02    830.443      19932  1027.4748  1027.4728    34.0095    34.0070    8.13250         43 0.0000e+00
     31.000     30.694    -0.3132  28.041844    -0.3126  28.040540     8.1434     8.0499     1.5650    90.8739 1.2566e+01  -64.69916  -65.03273 329.773602      99.97 5.0732e+02    833.194      19998  1027.4696  1027.4676    34.0090    34.0065    8.13244         34 0.0000e+00
     30.000     29.704    -0.3132  28.041527    -0.3120  28.040540     8.1836     8.0681     1.4953    90.9377 1.4235e+01  -64.69916  -65.03273 329.773654      99.97 5.0479e+02    837.690      20106  1027.4650  1027.4628    34.0091    34.0066    8.13242         39 0.0000e+00
     29.000     28.714    -0.3096  28.043423    -0.3081  28.042673     8.2218     8.0850     1.4439    90.7458 1.5503e+01  -64.69916  -65.03273 329.773675      99.97 5.0405e+02    839.510      20149  1027.4593  1027.4570    34.0083    34.0056    8.13171         38 0.0000e+00
     28.000     27.725    -0.2937  28.053529    -0.2948  28.050936     8.2220     8.0918     1.5169    90.4261 1.6475e+01  -64.69916  -65.03272 329.773699      99.97 5.0226e+02    841.616      20200  1027.4504  1027.4487    34.0046    34.0024    8.12851         36 0.0000e+00
     27.000     26.733    -0.2936  28.053248    -0.2968  28.049197     8.2066     8.0963     1.5453    90.5046 1.7881e+01  -64.69916  -65.03272 329.773756      73.05 4.9908e+02    846.523      20318  1027.4458  1027.4446    34.0047    34.0029    8.12848         36 0.0000e+00
     26.000     25.744    -0.2924  28.053474    -0.2912  28.052541     8.2156     8.0971     1.5131    90.3279 2.0013e+01  -64.69916  -65.03272 329.773777      99.86 4.9780e+02    848.305      20360  1027.4407  1027.4386    34.0043    34.0018    8.12825         40 0.0000e+00
     25.000     24.756    -0.2913  28.053899    -0.2944  28.050006     8.1813     8.0951     1.5173    90.0524 2.1666e+01  -64.69916  -65.03272 329.773802      99.97 4.9678e+02    850.463      20412  1027.4359  1027.4347    34.0043    34.0026    8.12802         26 0.0000e+00
     24.000     23.765    -0.2918  28.052966    -0.2925  28.050661     8.2110     8.0956     1.5553    90.0893 2.2788e+01  -64.69916  -65.03271 329.773848      99.97 4.9442e+02    854.481      20509  1027.4312  1027.4294    34.0042    34.0020    8.12813         28 0.0000e+00
     23.000     22.774    -0.2883  28.054957    -0.2897  28.052177     8.2237     8.1105     1.5849    90.0302 2.5619e+01  -64.69916  -65.03272 329.773883      99.97 4.9325e+02    857.480      20581  1027.4257  1027.4240    34.0036    34.0014    8.12742         28 0.0000e+00
     22.000     21.783    -0.2852  28.056563    -0.2853  28.054761     8.2263     8.1115     1.6443    90.0084 2.8006e+01  -64.69916  -65.03272 329.773911      99.97 4.9174e+02    859.908      20639  1027.4202  1027.4182    34.0029    34.0005    8.12680         37 0.0000e+00
     21.000     20.796    -0.2795  28.059769    -0.2856  28.053755     8.2227     8.1194     1.5967    89.8468 3.0350e+01  -64.69916  -65.03271 329.773946      99.97 4.9042e+02    862.910      20711  1027.4138  1027.4131    34.0014    34.0002    8.12567         20 0.0000e+00
     20.000     19.804    -0.2780  28.060232    -0.2787  28.057867     8.2505     8.1307     1.7078    89.7435 3.4123e+01  -64.69916  -65.03272 329.773982      99.97 4.8905e+02    866.063      20787  1027.4087  1027.4068    34.0009    33.9986    8.12537         35 0.0000e+00
     19.000     18.813    -0.2767  28.060514    -0.2764  28.058904     8.2268     8.1289     1.5844    89.7281 3.6815e+01  -64.69916  -65.03272 329.774010      96.53 4.8832e+02    868.431      20843  1027.4035  1027.4014    34.0005    33.9980    8.12513         42 0.0000e+00
     18.000     17.822    -0.2774  28.059332    -0.2775  28.057563     8.2135     8.1355     1.6091    89.7548 4.0712e+01  -64.69916  -65.03272 329.774051      99.81 4.8671e+02    871.996      20929  1027.3987  1027.3969    34.0003    33.9981    8.12528         26 0.0000e+00
     17.000     16.833    -0.2783  28.058612    -0.2758  28.058422     8.2193     8.1300     1.5515    89.7508 4.5868e+01  -64.69916  -65.03272 329.774088      99.97 4.8451e+02    875.169      21005  1027.3945  1027.3918    34.0009    33.9979    8.12543         35 0.0000e+00
     16.000     15.842    -0.2750  28.060244    -0.2737  28.059215     8.2272     8.1371     1.4984    89.7099 4.9516e+01  -64.69916  -65.03272 329.774112      99.97 4.8300e+02    877.254      21055  1027.3888  1027.3864    34.0001    33.9972    8.12479         41 0.0000e+00
     15.000     14.850    -0.2746  28.060010    -0.2734  28.058951     8.2183     8.1376     1.5075    89.5926 5.4068e+01  -64.69916  -65.03272 329.774152      99.97 4.8206e+02    880.774      21140  1027.3840  1027.3816    33.9999    33.9972    8.12471         36 0.0000e+00
     14.000     13.863    -0.2741  28.059815    -0.2739  28.058014     8.2389     8.1343     1.4673    89.7112 6.1136e+01  -64.69916  -65.03272 329.774188      99.97 4.7971e+02    883.839      21213  1027.3790  1027.3744    33.9997    33.9969    8.12461         32 0.0000e+00
     13.000     12.873    -0.2750  28.058823    -0.2749  28.056833     8.2111     8.1328     1.4681    89.6715 6.6798e+01  -64.69916  -65.03272 329.774206      99.97 4.7949e+02    885.374      21250  1027.3745  1027.3724    34.0000    33.9972    8.12479         32 0.0000e+00
     12.000     11.884    -0.2750  28.058400    -0.2750  28.056442     8.2262     8.1391     1.4394    89.6957 7.1694e+01  -64.69916  -65.03272 329.774262      99.97 4.7778e+02    890.229      21366  1027.3697  1027.3677    34.0000    33.9974    8.12479         42 0.0000e+00
     11.000     10.892    -0.2760  28.057301    -0.2753  28.055759     8.1960     8.1337     1.4313    89.7192 8.1486e+01  -64.69916  -65.03272 329.774285      99.97 4.7643e+02    892.259      21415  1027.3652  1027.3629    34.0002    33.9974    8.12498         48 0.0000e+00
     10.000      9.901    -0.2760  28.056816    -0.2760  28.054782     8.2024     8.1346     1.3715    89.7414 8.9838e+01  -64.69916  -65.03273 329.774319      99.97 4.7592e+02    895.202      21486  1027.3605  1027.3583    34.0003    33.9975    8.12499         34 0.0000e+00
      9.000      8.912    -0.2768  28.055872    -0.2769  28.053834     8.2111     8.1333     1.3082    89.7341 1.0013e+02  -64.69916  -65.03272 329.774352      99.97 4.7458e+02    898.032      21554  1027.3559  1027.3538    34.0005    33.9979    8.12514         43 0.0000e+00
      8.000      7.921    -0.2771  28.055219    -0.2768  28.053423     8.2049     8.1298     1.3099    89.7476 1.1293e+02  -64.69916  -65.03272 329.774392      99.97 4.7348e+02    901.440      21636  1027.3512  1027.3490    34.0006    33.9978    8.12521         32 0.0000e+00
      7.000      6.932    -0.2770  28.054764    -0.2765  28.052986     8.1825     8.1291     1.2732    89.7353 1.3008e+02  -64.69915  -65.03274 329.774426      99.97 4.7246e+02    904.373      21706  1027.3464  1027.3439    34.0005    33.9975    8.12520         43 0.0000e+00
      6.000      5.942    -0.2766  28.054570    -0.2765  28.052574     8.1870     8.1343     1.2281    89.7410 1.4522e+02  -64.69914  -65.03274 329.774452      84.91 4.7185e+02    906.627      21760  1027.3415  1027.3392    34.0004    33.9976    8.12511         40 0.0000e+00
      5.000      4.951    -0.2764  28.054226    -0.2763  28.052140     8.1866     8.1364     1.2071    89.7201 1.6753e+02  -64.69914  -65.03274 329.774489      80.23 4.7055e+02    909.881      21838  1027.3366  1027.3343    34.0003    33.9974    8.12508         35 0.0000e+00
      4.000      3.960    -0.2763  28.053712    -0.2760  28.051819     8.1920     8.1373     1.1695    89.7493 1.9871e+02  -64.69914  -65.03274 329.774528      98.80 4.6903e+02    913.259      21919  1027.3317  1027.3293    34.0001    33.9973    8.12506         32 0.0000e+00
      3.000      2.971    -0.2763  28.053199    -0.2759  28.051030     8.1873     8.1398     1.0246    89.6357 2.3553e+02  -64.69914  -65.03274 329.774556      99.97 4.6798e+02    915.594      21975  1027.3268  1027.3241    34.0000    33.9967    8.12506         37 0.0000e+00
      2.000      1.980    -0.2760  28.052923    -0.2757  28.050314 -9.990e-29 -9.990e-29     1.0403    89.6784 2.7267e+02  -64.69914  -65.03274 329.774587      99.97 4.6715e+02    918.349      22041  1027.3220  1027.3189    34.0000    33.9961    8.12501         36 0.0000e+00
      1.000      0.989    -0.2756  28.052750    -0.2752  28.048267 -9.990e-29 -9.990e-29     0.8140    89.6637 6.8748e+02  -64.69914  -65.03274 329.774605      28.01 4.6709e+02    919.860      22078  1027.3171  1027.3073    33.9999    33.9935    8.12493         36 0.0000e+00
