NBP2113_155081_ctd/data/unbp2113_056.cnv
* Sea-Bird SBE 9 Data File:
* FileName = D:\Data\raw\NBP2113_056.hex
* Software Version Seasave V 7.26.7.121
* Temperature SN = 2438
* Conductivity SN = 2067
* Number of Bytes Per Scan = 40
* Number of Voltage Words = 5
* Number of Scans Averaged by the Deck Unit = 1
* NMEA Latitude = 64 53.69 S
* NMEA Longitude = 064 47.29 W
* NMEA UTC (Time) = Dec 11 2021  22:36:48
* NMEA baud rate = 9600
** Ship: RVIB N.B. Palmer
** Cruise: NBP2113 LTER
** Station: 591.057
** Operator: S. Blackman
# nquan = 25
# nvalues = 659                         
# units = specified
# name 0 = prDM: Pressure, Digiquartz [db]
# name 1 = depSM: Depth [salt water, m]
# name 2 = t090C: Temperature [ITS-90, deg C]
# name 3 = c0mS/cm: Conductivity [mS/cm]
# name 4 = t190C: Temperature, 2 [ITS-90, deg C]
# name 5 = c1mS/cm: Conductivity, 2 [mS/cm]
# name 6 = sbeox0ML/L: Oxygen, SBE 43 [ml/l]
# name 7 = sbeox1ML/L: Oxygen, SBE 43, 2 [ml/l]
# name 8 = flECO-AFL: Fluorescence, WET Labs ECO-AFL/FL [mg/m^3]
# name 9 = CStarTr0: Beam Transmission, WET Labs C-Star [%]
# name 10 = par: PAR/Irradiance, Biospherical/Licor
# name 11 = latitude: Latitude [deg]
# name 12 = longitude: Longitude [deg]
# name 13 = timeJ: Julian Days
# name 14 = altM: Altimeter [m]
# name 15 = spar: SPAR, Biospherical/Licor
# name 16 = timeS: Time, Elapsed [seconds]
# name 17 = scan: Scan Count
# name 18 = density00: Density [density, kg/m^3]
# name 19 = density11: Density, 2 [density, kg/m^3]
# name 20 = sal00: Salinity, Practical [PSU]
# name 21 = sal11: Salinity, Practical, 2 [PSU]
# name 22 = oxsolML/L: Oxygen Saturation, Garcia & Gordon [ml/l]
# name 23 = nbin: number of scans per bin
# name 24 = flag: flag
# span 0 =      1.000,    659.000       
# span 1 =      0.991,    651.510       
# span 2 =    -0.5133,     1.4679       
# span 3 =  27.564538,  30.360999       
# span 4 =    -0.5103,     1.4676       
# span 5 =  27.566300,  30.359607       
# span 6 =     4.0588,     8.0996       
# span 7 =     4.1191,     8.1494       
# span 8 =    -0.0217,     1.7937       
# span 9 =    82.5897,    91.4528       
# span 10 = 1.0000e-12, 1.3970e+02      
# span 11 =  -64.89496,  -64.89482      
# span 12 =  -64.78956,  -64.78857      
# span 13 = 345.956731, 345.968983      
# span 14 =       0.88,     100.16      
# span 15 = 1.2691e+02, 1.6211e+02      
# span 16 =   1253.519,   2312.097      
# span 17 =      30085,      55491      
# span 18 =  1027.0165,  1030.8509      
# span 19 =  1027.0123,  1030.8497      
# span 20 =    33.6074,    34.6847      
# span 21 =    33.6035,    34.6832      
# span 22 =    7.73033,    8.19855      
# span 23 =         11,         48      
# span 24 = 0.0000e+00, 0.0000e+00      
# interval = decibars: 1                
# start_time = Dec 11 2021 22:36:48 [NMEA time, header]
# bad_flag = -9.990e-29
*END*
[from data line 232]
    427.000    422.382     1.4183  30.204071     1.4176  30.202480     4.1283     4.1880    -0.0047    91.3619 1.0000e-12  -64.89496  -64.78869 345.960236      99.97 1.3574e+02   1556.411      37355  1029.7609  1029.7600    34.6711    34.6698    7.74079         35 0.0000e+00
    426.000    421.393     1.4166  30.202061     1.4162  30.200460     4.1410     4.1931     0.0024    91.3639 1.0000e-12  -64.89496  -64.78870 345.960252      99.97 1.3574e+02   1557.800      37388  1029.7563  1029.7551    34.6709    34.6693    7.74112         23 0.0000e+00
    425.000    420.405     1.4142  30.199099     1.4145  30.198190     4.1450     4.1966    -0.0142    91.3695 1.0000e-12  -64.89496  -64.78870 345.960262      99.97 1.3520e+02   1558.661      37409  1029.7514  1029.7503    34.6704    34.6689    7.74163         20 0.0000e+00
    424.000    419.416     1.4096  30.193485     1.4088  30.191709     4.1486     4.1996    -0.0139    91.3694 1.0000e-12  -64.89496  -64.78870 345.960272      99.97 1.3459e+02   1559.481      37429  1029.7461  1029.7450    34.6689    34.6675    7.74262         20 0.0000e+00
    423.000    418.428     1.4050  30.187715     1.4042  30.185906     4.1561     4.2034    -0.0105    91.3694 1.0000e-12  -64.89494  -64.78870 345.960282      99.97 1.3465e+02   1560.334      37449  1029.7406  1029.7394    34.6672    34.6658    7.74362         21 0.0000e+00
    422.000    417.442     1.4032  30.185263     1.4025  30.183480     4.1534     4.2067    -0.0081    91.3694 1.0000e-12  -64.89494  -64.78870 345.960292      99.97 1.3531e+02   1561.199      37470  1029.7356  1029.7344    34.6667    34.6651    7.74400         21 0.0000e+00
    421.000    416.452     1.4017  30.182761     1.4008  30.181030     4.1507     4.2048    -0.0149    91.3694 1.0000e-12  -64.89494  -64.78870 345.960301      99.97 1.3573e+02   1562.029      37490  1029.7302  1029.7292    34.6657    34.6644    7.74435         19 0.0000e+00
    420.000    415.462     1.4019  30.182858     1.4004  30.179889     4.1543     4.2048    -0.0139    91.3849 1.0000e-12  -64.89494  -64.78869 345.960311      99.97 1.3574e+02   1562.853      37509  1029.7258  1029.7243    34.6661    34.6640    7.74427         20 0.0000e+00
    419.000    414.477     1.4010  30.181226     1.3997  30.178671     4.1560     4.2026    -0.0087    91.3948 1.0000e-12  -64.89495  -64.78868 345.960322      99.97 1.3568e+02   1563.832      37533  1029.7208  1029.7195    34.6656    34.6638    7.74448         29 0.0000e+00
    418.000    413.487     1.4046  30.185011     1.4036  30.182900     4.1521     4.2009    -0.0168    91.3961 1.0000e-12  -64.89496  -64.78866 345.960368      99.97 1.3381e+02   1567.766      37627  1029.7167  1029.7156    34.6670    34.6654    7.74369         30 0.0000e+00
    417.000    412.500     1.4018  30.181408     1.4015  30.180065     4.1468     4.2034    -0.0167    91.3761 1.0000e-12  -64.89496  -64.78866 345.960382      99.97 1.3398e+02   1569.016      37657  1029.7116  1029.7106    34.6661    34.6648    7.74429         18 0.0000e+00
    416.000    411.512     1.4003  30.179187     1.4003  30.178118     4.1515     4.2043    -0.0057    91.3957 1.0000e-12  -64.89496  -64.78866 345.960389      99.97 1.3398e+02   1569.643      37672  1029.7066  1029.7056    34.6655    34.6642    7.74462         13 0.0000e+00
    415.000    410.523     1.3998  30.177936     1.3995  30.176719     4.1534     4.2009    -0.0099    91.4065 1.0000e-12  -64.89494  -64.78866 345.960396      99.97 1.3398e+02   1570.202      37686  1029.7016  1029.7007    34.6650    34.6638    7.74475         14 0.0000e+00
    414.000    409.533     1.3981  30.175790     1.3971  30.173604     4.1545     4.1974    -0.0134    91.4188 1.0000e-12  -64.89494  -64.78866 345.960402      99.97 1.3398e+02   1570.758      37699  1029.6968  1029.6956    34.6647    34.6631    7.74509         14 0.0000e+00
    413.000    408.546     1.3966  30.173453     1.3957  30.171544     4.1551     4.1986    -0.0187    91.4208 1.0000e-12  -64.89494  -64.78866 345.960409      99.97 1.3398e+02   1571.352      37713  1029.6918  1029.6906    34.6640    34.6626    7.74544         15 0.0000e+00
    412.000    407.558     1.3967  30.173127     1.3974  30.172459     4.1534     4.2000    -0.0209    91.4209 1.0000e-12  -64.89494  -64.78866 345.960418      99.97 1.3350e+02   1572.094      37731  1029.6870  1029.6857    34.6640    34.6625    7.74541         21 0.0000e+00
    411.000    406.568     1.3974  30.173444     1.3976  30.172688     4.1547     4.2005    -0.0123    91.4113 1.0000e-12  -64.89496  -64.78863 345.960436      99.97 1.3218e+02   1573.693      37770  1029.6824  1029.6814    34.6643    34.6631    7.74526         36 0.0000e+00
    410.000    405.581     1.3978  30.173549     1.3984  30.173198     4.1466     4.2104    -0.0094    91.3955 1.0000e-12  -64.89496  -64.78862 345.960468      99.97 1.3222e+02   1576.461      37836  1029.6778  1029.6769    34.6645    34.6635    7.74516         38 0.0000e+00
    409.000    404.593     1.3982  30.173596     1.3979  30.172379     4.1599     4.2141    -0.0114    91.4046 1.0000e-12  -64.89496  -64.78862 345.960482      99.97 1.3222e+02   1577.645      37864  1029.6733  1029.6723    34.6648    34.6635    7.74508         22 0.0000e+00
    408.000    403.604     1.3957  30.170396     1.3950  30.168737     4.1632     4.2190     0.0013    91.4212 1.0000e-12  -64.89496  -64.78862 345.960492      99.97 1.3222e+02   1578.536      37886  1029.6683  1029.6672    34.6640    34.6626    7.74561         20 0.0000e+00
    407.000    402.618     1.3929  30.166649     1.3908  30.163359     4.1660     4.2170    -0.0056    91.4237 1.0000e-12  -64.89494  -64.78862 345.960501      99.97 1.3222e+02   1579.308      37904  1029.6630  1029.6617    34.6629    34.6610    7.74623         18 0.0000e+00
    406.000    401.629     1.3906  30.163504     1.3899  30.161574     4.1671     4.2133    -0.0097    91.4295 1.0000e-12  -64.89494  -64.78862 345.960510      99.97 1.3222e+02   1580.058      37922  1029.6578  1029.6565    34.6620    34.6603    7.74673         18 0.0000e+00
    405.000    400.641     1.3904  30.162810     1.3893  30.160583     4.1637     4.2124    -0.0142    91.4299 1.0000e-12  -64.89494  -64.78862 345.960519      99.97 1.3222e+02   1580.849      37941  1029.6530  1029.6518    34.6619    34.6603    7.74676         20 0.0000e+00
    404.000    399.651     1.3901  30.162084     1.3893  30.160145     4.1644     4.2169    -0.0158    91.4408 1.0000e-12  -64.89494  -64.78862 345.960530      99.97 1.3222e+02   1581.825      37965  1029.6484  1029.6471    34.6619    34.6603    7.74683         28 0.0000e+00
    403.000    398.661     1.3909  30.162470     1.3906  30.160978     4.1693     4.2171    -0.0174    91.4317 1.0000e-12  -64.89495  -64.78859 345.960555      99.97 1.3222e+02   1583.936      38015  1029.6437  1029.6426    34.6620    34.6606    7.74666         30 0.0000e+00
    402.000    397.676     1.3911  30.162322     1.3903  30.160436     4.1658     4.2211    -0.0151    91.4362 1.0000e-12  -64.89495  -64.78859 345.960589      99.97 1.3222e+02   1586.921      38087  1029.6390  1029.6379    34.6622    34.6607    7.74661         31 0.0000e+00
    401.000    396.687     1.3904  30.161161     1.3898  30.159327     4.1688     4.2277    -0.0113    91.4444 1.0000e-12  -64.89494  -64.78861 345.960601      99.97 1.3222e+02   1587.933      38111  1029.6344  1029.6331    34.6621    34.6605    7.74676         20 0.0000e+00
    400.000    395.700     1.3884  30.158794     1.3882  30.157726     4.1715     4.2259    -0.0071    91.4430 1.0000e-12  -64.89494  -64.78862 345.960609      99.97 1.3222e+02   1588.619      38128  1029.6296  1029.6288    34.6618    34.6608    7.74716         14 0.0000e+00
    399.000    394.711     1.3846  30.154220     1.3837  30.152402     4.1736     4.2258    -0.0151    91.4528 1.0000e-12  -64.89494  -64.78862 345.960615      99.97 1.3222e+02   1589.177      38141  1029.6246  1029.6236    34.6609    34.6595    7.74797         13 0.0000e+00
    398.000    393.724     1.3822  30.150982     1.3811  30.148678     4.1765     4.2247    -0.0150    91.4444 1.0000e-12  -64.89494  -64.78862 345.960622      99.97 1.3222e+02   1589.699      38154  1029.6194  1029.6181    34.6599    34.6582    7.74849         12 0.0000e+00
    397.000    392.732     1.3811  30.149135     1.3802  30.147346     4.1759     4.2274    -0.0064    91.4427 1.0000e-12  -64.89494  -64.78862 345.960627      99.97 1.3222e+02   1590.217      38166  1029.6143  1029.6134    34.6593    34.6580    7.74873         13 0.0000e+00
    396.000    391.746     1.3801  30.147623     1.3799  30.146229     4.1776     4.2258    -0.0067    91.4332 1.0000e-12  -64.89494  -64.78861 345.960634      99.97 1.3222e+02   1590.778      38180  1029.6096  1029.6083    34.6591    34.6576    7.74895         15 0.0000e+00
    395.000    390.756     1.3812  30.148281     1.3810  30.147018     4.1748     4.2177    -0.0142    91.4216 1.0000e-12  -64.89494  -64.78860 345.960642      99.97 1.3222e+02   1591.496      38197  1029.6049  1029.6038    34.6593    34.6579    7.74872         21 0.0000e+00
    394.000    389.768     1.3809  30.147643     1.3825  30.148309     4.1704     4.2216    -0.0043    91.4209 1.0000e-12  -64.89494  -64.78858 345.960689      99.97 1.3222e+02   1595.534      38294  1029.6002  1029.5993    34.6593    34.6585    7.74877         27 0.0000e+00
    393.000    388.783     1.3812  30.147492     1.3820  30.147485     4.1681     4.2304    -0.0038    91.4473 1.0000e-12  -64.89494  -64.78858 345.960712      99.97 1.3222e+02   1597.548      38342  1029.5955  1029.5948    34.6594    34.6586    7.74871         17 0.0000e+00
    392.000    387.793     1.3810  30.146952     1.3809  30.145948     4.1742     4.2326    -0.0145    91.4277 1.0000e-12  -64.89494  -64.78858 345.960720      99.96 1.3222e+02   1598.168      38357  1029.5910  1029.5901    34.6596    34.6584    7.74875         15 0.0000e+00
    391.000    386.806     1.3796  30.145270     1.3795  30.144046     4.1744     4.2331    -0.0144    91.4268 1.0000e-12  -64.89494  -64.78859 345.960726      99.97 1.3222e+02   1598.753      38371  1029.5863  1029.5851    34.6595    34.6580    7.74901         13 0.0000e+00
    390.000    385.815     1.3778  30.142517     1.3772  30.141045     4.1765     4.2327    -0.0134    91.4209 1.0000e-12  -64.89494  -64.78860 345.960733      99.97 1.3222e+02   1599.313      38385  1029.5812  1029.5802    34.6586    34.6573    7.74943         14 0.0000e+00
    389.000    384.826     1.3775  30.141871     1.3774  30.140597     4.1749     4.2326    -0.0139    91.4191 1.0000e-12  -64.89494  -64.78860 345.960739      99.97 1.3222e+02   1599.884      38398  1029.5765  1029.5753    34.6587    34.6572    7.74949         14 0.0000e+00
    388.000    383.838     1.3765  30.140879     1.3753  30.138639     4.1827     4.2326    -0.0146    91.4208 1.0000e-12  -64.89494  -64.78860 345.960747      99.97 1.3222e+02   1600.539      38414  1029.5722  1029.5711    34.6590    34.6575    7.74965         18 0.0000e+00
    387.000    382.851     1.3765  30.139833     1.3744  30.136674     4.1803     4.2310    -0.0142    91.4200 1.0000e-12  -64.89494  -64.78858 345.960758      99.97 1.3222e+02   1601.531      38438  1029.5669  1029.5657    34.6584    34.6566    7.74970         28 0.0000e+00
    386.000    381.863     1.3738  30.136979     1.3780  30.140142     4.1819     4.2343    -0.0071    91.4201 1.0000e-12  -64.89494  -64.78857 345.960806      99.97 1.3222e+02   1605.669      38537  1029.5624  1029.5614    34.6582    34.6576    7.75023         32 0.0000e+00
    385.000    380.874     1.3754  30.138050     1.3773  30.139000     4.1845     4.2370    -0.0130    91.4209 1.0000e-12  -64.89494  -64.78858 345.960819      99.97 1.3222e+02   1606.758      38563  1029.5576  1029.5567    34.6584    34.6575    7.74990         21 0.0000e+00
    384.000    379.886     1.3747  30.137056     1.3749  30.136457     4.1828     4.2418    -0.0031    91.4209 1.0000e-12  -64.89494  -64.78858 345.960828      99.97 1.3222e+02   1607.534      38582  1029.5531  1029.5523    34.6585    34.6575    7.75004         17 0.0000e+00
    383.000    378.897     1.3704  30.132068     1.3680  30.128783     4.1864     4.2450     0.0023    91.4192 1.0000e-12  -64.89492  -64.78858 345.960835      99.97 1.3222e+02   1608.185      38597  1029.5479  1029.5470    34.6574    34.6559    7.75094         15 0.0000e+00
    382.000    377.910     1.3659  30.127073     1.3648  30.124886     4.1978     4.2440    -0.0050    91.4142 1.0000e-12  -64.89492  -64.78858 345.960843      99.97 1.3222e+02   1608.816      38613  1029.5431  1029.5419    34.6566    34.6550    7.75187         15 0.0000e+00
    381.000    376.919     1.3638  30.124247     1.3633  30.122760     4.2032     4.2438    -0.0068    91.4019 1.0000e-12  -64.89492  -64.78858 345.960850      99.97 1.3222e+02   1609.466      38628  1029.5381  1029.5370    34.6559    34.6545    7.75233         16 0.0000e+00
    380.000    375.933     1.3641  30.123884     1.3630  30.121934     4.2005     4.2437    -0.0138    91.4026 1.0000e-12  -64.89492  -64.78858 345.960860      99.97 1.3222e+02   1610.276      38648  1029.5332  1029.5322    34.6557    34.6544    7.75229         24 0.0000e+00
    379.000    374.942     1.3657  30.125253     1.3648  30.123313     4.1933     4.2428    -0.0051    91.4018 1.0000e-12  -64.89494  -64.78857 345.960882      99.97 1.3222e+02   1612.236      38695  1029.5286  1029.5276    34.6562    34.6548    7.75193         39 0.0000e+00
    378.000    373.956     1.3662  30.125363     1.3651  30.123287     4.1976     4.2475    -0.0036    91.3941 1.0000e-12  -64.89494  -64.78858 345.960912      99.97 1.3222e+02   1614.810      38756  1029.5240  1029.5229    34.6564    34.6550    7.75183         31 0.0000e+00
    377.000    372.967     1.3654  30.124116     1.3642  30.121789     4.2059     4.2447     0.0086    91.4008 1.0000e-12  -64.89494  -64.78859 345.960925      99.97 1.3222e+02   1615.940      38784  1029.5193  1029.5180    34.6562    34.6546    7.75199         24 0.0000e+00
    376.000    371.978     1.3628  30.121118     1.3624  30.119713     4.2015     4.2507    -0.0080    91.3939 1.0000e-12  -64.89493  -64.78860 345.960936      99.97 1.3222e+02   1616.848      38805  1029.5145  1029.5134    34.6559    34.6545    7.75252         21 0.0000e+00
    375.000    370.990     1.3610  30.118752     1.3602  30.116775     4.2015     4.2518    -0.0143    91.4004 1.0000e-12  -64.89492  -64.78860 345.960946      99.97 1.3222e+02   1617.689      38826  1029.5096  1029.5084    34.6554    34.6538    7.75290         20 0.0000e+00
    374.000    370.001     1.3604  30.117633     1.3603  30.116369     4.2043     4.2482    -0.0090    91.4013 1.0000e-12  -64.89492  -64.78860 345.960955      99.97 1.3222e+02   1618.549      38846  1029.5048  1029.5037    34.6552    34.6538    7.75303         21 0.0000e+00
    373.000    369.014     1.3586  30.115270     1.3584  30.113922     4.2075     4.2567    -0.0099    91.4133 1.0000e-12  -64.89492  -64.78860 345.960966      99.97 1.3222e+02   1619.476      38868  1029.5000  1029.4988    34.6548    34.6533    7.75341         23 0.0000e+00
    372.000    368.025     1.3556  30.111602     1.3566  30.111662     4.2039     4.2549    -0.0112    91.3961 1.0000e-12  -64.89492  -64.78859 345.960978      99.97 1.3222e+02   1620.506      38893  1029.4949  1029.4940    34.6540    34.6530    7.75405         27 0.0000e+00
    371.000    367.036     1.3535  30.108838     1.3527  30.106969     4.2004     4.2561    -0.0099    91.3767 1.0000e-12  -64.89492  -64.78858 345.960992      99.97 1.3047e+02   1621.734      38923  1029.4899  1029.4888    34.6534    34.6519    7.75450         33 0.0000e+00
