NBP2113_155081_ctd/data/unbp2113_018.cnv
* Sea-Bird SBE 9 Data File:
* FileName = D:\Data\raw\NBP2113_018.hex
* Software Version Seasave V 7.26.7.121
* Temperature SN = 2438
* Conductivity SN = 2067
* Number of Bytes Per Scan = 40
* Number of Voltage Words = 5
* Number of Scans Averaged by the Deck Unit = 1
* NMEA Latitude = 65 50.87 S
* NMEA Longitude = 071 22.66 W
* NMEA UTC (Time) = Nov 28 2021  20:11:54
* NMEA baud rate = 9600
** Ship: RVIB N.B. Palmer
** Cruise: NBP2113 LTER
** Station: 300.200
** Operator: S. Blackman
# nquan = 25
# nvalues = 3101                        
# units = specified
# name 0 = prDM: Pressure, Digiquartz [db]
# name 1 = depSM: Depth [salt water, m]
# name 2 = t090C: Temperature [ITS-90, deg C]
# name 3 = c0mS/cm: Conductivity [mS/cm]
# name 4 = t190C: Temperature, 2 [ITS-90, deg C]
# name 5 = c1mS/cm: Conductivity, 2 [mS/cm]
# name 6 = sbeox0ML/L: Oxygen, SBE 43 [ml/l]
# name 7 = sbeox1ML/L: Oxygen, SBE 43, 2 [ml/l]
# name 8 = flECO-AFL: Fluorescence, WET Labs ECO-AFL/FL [mg/m^3]
# name 9 = CStarTr0: Beam Transmission, WET Labs C-Star [%]
# name 10 = par: PAR/Irradiance, Biospherical/Licor
# name 11 = latitude: Latitude [deg]
# name 12 = longitude: Longitude [deg]
# name 13 = timeJ: Julian Days
# name 14 = altM: Altimeter [m]
# name 15 = spar: SPAR, Biospherical/Licor
# name 16 = timeS: Time, Elapsed [seconds]
# name 17 = scan: Scan Count
# name 18 = density00: Density [density, kg/m^3]
# name 19 = density11: Density, 2 [density, kg/m^3]
# name 20 = sal00: Salinity, Practical [PSU]
# name 21 = sal11: Salinity, Practical, 2 [PSU]
# name 22 = oxsolML/L: Oxygen Saturation, Garcia & Gordon [ml/l]
# name 23 = nbin: number of scans per bin
# name 24 = flag: flag
# span 0 =      1.000,   3101.000       
# span 1 =      0.988,   3048.006       
# span 2 =    -0.9226,     1.9842       
# span 3 =  27.561464,  30.707609       
# span 4 =    -0.9225,     1.9832       
# span 5 =  27.560629,  30.706539       
# span 6 =     3.8782,     8.4841       
# span 7 =     3.9346,     8.4221       
# span 8 =    -0.0219,     9.2677       
# span 9 =    85.5450,    97.8597       
# span 10 = 1.0000e-12, 1.0000e-12      
# span 11 =  -65.84832,  -65.84748      
# span 12 =  -71.37883,  -71.37752      
# span 13 = 332.889283, 332.936425      
# span 14 =       8.20,     101.10      
# span 15 = 1.8334e+02, 4.7422e+02      
# span 16 =   4120.092,   8193.091      
# span 17 =      98883,     196635      
# span 18 =  1027.2925,  1042.0931      
# span 19 =  1027.2915,  1042.0923      
# span 20 =    33.9515,    34.7290      
# span 21 =    33.9504,    34.7284      
# span 22 =    7.63105,    8.26313      
# span 23 =         10,         48      
# span 24 = 0.0000e+00, 0.0000e+00      
# interval = decibars: 1                
# start_time = Nov 28 2021 20:11:54 [NMEA time, header]
# bad_flag = -9.990e-29
*END*
[from data line 2319]
    782.000    772.831     1.6688  30.623561     1.6678  30.622343     4.1690     4.2269    -0.0179    97.8258 1.0000e-12  -65.84804  -71.37814 332.921853      99.98 3.2966e+02   6934.133     166420  1031.4376  1031.4372    34.7270    34.7265    7.68884         19 0.0000e+00
    781.000    771.845     1.6693  30.623600     1.6683  30.622362     4.1723     4.2264    -0.0119    97.8333 1.0000e-12  -65.84804  -71.37815 332.921864      99.97 3.2966e+02   6935.032     166442  1031.4329  1031.4326    34.7271    34.7266    7.68875         26 0.0000e+00
    780.000    770.858     1.6682  30.622294     1.6678  30.621469     4.1752     4.2264    -0.0098    97.8174 1.0000e-12  -65.84804  -71.37815 332.921880      99.98 3.2966e+02   6936.414     166475  1031.4285  1031.4281    34.7271    34.7265    7.68895         39 0.0000e+00
    779.000    769.872     1.6688  30.622398     1.6681  30.621373     4.1713     4.2297     0.0123    97.8308 1.0000e-12  -65.84804  -71.37815 332.921896      99.98 3.2966e+02   6937.850     166509  1031.4239  1031.4235    34.7272    34.7266    7.68883         29 0.0000e+00
    778.000    768.885     1.6696  30.622605     1.6687  30.621477     4.1691     4.2324    -0.0051    97.8326 1.0000e-12  -65.84804  -71.37814 332.921909      99.98 3.2966e+02   6938.960     166536  1031.4191  1031.4188    34.7271    34.7267    7.68868         25 0.0000e+00
    777.000    767.900     1.6710  30.623469     1.6701  30.622230     4.1650     4.2297    -0.0045    97.8326 1.0000e-12  -65.84804  -71.37813 332.921921      99.98 3.2966e+02   6940.000     166561  1031.4144  1031.4141    34.7273    34.7267    7.68841         25 0.0000e+00
    776.000    766.912     1.6727  30.624484     1.6719  30.623298     4.1683     4.2274    -0.0040    97.8326 1.0000e-12  -65.84804  -71.37812 332.921933      99.98 3.2966e+02   6941.028     166586  1031.4095  1031.4091    34.7272    34.7266    7.68808         24 0.0000e+00
    775.000    765.925     1.6732  30.624498     1.6724  30.623454     4.1728     4.2264    -0.0123    97.8326 1.0000e-12  -65.84806  -71.37812 332.921945      99.98 3.2966e+02   6942.079     166611  1031.4049  1031.4046    34.7272    34.7268    7.68798         26 0.0000e+00
    774.000    764.939     1.6734  30.624302     1.6728  30.623244     4.1787     4.2286    -0.0122    97.8326 1.0000e-12  -65.84806  -71.37812 332.921958      99.97 3.2966e+02   6943.208     166638  1031.4003  1031.3998    34.7273    34.7266    7.68793         29 0.0000e+00
    773.000    763.953     1.6734  30.623820     1.6726  30.622600     4.1805     4.2319     0.0020    97.8326 1.0000e-12  -65.84806  -71.37812 332.921973      99.98 3.2966e+02   6944.459     166668  1031.3956  1031.3952    34.7272    34.7266    7.68793         31 0.0000e+00
    772.000    762.966     1.6736  30.623645     1.6730  30.622555     4.1773     4.2309    -0.0076    97.8326 1.0000e-12  -65.84806  -71.37811 332.921988      99.97 3.2966e+02   6945.729     166698  1031.3910  1031.3905    34.7273    34.7266    7.68789         29 0.0000e+00
    771.000    761.980     1.6745  30.623935     1.6737  30.622691     4.1774     4.2294    -0.0016    97.8326 1.0000e-12  -65.84806  -71.37810 332.922001      99.97 3.2966e+02   6946.876     166726  1031.3863  1031.3859    34.7273    34.7267    7.68772         25 0.0000e+00
    770.000    760.995     1.6760  30.624743     1.6746  30.623236     4.1757     4.2284    -0.0130    97.8326 1.0000e-12  -65.84806  -71.37810 332.922012      99.98 3.2966e+02   6947.837     166749  1031.3814  1031.3812    34.7272    34.7268    7.68743         21 0.0000e+00
    769.000    760.005     1.6780  30.626101     1.6764  30.624338     4.1758     4.2279    -0.0132    97.8326 1.0000e-12  -65.84806  -71.37809 332.922022      99.97 3.2922e+02   6948.681     166769  1031.3766  1031.3764    34.7273    34.7268    7.68704         20 0.0000e+00
    768.000    759.022     1.6803  30.627747     1.6786  30.625878     4.1752     4.2271    -0.0069    97.8326 1.0000e-12  -65.84806  -71.37808 332.922032      99.98 3.2801e+02   6949.542     166790  1031.3718  1031.3716    34.7274    34.7269    7.68658         22 0.0000e+00
    767.000    758.033     1.6796  30.626553     1.6774  30.624361     4.1776     4.2283    -0.0113    97.8326 1.0000e-12  -65.84806  -71.37808 332.922044      99.97 3.2790e+02   6950.623     166816  1031.3671  1031.3671    34.7272    34.7269    7.68673         31 0.0000e+00
    766.000    757.047     1.6792  30.625826     1.6787  30.624947     4.1719     4.2351    -0.0054    97.8326 1.0000e-12  -65.84807  -71.37808 332.922066      99.97 3.2647e+02   6952.477     166860  1031.3626  1031.3622    34.7273    34.7267    7.68681         41 0.0000e+00
    765.000    756.061     1.6796  30.625775     1.6789  30.624890     4.1827     4.2348     0.0024    97.8264 1.0000e-12  -65.84808  -71.37808 332.922085      99.98 3.2612e+02   6954.160     166901  1031.3580  1031.3578    34.7274    34.7270    7.68673         34 0.0000e+00
    764.000    755.076     1.6821  30.627662     1.6816  30.626676     4.1722     4.2383    -0.0068    97.8113 1.0000e-12  -65.84808  -71.37806 332.922100      99.98 3.2613e+02   6955.402     166931  1031.3532  1031.3528    34.7275    34.7269    7.68623         27 0.0000e+00
    763.000    754.087     1.6835  30.628370     1.6829  30.627558     4.1724     4.2334    -0.0205    97.5750 1.0000e-12  -65.84808  -71.37804 332.922111      99.97 3.2613e+02   6956.417     166955  1031.3483  1031.3481    34.7274    34.7271    7.68596         23 0.0000e+00
    762.000    753.100     1.6845  30.628868     1.6836  30.627746     4.1657     4.2348    -0.0056    97.7705 1.0000e-12  -65.84808  -71.37804 332.922122      99.98 3.2613e+02   6957.305     166976  1031.3436  1031.3434    34.7275    34.7270    7.68576         20 0.0000e+00
    761.000    752.116     1.6849  30.628776     1.6843  30.627718     4.1704     4.2347    -0.0054    97.8316 1.0000e-12  -65.84808  -71.37804 332.922131      99.98 3.2613e+02   6958.112     166996  1031.3390  1031.3386    34.7275    34.7269    7.68568         19 0.0000e+00
    760.000    751.127     1.6851  30.628444     1.6846  30.627698     4.1735     4.2349    -0.0060    97.8326 1.0000e-12  -65.84808  -71.37804 332.922140      99.98 3.2440e+02   6958.864     167014  1031.3343  1031.3340    34.7275    34.7271    7.68566         17 0.0000e+00
    759.000    750.143     1.6852  30.628100     1.6849  30.627338     4.1750     4.2385    -0.0146    97.8326 1.0000e-12  -65.84808  -71.37804 332.922148      99.97 3.2437e+02   6959.608     167032  1031.3296  1031.3292    34.7274    34.7269    7.68563         18 0.0000e+00
    758.000    749.155     1.6854  30.627980     1.6848  30.627003     4.1772     4.2339    -0.0143    97.8326 1.0000e-12  -65.84808  -71.37804 332.922157      99.97 3.2437e+02   6960.404     167051  1031.3251  1031.3247    34.7276    34.7271    7.68558         21 0.0000e+00
    757.000    748.169     1.6855  30.627479     1.6847  30.626374     4.1847     4.2304    -0.0082    97.8326 1.0000e-12  -65.84809  -71.37804 332.922171      99.98 3.2437e+02   6961.541     167078  1031.3204  1031.3200    34.7275    34.7270    7.68558         33 0.0000e+00
    756.000    747.182     1.6845  30.626130     1.6841  30.625396     4.1747     4.2297    -0.0041    97.8326 1.0000e-12  -65.84810  -71.37802 332.922209      99.98 3.2437e+02   6964.884     167158  1031.3159  1031.3155    34.7274    34.7269    7.68577         28 0.0000e+00
    755.000    746.196     1.6852  30.626440     1.6849  30.625645     4.1684     4.2312    -0.0048    97.8326 1.0000e-12  -65.84810  -71.37801 332.922222      99.97 3.2437e+02   6965.947     167184  1031.3112  1031.3108    34.7275    34.7270    7.68562         20 0.0000e+00
    754.000    745.209     1.6874  30.627987     1.6868  30.627117     4.1666     4.2318    -0.0045    97.8326 1.0000e-12  -65.84810  -71.37800 332.922230      99.98 3.2437e+02   6966.696     167202  1031.3064  1031.3061    34.7277    34.7272    7.68519         16 0.0000e+00
    753.000    744.224     1.6909  30.630430     1.6893  30.628681     4.1638     4.2356    -0.0048    97.8326 1.0000e-12  -65.84810  -71.37800 332.922238      99.98 3.2341e+02   6967.347     167217  1031.3012  1031.3011    34.7275    34.7270    7.68452         15 0.0000e+00
    752.000    743.235     1.6929  30.631647     1.6914  30.630029     4.1682     4.2324    -0.0045    97.8326 1.0000e-12  -65.84810  -71.37800 332.922245      99.97 3.2261e+02   6967.982     167233  1031.2963  1031.2961    34.7274    34.7269    7.68414         16 0.0000e+00
    751.000    742.249     1.6942  30.632348     1.6927  30.630652     4.1720     4.2286    -0.0068    97.8326 1.0000e-12  -65.84810  -71.37800 332.922253      99.98 3.2129e+02   6968.651     167249  1031.2915  1031.2913    34.7274    34.7268    7.68389         17 0.0000e+00
    750.000    741.263     1.6939  30.631618     1.6929  30.630523     4.1711     4.2294    -0.0138    97.8326 1.0000e-12  -65.84810  -71.37800 332.922263      99.98 3.2001e+02   6969.487     167269  1031.2869  1031.2867    34.7273    34.7270    7.68394         24 0.0000e+00
    749.000    740.276     1.6926  30.630071     1.6924  30.629523     4.1755     4.2345    -0.0044    97.8326 1.0000e-12  -65.84810  -71.37801 332.922281      99.97 3.1791e+02   6971.086     167307  1031.2825  1031.2821    34.7274    34.7269    7.68420         38 0.0000e+00
    748.000    739.290     1.6911  30.628400     1.6911  30.627988     4.1748     4.2313    -0.0076    97.8150 1.0000e-12  -65.84811  -71.37799 332.922309      99.97 3.1560e+02   6973.526     167366  1031.2781  1031.2777    34.7275    34.7269    7.68448         36 0.0000e+00
    747.000    738.304     1.6929  30.629492     1.6920  30.628217     4.1714     4.2317    -0.0117    97.8229 1.0000e-12  -65.84812  -71.37798 332.922325      99.98 3.1549e+02   6974.851     167397  1031.2733  1031.2729    34.7275    34.7268    7.68414         26 0.0000e+00
    746.000    737.317     1.6953  30.631219     1.6953  30.630846     4.1593     4.2289    -0.0083    97.8329 1.0000e-12  -65.84812  -71.37797 332.922336      99.98 3.1393e+02   6975.796     167420  1031.2684  1031.2680    34.7275    34.7271    7.68367         20 0.0000e+00
    745.000    736.329     1.7003  30.634904     1.6995  30.633927     4.1590     4.2284     0.0047    97.8326 1.0000e-12  -65.84812  -71.37796 332.922345      99.98 3.1378e+02   6976.611     167440  1031.2629  1031.2627    34.7272    34.7269    7.68271         19 0.0000e+00
    744.000    735.343     1.7018  30.635784     1.7004  30.634115     4.1701     4.2279     0.0104    97.8326 1.0000e-12  -65.84812  -71.37796 332.922354      99.98 3.1379e+02   6977.378     167458  1031.2581  1031.2579    34.7273    34.7267    7.68242         19 0.0000e+00
    743.000    734.357     1.7028  30.636091     1.7017  30.634829     4.1722     4.2255    -0.0210    97.8326 1.0000e-12  -65.84812  -71.37798 332.922363      99.98 3.1333e+02   6978.162     167477  1031.2533  1031.2531    34.7271    34.7267    7.68224         19 0.0000e+00
    742.000    733.370     1.7029  30.635779     1.7018  30.634273     4.1693     4.2225    -0.0095    97.8326 1.0000e-12  -65.84812  -71.37800 332.922373      99.98 3.1206e+02   6979.043     167498  1031.2487  1031.2482    34.7271    34.7264    7.68221         24 0.0000e+00
    741.000    732.383     1.7022  30.634864     1.7008  30.632941     4.1692     4.2279    -0.0099    97.8326 1.0000e-12  -65.84812  -71.37800 332.922389      99.98 3.1203e+02   6980.387     167530  1031.2443  1031.2438    34.7273    34.7264    7.68234         36 0.0000e+00
    740.000    731.397     1.7012  30.633442     1.7011  30.632932     4.1706     4.2250    -0.0052    97.8319 1.0000e-12  -65.84812  -71.37797 332.922414      99.97 3.1203e+02   6982.614     167584  1031.2398  1031.2394    34.7272    34.7267    7.68254         42 0.0000e+00
    739.000    730.411     1.7022  30.633893     1.7019  30.633174     4.1689     4.2288    -0.0055    97.8158 1.0000e-12  -65.84812  -71.37796 332.922431      99.98 3.1020e+02   6984.012     167617  1031.2350  1031.2346    34.7272    34.7267    7.68234         27 0.0000e+00
    738.000    729.425     1.7047  30.635572     1.7041  30.634619     4.1608     4.2311    -0.0056    97.8294 1.0000e-12  -65.84812  -71.37796 332.922442      99.98 3.1027e+02   6984.995     167641  1031.2300  1031.2297    34.7271    34.7266    7.68186         21 0.0000e+00
    737.000    728.439     1.7074  30.637301     1.7056  30.635502     4.1574     4.2268    -0.0059    97.8326 1.0000e-12  -65.84812  -71.37795 332.922452      99.98 3.1027e+02   6985.846     167661  1031.2250  1031.2248    34.7270    34.7266    7.68136         20 0.0000e+00
    736.000    727.449     1.7088  30.638069     1.7073  30.636485     4.1654     4.2234    -0.0063    97.8314 1.0000e-12  -65.84812  -71.37795 332.922462      99.98 3.1027e+02   6986.699     167682  1031.2202  1031.2199    34.7269    34.7265    7.68108         21 0.0000e+00
    735.000    726.465     1.7095  30.638276     1.7083  30.636893     4.1713     4.2303    -0.0100    97.8326 1.0000e-12  -65.84812  -71.37795 332.922473      99.98 3.0863e+02   6987.651     167705  1031.2154  1031.2152    34.7270    34.7265    7.68094         25 0.0000e+00
    734.000    725.477     1.7082  30.636702     1.7087  30.636690     4.1736     4.2250    -0.0025    97.8326 1.0000e-12  -65.84812  -71.37795 332.922487      99.98 3.0850e+02   6988.887     167734  1031.2110  1031.2104    34.7270    34.7263    7.68120         35 0.0000e+00
    733.000    724.490     1.7080  30.636127     1.7087  30.636293     4.1674     4.2270    -0.0130    97.8326 1.0000e-12  -65.84812  -71.37796 332.922505      99.97 3.0850e+02   6990.441     167772  1031.2064  1031.2059    34.7270    34.7264    7.68123         35 0.0000e+00
    732.000    723.503     1.7102  30.637499     1.7099  30.636843     4.1646     4.2234    -0.0145    97.8326 1.0000e-12  -65.84812  -71.37796 332.922520      99.98 3.0850e+02   6991.727     167802  1031.2014  1031.2010    34.7268    34.7263    7.68080         28 0.0000e+00
    731.000    722.517     1.7107  30.637492     1.7101  30.636534     4.1563     4.2223    -0.0119    97.8326 1.0000e-12  -65.84812  -71.37795 332.922532      99.98 3.0791e+02   6992.783     167828  1031.1968  1031.1964    34.7269    34.7264    7.68072         24 0.0000e+00
    730.000    721.530     1.7146  30.640489     1.7118  30.637697     4.1646     4.2215    -0.0027    97.8326 1.0000e-12  -65.84812  -71.37794 332.922544      99.97 3.0672e+02   6993.786     167852  1031.1917  1031.1917    34.7269    34.7265    7.67995         24 0.0000e+00
    729.000    720.544     1.7159  30.641204     1.7142  30.639255     4.1686     4.2240    -0.0035    97.8326 1.0000e-12  -65.84813  -71.37794 332.922556      99.98 3.0674e+02   6994.817     167877  1031.1869  1031.1867    34.7269    34.7264    7.67969         26 0.0000e+00
    728.000    719.557     1.7165  30.641107     1.7139  30.638651     4.1695     4.2211    -0.0032    97.8326 1.0000e-12  -65.84814  -71.37793 332.922569      99.98 3.0674e+02   6995.993     167905  1031.1821  1031.1822    34.7268    34.7265    7.67960         31 0.0000e+00
    727.000    718.571     1.7169  30.641088     1.7142  30.638363     4.1715     4.2218    -0.0060    97.8326 1.0000e-12  -65.84814  -71.37792 332.922585      99.98 3.0674e+02   6997.338     167937  1031.1776  1031.1775    34.7269    34.7264    7.67952         33 0.0000e+00
    726.000    717.584     1.7181  30.641586     1.7173  30.640570     4.1682     4.2196    -0.0153    97.8326 1.0000e-12  -65.84814  -71.37792 332.922599      99.98 3.0674e+02   6998.582     167967  1031.1727  1031.1724    34.7268    34.7263    7.67929         27 0.0000e+00
