NBP2113_155081_ctd/data/unbp2113_019.cnv
* Sea-Bird SBE 9 Data File:
* FileName = D:\Data\raw\NBP2113_019.hex
* Software Version Seasave V 7.26.7.121
* Temperature SN = 2438
* Conductivity SN = 2067
* Number of Bytes Per Scan = 40
* Number of Voltage Words = 5
* Number of Scans Averaged by the Deck Unit = 1
* NMEA Latitude = 66 53.46 S
* NMEA Longitude = 068 55.21 W
* NMEA UTC (Time) = Nov 29 2021  09:39:46
* NMEA baud rate = 9600
** Ship: RVIB N.B. Palmer
** Cruise: NBP2113 LTER
** Station: 300.040
** Operator: B. Urmston
# nquan = 25
# nvalues = 673                         
# units = specified
# name 0 = prDM: Pressure, Digiquartz [db]
# name 1 = depSM: Depth [salt water, m]
# name 2 = t090C: Temperature [ITS-90, deg C]
# name 3 = c0mS/cm: Conductivity [mS/cm]
# name 4 = t190C: Temperature, 2 [ITS-90, deg C]
# name 5 = c1mS/cm: Conductivity, 2 [mS/cm]
# name 6 = sbeox0ML/L: Oxygen, SBE 43 [ml/l]
# name 7 = sbeox1ML/L: Oxygen, SBE 43, 2 [ml/l]
# name 8 = flECO-AFL: Fluorescence, WET Labs ECO-AFL/FL [mg/m^3]
# name 9 = CStarTr0: Beam Transmission, WET Labs C-Star [%]
# name 10 = par: PAR/Irradiance, Biospherical/Licor
# name 11 = latitude: Latitude [deg]
# name 12 = longitude: Longitude [deg]
# name 13 = timeJ: Julian Days
# name 14 = altM: Altimeter [m]
# name 15 = spar: SPAR, Biospherical/Licor
# name 16 = timeS: Time, Elapsed [seconds]
# name 17 = scan: Scan Count
# name 18 = density00: Density [density, kg/m^3]
# name 19 = density11: Density, 2 [density, kg/m^3]
# name 20 = sal00: Salinity, Practical [PSU]
# name 21 = sal11: Salinity, Practical, 2 [PSU]
# name 22 = oxsolML/L: Oxygen Saturation, Garcia & Gordon [ml/l]
# name 23 = nbin: number of scans per bin
# name 24 = flag: flag
# span 0 =      1.000,    673.000       
# span 1 =      0.990,    665.235       
# span 2 =    -0.9044,     1.4609       
# span 3 =  27.489965,  30.232854       
# span 4 =    -0.9188,     1.4599       
# span 5 =  27.474494,  30.231730       
# span 6 =     3.9628,     9.2420       
# span 7 =     4.0254,     9.7454       
# span 8 =    -0.0224,     1.2528       
# span 9 =    89.8677,    97.3949       
# span 10 = 1.0000e-12, 7.8826e+02      
# span 11 =  -66.89128,  -66.89106      
# span 12 =  -68.92454,  -68.92398      
# span 13 = 333.418538, 333.433263      
# span 14 =       8.35,      99.98      
# span 15 = 4.3031e+02, 5.5000e+02      
# span 16 =   1375.686,   2647.958      
# span 17 =      33017,      63552      
# span 18 =  1027.2218,  1030.9683      
# span 19 =  1027.2208,  1030.9674      
# span 20 =    33.8544,    34.7211      
# span 21 =    33.8531,    34.7200      
# span 22 =    7.73090,    8.26599      
# span 23 =         11,         47      
# span 24 = 0.0000e+00, 0.0000e+00      
# interval = decibars: 1                
# start_time = Nov 29 2021 09:39:46 [NMEA time, header]
# bad_flag = -9.990e-29
*END*
[from data line 406]
    267.000    264.177     1.2294  29.927463     1.2312  29.928786     4.1265     4.1811    -0.0042    96.9828 1.0000e-12  -66.89127  -68.92404 333.426236      99.97 5.1484e+02   2040.785      48980  1028.9837  1028.9833    34.6190    34.6187    7.78089         34 0.0000e+00
    266.000    263.189     1.2277  29.925006     1.2282  29.924941     4.1263     4.1864    -0.0031    96.9828 1.0000e-12  -66.89126  -68.92404 333.426252      99.97 5.1476e+02   2042.200      49014  1028.9785  1028.9780    34.6183    34.6177    7.78126         32 0.0000e+00
    265.000    262.201     1.2259  29.922338     1.2264  29.922391     4.1253     4.1867    -0.0012    96.9828 1.0000e-12  -66.89126  -68.92404 333.426267      99.98 5.1476e+02   2043.435      49043  1028.9733  1028.9729    34.6175    34.6170    7.78167         27 0.0000e+00
    264.000    261.211     1.2246  29.920422     1.2249  29.920047     4.1235     4.1865     0.0089    96.9828 1.0000e-12  -66.89126  -68.92404 333.426278      99.97 5.1476e+02   2044.460      49068  1028.9683  1028.9677    34.6170    34.6162    7.78194         23 0.0000e+00
    263.000    260.221     1.2244  29.919728     1.2242  29.918897     4.1199     4.1864    -0.0016    96.9828 1.0000e-12  -66.89126  -68.92404 333.426289      99.97 5.1476e+02   2045.368      49090  1028.9635  1028.9629    34.6169    34.6161    7.78199         20 0.0000e+00
    262.000    259.235     1.2243  29.919199     1.2240  29.918350     4.1200     4.1846    -0.0139    97.0060 1.0000e-12  -66.89126  -68.92404 333.426298      99.97 5.1618e+02   2046.154      49109  1028.9588  1028.9582    34.6169    34.6161    7.78201         18 0.0000e+00
    261.000    258.244     1.2243  29.918689     1.2240  29.917730     4.1286     4.1839    -0.0078    96.9996 1.0000e-12  -66.89126  -68.92404 333.426306      99.97 5.1651e+02   2046.865      49126  1028.9540  1028.9533    34.6169    34.6160    7.78201         17 0.0000e+00
    260.000    257.256     1.2244  29.918336     1.2240  29.917369     4.1316     4.1840    -0.0073    96.9876 1.0000e-12  -66.89126  -68.92404 333.426315      99.98 5.1652e+02   2047.567      49143  1028.9494  1028.9487    34.6169    34.6160    7.78200         17 0.0000e+00
    259.000    256.267     1.2243  29.917871     1.2241  29.916857     4.1233     4.1831    -0.0087    96.9829 1.0000e-12  -66.89126  -68.92404 333.426324      99.97 5.1652e+02   2048.363      49162  1028.9446  1028.9439    34.6170    34.6159    7.78200         21 0.0000e+00
    258.000    255.278     1.2248  29.917783     1.2244  29.916707     4.1265     4.1829    -0.0123    96.9922 1.0000e-12  -66.89126  -68.92404 333.426337      99.97 5.1667e+02   2049.475      49188  1028.9399  1028.9391    34.6169    34.6160    7.78192         34 0.0000e+00
    257.000    254.287     1.2244  29.917045     1.2242  29.916131     4.1269     4.1838    -0.0021    96.9736 1.0000e-12  -66.89126  -68.92405 333.426371      99.97 5.1814e+02   2052.498      49261  1028.9352  1028.9345    34.6170    34.6161    7.78199         23 0.0000e+00
    256.000    253.302     1.2245  29.916666     1.2242  29.915766     4.1299     4.1864    -0.0000    96.9846 1.0000e-12  -66.89126  -68.92404 333.426395      99.97 5.1899e+02   2054.534      49310  1028.9304  1028.9298    34.6170    34.6162    7.78197         24 0.0000e+00
    255.000    252.312     1.2243  29.915976     1.2240  29.915052     4.1283     4.1895    -0.0108    97.0024 1.0000e-12  -66.89126  -68.92404 333.426405      99.97 5.1855e+02   2055.410      49331  1028.9256  1028.9250    34.6168    34.6160    7.78201         20 0.0000e+00
    254.000    251.323     1.2237  29.914905     1.2236  29.914121     4.1236     4.1861    -0.0094    96.9917 1.0000e-12  -66.89126  -68.92404 333.426414      99.97 5.1830e+02   2056.163      49349  1028.9209  1028.9202    34.6167    34.6158    7.78213         18 0.0000e+00
    253.000    250.335     1.2234  29.913961     1.2231  29.913056     4.1226     4.1790     0.0007    97.0008 1.0000e-12  -66.89126  -68.92404 333.426423      99.98 5.1961e+02   2056.902      49367  1028.9160  1028.9154    34.6165    34.6157    7.78222         17 0.0000e+00
    252.000    249.343     1.2230  29.913131     1.2229  29.912360     4.1179     4.1738    -0.0057    97.0058 1.0000e-12  -66.89126  -68.92404 333.426431      99.97 5.1940e+02   2057.658      49385  1028.9113  1028.9106    34.6165    34.6155    7.78230         19 0.0000e+00
    251.000    248.357     1.2228  29.912500     1.2226  29.911597     4.1226     4.1721    -0.0033    97.0060 1.0000e-12  -66.89126  -68.92404 333.426441      99.98 5.1829e+02   2058.479      49404  1028.9066  1028.9059    34.6165    34.6155    7.78234         20 0.0000e+00
    250.000    247.367     1.2227  29.911935     1.2226  29.910989     4.1319     4.1768    -0.0013    97.0075 1.0000e-12  -66.89126  -68.92402 333.426451      99.97 5.1829e+02   2059.391      49426  1028.9019  1028.9010    34.6164    34.6154    7.78236         24 0.0000e+00
    249.000    246.378     1.2229  29.911769     1.2229  29.911000     4.1261     4.1808    -0.0068    97.0232 1.0000e-12  -66.89126  -68.92404 333.426464      99.97 5.1707e+02   2060.514      49453  1028.8972  1028.8964    34.6165    34.6155    7.78231         32 0.0000e+00
    248.000    245.390     1.2230  29.911369     1.2230  29.910654     4.1241     4.1888    -0.0083    97.0143 1.0000e-12  -66.89126  -68.92404 333.426495      99.98 5.1854e+02   2063.131      49516  1028.8925  1028.8918    34.6165    34.6156    7.78230         34 0.0000e+00
    247.000    244.401     1.2231  29.910999     1.2228  29.909941     4.1383     4.2068    -0.0018    96.9957 1.0000e-12  -66.89126  -68.92404 333.426520      99.97 5.2010e+02   2065.316      49569  1028.8877  1028.8870    34.6165    34.6155    7.78227         23 0.0000e+00
    246.000    243.413     1.2220  29.909314     1.2219  29.908429     4.1696     4.2176     0.0035    97.0069 1.0000e-12  -66.89126  -68.92406 333.426528      99.97 5.2005e+02   2066.044      49586  1028.8828  1028.8821    34.6161    34.6152    7.78250         15 0.0000e+00
    245.000    242.420     1.2177  29.903556     1.2173  29.902794     4.1834     4.2241     0.0105    97.0086 1.0000e-12  -66.89126  -68.92406 333.426535      99.97 5.2005e+02   2066.598      49599  1028.8770  1028.8766    34.6142    34.6136    7.78348         12 0.0000e+00
    244.000    241.437     1.2049  29.888550     1.2035  29.886392     4.1934     4.2279     0.0063    97.0369 1.0000e-12  -66.89126  -68.92404 333.426541      99.97 5.2094e+02   2067.112      49612  1028.8700  1028.8692    34.6097    34.6084    7.78626         12 0.0000e+00
    243.000    240.443     1.1892  29.871125     1.1845  29.865894     4.1925     4.2293    -0.0075    97.0558 1.0000e-12  -66.89126  -68.92404 333.426547      99.97 5.2180e+02   2067.616      49624  1028.8634  1028.8625    34.6053    34.6037    7.78962         13 0.0000e+00
    242.000    239.458     1.1745  29.855091     1.1749  29.854831     4.1850     4.2251    -0.0077    97.0871 1.0000e-12  -66.89126  -68.92404 333.426553      99.98 5.2181e+02   2068.178      49637  1028.8570  1028.8564    34.6015    34.6008    7.79273         14 0.0000e+00
    241.000    238.467     1.1765  29.856850     1.1793  29.859587     4.1638     4.2155    -0.0067    97.1173 1.0000e-12  -66.89126  -68.92403 333.426562      99.97 5.2327e+02   2068.967      49656  1028.8526  1028.8526    34.6022    34.6026    7.79231         26 0.0000e+00
    240.000    237.478     1.2081  29.890928     1.1991  29.880164     4.1581     4.2178     0.0073    97.0934 1.0000e-12  -66.89126  -68.92404 333.426613      99.98 5.2354e+02   2073.378      49762  1028.8518  1028.8496    34.6115    34.6076    7.78552         36 0.0000e+00
    239.000    236.490     1.1991  29.880954     1.1997  29.880556     4.1897     4.2443    -0.0073    97.0754 1.0000e-12  -66.89126  -68.92404 333.426627      99.98 5.2202e+02   2074.565      49791  1028.8462  1028.8452    34.6092    34.6080    7.78742         23 0.0000e+00
    238.000    235.501     1.1900  29.869804     1.1932  29.872680     4.2166     4.2538    -0.0077    97.1012 1.0000e-12  -66.89126  -68.92404 333.426637      99.98 5.2181e+02   2075.433      49811  1028.8395  1028.8393    34.6056    34.6057    7.78943         20 0.0000e+00
    237.000    234.512     1.1595  29.835558     1.1692  29.845895     4.2359     4.2677    -0.0077    97.1183 1.0000e-12  -66.89126  -68.92404 333.426646      99.97 5.2181e+02   2076.211      49830  1028.8302  1028.8311    34.5960    34.5985    7.79602         18 0.0000e+00
    236.000    233.522     1.1311  29.803838     1.1345  29.806594     4.2473     4.2744    -0.0077    97.1266 1.0000e-12  -66.89126  -68.92404 333.426655      99.98 5.2181e+02   2076.951      49848  1028.8212  1028.8208    34.5873    34.5871    7.80214         17 0.0000e+00
    235.000    232.534     1.1140  29.784142     1.1142  29.783843     4.2559     4.2734    -0.0077    97.1400 1.0000e-12  -66.89126  -68.92404 333.426663      99.97 5.2075e+02   2077.678      49865  1028.8135  1028.8130    34.5816    34.5810    7.80587         18 0.0000e+00
    234.000    231.544     1.1006  29.768802     1.1139  29.783280     4.2474     4.2738    -0.0077    97.1718 1.0000e-12  -66.89126  -68.92404 333.426672      99.98 5.2007e+02   2078.440      49884  1028.8065  1028.8082    34.5773    34.5812    7.80877         19 0.0000e+00
    233.000    230.555     1.0940  29.761597     1.0975  29.763980     4.2343     4.2723    -0.0037    97.2166 1.0000e-12  -66.89126  -68.92402 333.426682      99.98 5.2057e+02   2079.307      49904  1028.8011  1028.8001    34.5760    34.5751    7.81016         23 0.0000e+00
    232.000    229.568     1.1139  29.782851     1.1102  29.779006     4.2257     4.2739     0.0063    97.2356 1.0000e-12  -66.89126  -68.92402 333.426696      99.97 5.2178e+02   2080.559      49934  1028.7986  1028.7984    34.5818    34.5809    7.80587         37 0.0000e+00
    231.000    228.579     1.1114  29.780079     1.1092  29.776452     4.2299     4.2784    -0.0023    97.2026 1.0000e-12  -66.89126  -68.92402 333.426716      99.97 5.2232e+02   2082.289      49976  1028.7938  1028.7922    34.5816    34.5793    7.80638         39 0.0000e+00
    230.000    227.588     1.1043  29.771647     1.0999  29.765648     4.2382     4.2770     0.0023    97.2103 1.0000e-12  -66.89126  -68.92403 333.426733      99.98 5.2358e+02   2083.690      50010  1028.7877  1028.7858    34.5792    34.5763    7.80793         30 0.0000e+00
    229.000    226.600     1.0964  29.762463     1.0977  29.763540     4.2417     4.2742     0.0029    97.2377 1.0000e-12  -66.89126  -68.92404 333.426749      99.97 5.2435e+02   2085.111      50044  1028.7816  1028.7813    34.5768    34.5766    7.80964         40 0.0000e+00
    228.000    225.610     1.0862  29.751078     1.1077  29.774014     4.2346     4.2859    -0.0041    97.2478 1.0000e-12  -66.89126  -68.92403 333.426770      99.98 5.2531e+02   2086.889      50086  1028.7754  1028.7779    34.5740    34.5797    7.81183         39 0.0000e+00
    227.000    224.623     1.0877  29.751913     1.0849  29.747717     4.2390     4.2890     0.0002    97.2713 1.0000e-12  -66.89126  -68.92402 333.426786      99.98 5.2488e+02   2088.279      50120  1028.7704  1028.7690    34.5740    34.5717    7.81153         27 0.0000e+00
    226.000    223.633     1.0784  29.741501     1.0790  29.741580     4.2427     4.2883     0.0003    97.2649 1.0000e-12  -66.89126  -68.92402 333.426797      99.97 5.2357e+02   2089.279      50144  1028.7644  1028.7640    34.5715    34.5708    7.81352         22 0.0000e+00
    225.000    222.643     1.0720  29.734047     1.0727  29.734089     4.2337     4.2917    -0.0023    97.2539 1.0000e-12  -66.89126  -68.92402 333.426807      99.98 5.2358e+02   2090.126      50164  1028.7588  1028.7582    34.5696    34.5689    7.81490         19 0.0000e+00
    224.000    221.655     1.0676  29.728615     1.0684  29.728682     4.2286     4.2917    -0.0077    97.2661 1.0000e-12  -66.89126  -68.92402 333.426816      99.97 5.2218e+02   2090.915      50183  1028.7531  1028.7525    34.5680    34.5672    7.81586         19 0.0000e+00
    223.000    220.668     1.0651  29.725272     1.0652  29.724756     4.2353     4.2915     0.0091    97.2442 1.0000e-12  -66.89126  -68.92403 333.426825      99.97 5.2181e+02   2091.726      50202  1028.7478  1028.7472    34.5671    34.5663    7.81641         20 0.0000e+00
    222.000    219.676     1.0646  29.724108     1.0651  29.723934     4.2362     4.2894     0.0146    97.2582 1.0000e-12  -66.89126  -68.92403 333.426836      96.84 5.2181e+02   2092.624      50224  1028.7428  1028.7422    34.5667    34.5660    7.81653         23 0.0000e+00
    221.000    218.688     1.0652  29.724285     1.0647  29.723051     4.2299     4.2925     0.0014    97.2556 1.0000e-12  -66.89126  -68.92403 333.426848      60.21 5.2220e+02   2093.659      50249  1028.7380  1028.7373    34.5669    34.5659    7.81640         27 0.0000e+00
    220.000    217.699     1.0637  29.722192     1.0675  29.725345     4.2317     4.2911     0.0035    97.2578 1.0000e-12  -66.89126  -68.92403 333.426861      99.39 5.2523e+02   2094.796      50276  1028.7329  1028.7325    34.5664    34.5663    7.81672         28 0.0000e+00
    219.000    216.710     1.0618  29.719650     1.0633  29.720507     4.2338     4.2946     0.0026    97.2778 1.0000e-12  -66.89126  -68.92403 333.426875      99.97 5.2755e+02   2095.984      50305  1028.7278  1028.7273    34.5658    34.5653    7.81714         29 0.0000e+00
    218.000    215.721     1.0643  29.722164     1.0645  29.721749     4.2371     4.2960    -0.0047    97.2659 1.0000e-12  -66.89126  -68.92402 333.426900      99.98 5.2835e+02   2098.170      50357  1028.7236  1028.7230    34.5669    34.5661    7.81658         37 0.0000e+00
    217.000    214.732     1.0652  29.722356     1.0652  29.721883     4.2460     4.3046    -0.0009    97.2661 1.0000e-12  -66.89126  -68.92402 333.426937      99.98 5.2637e+02   2101.321      50433  1028.7186  1028.7180    34.5668    34.5662    7.81642         27 0.0000e+00
    216.000    213.744     1.0578  29.713897     1.0561  29.711310     4.2730     4.3246     0.0091    97.2661 1.0000e-12  -66.89126  -68.92402 333.426945      99.97 5.2529e+02   2102.037      50450  1028.7128  1028.7118    34.5646    34.5632    7.81800         17 0.0000e+00
    215.000    212.753     1.0309  29.683058     1.0321  29.684234     4.2901     4.3305    -0.0083    97.2661 1.0000e-12  -66.89126  -68.92402 333.426952      99.98 5.2408e+02   2102.649      50465  1028.7032  1028.7033    34.5553    34.5555    7.82389         13 0.0000e+00
    214.000    211.765     1.0171  29.668746     1.0191  29.670192     4.2910     4.3295    -0.0077    97.2661 1.0000e-12  -66.89126  -68.92404 333.426958      99.98 5.2357e+02   2103.196      50478  1028.6978  1028.6973    34.5528    34.5525    7.82680         14 0.0000e+00
    213.000    210.776     1.0089  29.658866     1.0067  29.656075     4.3008     4.3275    -0.0077    97.2661 1.0000e-12  -66.89126  -68.92404 333.426964      99.97 5.2358e+02   2103.724      50490  1028.6914  1028.6907    34.5498    34.5486    7.82860         12 0.0000e+00
    212.000    209.786     0.9951  29.643674     0.9965  29.644649     4.3014     4.3252    -0.0071    97.2661 1.0000e-12  -66.89126  -68.92404 333.426970      99.98 5.2373e+02   2104.233      50503  1028.6850  1028.6845    34.5461    34.5457    7.83158         12 0.0000e+00
    211.000    208.799     0.9899  29.637856     0.9894  29.636669     4.2972     4.3328     0.0003    97.2661 1.0000e-12  -66.89126  -68.92404 333.426977      99.97 5.2538e+02   2104.785      50516  1028.6796  1028.6789    34.5449    34.5439    7.83268         14 0.0000e+00
