NBP2113_155081_ctd/data/unbp2113_054.cnv
* Sea-Bird SBE 9 Data File:
* FileName = D:\Data\raw\NBP2113_054.hex
* Software Version Seasave V 7.26.7.121
* Temperature SN = 2438
* Conductivity SN = 2067
* Number of Bytes Per Scan = 40
* Number of Voltage Words = 5
* Number of Scans Averaged by the Deck Unit = 1
* NMEA Latitude = 64 52.85 S
* NMEA Longitude = 064 38.20 W
* NMEA UTC (Time) = Dec 11 2021  19:48:22
* NMEA baud rate = 9600
** Ship: RVIB N.B. Palmer
** Cruise: NBP2113 LTER
** Station: 597.052
** Operator: S. Blackman
# nquan = 25
# nvalues = 444                         
# units = specified
# name 0 = prDM: Pressure, Digiquartz [db]
# name 1 = depSM: Depth [salt water, m]
# name 2 = t090C: Temperature [ITS-90, deg C]
# name 3 = c0mS/cm: Conductivity [mS/cm]
# name 4 = t190C: Temperature, 2 [ITS-90, deg C]
# name 5 = c1mS/cm: Conductivity, 2 [mS/cm]
# name 6 = sbeox0ML/L: Oxygen, SBE 43 [ml/l]
# name 7 = sbeox1ML/L: Oxygen, SBE 43, 2 [ml/l]
# name 8 = flECO-AFL: Fluorescence, WET Labs ECO-AFL/FL [mg/m^3]
# name 9 = CStarTr0: Beam Transmission, WET Labs C-Star [%]
# name 10 = par: PAR/Irradiance, Biospherical/Licor
# name 11 = latitude: Latitude [deg]
# name 12 = longitude: Longitude [deg]
# name 13 = timeJ: Julian Days
# name 14 = altM: Altimeter [m]
# name 15 = spar: SPAR, Biospherical/Licor
# name 16 = timeS: Time, Elapsed [seconds]
# name 17 = scan: Scan Count
# name 18 = density00: Density [density, kg/m^3]
# name 19 = density11: Density, 2 [density, kg/m^3]
# name 20 = sal00: Salinity, Practical [PSU]
# name 21 = sal11: Salinity, Practical, 2 [PSU]
# name 22 = oxsolML/L: Oxygen Saturation, Garcia & Gordon [ml/l]
# name 23 = nbin: number of scans per bin
# name 24 = flag: flag
# span 0 =      1.000,    444.000       
# span 1 =      0.991,    439.181       
# span 2 =    -0.6469,     1.3374       
# span 3 =  27.477254,  30.121591       
# span 4 =    -0.6478,     1.3370       
# span 5 =  27.488002,  30.120029       
# span 6 =     4.2498,     8.4534       
# span 7 =     4.3057,     8.0391       
# span 8 =    -0.0226,     1.7594       
# span 9 =    83.7273,    91.4425       
# span 10 = 1.0000e-12, 6.1488e+02      
# span 11 =  -64.88094,  -64.88092      
# span 12 =  -64.63768,  -64.63693      
# span 13 = 345.837812, 345.846769      
# span 14 =      -0.88,     100.72      
# span 15 = 5.8351e+02, 6.5765e+02      
# span 16 =   1084.925,   1858.850      
# span 17 =      26039,      44613      
# span 18 =  1027.0374,  1029.8282      
# span 19 =  1027.0351,  1029.8271      
# span 20 =    33.6332,    34.6472      
# span 21 =    33.6320,    34.6457      
# span 22 =    7.75800,    8.22480      
# span 23 =         13,         46      
# span 24 = 0.0000e+00, 0.0000e+00      
# interval = decibars: 1                
# start_time = Dec 11 2021 19:48:22 [NMEA time, header]
# bad_flag = -9.990e-29
*END*
    444.000    439.181     1.3324  30.118194     1.3326  30.117351     4.2716     4.3247    -0.0097    91.1913 1.0000e-12  -64.88092  -64.63693 345.837812       8.15 5.8351e+02   1084.925      26039  1029.8282  1029.8271    34.6467    34.6454    7.75902         31 0.0000e+00
    443.000    438.191     1.3265  30.110685     1.3259  30.108932     4.2690     4.3213    -0.0083    91.1743 1.0000e-12  -64.88092  -64.63694 345.837824       9.07 5.8479e+02   1085.970      26064  1029.8221  1029.8209    34.6442    34.6426    7.76031         27 0.0000e+00
    442.000    437.204     1.3325  30.116714     1.3320  30.115144     4.2574     4.3149    -0.0066    91.1517 1.0000e-12  -64.88092  -64.63702 345.838173       9.59 5.9777e+02   1116.132      26788  1029.8181  1029.8170    34.6458    34.6444    7.75904         29 0.0000e+00
    441.000    436.216     1.3374  30.121591     1.3370  30.120029     4.2549     4.3057    -0.0075    91.1799 1.0000e-12  -64.88092  -64.63710 345.838555       9.89 6.1194e+02   1149.160      27581  1029.8141  1029.8130    34.6472    34.6457    7.75800         32 0.0000e+00
    440.000    435.228     1.3373  30.120982     1.3369  30.119432     4.2551     4.3075    -0.0077    91.1780 1.0000e-12  -64.88092  -64.63710 345.838584      11.00 6.1347e+02   1151.688      27642  1029.8094  1029.8081    34.6472    34.6455    7.75803         46 0.0000e+00
    439.000    434.241     1.3372  30.120459     1.3369  30.118928     4.2498     4.3092    -0.0072    91.1818 1.0000e-12  -64.88092  -64.63712 345.838611      11.86 6.1348e+02   1153.973      27696  1029.8047  1029.8035    34.6472    34.6456    7.75805         31 0.0000e+00
    438.000    433.250     1.3366  30.119320     1.3365  30.118137     4.2589     4.3168    -0.0059    91.1881 1.0000e-12  -64.88092  -64.63714 345.838624      12.70 6.1348e+02   1155.071      27723  1029.8000  1029.7988    34.6470    34.6455    7.75818         21 0.0000e+00
    437.000    432.265     1.3344  30.116761     1.3341  30.115379     4.2576     4.3189    -0.0062    91.2054 1.0000e-12  -64.88092  -64.63714 345.838633      13.48 6.1348e+02   1155.874      27742  1029.7953  1029.7942    34.6467    34.6453    7.75863         19 0.0000e+00
    436.000    431.274     1.3316  30.113423     1.3312  30.111942     4.2607     4.3182    -0.0051    91.2028 1.0000e-12  -64.88092  -64.63714 345.838641      14.40 6.1348e+02   1156.616      27760  1029.7903  1029.7893    34.6460    34.6446    7.75920         17 0.0000e+00
    435.000    430.286     1.3292  30.110202     1.3287  30.108687     4.2621     4.3124     0.0122    91.1895 1.0000e-12  -64.88092  -64.63714 345.838651      15.51 6.1348e+02   1157.420      27779  1029.7853  1029.7842    34.6452    34.6438    7.75973         22 0.0000e+00
    434.000    429.299     1.3293  30.109862     1.3300  30.109512     4.2617     4.3131    -0.0116    91.1875 1.0000e-12  -64.88092  -64.63714 345.838663      16.73 6.1399e+02   1158.478      27804  1029.7806  1029.7795    34.6452    34.6440    7.75971         30 0.0000e+00
    433.000    428.311     1.3303  30.110367     1.3295  30.108525     4.2647     4.3192    -0.0108    91.1995 1.0000e-12  -64.88092  -64.63714 345.838683      17.84 6.1446e+02   1160.191      27846  1029.7759  1029.7747    34.6454    34.6439    7.75951         38 0.0000e+00
    432.000    427.322     1.3301  30.109789     1.3295  30.108088     4.2712     4.3210    -0.0130    91.1856 1.0000e-12  -64.88092  -64.63714 345.838704      18.70 6.1442e+02   1161.997      27889  1029.7713  1029.7700    34.6454    34.6439    7.75955         32 0.0000e+00
    431.000    426.334     1.3265  30.105645     1.3267  30.104803     4.2804     4.3302    -0.0077    91.1809 1.0000e-12  -64.88092  -64.63714 345.838717      19.73 6.1526e+02   1163.178      27917  1029.7663  1029.7652    34.6446    34.6434    7.76029         25 0.0000e+00
    430.000    425.347     1.3243  30.102855     1.3218  30.099234     4.2764     4.3321    -0.0077    91.1881 1.0000e-12  -64.88092  -64.63716 345.838729      20.57 6.1532e+02   1164.207      27942  1029.7614  1029.7601    34.6441    34.6422    7.76076         25 0.0000e+00
    429.000    424.358     1.3186  30.096380     1.3179  30.094371     4.2691     4.3343    -0.0077    91.1619 1.0000e-12  -64.88092  -64.63716 345.838741      21.57 6.1603e+02   1165.225      27966  1029.7562  1029.7547    34.6427    34.6409    7.76196         23 0.0000e+00
    428.000    423.370     1.3171  30.094104     1.3169  30.092866     4.2681     4.3338    -0.0077    91.2058 1.0000e-12  -64.88092  -64.63716 345.838752      22.56 6.1680e+02   1166.178      27989  1029.7511  1029.7500    34.6421    34.6406    7.76229         22 0.0000e+00
    427.000    422.382     1.3167  30.093213     1.3166  30.092075     4.2665     4.3286    -0.0138    91.1947 1.0000e-12  -64.88092  -64.63716 345.838762      23.48 6.1701e+02   1167.038      28010  1029.7462  1029.7452    34.6419    34.6405    7.76237         19 0.0000e+00
    426.000    421.394     1.3164  30.092380     1.3162  30.091113     4.2718     4.3306    -0.0105    91.2110 1.0000e-12  -64.88092  -64.63716 345.838772      24.45 6.1701e+02   1167.865      28030  1029.7415  1029.7403    34.6418    34.6403    7.76244         21 0.0000e+00
    425.000    420.404     1.3161  30.091660     1.3158  30.090319     4.2810     4.3374     0.0018    91.1968 1.0000e-12  -64.88092  -64.63716 345.838783      25.47 6.1701e+02   1168.816      28053  1029.7368  1029.7357    34.6417    34.6404    7.76250         27 0.0000e+00
    424.000    419.418     1.3175  30.092725     1.3177  30.091799     4.2790     4.3382    -0.0021    91.2091 1.0000e-12  -64.88092  -64.63716 345.838816      26.79 6.1701e+02   1171.681      28121  1029.7321  1029.7310    34.6421    34.6407    7.76220         38 0.0000e+00
    423.000    418.430     1.3168  30.091539     1.3166  30.090254     4.2781     4.3382    -0.0093    91.2020 1.0000e-12  -64.88092  -64.63718 345.838833      27.29 6.1701e+02   1173.126      28156  1029.7274  1029.7264    34.6419    34.6406    7.76235         20 0.0000e+00
    422.000    417.442     1.3163  30.090676     1.3159  30.089107     4.2822     4.3415    -0.0150    91.2150 1.0000e-12  -64.88092  -64.63718 345.838841      28.18 6.1701e+02   1173.859      28174  1029.7228  1029.7216    34.6420    34.6404    7.76245         16 0.0000e+00
    421.000    416.452     1.3151  30.089092     1.3154  30.088145     4.2864     4.3415    -0.0095    91.2045 1.0000e-12  -64.88092  -64.63718 345.838849      29.28 6.1701e+02   1174.530      28190  1029.7181  1029.7169    34.6419    34.6404    7.76269         17 0.0000e+00
    420.000    415.465     1.3111  30.084272     1.3115  30.083887     4.2872     4.3366    -0.0092    91.2119 1.0000e-12  -64.88092  -64.63718 345.838857      30.22 6.1701e+02   1175.271      28207  1029.7130  1029.7121    34.6407    34.6397    7.76355         20 0.0000e+00
    419.000    414.476     1.3108  30.083294     1.3117  30.083129     4.2842     4.3371    -0.0142    91.2111 1.0000e-12  -64.88092  -64.63719 345.838870      31.53 6.1701e+02   1176.395      28234  1029.7080  1029.7069    34.6404    34.6392    7.76362         33 0.0000e+00
    418.000    413.488     1.3119  30.084096     1.3141  30.085336     4.2964     4.3397    -0.0085    91.1922 1.0000e-12  -64.88092  -64.63720 345.838891      32.56 6.1701e+02   1178.182      28277  1029.7034  1029.7025    34.6408    34.6399    7.76339         36 0.0000e+00
    417.000    412.500     1.3106  30.082310     1.3115  30.082323     4.2960     4.3485    -0.0002    91.2063 1.0000e-12  -64.88092  -64.63720 345.838904      33.28 6.1701e+02   1179.323      28305  1029.6987  1029.6978    34.6405    34.6394    7.76366         23 0.0000e+00
    416.000    411.513     1.3091  30.080287     1.3081  30.078354     4.2979     4.3500    -0.0066    91.2088 1.0000e-12  -64.88092  -64.63720 345.838914      34.22 6.1701e+02   1180.204      28326  1029.6939  1029.6928    34.6402    34.6387    7.76398         21 0.0000e+00
    415.000    410.523     1.3054  30.075979     1.3049  30.074422     4.2957     4.3529    -0.0012    91.1682 1.0000e-12  -64.88092  -64.63720 345.838925      35.25 6.1701e+02   1181.111      28348  1029.6888  1029.6877    34.6393    34.6378    7.76475         24 0.0000e+00
    414.000    409.535     1.3056  30.075596     1.3051  30.073834     4.2923     4.3485    -0.0002    91.2260 1.0000e-12  -64.88092  -64.63720 345.838942      36.37 6.1701e+02   1182.563      28383  1029.6840  1029.6827    34.6391    34.6375    7.76471         36 0.0000e+00
    413.000    408.547     1.3058  30.075341     1.3050  30.073472     4.2888     4.3521    -0.0023    91.2263 1.0000e-12  -64.88092  -64.63720 345.838964      37.38 6.1701e+02   1184.455      28428  1029.6793  1029.6781    34.6392    34.6377    7.76468         36 0.0000e+00
    412.000    407.559     1.3037  30.072781     1.3037  30.071599     4.2934     4.3470    -0.0042    91.2294 1.0000e-12  -64.88092  -64.63720 345.838978      38.29 6.1701e+02   1185.668      28457  1029.6744  1029.6732    34.6388    34.6373    7.76511         25 0.0000e+00
    411.000    406.571     1.3031  30.071611     1.3023  30.069861     4.3017     4.3475    -0.0070    91.2452 1.0000e-12  -64.88092  -64.63721 345.838989      39.12 6.1701e+02   1186.634      28480  1029.6696  1029.6686    34.6386    34.6372    7.76525         22 0.0000e+00
    410.000    405.582     1.3013  30.069360     1.3009  30.067884     4.3062     4.3486    -0.0070    91.2568 1.0000e-12  -64.88092  -64.63722 345.838999      40.28 6.1701e+02   1187.542      28502  1029.6649  1029.6637    34.6382    34.6368    7.76562         22 0.0000e+00
    409.000    404.593     1.2999  30.067506     1.2998  30.066144     4.3035     4.3554    -0.0070    91.2571 1.0000e-12  -64.88092  -64.63722 345.839010      41.21 6.1701e+02   1188.474      28524  1029.6600  1029.6588    34.6379    34.6364    7.76590         22 0.0000e+00
    408.000    403.606     1.2986  30.065613     1.2984  30.064237     4.3007     4.3560    -0.0083    91.2428 1.0000e-12  -64.88092  -64.63722 345.839021      42.22 6.1701e+02   1189.442      28548  1029.6551  1029.6540    34.6375    34.6360    7.76618         24 0.0000e+00
    407.000    402.618     1.2974  30.063829     1.2975  30.062901     4.3041     4.3519    -0.0147    91.2452 1.0000e-12  -64.88092  -64.63722 345.839033      43.28 6.1701e+02   1190.424      28571  1029.6503  1029.6492    34.6372    34.6359    7.76644         23 0.0000e+00
    406.000    401.628     1.2971  30.063101     1.2969  30.061733     4.3034     4.3512    -0.0142    91.2615 1.0000e-12  -64.88094  -64.63722 345.839045      44.30 6.1701e+02   1191.452      28596  1029.6455  1029.6443    34.6371    34.6356    7.76650         27 0.0000e+00
    405.000    400.640     1.2985  30.063908     1.2984  30.062950     4.3027     4.3531    -0.0061    91.2349 1.0000e-12  -64.88094  -64.63722 345.839061      45.33 6.1701e+02   1192.871      28630  1029.6407  1029.6398    34.6372    34.6361    7.76622         35 0.0000e+00
    404.000    399.653     1.2986  30.063828     1.2989  30.063012     4.3042     4.3615    -0.0003    91.2449 1.0000e-12  -64.88092  -64.63723 345.839094      46.44 6.1701e+02   1195.680      28697  1029.6363  1029.6352    34.6376    34.6363    7.76618         38 0.0000e+00
    403.000    398.666     1.2981  30.062815     1.2980  30.061686     4.3078     4.3611    -0.0073    91.2521 1.0000e-12  -64.88092  -64.63724 345.839109      47.22 6.1701e+02   1197.004      28729  1029.6315  1029.6304    34.6374    34.6361    7.76629         23 0.0000e+00
    402.000    397.675     1.2968  30.061157     1.2962  30.059484     4.3102     4.3615    -0.0073    91.2624 1.0000e-12  -64.88092  -64.63724 345.839118      47.87 6.1701e+02   1197.835      28749  1029.6269  1029.6258    34.6373    34.6359    7.76655         18 0.0000e+00
    401.000    396.686     1.2944  30.058127     1.2942  30.056658     4.3063     4.3660    -0.0013    91.2664 1.0000e-12  -64.88092  -64.63724 345.839127      49.04 6.1701e+02   1198.527      28766  1029.6219  1029.6206    34.6366    34.6350    7.76706         16 0.0000e+00
    400.000    395.702     1.2946  30.057778     1.2943  30.056393     4.3044     4.3665     0.0014    91.2664 1.0000e-12  -64.88092  -64.63726 345.839134      50.09 6.1701e+02   1199.187      28781  1029.6171  1029.6159    34.6365    34.6351    7.76702         16 0.0000e+00
    399.000    394.710     1.2946  30.057345     1.2943  30.055903     4.3082     4.3631    -0.0129    91.2412 1.0000e-12  -64.88092  -64.63725 345.839142      50.81 6.1701e+02   1199.842      28797  1029.6125  1029.6113    34.6366    34.6351    7.76703         16 0.0000e+00
    398.000    393.722     1.2943  30.056662     1.2940  30.055246     4.3113     4.3602    -0.0146    91.2396 1.0000e-12  -64.88093  -64.63724 345.839151      51.94 6.1701e+02   1200.630      28816  1029.6078  1029.6067    34.6366    34.6352    7.76708         22 0.0000e+00
    397.000    392.734     1.2947  30.056408     1.2943  30.054921     4.3087     4.3655    -0.0110    91.2380 1.0000e-12  -64.88094  -64.63724 345.839165      53.30 6.1556e+02   1201.897      28847  1029.6029  1029.6018    34.6365    34.6350    7.76702         37 0.0000e+00
    396.000    391.747     1.2945  30.056023     1.2942  30.054504     4.3036     4.3638    -0.0063    91.2218 1.0000e-12  -64.88094  -64.63724 345.839189      54.43 6.1524e+02   1203.939      28896  1029.5984  1029.5972    34.6367    34.6352    7.76703         35 0.0000e+00
    395.000    390.758     1.2945  30.055369     1.2942  30.054063     4.3026     4.3628    -0.0074    91.2487 1.0000e-12  -64.88094  -64.63724 345.839204      55.26 6.1525e+02   1205.270      28927  1029.5936  1029.5925    34.6366    34.6352    7.76706         27 0.0000e+00
    394.000    389.770     1.2940  30.054635     1.2937  30.053177     4.3000     4.3635    -0.0075    91.2442 1.0000e-12  -64.88092  -64.63724 345.839218      56.38 6.1525e+02   1206.417      28955  1029.5890  1029.5879    34.6366    34.6351    7.76713         31 0.0000e+00
    393.000    388.781     1.2940  30.054068     1.2938  30.052769     4.3066     4.3635    -0.0006    91.2885 1.0000e-12  -64.88092  -64.63725 345.839240      57.37 6.1525e+02   1208.305      29000  1029.5842  1029.5831    34.6366    34.6351    7.76715         37 0.0000e+00
    392.000    387.793     1.2937  30.053394     1.2934  30.051902     4.3012     4.3617    -0.0081    91.2851 1.0000e-12  -64.88092  -64.63726 345.839260      58.25 6.1525e+02   1210.069      29043  1029.5796  1029.5783    34.6366    34.6350    7.76720         26 0.0000e+00
    391.000    386.806     1.2929  30.051996     1.2924  30.050508     4.2982     4.3683    -0.0077    91.2658 1.0000e-12  -64.88092  -64.63727 345.839269      58.97 6.1525e+02   1210.881      29062  1029.5747  1029.5737    34.6362    34.6349    7.76738         16 0.0000e+00
    390.000    385.816     1.2923  30.051094     1.2918  30.049507     4.3057     4.3681    -0.0077    91.2587 1.0000e-12  -64.88092  -64.63728 345.839277      60.09 6.1525e+02   1211.507      29077  1029.5701  1029.5690    34.6363    34.6348    7.76749         14 0.0000e+00
    389.000    384.829     1.2917  30.049857     1.2912  30.048441     4.3105     4.3656    -0.0072    91.2535 1.0000e-12  -64.88094  -64.63728 345.839283      60.73 6.1525e+02   1212.071      29091  1029.5653  1029.5643    34.6360    34.6347    7.76764         14 0.0000e+00
    388.000    383.838     1.2906  30.048326     1.2901  30.046832     4.3094     4.3640    -0.0067    91.2481 1.0000e-12  -64.88094  -64.63727 345.839290      61.65 6.1399e+02   1212.635      29104  1029.5605  1029.5595    34.6358    34.6345    7.76786         14 0.0000e+00
