NBP2113_155081_ctd/data/unbp2113_029.cnv
* Sea-Bird SBE 9 Data File:
* FileName = D:\Data\raw\NBP2113_029.hex
* Software Version Seasave V 7.26.7.121
* Temperature SN = 2438
* Conductivity SN = 2067
* Number of Bytes Per Scan = 40
* Number of Voltage Words = 5
* Number of Scans Averaged by the Deck Unit = 1
* NMEA Latitude = 66 51.18 S
* NMEA Longitude = 068 36.27 W
* NMEA UTC (Time) = Dec 05 2021  02:21:18
* NMEA baud rate = 9600
** Ship: RVIB N.B. Palmer
** Cruise: NBP2113 LTER
** Station: AS01
** Operator: S. Blackman
# nquan = 25
# nvalues = 231                         
# units = specified
# name 0 = prDM: Pressure, Digiquartz [db]
# name 1 = depSM: Depth [salt water, m]
# name 2 = t090C: Temperature [ITS-90, deg C]
# name 3 = c0mS/cm: Conductivity [mS/cm]
# name 4 = t190C: Temperature, 2 [ITS-90, deg C]
# name 5 = c1mS/cm: Conductivity, 2 [mS/cm]
# name 6 = sbeox0ML/L: Oxygen, SBE 43 [ml/l]
# name 7 = sbeox1ML/L: Oxygen, SBE 43, 2 [ml/l]
# name 8 = flECO-AFL: Fluorescence, WET Labs ECO-AFL/FL [mg/m^3]
# name 9 = CStarTr0: Beam Transmission, WET Labs C-Star [%]
# name 10 = par: PAR/Irradiance, Biospherical/Licor
# name 11 = latitude: Latitude [deg]
# name 12 = longitude: Longitude [deg]
# name 13 = timeJ: Julian Days
# name 14 = altM: Altimeter [m]
# name 15 = spar: SPAR, Biospherical/Licor
# name 16 = timeS: Time, Elapsed [seconds]
# name 17 = scan: Scan Count
# name 18 = density00: Density [density, kg/m^3]
# name 19 = density11: Density, 2 [density, kg/m^3]
# name 20 = sal00: Salinity, Practical [PSU]
# name 21 = sal11: Salinity, Practical, 2 [PSU]
# name 22 = oxsolML/L: Oxygen Saturation, Garcia & Gordon [ml/l]
# name 23 = nbin: number of scans per bin
# name 24 = flag: flag
# span 0 =      1.000,    231.000       
# span 1 =      0.988,    228.580       
# span 2 =    -0.8920,     1.1788       
# span 3 =  27.407954,  29.880165       
# span 4 =    -0.8923,     1.1798       
# span 5 =  27.404400,  29.880567       
# span 6 =     4.2996,    11.5084       
# span 7 =     4.3577,     8.0780       
# span 8 =    -0.0079,     1.2574       
# span 9 =    90.6973,    95.3861       
# span 10 = 1.0000e-12, 1.3393e+01      
# span 11 =  -66.85278,  -66.85266      
# span 12 =  -68.60352,  -68.60325      
# span 13 = 339.107461, 339.115027      
# span 14 =       5.87,     101.22      
# span 15 = 5.1514e+00, 8.8144e+00      
# span 16 =    806.646,   1460.357      
# span 17 =      19361,      35050      
# span 18 =  1027.1792,  1028.8301      
# span 19 =  1027.1782,  1028.8295      
# span 20 =    33.7974,    34.6353      
# span 21 =    33.7960,    34.6347      
# span 22 =    7.79005,    8.26972      
# span 23 =          9,         43      
# span 24 = 0.0000e+00, 0.0000e+00      
# interval = decibars: 1                
# start_time = Dec 05 2021 02:21:18 [NMEA time, header]
# bad_flag = -9.990e-29
*END*
[from data line 174]
     57.000     56.426    -0.8802  27.438181    -0.8801  27.437118     8.0117     8.0326     1.0020    91.4397 1.0745e-03  -66.85270  -68.60340 339.113331      99.97 7.0515e+00   1313.824      31533  1027.4621  1027.4609    33.8152    33.8137    8.26652         30 0.0000e+00
     56.000     55.437    -0.8819  27.434913    -0.8825  27.433098     7.9690     8.0287     0.9432    91.4124 6.7859e-03  -66.85271  -68.60340 339.113344      99.97 7.0515e+00   1314.915      31559  1027.4559  1027.4545    33.8133    33.8115    8.26702         27 0.0000e+00
     55.000     54.447    -0.8821  27.434286    -0.8829  27.432139     7.9829     8.0312     0.9652    91.3879 1.2943e-02  -66.85272  -68.60341 339.113380      99.97 7.0515e+00   1318.063      31635  1027.4511  1027.4495    33.8132    33.8113    8.26705         30 0.0000e+00
     54.000     53.457    -0.8847  27.429597    -0.8847  27.428802     7.9689     8.0346     0.8725    91.3953 1.3817e-02  -66.85270  -68.60340 339.113441      99.97 7.0515e+00   1323.285      31760  1027.4441  1027.4432    33.8104    33.8093    8.26779         17 0.0000e+00
     53.000     52.466    -0.8860  27.427361    -0.8861  27.426138     7.9778     8.0348     0.8918    91.3742 1.7137e-02  -66.85270  -68.60341 339.113448      99.97 7.0515e+00   1323.865      31774  1027.4386  1027.4374    33.8095    33.8080    8.26813         17 0.0000e+00
     52.000     51.476    -0.8871  27.425393    -0.8876  27.423733     7.9737     8.0323     0.9568    91.3521 2.1862e-02  -66.85270  -68.60341 339.113456      99.97 7.0515e+00   1324.621      31792  1027.4333  1027.4319    33.8087    33.8070    8.26843         20 0.0000e+00
     51.000     50.486    -0.8885  27.422977    -0.8886  27.421757     7.9832     8.0340     1.0307    91.3125 2.9628e-02  -66.85270  -68.60340 339.113562      99.97 7.0515e+00   1333.762      32011  1027.4276  1027.4263    33.8076    33.8061    8.26880         33 0.0000e+00
     50.000     49.498    -0.8915  27.418260    -0.8918  27.416907     7.9850     8.0401     0.9956    91.2669 3.6400e-02  -66.85271  -68.60340 339.113719      99.97 6.7131e+00   1347.306      32336  1027.4209  1027.4197    33.8051    33.8036    8.26959         32 0.0000e+00
     49.000     48.507    -0.8917  27.417544    -0.8915  27.416825     7.9765     8.0412     1.0659    91.2647 4.5161e-02  -66.85272  -68.60338 339.113758      99.97 5.1514e+00   1350.706      32418  1027.4160  1027.4150    33.8051    33.8039    8.26965         35 0.0000e+00
     48.000     47.519    -0.8914  27.417348    -0.8915  27.416220     7.9671     8.0464     0.9091    91.2522 5.5037e-02  -66.85272  -68.60336 339.113824      99.97 5.4826e+00   1356.420      32555  1027.4112  1027.4101    33.8051    33.8037    8.26958         18 0.0000e+00
     47.000     46.529    -0.8914  27.417030    -0.8916  27.415683     7.9847     8.0461     0.9072    91.2769 6.2512e-02  -66.85272  -68.60336 339.113834      99.97 5.8397e+00   1357.238      32575  1027.4066  1027.4052    33.8053    33.8036    8.26957         19 0.0000e+00
     46.000     45.537    -0.8915  27.416593    -0.8918  27.415161     7.9852     8.0424     0.9787    91.3058 7.2777e-02  -66.85272  -68.60338 339.113844      99.97 6.9331e+00   1358.148      32597  1027.4018  1027.4006    33.8053    33.8038    8.26958         26 0.0000e+00
     45.000     44.547    -0.8917  27.415939    -0.8919  27.414665     7.9899     8.0407     1.0739    91.2993 9.0088e-02  -66.85273  -68.60337 339.113884      99.97 6.3233e+00   1361.615      32680  1027.3971  1027.3958    33.8053    33.8038    8.26963         32 0.0000e+00
     44.000     43.559    -0.8916  27.415478    -0.8920  27.414108     7.9877     8.0463     0.9554    91.2558 1.0465e-01  -66.85274  -68.60334 339.113935      99.97 5.2566e+00   1366.007      32785  1027.3921  1027.3910    33.8052    33.8038    8.26962         33 0.0000e+00
     43.000     42.568    -0.8916  27.415015    -0.8919  27.413603     7.9820     8.0449     0.9274    91.2767 1.1390e-01  -66.85274  -68.60334 339.113948      99.97 5.2886e+00   1367.111      32812  1027.3873  1027.3861    33.8052    33.8036    8.26962         27 0.0000e+00
     42.000     41.579    -0.8918  27.414385    -0.8921  27.412958     7.9948     8.0410     0.9610    91.2466 1.2591e-01  -66.85272  -68.60336 339.113969      99.97 5.6412e+00   1368.884      32854  1027.3826  1027.3812    33.8052    33.8036    8.26966         35 0.0000e+00
     41.000     40.589    -0.8920  27.413511    -0.8923  27.412131     7.9922     8.0438     1.0333    91.2841 1.4932e-01  -66.85272  -68.60338 339.114016      99.97 7.0435e+00   1372.950      32952  1027.3775  1027.3762    33.8048    33.8033    8.26972         33 0.0000e+00
     40.000     39.600    -0.8917  27.413341    -0.8923  27.411935     7.9937     8.0449     1.0127    91.2850 1.7545e-01  -66.85272  -68.60336 339.114041      99.97 7.0515e+00   1375.142      33004  1027.3727  1027.3717    33.8049    33.8037    8.26966         36 0.0000e+00
     39.000     38.609    -0.8900  27.413535    -0.8918  27.411573     8.0025     8.0556     1.1445    91.2348 1.8640e-01  -66.85272  -68.60336 339.114080      99.97 7.0515e+00   1378.489      33085  1027.3669  1027.3666    33.8039    33.8033    8.26934         29 0.0000e+00
     38.000     37.619    -0.8896  27.413375    -0.8902  27.411838     7.9966     8.0578     0.9633    91.1944 1.9552e-01  -66.85272  -68.60338 339.114090      99.97 7.0515e+00   1379.412      33107  1027.3621  1027.3609    33.8038    33.8024    8.26926         22 0.0000e+00
     37.000     36.631    -0.8842  27.416223    -0.8837  27.415354     7.9956     8.0586     0.9342    91.1085 2.1029e-01  -66.85272  -68.60338 339.114101      99.97 7.0515e+00   1380.322      33129  1027.3557  1027.3542    33.8023    33.8005    8.26816         23 0.0000e+00
     36.000     35.638    -0.8829  27.416758    -0.8831  27.415386     8.0073     8.0614     1.0137    91.0165 2.3388e-01  -66.85272  -68.60337 339.114129      99.97 7.0515e+00   1382.762      33187  1027.3507  1027.3494    33.8021    33.8005    8.26788         40 0.0000e+00
     35.000     34.650    -0.8799  27.418486    -0.8804  27.416991     8.0239     8.0636     0.9534    91.0320 2.7714e-01  -66.85272  -68.60334 339.114181      99.97 7.0515e+00   1387.204      33294  1027.3455  1027.3443    33.8017    33.8002    8.26724         36 0.0000e+00
     34.000     33.659    -0.8785  27.419008    -0.8786  27.417563     8.0098     8.0677     1.0297    90.9101 3.1149e-01  -66.85272  -68.60336 339.114218      99.97 7.0515e+00   1390.402      33371  1027.3404  1027.3390    33.8014    33.7997    8.26695         42 0.0000e+00
     33.000     32.671    -0.8777  27.418664    -0.8787  27.416811     8.0032     8.0704     0.9865    90.7622 3.1780e-01  -66.85272  -68.60338 339.114257      99.97 6.9828e+00   1393.793      33452  1027.3351  1027.3340    33.8007    33.7993    8.26682         27 0.0000e+00
     32.000     31.678    -0.8796  27.416368    -0.8802  27.414838     8.0139     8.0742     0.9659    90.8238 3.3677e-01  -66.85271  -68.60338 339.114266      99.97 6.2119e+00   1394.625      33472  1027.3301  1027.3291    33.8003    33.7990    8.26726         21 0.0000e+00
     31.000     30.691    -0.8808  27.414749    -0.8822  27.412242     8.0202     8.0702     0.9825    90.8075 3.5884e-01  -66.85270  -68.60338 339.114277      99.97 5.9550e+00   1395.544      33494  1027.3253  1027.3238    33.8002    33.7982    8.26754         24 0.0000e+00
     30.000     29.700    -0.8815  27.413640    -0.8821  27.411809     8.0175     8.0676     1.0581    90.7734 3.8384e-01  -66.85270  -68.60338 339.114291      99.97 5.8403e+00   1396.721      33522  1027.3204  1027.3189    33.8001    33.7982    8.26770         32 0.0000e+00
     29.000     28.710    -0.8804  27.414294    -0.8829  27.410733     8.0140     8.0690     1.1775    90.7833 4.2220e-01  -66.85272  -68.60338 339.114308      99.97 6.5157e+00   1398.183      33557  1027.3157  1027.3142    33.8003    33.7983    8.26744         37 0.0000e+00
     28.000     27.721    -0.8816  27.412649    -0.8826  27.410580     8.0258     8.0674     1.1217    90.7766 4.9980e-01  -66.85271  -68.60336 339.114348      99.97 6.9443e+00   1401.655      33641  1027.3108  1027.3095    33.8000    33.7983    8.26772         27 0.0000e+00
     27.000     26.730    -0.8834  27.410346    -0.8835  27.409120     8.0067     8.0679     0.9032    90.7667 5.5714e-01  -66.85270  -68.60340 339.114410      99.97 7.0540e+00   1407.014      33769  1027.3057  1027.3045    33.7996    33.7981    8.26814         15 0.0000e+00
     26.000     25.740    -0.8828  27.410384    -0.8827  27.409406     8.0228     8.0724     0.9478    90.7497 6.0251e-01  -66.85270  -68.60340 339.114417      99.97 7.0515e+00   1407.592      33783  1027.3009  1027.2997    33.7995    33.7981    8.26801         17 0.0000e+00
     25.000     24.749    -0.8822  27.410495    -0.8825  27.409135     8.0110     8.0733     1.0113    90.7329 6.5415e-01  -66.85270  -68.60340 339.114426      99.97 7.0515e+00   1408.394      33802  1027.2961  1027.2949    33.7997    33.7982    8.26788         23 0.0000e+00
     24.000     23.762    -0.8844  27.408112    -0.8842  27.407114     8.0201     8.0753     1.0802    90.7384 7.2095e-01  -66.85272  -68.60337 339.114461      99.97 6.9996e+00   1411.419      33875  1027.2913  1027.2900    33.7995    33.7979    8.26837         34 0.0000e+00
     23.000     22.770    -0.8841  27.407954    -0.8842  27.406724     8.0154     8.0756     1.0221    90.6999 8.2733e-01  -66.85272  -68.60335 339.114509      99.97 7.0515e+00   1415.584      33975  1027.2866  1027.2853    33.7996    33.7981    8.26830         36 0.0000e+00
     22.000     21.781    -0.8813  27.409410    -0.8852  27.405153     8.0174     8.0739     1.2574    90.6973 9.1416e-01  -66.85272  -68.60339 339.114548      99.97 7.0515e+00   1418.967      34056  1027.2811  1027.2802    33.7991    33.7977    8.26771         19 0.0000e+00
     21.000     20.790    -0.8818  27.408342    -0.8854  27.404400     8.0360     8.0765     1.0754    90.7499 9.2385e-01  -66.85272  -68.60340 339.114581      99.97 6.7953e+00   1421.807      34124  1027.2762  1027.2753    33.7987    33.7975    8.26784         42 0.0000e+00
     20.000     19.801    -0.8802  27.409615    -0.8754  27.412295     8.0166     8.0780     1.0307    90.7239 9.7613e-01  -66.85272  -68.60339 339.114601      99.97 6.6579e+00   1423.544      34166  1027.2716  1027.2699    33.7993    33.7975    8.26745         36 0.0000e+00
     19.000     18.810    -0.8614  27.423702    -0.8628  27.421753     8.0147     8.0768     1.0306    90.7257 1.0721e+00  -66.85272  -68.60338 339.114618      99.97 6.0719e+00   1424.966      34200  1027.2646  1027.2638    33.7980    33.7969    8.26341         34 0.0000e+00
     18.000     17.820    -0.8594  27.425067    -0.8708  27.414799     8.0115     8.0688     1.1763    90.7257 1.2057e+00  -66.85272  -68.60337 339.114637      99.97 5.4478e+00   1426.649      34241  1027.2599  1027.2597    33.7981    33.7970    8.26295         34 0.0000e+00
     17.000     16.830    -0.8573  27.426415    -0.8607  27.422591     8.0086     8.0717     1.1682    90.7830 1.3033e+00  -66.85272  -68.60338 339.114682      99.97 6.9078e+00   1430.522      34334  1027.2553  1027.2543    33.7983    33.7968    8.26249         34 0.0000e+00
     16.000     15.839    -0.8589  27.424527    -0.8605  27.422208     8.0052     8.0727     1.0812    90.7352 1.4543e+00  -66.85272  -68.60338 339.114712      99.97 6.7688e+00   1433.154      34397  1027.2507  1027.2495    33.7982    33.7968    8.26285         38 0.0000e+00
     15.000     14.849    -0.8597  27.423549    -0.8600  27.422167     8.0169     8.0723     1.0977    90.7478 1.5826e+00  -66.85272  -68.60338 339.114741      99.97 6.1583e+00   1435.584      34455  1027.2461  1027.2448    33.7983    33.7968    8.26301         35 0.0000e+00
     14.000     13.861    -0.8582  27.424333    -0.8585  27.422869     8.0175     8.0712     1.1109    90.7620 1.5730e+00  -66.85272  -68.60338 339.114772      99.97 5.2814e+00   1438.324      34521  1027.2412  1027.2398    33.7983    33.7966    8.26268         37 0.0000e+00
     13.000     12.871    -0.8540  27.427183    -0.8530  27.426744     8.0385     8.0700     1.0321    90.7353 1.7237e+00  -66.85272  -68.60337 339.114790      99.97 5.2886e+00   1439.827      34557  1027.2360  1027.2345    33.7981    33.7964    8.26177         35 0.0000e+00
     12.000     11.879    -0.8510  27.428834    -0.8515  27.427414     8.0247     8.0702     1.0842    90.7530 1.9327e+00  -66.85272  -68.60336 339.114811      99.97 5.2886e+00   1441.626      34600  1027.2307  1027.2295    33.7976    33.7962    8.26115         35 0.0000e+00
     11.000     10.890    -0.8516  27.427983    -0.8517  27.426669     7.9994     8.0745     1.1674    90.7826 2.2473e+00  -66.85270  -68.60337 339.114842      72.42 5.7532e+00   1444.351      34665  1027.2260  1027.2247    33.7977    33.7960    8.26126         38 0.0000e+00
     10.000      9.901    -0.8475  27.430687    -0.8492  27.428188     8.0000     8.0709     1.0627    90.7564 2.6027e+00  -66.85271  -68.60338 339.114868      58.28 5.3694e+00   1446.615      34720  1027.2208  1027.2197    33.7974    33.7960    8.26039         43 0.0000e+00
      9.000      8.911    -0.8507  27.428077    -0.8512  27.426513     8.0134     8.0757     1.0532    90.7598 2.7534e+00  -66.85272  -68.60335 339.114919      83.54 5.2855e+00   1451.003      34825  1027.2168  1027.2155    33.7981    33.7964    8.26105         34 0.0000e+00
      8.000      7.920    -0.8489  27.429219    -0.8491  27.428023     8.1038     8.0762     1.0276    90.7732 2.8685e+00  -66.85270  -68.60334 339.114932      75.25 5.2886e+00   1452.161      34853  1027.2120  1027.2109    33.7982    33.7968    8.26065         28 0.0000e+00
      7.000      6.932    -0.8516  27.426508    -0.8529  27.424390     8.9422     8.0688     1.0534    90.7827 3.3058e+00  -66.85270  -68.60334 339.114954      84.16 5.2886e+00   1453.988      34897  1027.2073  1027.2063    33.7982    33.7968    8.26124         33 0.0000e+00
      6.000      5.940    -0.8504  27.426900    -0.8529  27.423798    11.5084     8.0706     1.0619    90.7879 3.6092e+00  -66.85270  -68.60334 339.114983     101.22 5.2886e+00   1456.564      34959  1027.2024  1027.2013    33.7980    33.7966    8.26099         35 0.0000e+00
      5.000      4.951    -0.8529  27.424228    -0.8537  27.422454     7.5870     8.0708     1.1025    90.7807 4.0903e+00  -66.85270  -68.60336 339.114995      99.97 5.2886e+00   1457.583      34983  1027.1975  1027.1964    33.7978    33.7963    8.26154         20 0.0000e+00
      4.000      3.960    -0.8559  27.421191    -0.8563  27.419700     6.0828     8.0727     0.9792    90.7771 4.7885e+00  -66.85270  -68.60336 339.115003      78.31 5.2886e+00   1458.305      35000  1027.1928  1027.1915    33.7976    33.7961    8.26221         17 0.0000e+00
      3.000      2.970    -0.8585  27.418991    -0.8588  27.417447 -9.990e-29 -9.990e-29     0.9535    90.7873 5.4534e+00  -66.85270  -68.60336 339.115011      48.88 5.2886e+00   1458.946      35016  1027.1887  1027.1872    33.7982    33.7965    8.26276         15 0.0000e+00
      2.000      1.981    -0.8596  27.417846    -0.8601  27.416256 -9.990e-29 -9.990e-29     0.9319    90.7357 6.0537e+00  -66.85270  -68.60336 339.115018      37.33 5.2886e+00   1459.553      35030  1027.1842  1027.1828    33.7985    33.7969    8.26298         14 0.0000e+00
      1.000      0.988    -0.8590  27.417814    -0.8599  27.416089 -9.990e-29 -9.990e-29     0.9944    90.7235 1.3393e+01  -66.85270  -68.60336 339.115027      12.01 5.2886e+00   1460.357      35050  1027.1792  1027.1782    33.7984    33.7971    8.26285         20 0.0000e+00
