NBP2113_155081_ctd/data/unbp2113_051.cnv
* Sea-Bird SBE 9 Data File:
* FileName = D:\Data\raw\NBP2113_051.hex
* Software Version Seasave V 7.26.7.121
* Temperature SN = 2438
* Conductivity SN = 2067
* Number of Bytes Per Scan = 40
* Number of Voltage Words = 5
* Number of Scans Averaged by the Deck Unit = 1
* NMEA Latitude = 64 55.61 S
* NMEA Longitude = 064 41.14 W
* NMEA UTC (Time) = Dec 11 2021  14:40:45
* NMEA baud rate = 9600
** Ship: RVIB N.B. Palmer
** Cruise: NBP2113 LTER
** Station: 592.051
** Operator: B. Urmston
# nquan = 25
# nvalues = 869                         
# units = specified
# name 0 = prDM: Pressure, Digiquartz [db]
# name 1 = depSM: Depth [salt water, m]
# name 2 = t090C: Temperature [ITS-90, deg C]
# name 3 = c0mS/cm: Conductivity [mS/cm]
# name 4 = t190C: Temperature, 2 [ITS-90, deg C]
# name 5 = c1mS/cm: Conductivity, 2 [mS/cm]
# name 6 = sbeox0ML/L: Oxygen, SBE 43 [ml/l]
# name 7 = sbeox1ML/L: Oxygen, SBE 43, 2 [ml/l]
# name 8 = flECO-AFL: Fluorescence, WET Labs ECO-AFL/FL [mg/m^3]
# name 9 = CStarTr0: Beam Transmission, WET Labs C-Star [%]
# name 10 = par: PAR/Irradiance, Biospherical/Licor
# name 11 = latitude: Latitude [deg]
# name 12 = longitude: Longitude [deg]
# name 13 = timeJ: Julian Days
# name 14 = altM: Altimeter [m]
# name 15 = spar: SPAR, Biospherical/Licor
# name 16 = timeS: Time, Elapsed [seconds]
# name 17 = scan: Scan Count
# name 18 = density00: Density [density, kg/m^3]
# name 19 = density11: Density, 2 [density, kg/m^3]
# name 20 = sal00: Salinity, Practical [PSU]
# name 21 = sal11: Salinity, Practical, 2 [PSU]
# name 22 = oxsolML/L: Oxygen Saturation, Garcia & Gordon [ml/l]
# name 23 = nbin: number of scans per bin
# name 24 = flag: flag
# span 0 =      1.000,    869.000       
# span 1 =      0.990,    858.680       
# span 2 =    -0.6893,     1.4634       
# span 3 =  27.425727,  30.442815       
# span 4 =    -0.6978,     1.4631       
# span 5 =  27.427995,  30.441413       
# span 6 =     4.0661,     8.1854       
# span 7 =     4.1311,     8.1084       
# span 8 =    -0.0215,     1.6394       
# span 9 =    82.3996,    91.7265       
# span 10 = 1.0000e-12, 1.2459e+03      
# span 11 =  -64.92700,  -64.92670      
# span 12 =  -64.68548,  -64.68490      
# span 13 = 345.632257, 345.651757      
# span 14 =       6.91,     100.33      
# span 15 = 8.5898e+02, 1.0812e+03      
# span 16 =   1781.965,   3466.802      
# span 17 =      42768,      83204      
# span 18 =  1027.0249,  1031.8207      
# span 19 =  1027.0230,  1031.8194      
# span 20 =    33.6165,    34.6765      
# span 21 =    33.6141,    34.6749      
# span 22 =    7.73164,    8.23575      
# span 23 =         11,         45      
# span 24 = 0.0000e+00, 0.0000e+00      
# interval = decibars: 1                
# start_time = Dec 11 2021 14:40:45 [NMEA time, header]
# bad_flag = -9.990e-29
*END*
[from data line 522]
    347.000    343.313     1.3125  30.055346     1.3125  30.054315     4.2612     4.3152    -0.0150    91.6580 1.0000e-12  -64.92688  -64.68522 345.641639      99.97 9.2376e+02   2592.638      62224  1029.3732  1029.3722    34.6442    34.6429    7.76308         20 0.0000e+00
    346.000    342.322     1.3118  30.053749     1.3116  30.052700     4.2539     4.3103    -0.0118    91.6519 1.0000e-12  -64.92688  -64.68521 345.641650      99.97 9.2375e+02   2593.523      62246  1029.3681  1029.3671    34.6436    34.6424    7.76326         24 0.0000e+00
    345.000    341.332     1.3146  30.056619     1.3147  30.055848     4.2610     4.3147    -0.0033    91.6672 1.0000e-12  -64.92688  -64.68521 345.641695      99.96 9.2555e+02   2597.451      62340  1029.3639  1029.3631    34.6447    34.6437    7.76264         29 0.0000e+00
    344.000    340.348     1.3144  30.056289     1.3142  30.055129     4.2726     4.3168    -0.0071    91.6727 1.0000e-12  -64.92688  -64.68523 345.641732      99.97 9.2915e+02   2600.660      62417  1029.3595  1029.3586    34.6451    34.6438    7.76266         22 0.0000e+00
    343.000    339.358     1.3115  30.052455     1.3118  30.051773     4.2748     4.3213    -0.0129    91.6625 1.0000e-12  -64.92688  -64.68524 345.641742      99.97 9.2904e+02   2601.497      62437  1029.3542  1029.3533    34.6439    34.6428    7.76328         21 0.0000e+00
    342.000    338.370     1.3086  30.048974     1.3093  30.048513     4.2746     4.3247    -0.0150    91.6632 1.0000e-12  -64.92688  -64.68524 345.641752      99.97 9.2904e+02   2602.400      62459  1029.3493  1029.3481    34.6433    34.6419    7.76389         22 0.0000e+00
    341.000    337.380     1.3062  30.046041     1.3069  30.045764     4.2825     4.3248    -0.0147    91.6772 1.0000e-12  -64.92688  -64.68522 345.641763      99.97 9.2904e+02   2603.328      62481  1029.3444  1029.3434    34.6428    34.6417    7.76440         23 0.0000e+00
    340.000    336.393     1.3023  30.041435     1.3022  30.040451     4.2843     4.3301    -0.0150    91.6767 1.0000e-12  -64.92688  -64.68522 345.641774      99.97 9.2904e+02   2604.247      62503  1029.3393  1029.3384    34.6418    34.6406    7.76523         22 0.0000e+00
    339.000    335.402     1.3007  30.039221     1.3005  30.037916     4.2781     4.3300    -0.0150    91.6784 1.0000e-12  -64.92688  -64.68522 345.641784      99.97 9.2880e+02   2605.176      62525  1029.3344  1029.3332    34.6413    34.6399    7.76557         22 0.0000e+00
    338.000    334.414     1.2986  30.036571     1.2989  30.035828     4.2615     4.3251    -0.0150    91.6784 1.0000e-12  -64.92688  -64.68522 345.641796      99.97 9.2725e+02   2606.186      62549  1029.3295  1029.3284    34.6408    34.6396    7.76601         27 0.0000e+00
    337.000    333.428     1.3023  30.039914     1.3019  30.038548     4.2730     4.3269    -0.0100    91.6784 1.0000e-12  -64.92688  -64.68523 345.641831      99.97 9.2774e+02   2609.160      62621  1029.3249  1029.3239    34.6415    34.6403    7.76523         33 0.0000e+00
    336.000    332.439     1.3030  30.040747     1.3023  30.038983     4.2879     4.3368    -0.0001    91.6784 1.0000e-12  -64.92688  -64.68524 345.641871      99.97 9.3090e+02   2612.655      62705  1029.3208  1029.3197    34.6425    34.6410    7.76505         17 0.0000e+00
    335.000    331.448     1.2977  30.034535     1.2968  30.032397     4.2867     4.3368    -0.0056    91.6751 1.0000e-12  -64.92688  -64.68524 345.641878      99.97 9.3080e+02   2613.252      62719  1029.3155  1029.3142    34.6409    34.6393    7.76617         16 0.0000e+00
    334.000    330.460     1.2950  30.031005     1.2948  30.029586     4.2840     4.3364    -0.0149    91.6656 1.0000e-12  -64.92688  -64.68524 345.641886      99.97 9.3080e+02   2613.933      62735  1029.3103  1029.3090    34.6400    34.6384    7.76677         18 0.0000e+00
    333.000    329.471     1.2921  30.027555     1.2922  30.026307     4.2891     4.3339    -0.0023    91.6555 1.0000e-12  -64.92688  -64.68523 345.641895      99.97 9.2927e+02   2614.733      62755  1029.3054  1029.3040    34.6394    34.6377    7.76737         22 0.0000e+00
    332.000    328.482     1.2927  30.027133     1.2940  30.027761     4.2833     4.3383    -0.0097    91.6636 1.0000e-12  -64.92688  -64.68522 345.641912      99.97 9.2947e+02   2616.193      62790  1029.3000  1029.2993    34.6387    34.6381    7.76729         33 0.0000e+00
    331.000    327.496     1.2940  30.028169     1.2960  30.029427     4.2846     4.3378    -0.0026    91.6674 1.0000e-12  -64.92688  -64.68522 345.641945      99.97 9.3261e+02   2619.043      62858  1029.2955  1029.2948    34.6393    34.6387    7.76701         37 0.0000e+00
    330.000    326.506     1.2932  30.027178     1.2938  30.026822     4.2818     4.3429    -0.0095    91.6598 1.0000e-12  -64.92688  -64.68524 345.641962      99.97 9.3256e+02   2620.530      62894  1029.2910  1029.2901    34.6394    34.6384    7.76716         30 0.0000e+00
    329.000    325.518     1.2909  30.024190     1.2903  30.022466     4.2877     4.3375    -0.0196    91.6779 1.0000e-12  -64.92688  -64.68524 345.641977      99.97 9.3256e+02   2621.839      62925  1029.2859  1029.2848    34.6387    34.6372    7.76764         35 0.0000e+00
    328.000    324.529     1.2892  30.022178     1.2933  30.025067     4.3001     4.3452    -0.0098    91.6784 1.0000e-12  -64.92688  -64.68524 345.641997      99.97 9.3405e+02   2623.526      62966  1029.2813  1029.2802    34.6386    34.6378    7.76798         38 0.0000e+00
    327.000    323.539     1.2804  30.012013     1.2819  30.012788     4.3051     4.3553    -0.0134    91.6784 1.0000e-12  -64.92688  -64.68524 345.642014      99.97 9.3426e+02   2625.008      63001  1029.2753  1029.2747    34.6359    34.6352    7.76987         28 0.0000e+00
    326.000    322.552     1.2796  30.010661     1.2786  30.008618     4.3085     4.3593    -0.0084    91.6699 1.0000e-12  -64.92688  -64.68524 345.642026      99.97 9.3258e+02   2626.093      63027  1029.2705  1029.2694    34.6357    34.6341    7.77005         24 0.0000e+00
    325.000    321.562     1.2771  30.007384     1.2768  30.006043     4.3123     4.3587    -0.0148    91.6672 1.0000e-12  -64.92688  -64.68524 345.642038      99.97 9.3112e+02   2627.099      63051  1029.2654  1029.2643    34.6348    34.6335    7.77059         25 0.0000e+00
    324.000    320.575     1.2775  30.007182     1.2766  30.005382     4.3115     4.3594    -0.0126    91.6688 1.0000e-12  -64.92688  -64.68524 345.642053      99.97 9.3115e+02   2628.378      63082  1029.2604  1029.2595    34.6347    34.6334    7.77052         35 0.0000e+00
    323.000    319.585     1.2776  30.006981     1.2775  30.005883     4.2968     4.3554    -0.0079    91.6779 1.0000e-12  -64.92688  -64.68524 345.642084      99.97 9.3553e+02   2631.084      63147  1029.2558  1029.2548    34.6349    34.6336    7.77048         37 0.0000e+00
    322.000    318.596     1.2774  30.006477     1.2767  30.004685     4.3045     4.3587    -0.0077    91.6689 1.0000e-12  -64.92687  -64.68524 345.642105      99.97 9.3553e+02   2632.866      63190  1029.2512  1029.2501    34.6350    34.6336    7.77051         34 0.0000e+00
    321.000    317.609     1.2761  30.004644     1.2752  30.002633     4.3095     4.3653    -0.0086    91.6704 1.0000e-12  -64.92686  -64.68524 345.642125      99.97 9.3433e+02   2634.585      63231  1029.2463  1029.2452    34.6347    34.6331    7.77079         42 0.0000e+00
    320.000    316.620     1.2721  30.000135     1.2708  29.997670     4.3142     4.3693    -0.0124    91.6813 1.0000e-12  -64.92688  -64.68524 345.642144      99.97 9.3433e+02   2636.220      63270  1029.2414  1029.2402    34.6339    34.6322    7.77162         32 0.0000e+00
    319.000    315.631     1.2694  29.996770     1.2673  29.993456     4.3189     4.3720    -0.0048    91.6783 1.0000e-12  -64.92688  -64.68524 345.642156      99.97 9.3494e+02   2637.308      63296  1029.2364  1029.2351    34.6332    34.6313    7.77220         22 0.0000e+00
    318.000    314.643     1.2650  29.991659     1.2649  29.990527     4.3249     4.3729    -0.0011    91.7008 1.0000e-12  -64.92688  -64.68524 345.642166      99.97 9.3611e+02   2638.163      63317  1029.2312  1029.2302    34.6321    34.6308    7.77313         20 0.0000e+00
    317.000    313.653     1.2638  29.989805     1.2627  29.987742     4.3202     4.3675    -0.0146    91.6813 1.0000e-12  -64.92688  -64.68524 345.642176      99.97 9.3609e+02   2638.997      63337  1029.2263  1029.2252    34.6317    34.6302    7.77339         22 0.0000e+00
    316.000    312.666     1.2648  29.990151     1.2632  29.987557     4.3165     4.3733    -0.0141    91.6567 1.0000e-12  -64.92688  -64.68524 345.642193      99.97 9.3632e+02   2640.497      63373  1029.2213  1029.2202    34.6315    34.6300    7.77319         30 0.0000e+00
    315.000    311.675     1.2663  29.991621     1.2660  29.990398     4.3170     4.3832     0.0001    91.6525 1.0000e-12  -64.92686  -64.68524 345.642242      99.97 9.3796e+02   2644.677      63473  1029.2170  1029.2160    34.6323    34.6311    7.77285         30 0.0000e+00
    314.000    310.689     1.2640  29.988787     1.2642  29.988042     4.3267     4.3866    -0.0138    91.6652 1.0000e-12  -64.92686  -64.68524 345.642251      99.97 9.3747e+02   2645.446      63492  1029.2122  1029.2112    34.6319    34.6307    7.77334         19 0.0000e+00
    313.000    309.699     1.2606  29.984672     1.2602  29.983350     4.3247     4.3853    -0.0115    91.6786 1.0000e-12  -64.92686  -64.68524 345.642259      99.97 9.3606e+02   2646.180      63509  1029.2070  1029.2060    34.6310    34.6297    7.77406         17 0.0000e+00
    312.000    308.709     1.2563  29.979468     1.2558  29.978236     4.3330     4.3844    -0.0077    91.6690 1.0000e-12  -64.92686  -64.68524 345.642267      99.97 9.3609e+02   2646.907      63527  1029.2018  1029.2009    34.6297    34.6286    7.77499         19 0.0000e+00
    311.000    307.720     1.2535  29.975361     1.2500  29.970717     4.3361     4.3832    -0.0086    91.6423 1.0000e-12  -64.92686  -64.68524 345.642278      99.97 9.3609e+02   2647.844      63549  1029.1960  1029.1947    34.6281    34.6260    7.77563         29 0.0000e+00
    310.000    306.733     1.2569  29.979163     1.2555  29.976476     4.3398     4.3899    -0.0151    91.6491 1.0000e-12  -64.92686  -64.68524 345.642313      99.97 9.3889e+02   2650.855      63622  1029.1921  1029.1908    34.6297    34.6279    7.77485         36 0.0000e+00
    309.000    305.743     1.2557  29.977214     1.2551  29.975562     4.3486     4.3977    -0.0150    91.6528 1.0000e-12  -64.92686  -64.68524 345.642333      99.97 9.3917e+02   2652.584      63663  1029.1871  1029.1860    34.6291    34.6277    7.77512         23 0.0000e+00
    308.000    304.755     1.2500  29.970612     1.2503  29.970095     4.3502     4.4050    -0.0150    91.6527 1.0000e-12  -64.92686  -64.68524 345.642344      99.97 9.3783e+02   2653.517      63685  1029.1817  1029.1808    34.6276    34.6266    7.77634         23 0.0000e+00
    307.000    303.767     1.2452  29.964026     1.2459  29.963717     4.3502     4.4024    -0.0076    91.6490 1.0000e-12  -64.92686  -64.68523 345.642358      99.97 9.3625e+02   2654.744      63715  1029.1755  1029.1745    34.6251    34.6239    7.77743         29 0.0000e+00
    306.000    302.778     1.2513  29.970789     1.2479  29.966030     4.3666     4.4136    -0.0149    91.6362 1.0000e-12  -64.92686  -64.68524 345.642392      99.97 9.3965e+02   2657.677      63785  1029.1721  1029.1705    34.6276    34.6252    7.77609         34 0.0000e+00
    305.000    301.790     1.2424  29.960648     1.2427  29.959788     4.3985     4.4215    -0.0077    91.6465 1.0000e-12  -64.92686  -64.68524 345.642404      99.97 9.3962e+02   2658.702      63810  1029.1662  1029.1650    34.6250    34.6235    7.77799         21 0.0000e+00
    304.000    300.800     1.2295  29.946650     1.2316  29.947776     4.4006     4.4189     0.0061    91.6335 1.0000e-12  -64.92686  -64.68524 345.642414      99.97 9.3962e+02   2659.556      63830  1029.1603  1029.1594    34.6219    34.6211    7.78070         21 0.0000e+00
    303.000    299.811     1.2197  29.935144     1.2249  29.938943     4.3890     4.4248    -0.0059    91.6243 1.0000e-12  -64.92686  -64.68523 345.642425      99.97 9.3962e+02   2660.552      63854  1029.1539  1029.1526    34.6187    34.6177    7.78284         27 0.0000e+00
    302.000    298.822     1.2274  29.941927     1.2286  29.942615     4.3742     4.4288    -0.0113    91.5992 1.0000e-12  -64.92686  -64.68522 345.642447      99.97 9.3962e+02   2662.429      63899  1029.1489  1029.1484    34.6194    34.6190    7.78127         38 0.0000e+00
    301.000    297.834     1.2287  29.943367     1.2275  29.941186     4.3855     4.4363    -0.0076    91.6167 1.0000e-12  -64.92686  -64.68522 345.642472      99.97 9.3962e+02   2664.596      63951  1029.1447  1029.1437    34.6204    34.6189    7.78096         38 0.0000e+00
    300.000    296.845     1.2233  29.937478     1.2221  29.934938     4.4208     4.4609    -0.0111    91.6001 1.0000e-12  -64.92686  -64.68522 345.642487      99.97 9.3962e+02   2665.908      63983  1029.1397  1029.1383    34.6193    34.6174    7.78208         28 0.0000e+00
    299.000    295.855     1.2086  29.922049     1.2081  29.920354     4.4232     4.4633    -0.0105    91.5863 1.0000e-12  -64.92686  -64.68522 345.642501      99.97 9.3962e+02   2667.115      64012  1029.1341  1029.1329    34.6164    34.6148    7.78515         31 0.0000e+00
    298.000    294.868     1.2065  29.918042     1.2052  29.915916     4.4041     4.4580    -0.0177    91.5971 1.0000e-12  -64.92686  -64.68522 345.642519      99.97 9.3913e+02   2668.622      64048  1029.1277  1029.1268    34.6142    34.6129    7.78569         42 0.0000e+00
    297.000    293.879     1.2161  29.928242     1.2102  29.920547     4.4037     4.4603    -0.0143    91.5784 1.0000e-12  -64.92686  -64.68522 345.642542      99.98 9.3911e+02   2670.605      64096  1029.1244  1029.1222    34.6173    34.6139    7.78363         38 0.0000e+00
    296.000    292.890     1.2054  29.917022     1.2058  29.916275     4.4255     4.4672    -0.0075    91.5673 1.0000e-12  -64.92686  -64.68522 345.642561      99.97 9.4007e+02   2672.292      64136  1029.1191  1029.1179    34.6153    34.6139    7.78585         33 0.0000e+00
    295.000    291.901     1.1978  29.908539     1.1964  29.906208     4.4331     4.4727    -0.0041    91.5707 1.0000e-12  -64.92686  -64.68522 345.642576      99.97 9.4140e+02   2673.521      64166  1029.1135  1029.1125    34.6134    34.6120    7.78746         27 0.0000e+00
    294.000    290.913     1.1935  29.903310     1.1928  29.901470     4.4212     4.4733    -0.0035    91.5855 1.0000e-12  -64.92685  -64.68522 345.642588      99.97 9.4138e+02   2674.640      64192  1029.1081  1029.1069    34.6120    34.6105    7.78839         28 0.0000e+00
    293.000    289.925     1.1935  29.902609     1.1917  29.899875     4.4142     4.4684    -0.0028    91.6009 1.0000e-12  -64.92684  -64.68522 345.642603      99.97 9.4138e+02   2675.912      64223  1029.1031  1029.1020    34.6117    34.6102    7.78840         34 0.0000e+00
    292.000    288.935     1.1968  29.906052     1.1949  29.902761     4.4150     4.4747    -0.0057    91.6012 1.0000e-12  -64.92684  -64.68522 345.642625      99.97 9.4138e+02   2677.798      64268  1029.0990  1029.0975    34.6131    34.6110    7.78768         44 0.0000e+00
    291.000    287.946     1.1935  29.901947     1.1921  29.899641     4.4166     4.4709    -0.0137    91.6190 1.0000e-12  -64.92684  -64.68520 345.642647      99.97 9.4143e+02   2679.701      64314  1029.0938  1029.0928    34.6120    34.6107    7.78839         33 0.0000e+00
