NBP2113_155081_ctd/data/unbp2113_009.cnv
* Sea-Bird SBE 9 Data File:
* FileName = D:\Data\raw\NBP2113_009.hex
* Software Version Seasave V 7.26.7.121
* Temperature SN = 2438
* Conductivity SN = 2067
* Number of Bytes Per Scan = 40
* Number of Voltage Words = 5
* Number of Scans Averaged by the Deck Unit = 1
* NMEA Latitude = 64 41.94 S
* NMEA Longitude = 065 01.96 W
* NMEA UTC (Time) = Nov 25 2021  18:20:06
* NMEA baud rate = 9600
** Ship: RVIB N.B. Palmer
** Cruise: NBP2113 LTER
** Station: 600.080
** Operator: S. Blackman
# nquan = 25
# nvalues = 101                         
# units = specified
# name 0 = prDM: Pressure, Digiquartz [db]
# name 1 = depSM: Depth [salt water, m]
# name 2 = t090C: Temperature [ITS-90, deg C]
# name 3 = c0mS/cm: Conductivity [mS/cm]
# name 4 = t190C: Temperature, 2 [ITS-90, deg C]
# name 5 = c1mS/cm: Conductivity, 2 [mS/cm]
# name 6 = sbeox0ML/L: Oxygen, SBE 43 [ml/l]
# name 7 = sbeox1ML/L: Oxygen, SBE 43, 2 [ml/l]
# name 8 = flECO-AFL: Fluorescence, WET Labs ECO-AFL/FL [mg/m^3]
# name 9 = CStarTr0: Beam Transmission, WET Labs C-Star [%]
# name 10 = par: PAR/Irradiance, Biospherical/Licor
# name 11 = latitude: Latitude [deg]
# name 12 = longitude: Longitude [deg]
# name 13 = timeJ: Julian Days
# name 14 = altM: Altimeter [m]
# name 15 = spar: SPAR, Biospherical/Licor
# name 16 = timeS: Time, Elapsed [seconds]
# name 17 = scan: Scan Count
# name 18 = density00: Density [density, kg/m^3]
# name 19 = density11: Density, 2 [density, kg/m^3]
# name 20 = sal00: Salinity, Practical [PSU]
# name 21 = sal11: Salinity, Practical, 2 [PSU]
# name 22 = oxsolML/L: Oxygen Saturation, Garcia & Gordon [ml/l]
# name 23 = nbin: number of scans per bin
# name 24 = flag: flag
# span 0 =      1.000,    101.000       
# span 1 =      0.989,     99.989       
# span 2 =    -0.4369,    -0.2741       
# span 3 =  28.038343,  28.289124       
# span 4 =    -0.4356,    -0.2734       
# span 5 =  28.036996,  28.278498       
# span 6 =     6.5791,     8.2505       
# span 7 =     6.4997,     8.1398       
# span 8 =     0.1438,     1.7078       
# span 9 =    89.5926,    97.0784       
# span 10 = 1.0698e-01, 6.8748e+02      
# span 11 =  -64.69916,  -64.69912      
# span 12 =  -65.03292,  -65.03271      
# span 13 = 329.771168, 329.774605      
# span 14 =      28.01,      99.98      
# span 15 = 4.6709e+02, 5.6920e+02      
# span 16 =    622.918,    919.860      
# span 17 =      14951,      22078      
# span 18 =  1027.3171,  1028.0081      
# span 19 =  1027.3073,  1028.0034      
# span 20 =    33.9997,    34.2632      
# span 21 =    33.9935,    34.2570      
# span 22 =    8.11153,    8.15128      
# span 23 =         20,         48      
# span 24 = 0.0000e+00, 0.0000e+00      
# interval = decibars: 1                
# start_time = Nov 25 2021 18:20:06 [NMEA time, header]
# bad_flag = -9.990e-29
*END*
    101.000     99.989    -0.2833  28.289124    -0.2904  28.278498     6.6714     6.5260     0.1438    97.0784 1.0698e-01  -64.69912  -65.03292 329.771168      99.98 5.6765e+02    622.918      14951  1028.0081  1028.0034    34.2632    34.2570    8.11153         41 0.0000e+00
    100.000     98.998    -0.3050  28.262491    -0.3089  28.255620     6.6930     6.5476     0.1798    96.9794 1.1561e-01  -64.69912  -65.03289 329.771258      99.98 5.6920e+02    630.674      15137  1027.9964  1027.9928    34.2527    34.2479    8.11677         45 0.0000e+00
     99.000     98.009    -0.3239  28.240807    -0.3245  28.237923     6.6659     6.5465     0.2387    96.9555 1.2282e-01  -64.69912  -65.03287 329.771302      99.98 5.6899e+02    634.486      15229  1027.9871  1027.9845    34.2455    34.2424    8.12120         31 0.0000e+00
     98.000     97.018    -0.3021  28.266394    -0.3017  28.264525     6.5791     6.4997     0.2338    96.9227 1.2840e-01  -64.69912  -65.03286 329.771337      99.98 5.6775e+02    637.557      15302  1027.9885  1027.9861    34.2558    34.2529    8.11597         31 0.0000e+00
     97.000     96.027    -0.2991  28.269395    -0.2971  28.269615     6.5956     6.5017     0.2313    96.9807 1.3809e-01  -64.69912  -65.03285 329.771368      99.98 5.6765e+02    640.217      15366  1027.9845  1027.9828    34.2571    34.2551    8.11525         33 0.0000e+00
     96.000     95.040    -0.3040  28.263277    -0.3089  28.255220     6.6344     6.5366     0.2376    96.9943 1.4858e-01  -64.69912  -65.03285 329.771407      99.98 5.6765e+02    643.552      15446  1027.9783  1027.9745    34.2550    34.2498    8.11641         41 0.0000e+00
     95.000     94.049    -0.3189  28.245497    -0.3245  28.235631     6.7132     6.6057     0.2167    96.9629 1.5779e-01  -64.69912  -65.03284 329.771440      99.97 5.6765e+02    646.387      15514  1027.9696  1027.9644    34.2486    34.2418    8.11996         42 0.0000e+00
     94.000     93.059    -0.3674  28.189260    -0.3634  28.192616     6.8504     6.6638     0.2251    96.8699 1.6706e-01  -64.69912  -65.03284 329.771466      99.98 5.6765e+02    648.696      15570  1027.9520  1027.9516    34.2286    34.2286    8.13148         37 0.0000e+00
     93.000     92.068    -0.3838  28.169487    -0.3781  28.174828     6.8125     6.6623     0.2958    96.7930 1.7682e-01  -64.69912  -65.03283 329.771497      99.98 5.6765e+02    651.381      15634  1027.9419  1027.9420    34.2211    34.2219    8.13539         34 0.0000e+00
     92.000     91.082    -0.3768  28.176722    -0.3753  28.175607     6.8101     6.6891     0.2790    96.7473 1.8833e-01  -64.69912  -65.03282 329.771538      99.98 5.6765e+02    654.879      15718  1027.9380  1027.9354    34.2236    34.2204    8.13376         36 0.0000e+00
     91.000     90.090    -0.3796  28.172374    -0.3730  28.178494     6.8140     6.6739     0.3288    96.6852 2.0429e-01  -64.69912  -65.03281 329.771574      99.97 5.6765e+02    657.950      15792  1027.9316  1027.9317    34.2216    34.2223    8.13448         28 0.0000e+00
     90.000     89.101    -0.3733  28.176248    -0.3674  28.179532     6.9585     6.7984     0.3132    96.6149 2.1511e-01  -64.69912  -65.03282 329.771617      99.97 5.6765e+02    661.700      15882  1027.9252  1027.9231    34.2202    34.2180    8.13320         38 0.0000e+00
     89.000     88.111    -0.3912  28.146125    -0.3908  28.144173     7.0337     6.8320     0.2557    96.6086 2.2711e-01  -64.69912  -65.03280 329.771633      99.98 5.6765e+02    663.123      15916  1027.9059  1027.9035    34.2007    34.1976    8.13816         32 0.0000e+00
     88.000     87.121    -0.3932  28.141214    -0.3918  28.141207     6.9910     6.8513     0.3014    96.5621 2.4233e-01  -64.69912  -65.03280 329.771675      99.98 5.6647e+02    666.732      16003  1027.8980  1027.8967    34.1970    34.1954    8.13880         41 0.0000e+00
     87.000     86.130    -0.3948  28.137635    -0.3944  28.135468     7.0601     6.9075     0.2821    96.5072 2.5847e-01  -64.69912  -65.03280 329.771718      99.97 5.6587e+02    670.419      16091  1027.8912  1027.8886    34.1946    34.1913    8.13928         31 0.0000e+00
     86.000     85.141    -0.4048  28.121773    -0.4032  28.121776     7.0749     6.9254     0.2898    96.4545 2.7411e-01  -64.69912  -65.03280 329.771732      99.98 5.6588e+02    671.657      16121  1027.8796  1027.8781    34.1852    34.1834    8.14196         30 0.0000e+00
     85.000     84.150    -0.4105  28.113784    -0.4100  28.111882     7.1004     6.9284     0.3532    96.3096 2.9118e-01  -64.69912  -65.03279 329.771761      99.97 5.6553e+02    674.111      16180  1027.8720  1027.8697    34.1815    34.1784    8.14339         36 0.0000e+00
     84.000     83.161    -0.4131  28.108994    -0.4135  28.106961     7.2362     7.0447     0.3141    96.3849 3.1654e-01  -64.69914  -65.03278 329.771828      99.98 5.6409e+02    679.965      16320  1027.8649  1027.8632    34.1786    34.1764    8.14412         40 0.0000e+00
     83.000     82.172    -0.4283  28.081831    -0.4264  28.083127     7.3550     7.1345     0.3338    96.2434 3.3323e-01  -64.69912  -65.03278 329.771844      99.97 5.6412e+02    681.353      16353  1027.8460  1027.8456    34.1598    34.1595    8.14844         31 0.0000e+00
     82.000     81.182    -0.4369  28.061364    -0.4356  28.061972     7.3821     7.1657     0.3855    95.9389 3.5092e-01  -64.69913  -65.03277 329.771860      99.98 5.6412e+02    682.693      16386  1027.8279  1027.8274    34.1427    34.1421    8.15128         36 0.0000e+00
     81.000     80.192    -0.4335  28.065793    -0.4336  28.063644     7.3950     7.2092     0.4613    95.9079 3.7845e-01  -64.69914  -65.03276 329.771919      99.98 5.6295e+02    687.766      16507  1027.8247  1027.8225    34.1454    34.1426    8.15039         37 0.0000e+00
     80.000     79.201    -0.4337  28.054970    -0.4331  28.054767     7.5086     7.3093     0.3885    95.8958 4.0612e-01  -64.69914  -65.03276 329.771954      99.97 5.6235e+02    690.867      16582  1027.8088  1027.8081    34.1317    34.1308    8.15122         29 0.0000e+00
     79.000     78.212    -0.4283  28.046751    -0.4284  28.046010     7.5138     7.3348     0.4615    95.5686 4.3136e-01  -64.69914  -65.03276 329.771967      99.97 5.6236e+02    691.992      16609  1027.7904  1027.7896    34.1153    34.1144    8.15101         31 0.0000e+00
     78.000     77.223    -0.4291  28.050433    -0.4274  28.046529     7.4788     7.3316     0.5407    95.4177 4.5693e-01  -64.69914  -65.03276 329.772006      99.98 5.6236e+02    695.342      16689  1027.7908  1027.7849    34.1217    34.1146    8.15081         38 0.0000e+00
     77.000     76.233    -0.4286  28.048234    -0.4266  28.045796     7.5398     7.3852     0.4994    95.5544 4.9126e-01  -64.69914  -65.03276 329.772059      99.97 5.6236e+02    699.931      16799  1027.7836  1027.7790    34.1188    34.1133    8.15087         38 0.0000e+00
     76.000     75.243    -0.4212  28.045756    -0.4200  28.044441     7.6579     7.4462     0.5110    95.3939 5.2424e-01  -64.69914  -65.03274 329.772076      99.97 5.6236e+02    701.332      16833  1027.7694  1027.7668    34.1078    34.1047    8.14992         34 0.0000e+00
     75.000     74.254    -0.4126  28.045462    -0.4105  28.043922     7.5753     7.4445     0.5895    94.9731 5.6010e-01  -64.69914  -65.03274 329.772107      99.97 5.6192e+02    704.004      16897  1027.7564  1027.7527    34.0983    34.0939    8.14860         37 0.0000e+00
     74.000     73.263    -0.4183  28.045262    -0.4144  28.043433     7.6844     7.5105     0.5960    95.1036 6.0506e-01  -64.69914  -65.03275 329.772168      99.97 5.6052e+02    709.290      17024  1027.7576  1027.7519    34.1051    34.0983    8.14944         44 0.0000e+00
     73.000     72.273    -0.4036  28.045181    -0.4026  28.043766     7.8285     7.6090     0.5751    94.9768 6.3809e-01  -64.69914  -65.03274 329.772183      99.98 5.6060e+02    710.646      17056  1027.7388  1027.7364    34.0891    34.0860    8.14721         32 0.0000e+00
     72.000     71.284    -0.3879  28.045466    -0.3868  28.043955     7.8233     7.6391     0.6366    94.6266 6.7460e-01  -64.69914  -65.03274 329.772200      99.97 5.6039e+02    712.056      17090  1027.7195  1027.7169    34.0724    34.0692    8.14479         38 0.0000e+00
     71.000     70.292    -0.3930  28.044736    -0.3888  28.043393     7.8092     7.6445     0.6745    94.5796 7.3574e-01  -64.69915  -65.03274 329.772257      99.97 5.5835e+02    716.996      17209  1027.7198  1027.7143    34.0778    34.0713    8.14558         41 0.0000e+00
     70.000     69.303    -0.3845  28.043422    -0.3838  28.042060     7.9492     7.7199     0.6072    94.6131 7.9378e-01  -64.69914  -65.03274 329.772291      99.97 5.5706e+02    719.931      17279  1027.7058  1027.7037    34.0671    34.0645    8.14437         25 0.0000e+00
     69.000     68.313    -0.3729  28.040874    -0.3739  28.039972     7.9179     7.7294     0.6938    94.0999 8.3991e-01  -64.69914  -65.03274 329.772305      99.97 5.5707e+02    721.115      17308  1027.6875  1027.6875    34.0513    34.0512    8.14278         32 0.0000e+00
     68.000     67.325    -0.3764  28.041128    -0.3745  28.039530     7.8903     7.7214     0.8048    94.0530 9.0341e-01  -64.69916  -65.03274 329.772351      99.97 5.5620e+02    725.117      17404  1027.6872  1027.6836    34.0562    34.0519    8.14326         37 0.0000e+00
     67.000     66.333    -0.3747  28.040282    -0.3734  28.038881     7.9445     7.7603     0.7046    94.1890 9.8549e-01  -64.69915  -65.03274 329.772398      99.97 5.5496e+02    729.172      17501  1027.6804  1027.6777    34.0538    34.0505    8.14303         34 0.0000e+00
     66.000     65.343    -0.3686  28.038842    -0.3698  28.037773     7.9619     7.7775     0.7787    93.8496 1.0383e+00  -64.69914  -65.03274 329.772415      99.97 5.5413e+02    730.668      17537  1027.6686  1027.6687    34.0456    34.0455    8.14219         37 0.0000e+00
     65.000     64.353    -0.3661  28.038343    -0.3663  28.036996     7.9364     7.7857     0.8610    93.7305 1.0794e+00  -64.69916  -65.03274 329.772436      99.97 5.5355e+02    732.446      17580  1027.6614  1027.6602    34.0427    34.0412    8.14182         41 0.0000e+00
     64.000     63.363    -0.3695  28.038368    -0.3682  28.037057     7.9966     7.8200     0.8244    93.8519 1.1925e+00  -64.69914  -65.03274 329.772509      99.97 5.5117e+02    738.743      17731  1027.6606  1027.6581    34.0472    34.0440    8.14229         33 0.0000e+00
     63.000     62.375    -0.3621  28.039384    -0.3611  28.038119     8.0534     7.8486     0.7581    93.7474 1.2735e+00  -64.69914  -65.03274 329.772526      99.97 5.5002e+02    740.206      17766  1027.6502  1027.6480    34.0408    34.0381    8.14107         29 0.0000e+00
     62.000     61.384    -0.3422  28.046306    -0.3462  28.043103     8.0415     7.8556     0.8333    93.3878 1.3556e+00  -64.69914  -65.03274 329.772540      99.97 5.5002e+02    741.488      17797  1027.6341  1027.6345    34.0285    34.0286    8.13752         35 0.0000e+00
     61.000     60.395    -0.3558  28.041062    -0.3538  28.040066     8.0055     7.8711     0.9268    93.2666 1.4363e+00  -64.69914  -65.03274 329.772597      99.97 5.4822e+02    746.357      17914  1027.6376  1027.6347    34.0373    34.0337    8.13992         37 0.0000e+00
     60.000     59.405    -0.3484  28.043081    -0.3452  28.042931     8.0829     7.9012     0.8554    93.2613 1.5603e+00  -64.69914  -65.03274 329.772630      99.97 5.4646e+02    749.274      17984  1027.6284  1027.6251    34.0323    34.0285    8.13863         36 0.0000e+00
     59.000     58.414    -0.3339  28.048849    -0.3366  28.045894     8.0670     7.9016     0.9275    92.9108 1.6656e+00  -64.69914  -65.03274 329.772648      99.97 5.4645e+02    750.806      18020  1027.6162  1027.6158    34.0244    34.0235    8.13598         40 0.0000e+00
     58.000     57.425    -0.3305  28.049703    -0.3398  28.044323     8.0832     7.9156     0.9673    92.9072 1.7338e+00  -64.69914  -65.03274 329.772701      99.97 5.4475e+02    755.392      18130  1027.6099  1027.6130    34.0224    34.0255    8.13537         43 0.0000e+00
     57.000     56.434    -0.3282  28.050397    -0.3315  28.047295     8.0981     7.9304     0.9670    92.8160 1.8979e+00  -64.69914  -65.03274 329.772725      99.97 5.4473e+02    757.414      18179  1027.6042  1027.6039    34.0213    34.0208    8.13494         41 0.0000e+00
     56.000     55.445    -0.3243  28.051536    -0.3297  28.047730     8.0831     7.9297     1.0550    92.5092 2.0472e+00  -64.69914  -65.03274 329.772749      99.97 5.4288e+02    759.485      18229  1027.5974  1027.5984    34.0191    34.0200    8.13423         39 0.0000e+00
     55.000     54.454    -0.3235  28.051355    -0.3270  28.048231     8.1065     7.9462     1.1158    92.6114 2.1719e+00  -64.69914  -65.03274 329.772805      99.97 5.4216e+02    764.320      18345  1027.5923  1027.5923    34.0186    34.0183    8.13409         39 0.0000e+00
     54.000     53.465    -0.3216  28.051729    -0.3250  28.048752     8.0839     7.9578     1.0914    92.5318 2.3558e+00  -64.69914  -65.03274 329.772829      99.97 5.4120e+02    766.433      18395  1027.5866  1027.5866    34.0175    34.0174    8.13374         38 0.0000e+00
     53.000     52.474    -0.3217  28.051173    -0.3221  28.049533     8.1062     7.9554     1.0728    92.2897 2.5501e+00  -64.69914  -65.03274 329.772851      99.97 5.4095e+02    768.298      18440  1027.5818  1027.5804    34.0175    34.0158    8.13376         38 0.0000e+00
     52.000     51.485    -0.3192  28.051670    -0.3211  28.049306     8.1242     7.9746     1.1293    92.3337 2.7162e+00  -64.69914  -65.03274 329.772908      99.97 5.3792e+02    773.252      18559  1027.5758  1027.5750    34.0161    34.0150    8.13332         38 0.0000e+00
     51.000     50.495    -0.3181  28.051712    -0.3169  28.050663     8.1309     7.9794     1.0038    92.2260 2.9479e+00  -64.69914  -65.03274 329.772924      99.97 5.3769e+02    774.625      18592  1027.5705  1027.5681    34.0155    34.0127    8.13312         33 0.0000e+00
     50.000     49.505    -0.3178  28.051377    -0.3183  28.049555     8.1199     7.9827     1.1414    92.1045 3.1431e+00  -64.69915  -65.03273 329.772957      99.97 5.3673e+02    777.477      18660  1027.5656  1027.5641    34.0152    34.0134    8.13305         38 0.0000e+00
     49.000     48.515    -0.3193  28.050268    -0.3175  28.049413     8.1180     7.9914     1.1147    92.1465 3.4121e+00  -64.69914  -65.03273 329.773009      99.97 5.3406e+02    781.941      18768  1027.5616  1027.5589    34.0161    34.0129    8.13333         47 0.0000e+00
     48.000     47.526    -0.3157  28.051196    -0.3146  28.049932     8.1174     8.0052     1.1132    92.0676 3.7205e+00  -64.69914  -65.03274 329.773027      99.97 5.3415e+02    783.549      18806  1027.5548  1027.5525    34.0139    34.0110    8.13269         36 0.0000e+00
     47.000     46.534    -0.3151  28.050815    -0.3144  28.049486     8.1403     8.0040     1.1768    91.9386 3.8903e+00  -64.69915  -65.03274 329.773063      99.97 5.3203e+02    786.609      18880  1027.5496  1027.5475    34.0134    34.0107    8.13260         40 0.0000e+00
     46.000     45.545    -0.3154  28.050157    -0.3140  28.048900     8.1285     8.0146     1.1885    91.9834 4.1446e+00  -64.69916  -65.03273 329.773104      99.97 5.3062e+02    790.219      18966  1027.5449  1027.5423    34.0134    34.0102    8.13265         41 0.0000e+00
     45.000     44.555    -0.3144  28.049817    -0.3138  28.048436     8.1412     8.0102     1.1955    91.9562 4.5394e+00  -64.69916  -65.03274 329.773129      99.97 5.2891e+02    792.321      19017  1027.5393  1027.5372    34.0124    34.0099    8.13249         33 0.0000e+00
