NBP2113_155081_ctd/data/unbp2113_066.cnv
* Sea-Bird SBE 9 Data File:
* FileName = D:\Data\raw\NBP2113_066.hex
* Software Version Seasave V 7.26.7.121
* Temperature SN = 2438
* Conductivity SN = 2067
* Number of Bytes Per Scan = 40
* Number of Voltage Words = 5
* Number of Scans Averaged by the Deck Unit = 1
* NMEA Latitude = 64 10.22 S
* NMEA Longitude = 061 54.36 W
* NMEA UTC (Time) = Dec 14 2021  16:02:10
* NMEA baud rate = 9600
** Ship: RVIB N.B. Palmer
** Cruise: NBP2113 LTER
** Station: 742.003
** Operator: S. Blackman
# nquan = 25
# nvalues = 774                         
# units = specified
# name 0 = prDM: Pressure, Digiquartz [db]
# name 1 = depSM: Depth [salt water, m]
# name 2 = t090C: Temperature [ITS-90, deg C]
# name 3 = c0mS/cm: Conductivity [mS/cm]
# name 4 = t190C: Temperature, 2 [ITS-90, deg C]
# name 5 = c1mS/cm: Conductivity, 2 [mS/cm]
# name 6 = sbeox0ML/L: Oxygen, SBE 43 [ml/l]
# name 7 = sbeox1ML/L: Oxygen, SBE 43, 2 [ml/l]
# name 8 = flECO-AFL: Fluorescence, WET Labs ECO-AFL/FL [mg/m^3]
# name 9 = CStarTr0: Beam Transmission, WET Labs C-Star [%]
# name 10 = par: PAR/Irradiance, Biospherical/Licor
# name 11 = latitude: Latitude [deg]
# name 12 = longitude: Longitude [deg]
# name 13 = timeJ: Julian Days
# name 14 = altM: Altimeter [m]
# name 15 = spar: SPAR, Biospherical/Licor
# name 16 = timeS: Time, Elapsed [seconds]
# name 17 = scan: Scan Count
# name 18 = density00: Density [density, kg/m^3]
# name 19 = density11: Density, 2 [density, kg/m^3]
# name 20 = sal00: Salinity, Practical [PSU]
# name 21 = sal11: Salinity, Practical, 2 [PSU]
# name 22 = oxsolML/L: Oxygen Saturation, Garcia & Gordon [ml/l]
# name 23 = nbin: number of scans per bin
# name 24 = flag: flag
# span 0 =      1.000,    774.000       
# span 1 =      0.991,    765.030       
# span 2 =    -0.7053,     0.4926       
# span 3 =  28.146436,  28.906654       
# span 4 =    -0.7051,     0.4919       
# span 5 =  28.145917,  28.903653       
# span 6 =     5.5250,     7.7348       
# span 7 =     5.6074,     7.5326       
# span 8 =    -0.0297,     1.0918       
# span 9 =    83.0182,    90.0599       
# span 10 = 1.0000e-12, 9.6430e+02      
# span 11 =  -64.16966,  -64.16752      
# span 12 =  -61.90650,  -61.90474      
# span 13 = 348.684905, 348.704916      
# span 14 =       9.98,     100.46      
# span 15 = 8.8061e+02, 2.4575e+03      
# span 16 =   1445.807,   3174.784      
# span 17 =      34700,      76196      
# span 18 =  1027.3111,  1031.4312      
# span 19 =  1027.3106,  1031.4302      
# span 20 =    34.0337,    34.5482      
# span 21 =    34.0322,    34.5467      
# span 22 =    7.96191,    8.19137      
# span 23 =         14,         49      
# span 24 = 0.0000e+00, 0.0000e+00      
# interval = decibars: 1                
# start_time = Dec 14 2021 16:02:10 [NMEA time, header]
# bad_flag = -9.990e-29
*END*
[from data line 580]
    194.000    192.019     0.0109  28.727279     0.0098  28.725215     5.6980     5.7776     0.0173    89.6625 1.0000e-12  -64.16802  -61.90540 348.696358      99.97 1.0279e+03   2435.326      58449  1028.5907  1028.5894    34.4586    34.4570    8.03829         38 0.0000e+00
    193.000    191.030     0.0091  28.724209     0.0049  28.719232     5.7082     5.7819     0.0178    89.6496 1.0000e-12  -64.16802  -61.90540 348.696379      99.97 1.0244e+03   2437.177      58493  1028.5851  1028.5838    34.4571    34.4552    8.03875         42 0.0000e+00
    192.000    190.041    -0.0038  28.711278     0.0090  28.720114     5.7076     5.7775     0.0086    89.6248 1.0000e-12  -64.16801  -61.90540 348.696404      99.97 1.0213e+03   2439.284      58544  1028.5800  1028.5767    34.4551    34.4524    8.04157         39 0.0000e+00
    191.000    189.053     0.0088  28.719686     0.0107  28.722169     5.7005     5.7704     0.0215    89.5815 1.0000e-12  -64.16800  -61.90542 348.696434      99.97 1.0174e+03   2441.879      58606  1028.5723  1028.5731    34.4527    34.4539    8.03906         43 0.0000e+00
    190.000    188.065     0.0301  28.735974     0.0418  28.746919     5.6608     5.7421     0.0304    89.6109 1.0000e-12  -64.16800  -61.90542 348.696464      99.97 1.0136e+03   2444.510      58669  1028.5647  1028.5646    34.4510    34.4522    8.03470         32 0.0000e+00
    189.000    187.073     0.0751  28.775351     0.0659  28.768062     5.6189     5.7299     0.0319    89.6320 1.0000e-12  -64.16800  -61.90542 348.696495      99.97 1.0093e+03   2447.151      58733  1028.5582  1028.5593    34.4531    34.4537    8.02516         37 0.0000e+00
    188.000    186.088     0.1134  28.809041     0.1029  28.797171     5.5959     5.6991     0.0194    89.6359 1.0000e-12  -64.16800  -61.90543 348.696541      99.97 1.0041e+03   2451.148      58829  1028.5526  1028.5501    34.4551    34.4513    8.01703         25 0.0000e+00
    187.000    185.093     0.1244  28.818745     0.1151  28.809715     5.6281     5.7152     0.0183    89.6230 1.0000e-12  -64.16800  -61.90544 348.696600      99.97 9.9744e+02   2456.228      58950  1028.5489  1028.5483    34.4562    34.4547    8.01468         31 0.0000e+00
    186.000    184.105     0.0785  28.779674     0.0577  28.760448     5.6778     5.7381     0.0286    89.6192 1.0000e-12  -64.16800  -61.90546 348.696639      99.98 9.9254e+02   2459.623      59032  1028.5486  1028.5483    34.4567    34.4547    8.02423         36 0.0000e+00
    185.000    183.116     0.0879  28.786043     0.0926  28.788481     5.6206     5.6952     0.0282    89.6238 1.0000e-12  -64.16799  -61.90546 348.696681      99.97 9.8789e+02   2463.197      59118  1028.5416  1028.5393    34.4552    34.4531    8.02235         39 0.0000e+00
    184.000    182.127     0.1187  28.811725     0.1277  28.818503     5.6139     5.6833     0.0277    89.6156 1.0000e-12  -64.16798  -61.90547 348.696716      99.97 9.8346e+02   2466.307      59192  1028.5343  1028.5326    34.4552    34.4540    8.01593         42 0.0000e+00
    183.000    181.137     0.1306  28.819422     0.1401  28.829773     5.5954     5.6611     0.0264    89.5852 1.0000e-12  -64.16798  -61.90548 348.696756      99.97 9.7898e+02   2469.683      59273  1028.5269  1028.5284    34.4526    34.4556    8.01359         46 0.0000e+00
    182.000    180.146     0.1823  28.865342     0.1995  28.880780     5.5653     5.6297     0.0369    89.5900 1.0000e-12  -64.16797  -61.90551 348.696904      99.97 9.6246e+02   2482.470      59580  1028.5218  1028.5213    34.4557    34.4568    8.00265         30 0.0000e+00
    181.000    179.159     0.2076  28.887846     0.2055  28.885725     5.5510     5.6128     0.0187    89.5783 1.0000e-12  -64.16796  -61.90552 348.697050      99.97 9.4695e+02   2495.151      59885  1028.5179  1028.5177    34.4576    34.4571    7.99726         36 0.0000e+00
    180.000    178.168     0.2171  28.893835     0.2138  28.890340     5.5282     5.6074     0.0242    89.5812 1.0000e-12  -64.16796  -61.90553 348.697071      99.97 9.4499e+02   2496.906      59927  1028.5105  1028.5100    34.4555    34.4545    7.99541         36 0.0000e+00
    179.000    177.178     0.2331  28.906654     0.2303  28.903259     5.5250     5.6129     0.0288    89.5994 1.0000e-12  -64.16794  -61.90554 348.697087      99.97 9.4371e+02   2498.335      59961  1028.5040  1028.5031    34.4550    34.4537    7.99212         29 0.0000e+00
    178.000    176.191     0.2335  28.905118     0.2331  28.903653     5.5421     5.6238     0.0278    89.5984 1.0000e-12  -64.16794  -61.90552 348.697100      99.97 9.4255e+02   2499.462      59988  1028.4978  1028.4966    34.4532    34.4517    7.99214         27 0.0000e+00
    177.000    175.200     0.2298  28.900039     0.2278  28.897551     5.5643     5.6373     0.0279    89.5855 1.0000e-12  -64.16794  -61.90554 348.697114      99.97 9.4138e+02   2500.628      60016  1028.4919  1028.4912    34.4512    34.4502    7.99301         29 0.0000e+00
    176.000    174.211     0.2215  28.890812     0.2194  28.887446     5.5834     5.6445     0.0296    89.5860 1.0000e-12  -64.16794  -61.90554 348.697128      99.97 9.4002e+02   2501.869      60046  1028.4860  1028.4845    34.4489    34.4469    7.99486         31 0.0000e+00
    175.000    173.221     0.2154  28.883301     0.2127  28.879616     5.6074     5.6572     0.0357    89.5728 1.0000e-12  -64.16794  -61.90554 348.697143      99.97 9.3962e+02   2503.163      60077  1028.4798  1028.4785    34.4465    34.4447    7.99627         31 0.0000e+00
    174.000    172.232     0.2062  28.872831     0.2038  28.869385     5.6082     5.6671     0.0289    89.5489 1.0000e-12  -64.16794  -61.90554 348.697157      99.97 9.3923e+02   2504.372      60106  1028.4735  1028.4722    34.4436    34.4417    7.99834         27 0.0000e+00
    173.000    171.243     0.1982  28.863254     0.2003  28.865220     5.6141     5.6750     0.0237    89.5668 1.0000e-12  -64.16794  -61.90554 348.697170      99.97 9.3786e+02   2505.511      60133  1028.4669  1028.4669    34.4406    34.4408    8.00017         28 0.0000e+00
    172.000    170.253     0.1958  28.860207     0.1937  28.857345     5.6216     5.6849     0.0284    89.5602 1.0000e-12  -64.16794  -61.90554 348.697184      99.97 9.3700e+02   2506.669      60161  1028.4617  1028.4608    34.4399    34.4385    8.00071         27 0.0000e+00
    171.000    169.264     0.1907  28.854702     0.1897  28.852914     5.6286     5.7002     0.0286    89.5402 1.0000e-12  -64.16794  -61.90554 348.697197      99.97 9.3590e+02   2507.838      60189  1028.4565  1028.4556    34.4389    34.4376    8.00182         29 0.0000e+00
    170.000    168.274     0.1816  28.844766     0.1789  28.841875     5.6500     5.7147     0.0335    89.5340 1.0000e-12  -64.16794  -61.90554 348.697211      99.97 9.3431e+02   2509.059      60218  1028.4507  1028.4502    34.4366    34.4358    8.00384         29 0.0000e+00
    169.000    167.286     0.1754  28.837304     0.1678  28.828771     5.6707     5.7283     0.0466    89.5326 1.0000e-12  -64.16794  -61.90556 348.697225      99.97 9.3433e+02   2510.214      60246  1028.4445  1028.4429    34.4343    34.4316    8.00527         27 0.0000e+00
    168.000    166.295     0.1650  28.826523     0.1591  28.819031     5.6729     5.7341     0.0374    89.5288 1.0000e-12  -64.16794  -61.90556 348.697238      99.97 9.3335e+02   2511.327      60273  1028.4389  1028.4368    34.4323    34.4292    8.00754         27 0.0000e+00
    167.000    165.306     0.1562  28.815769     0.1549  28.813787     5.6729     5.7327     0.0484    89.5279 1.0000e-12  -64.16793  -61.90556 348.697251      99.97 9.3256e+02   2512.501      60301  1028.4318  1028.4310    34.4286    34.4275    8.00959         29 0.0000e+00
    166.000    164.317     0.1548  28.813613     0.1536  28.811899     5.6689     5.7337     0.0442    89.5104 1.0000e-12  -64.16792  -61.90556 348.697266      99.97 9.3086e+02   2513.765      60331  1028.4265  1028.4258    34.4280    34.4270    8.00992         29 0.0000e+00
    165.000    163.326     0.1554  28.814044     0.1543  28.812456     5.6755     5.7393     0.0525    89.5242 1.0000e-12  -64.16792  -61.90556 348.697281      99.97 9.3080e+02   2515.038      60362  1028.4219  1028.4212    34.4285    34.4276    8.00976         30 0.0000e+00
    164.000    162.338     0.1531  28.811390     0.1516  28.809139     5.6739     5.7450     0.0557    89.5162 1.0000e-12  -64.16792  -61.90556 348.697295      99.97 9.2927e+02   2516.261      60391  1028.4171  1028.4160    34.4282    34.4268    8.01027         29 0.0000e+00
    163.000    161.348     0.1514  28.809228     0.1494  28.806520     5.6802     5.7520     0.0509    89.5163 1.0000e-12  -64.16792  -61.90556 348.697309      99.97 9.2855e+02   2517.458      60420  1028.4120  1028.4111    34.4278    34.4265    8.01063         29 0.0000e+00
    162.000    160.359     0.1478  28.804914     0.1458  28.802144     5.6943     5.7617     0.0474    89.5260 1.0000e-12  -64.16792  -61.90558 348.697322      99.97 9.2727e+02   2518.631      60448  1028.4067  1028.4056    34.4268    34.4254    8.01145         27 0.0000e+00
    161.000    159.370     0.1442  28.799458     0.1430  28.797344     5.7040     5.7665     0.0471    89.5225 1.0000e-12  -64.16792  -61.90558 348.697336      99.97 9.2691e+02   2519.803      60476  1028.4001  1028.3989    34.4242    34.4227    8.01235         29 0.0000e+00
    160.000    158.379     0.1437  28.796904     0.1433  28.795439     5.7192     5.7790     0.0459    89.5048 1.0000e-12  -64.16792  -61.90558 348.697350      99.97 9.2551e+02   2520.997      60505  1028.3935  1028.3922    34.4220    34.4205    8.01257         29 0.0000e+00
    159.000    157.390     0.1436  28.793703     0.1432  28.792671     5.7308     5.7943     0.0436    89.5034 1.0000e-12  -64.16792  -61.90558 348.697364      99.97 9.2551e+02   2522.220      60534  1028.3858  1028.3851    34.4184    34.4176    8.01278         30 0.0000e+00
    158.000    156.402     0.1417  28.788254     0.1405  28.786166     5.7446     5.8072     0.0436    89.5118 1.0000e-12  -64.16792  -61.90558 348.697378      99.97 9.2506e+02   2523.453      60564  1028.3776  1028.3765    34.4140    34.4126    8.01343         28 0.0000e+00
    157.000    155.410     0.1384  28.784079     0.1351  28.780030     5.7511     5.8124     0.0499    89.4736 1.0000e-12  -64.16792  -61.90558 348.697391      99.97 9.2374e+02   2524.617      60592  1028.3721  1028.3710    34.4128    34.4111    8.01419         28 0.0000e+00
    156.000    154.422     0.1296  28.773283     0.1289  28.771637     5.7648     5.8209     0.0579    89.4773 1.0000e-12  -64.16792  -61.90559 348.697405      99.97 9.2277e+02   2525.749      60619  1028.3650  1028.3639    34.4091    34.4077    8.01624         27 0.0000e+00
    155.000    153.432     0.1277  28.771004     0.1246  28.766819     5.8043     5.8484     0.0515    89.4640 1.0000e-12  -64.16792  -61.90560 348.697418      99.97 9.2200e+02   2526.908      60647  1028.3600  1028.3586    34.4088    34.4067    8.01665         29 0.0000e+00
    154.000    152.442     0.1071  28.749380     0.1043  28.745474     5.8253     5.8638     0.0594    89.4701 1.0000e-12  -64.16792  -61.90560 348.697432      99.97 9.2036e+02   2528.111      60676  1028.3531  1028.3516    34.4039    34.4019    8.02123         29 0.0000e+00
    153.000    151.453     0.0908  28.729463     0.0904  28.728602     5.8274     5.8773     0.0655    89.4355 1.0000e-12  -64.16792  -61.90560 348.697446      99.97 9.2010e+02   2529.308      60704  1028.3435  1028.3429    34.3965    34.3958    8.02505         28 0.0000e+00
    152.000    150.465     0.0921  28.729966     0.0875  28.723729     5.8199     5.8833     0.0655    89.4346 1.0000e-12  -64.16792  -61.90560 348.697459      99.97 9.1848e+02   2530.489      60733  1028.3383  1028.3361    34.3963    34.3932    8.02479         29 0.0000e+00
    151.000    149.473     0.0875  28.723612     0.0858  28.720707     5.8170     5.8872     0.0692    89.4427 1.0000e-12  -64.16791  -61.90560 348.697473      99.97 9.1784e+02   2531.674      60761  1028.3316  1028.3302    34.3936    34.3917    8.02590         28 0.0000e+00
    150.000    148.485     0.0889  28.723234     0.0891  28.722355     5.8112     5.8796     0.0705    89.4348 1.0000e-12  -64.16790  -61.90560 348.697488      99.97 9.1669e+02   2532.928      60791  1028.3255  1028.3243    34.3922    34.3908    8.02569         31 0.0000e+00
    149.000    147.496     0.0927  28.725743     0.0932  28.725318     5.8107     5.8796     0.0705    89.4290 4.8729e-04  -64.16790  -61.90562 348.697502      99.97 9.1585e+02   2534.213      60822  1028.3199  1028.3190    34.3919    34.3907    8.02492         31 0.0000e+00
    148.000    146.505     0.0954  28.727210     0.0960  28.726843     5.8087     5.8760     0.0758    89.4215 2.9073e-03  -64.16790  -61.90562 348.697517      99.97 9.1486e+02   2535.456      60852  1028.3145  1028.3134    34.3914    34.3902    8.02438         28 0.0000e+00
    147.000    145.517     0.0993  28.730114     0.1007  28.730309     5.8091     5.8748     0.0595    89.4373 5.2716e-03  -64.16790  -61.90562 348.697530      99.97 9.1316e+02   2536.613      60880  1028.3094  1028.3082    34.3914    34.3901    8.02355         26 0.0000e+00
    146.000    144.526     0.1049  28.734345     0.1043  28.733128     5.8015     5.8757     0.0645    89.4208 8.0297e-03  -64.16790  -61.90562 348.697543      99.97 9.1171e+02   2537.725      60906  1028.3041  1028.3034    34.3913    34.3904    8.02239         27 0.0000e+00
    145.000    143.537     0.1050  28.734193     0.1054  28.733634     5.8016     5.8761     0.0582    89.4253 1.0880e-02  -64.16790  -61.90562 348.697556      99.97 9.1116e+02   2538.854      60933  1028.2996  1028.2986    34.3916    34.3905    8.02236         28 0.0000e+00
    144.000    142.547     0.1073  28.735525     0.1071  28.734578     5.7941     5.8730     0.0650    89.4235 1.4033e-02  -64.16790  -61.90562 348.697570      99.97 9.0965e+02   2540.022      60962  1028.2944  1028.2936    34.3914    34.3904    8.02188         28 0.0000e+00
    143.000    141.558     0.1159  28.741899     0.1204  28.744437     5.7944     5.8744     0.0595    89.4160 1.7475e-02  -64.16790  -61.90562 348.697583      99.97 9.0965e+02   2541.200      60990  1028.2885  1028.2867    34.3908    34.3891    8.02012         29 0.0000e+00
    142.000    140.568     0.1261  28.748782     0.1289  28.750253     5.7982     5.8795     0.0735    89.3844 2.1043e-02  -64.16790  -61.90564 348.697598      99.97 9.0802e+02   2542.425      61019  1028.2814  1028.2803    34.3891    34.3878    8.01809         30 0.0000e+00
    141.000    139.578     0.1309  28.751715     0.1327  28.751303     5.8082     5.8922     0.0709    89.4004 2.4578e-02  -64.16790  -61.90564 348.697612      99.97 9.0724e+02   2543.686      61049  1028.2757  1028.2735    34.3881    34.3856    8.01713         30 0.0000e+00
    140.000    138.589     0.1294  28.748465     0.1295  28.746161     5.8422     5.9077     0.0705    89.3908 2.8505e-02  -64.16790  -61.90564 348.697627      99.97 9.0611e+02   2544.965      61080  1028.2695  1028.2670    34.3861    34.3829    8.01756         31 0.0000e+00
    139.000    137.599     0.1263  28.741379     0.1241  28.738102     5.8596     5.9198     0.0732    89.3737 3.2053e-02  -64.16790  -61.90564 348.697641      99.97 9.0498e+02   2546.196      61110  1028.2608  1028.2596    34.3808    34.3790    8.01850         28 0.0000e+00
    138.000    136.610     0.1159  28.729391     0.1156  28.728063     5.8832     5.9427     0.0729    89.3775 3.6015e-02  -64.16790  -61.90564 348.697654      99.97 9.0378e+02   2547.347      61137  1028.2541  1028.2530    34.3772    34.3759    8.02087         25 0.0000e+00
