NBP2113_155081_ctd/data/unbp2113_015.cnv
* Sea-Bird SBE 9 Data File:
* FileName = D:\Data\raw\NBP2113_015.hex
* Software Version Seasave V 7.26.7.121
* Temperature SN = 2438
* Conductivity SN = 2067
* Number of Bytes Per Scan = 40
* Number of Voltage Words = 5
* Number of Scans Averaged by the Deck Unit = 1
* NMEA Latitude = 66 15.27 S
* NMEA Longitude = 067 20.33 W
* NMEA UTC (Time) = Nov 27 2021  19:51:53
* NMEA baud rate = 9600
** Ship: RVIB N.B. Palmer
** Cruise: NBP2113 LTER
** Station: 500.040
** Operator: S. Blackman
# nquan = 25
# nvalues = 200                         
# units = specified
# name 0 = prDM: Pressure, Digiquartz [db]
# name 1 = depSM: Depth [salt water, m]
# name 2 = t090C: Temperature [ITS-90, deg C]
# name 3 = c0mS/cm: Conductivity [mS/cm]
# name 4 = t190C: Temperature, 2 [ITS-90, deg C]
# name 5 = c1mS/cm: Conductivity, 2 [mS/cm]
# name 6 = sbeox0ML/L: Oxygen, SBE 43 [ml/l]
# name 7 = sbeox1ML/L: Oxygen, SBE 43, 2 [ml/l]
# name 8 = flECO-AFL: Fluorescence, WET Labs ECO-AFL/FL [mg/m^3]
# name 9 = CStarTr0: Beam Transmission, WET Labs C-Star [%]
# name 10 = par: PAR/Irradiance, Biospherical/Licor
# name 11 = latitude: Latitude [deg]
# name 12 = longitude: Longitude [deg]
# name 13 = timeJ: Julian Days
# name 14 = altM: Altimeter [m]
# name 15 = spar: SPAR, Biospherical/Licor
# name 16 = timeS: Time, Elapsed [seconds]
# name 17 = scan: Scan Count
# name 18 = density00: Density [density, kg/m^3]
# name 19 = density11: Density, 2 [density, kg/m^3]
# name 20 = sal00: Salinity, Practical [PSU]
# name 21 = sal11: Salinity, Practical, 2 [PSU]
# name 22 = oxsolML/L: Oxygen Saturation, Garcia & Gordon [ml/l]
# name 23 = nbin: number of scans per bin
# name 24 = flag: flag
# span 0 =      1.000,    200.000       
# span 1 =      0.989,    197.927       
# span 2 =    -1.3880,     0.7029       
# span 3 =  27.034923,  29.337773       
# span 4 =    -1.3878,     0.6876       
# span 5 =  27.035969,  29.320270       
# span 6 =     4.8628,     9.0878       
# span 7 =     4.9212,     8.3008       
# span 8 =    -0.0008,     1.5687       
# span 9 =    88.3627,    96.9380       
# span 10 = 1.0000e-12, 4.9987e+02      
# span 11 =  -66.25466,  -66.25444      
# span 12 =  -67.33948,  -67.33831      
# span 13 = 331.835988, 331.845004      
# span 14 =       1.33,     100.02      
# span 15 = 3.4729e+02, 4.0383e+02      
# span 16 =    716.376,   1495.344      
# span 17 =      17194,      35889      
# span 18 =  1027.1028,  1028.5880      
# span 19 =  1027.1001,  1028.5853      
# span 20 =    33.6938,    34.4830      
# span 21 =    33.6905,    34.4773      
# span 22 =    7.89402,    8.37802      
# span 23 =         12,         47      
# span 24 = 0.0000e+00, 0.0000e+00      
# interval = decibars: 1                
# start_time = Nov 27 2021 19:51:53 [NMEA time, header]
# bad_flag = -9.990e-29
*END*
[from data line 174]
     26.000     25.740    -1.0984  27.155588    -1.0981  27.154579     8.2179     8.2896     1.4868    89.3378 1.4205e+01  -66.25446  -67.33838 331.843744      99.97 3.8401e+02   1386.499      33277  1027.2239  1027.2224    33.6947    33.6929    8.32181         31 0.0000e+00
     25.000     24.753    -1.0984  27.155148    -1.0981  27.154111     8.2160     8.2941     1.4402    89.3209 1.5869e+01  -66.25446  -67.33838 331.843765      99.97 3.8433e+02   1388.259      33319  1027.2191  1027.2176    33.6947    33.6930    8.32181         33 0.0000e+00
     24.000     23.762    -1.0982  27.154741    -1.0982  27.153607     8.2061     8.2911     1.5556    89.2971 1.6226e+01  -66.25444  -67.33837 331.843805      99.97 3.8431e+02   1391.733      33403  1027.2141  1027.2129    33.6945    33.6930    8.32177         39 0.0000e+00
     23.000     22.772    -1.0979  27.154372    -1.0981  27.153122     8.2153     8.2904     1.4636    89.3403 1.8209e+01  -66.25445  -67.33836 331.843828      99.97 3.8431e+02   1393.748      33451  1027.2092  1027.2079    33.6944    33.6928    8.32173         40 0.0000e+00
     22.000     21.781    -1.0986  27.153336    -1.0995  27.151288     8.1996     8.2990     1.4919    89.3043 2.0331e+01  -66.25446  -67.33836 331.843850      99.97 3.8431e+02   1395.640      33496  1027.2043  1027.2030    33.6943    33.6925    8.32187         37 0.0000e+00
     21.000     20.792    -1.0997  27.151875    -1.0984  27.151882     8.2247     8.2945     1.4116    89.3047 2.2092e+01  -66.25446  -67.33836 331.843865      99.97 3.8438e+02   1396.973      33528  1027.1995  1027.1983    33.6942    33.6927    8.32213         27 0.0000e+00
     20.000     19.801    -1.0968  27.154073    -1.0952  27.154112     8.2307     8.2926     1.3744    89.2754 2.4153e+01  -66.25446  -67.33836 331.843878      99.97 3.8503e+02   1398.102      33555  1027.1948  1027.1933    33.6945    33.6928    8.32146         29 0.0000e+00
     19.000     18.812    -1.0965  27.153722    -1.0963  27.152723     8.2215     8.2931     1.3998    89.3163 2.6612e+01  -66.25446  -67.33836 331.843919      99.97 3.8603e+02   1401.586      33639  1027.1898  1027.1885    33.6943    33.6927    8.32141         42 0.0000e+00
     18.000     17.822    -1.0958  27.153837    -1.0964  27.152183     8.2241     8.2912     1.3956    89.3055 2.9174e+01  -66.25446  -67.33834 331.843955      99.97 3.8607e+02   1404.673      33713  1027.1850  1027.1837    33.6943    33.6927    8.32125         31 0.0000e+00
     17.000     16.831    -1.0963  27.153018    -1.0957  27.152356     8.2303     8.2969     1.4039    89.3101 3.3374e+01  -66.25446  -67.33835 331.843976      99.97 3.8607e+02   1406.521      33758  1027.1803  1027.1790    33.6944    33.6929    8.32136         42 0.0000e+00
     16.000     15.842    -1.0956  27.153226    -1.0959  27.151698     8.2161     8.2935     1.3935    89.3153 3.6141e+01  -66.25446  -67.33836 331.844005      99.97 3.8447e+02   1409.049      33818  1027.1755  1027.1741    33.6945    33.6928    8.32120         41 0.0000e+00
     15.000     14.854    -1.0951  27.153158    -1.0951  27.151866     8.2168     8.2934     1.3267    89.2993 3.9909e+01  -66.25445  -67.33835 331.844213      99.97 3.7951e+02   1427.000      34249  1027.1707  1027.1693    33.6945    33.6927    8.32109         41 0.0000e+00
     14.000     13.861    -1.0945  27.153137    -1.0947  27.151807     8.2257     8.3008     1.2948    89.2850 4.4280e+01  -66.25444  -67.33834 331.844660      99.97 3.6835e+02   1465.645      35176  1027.1658  1027.1645    33.6943    33.6928    8.32095         36 0.0000e+00
     13.000     12.871    -1.0950  27.152257    -1.0957  27.150623     8.2285     8.2948     1.3175    89.2878 4.7620e+01  -66.25444  -67.33835 331.844682      99.97 3.6844e+02   1467.497      35221  1027.1610  1027.1599    33.6944    33.6929    8.32108         39 0.0000e+00
     12.000     11.882    -1.0972  27.150007    -1.0968  27.149241     8.2267     8.2930     1.3595    89.2832 5.2005e+01  -66.25444  -67.33834 331.844722      99.97 3.6711e+02   1471.003      35305  1027.1564  1027.1551    33.6944    33.6929    8.32156         41 0.0000e+00
     11.000     10.890    -1.0983  27.148581    -1.0984  27.147379     8.2129     8.2988     1.3291    89.3025 5.7028e+01  -66.25444  -67.33832 331.844759      99.97 3.6670e+02   1474.141      35380  1027.1516  1027.1503    33.6943    33.6928    8.32181         34 0.0000e+00
     10.000      9.900    -1.0978  27.148611    -1.0979  27.147265     8.2126     8.2948     1.2967    89.2949 6.4141e+01  -66.25444  -67.33832 331.844777      95.14 3.6668e+02   1475.734      35419  1027.1468  1027.1454    33.6944    33.6927    8.32169         25 0.0000e+00
      9.000      8.912    -1.0989  27.147330    -1.0991  27.145906     8.2046     8.2944     1.2501    89.2569 7.0693e+01  -66.25444  -67.33833 331.844787      45.74 3.6622e+02   1476.618      35440  1027.1421  1027.1408    33.6945    33.6928    8.32193         19 0.0000e+00
      8.000      7.920    -1.0984  27.147122    -1.0985  27.145799     8.2188     8.2973     1.1385    89.2841 8.0492e+01  -66.25444  -67.33834 331.844797      98.33 3.6496e+02   1477.433      35459  1027.1371  1027.1357    33.6943    33.6926    8.32183         21 0.0000e+00
      7.000      6.930    -1.0970  27.147721    -1.0979  27.145632     8.2196     8.2972     1.0577    89.2824 9.1161e+01  -66.25444  -67.33834 331.844840      50.19 3.6492e+02   1481.186      35549  1027.1321  1027.1306    33.6942    33.6923    8.32154         41 0.0000e+00
      6.000      5.941    -1.0972  27.147098    -1.0974  27.145448     8.2151     8.2987     1.0785    89.2609 1.0478e+02  -66.25444  -67.33832 331.844877      70.92 3.6475e+02   1484.351      35625  1027.1273  1027.1257    33.6942    33.6922    8.32158         41 0.0000e+00
      5.000      4.951    -1.0974  27.146534    -1.0969  27.145189     8.2818     8.2902     1.0123    89.2884 1.1982e+02  -66.25444  -67.33832 331.844895      34.54 3.6318e+02   1485.936      35663  1027.1225  1027.1205    33.6942    33.6918    8.32161         35 0.0000e+00
      4.000      3.959    -1.0968  27.146494    -1.0962  27.145291     8.1703     8.2983     0.9603    89.2659 1.3881e+02  -66.25444  -67.33831 331.844918      25.92 3.6315e+02   1487.923      35711  1027.1176  1027.1158    33.6941    33.6919    8.32148         35 0.0000e+00
      3.000      2.971    -1.0955  27.147074    -1.0958  27.145302     8.6913     8.2997     0.9953    88.3627 1.7138e+02  -66.25444  -67.33832 331.844942      71.86 3.6315e+02   1490.001      35761  1027.1127  1027.1110    33.6941    33.6920    8.32120         28 0.0000e+00
      2.000      1.982    -1.0957  27.146297    -1.0953  27.144986     9.0878     8.2959     0.8715    89.2867 2.0034e+02  -66.25444  -67.33832 331.844980      19.76 3.6196e+02   1493.290      35840  1027.1077  1027.1059    33.6939    33.6917    8.32126         24 0.0000e+00
      1.000      0.989    -1.0936  27.147524    -1.0941  27.144682 -9.990e-29 -9.990e-29     0.8305    89.2468 4.9987e+02  -66.25444  -67.33832 331.845004       1.33 3.6139e+02   1495.344      35889  1027.1028  1027.1001    33.6938    33.6905    8.32080         28 0.0000e+00
