NBP2113_155081_ctd/data/unbp2113_010.cnv
* Sea-Bird SBE 9 Data File:
* FileName = D:\Data\raw\NBP2113_010.hex
* Software Version Seasave V 7.26.7.121
* Temperature SN = 2438
* Conductivity SN = 2067
* Number of Bytes Per Scan = 40
* Number of Voltage Words = 5
* Number of Scans Averaged by the Deck Unit = 1
* NMEA Latitude = 64 34.40 S
* NMEA Longitude = 065 21.00 W
* NMEA UTC (Time) = Nov 25 2021  20:37:57
* NMEA baud rate = 9600
** Ship: RVIB N.B. Palmer
** Cruise: NBP2113 LTER
** Station: 600.100
** Operator: S. Blackman
# nquan = 25
# nvalues = 604                         
# units = specified
# name 0 = prDM: Pressure, Digiquartz [db]
# name 1 = depSM: Depth [salt water, m]
# name 2 = t090C: Temperature [ITS-90, deg C]
# name 3 = c0mS/cm: Conductivity [mS/cm]
# name 4 = t190C: Temperature, 2 [ITS-90, deg C]
# name 5 = c1mS/cm: Conductivity, 2 [mS/cm]
# name 6 = sbeox0ML/L: Oxygen, SBE 43 [ml/l]
# name 7 = sbeox1ML/L: Oxygen, SBE 43, 2 [ml/l]
# name 8 = flECO-AFL: Fluorescence, WET Labs ECO-AFL/FL [mg/m^3]
# name 9 = CStarTr0: Beam Transmission, WET Labs C-Star [%]
# name 10 = par: PAR/Irradiance, Biospherical/Licor
# name 11 = latitude: Latitude [deg]
# name 12 = longitude: Longitude [deg]
# name 13 = timeJ: Julian Days
# name 14 = altM: Altimeter [m]
# name 15 = spar: SPAR, Biospherical/Licor
# name 16 = timeS: Time, Elapsed [seconds]
# name 17 = scan: Scan Count
# name 18 = density00: Density [density, kg/m^3]
# name 19 = density11: Density, 2 [density, kg/m^3]
# name 20 = sal00: Salinity, Practical [PSU]
# name 21 = sal11: Salinity, Practical, 2 [PSU]
# name 22 = oxsolML/L: Oxygen Saturation, Garcia & Gordon [ml/l]
# name 23 = nbin: number of scans per bin
# name 24 = flag: flag
# span 0 =      1.000,    604.000       
# span 1 =      0.989,    597.227       
# span 2 =    -0.4243,     1.5126       
# span 3 =  27.985864,  30.387877       
# span 4 =    -0.4185,     1.5129       
# span 5 =  27.983122,  30.386901       
# span 6 =     4.0627,     8.2561       
# span 7 =     4.0752,     8.1262       
# span 8 =    -0.0219,     1.4226       
# span 9 =    89.8711,    97.3403       
# span 10 = 1.0000e-12, 4.1970e+02      
# span 11 =  -64.57444,  -64.57382      
# span 12 =  -65.34838,  -65.34640      
# span 13 = 329.874187, 329.888368      
# span 14 =       9.02,     102.37      
# span 15 = 3.4373e+02, 4.9890e+02      
# span 16 =   1252.744,   2478.027      
# span 17 =      30067,      59474      
# span 18 =  1027.3103,  1030.6031      
# span 19 =  1027.3077,  1030.6018      
# span 20 =    33.9875,    34.7004      
# span 21 =    33.9842,    34.6988      
# span 22 =    7.72072,    8.14870      
# span 23 =         14,         50      
# span 24 = 0.0000e+00, 0.0000e+00      
# interval = decibars: 1                
# start_time = Nov 25 2021 20:37:57 [NMEA time, header]
# bad_flag = -9.990e-29
*END*
[from data line 116]
    488.000    482.660     1.4568  30.271832     1.4569  30.270724     4.1498     4.1385    -0.0150    97.2661 1.0000e-12  -64.57388  -65.34826 329.875931      99.97 4.8656e+02   1403.431      33683  1030.0503  1030.0490    34.6799    34.6784    7.73274         18 0.0000e+00
    487.000    481.674     1.4566  30.271245     1.4568  30.270105     4.1411     4.1385    -0.0127    97.2661 1.0000e-12  -64.57388  -65.34826 329.875941      99.97 4.8656e+02   1404.308      33704  1030.0457  1030.0443    34.6800    34.6783    7.73279         25 0.0000e+00
    486.000    480.686     1.4572  30.271351     1.4572  30.270150     4.1382     4.1432    -0.0101    97.2661 1.0000e-12  -64.57388  -65.34826 329.875967      99.97 4.8656e+02   1406.530      33758  1030.0410  1030.0397    34.6801    34.6785    7.73267         34 0.0000e+00
    485.000    479.699     1.4570  30.270615     1.4571  30.269587     4.1410     4.1422    -0.0077    97.2661 1.0000e-12  -64.57388  -65.34826 329.875989      99.98 4.8546e+02   1408.443      33804  1030.0362  1030.0349    34.6799    34.6784    7.73272         23 0.0000e+00
    484.000    478.711     1.4567  30.269719     1.4568  30.268811     4.1398     4.1428    -0.0070    97.2700 1.0000e-12  -64.57388  -65.34826 329.875999      99.98 4.8595e+02   1409.333      33825  1030.0313  1030.0303    34.6797    34.6784    7.73279         20 0.0000e+00
    483.000    477.721     1.4558  30.268484     1.4561  30.267469     4.1392     4.1433    -0.0073    97.2407 1.0000e-12  -64.57388  -65.34826 329.876008      99.97 4.8646e+02   1410.114      33844  1030.0267  1030.0254    34.6797    34.6780    7.73297         19 0.0000e+00
    482.000    476.735     1.4554  30.267661     1.4557  30.266734     4.1423     4.1421    -0.0096    97.2621 1.0000e-12  -64.57388  -65.34826 329.876019      99.97 4.8649e+02   1411.005      33865  1030.0220  1030.0208    34.6796    34.6781    7.73304         25 0.0000e+00
    481.000    475.746     1.4557  30.267536     1.4559  30.266594     4.1391     4.1369    -0.0104    97.2685 1.0000e-12  -64.57388  -65.34826 329.876035      98.58 4.8528e+02   1412.395      33898  1030.0173  1030.0162    34.6796    34.6782    7.73298         41 0.0000e+00
    480.000    474.758     1.4555  30.266971     1.4556  30.265663     4.1379     4.1432    -0.0141    97.2765 1.0000e-12  -64.57388  -65.34826 329.876052      99.99 4.8580e+02   1413.914      33935  1030.0127  1030.0113    34.6797    34.6780    7.73301         30 0.0000e+00
    479.000    473.771     1.4547  30.265559     1.4548  30.264357     4.1437     4.1479    -0.0068    97.2757 1.0000e-12  -64.57388  -65.34824 329.876065      99.97 4.8656e+02   1415.021      33962  1030.0079  1030.0065    34.6794    34.6777    7.73319         24 0.0000e+00
    478.000    472.782     1.4541  30.264449     1.4541  30.263197     4.1343     4.1437    -0.0069    97.2709 1.0000e-12  -64.57388  -65.34824 329.876077      99.98 4.8656e+02   1416.068      33987  1030.0032  1030.0019    34.6792    34.6777    7.73332         27 0.0000e+00
    477.000    471.795     1.4535  30.263345     1.4536  30.262216     4.1421     4.1412    -0.0033    97.2692 1.0000e-12  -64.57388  -65.34824 329.876092      99.98 4.8656e+02   1417.323      34017  1029.9984  1029.9971    34.6791    34.6775    7.73345         34 0.0000e+00
    476.000    470.807     1.4541  30.263674     1.4543  30.262418     4.1353     4.1410    -0.0078    97.2823 1.0000e-12  -64.57388  -65.34824 329.876113      99.98 4.8552e+02   1419.184      34061  1029.9939  1029.9924    34.6793    34.6775    7.73330         50 0.0000e+00
    475.000    469.819     1.4537  30.262666     1.4539  30.261706     4.1412     4.1453    -0.0072    97.2770 1.0000e-12  -64.57388  -65.34824 329.876141      99.98 4.8479e+02   1421.598      34119  1029.9891  1029.9878    34.6791    34.6777    7.73340         40 0.0000e+00
    474.000    468.831     1.4536  30.262063     1.4537  30.260823     4.1435     4.1472    -0.0109    97.2933 1.0000e-12  -64.57388  -65.34824 329.876158      99.98 4.8479e+02   1423.065      34155  1029.9843  1029.9829    34.6790    34.6773    7.73342         26 0.0000e+00
    473.000    467.843     1.4529  30.260673     1.4530  30.259507     4.1567     4.1490    -0.0026    97.2942 1.0000e-12  -64.57388  -65.34824 329.876169      99.97 4.8479e+02   1424.035      34178  1029.9793  1029.9780    34.6786    34.6770    7.73358         22 0.0000e+00
    472.000    466.855     1.4527  30.259819     1.4530  30.258717     4.1507     4.1485    -0.0219    97.2799 1.0000e-12  -64.57388  -65.34824 329.876180      99.97 4.8479e+02   1424.936      34199  1029.9744  1029.9730    34.6783    34.6765    7.73364         23 0.0000e+00
    471.000    465.867     1.4529  30.259512     1.4531  30.258604     4.1500     4.1481     0.0011    97.2870 1.0000e-12  -64.57388  -65.34824 329.876206      99.97 4.8479e+02   1427.165      34253  1029.9697  1029.9686    34.6783    34.6769    7.73361         40 0.0000e+00
    470.000    464.879     1.4529  30.259029     1.4531  30.257931     4.1469     4.1456    -0.0139    97.2919 1.0000e-12  -64.57388  -65.34824 329.876244      99.97 4.8479e+02   1430.476      34332  1029.9650  1029.9637    34.6782    34.6767    7.73361         31 0.0000e+00
    469.000    463.890     1.4527  30.258406     1.4529  30.257393     4.1528     4.1457    -0.0129    97.2918 1.0000e-12  -64.57388  -65.34824 329.876257      99.98 4.8479e+02   1431.583      34359  1029.9603  1029.9591    34.6782    34.6767    7.73364         28 0.0000e+00
    468.000    462.902     1.4528  30.257880     1.4529  30.256739     4.1538     4.1486    -0.0072    97.2918 1.0000e-12  -64.57388  -65.34823 329.876273      99.97 4.8479e+02   1432.948      34392  1029.9555  1029.9542    34.6780    34.6764    7.73364         38 0.0000e+00
    467.000    461.913     1.4527  30.257340     1.4529  30.256377     4.1458     4.1482    -0.0077    97.2918 1.0000e-12  -64.57388  -65.34822 329.876302      99.97 4.8479e+02   1435.472      34452  1029.9508  1029.9496    34.6780    34.6765    7.73366         36 0.0000e+00
    466.000    460.926     1.4525  30.256652     1.4529  30.255866     4.1492     4.1543    -0.0089    97.2897 1.0000e-12  -64.57388  -65.34822 329.876332      99.98 4.8479e+02   1438.079      34515  1029.9460  1029.9449    34.6779    34.6765    7.73370         38 0.0000e+00
    465.000    459.939     1.4519  30.255597     1.4523  30.254625     4.1537     4.1544    -0.0037    97.2910 1.0000e-12  -64.57388  -65.34822 329.876348      99.98 4.8479e+02   1439.428      34547  1029.9413  1029.9400    34.6778    34.6762    7.73382         31 0.0000e+00
    464.000    458.950     1.4508  30.253853     1.4508  30.252459     4.1556     4.1557    -0.0072    97.3049 1.0000e-12  -64.57390  -65.34822 329.876364      99.98 4.8479e+02   1440.877      34582  1029.9364  1029.9350    34.6773    34.6756    7.73406         35 0.0000e+00
    463.000    457.962     1.4517  30.254392     1.4514  30.252763     4.1528     4.1528    -0.0098    97.2862 1.0000e-12  -64.57390  -65.34822 329.876408      99.97 4.8479e+02   1444.643      34672  1029.9319  1029.9305    34.6777    34.6759    7.73387         33 0.0000e+00
    462.000    456.976     1.4508  30.252843     1.4508  30.251636     4.1566     4.1553    -0.0110    97.2996 1.0000e-12  -64.57390  -65.34822 329.876426      99.98 4.8479e+02   1446.234      34711  1029.9270  1029.9257    34.6772    34.6757    7.73407         31 0.0000e+00
    461.000    455.987     1.4505  30.252145     1.4503  30.250662     4.1401     4.1526    -0.0009    97.2940 1.0000e-12  -64.57390  -65.34822 329.876446      99.98 4.8479e+02   1447.954      34752  1029.9223  1029.9210    34.6772    34.6756    7.73412         30 0.0000e+00
    460.000    455.001     1.4502  30.251280     1.4503  30.250228     4.1549     4.1509    -0.0109    97.2912 1.0000e-12  -64.57390  -65.34820 329.876487      99.98 4.8479e+02   1451.508      34837  1029.9176  1029.9163    34.6771    34.6756    7.73421         38 0.0000e+00
    459.000    454.010     1.4500  30.250710     1.4505  30.249975     4.1542     4.1520    -0.0102    97.3025 1.0000e-12  -64.57390  -65.34820 329.876533      99.98 4.8479e+02   1455.439      34932  1029.9129  1029.9117    34.6771    34.6757    7.73424         26 0.0000e+00
    458.000    453.022     1.4499  30.250066     1.4502  30.249075     4.1591     4.1522    -0.0066    97.2998 1.0000e-12  -64.57390  -65.34820 329.876566      99.98 4.8479e+02   1458.280      35000  1029.9082  1029.9068    34.6770    34.6754    7.73427         35 0.0000e+00
    457.000    452.035     1.4484  30.248094     1.4486  30.246926     4.1525     4.1548    -0.0077    97.3126 1.0000e-12  -64.57390  -65.34820 329.876584      99.98 4.8479e+02   1459.838      35037  1029.9033  1029.9020    34.6767    34.6750    7.73457         34 0.0000e+00
    456.000    451.046     1.4488  30.248042     1.4488  30.246823     4.1562     4.1523    -0.0063    97.3044 1.0000e-12  -64.57390  -65.34820 329.876648      99.97 4.8336e+02   1465.355      35170  1029.8987  1029.8974    34.6768    34.6752    7.73449         34 0.0000e+00
    455.000    450.057     1.4468  30.245163     1.4474  30.244628     4.1580     4.1547    -0.0063    97.3167 1.0000e-12  -64.57392  -65.34813 329.877095      99.97 4.7447e+02   1503.973      36096  1029.8934  1029.8922    34.6759    34.6745    7.73493         27 0.0000e+00
    454.000    449.070     1.4464  30.244265     1.4470  30.243655     4.1605     4.1535    -0.0059    97.3033 1.0000e-12  -64.57392  -65.34812 329.877189      99.98 4.7249e+02   1512.155      36293  1029.8887  1029.8875    34.6757    34.6744    7.73501         32 0.0000e+00
    453.000    448.081     1.4465  30.243855     1.4466  30.242843     4.1525     4.1549    -0.0114    97.2844 1.0000e-12  -64.57392  -65.34812 329.877215      99.97 4.7245e+02   1514.353      36345  1029.8839  1029.8828    34.6757    34.6743    7.73500         37 0.0000e+00
    452.000    447.095     1.4464  30.243279     1.4466  30.242286     4.1607     4.1615    -0.0081    97.3018 1.0000e-12  -64.57392  -65.34812 329.877246      99.98 4.7245e+02   1517.015      36409  1029.8792  1029.8780    34.6757    34.6741    7.73503         34 0.0000e+00
    451.000    446.106     1.4459  30.242369     1.4462  30.241381     4.1576     4.1575    -0.0124    97.2968 1.0000e-12  -64.57392  -65.34812 329.877260      99.98 4.7245e+02   1518.260      36439  1029.8746  1029.8733    34.6756    34.6740    7.73512         26 0.0000e+00
    450.000    445.119     1.4458  30.241680     1.4461  30.240681     4.1560     4.1563    -0.0076    97.3087 1.0000e-12  -64.57392  -65.34812 329.877273      99.97 4.7245e+02   1519.412      36467  1029.8697  1029.8685    34.6754    34.6739    7.73515         30 0.0000e+00
    449.000    444.130     1.4459  30.241363     1.4461  30.240377     4.1634     4.1567    -0.0121    97.3100 1.0000e-12  -64.57392  -65.34811 329.877295      99.97 4.7331e+02   1521.300      36512  1029.8651  1029.8639    34.6755    34.6740    7.73513         41 0.0000e+00
    448.000    443.141     1.4458  30.240744     1.4460  30.239669     4.1609     4.1590    -0.0067    97.2981 1.0000e-12  -64.57392  -65.34810 329.877317      99.97 4.7389e+02   1523.195      36558  1029.8604  1029.8591    34.6754    34.6738    7.73516         30 0.0000e+00
    447.000    442.154     1.4456  30.239956     1.4459  30.238996     4.1573     4.1597    -0.0062    97.3112 1.0000e-12  -64.57392  -65.34810 329.877330      99.98 4.7326e+02   1524.273      36584  1029.8556  1029.8543    34.6752    34.6736    7.73521         24 0.0000e+00
    446.000    441.166     1.4467  30.240335     1.4471  30.239507     4.1614     4.1562    -0.0123    97.3143 1.0000e-12  -64.57392  -65.34810 329.877340      99.98 4.7270e+02   1525.218      36606  1029.8506  1029.8494    34.6750    34.6735    7.73500         23 0.0000e+00
    445.000    440.177     1.4471  30.240146     1.4473  30.239062     4.1615     4.1586    -0.0101    97.3175 1.0000e-12  -64.57394  -65.34810 329.877353      99.98 4.7246e+02   1526.269      36631  1029.8458  1029.8445    34.6749    34.6733    7.73493         28 0.0000e+00
    444.000    439.189     1.4465  30.239303     1.4469  30.238388     4.1578     4.1558    -0.0007    97.3176 1.0000e-12  -64.57394  -65.34810 329.877369      99.97 4.7245e+02   1527.668      36665  1029.8413  1029.8400    34.6750    34.6735    7.73503         38 0.0000e+00
    443.000    438.202     1.4467  30.238847     1.4468  30.237786     4.1640     4.1600    -0.0027    97.3176 1.0000e-12  -64.57394  -65.34810 329.877387      99.97 4.7245e+02   1529.267      36703  1029.8364  1029.8352    34.6748    34.6733    7.73501         38 0.0000e+00
    442.000    437.213     1.4468  30.238343     1.4470  30.237333     4.1635     4.1659    -0.0017    97.3176 1.0000e-12  -64.57394  -65.34809 329.877405      99.98 4.7245e+02   1530.768      36739  1029.8316  1029.8303    34.6747    34.6731    7.73500         33 0.0000e+00
    441.000    436.225     1.4467  30.237831     1.4469  30.236781     4.1698     4.1633    -0.0054    97.3176 1.0000e-12  -64.57394  -65.34808 329.877420      99.97 4.7245e+02   1532.109      36772  1029.8269  1029.8257    34.6746    34.6732    7.73501         32 0.0000e+00
    440.000    435.237     1.4464  30.236959     1.4462  30.235513     4.1655     4.1594    -0.0147    97.3176 1.0000e-12  -64.57394  -65.34808 329.877436      99.98 4.7245e+02   1533.467      36804  1029.8221  1029.8209    34.6745    34.6728    7.73509         34 0.0000e+00
    439.000    434.248     1.4456  30.235581     1.4455  30.234167     4.1611     4.1592    -0.0145    97.3176 1.0000e-12  -64.57394  -65.34808 329.877452      99.98 4.7245e+02   1534.877      36838  1029.8173  1029.8160    34.6742    34.6725    7.73526         32 0.0000e+00
    438.000    433.262     1.4448  30.234082     1.4447  30.232751     4.1594     4.1606    -0.0107    97.3176 1.0000e-12  -64.57394  -65.34808 329.877467      99.97 4.7245e+02   1536.137      36868  1029.8124  1029.8111    34.6737    34.6721    7.73544         29 0.0000e+00
    437.000    432.272     1.4443  30.233179     1.4438  30.231388     4.1623     4.1622    -0.0070    97.3176 1.0000e-12  -64.57394  -65.34808 329.877481      99.97 4.7245e+02   1537.323      36897  1029.8077  1029.8064    34.6737    34.6719    7.73554         29 0.0000e+00
    436.000    431.285     1.4432  30.231471     1.4433  30.230469     4.1705     4.1649    -0.0077    97.3176 1.0000e-12  -64.57394  -65.34808 329.877495      99.98 4.7239e+02   1538.543      36926  1029.8028  1029.8016    34.6733    34.6719    7.73577         29 0.0000e+00
    435.000    430.295     1.4429  30.230599     1.4430  30.229581     4.1755     4.1658    -0.0077    97.3176 1.0000e-12  -64.57394  -65.34807 329.877508      99.98 4.7178e+02   1539.664      36953  1029.7980  1029.7968    34.6731    34.6716    7.73585         24 0.0000e+00
    434.000    429.309     1.4425  30.229663     1.4424  30.228286     4.1661     4.1625    -0.0077    97.3176 1.0000e-12  -64.57395  -65.34806 329.877519      99.98 4.7116e+02   1540.621      36976  1029.7932  1029.7920    34.6729    34.6713    7.73594         22 0.0000e+00
    433.000    428.319     1.4418  30.228469     1.4416  30.227029     4.1637     4.1629    -0.0077    97.3236 1.0000e-12  -64.57396  -65.34806 329.877530      99.97 4.7069e+02   1541.561      36998  1029.7885  1029.7872    34.6727    34.6712    7.73608         24 0.0000e+00
    432.000    427.332     1.4418  30.228132     1.4416  30.226617     4.1702     4.1596    -0.0073    97.3403 1.0000e-12  -64.57396  -65.34806 329.877544      99.98 4.7069e+02   1542.800      37028  1029.7838  1029.7825    34.6728    34.6712    7.73607         35 0.0000e+00
