NBP2113_155081_ctd/data/unbp2113_010.cnv
* Sea-Bird SBE 9 Data File:
* FileName = D:\Data\raw\NBP2113_010.hex
* Software Version Seasave V 7.26.7.121
* Temperature SN = 2438
* Conductivity SN = 2067
* Number of Bytes Per Scan = 40
* Number of Voltage Words = 5
* Number of Scans Averaged by the Deck Unit = 1
* NMEA Latitude = 64 34.40 S
* NMEA Longitude = 065 21.00 W
* NMEA UTC (Time) = Nov 25 2021  20:37:57
* NMEA baud rate = 9600
** Ship: RVIB N.B. Palmer
** Cruise: NBP2113 LTER
** Station: 600.100
** Operator: S. Blackman
# nquan = 25
# nvalues = 604                         
# units = specified
# name 0 = prDM: Pressure, Digiquartz [db]
# name 1 = depSM: Depth [salt water, m]
# name 2 = t090C: Temperature [ITS-90, deg C]
# name 3 = c0mS/cm: Conductivity [mS/cm]
# name 4 = t190C: Temperature, 2 [ITS-90, deg C]
# name 5 = c1mS/cm: Conductivity, 2 [mS/cm]
# name 6 = sbeox0ML/L: Oxygen, SBE 43 [ml/l]
# name 7 = sbeox1ML/L: Oxygen, SBE 43, 2 [ml/l]
# name 8 = flECO-AFL: Fluorescence, WET Labs ECO-AFL/FL [mg/m^3]
# name 9 = CStarTr0: Beam Transmission, WET Labs C-Star [%]
# name 10 = par: PAR/Irradiance, Biospherical/Licor
# name 11 = latitude: Latitude [deg]
# name 12 = longitude: Longitude [deg]
# name 13 = timeJ: Julian Days
# name 14 = altM: Altimeter [m]
# name 15 = spar: SPAR, Biospherical/Licor
# name 16 = timeS: Time, Elapsed [seconds]
# name 17 = scan: Scan Count
# name 18 = density00: Density [density, kg/m^3]
# name 19 = density11: Density, 2 [density, kg/m^3]
# name 20 = sal00: Salinity, Practical [PSU]
# name 21 = sal11: Salinity, Practical, 2 [PSU]
# name 22 = oxsolML/L: Oxygen Saturation, Garcia & Gordon [ml/l]
# name 23 = nbin: number of scans per bin
# name 24 = flag: flag
# span 0 =      1.000,    604.000       
# span 1 =      0.989,    597.227       
# span 2 =    -0.4243,     1.5126       
# span 3 =  27.985864,  30.387877       
# span 4 =    -0.4185,     1.5129       
# span 5 =  27.983122,  30.386901       
# span 6 =     4.0627,     8.2561       
# span 7 =     4.0752,     8.1262       
# span 8 =    -0.0219,     1.4226       
# span 9 =    89.8711,    97.3403       
# span 10 = 1.0000e-12, 4.1970e+02      
# span 11 =  -64.57444,  -64.57382      
# span 12 =  -65.34838,  -65.34640      
# span 13 = 329.874187, 329.888368      
# span 14 =       9.02,     102.37      
# span 15 = 3.4373e+02, 4.9890e+02      
# span 16 =   1252.744,   2478.027      
# span 17 =      30067,      59474      
# span 18 =  1027.3103,  1030.6031      
# span 19 =  1027.3077,  1030.6018      
# span 20 =    33.9875,    34.7004      
# span 21 =    33.9842,    34.6988      
# span 22 =    7.72072,    8.14870      
# span 23 =         14,         50      
# span 24 = 0.0000e+00, 0.0000e+00      
# interval = decibars: 1                
# start_time = Nov 25 2021 20:37:57 [NMEA time, header]
# bad_flag = -9.990e-29
*END*
[from data line 232]
    372.000    368.034     1.3891  30.144179     1.3892  30.143147     4.2719     4.2635    -0.0097    97.1086 1.0000e-12  -64.57402  -65.34785 329.878378      99.98 4.6364e+02   1614.831      38757  1029.4957  1029.4945    34.6585    34.6571    7.74719         33 0.0000e+00
    371.000    367.044     1.3891  30.143550     1.3891  30.142497     4.2763     4.2628    -0.0076    97.1106 1.0000e-12  -64.57402  -65.34784 329.878400      99.97 4.6244e+02   1616.718      38802  1029.4909  1029.4898    34.6584    34.6570    7.74722         23 0.0000e+00
    370.000    366.058     1.3884  30.142408     1.3884  30.141339     4.2703     4.2616    -0.0077    97.1116 1.0000e-12  -64.57402  -65.34784 329.878408      99.97 4.6186e+02   1617.467      38820  1029.4861  1029.4850    34.6583    34.6569    7.74736         17 0.0000e+00
    369.000    365.071     1.3864  30.139762     1.3864  30.138697     4.2717     4.2594    -0.0102    97.1116 1.0000e-12  -64.57402  -65.34784 329.878415      99.97 4.6187e+02   1618.087      38835  1029.4811  1029.4800    34.6577    34.6562    7.74779         14 0.0000e+00
    368.000    364.077     1.3846  30.137183     1.3851  30.136523     4.2685     4.2597    -0.0148    97.1098 1.0000e-12  -64.57402  -65.34784 329.878422      99.98 4.6187e+02   1618.669      38849  1029.4761  1029.4749    34.6569    34.6555    7.74818         14 0.0000e+00
    367.000    363.091     1.3849  30.136865     1.3855  30.136079     4.2673     4.2605    -0.0074    97.1115 1.0000e-12  -64.57402  -65.34784 329.878429      99.97 4.6187e+02   1619.274      38864  1029.4712  1029.4699    34.6567    34.6551    7.74813         15 0.0000e+00
    366.000    362.101     1.3863  30.137598     1.3865  30.136617     4.2608     4.2609    -0.0013    97.1265 1.0000e-12  -64.57404  -65.34784 329.878437      99.97 4.6187e+02   1619.997      38881  1029.4663  1029.4651    34.6568    34.6553    7.74786         20 0.0000e+00
    365.000    361.114     1.3862  30.137368     1.3863  30.136212     4.2716     4.2612    -0.0130    97.1376 1.0000e-12  -64.57404  -65.34782 329.878460      99.97 4.6111e+02   1621.896      38927  1029.4619  1029.4607    34.6571    34.6556    7.74785         31 0.0000e+00
    364.000    360.127     1.3861  30.137260     1.3856  30.135434     4.2653     4.2598    -0.0145    97.1222 1.0000e-12  -64.57404  -65.34780 329.878500      99.97 4.5835e+02   1625.366      39010  1029.4576  1029.4563    34.6576    34.6559    7.74784         23 0.0000e+00
    363.000    359.138     1.3859  30.136405     1.3854  30.134663     4.2623     4.2574    -0.0150    97.1190 1.0000e-12  -64.57404  -65.34780 329.878507      99.98 4.5835e+02   1626.025      39026  1029.4527  1029.4515    34.6574    34.6557    7.74790         17 0.0000e+00
    362.000    358.147     1.3869  30.136526     1.3872  30.135636     4.2589     4.2562    -0.0150    97.1373 1.0000e-12  -64.57404  -65.34780 329.878515      99.98 4.5835e+02   1626.647      39041  1029.4477  1029.4464    34.6570    34.6555    7.74772         14 0.0000e+00
    361.000    357.162     1.3884  30.137303     1.3887  30.136315     4.2541     4.2502    -0.0079    97.1607 1.0000e-12  -64.57404  -65.34780 329.878521      99.97 4.5835e+02   1627.215      39054  1029.4427  1029.4414    34.6569    34.6553    7.74742         14 0.0000e+00
    360.000    356.171     1.3892  30.137225     1.3893  30.136217     4.2507     4.2491    -0.0077    97.1738 1.0000e-12  -64.57404  -65.34780 329.878528      99.98 4.5835e+02   1627.797      39068  1029.4376  1029.4365    34.6565    34.6551    7.74729         14 0.0000e+00
    359.000    355.182     1.3889  30.136187     1.3891  30.135450     4.2519     4.2513    -0.0070    97.1955 1.0000e-12  -64.57404  -65.34780 329.878536      99.97 4.5835e+02   1628.489      39085  1029.4327  1029.4317    34.6561    34.6550    7.74738         20 0.0000e+00
    358.000    354.195     1.3886  30.135744     1.3889  30.134917     4.2590     4.2518    -0.0121    97.1936 1.0000e-12  -64.57405  -65.34779 329.878550      99.97 4.5819e+02   1629.704      39114  1029.4282  1029.4271    34.6564    34.6550    7.74742         32 0.0000e+00
    357.000    353.207     1.3871  30.134423     1.3880  30.133885     4.2673     4.2541    -0.0074    97.1888 1.0000e-12  -64.57406  -65.34778 329.878588      99.98 4.5657e+02   1633.003      39193  1029.4241  1029.4227    34.6569    34.6553    7.74767         30 0.0000e+00
    356.000    352.218     1.3879  30.134330     1.3885  30.133739     4.2702     4.2539    -0.0077    97.1864 1.0000e-12  -64.57406  -65.34778 329.878602      99.98 4.5659e+02   1634.192      39222  1029.4190  1029.4178    34.6565    34.6551    7.74755         22 0.0000e+00
    355.000    351.230     1.3880  30.133635     1.3881  30.132525     4.2679     4.2582    -0.0077    97.1631 1.0000e-12  -64.57406  -65.34778 329.878611      99.97 4.5659e+02   1634.978      39240  1029.4140  1029.4127    34.6561    34.6546    7.74754         18 0.0000e+00
    354.000    350.239     1.3865  30.131383     1.3867  30.130377     4.2648     4.2578    -0.0077    97.2120 1.0000e-12  -64.57406  -65.34778 329.878619      99.97 4.5659e+02   1635.673      39257  1029.4090  1029.4077    34.6555    34.6540    7.74788         16 0.0000e+00
    353.000    349.252     1.3851  30.129330     1.3853  30.128375     4.2692     4.2566    -0.0077    97.1933 1.0000e-12  -64.57406  -65.34778 329.878627      99.98 4.5659e+02   1636.387      39274  1029.4041  1029.4029    34.6550    34.6536    7.74819         18 0.0000e+00
    352.000    348.263     1.3846  30.128476     1.3841  30.126659     4.2725     4.2579    -0.0074    97.2067 1.0000e-12  -64.57406  -65.34776 329.878637      99.98 4.5587e+02   1637.247      39295  1029.3994  1029.3980    34.6550    34.6532    7.74827         24 0.0000e+00
    351.000    347.274     1.3853  30.128849     1.3847  30.126862     4.2745     4.2584     0.0045    97.2146 1.0000e-12  -64.57406  -65.34775 329.878652      99.97 4.5482e+02   1638.545      39326  1029.3948  1029.3934    34.6553    34.6535    7.74812         35 0.0000e+00
    350.000    346.287     1.3846  30.127476     1.3847  30.126451     4.2694     4.2590    -0.0154    97.2146 1.0000e-12  -64.57406  -65.34774 329.878672      99.97 4.5482e+02   1640.241      39367  1029.3899  1029.3888    34.6549    34.6535    7.74828         39 0.0000e+00
    349.000    345.298     1.3846  30.127058     1.3843  30.125494     4.2672     4.2538    -0.0085    97.2217 1.0000e-12  -64.57406  -65.34774 329.878689      99.98 4.5482e+02   1641.739      39403  1029.3853  1029.3840    34.6550    34.6533    7.74828         33 0.0000e+00
    348.000    344.310     1.3842  30.126194     1.3834  30.124021     4.2773     4.2598    -0.0077    97.2221 1.0000e-12  -64.57406  -65.34774 329.878704      99.98 4.5476e+02   1643.070      39435  1029.3805  1029.3791    34.6548    34.6530    7.74836         31 0.0000e+00
    347.000    343.320     1.3807  30.121537     1.3801  30.119735     4.2786     4.2646    -0.0077    97.2304 1.0000e-12  -64.57406  -65.34774 329.878719      99.97 4.5334e+02   1644.300      39464  1029.3750  1029.3738    34.6534    34.6517    7.74914         28 0.0000e+00
    346.000    342.332     1.3777  30.117982     1.3778  30.116919     4.2736     4.2663    -0.0086    97.2279 1.0000e-12  -64.57406  -65.34772 329.878731      99.98 4.5306e+02   1645.383      39490  1029.3701  1029.3688    34.6527    34.6512    7.74975         25 0.0000e+00
    345.000    341.343     1.3772  30.116846     1.3771  30.115627     4.2681     4.2656    -0.0149    97.2291 1.0000e-12  -64.57406  -65.34772 329.878743      99.97 4.5306e+02   1646.364      39514  1029.3652  1029.3640    34.6524    34.6510    7.74988         23 0.0000e+00
    344.000    340.355     1.3761  30.115176     1.3761  30.114070     4.2647     4.2598    -0.0141    97.2314 1.0000e-12  -64.57406  -65.34772 329.878754      99.98 4.5306e+02   1647.329      39537  1029.3603  1029.3591    34.6521    34.6506    7.75011         23 0.0000e+00
    343.000    339.366     1.3753  30.113856     1.3755  30.112986     4.2719     4.2614    -0.0007    97.2511 1.0000e-12  -64.57406  -65.34772 329.878766      99.98 4.5306e+02   1648.349      39561  1029.3555  1029.3544    34.6519    34.6505    7.75029         26 0.0000e+00
    342.000    338.377     1.3752  30.113417     1.3762  30.113183     4.2792     4.2641    -0.0118    97.2365 1.0000e-12  -64.57406  -65.34770 329.878780      99.97 4.5223e+02   1649.602      39591  1029.3508  1029.3497    34.6519    34.6506    7.75029         36 0.0000e+00
    341.000    337.389     1.3761  30.113802     1.3763  30.112965     4.2781     4.2615    -0.0020    97.2309 1.0000e-12  -64.57406  -65.34770 329.878800      99.97 4.4945e+02   1651.312      39632  1029.3461  1029.3451    34.6520    34.6508    7.75011         39 0.0000e+00
    340.000    336.400     1.3748  30.111999     1.3756  30.111625     4.2725     4.2689    -0.0148    97.2529 1.0000e-12  -64.57406  -65.34770 329.878817      99.97 4.4953e+02   1652.772      39668  1029.3414  1029.3401    34.6518    34.6503    7.75038         27 0.0000e+00
    339.000    335.413     1.3746  30.111249     1.3750  30.110495     4.2689     4.2697    -0.0073    97.2424 1.0000e-12  -64.57406  -65.34770 329.878829      99.98 4.4935e+02   1653.827      39693  1029.3365  1029.3354    34.6516    34.6502    7.75043         24 0.0000e+00
    338.000    334.423     1.3722  30.108154     1.3714  30.106096     4.2823     4.2656    -0.0148    97.2654 1.0000e-12  -64.57406  -65.34770 329.878840      99.97 4.4782e+02   1654.783      39716  1029.3314  1029.3301    34.6508    34.6491    7.75094         21 0.0000e+00
    337.000    333.435     1.3679  30.103119     1.3680  30.101917     4.2730     4.2649    -0.0086    97.2661 1.0000e-12  -64.57406  -65.34770 329.878852      99.98 4.4777e+02   1655.780      39740  1029.3264  1029.3250    34.6498    34.6482    7.75185         24 0.0000e+00
    336.000    332.446     1.3664  30.100930     1.3668  30.100195     4.2830     4.2624    -0.0077    97.2661 1.0000e-12  -64.57406  -65.34770 329.878863      99.97 4.4777e+02   1656.772      39764  1029.3214  1029.3202    34.6493    34.6479    7.75218         23 0.0000e+00
    335.000    331.459     1.3662  30.100185     1.3664  30.099261     4.2862     4.2642    -0.0117    97.2661 1.0000e-12  -64.57406  -65.34770 329.878873      99.98 4.4777e+02   1657.650      39785  1029.3165  1029.3153    34.6490    34.6476    7.75222         20 0.0000e+00
    334.000    330.468     1.3658  30.099224     1.3660  30.098332     4.2780     4.2631    -0.0138    97.2646 1.0000e-12  -64.57406  -65.34770 329.878883      99.97 4.4777e+02   1658.445      39804  1029.3117  1029.3106    34.6489    34.6475    7.75231         19 0.0000e+00
    333.000    329.480     1.3649  30.097797     1.3649  30.096682     4.2826     4.2632    -0.0078    97.2649 1.0000e-12  -64.57406  -65.34768 329.878892      99.98 4.4777e+02   1659.274      39824  1029.3068  1029.3057    34.6486    34.6472    7.75250         21 0.0000e+00
    332.000    328.491     1.3656  30.098109     1.3656  30.097169     4.2815     4.2643    -0.0060    97.2661 1.0000e-12  -64.57406  -65.34767 329.878914      99.98 4.4646e+02   1661.143      39868  1029.3023  1029.3012    34.6489    34.6476    7.75236         34 0.0000e+00
    331.000    327.504     1.3667  30.098991     1.3666  30.097741     4.2936     4.2748    -0.0035    97.2595 1.0000e-12  -64.57406  -65.34766 329.878950      99.97 4.4427e+02   1664.300      39944  1029.2978  1029.2966    34.6493    34.6479    7.75212         25 0.0000e+00
    330.000    326.515     1.3647  30.096319     1.3649  30.095372     4.3043     4.2815    -0.0058    97.2593 1.0000e-12  -64.57406  -65.34766 329.878959      99.98 4.4425e+02   1665.049      39962  1029.2927  1029.2915    34.6487    34.6472    7.75254         19 0.0000e+00
    329.000    325.527     1.3608  30.091811     1.3619  30.091660     4.3066     4.2861     0.0011    97.2473 1.0000e-12  -64.57406  -65.34766 329.878967      99.98 4.4425e+02   1665.741      39979  1029.2877  1029.2865    34.6478    34.6465    7.75335         16 0.0000e+00
    328.000    324.535     1.3567  30.087255     1.3571  30.086397     4.2988     4.2825    -0.0092    97.2389 1.0000e-12  -64.57406  -65.34766 329.878975      99.98 4.4425e+02   1666.417      39995  1029.2829  1029.2817    34.6471    34.6456    7.75420         16 0.0000e+00
    327.000    323.549     1.3556  30.085550     1.3560  30.084691     4.2960     4.2774    -0.0142    97.2349 1.0000e-12  -64.57406  -65.34766 329.878983      99.98 4.4425e+02   1667.156      40013  1029.2780  1029.2767    34.6467    34.6452    7.75443         19 0.0000e+00
    326.000    322.559     1.3558  30.085161     1.3555  30.083846     4.3033     4.2802    -0.0075    97.2212 1.0000e-12  -64.57406  -65.34766 329.878994      99.98 4.4403e+02   1668.047      40034  1029.2731  1029.2721    34.6466    34.6452    7.75441         24 0.0000e+00
    325.000    321.572     1.3580  30.087063     1.3584  30.086322     4.3071     4.2843    -0.0134    97.1879 1.0000e-12  -64.57406  -65.34766 329.879008      99.98 4.4248e+02   1669.248      40063  1029.2686  1029.2675    34.6472    34.6458    7.75395         31 0.0000e+00
    324.000    320.583     1.3564  30.085064     1.3574  30.084746     4.3046     4.2884    -0.0114    97.1754 1.0000e-12  -64.57406  -65.34765 329.879024      99.98 4.4248e+02   1670.707      40098  1029.2639  1029.2626    34.6470    34.6455    7.75426         36 0.0000e+00
    323.000    319.593     1.3560  30.084210     1.3567  30.083745     4.3008     4.2842    -0.0093    97.2124 1.0000e-12  -64.57406  -65.34764 329.879043      99.97 4.4115e+02   1672.337      40137  1029.2591  1029.2580    34.6469    34.6456    7.75435         42 0.0000e+00
    322.000    318.605     1.3560  30.083593     1.3576  30.084270     4.3105     4.2918    -0.0077    97.2235 1.0000e-12  -64.57406  -65.34764 329.879064      99.97 4.4015e+02   1674.112      40180  1029.2543  1029.2534    34.6467    34.6458    7.75437         41 0.0000e+00
    321.000    317.617     1.3514  30.077960     1.3536  30.078922     4.3292     4.3016    -0.0142    97.2311 1.0000e-12  -64.57406  -65.34764 329.879081      99.98 4.3893e+02   1675.601      40215  1029.2488  1029.2476    34.6451    34.6440    7.75535         30 0.0000e+00
    320.000    316.628     1.3435  30.069004     1.3423  30.066619     4.3211     4.3080    -0.0078    97.2297 1.0000e-12  -64.57406  -65.34764 329.879095      99.97 4.3842e+02   1676.820      40245  1029.2432  1029.2420    34.6430    34.6413    7.75702         29 0.0000e+00
    319.000    315.639     1.3391  30.063972     1.3390  30.062645     4.3239     4.3137    -0.0074    97.2234 1.0000e-12  -64.57406  -65.34764 329.879109      99.97 4.3718e+02   1678.047      40274  1029.2382  1029.2369    34.6421    34.6405    7.75795         29 0.0000e+00
    318.000    314.650     1.3364  30.060716     1.3364  30.059517     4.3217     4.3100    -0.0040    97.2201 1.0000e-12  -64.57407  -65.34764 329.879125      99.98 4.3719e+02   1679.402      40307  1029.2332  1029.2319    34.6415    34.6399    7.75851         38 0.0000e+00
    317.000    313.662     1.3412  30.065656     1.3407  30.063798     4.3154     4.3040    -0.0100    97.2122 1.0000e-12  -64.57408  -65.34763 329.879154      99.98 4.3626e+02   1681.883      40366  1029.2291  1029.2277    34.6430    34.6412    7.75747         26 0.0000e+00
    316.000    312.671     1.3427  30.066640     1.3417  30.064118     4.3289     4.3090    -0.0116    97.2164 1.0000e-12  -64.57408  -65.34761 329.879192      99.98 4.3627e+02   1685.213      40446  1029.2244  1029.2228    34.6433    34.6412    7.75717         38 0.0000e+00
