NBP2113_155081_ctd/data/unbp2113_039.cnv
* Sea-Bird SBE 9 Data File:
* FileName = D:\Data\raw\NBP2113_039.hex
* Software Version Seasave V 7.26.7.121
* Temperature SN = 2438
* Conductivity SN = 2067
* Number of Bytes Per Scan = 40
* Number of Voltage Words = 5
* Number of Scans Averaged by the Deck Unit = 1
* NMEA Latitude = 64 52.75 S
* NMEA Longitude = 063 56.20 W
* NMEA UTC (Time) = Dec 10 2021  11:48:20
* NMEA baud rate = 9600
** Ship: RVIB N.B. Palmer
** Cruise: NBP2113 LTER
** Station: 619.027
** Operator: B. Urmston
# nquan = 25
# nvalues = 269                         
# units = specified
# name 0 = prDM: Pressure, Digiquartz [db]
# name 1 = depSM: Depth [salt water, m]
# name 2 = t090C: Temperature [ITS-90, deg C]
# name 3 = c0mS/cm: Conductivity [mS/cm]
# name 4 = t190C: Temperature, 2 [ITS-90, deg C]
# name 5 = c1mS/cm: Conductivity, 2 [mS/cm]
# name 6 = sbeox0ML/L: Oxygen, SBE 43 [ml/l]
# name 7 = sbeox1ML/L: Oxygen, SBE 43, 2 [ml/l]
# name 8 = flECO-AFL: Fluorescence, WET Labs ECO-AFL/FL [mg/m^3]
# name 9 = CStarTr0: Beam Transmission, WET Labs C-Star [%]
# name 10 = par: PAR/Irradiance, Biospherical/Licor
# name 11 = latitude: Latitude [deg]
# name 12 = longitude: Longitude [deg]
# name 13 = timeJ: Julian Days
# name 14 = altM: Altimeter [m]
# name 15 = spar: SPAR, Biospherical/Licor
# name 16 = timeS: Time, Elapsed [seconds]
# name 17 = scan: Scan Count
# name 18 = density00: Density [density, kg/m^3]
# name 19 = density11: Density, 2 [density, kg/m^3]
# name 20 = sal00: Salinity, Practical [PSU]
# name 21 = sal11: Salinity, Practical, 2 [PSU]
# name 22 = oxsolML/L: Oxygen Saturation, Garcia & Gordon [ml/l]
# name 23 = nbin: number of scans per bin
# name 24 = flag: flag
# span 0 =      1.000,    269.000       
# span 1 =      0.990,    266.193       
# span 2 =    -0.3402,     1.2157       
# span 3 =  27.883384,  29.915508       
# span 4 =    -0.3405,     1.2167       
# span 5 =  27.881627,  29.916626       
# span 6 =     4.4085,     9.6375       
# span 7 =     4.4780,     9.8454       
# span 8 =    -0.0077,     1.5275       
# span 9 =    89.3093,    94.9695       
# span 10 = 1.0000e-12, 3.9893e+02      
# span 11 =  -64.87890,  -64.87844      
# span 12 =  -63.93684,  -63.93680      
# span 13 = 344.501485, 344.510098      
# span 14 =       9.02,      99.98      
# span 15 = 2.9088e+02, 3.2966e+02      
# span 16 =    828.309,   1572.441      
# span 17 =      19880,      37740      
# span 18 =  1027.1954,  1028.9941      
# span 19 =  1027.1938,  1028.9931      
# span 20 =    33.8455,    34.6194      
# span 21 =    33.8435,    34.6180      
# span 22 =    7.78359,    8.14757      
# span 23 =         16,         47      
# span 24 = 0.0000e+00, 0.0000e+00      
# interval = decibars: 1                
# start_time = Dec 10 2021 11:48:20 [NMEA time, header]
# bad_flag = -9.990e-29
*END*
[from data line 174]
     95.000     94.048    -0.0688  28.408745    -0.0529  28.425720     6.8263     6.7673     0.1608    94.3550 1.0530e-01  -64.87874  -63.93680 344.506924      99.97 3.2084e+02   1298.219      31158  1027.9084  1027.9112    34.1854    34.1902    8.07048         31 0.0000e+00
     94.000     93.058    -0.0899  28.376775    -0.0888  28.376773     6.8618     6.8088     0.1579    94.2892 1.1234e-01  -64.87874  -63.93682 344.506938      99.97 3.2084e+02   1299.439      31188  1027.8901  1027.8892    34.1672    34.1660    8.07597         28 0.0000e+00
     93.000     92.070    -0.0886  28.374867    -0.0910  28.369764     6.8845     6.8371     0.1741    94.2103 1.1961e-01  -64.87873  -63.93682 344.506951      99.97 3.2084e+02   1300.553      31214  1027.8819  1027.8791    34.1638    34.1597    8.07589         25 0.0000e+00
     92.000     91.077    -0.0933  28.365315    -0.0931  28.364556     6.8956     6.8374     0.2038    94.1565 1.2784e-01  -64.87874  -63.93681 344.506963      99.97 3.2084e+02   1301.574      31239  1027.8717  1027.8707    34.1570    34.1557    8.07727         23 0.0000e+00
     91.000     90.089    -0.0935  28.363236    -0.0943  28.360856     6.8421     6.8146     0.2173    94.1227 1.3712e-01  -64.87874  -63.93680 344.506975      99.97 3.2084e+02   1302.614      31264  1027.8650  1027.8634    34.1551    34.1528    8.07742         26 0.0000e+00
     90.000     89.099    -0.0932  28.363009    -0.0880  28.367534     6.7386     6.8060     0.2410    94.0555 1.4827e-01  -64.87874  -63.93680 344.506989      99.97 3.2084e+02   1303.857      31294  1027.8598  1027.8597    34.1550    34.1553    8.07735         34 0.0000e+00
     89.000     88.109    -0.0751  28.386778    -0.0826  28.378160     6.7741     6.8351     0.2614    94.0594 1.6063e-01  -64.87873  -63.93680 344.507008      99.97 3.2084e+02   1305.500      31333  1027.8629  1027.8612    34.1670    34.1639    8.07286         41 0.0000e+00
     88.000     87.120    -0.0929  28.363978    -0.0907  28.364872     6.8447     6.8770     0.2423    94.0622 1.7252e-01  -64.87872  -63.93680 344.507027      99.97 3.2084e+02   1307.118      31372  1027.8515  1027.8503    34.1572    34.1559    8.07718         33 0.0000e+00
     87.000     86.129    -0.1005  28.353345    -0.1003  28.352151     6.8615     6.9074     0.2506    94.0621 1.8441e-01  -64.87872  -63.93680 344.507041      99.97 3.2084e+02   1308.360      31402  1027.8430  1027.8417    34.1522    34.1504    8.07906         28 0.0000e+00
     86.000     85.141    -0.1058  28.347597    -0.1064  28.345616     6.9066     6.9413     0.2414    94.0907 1.9576e-01  -64.87872  -63.93680 344.507054      99.97 3.2084e+02   1309.462      31428  1027.8376  1027.8362    34.1511    34.1492    8.08025         25 0.0000e+00
     85.000     84.150    -0.1118  28.339558    -0.1123  28.337746     6.9661     6.9938     0.2290    94.0958 2.0673e-01  -64.87872  -63.93680 344.507066      99.97 3.2084e+02   1310.504      31453  1027.8305  1027.8290    34.1477    34.1459    8.08171         25 0.0000e+00
     84.000     83.158    -0.1137  28.336002    -0.1149  28.333277     7.0481     7.0580     0.2066    94.0902 2.1773e-01  -64.87872  -63.93682 344.507078      99.97 3.2084e+02   1311.499      31477  1027.8241  1027.8223    34.1458    34.1434    8.08223         21 0.0000e+00
     83.000     82.173    -0.1205  28.327016    -0.1225  28.323163     7.1567     7.1103     0.1991    94.0799 2.2947e-01  -64.87872  -63.93680 344.507089      99.97 3.2084e+02   1312.448      31500  1027.8167  1027.8146    34.1420    34.1392    8.08387         23 0.0000e+00
     82.000     81.180    -0.1248  28.318774    -0.1255  28.315750     7.2064     7.1286     0.2250    94.1105 2.4244e-01  -64.87872  -63.93682 344.507099      99.97 3.2084e+02   1313.394      31522  1027.8077  1027.8051    34.1365    34.1332    8.08510         22 0.0000e+00
     81.000     80.192    -0.1217  28.315202    -0.1222  28.313308     7.1783     7.1006     0.2590    94.0855 2.5766e-01  -64.87872  -63.93680 344.507111      99.97 3.2084e+02   1314.377      31546  1027.7963  1027.7948    34.1288    34.1269    8.08487         26 0.0000e+00
     80.000     79.201    -0.1162  28.316415    -0.1173  28.315305     7.1050     7.0865     0.2383    94.0645 2.7567e-01  -64.87872  -63.93680 344.507124      99.97 3.2084e+02   1315.547      31574  1027.7879  1027.7878    34.1249    34.1247    8.08394         32 0.0000e+00
     79.000     78.212    -0.1166  28.322009    -0.1182  28.321130     7.0789     7.1044     0.2533    93.9817 2.9936e-01  -64.87872  -63.93680 344.507144      99.97 3.2020e+02   1317.244      31615  1027.7898  1027.7905    34.1334    34.1341    8.08353         37 0.0000e+00
     78.000     77.222    -0.1156  28.319400    -0.1172  28.318183     7.2082     7.1959     0.2492    94.0538 3.2426e-01  -64.87872  -63.93680 344.507166      99.97 3.2020e+02   1319.144      31660  1027.7817  1027.7819    34.1294    34.1295    8.08355         36 0.0000e+00
     77.000     76.232    -0.1030  28.321811    -0.1103  28.318600     7.2869     7.2608     0.2593    93.9667 3.4729e-01  -64.87872  -63.93680 344.507180      99.97 3.2084e+02   1320.339      31689  1027.7676  1027.7713    34.1192    34.1230    8.08147         25 0.0000e+00
     76.000     75.240    -0.0878  28.329295    -0.0869  28.328293     7.2998     7.2784     0.2582    93.9410 3.6871e-01  -64.87872  -63.93682 344.507191      99.97 3.2084e+02   1321.336      31713  1027.7564  1027.7545    34.1127    34.1103    8.07861         23 0.0000e+00
     75.000     74.253    -0.0831  28.331883    -0.0848  28.329649     7.2830     7.2962     0.2714    93.9073 3.8755e-01  -64.87872  -63.93682 344.507202      99.97 3.2084e+02   1322.296      31736  1027.7504  1027.7496    34.1115    34.1104    8.07769         23 0.0000e+00
     74.000     73.262    -0.0792  28.334021    -0.0798  28.332301     7.2797     7.3059     0.3271    93.8302 4.0501e-01  -64.87872  -63.93682 344.507213      99.97 3.2084e+02   1323.237      31759  1027.7447  1027.7433    34.1106    34.1090    8.07692         22 0.0000e+00
     73.000     72.272    -0.0764  28.335498    -0.0760  28.334200     7.2770     7.3059     0.2732    93.7892 4.2237e-01  -64.87872  -63.93682 344.507224      99.97 3.2084e+02   1324.141      31780  1027.7392  1027.7375    34.1100    34.1079    8.07635         21 0.0000e+00
     72.000     71.283    -0.0738  28.336724    -0.0738  28.335335     7.2573     7.3049     0.2850    93.7735 4.4173e-01  -64.87872  -63.93682 344.507234      99.97 3.2084e+02   1325.021      31802  1027.7339  1027.7323    34.1094    34.1075    8.07585         22 0.0000e+00
     71.000     70.291    -0.0720  28.337450    -0.0723  28.335843     7.2481     7.2988     0.2805    93.7330 4.6596e-01  -64.87871  -63.93681 344.507245      99.97 3.2084e+02   1325.956      31824  1027.7286  1027.7271    34.1089    34.1071    8.07549         24 0.0000e+00
     70.000     69.301    -0.0727  28.336552    -0.0760  28.333559     7.2598     7.2944     0.3140    93.7382 4.9893e-01  -64.87870  -63.93680 344.507259      99.97 3.2084e+02   1327.143      31852  1027.7242  1027.7241    34.1091    34.1088    8.07563         32 0.0000e+00
     69.000     68.314    -0.0758  28.334162    -0.0776  28.331709     7.2294     7.3023     0.2914    93.7520 5.5330e-01  -64.87870  -63.93680 344.507292      99.97 3.2084e+02   1330.022      31922  1027.7206  1027.7196    34.1101    34.1087    8.07624         34 0.0000e+00
     68.000     67.321    -0.0755  28.333631    -0.0761  28.331778     7.2670     7.3229     0.3484    93.7578 6.0017e-01  -64.87870  -63.93680 344.507316      99.97 3.2084e+02   1332.079      31971  1027.7154  1027.7140    34.1096    34.1078    8.07619         28 0.0000e+00
     67.000     66.334    -0.0729  28.334839    -0.0742  28.332613     7.3593     7.3561     0.2905    93.7538 6.3866e-01  -64.87870  -63.93682 344.507328      99.97 3.2084e+02   1333.180      31997  1027.7099  1027.7087    34.1089    34.1073    8.07569         25 0.0000e+00
     66.000     65.343    -0.0602  28.341011    -0.0613  28.339083     7.3998     7.3904     0.2926    93.6774 6.7371e-01  -64.87870  -63.93682 344.507341      99.97 3.2084e+02   1334.235      32023  1027.6998  1027.6988    34.1035    34.1022    8.07330         27 0.0000e+00
     65.000     64.353    -0.0472  28.347375    -0.0502  28.344492     7.4173     7.4225     0.3268    93.5728 7.0206e-01  -64.87870  -63.93682 344.507355      99.97 3.2084e+02   1335.474      32052  1027.6898  1027.6895    34.0981    34.0975    8.07088         30 0.0000e+00
     64.000     63.365    -0.0399  28.350562    -0.0391  28.349591     7.3960     7.4372     0.3971    93.4968 7.2765e-01  -64.87870  -63.93682 344.507371      99.97 3.2084e+02   1336.866      32086  1027.6818  1027.6800    34.0947    34.0925    8.06952         30 0.0000e+00
     63.000     62.372    -0.0291  28.357010    -0.0225  28.360028     7.3771     7.4149     0.3996    93.3710 7.6670e-01  -64.87870  -63.93680 344.507389      99.97 3.2084e+02   1338.425      32123  1027.6741  1027.6708    34.0919    34.0885    8.06741         33 0.0000e+00
     62.000     61.380    -0.0615  28.338472    -0.0613  28.337084     7.3443     7.4062     0.4085    93.4534 8.7002e-01  -64.87870  -63.93681 344.507441      99.97 3.2108e+02   1342.860      32230  1027.6820  1027.6802    34.1041    34.1020    8.07356         34 0.0000e+00
     61.000     60.393    -0.0455  28.346056    -0.0362  28.350431     7.4286     7.4623     0.3414    93.4846 9.4246e-01  -64.87870  -63.93682 344.507464      99.97 3.2226e+02   1344.915      32279  1027.6702  1027.6657    34.0969    34.0923    8.07059         32 0.0000e+00
     60.000     59.404    -0.0214  28.359176    -0.0218  28.357116     7.4970     7.4908     0.3530    93.3547 1.0005e+00  -64.87870  -63.93682 344.507480      62.63 3.2143e+02   1346.247      32311  1027.6563  1027.6546    34.0879    34.0857    8.06600         30 0.0000e+00
     59.000     58.413    -0.0141  28.360315    -0.0144  28.358203     7.4917     7.5096     0.4587    93.1835 1.0369e+00  -64.87870  -63.93682 344.507497      97.88 3.2087e+02   1347.768      32347  1027.6463  1027.6444    34.0820    34.0795    8.06481         35 0.0000e+00
     58.000     57.424    -0.0146  28.356908    -0.0158  28.356035     7.4461     7.5041     0.4806    93.1351 1.0758e+00  -64.87870  -63.93681 344.507525      99.97 3.2084e+02   1350.147      32405  1027.6391  1027.6394    34.0786    34.0788    8.06510         35 0.0000e+00
     57.000     56.434    -0.0179  28.355981    -0.0182  28.354122     7.4567     7.5184     0.4613    93.2346 1.2053e+00  -64.87868  -63.93682 344.507586      99.97 3.2252e+02   1355.392      32530  1027.6373  1027.6356    34.0816    34.0794    8.06562         40 0.0000e+00
     56.000     55.445    -0.0173  28.352177    -0.0180  28.350219     7.4409     7.5202     0.4632    93.1976 1.2812e+00  -64.87868  -63.93682 344.507610      99.97 3.2245e+02   1357.466      32580  1027.6285  1027.6270    34.0765    34.0747    8.06578         40 0.0000e+00
     55.000     54.456    -0.0197  28.348512    -0.0181  28.350250     7.5024     7.5459     0.5390    93.1236 1.3421e+00  -64.87868  -63.93680 344.507640      99.97 3.2092e+02   1360.118      32644  1027.6227  1027.6229    34.0750    34.0754    8.06639         37 0.0000e+00
     54.000     53.464    -0.0283  28.336380    -0.0363  28.324765     7.5037     7.5852     0.6106    93.0638 1.4281e+00  -64.87868  -63.93680 344.507678      99.97 3.2279e+02   1363.348      32721  1027.6139  1027.6092    34.0690    34.0626    8.06852         42 0.0000e+00
     53.000     52.474    -0.0358  28.325865    -0.0375  28.322609     7.5379     7.5868     0.5826    93.0822 1.5352e+00  -64.87868  -63.93680 344.507715      99.97 3.2261e+02   1366.612      32800  1027.6055  1027.6036    34.0641    34.0616    8.07039         43 0.0000e+00
     52.000     51.483    -0.0414  28.317455    -0.0405  28.317428     7.5182     7.5881     0.5632    93.1312 1.6532e+00  -64.87868  -63.93680 344.507747      99.97 3.2261e+02   1369.347      32865  1027.5976  1027.5967    34.0598    34.0588    8.07181         32 0.0000e+00
     51.000     50.494    -0.0415  28.316710    -0.0383  28.320100     7.5435     7.6056     0.5317    93.1300 1.7373e+00  -64.87866  -63.93680 344.507789      99.97 3.2261e+02   1372.959      32952  1027.5926  1027.5930    34.0595    34.0604    8.07186         43 0.0000e+00
     50.000     49.503    -0.0468  28.309135    -0.0468  28.308002     7.5376     7.6069     0.4921    93.0832 1.8631e+00  -64.87866  -63.93681 344.507914      99.97 3.2261e+02   1383.769      33211  1027.5851  1027.5840    34.0559    34.0545    8.07316         39 0.0000e+00
     49.000     48.513    -0.0551  28.299026    -0.0545  28.298685     7.5653     7.6171     0.6035    93.0561 2.0226e+00  -64.87864  -63.93680 344.508183      99.97 3.2261e+02   1407.003      33769  1027.5780  1027.5770    34.0524    34.0513    8.07512         25 0.0000e+00
     48.000     47.524    -0.0563  28.297474    -0.0562  28.296252     7.5297     7.6167     0.5792    93.0178 2.2238e+00  -64.87864  -63.93681 344.508240      99.97 3.2261e+02   1411.950      33888  1027.5732  1027.5717    34.0523    34.0506    8.07539         47 0.0000e+00
     47.000     46.534    -0.0573  28.296184    -0.0600  28.291839     7.5468     7.6191     0.6188    93.0489 2.3230e+00  -64.87864  -63.93682 344.508264      99.97 3.2261e+02   1414.001      33937  1027.5684  1027.5664    34.0523    34.0495    8.07560         32 0.0000e+00
     46.000     45.544    -0.0598  28.293167    -0.0617  28.289598     7.5505     7.6223     0.5362    93.0750 2.4191e+00  -64.87864  -63.93684 344.508280      99.97 3.2261e+02   1415.360      33970  1027.5633  1027.5614    34.0517    34.0491    8.07615         30 0.0000e+00
     45.000     44.555    -0.0626  28.289683    -0.0644  28.286537     7.5657     7.6219     0.4959    93.0529 2.5288e+00  -64.87864  -63.93683 344.508295      99.97 3.2261e+02   1416.646      34001  1027.5580  1027.5564    34.0508    34.0486    8.07680         34 0.0000e+00
     44.000     43.563    -0.0620  28.289481    -0.0702  28.279334     7.5601     7.6202     0.5633    93.0258 2.6633e+00  -64.87864  -63.93682 344.508313      99.97 3.2261e+02   1418.264      34039  1027.5529  1027.5500    34.0504    34.0461    8.07669         38 0.0000e+00
     43.000     42.574    -0.0605  28.290856    -0.0724  28.276150     7.5717     7.6278     0.6381    93.0643 2.8765e+00  -64.87864  -63.93681 344.508336      99.97 3.2111e+02   1420.197      34086  1027.5486  1027.5444    34.0512    34.0450    8.07633         47 0.0000e+00
     42.000     41.583    -0.0741  28.274029    -0.0863  28.260201     7.5599     7.6374     0.6514    93.0539 3.1781e+00  -64.87862  -63.93680 344.508369      99.97 3.2160e+02   1423.066      34155  1027.5396  1027.5364    34.0446    34.0398    8.07957         25 0.0000e+00
     41.000     40.595    -0.0914  28.253508    -0.1001  28.241851     7.6145     7.6611     0.5882    93.0190 3.3874e+00  -64.87862  -63.93682 344.508401      99.97 3.2266e+02   1425.822      34221  1027.5299  1027.5258    34.0373    34.0315    8.08366         38 0.0000e+00
     40.000     39.604    -0.0964  28.247677    -0.1031  28.238301     7.6029     7.6662     0.5468    93.0373 3.6094e+00  -64.87862  -63.93683 344.508415      99.97 3.2261e+02   1427.030      34250  1027.5243  1027.5206    34.0358    34.0308    8.08481         26 0.0000e+00
     39.000     38.615    -0.1042  28.236612    -0.1097  28.228697     7.5754     7.6638     0.5520    92.9859 3.8590e+00  -64.87862  -63.93684 344.508428      99.97 3.2261e+02   1428.182      34277  1027.5155  1027.5123    34.0303    34.0259    8.08675         30 0.0000e+00
