NBP2113_155081_ctd/data/unbp2113_057.cnv
* Sea-Bird SBE 9 Data File:
* FileName = D:\Data\raw\NBP2113_057.hex
* Software Version Seasave V 7.26.7.121
* Temperature SN = 2438
* Conductivity SN = 2067
* Number of Bytes Per Scan = 40
* Number of Voltage Words = 5
* Number of Scans Averaged by the Deck Unit = 1
* NMEA Latitude = 64 55.49 S
* NMEA Longitude = 064 36.97 W
* NMEA UTC (Time) = Dec 12 2021  00:03:38
* NMEA baud rate = 9600
** Ship: RVIB N.B. Palmer
** Cruise: NBP2113 LTER
** Station: 594.048
** Operator: S. Blackman
# nquan = 25
# nvalues = 1065                        
# units = specified
# name 0 = prDM: Pressure, Digiquartz [db]
# name 1 = depSM: Depth [salt water, m]
# name 2 = t090C: Temperature [ITS-90, deg C]
# name 3 = c0mS/cm: Conductivity [mS/cm]
# name 4 = t190C: Temperature, 2 [ITS-90, deg C]
# name 5 = c1mS/cm: Conductivity, 2 [mS/cm]
# name 6 = sbeox0ML/L: Oxygen, SBE 43 [ml/l]
# name 7 = sbeox1ML/L: Oxygen, SBE 43, 2 [ml/l]
# name 8 = flECO-AFL: Fluorescence, WET Labs ECO-AFL/FL [mg/m^3]
# name 9 = CStarTr0: Beam Transmission, WET Labs C-Star [%]
# name 10 = par: PAR/Irradiance, Biospherical/Licor
# name 11 = latitude: Latitude [deg]
# name 12 = longitude: Longitude [deg]
# name 13 = timeJ: Julian Days
# name 14 = altM: Altimeter [m]
# name 15 = spar: SPAR, Biospherical/Licor
# name 16 = timeS: Time, Elapsed [seconds]
# name 17 = scan: Scan Count
# name 18 = density00: Density [density, kg/m^3]
# name 19 = density11: Density, 2 [density, kg/m^3]
# name 20 = sal00: Salinity, Practical [PSU]
# name 21 = sal11: Salinity, Practical, 2 [PSU]
# name 22 = oxsolML/L: Oxygen Saturation, Garcia & Gordon [ml/l]
# name 23 = nbin: number of scans per bin
# name 24 = flag: flag
# span 0 =      1.000,   1065.000       
# span 1 =      0.994,   1051.869       
# span 2 =    -0.5691,     1.4777       
# span 3 =  27.538261,  30.540679       
# span 4 =    -0.5689,     1.4775       
# span 5 =  27.533561,  30.539512       
# span 6 =     4.0429,    10.2282       
# span 7 =     4.1021,     9.3255       
# span 8 =    -0.0220,     1.9702       
# span 9 =    82.1283,    90.7930       
# span 10 = 1.0000e-12, 1.9416e+01      
# span 11 =  -64.92494,  -64.92480      
# span 12 =  -64.61658,  -64.61486      
# span 13 = 346.022892, 346.049533      
# span 14 =       1.12,     101.33      
# span 15 = 1.2340e+01, 5.1124e+01      
# span 16 =   1759.822,   4061.627      
# span 17 =      42237,      97480      
# span 18 =  1027.0309,  1032.7266      
# span 19 =  1027.0298,  1032.7255      
# span 20 =    33.6281,    34.6771      
# span 21 =    33.6264,    34.6755      
# span 22 =    7.72881,    8.20890      
# span 23 =         10,         48      
# span 24 = 0.0000e+00, 0.0000e+00      
# interval = decibars: 1                
# start_time = Dec 12 2021 00:03:38 [NMEA time, header]
# bad_flag = -9.990e-29
*END*
[from data line 1044]
     21.000     20.792    -0.0141  28.208650    -0.0081  28.214205     7.9025     7.9408     1.6303    85.7908 1.2236e+00  -64.92492  -64.61493 346.048484      99.96 1.9392e+01   3971.041      95306  1027.3231  1027.3230    33.9039    33.9045    8.07488         38 0.0000e+00
     20.000     19.803    -0.0181  28.204711    -0.0582  28.161781     7.8711     7.9510     1.8808    85.6485 1.3294e+00  -64.92492  -64.61494 346.048514      99.96 1.9392e+01   3973.617      95368  1027.3178  1027.3109    33.9037    33.8912    8.07573         44 0.0000e+00
     19.000     18.813    -0.0807  28.135329    -0.1484  28.060642     7.8843     7.9496     1.9702    85.4837 1.4243e+00  -64.92492  -64.61496 346.048549      99.97 1.7445e+01   3976.653      95441  1027.3004  1027.2855    33.8817    33.8577    8.09025         31 0.0000e+00
     18.000     17.819    -0.0642  28.155445    -0.1498  28.053308     7.8842     7.9615     1.8277    85.3464 1.5709e+00  -64.92492  -64.61497 346.048595      99.96 1.7629e+01   3980.587      95535  1027.3003  1027.2732    33.8908    33.8500    8.08622         33 0.0000e+00
     17.000     16.833    -0.2114  27.987402    -0.2062  27.988308     7.9012     7.9618     1.7050    85.0024 1.7380e+00  -64.92492  -64.61498 346.048619      99.97 1.7629e+01   3982.643      95584  1027.2582  1027.2531    33.8313    33.8268    8.12088         38 0.0000e+00
     16.000     15.846    -0.3014  27.883813    -0.2786  27.902408     7.9205     7.9817     1.7211    84.5794 1.8739e+00  -64.92492  -64.61499 346.048653      99.97 1.7629e+01   3985.654      95657  1027.2285  1027.2252    33.7937    33.7932    8.14222         29 0.0000e+00
     15.000     14.851    -0.2860  27.904489    -0.2877  27.908589     7.9471     8.0013     1.7626    84.6417 2.1520e+00  -64.92492  -64.61514 346.049025      90.70 1.7463e+01   4017.731      96427  1027.2276  1027.2337    33.8047    33.8121    8.13832         33 0.0000e+00
     14.000     13.862    -0.3533  27.816357    -0.3407  27.829050     7.9370     7.9619     1.6284    83.8867 2.4315e+00  -64.92492  -64.61522 346.049263      99.72 1.7625e+01   4038.343      96921  1027.1921  1027.1945    33.7625    33.7654    8.15515         33 0.0000e+00
     13.000     12.874    -0.3230  27.849788    -0.3343  27.846344     7.9389     8.0360     1.7722    83.6191 2.6587e+00  -64.92492  -64.61522 346.049291      99.97 1.7629e+01   4040.714      96978  1027.1945  1027.2022    33.7742    33.7819    8.14798         39 0.0000e+00
     12.000     11.880    -0.3543  27.813148    -0.4899  27.656455     7.9374     8.0371     1.9106    83.8602 2.8849e+00  -64.92492  -64.61522 346.049322      99.96 1.7629e+01   4043.380      97042  1027.1809  1027.1421    33.7605    33.7012    8.15548         39 0.0000e+00
     11.000     10.893    -0.3729  27.792665    -0.4081  27.752332     7.9885     8.0653     1.9215    83.4454 3.4616e+00  -64.92492  -64.61523 346.049351      64.75 1.7629e+01   4045.941      97104  1027.1724  1027.1611    33.7543    33.7395    8.15982         34 0.0000e+00
     10.000      9.902    -0.4583  27.691185    -0.5072  27.629293     8.0497     8.0800     1.7582    83.0790 4.0041e+00  -64.92492  -64.61524 346.049365     101.33 1.7629e+01   4047.113      97132  1027.1402  1027.1202    33.7140    33.6852    8.18053         24 0.0000e+00
      9.000      8.911    -0.5691  27.542321    -0.5671  27.545121     8.0414     8.0814     1.6693    82.6866 4.5120e+00  -64.92492  -64.61526 346.049375      99.96 1.7629e+01   4048.020      97153  1027.0818  1027.0817    33.6378    33.6394    8.20890         23 0.0000e+00
      8.000      7.923    -0.5553  27.555708    -0.5624  27.545136     8.0414     8.0884     1.7349    82.3733 5.2185e+00  -64.92492  -64.61526 346.049389      99.97 1.7629e+01   4049.242      97183  1027.0775  1027.0721    33.6410    33.6348    8.20571         35 0.0000e+00
      7.000      6.931    -0.5634  27.539449    -0.5653  27.536136     7.9817     8.0926     1.7223    82.4184 5.2960e+00  -64.92492  -64.61526 346.049432      99.96 1.7805e+01   4052.917      97271  1027.0615  1027.0592    33.6288    33.6264    8.20818         37 0.0000e+00
      6.000      5.943    -0.5657  27.538261    -0.5689  27.533561     7.9151     8.0932     1.7143    82.2814 6.0771e+00  -64.92492  -64.61526 346.049458      99.97 1.9403e+01   4055.153      97325  1027.0574  1027.0549    33.6304    33.6277    8.20860         30 0.0000e+00
      5.000      4.952    -0.5571  27.545645    -0.5616  27.538856     9.1859     8.0874     1.6366    82.2845 7.4540e+00  -64.92492  -64.61528 346.049471      56.76 1.9392e+01   4056.301      97352  1027.0523  1027.0490    33.6313    33.6272    8.20666         22 0.0000e+00
      4.000      3.960    -0.5504  27.548331    -0.5519  27.545755     9.6406     8.0834     1.6011    82.2469 8.4323e+00  -64.92492  -64.61528 346.049480       3.03 1.9392e+01   4057.104      97371  1027.0444  1027.0427    33.6281    33.6264    8.20540         19 0.0000e+00
      3.000      2.972    -0.5508  27.548088    -0.5521  27.545844    10.2282     9.3255     1.6832    82.2458 9.6020e+00  -64.92492  -64.61530 346.049508       1.22 1.9392e+01   4059.460      97428  1027.0399  1027.0384    33.6289    33.6273    8.20545         25 0.0000e+00
      2.000      1.977    -0.5505  27.548367    -0.5514  27.546519     8.9090     8.8184     1.6625    82.2089 1.0604e+01  -64.92492  -64.61530 346.049528       1.12 1.9392e+01   4061.202      97470  1027.0354  1027.0339    33.6296    33.6280    8.20535         13 0.0000e+00
      1.000      0.994    -0.5500  27.548750    -0.5503  27.547671     8.2680     8.6875     1.5991    82.1283 1.9416e+01  -64.92492  -64.61530 346.049533       1.41 1.9392e+01   4061.627      97480  1027.0309  1027.0298    33.6301    33.6289    8.20520         12 0.0000e+00
