NBP2113_155081_ctd/data/unbp2113_051.cnv
* Sea-Bird SBE 9 Data File:
* FileName = D:\Data\raw\NBP2113_051.hex
* Software Version Seasave V 7.26.7.121
* Temperature SN = 2438
* Conductivity SN = 2067
* Number of Bytes Per Scan = 40
* Number of Voltage Words = 5
* Number of Scans Averaged by the Deck Unit = 1
* NMEA Latitude = 64 55.61 S
* NMEA Longitude = 064 41.14 W
* NMEA UTC (Time) = Dec 11 2021  14:40:45
* NMEA baud rate = 9600
** Ship: RVIB N.B. Palmer
** Cruise: NBP2113 LTER
** Station: 592.051
** Operator: B. Urmston
# nquan = 25
# nvalues = 869                         
# units = specified
# name 0 = prDM: Pressure, Digiquartz [db]
# name 1 = depSM: Depth [salt water, m]
# name 2 = t090C: Temperature [ITS-90, deg C]
# name 3 = c0mS/cm: Conductivity [mS/cm]
# name 4 = t190C: Temperature, 2 [ITS-90, deg C]
# name 5 = c1mS/cm: Conductivity, 2 [mS/cm]
# name 6 = sbeox0ML/L: Oxygen, SBE 43 [ml/l]
# name 7 = sbeox1ML/L: Oxygen, SBE 43, 2 [ml/l]
# name 8 = flECO-AFL: Fluorescence, WET Labs ECO-AFL/FL [mg/m^3]
# name 9 = CStarTr0: Beam Transmission, WET Labs C-Star [%]
# name 10 = par: PAR/Irradiance, Biospherical/Licor
# name 11 = latitude: Latitude [deg]
# name 12 = longitude: Longitude [deg]
# name 13 = timeJ: Julian Days
# name 14 = altM: Altimeter [m]
# name 15 = spar: SPAR, Biospherical/Licor
# name 16 = timeS: Time, Elapsed [seconds]
# name 17 = scan: Scan Count
# name 18 = density00: Density [density, kg/m^3]
# name 19 = density11: Density, 2 [density, kg/m^3]
# name 20 = sal00: Salinity, Practical [PSU]
# name 21 = sal11: Salinity, Practical, 2 [PSU]
# name 22 = oxsolML/L: Oxygen Saturation, Garcia & Gordon [ml/l]
# name 23 = nbin: number of scans per bin
# name 24 = flag: flag
# span 0 =      1.000,    869.000       
# span 1 =      0.990,    858.680       
# span 2 =    -0.6893,     1.4634       
# span 3 =  27.425727,  30.442815       
# span 4 =    -0.6978,     1.4631       
# span 5 =  27.427995,  30.441413       
# span 6 =     4.0661,     8.1854       
# span 7 =     4.1311,     8.1084       
# span 8 =    -0.0215,     1.6394       
# span 9 =    82.3996,    91.7265       
# span 10 = 1.0000e-12, 1.2459e+03      
# span 11 =  -64.92700,  -64.92670      
# span 12 =  -64.68548,  -64.68490      
# span 13 = 345.632257, 345.651757      
# span 14 =       6.91,     100.33      
# span 15 = 8.5898e+02, 1.0812e+03      
# span 16 =   1781.965,   3466.802      
# span 17 =      42768,      83204      
# span 18 =  1027.0249,  1031.8207      
# span 19 =  1027.0230,  1031.8194      
# span 20 =    33.6165,    34.6765      
# span 21 =    33.6141,    34.6749      
# span 22 =    7.73164,    8.23575      
# span 23 =         11,         45      
# span 24 = 0.0000e+00, 0.0000e+00      
# interval = decibars: 1                
# start_time = Dec 11 2021 14:40:45 [NMEA time, header]
# bad_flag = -9.990e-29
*END*
[from data line 754]
    115.000    113.841     0.5167  29.103859     0.4856  29.072562     5.3996     5.4174     0.0210    91.1670 2.2652e-01  -64.92674  -64.68500 345.647635      99.97 1.0322e+03   3110.703      74658  1028.1682  1028.1657    34.4350    34.4288    7.93469         37 0.0000e+00
    114.000    112.853     0.4811  29.070067     0.4845  29.068279     5.4495     5.4294     0.0460    91.1563 2.3298e-01  -64.92674  -64.68500 345.647655      99.97 1.0299e+03   3112.386      74698  1028.1634  1028.1579    34.4311    34.4250    7.94222         30 0.0000e+00
    113.000    111.861     0.4560  29.039907     0.4650  29.048059     5.4136     5.4046     0.0248    91.1536 2.4632e-01  -64.92674  -64.68500 345.647671      99.97 1.0324e+03   3113.757      74731  1028.1518  1028.1513    34.4203    34.4209    7.94798         34 0.0000e+00
    112.000    110.872     0.4700  29.053862     0.4836  29.068072     5.4159     5.4441     0.0313    91.1348 2.6495e-01  -64.92675  -64.68500 345.647695      99.97 1.0363e+03   3115.847      74781  1028.1480  1028.1494    34.4235    34.4269    7.94492         40 0.0000e+00
    111.000    109.883     0.4308  29.013715     0.4228  29.003521     5.4733     5.4865     0.0335    91.1460 2.8114e-01  -64.92676  -64.68500 345.647717      99.97 1.0354e+03   3117.748      74827  1028.1397  1028.1369    34.4153    34.4108    7.95344         35 0.0000e+00
    110.000    108.893     0.4280  29.008719     0.4180  28.995806     5.4796     5.5140     0.0308    91.1532 2.9610e-01  -64.92676  -64.68500 345.647732      99.97 1.0348e+03   3119.077      74859  1028.1325  1028.1288    34.4124    34.4067    7.95417         30 0.0000e+00
    109.000    107.903     0.4013  28.978742     0.3986  28.974384     5.4631     5.4920     0.0282    91.1096 3.1158e-01  -64.92676  -64.68500 345.647750      99.97 1.0339e+03   3120.572      74895  1028.1225  1028.1205    34.4036    34.4009    7.96016         37 0.0000e+00
    108.000    106.915     0.4193  28.995294     0.4197  28.997512     5.7113     5.6686     0.0308    91.0668 3.2169e-01  -64.92676  -64.68500 345.647780      99.97 1.0376e+03   3123.165      74957  1028.1177  1028.1195    34.4058    34.4082    7.95633         35 0.0000e+00
    107.000    105.923     0.3745  28.953529     0.3607  28.935389     5.8215     5.7488     0.0350    91.0237 3.3399e-01  -64.92676  -64.68500 345.647795      99.97 1.0383e+03   3124.443      74988  1028.1133  1028.1078    34.4016    34.3933    7.96580         23 0.0000e+00
    106.000    104.936     0.3315  28.905479     0.3305  28.903730     5.8032     5.7555     0.0275    91.0077 3.5055e-01  -64.92676  -64.68502 345.647804      99.97 1.0383e+03   3125.309      75008  1028.1004  1028.0995    34.3873    34.3861    7.97550         20 0.0000e+00
    105.000    103.944     0.3238  28.895199     0.3165  28.887622     5.8048     5.7530     0.0349    90.9495 3.6934e-01  -64.92676  -64.68502 345.647816      99.97 1.0383e+03   3126.265      75031  1028.0924  1028.0915    34.3830    34.3811    7.97733         27 0.0000e+00
    104.000    102.954     0.3311  28.902855     0.3299  28.900533     5.7587     5.7644     0.0378    90.9191 3.9104e-01  -64.92676  -64.68501 345.647840      99.97 1.0383e+03   3128.358      75082  1028.0884  1028.0871    34.3855    34.3838    7.97568         27 0.0000e+00
    103.000    101.966     0.3354  28.906654     0.3182  28.888373     5.7010     5.7755     0.0327    90.9296 4.1395e-01  -64.92676  -64.68500 345.647874      99.97 1.0391e+03   3131.278      75152  1028.0832  1028.0807    34.3862    34.3814    7.97474         42 0.0000e+00
    102.000    100.976     0.3323  28.903996     0.3243  28.894607     5.7516     5.7883     0.0420    90.9445 4.4400e-01  -64.92676  -64.68501 345.647898      99.97 1.0401e+03   3133.355      75202  1028.0789  1028.0767    34.3868    34.3834    7.97535         41 0.0000e+00
    101.000     99.985     0.3123  28.883347     0.3107  28.881613     5.9079     5.8755     0.0429    90.9184 4.6939e-01  -64.92676  -64.68502 345.647918      99.97 1.0420e+03   3135.099      75243  1028.0724  1028.0719    34.3826    34.3821    7.97973         32 0.0000e+00
    100.000     98.997     0.2365  28.809106     0.2339  28.804235     5.9475     5.9207     0.0322    90.9099 4.8874e-01  -64.92676  -64.68502 345.647931      99.97 1.0419e+03   3136.229      75270  1028.0639  1028.0612    34.3703    34.3668    7.99614         24 0.0000e+00
     99.000     98.006     0.2081  28.777317     0.2037  28.771799     5.9282     5.9270     0.0254    90.9048 5.0621e-01  -64.92676  -64.68502 345.647942      99.97 1.0419e+03   3137.169      75293  1028.0535  1028.0518    34.3608    34.3584    8.00258         23 0.0000e+00
     98.000     97.017     0.1916  28.758126     0.1849  28.751589     5.9088     5.9312     0.0386    90.8981 5.2283e-01  -64.92676  -64.68502 345.647953      99.97 1.0428e+03   3138.174      75317  1028.0446  1028.0442    34.3545    34.3535    8.00636         26 0.0000e+00
     97.000     96.026     0.2165  28.781658     0.1956  28.759019     5.8975     5.9184     0.0458    90.8846 5.3456e-01  -64.92676  -64.68502 345.647974      99.97 1.0443e+03   3139.992      75361  1028.0404  1028.0365    34.3583    34.3519    8.00096         32 0.0000e+00
     96.000     95.038     0.2048  28.771989     0.2084  28.774604     5.9346     5.9481     0.0378    90.8760 5.6387e-01  -64.92676  -64.68502 345.648009      99.97 1.0441e+03   3143.001      75433  1028.0364  1028.0355    34.3593    34.3588    8.00335         33 0.0000e+00
     95.000     94.047     0.1814  28.747525     0.1750  28.739709     5.9841     5.9817     0.0336    90.8848 6.1166e-01  -64.92676  -64.68502 345.648024      99.97 1.0425e+03   3144.233      75463  1028.0289  1028.0268    34.3539    34.3507    8.00854         28 0.0000e+00
     94.000     93.058     0.1462  28.711203     0.1458  28.710256     5.9867     5.9883     0.0444    90.8996 6.6154e-01  -64.92678  -64.68502 345.648037      99.97 1.0419e+03   3145.434      75491  1028.0204  1028.0197    34.3459    34.3451    8.01632         30 0.0000e+00
     93.000     92.069     0.1689  28.732347     0.1672  28.730752     5.9914     6.0121     0.0521    90.8933 6.8573e-01  -64.92677  -64.68503 345.648071      99.97 1.0459e+03   3148.355      75562  1028.0154  1028.0152    34.3490    34.3488    8.01141         30 0.0000e+00
     92.000     91.078     0.1510  28.717248     0.1499  28.715917     6.2076     6.1360     0.0489    90.8796 6.9260e-01  -64.92676  -64.68504 345.648095      99.97 1.0484e+03   3150.377      75610  1028.0124  1028.0120    34.3497    34.3492    8.01510         27 0.0000e+00
     91.000     90.089     0.0858  28.647377     0.0872  28.646668     6.2548     6.1777     0.0328    90.8739 7.1846e-01  -64.92676  -64.68504 345.648105      99.97 1.0489e+03   3151.313      75633  1027.9980  1027.9959    34.3311    34.3286    8.02978         21 0.0000e+00
     90.000     89.098     0.0385  28.590615     0.0394  28.590589     6.2192     6.1794     0.0351    90.8753 7.5121e-01  -64.92676  -64.68504 345.648115      99.97 1.0489e+03   3152.152      75653  1027.9794  1027.9784    34.3095    34.3085    8.04090         21 0.0000e+00
     89.000     88.109     0.0399  28.586867     0.0343  28.580374     6.1987     6.1707     0.0548    90.8711 7.9147e-01  -64.92676  -64.68504 345.648127      99.97 1.0489e+03   3153.170      75677  1027.9692  1027.9678    34.3036    34.3013    8.04094         28 0.0000e+00
     88.000     87.116     0.0905  28.646895     0.1058  28.662394     5.9848     6.0450     0.0747    90.8699 8.5329e-01  -64.92678  -64.68504 345.648179      99.98 1.0489e+03   3157.662      75785  1027.9783  1027.9793    34.3270    34.3303    8.02903         20 0.0000e+00
     87.000     86.130     0.1061  28.660464     0.0986  28.647986     5.9948     6.0330     0.0528    90.8810 9.0429e-01  -64.92678  -64.68506 345.648245      99.97 1.0511e+03   3163.351      75921  1027.9724  1027.9666    34.3280    34.3199    8.02570         37 0.0000e+00
     86.000     85.139     0.1230  28.680059     0.1524  28.711490     5.9830     6.0578     0.0486    90.8824 9.2968e-01  -64.92678  -64.68506 345.648271      99.97 1.0515e+03   3165.582      75975  1027.9725  1027.9770    34.3356    34.3442    8.02173         36 0.0000e+00
     85.000     84.149     0.1137  28.670195     0.1120  28.664940     6.1231     6.0947     0.0725    90.8687 9.6609e-01  -64.92678  -64.68506 345.648308      99.97 1.0555e+03   3168.851      76053  1027.9671  1027.9634    34.3335    34.3286    8.02379         42 0.0000e+00
     84.000     83.162     0.0743  28.626478     0.0998  28.650639     6.1021     6.0886     0.0708    90.8772 1.0300e+00  -64.92678  -64.68506 345.648344      99.97 1.0532e+03   3171.889      76126  1027.9545  1027.9556    34.3205    34.3239    8.03278         31 0.0000e+00
     83.000     82.170     0.0753  28.627188     0.0719  28.621989     6.3141     6.2586     0.0616    90.8635 1.1042e+00  -64.92678  -64.68506 345.648391      99.97 1.0557e+03   3175.960      76224  1027.9502  1027.9483    34.3210    34.3179    8.03255         37 0.0000e+00
     82.000     81.181     0.0152  28.553723     0.0174  28.556307     6.2202     6.2296     0.0608    90.8528 1.1464e+00  -64.92678  -64.68508 345.648408      99.97 1.0574e+03   3177.494      76261  1027.9265  1027.9272    34.2916    34.2925    8.04680         31 0.0000e+00
     81.000     80.190     0.0204  28.546057     0.0191  28.543078     6.1484     6.1854     0.0823    90.8854 1.1865e+00  -64.92678  -64.68508 345.648431      99.97 1.0594e+03   3179.425      76307  1027.9084  1027.9065    34.2762    34.2737    8.04657         36 0.0000e+00
     80.000     79.201     0.0251  28.550010     0.0240  28.548402     6.1924     6.2084     0.0853    90.9416 1.2315e+00  -64.92678  -64.68506 345.648468      99.97 1.0583e+03   3182.624      76384  1027.9032  1027.9026    34.2768    34.2759    8.04555         40 0.0000e+00
     79.000     78.212     0.0232  28.545301     0.0234  28.544007     6.2966     6.2931     0.0523    90.8832 1.2944e+00  -64.92678  -64.68506 345.648528      99.97 1.0613e+03   3187.810      76508  1027.8954  1027.8940    34.2733    34.2714    8.04615         21 0.0000e+00
     78.000     77.221     0.0155  28.529308     0.0156  28.528517     6.3087     6.2940     0.0694    90.9210 1.3802e+00  -64.92678  -64.68506 345.648538      99.97 1.0607e+03   3188.651      76529  1027.8815  1027.8807    34.2614    34.2602    8.04844         23 0.0000e+00
     77.000     76.232     0.0132  28.525846     0.0147  28.527349     6.2947     6.3024     0.0760    90.9204 1.4387e+00  -64.92678  -64.68505 345.648575      99.97 1.0607e+03   3191.864      76606  1027.8756  1027.8758    34.2599    34.2603    8.04900         30 0.0000e+00
     76.000     75.241     0.0094  28.520491     0.0105  28.521177     6.3637     6.3569     0.0730    90.9209 1.4497e+00  -64.92678  -64.68504 345.648621      99.97 1.0647e+03   3195.889      76702  1027.8692  1027.8689    34.2577    34.2574    8.04993         24 0.0000e+00
     75.000     74.251    -0.0092  28.496888    -0.0103  28.494396     6.3484     6.3815     0.0837    90.9296 1.5579e+00  -64.92678  -64.68504 345.648880      99.97 1.0674e+03   3218.238      77239  1027.8573  1027.8558    34.2478    34.2458    8.05439         32 0.0000e+00
     74.000     73.261    -0.0332  28.467925    -0.0366  28.462588     6.3577     6.4167     0.0753    90.9317 1.6828e+00  -64.92678  -64.68504 345.649119      99.97 1.0711e+03   3238.867      77734  1027.8451  1027.8427    34.2369    34.2337    8.06006         31 0.0000e+00
     73.000     72.273    -0.0338  28.465793    -0.0371  28.461174     6.3713     6.4139     0.1027    90.9317 1.7801e+00  -64.92678  -64.68504 345.649166      99.97 1.0702e+03   3242.944      77832  1027.8390  1027.8372    34.2354    34.2330    8.06028         32 0.0000e+00
     72.000     71.280    -0.0398  28.458828    -0.0423  28.454651     6.3652     6.4140     0.0872    90.9317 1.8552e+00  -64.92678  -64.68504 345.649186      99.97 1.0718e+03   3244.712      77874  1027.8330  1027.8310    34.2335    34.2308    8.06165         21 0.0000e+00
     71.000     70.293    -0.0502  28.446908    -0.0496  28.445891     6.3678     6.4150     0.0875    90.9317 1.9534e+00  -64.92678  -64.68504 345.649196      99.97 1.0718e+03   3245.537      77894  1027.8262  1027.8245    34.2299    34.2279    8.06404         21 0.0000e+00
     70.000     69.301    -0.0619  28.430441    -0.0627  28.429206     6.3755     6.4194     0.1082    90.9270 2.0573e+00  -64.92678  -64.68504 345.649209      99.97 1.0704e+03   3246.674      77921  1027.8158  1027.8152    34.2217    34.2211    8.06697         32 0.0000e+00
     69.000     68.313    -0.0572  28.436127    -0.0682  28.421261     6.4398     6.4651     0.1101    90.8946 2.1211e+00  -64.92678  -64.68504 345.649243      99.97 1.0699e+03   3249.568      77991  1027.8127  1027.8075    34.2247    34.2173    8.06582         34 0.0000e+00
     68.000     67.322    -0.0600  28.431888    -0.0571  28.434555     6.6852     6.6259     0.0969    90.8909 2.2590e+00  -64.92678  -64.68504 345.649266      99.97 1.0718e+03   3251.580      78039  1027.8065  1027.8063    34.2228    34.2230    8.06652         36 0.0000e+00
     67.000     66.334    -0.0957  28.383868    -0.0941  28.385605     7.0490     6.8691     0.1113    90.8502 2.4389e+00  -64.92678  -64.68504 345.649284      99.97 1.0711e+03   3253.112      78076  1027.7857  1027.7859    34.1995    34.2001    8.07536         37 0.0000e+00
     66.000     65.343    -0.1162  28.339716    -0.1198  28.333494     7.1635     6.9776     0.1365    90.7462 2.5705e+00  -64.92678  -64.68505 345.649303      99.97 1.0686e+03   3254.807      78116  1027.7539  1027.7507    34.1644    34.1602    8.08169         42 0.0000e+00
     65.000     64.354    -0.1109  28.336333    -0.1164  28.331099     7.1648     7.0178     0.1611    90.6212 2.6404e+00  -64.92678  -64.68504 345.649327      99.97 1.0693e+03   3256.830      78165  1027.7404  1027.7401    34.1546    34.1538    8.08113         42 0.0000e+00
     64.000     63.363    -0.0957  28.345608    -0.1013  28.340834     7.2545     7.0924     0.1608    90.6277 2.7377e+00  -64.92678  -64.68504 345.649347      99.97 1.0719e+03   3258.582      78207  1027.7309  1027.7312    34.1505    34.1504    8.07814         32 0.0000e+00
     63.000     62.374    -0.0731  28.347971    -0.0879  28.345974     7.2047     7.1000     0.1485    90.6255 2.8871e+00  -64.92678  -64.68505 345.649361      99.97 1.0718e+03   3259.756      78235  1027.7070  1027.7193    34.1290    34.1428    8.07459         27 0.0000e+00
     62.000     61.382    -0.0733  28.346953    -0.0774  28.345138     7.1408     7.0691     0.1615    90.5667 3.0617e+00  -64.92678  -64.68506 345.649376      99.97 1.0718e+03   3261.065      78267  1027.7019  1027.7039    34.1285    34.1307    8.07466         36 0.0000e+00
     61.000     60.393    -0.0755  28.344835    -0.0873  28.346790     7.1910     7.1263     0.1650    90.5637 3.2443e+00  -64.92678  -64.68504 345.649409      99.97 1.0688e+03   3263.944      78336  1027.6976  1027.7110    34.1287    34.1445    8.07511         34 0.0000e+00
     60.000     59.403    -0.0781  28.341623    -0.0815  28.341454     7.3566     7.2931     0.1695    90.5667 3.5200e+00  -64.92678  -64.68505 345.649432      99.97 1.0673e+03   3265.886      78382  1027.6924  1027.6954    34.1280    34.1316    8.07571         34 0.0000e+00
     59.000     58.413    -0.0731  28.332018    -0.0725  28.330983     7.5444     7.4083     0.1816    90.5276 3.8173e+00  -64.92678  -64.68506 345.649447      99.97 1.0701e+03   3267.232      78415  1027.6729  1027.6710    34.1102    34.1082    8.07565         34 0.0000e+00
