NBP2113_155081_ctd/data/unbp2113_015.cnv
* Sea-Bird SBE 9 Data File:
* FileName = D:\Data\raw\NBP2113_015.hex
* Software Version Seasave V 7.26.7.121
* Temperature SN = 2438
* Conductivity SN = 2067
* Number of Bytes Per Scan = 40
* Number of Voltage Words = 5
* Number of Scans Averaged by the Deck Unit = 1
* NMEA Latitude = 66 15.27 S
* NMEA Longitude = 067 20.33 W
* NMEA UTC (Time) = Nov 27 2021  19:51:53
* NMEA baud rate = 9600
** Ship: RVIB N.B. Palmer
** Cruise: NBP2113 LTER
** Station: 500.040
** Operator: S. Blackman
# nquan = 25
# nvalues = 200                         
# units = specified
# name 0 = prDM: Pressure, Digiquartz [db]
# name 1 = depSM: Depth [salt water, m]
# name 2 = t090C: Temperature [ITS-90, deg C]
# name 3 = c0mS/cm: Conductivity [mS/cm]
# name 4 = t190C: Temperature, 2 [ITS-90, deg C]
# name 5 = c1mS/cm: Conductivity, 2 [mS/cm]
# name 6 = sbeox0ML/L: Oxygen, SBE 43 [ml/l]
# name 7 = sbeox1ML/L: Oxygen, SBE 43, 2 [ml/l]
# name 8 = flECO-AFL: Fluorescence, WET Labs ECO-AFL/FL [mg/m^3]
# name 9 = CStarTr0: Beam Transmission, WET Labs C-Star [%]
# name 10 = par: PAR/Irradiance, Biospherical/Licor
# name 11 = latitude: Latitude [deg]
# name 12 = longitude: Longitude [deg]
# name 13 = timeJ: Julian Days
# name 14 = altM: Altimeter [m]
# name 15 = spar: SPAR, Biospherical/Licor
# name 16 = timeS: Time, Elapsed [seconds]
# name 17 = scan: Scan Count
# name 18 = density00: Density [density, kg/m^3]
# name 19 = density11: Density, 2 [density, kg/m^3]
# name 20 = sal00: Salinity, Practical [PSU]
# name 21 = sal11: Salinity, Practical, 2 [PSU]
# name 22 = oxsolML/L: Oxygen Saturation, Garcia & Gordon [ml/l]
# name 23 = nbin: number of scans per bin
# name 24 = flag: flag
# span 0 =      1.000,    200.000       
# span 1 =      0.989,    197.927       
# span 2 =    -1.3880,     0.7029       
# span 3 =  27.034923,  29.337773       
# span 4 =    -1.3878,     0.6876       
# span 5 =  27.035969,  29.320270       
# span 6 =     4.8628,     9.0878       
# span 7 =     4.9212,     8.3008       
# span 8 =    -0.0008,     1.5687       
# span 9 =    88.3627,    96.9380       
# span 10 = 1.0000e-12, 4.9987e+02      
# span 11 =  -66.25466,  -66.25444      
# span 12 =  -67.33948,  -67.33831      
# span 13 = 331.835988, 331.845004      
# span 14 =       1.33,     100.02      
# span 15 = 3.4729e+02, 4.0383e+02      
# span 16 =    716.376,   1495.344      
# span 17 =      17194,      35889      
# span 18 =  1027.1028,  1028.5880      
# span 19 =  1027.1001,  1028.5853      
# span 20 =    33.6938,    34.4830      
# span 21 =    33.6905,    34.4773      
# span 22 =    7.89402,    8.37802      
# span 23 =         12,         47      
# span 24 = 0.0000e+00, 0.0000e+00      
# interval = decibars: 1                
# start_time = Nov 27 2021 19:51:53 [NMEA time, header]
# bad_flag = -9.990e-29
*END*
[from data line 116]
     84.000     83.152    -1.2445  27.204470    -1.2436  27.204115     7.4355     7.4689     0.3387    95.9855 1.8637e-01  -66.25454  -67.33878 331.840325      99.97 3.7942e+02   1091.076      26187  1027.6665  1027.6651    33.8903    33.8888    8.34280         37 0.0000e+00
     83.000     82.163    -1.2610  27.190705    -1.2683  27.184523     7.4251     7.4812     0.3298    95.9697 2.0262e-01  -66.25452  -67.33875 331.840367      99.97 3.8196e+02   1094.690      26274  1027.6628  1027.6630    33.8908    33.8905    8.34646         30 0.0000e+00
     82.000     81.173    -1.2565  27.194495    -1.2510  27.197576     7.4556     7.5014     0.2959    95.9340 2.2635e-01  -66.25452  -67.33875 331.840392      99.97 3.8372e+02   1096.848      26325  1027.6582  1027.6561    33.8914    33.8895    8.34541         34 0.0000e+00
     81.000     80.183    -1.2414  27.205784    -1.2388  27.206323     7.4812     7.5250     0.2973    95.9049 2.4870e-01  -66.25452  -67.33876 331.840408      99.97 3.8539e+02   1098.290      26360  1027.6516  1027.6496    33.8905    33.8882    8.34210         39 0.0000e+00
     80.000     79.193    -1.2354  27.206565    -1.2367  27.205233     7.5202     7.5514     0.3737    95.8408 2.6187e-01  -66.25452  -67.33875 331.840432      99.97 3.8682e+02   1100.329      26409  1027.6425  1027.6422    33.8854    33.8850    8.34107         44 0.0000e+00
     79.000     78.204    -1.2611  27.177783    -1.2611  27.178028     7.5764     7.5983     0.4077    95.8380 2.6567e-01  -66.25452  -67.33874 331.840462      99.97 3.8901e+02   1102.959      26472  1027.6313  1027.6316    33.8756    33.8760    8.34737         37 0.0000e+00
     78.000     77.214    -1.3090  27.129519    -1.2931  27.143495     7.6063     7.6123     0.3334    95.8318 2.8098e-01  -66.25452  -67.33874 331.840481      99.97 3.9063e+02   1104.537      26510  1027.6201  1027.6201    33.8642    33.8654    8.35877         37 0.0000e+00
     77.000     76.224    -1.3138  27.124630    -1.3161  27.120877     7.5759     7.6105     0.3260    95.8410 3.1084e-01  -66.25452  -67.33873 331.840532      99.97 3.9312e+02   1108.941      26616  1027.6145  1027.6125    33.8635    33.8609    8.35989         39 0.0000e+00
     76.000     75.235    -1.3365  27.100955    -1.3372  27.099252     7.6178     7.6286     0.3276    95.8406 3.3668e-01  -66.25452  -67.33872 331.840639      99.98 3.9790e+02   1118.223      26838  1027.6057  1027.6043    33.8573    33.8558    8.36535         39 0.0000e+00
     75.000     74.244    -1.3848  27.049019    -1.3777  27.055768     7.6589     7.7129     0.3373    95.8089 3.9005e-01  -66.25451  -67.33866 331.840978      99.97 4.0383e+02   1147.528      27542  1027.5884  1027.5893    33.8411    33.8425    8.37714         28 0.0000e+00
     74.000     73.256    -1.3863  27.046601    -1.3817  27.050193     7.6710     7.7268     0.3874    95.7916 4.1440e-01  -66.25452  -67.33866 331.840993      99.97 4.0370e+02   1148.783      27572  1027.5829  1027.5826    33.8402    33.8399    8.37755         25 0.0000e+00
     73.000     72.265    -1.3880  27.043538    -1.3878  27.042295     7.6867     7.7211     0.4364    95.7935 4.3560e-01  -66.25452  -67.33867 331.841006      99.97 4.0370e+02   1149.939      27600  1027.5767  1027.5754    33.8385    33.8366    8.37802         32 0.0000e+00
     72.000     71.275    -1.3860  27.044810    -1.3838  27.046712     7.6668     7.7198     0.4490    95.7567 4.6056e-01  -66.25451  -67.33865 331.841038      99.97 4.0370e+02   1152.693      27666  1027.5718  1027.5719    33.8387    33.8388    8.37757         39 0.0000e+00
     71.000     70.286    -1.3857  27.044936    -1.3847  27.044984     7.7319     7.7473     0.3847    95.7531 5.1058e-01  -66.25450  -67.33866 331.841085      99.97 4.0370e+02   1156.715      27762  1027.5673  1027.5665    33.8391    33.8381    8.37748         45 0.0000e+00
     70.000     69.297    -1.3843  27.043475    -1.3843  27.042358     7.8245     7.8298     0.3583    95.7229 5.4377e-01  -66.25450  -67.33866 331.841103      99.97 4.0370e+02   1158.306      27800  1027.5599  1027.5588    33.8362    33.8346    8.37734         32 0.0000e+00
     69.000     68.306    -1.3735  27.048340    -1.3750  27.046601     7.9252     7.8982     0.3735    95.6391 5.7111e-01  -66.25450  -67.33866 331.841117      99.97 4.0370e+02   1159.505      27829  1027.5504  1027.5501    33.8312    33.8306    8.37520         26 0.0000e+00
     68.000     67.316    -1.3558  27.056844    -1.3549  27.056224     7.9569     7.9178     0.4101    95.4288 6.0030e-01  -66.25450  -67.33866 331.841129      99.97 4.0344e+02   1160.581      27855  1027.5383  1027.5368    33.8235    33.8216    8.37168         27 0.0000e+00
     67.000     66.325    -1.3454  27.062626    -1.3442  27.062044     7.9132     7.9090     0.4405    95.1500 6.3251e-01  -66.25450  -67.33865 331.841145      99.97 4.0204e+02   1161.939      27888  1027.5304  1027.5287    33.8203    33.8181    8.36954         31 0.0000e+00
     66.000     65.337    -1.3516  27.058523    -1.3559  27.054840     7.8592     7.9036     0.4799    95.1843 6.8526e-01  -66.25450  -67.33864 331.841198      99.97 4.0195e+02   1166.513      27997  1027.5280  1027.5280    33.8223    33.8221    8.37082         37 0.0000e+00
     65.000     64.348    -1.3494  27.059340    -1.3502  27.057896     7.8357     7.9075     0.4505    95.1838 7.3910e-01  -66.25450  -67.33864 331.841222      99.97 4.0194e+02   1168.598      28047  1027.5225  1027.5216    33.8216    33.8204    8.37037         37 0.0000e+00
     64.000     63.357    -1.3509  27.057891    -1.3541  27.054966     7.8956     7.9324     0.4564    95.1087 7.7282e-01  -66.25450  -67.33862 331.841275      99.97 4.0194e+02   1173.170      28157  1027.5182  1027.5180    33.8219    33.8215    8.37068         33 0.0000e+00
     63.000     62.368    -1.3430  27.061155    -1.3434  27.059866     7.8843     7.9436     0.4057    95.0710 8.2854e-01  -66.25450  -67.33864 331.841288      99.97 4.0194e+02   1174.269      28183  1027.5098  1027.5088    33.8180    33.8168    8.36913         24 0.0000e+00
     62.000     61.377    -1.3458  27.054105    -1.3457  27.053168     7.8936     7.9412     0.4246    95.0087 8.9143e-01  -66.25450  -67.33864 331.841299      99.97 4.0194e+02   1175.254      28207  1027.5005  1027.4993    33.8122    33.8108    8.37012         25 0.0000e+00
     61.000     60.388    -1.3508  27.046386    -1.3501  27.046116     7.9068     7.9368     0.4963    94.9152 9.5207e-01  -66.25450  -67.33861 331.841473      99.97 4.0170e+02   1190.247      28567  1027.4925  1027.4915    33.8079    33.8067    8.37150         32 0.0000e+00
     60.000     59.397    -1.3526  27.043026    -1.3528  27.041650     7.8879     7.9525     0.4851    94.8680 1.0098e+00  -66.25450  -67.33856 331.841788      99.97 4.0021e+02   1217.486      29221  1027.4862  1027.4848    33.8059    33.8041    8.37201         16 0.0000e+00
     59.000     58.407    -1.3530  27.040993    -1.3529  27.040368     7.9006     7.9529     0.5457    94.8080 1.0601e+00  -66.25450  -67.33856 331.841807      99.97 4.0017e+02   1219.120      29260  1027.4800  1027.4792    33.8041    33.8031    8.37221         30 0.0000e+00
     58.000     57.418    -1.3541  27.036997    -1.3543  27.036307     7.9056     7.9564     0.6316    94.8581 1.1419e+00  -66.25450  -67.33851 331.841862      99.97 3.9867e+02   1223.884      29374  1027.4724  1027.4718    33.8006    33.7998    8.37268         47 0.0000e+00
     57.000     56.429    -1.3539  27.034923    -1.3535  27.036029     7.9315     7.9747     0.5762    94.8490 1.2817e+00  -66.25450  -67.33851 331.841888      99.97 3.9841e+02   1226.113      29428  1027.4655  1027.4663    33.7981    33.7992    8.37277         38 0.0000e+00
     56.000     55.439    -1.3531  27.036937    -1.3537  27.035969     7.9954     8.0188     0.5755    94.8422 1.3649e+00  -66.25449  -67.33853 331.841905      99.97 3.9841e+02   1227.600      29463  1027.4627  1027.4622    33.8006    33.7999    8.37245         31 0.0000e+00
     55.000     54.448    -1.3474  27.038762    -1.3498  27.036529     8.0766     8.0769     0.5801    94.7490 1.4160e+00  -66.25448  -67.33854 331.841919      99.97 3.9841e+02   1228.791      29492  1027.4548  1027.4547    33.7973    33.7969    8.37136         26 0.0000e+00
     54.000     53.460    -1.3273  27.048217    -1.3288  27.046386     8.1162     8.1092     0.5954    94.5319 1.4621e+00  -66.25448  -67.33853 331.841931      99.97 3.9818e+02   1229.804      29516  1027.4414  1027.4408    33.7881    33.7873    8.36738         23 0.0000e+00
     53.000     52.469    -1.3121  27.055723    -1.3175  27.051684     8.0996     8.1160     0.5898    94.3360 1.5232e+00  -66.25449  -67.33851 331.841942      99.97 3.9840e+02   1230.781      29540  1027.4307  1027.4314    33.7819    33.7824    8.36436         26 0.0000e+00
     52.000     51.479    -1.3182  27.052388    -1.3156  27.052713     8.0990     8.1220     0.6498    94.1891 1.6533e+00  -66.25450  -67.33849 331.841984      99.97 3.9665e+02   1234.422      29627  1027.4290  1027.4268    33.7849    33.7824    8.36555         39 0.0000e+00
     51.000     50.490    -1.3074  27.057562    -1.3072  27.056621     8.1364     8.1551     0.6143    94.2045 1.8008e+00  -66.25450  -67.33848 331.842031      99.97 3.9489e+02   1238.476      29724  1027.4201  1027.4188    33.7804    33.7788    8.36340         30 0.0000e+00
     50.000     49.500    -1.2764  27.071950    -1.2822  27.068087     8.1222     8.1723     0.6798    93.6291 1.8986e+00  -66.25450  -67.33848 331.842045      99.97 3.9489e+02   1239.698      29754  1027.4016  1027.4029    33.7657    33.7669    8.35731         31 0.0000e+00
     49.000     48.510    -1.2183  27.102298    -1.2197  27.101143     8.1602     8.1904     0.9644    92.1550 2.0439e+00  -66.25449  -67.33845 331.842262      99.97 3.9038e+02   1258.461      30204  1027.3764  1027.3762    33.7424    33.7424    8.34572         32 0.0000e+00
     48.000     47.519    -1.1525  27.138761    -1.1582  27.134249     8.1695     8.2361     1.1127    91.3823 2.2416e+00  -66.25448  -67.33840 331.842555      99.97 3.8445e+02   1283.774      30812  1027.3507  1027.3511    33.7188    33.7191    8.33242         33 0.0000e+00
     47.000     46.531    -1.1400  27.145425    -1.1391  27.144727     8.1681     8.2372     1.2626    91.0444 2.3667e+00  -66.25446  -67.33840 331.842602      99.97 3.8287e+02   1287.835      30909  1027.3419  1027.3401    33.7145    33.7126    8.32990         40 0.0000e+00
     46.000     45.540    -1.1299  27.151512    -1.1278  27.151220     8.2008     8.2491     1.2758    90.6751 2.5555e+00  -66.25446  -67.33840 331.842634      99.97 3.8196e+02   1290.547      30974  1027.3346  1027.3322    33.7120    33.7093    8.32778         36 0.0000e+00
     45.000     44.548    -1.1286  27.151289    -1.1248  27.152326     8.1773     8.2535     1.4129    90.4989 2.8462e+00  -66.25446  -67.33840 331.842668      99.97 3.8080e+02   1293.513      31045  1027.3291  1027.3265    33.7110    33.7081    8.32757         31 0.0000e+00
     44.000     43.561    -1.1162  27.157803    -1.1180  27.155680     8.1915     8.2585     1.4269    90.3396 3.0613e+00  -66.25446  -67.33840 331.842692      99.97 3.8078e+02   1295.625      31096  1027.3200  1027.3193    33.7065    33.7056    8.32507         30 0.0000e+00
     43.000     42.570    -1.1154  27.156046    -1.1146  27.154809     8.1919     8.2584     1.3719    90.0152 3.3179e+00  -66.25446  -67.33841 331.842707      99.97 3.8078e+02   1296.921      31127  1027.3130  1027.3108    33.7038    33.7012    8.32505         37 0.0000e+00
     42.000     41.579    -1.1144  27.155120    -1.1149  27.154304     8.1954     8.2653     1.4883    89.9495 3.6363e+00  -66.25446  -67.33839 331.842758      99.97 3.7969e+02   1301.306      31232  1027.3070  1027.3066    33.7021    33.7015    8.32493         32 0.0000e+00
     41.000     40.590    -1.1123  27.154841    -1.1115  27.153948     8.2175     8.2726     1.4628    89.7735 4.1250e+00  -66.25446  -67.33839 331.842800      99.97 3.7718e+02   1304.925      31319  1027.3004  1027.2987    33.6999    33.6978    8.32459         30 0.0000e+00
     40.000     39.601    -1.1122  27.154335    -1.1116  27.153510     8.1951     8.2735     1.4141    89.7794 4.5245e+00  -66.25446  -67.33840 331.842812      99.97 3.7726e+02   1305.932      31343  1027.2956  1027.2940    33.6998    33.6980    8.32458         24 0.0000e+00
     39.000     38.610    -1.1112  27.154428    -1.1102  27.153715     8.1962     8.2809     1.4164    89.6718 4.8083e+00  -66.25446  -67.33841 331.842824      99.97 3.7726e+02   1307.026      31370  1027.2904  1027.2886    33.6994    33.6973    8.32438         30 0.0000e+00
     38.000     37.620    -1.1106  27.154719    -1.1100  27.153602     8.1874     8.2734     1.5409    89.5688 4.9517e+00  -66.25446  -67.33840 331.842852      99.97 3.7721e+02   1309.438      31428  1027.2859  1027.2841    33.6997    33.6975    8.32423         35 0.0000e+00
     37.000     36.630    -1.1046  27.158760    -1.1057  27.156960     8.1879     8.2837     1.5136    89.6548 5.9643e+00  -66.25446  -67.33840 331.842937      99.97 3.7559e+02   1316.746      31603  1027.2804  1027.2794    33.6991    33.6979    8.32293         31 0.0000e+00
     36.000     35.641    -1.1086  27.155121    -1.1079  27.154255     8.2085     8.2820     1.4209    89.6217 6.3717e+00  -66.25446  -67.33840 331.842946      99.97 3.7549e+02   1317.516      31621  1027.2759  1027.2743    33.6992    33.6973    8.32380         21 0.0000e+00
     35.000     34.652    -1.1046  27.156596    -1.1049  27.155188     8.1949     8.2746     1.3622    89.6146 6.7258e+00  -66.25446  -67.33840 331.842955      99.97 3.7549e+02   1318.353      31641  1027.2694  1027.2681    33.6974    33.6958    8.32303         20 0.0000e+00
     34.000     33.652    -1.1015  27.157701    -1.1021  27.156185     8.2184     8.2687     1.4457    89.5125 6.9878e+00  -66.25446  -67.33840 331.842983      99.97 3.7549e+02   1320.714      31698  1027.2633  1027.2622    33.6960    33.6947    8.32241         28 0.0000e+00
     33.000     32.672    -1.1008  27.157400    -1.1016  27.155904     8.1913     8.2867     1.5239    89.4038 7.6828e+00  -66.25447  -67.33839 331.843450      99.97 3.7846e+02   1361.070      32667  1027.2582  1027.2573    33.6955    33.6943    8.32230         39 0.0000e+00
     32.000     31.682    -1.0991  27.157815    -1.0994  27.156387     8.2132     8.2916     1.4737    89.3430 8.3025e+00  -66.25446  -67.33838 331.843615      99.97 3.8094e+02   1375.296      33008  1027.2527  1027.2515    33.6947    33.6932    8.32196         23 0.0000e+00
     31.000     30.690    -1.0987  27.157812    -1.0988  27.156655     8.2279     8.2937     1.4229    89.3119 9.0092e+00  -66.25444  -67.33838 331.843626      99.97 3.8166e+02   1376.260      33031  1027.2481  1027.2468    33.6949    33.6934    8.32186         24 0.0000e+00
     30.000     29.701    -1.0989  27.157206    -1.0989  27.156241     8.2173     8.2938     1.4389    89.3312 9.9175e+00  -66.25444  -67.33839 331.843640      99.97 3.8248e+02   1377.537      33062  1027.2433  1027.2423    33.6950    33.6937    8.32191         38 0.0000e+00
     29.000     28.712    -1.0989  27.156801    -1.0988  27.155661     8.2173     8.2905     1.5406    89.3588 1.0840e+01  -66.25444  -67.33839 331.843669      99.97 3.8255e+02   1380.008      33121  1027.2385  1027.2373    33.6950    33.6934    8.32190         36 0.0000e+00
     28.000     27.720    -1.0988  27.156434    -1.0989  27.155181     8.2260     8.2914     1.5687    89.3465 1.1368e+01  -66.25444  -67.33838 331.843702      99.97 3.8255e+02   1382.825      33189  1027.2337  1027.2325    33.6950    33.6934    8.32187         35 0.0000e+00
