NBP2113_155081_ctd/data/unbp2113_046.cnv
* Sea-Bird SBE 9 Data File:
* FileName = D:\Data\raw\NBP2113_046.hex
* Software Version Seasave V 7.26.7.121
* Temperature SN = 2438
* Conductivity SN = 2067
* Number of Bytes Per Scan = 40
* Number of Voltage Words = 5
* Number of Scans Averaged by the Deck Unit = 1
* NMEA Latitude = 64 52.22 S
* NMEA Longitude = 063 49.73 W
* NMEA UTC (Time) = Dec 11 2021  05:17:37
* NMEA baud rate = 9600
** Ship: RVIB N.B. Palmer
** Cruise: NBP2113 LTER
** Station: 623.024
** Operator: B. Urmston
# nquan = 25
# nvalues = 573                         
# units = specified
# name 0 = prDM: Pressure, Digiquartz [db]
# name 1 = depSM: Depth [salt water, m]
# name 2 = t090C: Temperature [ITS-90, deg C]
# name 3 = c0mS/cm: Conductivity [mS/cm]
# name 4 = t190C: Temperature, 2 [ITS-90, deg C]
# name 5 = c1mS/cm: Conductivity, 2 [mS/cm]
# name 6 = sbeox0ML/L: Oxygen, SBE 43 [ml/l]
# name 7 = sbeox1ML/L: Oxygen, SBE 43, 2 [ml/l]
# name 8 = flECO-AFL: Fluorescence, WET Labs ECO-AFL/FL [mg/m^3]
# name 9 = CStarTr0: Beam Transmission, WET Labs C-Star [%]
# name 10 = par: PAR/Irradiance, Biospherical/Licor
# name 11 = latitude: Latitude [deg]
# name 12 = longitude: Longitude [deg]
# name 13 = timeJ: Julian Days
# name 14 = altM: Altimeter [m]
# name 15 = spar: SPAR, Biospherical/Licor
# name 16 = timeS: Time, Elapsed [seconds]
# name 17 = scan: Scan Count
# name 18 = density00: Density [density, kg/m^3]
# name 19 = density11: Density, 2 [density, kg/m^3]
# name 20 = sal00: Salinity, Practical [PSU]
# name 21 = sal11: Salinity, Practical, 2 [PSU]
# name 22 = oxsolML/L: Oxygen Saturation, Garcia & Gordon [ml/l]
# name 23 = nbin: number of scans per bin
# name 24 = flag: flag
# span 0 =      1.000,    573.000       
# span 1 =      0.990,    566.605       
# span 2 =    -0.2124,     1.2926       
# span 3 =  27.935586,  30.130814       
# span 4 =    -0.2127,     1.2926       
# span 5 =  27.933862,  30.129449       
# span 6 =     4.2881,     8.7092       
# span 7 =     4.3577,    10.0201       
# span 8 =    -0.0199,     1.9964       
# span 9 =    84.7222,    91.2379       
# span 10 = 1.0000e-12, 5.9547e+00      
# span 11 =  -64.87088,  -64.87040      
# span 12 =  -63.82976,  -63.82891      
# span 13 = 345.236029, 345.250665      
# span 14 =       1.05,     100.92      
# span 15 = 0.0000e+00, 0.0000e+00      
# span 16 =   1335.931,   2600.416      
# span 17 =      32063,      62411      
# span 18 =  1027.1315,  1030.4249      
# span 19 =  1027.1299,  1030.4237      
# span 20 =    33.7684,    34.6351      
# span 21 =    33.7666,    34.6334      
# span 22 =    7.76753,    8.12465      
# span 23 =         16,         50      
# span 24 = 0.0000e+00, 0.0000e+00      
# interval = decibars: 1                
# start_time = Dec 11 2021 05:17:37 [NMEA time, header]
# bad_flag = -9.990e-29
*END*
[from data line 406]
    167.000    165.297     0.6981  29.320053     0.7001  29.320610     5.0337     5.0797     0.0143    91.0656 1.0000e-12  -64.87082  -63.82962 345.245210      99.97 0.0000e+00   2129.143      51100  1028.4415  1028.4401    34.4837    34.4822    7.89497         25 0.0000e+00
    166.000    164.307     0.7040  29.325878     0.7045  29.325514     5.0441     5.0744     0.0097    91.0727 1.0000e-12  -64.87082  -63.82960 345.245228      99.97 0.0000e+00   2130.725      51138  1028.4373  1028.4365    34.4852    34.4842    7.89367         36 0.0000e+00
    165.000    163.318     0.6909  29.310750     0.6933  29.312753     5.0399     5.0943     0.0151    91.0725 1.0000e-12  -64.87082  -63.82959 345.245272      99.97 0.0000e+00   2134.515      51229  1028.4301  1028.4298    34.4808    34.4807    7.89659         32 0.0000e+00
    164.000    162.330     0.6959  29.315625     0.6936  29.312003     5.0289     5.0864     0.0094    91.0882 1.0000e-12  -64.87082  -63.82960 345.245298      99.97 0.0000e+00   2136.735      51283  1028.4259  1028.4244    34.4821    34.4800    7.89549         35 0.0000e+00
    163.000    161.341     0.6977  29.317515     0.7033  29.322608     5.0247     5.0978     0.0152    91.0881 1.0000e-12  -64.87082  -63.82960 345.245312      99.97 0.0000e+00   2137.976      51312  1028.4218  1028.4217    34.4832    34.4836    7.89507         27 0.0000e+00
    162.000    160.350     0.6946  29.314066     0.6945  29.313080     5.0298     5.1037     0.0209    91.0915 1.0000e-12  -64.87082  -63.82960 345.245324      99.97 0.0000e+00   2139.010      51337  1028.4170  1028.4162    34.4827    34.4816    7.89572         24 0.0000e+00
    161.000    159.362     0.6929  29.311426     0.6897  29.307030     5.0370     5.1008     0.0147    91.0775 1.0000e-12  -64.87082  -63.82958 345.245336      99.97 0.0000e+00   2140.046      51362  1028.4116  1028.4103    34.4817    34.4797    7.89611         26 0.0000e+00
    160.000    158.370     0.6945  29.312670     0.6889  29.305183     5.0496     5.1086     0.0171    91.0663 1.0000e-12  -64.87082  -63.82958 345.245376      99.97 0.0000e+00   2143.470      51444  1028.4071  1028.4048    34.4822    34.4788    7.89577         36 0.0000e+00
    159.000    157.382     0.6909  29.308612     0.6913  29.307749     5.0974     5.1807     0.0119    91.0679 1.0000e-12  -64.87082  -63.82957 345.245428      99.97 0.0000e+00   2147.965      51552  1028.4021  1028.4008    34.4816    34.4800    7.89655         38 0.0000e+00
    158.000    156.392     0.6692  29.284389     0.6290  29.240330     5.0978     5.1827     0.0111    91.0532 1.0000e-12  -64.87082  -63.82956 345.245446      99.97 0.0000e+00   2149.504      51589  1028.3938  1028.3873    34.4748    34.4622    7.90133         39 0.0000e+00
    157.000    155.405     0.6179  29.226615     0.6062  29.213087     5.1950     5.2129     0.0156    91.0177 1.0000e-12  -64.87081  -63.82955 345.245499      99.97 0.0000e+00   2154.155      51701  1028.3788  1028.3762    34.4573    34.4527    7.91277         38 0.0000e+00
    156.000    154.414     0.6146  29.222004     0.6080  29.213675     5.1569     5.2477     0.0277    90.9891 1.0000e-12  -64.87080  -63.82954 345.245554      99.97 0.0000e+00   2158.899      51815  1028.3721  1028.3702    34.4556    34.4520    7.91353         40 0.0000e+00
    155.000    153.424     0.6053  29.212991     0.5942  29.199139     5.2025     5.2751     0.0246    90.9624 1.0000e-12  -64.87080  -63.82954 345.245578      99.97 0.0000e+00   2160.969      51864  1028.3677  1028.3641    34.4548    34.4491    7.91547         38 0.0000e+00
    154.000    152.434     0.5889  29.193188     0.5832  29.186583     5.2223     5.2812     0.0329    90.9564 1.0000e-12  -64.87080  -63.82951 345.245612      99.97 0.0000e+00   2163.919      51935  1028.3586  1028.3572    34.4478    34.4456    7.91920         31 0.0000e+00
    153.000    151.445     0.5726  29.175096     0.5713  29.172673     5.2343     5.2982     0.0211    90.9657 1.0000e-12  -64.87078  -63.82950 345.245673      99.97 0.0000e+00   2169.116      52060  1028.3509  1028.3497    34.4429    34.4413    7.92279         35 0.0000e+00
    152.000    150.455     0.5816  29.185048     0.5757  29.177441     5.2419     5.2958     0.0358    90.9529 1.0000e-12  -64.87078  -63.82950 345.245694      99.97 0.0000e+00   2170.941      52104  1028.3482  1028.3459    34.4466    34.4432    7.92077         33 0.0000e+00
    151.000    149.467     0.5691  29.170927     0.5683  29.168867     5.2606     5.3044     0.0246    90.9329 1.0000e-12  -64.87076  -63.82943 345.245925      99.97 0.0000e+00   2190.893      52582  1028.3408  1028.3395    34.4427    34.4409    7.92354         28 0.0000e+00
    150.000    148.477     0.5683  29.169669     0.5686  29.168850     5.2583     5.3045     0.0187    90.9317 1.0000e-12  -64.87076  -63.82942 345.245952      99.97 0.0000e+00   2193.274      52640  1028.3360  1028.3348    34.4425    34.4411    7.92371         32 0.0000e+00
    149.000    147.487     0.5687  29.169566     0.5704  29.170301     5.2471     5.3007     0.0293    90.9317 1.0000e-12  -64.87076  -63.82942 345.245969      99.97 0.0000e+00   2194.724      52674  1028.3313  1028.3303    34.4425    34.4416    7.92363         36 0.0000e+00
    148.000    146.498     0.5717  29.172016     0.5770  29.177084     5.2254     5.2942     0.0416    90.9325 1.0000e-12  -64.87076  -63.82942 345.245986      99.97 0.0000e+00   2196.219      52710  1028.3266  1028.3266    34.4430    34.4436    7.92299         33 0.0000e+00
    147.000    145.509     0.5782  29.179115     0.5797  29.179676     5.2349     5.3123     0.0329    90.9470 1.0000e-12  -64.87076  -63.82942 345.246000      99.97 0.0000e+00   2197.434      52739  1028.3233  1028.3225    34.4456    34.4446    7.92152         26 0.0000e+00
    146.000    144.520     0.5761  29.176558     0.5768  29.176257     5.2641     5.3299     0.0264    90.9373 1.0000e-12  -64.87076  -63.82942 345.246012      99.97 0.0000e+00   2198.420      52763  1028.3185  1028.3175    34.4452    34.4440    7.92197         22 0.0000e+00
    145.000    143.530     0.5710  29.171062     0.5688  29.168246     5.3081     5.3488     0.0206    90.9350 1.0000e-12  -64.87076  -63.82942 345.246023      99.97 0.0000e+00   2199.347      52785  1028.3135  1028.3128    34.4442    34.4431    7.92305         23 0.0000e+00
    144.000    142.540     0.5504  29.148730     0.5472  29.143947     5.3520     5.3754     0.0200    90.9252 1.0000e-12  -64.87076  -63.82940 345.246034      99.97 0.0000e+00   2200.358      52810  1028.3061  1028.3043    34.4387    34.4361    7.92758         27 0.0000e+00
    143.000    141.550     0.5276  29.123936     0.5369  29.133011     5.3545     5.3957     0.0285    90.9071 1.0000e-12  -64.87076  -63.82940 345.246048      99.97 0.0000e+00   2201.561      52838  1028.2982  1028.2986    34.4323    34.4338    7.93261         31 0.0000e+00
    142.000    140.561     0.5184  29.112516     0.5058  29.098179     5.3907     5.4346     0.0413    90.9281 1.0000e-12  -64.87075  -63.82940 345.246064      99.97 0.0000e+00   2202.923      52871  1028.2908  1028.2883    34.4282    34.4236    7.93471         32 0.0000e+00
    141.000    139.571     0.5066  29.099950     0.4934  29.085592     5.4714     5.4939     0.0374    90.9300 1.0000e-12  -64.87074  -63.82940 345.246079      99.97 0.0000e+00   2204.199      52902  1028.2848  1028.2827    34.4256    34.4216    7.93729         30 0.0000e+00
    140.000    138.583     0.4506  29.041728     0.4344  29.022356     5.4418     5.5252     0.0386    90.9348 1.0000e-12  -64.87074  -63.82940 345.246092      99.97 0.0000e+00   2205.329      52929  1028.2744  1028.2699    34.4125    34.4052    7.94952         25 0.0000e+00
    139.000    137.593     0.4421  29.028514     0.4020  28.986454     5.4185     5.5215     0.0458    90.9108 1.0000e-12  -64.87074  -63.82938 345.246105      99.97 0.0000e+00   2206.454      52956  1028.2641  1028.2592    34.4052    34.3950    7.95166         30 0.0000e+00
    138.000    136.603     0.4642  29.049399     0.4107  28.991330     5.4841     5.5196     0.0420    90.8749 1.0000e-12  -64.87074  -63.82938 345.246124      99.97 0.0000e+00   2208.137      52996  1028.2598  1028.2513    34.4085    34.3922    7.94694         41 0.0000e+00
    137.000    135.614     0.3966  28.976910     0.4035  28.983548     5.6051     5.6032     0.0384    90.8977 1.0000e-12  -64.87074  -63.82939 345.246150      99.97 0.0000e+00   2210.394      53050  1028.2453  1028.2450    34.3897    34.3906    7.96192         35 0.0000e+00
    136.000    134.622     0.3528  28.935451     0.3348  28.917744     5.6965     5.6767     0.0405    90.8832 1.0000e-12  -64.87074  -63.82939 345.246165      99.97 0.0000e+00   2211.665      53081  1028.2399  1028.2385    34.3848    34.3815    7.97124         24 0.0000e+00
    135.000    133.634     0.2741  28.849757     0.2586  28.832641     5.6619     5.6746     0.0378    90.8858 1.0000e-12  -64.87074  -63.82938 345.246176      99.97 0.0000e+00   2212.632      53104  1028.2221  1028.2188    34.3607    34.3555    7.98887         23 0.0000e+00
    134.000    132.645     0.2536  28.823869     0.2422  28.811410     5.6356     5.6588     0.0503    90.8682 1.0000e-12  -64.87074  -63.82938 345.246188      99.97 0.0000e+00   2213.681      53129  1028.2099  1028.2075    34.3502    34.3465    7.99372         29 0.0000e+00
    133.000    131.656     0.2993  28.872722     0.2829  28.852006     5.6059     5.6486     0.0573    90.8712 1.0000e-12  -64.87074  -63.82938 345.246206      99.97 0.0000e+00   2215.218      53166  1028.2114  1028.2052    34.3639    34.3550    7.98346         40 0.0000e+00
    132.000    130.665     0.2931  28.864493     0.2835  28.855539     5.6047     5.6933     0.0505    90.8747 1.0000e-12  -64.87072  -63.82936 345.246228      99.97 0.0000e+00   2217.067      53211  1028.2041  1028.2037    34.3607    34.3596    7.98494         37 0.0000e+00
    131.000    129.676     0.2750  28.846793     0.2418  28.814049     5.7404     5.7368     0.0509    90.8664 1.0000e-12  -64.87072  -63.82936 345.246243      99.97 0.0000e+00   2218.401      53243  1028.1984  1028.1960    34.3582    34.3522    7.98882         30 0.0000e+00
    130.000    128.686     0.1872  28.753574     0.1483  28.704837     5.7487     5.7869     0.0502    90.8721 1.0000e-12  -64.87072  -63.82936 345.246257      99.97 0.0000e+00   2219.599      53271  1028.1814  1028.1675    34.3342    34.3134    8.00843         29 0.0000e+00
    129.000    127.697     0.1431  28.696803     0.1160  28.667124     5.7160     5.7683     0.0613    90.8721 1.0000e-12  -64.87072  -63.82936 345.246273      99.97 0.0000e+00   2220.961      53304  1028.1595  1028.1541    34.3092    34.3003    8.01903         35 0.0000e+00
    128.000    126.707     0.1684  28.726544     0.1533  28.705297     5.7751     5.8233     0.0625    90.8429 1.0000e-12  -64.87072  -63.82936 345.246295      99.96 0.0000e+00   2222.887      53350  1028.1609  1028.1525    34.3207    34.3096    8.01309         37 0.0000e+00
    127.000    125.717     0.1269  28.677297     0.1065  28.659383     5.9396     5.9519     0.0655    90.8040 1.0000e-12  -64.87072  -63.82936 345.246318      99.97 0.0000e+00   2224.910      53399  1028.1442  1028.1448    34.3028    34.3019    8.02277         32 0.0000e+00
    126.000    124.728     0.0797  28.622615     0.0654  28.607963     6.0420     6.0161     0.0602    90.7974 1.0000e-12  -64.87072  -63.82936 345.246333      99.97 0.0000e+00   2226.169      53429  1028.1278  1028.1256    34.2839    34.2805    8.03370         24 0.0000e+00
    125.000    123.738     0.0722  28.618545     0.0415  28.579049     6.0830     6.0575     0.0617    90.8005 1.0000e-12  -64.87072  -63.82936 345.246344      99.97 0.0000e+00   2227.098      53451  1028.1260  1028.1137    34.2876    34.2697    8.03508         21 0.0000e+00
    124.000    122.750     0.0411  28.578488     0.0329  28.568462     6.1001     6.0762     0.0686    90.7357 1.0000e-12  -64.87072  -63.82936 345.246354      99.97 0.0000e+00   2227.955      53472  1028.1093  1028.1061    34.2699    34.2658    8.04257         21 0.0000e+00
    123.000    121.759     0.0323  28.569378     0.0254  28.558807     6.0785     6.0679     0.0758    90.7248 1.0000e-12  -64.87072  -63.82935 345.246364      99.97 0.0000e+00   2228.877      53494  1028.1034  1028.0985    34.2683    34.2621    8.04452         24 0.0000e+00
    122.000    120.771     0.0239  28.556231     0.0203  28.551417     6.0842     6.0880     0.0773    90.6977 1.0000e-12  -64.87072  -63.82934 345.246392      99.97 0.0000e+00   2231.301      53552  1028.0925  1028.0905    34.2610    34.2587    8.04670         40 0.0000e+00
    121.000    119.780    -0.0019  28.523017    -0.0020  28.521918     6.1784     6.2096     0.0727    90.6846 1.0000e-12  -64.87072  -63.82934 345.246441      99.97 0.0000e+00   2235.516      53653  1028.0766  1028.0755    34.2464    34.2451    8.05294         28 0.0000e+00
    120.000    118.793     0.0135  28.544777     0.0055  28.534958     6.2033     6.2349     0.0729    90.6686 1.0000e-12  -64.87072  -63.82934 345.246451      99.97 0.0000e+00   2236.337      53673  1028.0802  1028.0774    34.2586    34.2545    8.04902         20 0.0000e+00
    119.000    117.800    -0.0039  28.522244    -0.0143  28.507887     6.1919     6.2375     0.0658    90.6326 1.0000e-12  -64.87072  -63.82934 345.246460      99.96 0.0000e+00   2237.154      53693  1028.0688  1028.0635    34.2489    34.2414    8.05323         20 0.0000e+00
    118.000    116.810    -0.0109  28.511563    -0.0161  28.504737     6.1750     6.2265     0.0749    90.6054 1.0000e-12  -64.87072  -63.82934 345.246470      99.97 0.0000e+00   2238.023      53714  1028.0598  1028.0575    34.2431    34.2399    8.05502         23 0.0000e+00
    117.000    115.820     0.0017  28.527356    -0.0130  28.507169     6.1760     6.2206     0.0986    90.5778 1.0000e-12  -64.87072  -63.82934 345.246484      99.97 0.0000e+00   2239.224      53742  1028.0597  1028.0525    34.2505    34.2402    8.05195         32 0.0000e+00
    116.000    114.833    -0.0136  28.507929    -0.0077  28.515079     6.2431     6.2476     0.0920    90.5912 1.0000e-12  -64.87070  -63.82931 345.246532      99.97 0.0000e+00   2243.369      53842  1028.0491  1028.0511    34.2425    34.2454    8.05562         35 0.0000e+00
    115.000    113.841    -0.0192  28.499686    -0.0198  28.498175     6.2513     6.2771     0.0833    90.5719 1.0000e-12  -64.87070  -63.82931 345.246557      99.97 0.0000e+00   2245.538      53894  1028.0413  1028.0403    34.2385    34.2372    8.05703         36 0.0000e+00
    114.000    112.852    -0.0165  28.503212    -0.0191  28.498648     6.2648     6.2982     0.0878    90.5692 1.0000e-12  -64.87070  -63.82931 345.246575      99.97 0.0000e+00   2247.087      53931  1028.0380  1028.0356    34.2408    34.2376    8.05634         38 0.0000e+00
    113.000    111.862    -0.0219  28.495256    -0.0234  28.492002     6.2582     6.3015     0.1092    90.5309 1.0000e-12  -64.87070  -63.82930 345.246595      99.97 0.0000e+00   2248.790      53972  1028.0303  1028.0283    34.2368    34.2342    8.05769         42 0.0000e+00
    112.000    110.874    -0.0208  28.495804    -0.0237  28.491114     6.2504     6.2981     0.1159    90.5332 1.0000e-12  -64.87070  -63.82930 345.246614      99.97 0.0000e+00   2250.472      54012  1028.0255  1028.0232    34.2370    34.2339    8.05745         38 0.0000e+00
    111.000    109.882    -0.0227  28.492736    -0.0207  28.494283     6.2686     6.2899     0.1198    90.5187 1.0000e-12  -64.87070  -63.82930 345.246636      99.97 0.0000e+00   2252.334      54057  1028.0197  1028.0194    34.2357    34.2355    8.05793         35 0.0000e+00
