NBP2113_155081_ctd/data/unbp2113_026.cnv
* Sea-Bird SBE 9 Data File:
* FileName = D:\Data\raw\NBP2113_026.hex
* Software Version Seasave V 7.26.7.121
* Temperature SN = 2438
* Conductivity SN = 2067
* Number of Bytes Per Scan = 40
* Number of Voltage Words = 5
* Number of Scans Averaged by the Deck Unit = 1
* NMEA Latitude = 68 01.82 S
* NMEA Longitude = 069 17.18 W
* NMEA UTC (Time) = Dec 04 2021  00:09:45
* NMEA baud rate = 9600
** Ship: RVIB N.B. Palmer
** Cruise: NBP2113 LTER
** Station: 200.-040
** Operator: S. Blackman
# nquan = 25
# nvalues = 462                         
# units = specified
# name 0 = prDM: Pressure, Digiquartz [db]
# name 1 = depSM: Depth [salt water, m]
# name 2 = t090C: Temperature [ITS-90, deg C]
# name 3 = c0mS/cm: Conductivity [mS/cm]
# name 4 = t190C: Temperature, 2 [ITS-90, deg C]
# name 5 = c1mS/cm: Conductivity, 2 [mS/cm]
# name 6 = sbeox0ML/L: Oxygen, SBE 43 [ml/l]
# name 7 = sbeox1ML/L: Oxygen, SBE 43, 2 [ml/l]
# name 8 = flECO-AFL: Fluorescence, WET Labs ECO-AFL/FL [mg/m^3]
# name 9 = CStarTr0: Beam Transmission, WET Labs C-Star [%]
# name 10 = par: PAR/Irradiance, Biospherical/Licor
# name 11 = latitude: Latitude [deg]
# name 12 = longitude: Longitude [deg]
# name 13 = timeJ: Julian Days
# name 14 = altM: Altimeter [m]
# name 15 = spar: SPAR, Biospherical/Licor
# name 16 = timeS: Time, Elapsed [seconds]
# name 17 = scan: Scan Count
# name 18 = density00: Density [density, kg/m^3]
# name 19 = density11: Density, 2 [density, kg/m^3]
# name 20 = sal00: Salinity, Practical [PSU]
# name 21 = sal11: Salinity, Practical, 2 [PSU]
# name 22 = oxsolML/L: Oxygen Saturation, Garcia & Gordon [ml/l]
# name 23 = nbin: number of scans per bin
# name 24 = flag: flag
# span 0 =      1.000,    462.000       
# span 1 =      0.988,    456.865       
# span 2 =    -1.2327,     1.4052       
# span 3 =  27.181627,  30.200774       
# span 4 =    -1.2336,     1.4053       
# span 5 =  27.176603,  30.199163       
# span 6 =    -5.6839,    29.7610       
# span 7 =     4.0479,    10.4876       
# span 8 =    -0.0200,     2.4389       
# span 9 =    88.8434,    96.9098       
# span 10 = 1.0000e-12, 1.2093e+02      
# span 11 =  -68.02984,  -68.02888      
# span 12 =  -69.29210,  -69.28794      
# span 13 = 338.019570, 338.031518      
# span 14 =      -0.47,     104.33      
# span 15 = 1.1282e+02, 1.6044e+02      
# span 16 =   1105.826,   2138.186      
# span 17 =      26541,      51317      
# span 18 =  1027.1737,  1029.9449      
# span 19 =  1027.1726,  1029.9438      
# span 20 =    33.7863,    34.6922      
# span 21 =    33.7847,    34.6909      
# span 22 =    7.74244,    8.34155      
# span 23 =         11,         45      
# span 24 = 0.0000e+00, 0.0000e+00      
# interval = decibars: 1                
# start_time = Dec 04 2021 00:09:45 [NMEA time, header]
# bad_flag = -9.990e-29
*END*
[from data line 406]
     56.000     55.432    -1.2139  27.217304    -1.2206  27.209835     7.6206     7.6697     0.3829    94.1484 1.0006e-01  -68.02908  -69.29126 338.029476      99.97 1.1988e+02   1961.709      47082  1027.5312  1027.5295    33.8907    33.8882    8.33594         26 0.0000e+00
     55.000     54.442    -1.2158  27.214847    -1.2233  27.206149     7.6212     7.6673     0.4381    94.1430 1.1312e-01  -68.02908  -69.29128 338.029489      99.97 1.1988e+02   1962.812      47108  1027.5260  1027.5236    33.8902    33.8867    8.33641         28 0.0000e+00
     54.000     53.453    -1.2178  27.211840    -1.2191  27.209236     7.6352     7.6650     0.4694    94.1120 1.2249e-01  -68.02908  -69.29130 338.029505      99.97 1.1988e+02   1964.236      47143  1027.5203  1027.5186    33.8890    33.8868    8.33693         31 0.0000e+00
     53.000     52.463    -1.2184  27.206547    -1.2180  27.206698     7.6977     7.7068     0.4450    94.0726 1.2326e-01  -68.02906  -69.29130 338.029545      99.97 1.1988e+02   1967.660      47225  1027.5106  1027.5103    33.8830    33.8827    8.33740         33 0.0000e+00
     52.000     51.473    -1.2181  27.207258    -1.2181  27.207501     7.7543     7.7482     0.4152    94.0752 1.3443e-01  -68.02906  -69.29130 338.029561      99.97 1.1988e+02   1969.096      47259  1027.5068  1027.5071    33.8842    33.8846    8.33726         25 0.0000e+00
     51.000     50.483    -1.2293  27.187484    -1.2311  27.183139     7.7525     7.7532     0.4076    94.0520 1.4951e-01  -68.02906  -69.29128 338.029573      99.97 1.1988e+02   1970.088      47283  1027.4915  1027.4884    33.8705    33.8665    8.34059         24 0.0000e+00
     50.000     49.494    -1.2327  27.181627    -1.2325  27.181347     7.7444     7.7462     0.5265    93.9259 1.6914e-01  -68.02906  -69.29128 338.029591      99.97 1.1943e+02   1971.663      47321  1027.4838  1027.4833    33.8668    33.8662    8.34155         39 0.0000e+00
     49.000     48.505    -1.2303  27.184965    -1.2288  27.185727     7.7568     7.8049     0.4610    93.9379 1.9206e-01  -68.02906  -69.29132 338.029620      99.97 1.1809e+02   1974.159      47381  1027.4809  1027.4803    33.8694    33.8687    8.34087         36 0.0000e+00
     48.000     47.514    -1.2281  27.181686    -1.2336  27.176603     7.7913     7.8268     0.4733    93.9146 2.1472e-01  -68.02906  -69.29134 338.029634      99.97 1.1818e+02   1975.361      47410  1027.4707  1027.4704    33.8630    33.8622    8.34076         26 0.0000e+00
     47.000     46.525    -1.2080  27.197907    -1.1290  27.257251     7.8482     7.8357     0.5091    93.6378 2.3667e-01  -68.02906  -69.29135 338.029650      99.97 1.1911e+02   1976.796      47444  1027.4648  1027.4534    33.8631    33.8550    8.33627         34 0.0000e+00
     46.000     45.535    -1.1211  27.260113    -1.1300  27.252026     7.8955     7.8798     0.5748    92.7617 2.5003e-01  -68.02906  -69.29135 338.029712      99.97 1.1810e+02   1982.143      47572  1027.4457  1027.4454    33.8507    33.8496    8.31766         32 0.0000e+00
     45.000     44.545    -1.1238  27.255828    -1.1611  27.226960     7.9140     7.8965     0.7023    92.7353 2.7959e-01  -68.02906  -69.29135 338.029730      99.97 1.1811e+02   1983.636      47608  1027.4396  1027.4439    33.8485    33.8512    8.31839         38 0.0000e+00
     44.000     43.555    -1.1301  27.244802    -1.1392  27.241848     7.9450     7.9322     0.9642    92.5493 3.0244e-01  -68.02905  -69.29136 338.029759      99.97 1.1811e+02   1986.185      47669  1027.4296  1027.4349    33.8412    33.8475    8.32022         35 0.0000e+00
     43.000     42.566    -1.1306  27.239315    -1.1328  27.238955     7.9582     7.9558     0.9865    92.4736 3.4693e-01  -68.02904  -69.29137 338.029788      99.97 1.1811e+02   1988.645      47728  1027.4198  1027.4214    33.8348    33.8368    8.32070         33 0.0000e+00
     42.000     41.574    -1.1232  27.243779    -1.1251  27.241287     8.0022     7.9855     0.9363    92.3835 3.8835e-01  -68.02904  -69.29141 338.029821      99.97 1.1811e+02   1991.540      47798  1027.4134  1027.4123    33.8332    33.8319    8.31915         38 0.0000e+00
     41.000     40.587    -1.1045  27.255955    -1.1000  27.258028     7.9812     8.0263     1.0250    91.7815 3.9254e-01  -68.02904  -69.29142 338.029872      99.96 1.1811e+02   1995.956      47904  1027.4048  1027.4025    33.8294    33.8272    8.31523         31 0.0000e+00
     40.000     39.594    -1.0918  27.265501    -1.0900  27.265638     8.0360     8.0654     1.0338    91.8157 4.3719e-01  -68.02903  -69.29145 338.029962      99.97 1.1800e+02   2003.749      48091  1027.3992  1027.3975    33.8287    33.8269    8.31246         32 0.0000e+00
     39.000     38.607    -1.0222  27.317232    -1.0238  27.314747     8.1088     8.1691     1.1302    91.1510 4.7772e-01  -68.02902  -69.29154 338.030224      99.97 1.1637e+02   2026.377      48634  1027.3857  1027.3846    33.8215    33.8199    8.29745         29 0.0000e+00
     38.000     37.616    -1.0211  27.317281    -1.0159  27.320584     8.1121     8.1706     1.3431    91.0177 5.3746e-01  -68.02902  -69.29155 338.030245      99.97 1.1635e+02   2028.156      48677  1027.3806  1027.3791    33.8210    33.8196    8.29725         42 0.0000e+00
     37.000     36.625    -1.0240  27.314612    -1.0159  27.319601     8.1358     8.1591     1.3818    90.9102 5.9118e-01  -68.02901  -69.29156 338.030274      99.97 1.1635e+02   2030.671      48737  1027.3764  1027.3739    33.8212    33.8189    8.29787         39 0.0000e+00
     36.000     35.638    -1.0152  27.321116    -1.0311  27.307345     8.1396     8.1784     1.4522    90.9291 6.5231e-01  -68.02900  -69.29158 338.030304      99.97 1.1635e+02   2033.253      48799  1027.3707  1027.3710    33.8208    33.8199    8.29596         35 0.0000e+00
     35.000     34.647    -1.0120  27.319982    -1.0100  27.321065     8.1458     8.1801     1.2755    90.8004 7.4228e-01  -68.02900  -69.29158 338.030317      99.97 1.1635e+02   2034.420      48827  1027.3621  1027.3613    33.8162    33.8155    8.29551         23 0.0000e+00
     34.000     33.656    -1.0224  27.308930    -1.0185  27.310033     8.1490     8.1792     1.2696    90.8461 8.4533e-01  -68.02900  -69.29160 338.030328      99.97 1.1635e+02   2035.366      48850  1027.3557  1027.3531    33.8135    33.8106    8.29796         23 0.0000e+00
     33.000     32.666    -1.0111  27.317725    -1.0085  27.318377     8.1455     8.1736     1.4728    90.5374 9.5079e-01  -68.02900  -69.29160 338.030347      99.97 1.1635e+02   2036.985      48889  1027.3502  1027.3484    33.8134    33.8114    8.29548         29 0.0000e+00
     32.000     31.679    -0.9835  27.339651    -1.0138  27.315421     8.1848     8.2031     1.5017    90.3856 1.0126e+00  -68.02900  -69.29160 338.030395      99.97 1.1635e+02   2041.157      48989  1027.3433  1027.3461    33.8128    33.8139    8.28941         35 0.0000e+00
     31.000     30.687    -0.9942  27.330398    -1.0034  27.322360     8.1949     8.2118     1.4476    90.1603 1.1781e+00  -68.02900  -69.29160 338.030408      99.97 1.1635e+02   2042.280      49016  1027.3394  1027.3393    33.8129    33.8123    8.29177         30 0.0000e+00
     30.000     29.699    -0.9693  27.349035    -0.9579  27.356166     8.2057     8.2171     1.6610    89.7524 1.3791e+00  -68.02900  -69.29162 338.030423      99.97 1.1635e+02   2043.575      49047  1027.3315  1027.3280    33.8109    33.8077    8.28640         35 0.0000e+00
     29.000     28.707    -0.9573  27.356857    -0.9741  27.344091     8.1983     8.2171     1.9551    89.3451 1.5712e+00  -68.02900  -69.29164 338.030445      99.97 1.1635e+02   2045.415      49091  1027.3244  1027.3266    33.8087    33.8102    8.28389         39 0.0000e+00
     28.000     27.718    -0.9420  27.369371    -0.9640  27.351085     8.2220     8.2268     2.0175    89.4471 1.6043e+00  -68.02900  -69.29166 338.030476      99.97 1.1635e+02   2048.142      49156  1027.3193  1027.3204    33.8091    33.8089    8.28048         25 0.0000e+00
     27.000     26.728    -0.9437  27.366744    -0.9451  27.364512     8.1817     8.2421     2.0595    89.0542 1.9639e+00  -68.02898  -69.29167 338.030540      99.97 1.1635e+02   2053.666      49289  1027.3144  1027.3130    33.8081    33.8066    8.28092         32 0.0000e+00
     26.000     25.739    -0.9581  27.355279    -0.9571  27.354832     8.1994     8.2472     1.8880    89.1392 2.1397e+00  -68.02898  -69.29168 338.030559      99.96 1.1635e+02   2055.290      49328  1027.3116  1027.3100    33.8093    33.8076    8.28403         32 0.0000e+00
     25.000     24.747    -0.9480  27.361802    -0.9472  27.360316     8.1927     8.2433     2.1652    88.9067 2.3365e+00  -68.02898  -69.29169 338.030583      99.97 1.1631e+02   2057.395      49378  1027.3047  1027.3021    33.8074    33.8045    8.28190         40 0.0000e+00
     24.000     23.759    -0.9571  27.350726    -0.9575  27.349305     8.2187     8.2718     2.0865    88.8529 2.7506e+00  -68.02894  -69.29186 338.031083      99.97 1.1457e+02   2100.561      50414  1027.2972  1027.2960    33.8032    33.8017    8.28416         31 0.0000e+00
     23.000     22.769    -0.9671  27.340977    -0.9691  27.337953     8.2366     8.2871     2.1270    88.9444 3.2973e+00  -68.02894  -69.29187 338.031095      99.97 1.1459e+02   2101.636      50440  1027.2918  1027.2904    33.8017    33.7999    8.28644         26 0.0000e+00
     22.000     21.779    -0.9725  27.334975    -0.9741  27.332163     8.2570     8.2956     2.0699    89.0276 3.7090e+00  -68.02894  -69.29189 338.031108      99.97 1.1459e+02   2102.692      50466  1027.2862  1027.2846    33.8003    33.7983    8.28773         24 0.0000e+00
     21.000     20.789    -0.9792  27.327804    -0.9862  27.319773     8.2470     8.2880     2.0444    88.9271 4.0219e+00  -68.02894  -69.29190 338.031120      99.97 1.1459e+02   2103.768      50491  1027.2804  1027.2783    33.7987    33.7956    8.28929         28 0.0000e+00
     20.000     19.799    -0.9832  27.322743    -0.9826  27.323057     8.2708     8.2944     2.0612    89.0544 4.3049e+00  -68.02894  -69.29192 338.031148      99.97 1.1430e+02   2106.183      50549  1027.2743  1027.2739    33.7969    33.7967    8.29028         38 0.0000e+00
     19.000     18.810    -0.9909  27.313629    -0.9898  27.313703     8.2873     8.3290     2.2184    89.0079 4.9597e+00  -68.02894  -69.29194 338.031190      99.97 1.1459e+02   2109.776      50636  1027.2672  1027.2663    33.7938    33.7927    8.29218         32 0.0000e+00
     18.000     17.819    -0.9874  27.316745    -0.9877  27.315332     8.3022     8.3403     2.0460    89.0590 5.6383e+00  -68.02894  -69.29194 338.031204      99.97 1.1459e+02   2111.009      50665  1027.2628  1027.2615    33.7947    33.7931    8.29133         31 0.0000e+00
     17.000     16.830    -0.9910  27.311904    -0.9911  27.310422     8.3176     8.3453     2.1725    89.0831 6.2485e+00  -68.02894  -69.29194 338.031224      99.97 1.1441e+02   2112.761      50707  1027.2566  1027.2551    33.7928    33.7909    8.29225         43 0.0000e+00
     16.000     15.839    -0.9919  27.309976    -0.9919  27.308481     8.3200     8.3623     2.4389    89.1880 7.0992e+00  -68.02893  -69.29194 338.031245      99.97 1.1431e+02   2114.605      50752  1027.2510  1027.2494    33.7918    33.7898    8.29251         32 0.0000e+00
     15.000     14.850    -0.9919  27.308705    -0.9918  27.307720     8.3229     8.3644     2.3332    89.1655 8.2606e+00  -68.02892  -69.29195 338.031257      99.97 1.1322e+02   2115.643      50776  1027.2453  1027.2441    33.7907    33.7892    8.29258         22 0.0000e+00
     14.000     13.861    -0.9885  27.309722    -0.9873  27.309130     8.3282     8.3701     2.1929    89.0948 9.6388e+00  -68.02892  -69.29196 338.031268      99.97 1.1282e+02   2116.579      50799  1027.2387  1027.2369    33.7889    33.7867    8.29193         23 0.0000e+00
     13.000     12.869    -0.9892  27.309497    -0.9878  27.308721     8.3451     8.3766     2.1372    89.0712 1.1388e+01  -68.02892  -69.29197 338.031286      99.96 1.1282e+02   2118.074      50835  1027.2349  1027.2326    33.7900    33.7873    8.29202         35 0.0000e+00
     12.000     11.878    -0.9839  27.311273    -0.9839  27.310044     8.3272     8.3891     2.2111    89.0930 1.3035e+01  -68.02892  -69.29201 338.031339      99.97 1.1282e+02   2122.663      50945  1027.2273  1027.2260    33.7870    33.7854    8.29101         34 0.0000e+00
     11.000     10.890    -0.9855  27.310228    -0.9863  27.308575     8.3567     8.3956     2.1521    89.0046 1.4587e+01  -68.02892  -69.29202 338.031355      99.97 1.1282e+02   2124.032      50978  1027.2234  1027.2224    33.7881    33.7867    8.29131         29 0.0000e+00
     10.000      9.899    -0.9832  27.310801    -0.9827  27.309953     8.3582     8.3975     2.0856    89.0423 1.6804e+01  -68.02890  -69.29203 338.031370      99.97 1.1282e+02   2125.372      51010  1027.2176  1027.2161    33.7869    33.7851    8.29088         37 0.0000e+00
      9.000      8.911    -0.9812  27.311791    -0.9827  27.309478     8.8187     8.3969     2.0847    88.9967 1.9610e+01  -68.02890  -69.29202 338.031391      99.97 1.1282e+02   2127.204      51054  1027.2124  1027.2113    33.7866    33.7852    8.29044         39 0.0000e+00
      8.000      7.920    -0.9799  27.312340    -0.9812  27.310085     8.3511     8.3981     2.2241    89.0005 2.3035e+01  -68.02890  -69.29202 338.031414      99.97 1.1282e+02   2129.134      51100  1027.2074  1027.2062    33.7864    33.7849    8.29016         39 0.0000e+00
      7.000      6.930    -0.9781  27.313232    -0.9799  27.310605     8.4328     8.3922     2.1601    89.0277 2.6813e+01  -68.02890  -69.29203 338.031435      99.97 1.1282e+02   2131.026      51146  1027.2024  1027.2012    33.7863    33.7847    8.28978         36 0.0000e+00
      6.000      5.940    -0.9762  27.314499    -0.9771  27.312519     9.3203     8.3871     2.0435    88.9966 3.0875e+01  -68.02890  -69.29204 338.031450      99.97 1.1282e+02   2132.283      51176  1027.1976  1027.1963    33.7865    33.7848    8.28934         25 0.0000e+00
      5.000      4.951    -0.9682  27.320681    -0.9669  27.320687    15.0469     8.3864     1.9843    88.9332 3.4635e+01  -68.02890  -69.29204 338.031461      99.97 1.1282e+02   2133.263      51199  1027.1924  1027.1911    33.7865    33.7851    8.28758         26 0.0000e+00
      4.000      3.960    -0.9685  27.320230    -0.9678  27.319353    29.7610     9.5120     2.1987    88.8736 4.2892e+01  -68.02890  -69.29206 338.031482      83.57 1.1282e+02   2135.041      51242  1027.1880  1027.1864    33.7869    33.7850    8.28762         37 0.0000e+00
      3.000      2.970    -0.9690  27.319138    -0.9695  27.317604    -5.6839    10.4876     2.2210    88.8749 4.7979e+01  -68.02890  -69.29208 338.031500      -0.47 1.1282e+02   2136.557      51278  1027.1830  1027.1818    33.7866    33.7851    8.28775         24 0.0000e+00
      2.000      1.982    -0.9683  27.319257    -0.9688  27.317848     0.2801    10.4302     2.2086    88.8600 5.8728e+01  -68.02890  -69.29208 338.031509       1.80 1.1282e+02   2137.412      51299  1027.1782  1027.1771    33.7866    33.7853    8.28760         18 0.0000e+00
      1.000      0.988    -0.9698  27.317746    -0.9703  27.316357     5.6969    10.2768     2.2343    88.8434 1.2093e+02  -68.02888  -69.29210 338.031518       1.67 1.1282e+02   2138.186      51317  1027.1737  1027.1726    33.7868    33.7855    8.28791         20 0.0000e+00
