NBP2113_155081_ctd/data/unbp2113_065.cnv
* Sea-Bird SBE 9 Data File:
* FileName = D:\Data\raw\NBP2113_065.hex
* Software Version Seasave V 7.26.7.121
* Temperature SN = 2438
* Conductivity SN = 2067
* Number of Bytes Per Scan = 40
* Number of Voltage Words = 5
* Number of Scans Averaged by the Deck Unit = 1
* NMEA Latitude = 64 10.49 S
* NMEA Longitude = 061 56.61 W
* NMEA UTC (Time) = Dec 14 2021  14:58:16
* NMEA baud rate = 9600
** Ship: RVIB N.B. Palmer
** Cruise: NBP2113 LTER
** Station: 741.005
** Operator: B. Urmston
# nquan = 25
# nvalues = 671                         
# units = specified
# name 0 = prDM: Pressure, Digiquartz [db]
# name 1 = depSM: Depth [salt water, m]
# name 2 = t090C: Temperature [ITS-90, deg C]
# name 3 = c0mS/cm: Conductivity [mS/cm]
# name 4 = t190C: Temperature, 2 [ITS-90, deg C]
# name 5 = c1mS/cm: Conductivity, 2 [mS/cm]
# name 6 = sbeox0ML/L: Oxygen, SBE 43 [ml/l]
# name 7 = sbeox1ML/L: Oxygen, SBE 43, 2 [ml/l]
# name 8 = flECO-AFL: Fluorescence, WET Labs ECO-AFL/FL [mg/m^3]
# name 9 = CStarTr0: Beam Transmission, WET Labs C-Star [%]
# name 10 = par: PAR/Irradiance, Biospherical/Licor
# name 11 = latitude: Latitude [deg]
# name 12 = longitude: Longitude [deg]
# name 13 = timeJ: Julian Days
# name 14 = altM: Altimeter [m]
# name 15 = spar: SPAR, Biospherical/Licor
# name 16 = timeS: Time, Elapsed [seconds]
# name 17 = scan: Scan Count
# name 18 = density00: Density [density, kg/m^3]
# name 19 = density11: Density, 2 [density, kg/m^3]
# name 20 = sal00: Salinity, Practical [PSU]
# name 21 = sal11: Salinity, Practical, 2 [PSU]
# name 22 = oxsolML/L: Oxygen Saturation, Garcia & Gordon [ml/l]
# name 23 = nbin: number of scans per bin
# name 24 = flag: flag
# span 0 =      1.000,    671.000       
# span 1 =      0.991,    663.388       
# span 2 =    -0.6462,     0.4502       
# span 3 =  28.438985,  29.119730       
# span 4 =    -0.6468,     0.4505       
# span 5 =  28.436983,  29.119969       
# span 6 =     5.2592,    20.6485       
# span 7 =     5.3832,     7.5813       
# span 8 =    -0.0297,     1.3733       
# span 9 =    83.5157,    89.7156       
# span 10 = 1.0000e-12, 6.9565e+02      
# span 11 =  -64.17450,  -64.17414      
# span 12 =  -61.94260,  -61.94192      
# span 13 = 348.638562, 348.648197      
# span 14 =      10.33,      99.97      
# span 15 = 4.8127e+02, 6.1888e+02      
# span 16 =   1275.740,   2108.263      
# span 17 =      30619,      50599      
# span 18 =  1027.3291,  1030.9485      
# span 19 =  1027.3279,  1030.9472      
# span 20 =    34.0527,    34.5354      
# span 21 =    34.0512,    34.5338      
# span 22 =    7.94611,    8.17390      
# span 23 =         24,         49      
# span 24 = 0.0000e+00, 0.0000e+00      
# interval = decibars: 1                
# start_time = Dec 14 2021 14:58:16 [NMEA time, header]
# bad_flag = -9.990e-29
*END*
[from data line 464]
    207.000    204.881     0.4466  29.117953     0.4505  29.119969     5.2901     5.3895     0.0204    89.4675 1.0000e-12  -64.17448  -61.94256 348.644995      99.97 5.7999e+02   1831.545      43958  1028.6373  1028.6356    34.4767    34.4750    7.94678         29 0.0000e+00
    206.000    203.890     0.4501  29.119730     0.4500  29.118838     5.3003     5.3889     0.0137    89.4656 1.0000e-12  -64.17448  -61.94256 348.645009      99.97 5.7999e+02   1832.798      43988  1028.6321  1028.6313    34.4757    34.4747    7.94611         30 0.0000e+00
    205.000    202.902     0.4502  29.118825     0.4479  29.116043     5.3135     5.3928     0.0161    89.4648 1.0000e-12  -64.17448  -61.94255 348.645023      99.97 5.7999e+02   1834.007      44017  1028.6274  1028.6267    34.4751    34.4740    7.94614         29 0.0000e+00
    204.000    201.912     0.4495  29.117528     0.4494  29.116102     5.3105     5.3891     0.0184    89.4726 1.0000e-12  -64.17448  -61.94254 348.645037      99.97 5.7999e+02   1835.175      44045  1028.6227  1028.6215    34.4746    34.4730    7.94629         27 0.0000e+00
    203.000    200.924     0.4489  29.115827     0.4486  29.114403     5.3132     5.3934     0.0173    89.4773 1.0000e-12  -64.17448  -61.94254 348.645050      99.97 5.7999e+02   1836.341      44073  1028.6177  1028.6166    34.4737    34.4723    7.94647         29 0.0000e+00
    202.000    199.934     0.4489  29.114790     0.4479  29.113083     5.3190     5.3969     0.0211    89.4695 1.0000e-12  -64.17448  -61.94254 348.645064      99.97 5.7999e+02   1837.515      44101  1028.6127  1028.6119    34.4730    34.4718    7.94652         28 0.0000e+00
    201.000    198.945     0.4470  29.112459     0.4459  29.110448     5.3294     5.3992     0.0213    89.4722 1.0000e-12  -64.17448  -61.94254 348.645077      99.97 5.7999e+02   1838.688      44130  1028.6081  1028.6071    34.4727    34.4713    7.94693         28 0.0000e+00
    200.000    197.956     0.4450  29.109711     0.4433  29.107207     5.3236     5.4002     0.0158    89.4759 1.0000e-12  -64.17448  -61.94254 348.645091      99.97 5.7999e+02   1839.865      44158  1028.6032  1028.6022    34.4719    34.4705    7.94738         28 0.0000e+00
    199.000    196.966     0.4423  29.106501     0.4424  29.105914     5.3212     5.3998     0.0137    89.4338 1.0000e-12  -64.17448  -61.94254 348.645105      99.97 5.8135e+02   1841.064      44187  1028.5984  1028.5976    34.4713    34.4704    7.94797         29 0.0000e+00
    198.000    195.976     0.4414  29.104977     0.4403  29.103130     5.3199     5.4037     0.0194    89.4821 1.0000e-12  -64.17448  -61.94254 348.645119      99.97 5.8175e+02   1842.260      44215  1028.5936  1028.5926    34.4709    34.4697    7.94817         29 0.0000e+00
    197.000    194.987     0.4406  29.103589     0.4397  29.101980     5.3204     5.4050     0.0143    89.4687 1.0000e-12  -64.17448  -61.94254 348.645132      99.97 5.8175e+02   1843.417      44243  1028.5888  1028.5878    34.4706    34.4694    7.94836         27 0.0000e+00
    196.000    193.998     0.4401  29.102767     0.4396  29.101324     5.3264     5.4051     0.0201    89.4568 1.0000e-12  -64.17447  -61.94252 348.645146      99.97 5.8223e+02   1844.581      44271  1028.5841  1028.5832    34.4706    34.4694    7.94845         29 0.0000e+00
    195.000    193.009     0.4390  29.101107     0.4385  29.099864     5.3328     5.4057     0.0150    89.4511 1.0000e-12  -64.17446  -61.94252 348.645160      99.97 5.8350e+02   1845.807      44300  1028.5794  1028.5785    34.4704    34.4693    7.94870         30 0.0000e+00
    194.000    192.020     0.4369  29.098693     0.4356  29.096971     5.3419     5.4166     0.0196    89.4548 1.0000e-12  -64.17446  -61.94252 348.645174      99.96 5.8351e+02   1847.043      44330  1028.5747  1028.5741    34.4701    34.4692    7.94914         28 0.0000e+00
    193.000    191.029     0.4279  29.089715     0.4255  29.086239     5.3547     5.4221     0.0159    89.4573 1.0000e-12  -64.17446  -61.94252 348.645187      99.97 5.8417e+02   1848.181      44357  1028.5699  1028.5686    34.4690    34.4671    7.95105         27 0.0000e+00
    192.000    190.041     0.4251  29.086489     0.4218  29.082649     5.3637     5.4272     0.0189    89.4037 1.0000e-12  -64.17446  -61.94252 348.645200      99.97 5.8528e+02   1849.295      44384  1028.5650  1028.5642    34.4685    34.4671    7.95167         27 0.0000e+00
    191.000    189.051     0.4178  29.078946     0.4176  29.077858     5.3579     5.4318     0.0143    89.4436 1.0000e-12  -64.17446  -61.94252 348.645214      99.97 5.8528e+02   1850.461      44412  1028.5600  1028.5590    34.4673    34.4661    7.95322         29 0.0000e+00
    190.000    188.062     0.4119  29.072692     0.4121  29.071997     5.3618     5.4372     0.0247    89.4590 1.0000e-12  -64.17446  -61.94252 348.645228      99.97 5.8695e+02   1851.709      44442  1028.5549  1028.5540    34.4664    34.4652    7.95450         30 0.0000e+00
    189.000    187.072     0.4075  29.068150     0.4078  29.067687     5.3787     5.4403     0.0319    89.4546 1.0000e-12  -64.17446  -61.94252 348.645242      99.97 5.8704e+02   1852.921      44471  1028.5502  1028.5494    34.4660    34.4650    7.95543         28 0.0000e+00
    188.000    186.084     0.3988  29.059312     0.3997  29.059276     5.3847     5.4481     0.0191    89.4393 1.0000e-12  -64.17446  -61.94252 348.645256      99.97 5.8704e+02   1854.077      44499  1028.5452  1028.5442    34.4647    34.4637    7.95730         28 0.0000e+00
    187.000    185.094     0.3942  29.054488     0.3959  29.055123     5.3923     5.4536     0.0193    89.4382 1.0000e-12  -64.17446  -61.94250 348.645269      99.97 5.8704e+02   1855.217      44526  1028.5403  1028.5392    34.4641    34.4630    7.95827         28 0.0000e+00
    186.000    184.104     0.3898  29.049295     0.3903  29.049100     5.3946     5.4541     0.0210    89.4382 1.0000e-12  -64.17446  -61.94250 348.645282      99.97 5.8775e+02   1856.365      44554  1028.5348  1028.5340    34.4628    34.4619    7.95925         27 0.0000e+00
    185.000    183.116     0.3890  29.047729     0.3891  29.046958     5.3893     5.4484     0.0211    89.4382 1.0000e-12  -64.17446  -61.94250 348.645296      99.97 5.8880e+02   1857.541      44582  1028.5296  1028.5286    34.4623    34.4611    7.95945         29 0.0000e+00
    184.000    182.126     0.3902  29.048085     0.3893  29.046445     5.3851     5.4560     0.0213    89.4382 1.0000e-12  -64.17446  -61.94250 348.645309      99.97 5.8880e+02   1858.727      44610  1028.5244  1028.5235    34.4619    34.4608    7.95921         28 0.0000e+00
    183.000    181.136     0.3869  29.043966     0.3880  29.044427     5.3907     5.4647     0.0153    89.4239 1.0000e-12  -64.17446  -61.94250 348.645323      99.97 5.8966e+02   1859.920      44639  1028.5190  1028.5184    34.4609    34.4603    7.95996         29 0.0000e+00
    182.000    180.148     0.3857  29.042188     0.3851  29.040928     5.4026     5.4723     0.0300    89.4338 1.0000e-12  -64.17446  -61.94250 348.645337      99.97 5.9058e+02   1861.134      44668  1028.5140  1028.5132    34.4605    34.4595    7.96023         29 0.0000e+00
    181.000    179.158     0.3811  29.036919     0.3819  29.036965     5.4125     5.4759     0.0301    89.4382 1.0000e-12  -64.17446  -61.94250 348.645351      99.97 5.9057e+02   1862.343      44697  1028.5087  1028.5079    34.4593    34.4584    7.96124         30 0.0000e+00
    180.000    178.168     0.3771  29.031653     0.3764  29.030309     5.4205     5.4805     0.0165    89.4338 1.0000e-12  -64.17446  -61.94250 348.645365      99.97 5.9057e+02   1863.571      44727  1028.5027  1028.5020    34.4575    34.4565    7.96217         29 0.0000e+00
    179.000    177.178     0.3704  29.023427     0.3720  29.024344     5.4324     5.4899     0.0206    89.4103 1.0000e-12  -64.17445  -61.94249 348.645379      99.97 5.9057e+02   1864.783      44756  1028.4963  1028.4957    34.4547    34.4542    7.96370         28 0.0000e+00
    178.000    176.190     0.3669  29.018850     0.3699  29.021657     5.4307     5.4981     0.0172    89.4298 1.0000e-12  -64.17444  -61.94248 348.645393      99.97 5.9169e+02   1865.927      44783  1028.4906  1028.4906    34.4533    34.4536    7.96451         27 0.0000e+00
    177.000    175.200     0.3659  29.016905     0.3649  29.015073     5.4347     5.4996     0.0178    89.4296 1.0000e-12  -64.17444  -61.94248 348.645406      99.96 5.9233e+02   1867.038      44810  1028.4852  1028.4843    34.4525    34.4512    7.96476         27 0.0000e+00
    176.000    174.211     0.3629  29.013535     0.3631  29.012644     5.4493     5.5128     0.0251    89.4173 1.0000e-12  -64.17444  -61.94248 348.645418      99.97 5.9233e+02   1868.158      44837  1028.4802  1028.4791    34.4519    34.4506    7.96540         27 0.0000e+00
    175.000    173.222     0.3594  29.009162     0.3583  29.007022     5.4745     5.5292     0.0286    89.4209 1.0000e-12  -64.17444  -61.94248 348.645432      99.97 5.9233e+02   1869.317      44865  1028.4747  1028.4736    34.4507    34.4492    7.96619         27 0.0000e+00
    174.000    172.233     0.3504  28.998587     0.3476  28.995114     5.4929     5.5427     0.0338    89.4072 1.0000e-12  -64.17444  -61.94248 348.645446      99.97 5.9164e+02   1870.565      44895  1028.4681  1028.4672    34.4475    34.4461    7.96823         30 0.0000e+00
    173.000    171.242     0.3349  28.980970     0.3398  28.985006     5.4985     5.5515     0.0363    89.4269 1.0000e-12  -64.17444  -61.94248 348.645461      99.97 5.9131e+02   1871.830      44925  1028.4604  1028.4599    34.4423    34.4421    7.97172         28 0.0000e+00
    172.000    170.254     0.3362  28.981043     0.3331  28.976621     5.5181     5.5668     0.0208    89.3905 1.0000e-12  -64.17444  -61.94248 348.645475      99.97 5.9233e+02   1872.999      44953  1028.4548  1028.4533    34.4416    34.4393    7.97150         27 0.0000e+00
    171.000    169.262     0.3304  28.973374     0.3298  28.971985     5.5342     5.5720     0.0279    89.3849 1.0000e-12  -64.17444  -61.94248 348.645488      99.97 5.9233e+02   1874.172      44981  1028.4481  1028.4472    34.4386    34.4374    7.97286         29 0.0000e+00
    170.000    168.275     0.3228  28.963827     0.3233  28.963524     5.5309     5.5801     0.0348    89.3782 1.0000e-12  -64.17444  -61.94246 348.645501      99.97 5.9349e+02   1875.324      45009  1028.4411  1028.4402    34.4352    34.4342    7.97463         27 0.0000e+00
    169.000    167.285     0.3184  28.957439     0.3205  28.959305     5.5354     5.5908     0.0278    89.3629 1.0000e-12  -64.17444  -61.94246 348.645514      99.97 5.9409e+02   1876.437      45035  1028.4344  1028.4342    34.4323    34.4324    7.97570         26 0.0000e+00
    168.000    166.295     0.3152  28.953925     0.3171  28.955264     5.5467     5.5913     0.0307    89.3369 1.0000e-12  -64.17444  -61.94246 348.645528      99.97 5.9409e+02   1877.586      45063  1028.4294  1028.4290    34.4319    34.4315    7.97639         29 0.0000e+00
    167.000    165.306     0.3075  28.944417     0.3123  28.948892     5.5517     5.5999     0.0400    89.3481 1.0000e-12  -64.17444  -61.94246 348.645541      99.97 5.9409e+02   1878.783      45092  1028.4226  1028.4226    34.4286    34.4291    7.97816         28 0.0000e+00
    166.000    164.317     0.3040  28.939857     0.3125  28.949373     5.5647     5.6041     0.0293    89.3399 1.0000e-12  -64.17444  -61.94246 348.645555      99.97 5.9409e+02   1879.927      45119  1028.4168  1028.4184    34.4272    34.4301    7.97897         27 0.0000e+00
    165.000    163.327     0.3002  28.935493     0.3010  28.935394     5.5608     5.6157     0.0382    89.3515 1.0000e-12  -64.17444  -61.94246 348.645568      99.97 5.9409e+02   1881.042      45146  1028.4115  1028.4108    34.4262    34.4252    7.97980         28 0.0000e+00
    164.000    162.336     0.2946  28.928910     0.3041  28.939187     5.5647     5.6276     0.0464    89.3303 1.0000e-12  -64.17444  -61.94244 348.645582      99.97 5.9409e+02   1882.255      45175  1028.4057  1028.4073    34.4245    34.4273    7.98107         30 0.0000e+00
    163.000    161.349     0.2928  28.926126     0.2914  28.924103     5.5818     5.6347     0.0465    89.3241 1.0000e-12  -64.17443  -61.94244 348.645596      99.97 5.9409e+02   1883.505      45205  1028.4001  1028.3995    34.4233    34.4223    7.98149         30 0.0000e+00
    162.000    160.358     0.2868  28.919389     0.2890  28.921087     5.5928     5.6413     0.0436    89.3148 1.0000e-12  -64.17442  -61.94244 348.645610      99.97 5.9409e+02   1884.743      45235  1028.3945  1028.3942    34.4218    34.4215    7.98282         29 0.0000e+00
    161.000    159.368     0.2817  28.913384     0.2883  28.919737     5.6114     5.6489     0.0490    89.3220 1.0000e-12  -64.17442  -61.94244 348.645625      99.97 5.9409e+02   1885.975      45264  1028.3888  1028.3890    34.4202    34.4212    7.98396         29 0.0000e+00
    160.000    158.381     0.2733  28.902748     0.2821  28.912455     5.6275     5.6660     0.0444    89.3189 1.0000e-12  -64.17442  -61.94244 348.645638      99.97 5.9409e+02   1887.140      45292  1028.3815  1028.3832    34.4163    34.4192    7.98594         27 0.0000e+00
    159.000    157.390     0.2637  28.891960     0.2733  28.901367     5.6434     5.6844     0.0293    89.3035 1.0000e-12  -64.17442  -61.94244 348.645651      99.97 5.9409e+02   1888.262      45319  1028.3752  1028.3758    34.4134    34.4151    7.98808         27 0.0000e+00
    158.000    156.400     0.2508  28.876876     0.2623  28.889607     5.6595     5.7047     0.0419    89.2724 1.0000e-12  -64.17442  -61.94244 348.645664      99.97 5.9491e+02   1889.406      45347  1028.3674  1028.3697    34.4086    34.4125    7.99102         28 0.0000e+00
    157.000    155.411     0.2460  28.870635     0.2493  28.873569     5.6622     5.7132     0.0436    89.2608 1.0000e-12  -64.17442  -61.94243 348.645678      99.97 5.9585e+02   1890.539      45374  1028.3612  1028.3611    34.4064    34.4065    7.99215         27 0.0000e+00
    156.000    154.422     0.2417  28.865279     0.2454  28.868654     5.6690     5.7238     0.0286    89.2833 1.0000e-12  -64.17442  -61.94242 348.645691      99.97 5.9585e+02   1891.670      45401  1028.3553  1028.3554    34.4047    34.4050    7.99314         28 0.0000e+00
    155.000    153.432     0.2363  28.858277     0.2419  28.864230     5.6886     5.7315     0.0366    89.2404 1.0000e-12  -64.17442  -61.94242 348.645705      99.97 5.9602e+02   1892.897      45431  1028.3488  1028.3497    34.4022    34.4037    7.99440         31 0.0000e+00
    154.000    152.442     0.2316  28.852257     0.2333  28.854258     5.6955     5.7404     0.0500    89.2579 1.0000e-12  -64.17442  -61.94242 348.645720      99.97 5.9762e+02   1894.210      45462  1028.3426  1028.3432    34.4001    34.4009    7.99550         31 0.0000e+00
    153.000    151.453     0.2252  28.844831     0.2292  28.848436     5.7024     5.7525     0.0509    89.2241 1.0000e-12  -64.17442  -61.94242 348.645734      99.97 5.9762e+02   1895.460      45492  1028.3366  1028.3366    34.3980    34.3984    7.99693         29 0.0000e+00
    152.000    150.463     0.2192  28.837755     0.2252  28.843598     5.7235     5.7661     0.0462    89.1889 1.0000e-12  -64.17440  -61.94242 348.645748      99.97 5.9775e+02   1896.595      45519  1028.3307  1028.3310    34.3961    34.3970    7.99830         26 0.0000e+00
    151.000    149.475     0.2123  28.829842     0.2162  28.833502     5.7292     5.7711     0.0466    89.2289 1.0000e-12  -64.17440  -61.94241 348.645760      99.97 5.9930e+02   1897.685      45545  1028.3246  1028.3248    34.3940    34.3944    7.99985         24 0.0000e+00
