NBP2113_155081_ctd/data/unbp2113_062.cnv
* Sea-Bird SBE 9 Data File:
* FileName = D:\Data\raw\NBP2113_062.hex
* Software Version Seasave V 7.26.7.121
* Temperature SN = 2438
* Conductivity SN = 2067
* Number of Bytes Per Scan = 40
* Number of Voltage Words = 5
* Number of Scans Averaged by the Deck Unit = 1
* NMEA Latitude = 64 46.58 S
* NMEA Longitude = 063 03.86 W
* NMEA UTC (Time) = Dec 14 2021  03:19:35
* NMEA baud rate = 9600
** Ship: RVIB N.B. Palmer
** Cruise: NBP2113 LTER
** Station: 654.003
** Operator: B. Urmston
# nquan = 25
# nvalues = 283                         
# units = specified
# name 0 = prDM: Pressure, Digiquartz [db]
# name 1 = depSM: Depth [salt water, m]
# name 2 = t090C: Temperature [ITS-90, deg C]
# name 3 = c0mS/cm: Conductivity [mS/cm]
# name 4 = t190C: Temperature, 2 [ITS-90, deg C]
# name 5 = c1mS/cm: Conductivity, 2 [mS/cm]
# name 6 = sbeox0ML/L: Oxygen, SBE 43 [ml/l]
# name 7 = sbeox1ML/L: Oxygen, SBE 43, 2 [ml/l]
# name 8 = flECO-AFL: Fluorescence, WET Labs ECO-AFL/FL [mg/m^3]
# name 9 = CStarTr0: Beam Transmission, WET Labs C-Star [%]
# name 10 = par: PAR/Irradiance, Biospherical/Licor
# name 11 = latitude: Latitude [deg]
# name 12 = longitude: Longitude [deg]
# name 13 = timeJ: Julian Days
# name 14 = altM: Altimeter [m]
# name 15 = spar: SPAR, Biospherical/Licor
# name 16 = timeS: Time, Elapsed [seconds]
# name 17 = scan: Scan Count
# name 18 = density00: Density [density, kg/m^3]
# name 19 = density11: Density, 2 [density, kg/m^3]
# name 20 = sal00: Salinity, Practical [PSU]
# name 21 = sal11: Salinity, Practical, 2 [PSU]
# name 22 = oxsolML/L: Oxygen Saturation, Garcia & Gordon [ml/l]
# name 23 = nbin: number of scans per bin
# name 24 = flag: flag
# span 0 =      1.000,    283.000       
# span 1 =      0.991,    280.039       
# span 2 =    -0.3781,     0.8025       
# span 3 =  28.352254,  29.401379       
# span 4 =    -0.3786,     0.8014       
# span 5 =  28.350404,  29.399647       
# span 6 =     4.9877,     7.6919       
# span 7 =     5.0622,     8.2207       
# span 8 =    -0.0191,     1.6154       
# span 9 =    83.9595,    90.8381       
# span 10 = 1.0000e-12, 8.0165e+00      
# span 11 =  -64.77628,  -64.77622      
# span 12 =  -63.06549,  -63.06518      
# span 13 = 348.149906, 348.157377      
# span 14 =      10.85,     100.04      
# span 15 = 0.0000e+00, 0.0000e+00      
# span 16 =    976.865,   1622.401      
# span 17 =      23446,      38939      
# span 18 =  1027.3214,  1029.0637      
# span 19 =  1027.3195,  1029.0625      
# span 20 =    34.0263,    34.5084      
# span 21 =    34.0245,    34.5076      
# span 22 =    7.87269,    8.11865      
# span 23 =         25,         49      
# span 24 = 0.0000e+00, 0.0000e+00      
# interval = decibars: 1                
# start_time = Dec 14 2021 03:19:35 [NMEA time, header]
# bad_flag = -9.990e-29
*END*
[from data line 174]
    109.000    107.911     0.7990  29.393569     0.7992  29.393004     5.0111     5.0707     0.0520    90.7876 1.0000e-12  -64.77628  -63.06523 348.153859      99.97 0.0000e+00   1318.378      31642  1028.1741  1028.1732    34.5014    34.5003    7.87353         27 0.0000e+00
    108.000    106.917     0.7984  29.392452     0.7978  29.391216     5.0063     5.0769     0.0488    90.8112 1.0000e-12  -64.77628  -63.06522 348.153896      99.97 0.0000e+00   1321.597      31719  1028.1692  1028.1685    34.5011    34.5002    7.87365         33 0.0000e+00
    107.000    105.923     0.7970  29.390886     0.7967  29.389722     5.0056     5.0739     0.0440    90.7833 1.0000e-12  -64.77628  -63.06522 348.153933      99.97 0.0000e+00   1324.785      31796  1028.1646  1028.1638    34.5013    34.5000    7.87393         27 0.0000e+00
    106.000    104.933     0.7957  29.389163     0.7968  29.389038     5.0123     5.0790     0.0485    90.8229 1.0000e-12  -64.77628  -63.06522 348.153969      99.97 0.0000e+00   1327.963      31872  1028.1598  1028.1587    34.5010    34.4997    7.87420         30 0.0000e+00
    105.000    103.949     0.7976  29.390252     0.7969  29.388648     5.0151     5.0759     0.0478    90.8170 1.0000e-12  -64.77628  -63.06522 348.154007      99.97 0.0000e+00   1331.179      31949  1028.1549  1028.1539    34.5009    34.4997    7.87382         33 0.0000e+00
    104.000    102.959     0.7961  29.388365     0.7964  29.387599     5.0137     5.0802     0.0449    90.8271 1.0000e-12  -64.77628  -63.06522 348.154045      99.97 0.0000e+00   1334.485      32029  1028.1501  1028.1490    34.5008    34.4994    7.87413         31 0.0000e+00
    103.000    101.969     0.7914  29.383400     0.7914  29.382399     5.0171     5.0869     0.0576    90.8093 1.0000e-12  -64.77628  -63.06522 348.154082      99.97 0.0000e+00   1337.663      32105  1028.1453  1028.1443    34.5001    34.4989    7.87512         32 0.0000e+00
    102.000    100.976     0.7916  29.382758     0.7908  29.381028     5.0206     5.0852     0.0503    90.8338 1.0000e-12  -64.77628  -63.06522 348.154119      99.98 0.0000e+00   1340.865      32182  1028.1402  1028.1392    34.4998    34.4984    7.87511         34 0.0000e+00
    101.000     99.988     0.7927  29.383019     0.7929  29.382145     5.0211     5.0872     0.0567    90.8129 1.0000e-12  -64.77628  -63.06521 348.154277      99.97 0.0000e+00   1354.531      32510  1028.1351  1028.1339    34.4994    34.4980    7.87490         40 0.0000e+00
    100.000     98.996     0.7920  29.381961     0.7919  29.381075     5.0270     5.0975     0.0249    90.8381 1.0000e-12  -64.77628  -63.06520 348.154466      99.97 0.0000e+00   1370.825      32901  1028.1304  1028.1295    34.4994    34.4984    7.87504         38 0.0000e+00
     99.000     98.008     0.7903  29.379630     0.7909  29.379124     5.0448     5.1059     0.0289    90.8173 1.0000e-12  -64.77628  -63.06520 348.154478      99.97 0.0000e+00   1371.936      32927  1028.1253  1028.1243    34.4988    34.4976    7.87541         34 0.0000e+00
     98.000     97.018     0.7804  29.368485     0.7836  29.370811     5.0586     5.1157     0.0335    90.8279 1.0000e-12  -64.77628  -63.06520 348.154494      99.97 0.0000e+00   1373.314      32961  1028.1193  1028.1186    34.4960    34.4955    7.87757         32 0.0000e+00
     97.000     96.028     0.7752  29.362410     0.7777  29.363985     5.0890     5.1352     0.0363    90.8075 1.0000e-12  -64.77628  -63.06520 348.154510      99.97 0.0000e+00   1374.652      32993  1028.1137  1028.1129    34.4945    34.4938    7.87871         31 0.0000e+00
     96.000     95.038     0.7586  29.344525     0.7643  29.349979     5.1202     5.1534     0.0365    90.8037 1.0000e-12  -64.77628  -63.06520 348.154524      99.97 0.0000e+00   1375.889      33022  1028.1071  1028.1072    34.4904    34.4911    7.88231         29 0.0000e+00
     95.000     94.049     0.7455  29.330532     0.7503  29.334213     5.1281     5.1677     0.0362    90.8020 1.0000e-12  -64.77628  -63.06520 348.154538      99.97 0.0000e+00   1377.088      33051  1028.1010  1028.1002    34.4874    34.4868    7.88513         29 0.0000e+00
     94.000     93.060     0.7358  29.319458     0.7349  29.317736     5.1873     5.2011     0.0397    90.7659 1.0000e-12  -64.77628  -63.06520 348.154552      99.97 0.0000e+00   1378.283      33080  1028.0946  1028.0937    34.4844    34.4831    7.88726         29 0.0000e+00
     93.000     92.069     0.7173  29.300240     0.7243  29.306305     5.2411     5.2347     0.0508    90.7936 1.0000e-12  -64.77628  -63.06520 348.154566      99.97 0.0000e+00   1379.473      33108  1028.0884  1028.0878    34.4806    34.4807    7.89123         28 0.0000e+00
     92.000     91.080     0.6788  29.258068     0.6855  29.265184     5.2713     5.2669     0.0509    90.8145 1.0000e-12  -64.77628  -63.06520 348.154579      99.97 0.0000e+00   1380.651      33137  1028.0777  1028.0785    34.4693    34.4710    7.89969         26 0.0000e+00
     91.000     90.090     0.6605  29.236830     0.6665  29.242521     5.2875     5.2898     0.0509    90.8121 1.0000e-12  -64.77628  -63.06520 348.154593      99.97 0.0000e+00   1381.818      33165  1028.0688  1028.0690    34.4625    34.4633    7.90377         28 0.0000e+00
     90.000     89.099     0.6422  29.217253     0.6469  29.220850     5.2855     5.3011     0.0509    90.8000 1.0000e-12  -64.77628  -63.06520 348.154606      99.97 0.0000e+00   1382.991      33193  1028.0618  1028.0610    34.4581    34.4575    7.90776         28 0.0000e+00
     89.000     88.111     0.6320  29.205060     0.6413  29.213908     5.2822     5.3084     0.0512    90.7622 1.0000e-12  -64.77628  -63.06520 348.154620      99.97 0.0000e+00   1384.164      33221  1028.0544  1028.0546    34.4541    34.4552    7.91005         29 0.0000e+00
     88.000     87.121     0.6284  29.200723     0.6358  29.208365     5.2746     5.3165     0.0467    90.7949 1.0000e-12  -64.77628  -63.06520 348.154634      99.97 0.0000e+00   1385.340      33249  1028.0488  1028.0496    34.4531    34.4548    7.91085         26 0.0000e+00
     87.000     86.129     0.6295  29.201309     0.6297  29.200885     5.2774     5.3193     0.0601    90.8011 1.0000e-12  -64.77628  -63.06520 348.154647      99.97 0.0000e+00   1386.528      33278  1028.0438  1028.0432    34.4532    34.4524    7.91062         28 0.0000e+00
     86.000     85.141     0.6245  29.195615     0.6247  29.194827     5.2661     5.3290     0.0484    90.8020 1.0000e-12  -64.77628  -63.06520 348.154661      99.97 0.0000e+00   1387.704      33306  1028.0382  1028.0373    34.4519    34.4507    7.91170         28 0.0000e+00
     85.000     84.151     0.6225  29.193353     0.6233  29.192988     5.2751     5.3304     0.0437    90.7984 1.0000e-12  -64.77628  -63.06520 348.154675      99.97 0.0000e+00   1388.880      33334  1028.0333  1028.0323    34.4518    34.4505    7.91211         28 0.0000e+00
     84.000     83.161     0.6189  29.188970     0.6210  29.190355     5.2973     5.3386     0.0571    90.7946 1.0000e-12  -64.77628  -63.06520 348.154688      99.97 0.0000e+00   1390.059      33362  1028.0277  1028.0272    34.4507    34.4501    7.91291         28 0.0000e+00
     83.000     82.171     0.6129  29.182130     0.6157  29.184251     5.2972     5.3440     0.0500    90.7790 1.0000e-12  -64.77628  -63.06520 348.154702      99.97 0.0000e+00   1391.246      33391  1028.0221  1028.0216    34.4491    34.4488    7.91423         26 0.0000e+00
     82.000     81.181     0.6048  29.173105     0.6087  29.176191     5.3091     5.3572     0.0397    90.8036 1.0000e-12  -64.77628  -63.06520 348.154716      99.97 0.0000e+00   1392.429      33419  1028.0161  1028.0156    34.4470    34.4466    7.91601         28 0.0000e+00
     81.000     80.193     0.5989  29.166531     0.6047  29.171480     5.3286     5.3674     0.0583    90.8066 1.0000e-12  -64.77628  -63.06519 348.154729      99.97 0.0000e+00   1393.613      33448  1028.0105  1028.0102    34.4455    34.4456    7.91728         28 0.0000e+00
     80.000     79.201     0.5891  29.155473     0.5937  29.159065     5.3339     5.3739     0.0607    90.7852 1.0000e-12  -64.77628  -63.06519 348.154743      99.97 0.0000e+00   1394.789      33476  1028.0042  1028.0035    34.4427    34.4422    7.91945         29 0.0000e+00
     79.000     78.213     0.5826  29.147667     0.5915  29.156140     5.3488     5.3834     0.0631    90.7791 1.0000e-12  -64.77628  -63.06519 348.154757      99.97 0.0000e+00   1395.971      33504  1027.9979  1027.9982    34.4403    34.4414    7.92090         28 0.0000e+00
     78.000     77.221     0.5781  29.142592     0.5847  29.148962     5.3541     5.3903     0.0550    90.7921 1.0000e-12  -64.77628  -63.06518 348.154770      99.97 0.0000e+00   1397.155      33533  1027.9926  1027.9929    34.4393    34.4402    7.92188         29 0.0000e+00
     77.000     76.232     0.5716  29.134687     0.5744  29.136850     5.3649     5.4021     0.0509    90.7753 1.0000e-12  -64.77628  -63.06520 348.154784      99.97 0.0000e+00   1398.330      33561  1027.9862  1027.9858    34.4368    34.4365    7.92334         27 0.0000e+00
     76.000     75.242     0.5671  29.129492     0.5741  29.135961     5.3706     5.4101     0.0591    90.7790 1.0000e-12  -64.77628  -63.06519 348.154798      99.97 0.0000e+00   1399.509      33589  1027.9808  1027.9808    34.4357    34.4363    7.92434         29 0.0000e+00
     75.000     74.252     0.5613  29.122762     0.5651  29.125787     5.3824     5.4105     0.0582    90.7772 1.0000e-12  -64.77628  -63.06519 348.154811      99.97 0.0000e+00   1400.695      33618  1027.9749  1027.9746    34.4339    34.4337    7.92561         29 0.0000e+00
     74.000     73.264     0.5513  29.110687     0.5631  29.122441     5.3970     5.4258     0.0582    90.7520 1.0000e-12  -64.77628  -63.06519 348.154825      99.97 0.0000e+00   1401.885      33646  1027.9678  1027.9686    34.4299    34.4321    7.92789         26 0.0000e+00
     73.000     72.273     0.5474  29.105766     0.5608  29.119488     5.3910     5.4323     0.0582    90.7523 1.0000e-12  -64.77628  -63.06518 348.154839      99.97 0.0000e+00   1403.076      33675  1027.9619  1027.9634    34.4284    34.4315    7.92876         28 0.0000e+00
     72.000     71.282     0.5448  29.102464     0.5484  29.106017     5.4005     5.4464     0.0582    90.7583 1.0000e-12  -64.77628  -63.06520 348.154853      99.96 0.0000e+00   1404.273      33704  1027.9566  1027.9570    34.4276    34.4282    7.92935         30 0.0000e+00
     71.000     70.294     0.5411  29.097735     0.5423  29.098296     5.4072     5.4483     0.0531    90.7614 1.0000e-12  -64.77628  -63.06519 348.154867      99.97 0.0000e+00   1405.531      33734  1027.9509  1027.9504    34.4262    34.4256    7.93018         31 0.0000e+00
     70.000     69.303     0.5382  29.094355     0.5386  29.093486     5.4117     5.4558     0.0751    90.7667 1.0000e-12  -64.77628  -63.06519 348.154883      99.97 0.0000e+00   1406.854      33765  1027.9457  1027.9446    34.4256    34.4240    7.93080         32 0.0000e+00
     69.000     68.314     0.5322  29.086879     0.5413  29.096706     5.4289     5.4773     0.0768    90.7555 1.0000e-12  -64.77628  -63.06519 348.154899      99.97 0.0000e+00   1408.284      33800  1027.9394  1027.9409    34.4232    34.4258    7.93218         33 0.0000e+00
     68.000     67.324     0.5228  29.075979     0.5264  29.078814     5.4495     5.4852     0.0551    90.7507 1.0000e-12  -64.77628  -63.06519 348.154916      99.97 0.0000e+00   1409.764      33835  1027.9327  1027.9323    34.4200    34.4196    7.93428         34 0.0000e+00
     67.000     66.333     0.5154  29.067015     0.5178  29.068348     5.4265     5.4671     0.0660    90.7449 1.0000e-12  -64.77628  -63.06519 348.154934      99.97 0.0000e+00   1411.270      33871  1027.9262  1027.9252    34.4171    34.4161    7.93596         35 0.0000e+00
     66.000     65.344     0.5152  29.064873     0.5358  29.090264     5.4226     5.4549     0.0665    90.7178 1.0000e-12  -64.77628  -63.06519 348.154952      99.97 0.0000e+00   1412.889      33910  1027.9196  1027.9262    34.4151    34.4254    7.93610         38 0.0000e+00
     65.000     64.353     0.5198  29.072042     0.5400  29.092421     5.4177     5.4911     0.0861    90.7124 1.0000e-12  -64.77628  -63.06519 348.154974      99.97 0.0000e+00   1414.733      33955  1027.9183  1027.9200    34.4199    34.4241    7.93488         38 0.0000e+00
     64.000     63.364     0.5287  29.079067     0.5035  29.052870     5.4298     5.5157     0.0735    90.7022 1.0000e-12  -64.77628  -63.06518 348.154997      99.97 0.0000e+00   1416.739      34003  1027.9124  1027.9099    34.4198    34.4137    7.93308         46 0.0000e+00
     63.000     62.375     0.5161  29.066977     0.5108  29.058647     5.4306     5.4886     0.0841    90.6838 1.0000e-12  -64.77628  -63.06518 348.155023      99.97 0.0000e+00   1418.968      34056  1027.9078  1027.9042    34.4187    34.4137    7.93572         32 0.0000e+00
     62.000     61.384     0.5103  29.058529     0.5234  29.072810     5.4477     5.4945     0.0942    90.6734 1.0000e-12  -64.77628  -63.06518 348.155053      99.97 0.0000e+00   1421.560      34118  1027.9002  1027.9024    34.4146    34.4187    7.93712         43 0.0000e+00
     61.000     60.391     0.5087  29.055832     0.5110  29.057936     5.4163     5.5024     0.0991    90.6701 1.0000e-12  -64.77628  -63.06518 348.155086      99.97 0.0000e+00   1424.447      34188  1027.8946  1027.8946    34.4136    34.4138    7.93753         39 0.0000e+00
     60.000     59.405     0.5277  29.078031     0.5139  29.060598     5.4096     5.5104     0.0817    90.6372 1.0000e-12  -64.77628  -63.06518 348.155125      99.97 0.0000e+00   1427.833      34269  1027.8952  1027.8904    34.4220    34.4145    7.93316         41 0.0000e+00
     59.000     58.415     0.5288  29.079329     0.5169  29.061000     5.3905     5.4940     0.0990    90.6349 1.0000e-12  -64.77628  -63.06518 348.155166      99.97 0.0000e+00   1431.343      34353  1027.8912  1027.8833    34.4230    34.4123    7.93287         42 0.0000e+00
     58.000     57.421     0.5330  29.083613     0.5203  29.064730     5.4437     5.5338     0.1042    90.5978 1.0000e-12  -64.77628  -63.06518 348.155207      99.97 0.0000e+00   1434.856      34438  1027.8873  1027.8796    34.4246    34.4140    7.93193         32 0.0000e+00
     57.000     56.435     0.4989  29.042608     0.4761  29.012129     5.4961     5.5867     0.1083    90.5255 1.0000e-12  -64.77628  -63.06518 348.155248      99.97 0.0000e+00   1438.407      34523  1027.8734  1027.8635    34.4096    34.3951    7.93975         39 0.0000e+00
     56.000     55.443     0.4961  29.038508     0.4840  29.021474     5.5717     5.5825     0.1254    90.4869 1.0000e-12  -64.77628  -63.06518 348.155288      99.97 0.0000e+00   1441.889      34606  1027.8673  1027.8609    34.4079    34.3992    7.94042         43 0.0000e+00
     55.000     54.454     0.3826  28.900057     0.4231  28.956405     5.8614     5.7676     0.1396    90.4698 1.0000e-12  -64.77628  -63.06518 348.155329      99.97 0.0000e+00   1445.406      34691  1027.8282  1027.8474    34.3537    34.3825    7.96681         37 0.0000e+00
     54.000     53.465     0.3498  28.858189     0.3549  28.862545     5.8055     5.8334     0.1360    90.4338 1.0000e-12  -64.77628  -63.06518 348.155369      99.97 0.0000e+00   1448.908      34775  1027.8104  1027.8102    34.3360    34.3360    7.97456         41 0.0000e+00
     53.000     52.473     0.3555  28.864212     0.3437  28.849380     5.7693     5.8545     0.1703    90.3648 1.0000e-12  -64.77628  -63.06518 348.155409      99.97 0.0000e+00   1452.371      34858  1027.8060  1027.8020    34.3381    34.3318    7.97326         30 0.0000e+00
