NBP2113_155081_ctd/data/unbp2113_023.cnv
* Sea-Bird SBE 9 Data File:
* FileName = D:\Data\raw\NBP2113_023.hex
* Software Version Seasave V 7.26.7.121
* Temperature SN = 2438
* Conductivity SN = 2067
* Number of Bytes Per Scan = 40
* Number of Voltage Words = 5
* Number of Scans Averaged by the Deck Unit = 1
* NMEA Latitude = 67 30.61 S
* NMEA Longitude = 070 35.52 W
* NMEA UTC (Time) = Dec 02 2021  00:50:18
* NMEA baud rate = 9600
** Ship: RVIB N.B. Palmer
** Cruise: NBP2113 LTER
** Station: 200.040
** Operator: S. Blackman
# nquan = 25
# nvalues = 747                         
# units = specified
# name 0 = prDM: Pressure, Digiquartz [db]
# name 1 = depSM: Depth [salt water, m]
# name 2 = t090C: Temperature [ITS-90, deg C]
# name 3 = c0mS/cm: Conductivity [mS/cm]
# name 4 = t190C: Temperature, 2 [ITS-90, deg C]
# name 5 = c1mS/cm: Conductivity, 2 [mS/cm]
# name 6 = sbeox0ML/L: Oxygen, SBE 43 [ml/l]
# name 7 = sbeox1ML/L: Oxygen, SBE 43, 2 [ml/l]
# name 8 = flECO-AFL: Fluorescence, WET Labs ECO-AFL/FL [mg/m^3]
# name 9 = CStarTr0: Beam Transmission, WET Labs C-Star [%]
# name 10 = par: PAR/Irradiance, Biospherical/Licor
# name 11 = latitude: Latitude [deg]
# name 12 = longitude: Longitude [deg]
# name 13 = timeJ: Julian Days
# name 14 = altM: Altimeter [m]
# name 15 = spar: SPAR, Biospherical/Licor
# name 16 = timeS: Time, Elapsed [seconds]
# name 17 = scan: Scan Count
# name 18 = density00: Density [density, kg/m^3]
# name 19 = density11: Density, 2 [density, kg/m^3]
# name 20 = sal00: Salinity, Practical [PSU]
# name 21 = sal11: Salinity, Practical, 2 [PSU]
# name 22 = oxsolML/L: Oxygen Saturation, Garcia & Gordon [ml/l]
# name 23 = nbin: number of scans per bin
# name 24 = flag: flag
# span 0 =      1.000,    747.000       
# span 1 =      0.991,    738.223       
# span 2 =    -0.8166,     1.4747       
# span 3 =  27.682499,  30.295063       
# span 4 =    -0.8181,     1.4744       
# span 5 =  27.679829,  30.293267       
# span 6 =    -2.2584,    18.9637       
# span 7 =     4.0098,    10.0440       
# span 8 =    -0.0225,     2.1471       
# span 9 =    89.4175,    97.1373       
# span 10 = 1.0000e-12, 2.2716e+01      
# span 11 =  -67.51062,  -67.51020      
# span 12 =  -70.59048,  -70.58552      
# span 13 = 336.051166, 336.066396      
# span 14 =       1.12,     100.00      
# span 15 = 2.1123e+01, 3.4902e+01      
# span 16 =   1402.734,   2718.616      
# span 17 =      33667,      65248      
# span 18 =  1027.3149,  1031.2985      
# span 19 =  1027.3132,  1031.2969      
# span 20 =    33.9757,    34.7153      
# span 21 =    33.9736,    34.7132      
# span 22 =    7.72890,    8.23747      
# span 23 =          9,         47      
# span 24 = 0.0000e+00, 0.0000e+00      
# interval = decibars: 1                
# start_time = Dec 02 2021 00:50:18 [NMEA time, header]
# bad_flag = -9.990e-29
*END*
[from data line 348]
    399.000    394.640     1.4320  30.224214     1.4319  30.222751     3.9671     4.0239    -0.0041    97.1209 1.0000e-12  -67.51028  -70.58594 336.056562      99.97 2.8206e+01   1868.958      44856  1029.6496  1029.6481    34.6976    34.6958    7.73668         29 0.0000e+00
    398.000    393.652     1.4304  30.222443     1.4309  30.221265     3.9605     4.0279    -0.0101    97.1192 1.0000e-12  -67.51028  -70.58596 336.056579      99.98 2.8206e+01   1870.444      44892  1029.6451  1029.6435    34.6976    34.6956    7.73698         37 0.0000e+00
    397.000    392.665     1.4307  30.222292     1.4315  30.221565     3.9561     4.0278     0.0021    97.1104 1.0000e-12  -67.51028  -70.58596 336.056596      99.98 2.8206e+01   1871.863      44926  1029.6405  1029.6390    34.6977    34.6959    7.73693         28 0.0000e+00
    396.000    391.676     1.4327  30.223403     1.4324  30.221742     3.9598     4.0278    -0.0137    97.1272 1.0000e-12  -67.51028  -70.58596 336.056607      99.98 2.8206e+01   1872.871      44950  1029.6355  1029.6341    34.6975    34.6957    7.73654         23 0.0000e+00
    395.000    390.687     1.4362  30.226268     1.4366  30.225052     3.9685     4.0250     0.0084    97.1268 1.0000e-12  -67.51028  -70.58596 336.056618      99.97 2.8206e+01   1873.790      44972  1029.6307  1029.6291    34.6978    34.6958    7.73584         22 0.0000e+00
    394.000    389.701     1.4390  30.227993     1.4410  30.228508     3.9636     4.0250    -0.0007    97.1026 1.0000e-12  -67.51028  -70.58597 336.056631      99.97 2.8206e+01   1874.939      45000  1029.6255  1029.6241    34.6975    34.6960    7.73530         32 0.0000e+00
    393.000    388.714     1.4347  30.223737     1.4336  30.221708     3.9622     4.0275    -0.0027    97.1255 1.0000e-12  -67.51028  -70.58598 336.056664      99.98 2.8206e+01   1877.812      45068  1029.6213  1029.6203    34.6975    34.6960    7.73616         26 0.0000e+00
    392.000    387.726     1.4386  30.226914     1.4378  30.224807     3.9605     4.0264    -0.0041    97.1127 1.0000e-12  -67.51027  -70.58597 336.056677      99.97 2.8206e+01   1878.901      45095  1029.6164  1029.6151    34.6978    34.6960    7.73537         16 0.0000e+00
    391.000    386.737     1.4453  30.232198     1.4440  30.229640     3.9646     4.0267    -0.0066    97.1226 1.0000e-12  -67.51026  -70.58596 336.056684      99.97 2.8206e+01   1879.459      45108  1029.6109  1029.6096    34.6976    34.6959    7.73406         12 0.0000e+00
    390.000    385.744     1.4479  30.233459     1.4473  30.231548     3.9665     4.0261    -0.0070    97.1373 1.0000e-12  -67.51026  -70.58598 336.056689      99.97 2.8206e+01   1879.916      45119  1029.6055  1029.6041    34.6970    34.6952    7.73359         11 0.0000e+00
    389.000    384.761     1.4489  30.233654     1.4486  30.231980     3.9626     4.0247    -0.0137    97.1268 1.0000e-12  -67.51026  -70.58598 336.056694      99.98 2.8206e+01   1880.365      45130  1029.6005  1029.5990    34.6967    34.6948    7.73341         10 0.0000e+00
    388.000    383.771     1.4496  30.233781     1.4493  30.232028     3.9616     4.0244    -0.0138    97.1224 1.0000e-12  -67.51027  -70.58599 336.056699      99.98 2.8206e+01   1880.805      45140  1029.5957  1029.5941    34.6967    34.6947    7.73327         12 0.0000e+00
    387.000    382.780     1.4498  30.233454     1.4495  30.231720     3.9614     4.0240    -0.0132    97.1140 1.0000e-12  -67.51028  -70.58600 336.056705      99.97 2.8206e+01   1881.297      45152  1029.5910  1029.5894    34.6966    34.6947    7.73323         12 0.0000e+00
    386.000    381.794     1.4492  30.232484     1.4489  30.230794     3.9660     4.0234    -0.0121    97.1117 1.0000e-12  -67.51028  -70.58600 336.056713      99.98 2.8206e+01   1881.972      45168  1029.5863  1029.5849    34.6966    34.6947    7.73335         22 0.0000e+00
    385.000    380.806     1.4478  30.230916     1.4477  30.229441     3.9628     4.0255    -0.0059    97.1116 1.0000e-12  -67.51030  -70.58602 336.056762      99.98 2.8206e+01   1886.226      45270  1029.5821  1029.5806    34.6967    34.6949    7.73362         38 0.0000e+00
    384.000    379.819     1.4477  30.230506     1.4473  30.228587     3.9622     4.0266    -0.0044    97.1116 1.0000e-12  -67.51028  -70.58602 336.056784      99.97 2.8206e+01   1888.176      45317  1029.5775  1029.5760    34.6968    34.6948    7.73363         29 0.0000e+00
    383.000    378.828     1.4478  30.230008     1.4474  30.228302     3.9601     4.0240    -0.0048    97.1013 1.0000e-12  -67.51028  -70.58600 336.056797      99.98 2.8206e+01   1889.248      45343  1029.5727  1029.5714    34.6967    34.6949    7.73362         25 0.0000e+00
    382.000    377.842     1.4485  30.230030     1.4484  30.228482     3.9625     4.0256    -0.0117    97.1117 1.0000e-12  -67.51028  -70.58602 336.056809      99.98 2.8206e+01   1890.280      45368  1029.5679  1029.5664    34.6966    34.6947    7.73350         24 0.0000e+00
    381.000    376.853     1.4494  30.230350     1.4492  30.228613     3.9590     4.0257    -0.0009    97.0979 1.0000e-12  -67.51028  -70.58602 336.056820      99.97 2.8206e+01   1891.265      45391  1029.5630  1029.5615    34.6965    34.6945    7.73331         23 0.0000e+00
    380.000    375.866     1.4512  30.230846     1.4510  30.229293     3.9581     4.0247    -0.0004    97.1119 1.0000e-12  -67.51028  -70.58606 336.056831      99.98 2.8206e+01   1892.167      45413  1029.5576  1029.5562    34.6958    34.6940    7.73301         20 0.0000e+00
    379.000    374.878     1.4527  30.231473     1.4523  30.229623     3.9571     4.0280    -0.0066    97.1116 1.0000e-12  -67.51028  -70.58606 336.056839      99.97 2.8206e+01   1892.936      45431  1029.5525  1029.5511    34.6955    34.6935    7.73273         17 0.0000e+00
    378.000    373.889     1.4538  30.231555     1.4529  30.229671     3.9585     4.0242    -0.0038    97.1116 1.0000e-12  -67.51028  -70.58606 336.056847      99.98 2.8206e+01   1893.594      45447  1029.5473  1029.5462    34.6950    34.6935    7.73254         15 0.0000e+00
    377.000    372.902     1.4539  30.231085     1.4535  30.229381     3.9556     4.0274    -0.0046    97.1116 1.0000e-12  -67.51028  -70.58608 336.056854      99.97 2.8206e+01   1894.199      45462  1029.5425  1029.5412    34.6948    34.6931    7.73253         14 0.0000e+00
    376.000    371.910     1.4542  30.230791     1.4540  30.229261     3.9539     4.0296    -0.0043    97.1116 1.0000e-12  -67.51028  -70.58608 336.056861      99.97 2.8206e+01   1894.800      45476  1029.5378  1029.5364    34.6947    34.6930    7.73248         15 0.0000e+00
    375.000    370.924     1.4548  30.230887     1.4544  30.229140     3.9538     4.0266     0.0013    97.1116 1.0000e-12  -67.51028  -70.58608 336.056869      99.98 2.8206e+01   1895.501      45493  1029.5330  1029.5316    34.6947    34.6929    7.73235         20 0.0000e+00
    374.000    369.935     1.4539  30.229818     1.4532  30.227837     3.9609     4.0264    -0.0046    97.1036 1.0000e-12  -67.51030  -70.58608 336.056891      99.97 2.8206e+01   1897.388      45538  1029.5286  1029.5273    34.6949    34.6932    7.73252         28 0.0000e+00
    373.000    368.947     1.4529  30.228695     1.4527  30.227032     3.9680     4.0258    -0.0138    97.1110 1.0000e-12  -67.51030  -70.58606 336.056920      99.98 2.8206e+01   1899.922      45599  1029.5242  1029.5228    34.6951    34.6933    7.73270         29 0.0000e+00
    372.000    367.959     1.4536  30.228667     1.4535  30.227111     3.9746     4.0240    -0.0132    97.1063 1.0000e-12  -67.51030  -70.58606 336.056933      99.97 2.8206e+01   1901.024      45626  1029.5193  1029.5178    34.6949    34.6930    7.73257         29 0.0000e+00
    371.000    366.971     1.4539  30.228418     1.4537  30.226841     3.9664     4.0210    -0.0063    97.1085 1.0000e-12  -67.51029  -70.58610 336.056965      99.97 2.8206e+01   1903.775      45692  1029.5146  1029.5131    34.6948    34.6930    7.73252         32 0.0000e+00
    370.000    365.984     1.4538  30.227821     1.4536  30.226278     3.9560     4.0214    -0.0124    97.1117 1.0000e-12  -67.51028  -70.58610 336.056985      99.97 2.8206e+01   1905.474      45732  1029.5098  1029.5085    34.6947    34.6931    7.73254         18 0.0000e+00
    369.000    364.995     1.4556  30.228777     1.4551  30.226844     3.9536     4.0246    -0.0119    97.1116 1.0000e-12  -67.51028  -70.58610 336.056991      99.97 2.8206e+01   1906.048      45746  1029.5047  1029.5034    34.6945    34.6927    7.73220         12 0.0000e+00
    368.000    364.008     1.4589  30.230879     1.4587  30.229218     3.9577     4.0241    -0.0201    97.1116 1.0000e-12  -67.51028  -70.58610 336.056997      99.97 2.8206e+01   1906.523      45758  1029.4994  1029.4979    34.6941    34.6923    7.73157         11 0.0000e+00
    367.000    363.018     1.4605  30.231425     1.4603  30.229868     3.9598     4.0286    -0.0225    97.1116 1.0000e-12  -67.51030  -70.58610 336.057002      99.98 2.8206e+01   1906.972      45768  1029.4942  1029.4928    34.6936    34.6919    7.73129         11 0.0000e+00
    366.000    362.027     1.4611  30.231605     1.4609  30.229912     3.9626     4.0270    -0.0142    97.1116 1.0000e-12  -67.51030  -70.58610 336.057007      99.98 2.8206e+01   1907.404      45779  1029.4895  1029.4880    34.6938    34.6919    7.73116         10 0.0000e+00
    365.000    361.043     1.4627  30.232450     1.4618  30.230363     3.9599     4.0221    -0.0057    97.1116 1.0000e-12  -67.51029  -70.58611 336.057012      99.98 2.8206e+01   1907.835      45789  1029.4846  1029.4834    34.6937    34.6920    7.73086         11 0.0000e+00
    364.000    360.053     1.4637  30.232654     1.4630  30.230662     3.9588     4.0166    -0.0047    97.0859 1.0000e-12  -67.51028  -70.58612 336.057017      99.98 2.8206e+01   1908.310      45800  1029.4796  1029.4783    34.6934    34.6917    7.73067         12 0.0000e+00
    363.000    359.064     1.4638  30.232219     1.4630  30.230109     3.9635     4.0148     0.0035    97.0751 1.0000e-12  -67.51029  -70.58612 336.057024      99.97 2.8206e+01   1908.840      45813  1029.4749  1029.4735    34.6934    34.6915    7.73067         14 0.0000e+00
    362.000    358.076     1.4636  30.231609     1.4619  30.228824     3.9664     4.0167     0.0031    97.0679 1.0000e-12  -67.51030  -70.58613 336.057032      99.98 2.8206e+01   1909.540      45830  1029.4703  1029.4691    34.6934    34.6917    7.73070         21 0.0000e+00
    361.000    357.090     1.4623  30.230081     1.4621  30.228551     3.9641     4.0208    -0.0026    97.1027 1.0000e-12  -67.51030  -70.58614 336.057082      99.98 2.8206e+01   1913.891      45934  1029.4658  1029.4645    34.6934    34.6917    7.73095         26 0.0000e+00
    360.000    356.100     1.4621  30.229593     1.4616  30.227746     3.9635     4.0237    -0.0060    97.0995 1.0000e-12  -67.51030  -70.58615 336.057118      99.97 2.8206e+01   1916.961      46008  1029.4613  1029.4599    34.6936    34.6918    7.73098         17 0.0000e+00
    359.000    355.113     1.4626  30.229564     1.4624  30.227946     3.9606     4.0236    -0.0061    97.0805 1.0000e-12  -67.51030  -70.58616 336.057124      99.97 2.8206e+01   1917.557      46022  1029.4565  1029.4551    34.6936    34.6917    7.73088         14 0.0000e+00
    358.000    354.122     1.4631  30.229367     1.4627  30.227653     3.9601     4.0263    -0.0055    97.0799 1.0000e-12  -67.51030  -70.58616 336.057131      99.98 2.8206e+01   1918.110      46036  1029.4517  1029.4503    34.6934    34.6917    7.73079         13 0.0000e+00
    357.000    353.137     1.4635  30.229134     1.4631  30.227509     3.9641     4.0260    -0.0142    97.0941 1.0000e-12  -67.51030  -70.58616 336.057137      99.97 2.8206e+01   1918.634      46048  1029.4468  1029.4455    34.6932    34.6915    7.73073         12 0.0000e+00
    356.000    352.147     1.4646  30.229504     1.4642  30.227828     3.9634     4.0273    -0.0132    97.0944 1.0000e-12  -67.51030  -70.58618 336.057143      99.98 2.8206e+01   1919.143      46060  1029.4418  1029.4405    34.6930    34.6913    7.73052         12 0.0000e+00
    355.000    351.154     1.4664  30.230115     1.4662  30.228540     3.9633     4.0260    -0.0082    97.0997 1.0000e-12  -67.51030  -70.58618 336.057149      99.97 2.8206e+01   1919.669      46073  1029.4365  1029.4351    34.6924    34.6907    7.73020         13 0.0000e+00
    354.000    350.171     1.4670  30.230026     1.4667  30.228366     3.9632     4.0261    -0.0059    97.0923 1.0000e-12  -67.51030  -70.58618 336.057156      99.97 2.8206e+01   1920.263      46087  1029.4316  1029.4302    34.6922    34.6905    7.73009         16 0.0000e+00
    353.000    349.180     1.4657  30.228815     1.4655  30.227020     3.9637     4.0242    -0.0051    97.0861 1.0000e-12  -67.51030  -70.58618 336.057165      99.98 2.8206e+01   1921.031      46106  1029.4274  1029.4257    34.6926    34.6906    7.73032         22 0.0000e+00
    352.000    348.195     1.4667  30.228849     1.4662  30.227128     3.9672     4.0214     0.0008    97.0837 1.0000e-12  -67.51030  -70.58618 336.057190      99.97 2.8206e+01   1923.251      46159  1029.4223  1029.4210    34.6922    34.6905    7.73016         38 0.0000e+00
    351.000    347.205     1.4661  30.228061     1.4667  30.226820     3.9686     4.0202    -0.0063    97.0797 1.0000e-12  -67.51030  -70.58618 336.057232      99.97 2.8206e+01   1926.855      46246  1029.4178  1029.4160    34.6924    34.6901    7.73026         26 0.0000e+00
    350.000    346.217     1.4658  30.227357     1.4666  30.226295     3.9625     4.0233    -0.0046    97.0957 1.0000e-12  -67.51030  -70.58619 336.057241      99.98 2.8206e+01   1927.650      46265  1029.4132  1029.4113    34.6925    34.6902    7.73032         19 0.0000e+00
    349.000    345.228     1.4664  30.227285     1.4661  30.225620     3.9522     4.0230    -0.0008    97.0934 1.0000e-12  -67.51030  -70.58620 336.057250      99.97 2.8206e+01   1928.381      46282  1029.4083  1029.4069    34.6922    34.6905    7.73021         17 0.0000e+00
    348.000    344.241     1.4687  30.228104     1.4683  30.226461     3.9527     4.0253     0.0018    97.0812 1.0000e-12  -67.51030  -70.58618 336.057257      99.97 2.8206e+01   1929.052      46298  1029.4027  1029.4013    34.6914    34.6897    7.72981         16 0.0000e+00
    347.000    343.250     1.4707  30.228534     1.4697  30.226558     3.9546     4.0235    -0.0059    97.0661 1.0000e-12  -67.51030  -70.58619 336.057266      99.97 2.8206e+01   1929.758      46315  1029.3969  1029.3959    34.6903    34.6889    7.72948         18 0.0000e+00
    346.000    342.263     1.4711  30.228259     1.4706  30.226403     3.9576     4.0219    -0.0044    97.0852 1.0000e-12  -67.51030  -70.58620 336.057275      99.98 2.8206e+01   1930.580      46335  1029.3920  1029.3907    34.6900    34.6883    7.72941         22 0.0000e+00
    345.000    341.274     1.4705  30.227392     1.4704  30.225688     3.9624     4.0205    -0.0039    97.0858 1.0000e-12  -67.51030  -70.58620 336.057287      99.98 2.8206e+01   1931.626      46360  1029.3876  1029.3859    34.6902    34.6881    7.72952         29 0.0000e+00
    344.000    340.287     1.4699  30.226750     1.4697  30.224946     3.9672     4.0181    -0.0056    97.0965 1.0000e-12  -67.51030  -70.58620 336.057304      99.97 2.8206e+01   1933.041      46394  1029.3832  1029.3816    34.6906    34.6886    7.72961         34 0.0000e+00
    343.000    339.298     1.4701  30.226275     1.4694  30.224380     3.9638     4.0220     0.0006    97.0974 1.0000e-12  -67.51030  -70.58622 336.057326      99.97 2.8206e+01   1934.941      46440  1029.3784  1029.3771    34.6904    34.6887    7.72959         38 0.0000e+00
