NBP2113_155081_ctd/data/unbp2113_053.cnv
* Sea-Bird SBE 9 Data File:
* FileName = D:\Data\raw\NBP2113_053.hex
* Software Version Seasave V 7.26.7.121
* Temperature SN = 2438
* Conductivity SN = 2067
* Number of Bytes Per Scan = 40
* Number of Voltage Words = 5
* Number of Scans Averaged by the Deck Unit = 1
* NMEA Latitude = 64 53.78 S
* NMEA Longitude = 064 39.15 W
* NMEA UTC (Time) = Dec 11 2021  18:56:20
* NMEA baud rate = 9600
** Ship: RVIB N.B. Palmer
** Cruise: NBP2113 LTER
** Station: 595.052
** Operator: S. Blackman
# nquan = 25
# nvalues = 485                         
# units = specified
# name 0 = prDM: Pressure, Digiquartz [db]
# name 1 = depSM: Depth [salt water, m]
# name 2 = t090C: Temperature [ITS-90, deg C]
# name 3 = c0mS/cm: Conductivity [mS/cm]
# name 4 = t190C: Temperature, 2 [ITS-90, deg C]
# name 5 = c1mS/cm: Conductivity, 2 [mS/cm]
# name 6 = sbeox0ML/L: Oxygen, SBE 43 [ml/l]
# name 7 = sbeox1ML/L: Oxygen, SBE 43, 2 [ml/l]
# name 8 = flECO-AFL: Fluorescence, WET Labs ECO-AFL/FL [mg/m^3]
# name 9 = CStarTr0: Beam Transmission, WET Labs C-Star [%]
# name 10 = par: PAR/Irradiance, Biospherical/Licor
# name 11 = latitude: Latitude [deg]
# name 12 = longitude: Longitude [deg]
# name 13 = timeJ: Julian Days
# name 14 = altM: Altimeter [m]
# name 15 = spar: SPAR, Biospherical/Licor
# name 16 = timeS: Time, Elapsed [seconds]
# name 17 = scan: Scan Count
# name 18 = density00: Density [density, kg/m^3]
# name 19 = density11: Density, 2 [density, kg/m^3]
# name 20 = sal00: Salinity, Practical [PSU]
# name 21 = sal11: Salinity, Practical, 2 [PSU]
# name 22 = oxsolML/L: Oxygen Saturation, Garcia & Gordon [ml/l]
# name 23 = nbin: number of scans per bin
# name 24 = flag: flag
# span 0 =      1.000,    485.000       
# span 1 =      0.992,    479.687       
# span 2 =    -0.2936,     1.4446       
# span 3 =  27.837677,  30.256758       
# span 4 =    -0.2974,     1.4444       
# span 5 =  27.832811,  30.255431       
# span 6 =     4.1076,     8.0474       
# span 7 =     4.1735,     8.0320       
# span 8 =    -0.0225,     1.7712       
# span 9 =    85.0365,    92.1169       
# span 10 = 1.0000e-12, 1.0695e+03      
# span 11 =  -64.89646,  -64.89640      
# span 12 =  -64.65299,  -64.65254      
# span 13 = 345.802193, 345.811111      
# span 14 =       9.55,     101.53      
# span 15 = 6.3413e+02, 8.8146e+02      
# span 16 =   1129.440,   1899.958      
# span 17 =      27108,      45600      
# span 18 =  1027.1035,  1030.0341      
# span 19 =  1027.1017,  1030.0330      
# span 20 =    33.7326,    34.6767      
# span 21 =    33.7302,    34.6751      
# span 22 =    7.73535,    8.14406      
# span 23 =         12,         45      
# span 24 = 0.0000e+00, 0.0000e+00      
# interval = decibars: 1                
# start_time = Dec 11 2021 18:56:20 [NMEA time, header]
# bad_flag = -9.990e-29
*END*
[from data line 290]
    195.000    192.999     0.9384  29.590521     0.9367  29.588123     4.8062     4.8333    -0.0000    91.9190 1.0000e-12  -64.89644  -64.65273 345.806214      99.97 6.8575e+02   1476.917      35447  1028.6116  1028.6106    34.5504    34.5491    7.84273         18 0.0000e+00
    194.000    192.011     0.9259  29.576576     0.9171  29.568413     4.8260     4.8500    -0.0076    91.9055 1.0000e-12  -64.89644  -64.65274 345.806223      99.97 6.8576e+02   1477.638      35464  1028.6052  1028.6052    34.5469    34.5461    7.84543         16 0.0000e+00
    193.000    191.019     0.9070  29.559038     0.8915  29.542033     4.8270     4.8530    -0.0077    91.8844 1.0000e-12  -64.89644  -64.65274 345.806231      99.97 6.8576e+02   1478.335      35481  1028.6013  1028.5987    34.5457    34.5411    7.84928         17 0.0000e+00
    192.000    190.031     0.8902  29.539575     0.8757  29.524151     4.8312     4.8474    -0.0077    91.8547 1.0000e-12  -64.89644  -64.65274 345.806239      99.97 6.8474e+02   1479.081      35499  1028.5932  1028.5915    34.5399    34.5361    7.85300         19 0.0000e+00
    191.000    189.041     0.8800  29.527646     0.8669  29.513436     4.8351     4.8382    -0.0031    91.7847 1.0000e-12  -64.89644  -64.65274 345.806250      99.97 6.8396e+02   1479.991      35521  1028.5863  1028.5843    34.5364    34.5325    7.85524         26 0.0000e+00
    190.000    188.052     0.8831  29.531304     0.8895  29.535290     4.8010     4.8365    -0.0010    90.9723 1.0000e-12  -64.89644  -64.65274 345.806266      99.97 6.8143e+02   1481.351      35553  1028.5825  1028.5802    34.5382    34.5363    7.85452         38 0.0000e+00
    189.000    187.065     0.8942  29.540788     0.9043  29.550880     4.8219     4.8473     0.0102    91.7995 1.0000e-12  -64.89644  -64.65274 345.806290      99.97 6.8047e+02   1483.425      35603  1028.5768  1028.5773    34.5387    34.5406    7.85225         43 0.0000e+00
    188.000    186.074     0.8710  29.518059     0.8951  29.542531     4.8866     4.9298     0.0015    91.7615 1.0000e-12  -64.89644  -64.65274 345.806309      99.97 6.8000e+02   1485.081      35643  1028.5716  1028.5733    34.5357    34.5406    7.85709         31 0.0000e+00
    187.000    185.084     0.8607  29.506642     0.8358  29.484586     4.9482     4.9642    -0.0075    91.7726 1.0000e-12  -64.89644  -64.65274 345.806321      99.97 6.7858e+02   1486.173      35669  1028.5655  1028.5672    34.5330    34.5321    7.85932         21 0.0000e+00
    186.000    184.095     0.8116  29.458836     0.7789  29.421744     4.9631     4.9725    -0.0077    91.7825 1.0000e-12  -64.89644  -64.65274 345.806332      99.97 6.7696e+02   1487.099      35691  1028.5598  1028.5535    34.5263    34.5146    7.86961         22 0.0000e+00
    185.000    183.105     0.7824  29.425741     0.7763  29.417249     4.9521     4.9730     0.0016    91.7749 1.0000e-12  -64.89644  -64.65274 345.806343      99.97 6.7635e+02   1488.022      35714  1028.5496  1028.5467    34.5164    34.5121    7.87605         23 0.0000e+00
    184.000    182.116     0.7806  29.421862     0.7726  29.413417     4.9474     4.9691     0.0027    91.7558 1.0000e-12  -64.89644  -64.65274 345.806355      99.97 6.7451e+02   1489.059      35738  1028.5428  1028.5418    34.5140    34.5119    7.87656         26 0.0000e+00
    183.000    181.127     0.7888  29.430747     0.7744  29.414352     4.9504     4.9719    -0.0004    91.7538 1.0000e-12  -64.89644  -64.65274 345.806368      99.97 6.7341e+02   1490.201      35766  1028.5393  1028.5364    34.5170    34.5118    7.87473         28 0.0000e+00
    182.000    180.138     0.7784  29.419481     0.7766  29.416532     4.9490     4.9803     0.0089    91.7567 1.0000e-12  -64.89644  -64.65274 345.806381      99.97 6.7403e+02   1491.305      35792  1028.5333  1028.5319    34.5146    34.5127    7.87698         26 0.0000e+00
    181.000    179.149     0.7727  29.413408     0.7667  29.406537     4.9248     4.9735     0.0142    91.7548 1.0000e-12  -64.89644  -64.65274 345.806394      99.97 6.7368e+02   1492.409      35819  1028.5280  1028.5266    34.5136    34.5113    7.87818         28 0.0000e+00
    180.000    178.159     0.7786  29.418480     0.7660  29.405086     4.9325     4.9757     0.0095    91.7433 1.0000e-12  -64.89644  -64.65274 345.806410      99.97 6.7309e+02   1493.794      35852  1028.5229  1028.5213    34.5142    34.5108    7.87695         37 0.0000e+00
    179.000    177.170     0.7765  29.416436     0.7728  29.412112     4.9513     4.9873     0.0112    91.7554 1.0000e-12  -64.89644  -64.65274 345.806429      99.97 6.7136e+02   1495.478      35892  1028.5184  1028.5173    34.5145    34.5130    7.87736         37 0.0000e+00
    178.000    176.180     0.7604  29.399487     0.7604  29.398665     4.9522     4.9903     0.0112    91.7557 1.0000e-12  -64.89644  -64.65275 345.806444      99.97 6.6988e+02   1496.742      35923  1028.5121  1028.5111    34.5110    34.5099    7.88082         26 0.0000e+00
    177.000    175.191     0.7623  29.401015     0.7598  29.397587     4.9402     4.9933     0.0104    91.7557 1.0000e-12  -64.89644  -64.65276 345.806455      99.97 6.6989e+02   1497.751      35947  1028.5074  1028.5061    34.5115    34.5098    7.88040         23 0.0000e+00
    176.000    174.202     0.7607  29.399170     0.7570  29.394386     4.9403     4.9914     0.0070    91.7557 1.0000e-12  -64.89644  -64.65276 345.806466      99.97 6.7064e+02   1498.685      35969  1028.5027  1028.5013    34.5114    34.5094    7.88072         23 0.0000e+00
    175.000    173.212     0.7606  29.398311     0.7573  29.394070     4.9465     4.9902     0.0069    91.7557 1.0000e-12  -64.89644  -64.65276 345.806479      99.97 6.7060e+02   1499.751      35995  1028.4975  1028.4962    34.5110    34.5092    7.88077         30 0.0000e+00
    174.000    172.225     0.7624  29.399960     0.7594  29.395871     4.9391     4.9868     0.0123    91.7423 1.0000e-12  -64.89644  -64.65276 345.806502      99.97 6.6989e+02   1501.751      36043  1028.4929  1028.4916    34.5117    34.5098    7.88036         29 0.0000e+00
    173.000    171.235     0.7637  29.400949     0.7631  29.399112     4.9367     4.9879     0.0035    91.7510 1.0000e-12  -64.89644  -64.65276 345.806530      99.97 6.6830e+02   1504.198      36102  1028.4882  1028.4869    34.5121    34.5104    7.88007         33 0.0000e+00
    172.000    170.245     0.7610  29.397671     0.7598  29.395446     4.9406     4.9894     0.0041    91.7477 1.0000e-12  -64.89644  -64.65276 345.806546      99.97 6.6801e+02   1505.580      36135  1028.4833  1028.4820    34.5116    34.5100    7.88067         29 0.0000e+00
    171.000    169.254     0.7617  29.398036     0.7609  29.396160     4.9407     4.9858     0.0066    91.7486 1.0000e-12  -64.89644  -64.65277 345.806561      99.97 6.6642e+02   1506.883      36166  1028.4786  1028.4773    34.5118    34.5102    7.88051         33 0.0000e+00
    170.000    168.265     0.7623  29.398081     0.7612  29.395998     4.9474     4.9853     0.0069    91.7524 1.0000e-12  -64.89644  -64.65278 345.806580      99.97 6.6514e+02   1508.479      36204  1028.4737  1028.4726    34.5118    34.5103    7.88038         39 0.0000e+00
    169.000    167.276     0.7617  29.397055     0.7609  29.395220     4.9388     4.9889     0.0069    91.7450 1.0000e-12  -64.89644  -64.65278 345.806599      99.97 6.6462e+02   1510.144      36244  1028.4689  1028.4678    34.5117    34.5103    7.88050         36 0.0000e+00
    168.000    166.287     0.7619  29.396711     0.7611  29.395016     4.9409     4.9926     0.0072    91.7516 1.0000e-12  -64.89644  -64.65277 345.806617      99.97 6.6461e+02   1511.735      36283  1028.4642  1028.4630    34.5117    34.5103    7.88048         38 0.0000e+00
    167.000    165.298     0.7625  29.397011     0.7614  29.394851     4.9314     4.9883     0.0143    91.7400 1.0000e-12  -64.89644  -64.65278 345.806634      99.97 6.6321e+02   1513.210      36318  1028.4596  1028.4583    34.5120    34.5104    7.88034         33 0.0000e+00
    166.000    164.308     0.7619  29.395986     0.7598  29.392709     4.9482     4.9850     0.0021    91.7551 1.0000e-12  -64.89644  -64.65278 345.806651      99.97 6.6285e+02   1514.614      36352  1028.4548  1028.4534    34.5119    34.5100    7.88046         33 0.0000e+00
    165.000    163.318     0.7609  29.394390     0.7592  29.391541     4.9454     4.9877     0.0067    91.7596 1.0000e-12  -64.89644  -64.65278 345.806669      99.97 6.6074e+02   1516.196      36390  1028.4498  1028.4485    34.5115    34.5097    7.88068         39 0.0000e+00
    164.000    162.329     0.7604  29.393452     0.7603  29.392203     4.9480     4.9870     0.0071    91.7641 1.0000e-12  -64.89644  -64.65278 345.806704      99.97 6.5887e+02   1519.209      36462  1028.4451  1028.4438    34.5115    34.5099    7.88079         34 0.0000e+00
    163.000    161.340     0.7592  29.391839     0.7600  29.391434     4.9467     4.9930     0.0091    91.7538 1.0000e-12  -64.89644  -64.65278 345.806744      99.97 6.5819e+02   1522.658      36545  1028.4403  1028.4391    34.5113    34.5099    7.88104         39 0.0000e+00
    162.000    160.350     0.7584  29.390348     0.7581  29.388942     4.9467     4.9896     0.0068    91.7549 1.0000e-12  -64.89644  -64.65278 345.806766      99.97 6.5602e+02   1524.552      36590  1028.4353  1028.4341    34.5109    34.5093    7.88123         30 0.0000e+00
    161.000    159.361     0.7584  29.389952     0.7579  29.388416     4.9358     4.9926    -0.0149    91.7569 1.0000e-12  -64.89644  -64.65280 345.806777      99.97 6.5530e+02   1525.535      36614  1028.4306  1028.4294    34.5109    34.5095    7.88123         22 0.0000e+00
    160.000    158.372     0.7587  29.389915     0.7578  29.387843     4.9382     4.9931     0.0003    91.7605 1.0000e-12  -64.89644  -64.65280 345.806787      99.97 6.5341e+02   1526.395      36634  1028.4260  1028.4247    34.5111    34.5094    7.88115         21 0.0000e+00
    159.000    157.381     0.7591  29.389675     0.7590  29.388622     4.9423     4.9920     0.0066    91.7612 1.0000e-12  -64.89644  -64.65280 345.806798      99.97 6.5184e+02   1527.387      36658  1028.4211  1028.4201    34.5110    34.5098    7.88108         28 0.0000e+00
    158.000    156.392     0.7589  29.389000     0.7585  29.387536     4.9408     4.9907     0.0049    91.7526 1.0000e-12  -64.89644  -64.65280 345.806853      99.97 6.5061e+02   1532.098      36771  1028.4163  1028.4151    34.5109    34.5094    7.88112         37 0.0000e+00
    157.000    155.403     0.7590  29.388795     0.7586  29.387231     4.9444     4.9917     0.0071    91.7634 1.0000e-12  -64.89644  -64.65280 345.806879      99.97 6.4833e+02   1534.362      36826  1028.4117  1028.4105    34.5111    34.5095    7.88108         33 0.0000e+00
    156.000    154.413     0.7591  29.388433     0.7589  29.387137     4.9493     4.9936     0.0055    91.7581 1.0000e-12  -64.89644  -64.65280 345.806910      99.97 6.4655e+02   1537.000      36889  1028.4070  1028.4059    34.5111    34.5097    7.88107         36 0.0000e+00
    155.000    153.425     0.7580  29.386671     0.7588  29.386454     4.9480     5.0019     0.0033    91.7556 1.0000e-12  -64.89644  -64.65283 345.806942      99.97 6.4789e+02   1539.797      36956  1028.4020  1028.4009    34.5106    34.5095    7.88131         27 0.0000e+00
    154.000    152.434     0.7575  29.386453     0.7572  29.385073     4.9603     5.0050     0.0069    91.7557 1.0000e-12  -64.89644  -64.65284 345.806952      99.97 6.4697e+02   1540.658      36977  1028.3980  1028.3968    34.5116    34.5100    7.88138         20 0.0000e+00
    153.000    151.446     0.7485  29.376153     0.7461  29.373004     4.9667     5.0045     0.0033    91.7569 1.0000e-12  -64.89644  -64.65284 345.806962      99.97 6.4698e+02   1541.510      36997  1028.3919  1028.3910    34.5088    34.5074    7.88335         22 0.0000e+00
    152.000    150.454     0.7489  29.375625     0.7456  29.371328     4.9554     5.0031     0.0056    91.7412 1.0000e-12  -64.89644  -64.65285 345.807055      99.97 6.4483e+02   1549.587      37191  1028.3866  1028.3853    34.5083    34.5063    7.88330         37 0.0000e+00
    151.000    149.467     0.7441  29.370401     0.7442  29.369525     4.9619     5.0164     0.0107    91.7546 3.6180e-05  -64.89644  -64.65284 345.807432      99.97 6.3686e+02   1582.111      37972  1028.3813  1028.3803    34.5074    34.5061    7.88432         34 0.0000e+00
    150.000    148.477     0.7441  29.370007     0.7445  29.369349     4.9711     5.0123    -0.0085    91.7557 1.7591e-03  -64.89644  -64.65284 345.807478      99.97 6.3639e+02   1586.140      38068  1028.3766  1028.3756    34.5075    34.5062    7.88431         29 0.0000e+00
    149.000    147.489     0.7424  29.368114     0.7417  29.366282     4.9884     5.0336    -0.0010    91.7557 4.1533e-03  -64.89644  -64.65287 345.807489      99.97 6.3640e+02   1587.050      38090  1028.3721  1028.3709    34.5075    34.5059    7.88465         21 0.0000e+00
    148.000    146.497     0.7393  29.364400     0.7389  29.362891     4.9993     5.0446     0.0129    91.7477 6.7884e-03  -64.89644  -64.65288 345.807498      99.97 6.3549e+02   1587.861      38110  1028.3670  1028.3659    34.5067    34.5052    7.88532         19 0.0000e+00
    147.000    145.508     0.7333  29.358629     0.7330  29.357230     5.0082     5.0547     0.0095    91.7387 9.6825e-03  -64.89644  -64.65289 345.807508      99.97 6.3482e+02   1588.691      38130  1028.3627  1028.3615    34.5065    34.5050    7.88656         21 0.0000e+00
    146.000    144.519     0.7120  29.335823     0.6906  29.313487     5.0051     5.0602     0.0103    91.7168 1.2305e-02  -64.89644  -64.65290 345.807520      99.97 6.3593e+02   1589.698      38154  1028.3557  1028.3533    34.5012    34.4959    7.89118         28 0.0000e+00
    145.000    143.530     0.7187  29.341473     0.7208  29.341113     5.0200     5.0539     0.0110    91.7374 1.4676e-02  -64.89644  -64.65288 345.807540      99.97 6.3643e+02   1591.472      38196  1028.3502  1028.3481    34.5016    34.4989    7.88978         38 0.0000e+00
    144.000    142.540     0.7170  29.339533     0.7202  29.342782     5.1396     5.1360     0.0049    91.7297 1.5636e-02  -64.89644  -64.65288 345.807568      99.97 6.3640e+02   1593.864      38254  1028.3458  1028.3461    34.5016    34.5023    7.89014         28 0.0000e+00
    143.000    141.549     0.6715  29.292846     0.6626  29.282904     5.2045     5.1819    -0.0023    91.7476 1.7849e-02  -64.89644  -64.65288 345.807579      99.97 6.3640e+02   1594.862      38278  1028.3375  1028.3357    34.4921    34.4891    7.89990         21 0.0000e+00
    142.000    140.564     0.6136  29.235903     0.6228  29.243507     5.2047     5.1778    -0.0076    91.7516 2.1431e-02  -64.89644  -64.65288 345.807589      99.97 6.3640e+02   1595.653      38297  1028.3306  1028.3295    34.4832    34.4828    7.91222         19 0.0000e+00
    141.000    139.569     0.5876  29.204075     0.5855  29.201456     5.2089     5.1769     0.0079    91.7365 2.4440e-02  -64.89644  -64.65288 345.807598      99.97 6.3640e+02   1596.474      38316  1028.3184  1028.3177    34.4713    34.4701    7.91818         21 0.0000e+00
    140.000    138.582     0.5954  29.209251     0.6018  29.216284     5.1910     5.1878     0.0140    91.7182 2.8696e-02  -64.89644  -64.65288 345.807612      99.97 6.3549e+02   1597.645      38344  1028.3113  1028.3124    34.4698    34.4719    7.91665         35 0.0000e+00
    139.000    137.593     0.5946  29.210021     0.5968  29.211741     5.1883     5.2097     0.0048    91.7117 3.2394e-02  -64.89645  -64.65288 345.807637      99.97 6.3413e+02   1599.815      38397  1028.3080  1028.3076    34.4723    34.4721    7.91667         40 0.0000e+00
