NBP2113_155081_ctd/data/unbp2113_064.cnv
* Sea-Bird SBE 9 Data File:
* FileName = D:\Data\raw\NBP2113_064.hex
* Software Version Seasave V 7.26.7.121
* Temperature SN = 2438
* Conductivity SN = 2067
* Number of Bytes Per Scan = 40
* Number of Voltage Words = 5
* Number of Scans Averaged by the Deck Unit = 1
* NMEA Latitude = 64 10.41 S
* NMEA Longitude = 061 58.85 W
* NMEA UTC (Time) = Dec 14 2021  13:32:28
* NMEA baud rate = 9600
** Ship: RVIB N.B. Palmer
** Cruise: NBP2113 LTER
** Station: 739.006
** Operator: B. Urmston
# nquan = 25
# nvalues = 799                         
# units = specified
# name 0 = prDM: Pressure, Digiquartz [db]
# name 1 = depSM: Depth [salt water, m]
# name 2 = t090C: Temperature [ITS-90, deg C]
# name 3 = c0mS/cm: Conductivity [mS/cm]
# name 4 = t190C: Temperature, 2 [ITS-90, deg C]
# name 5 = c1mS/cm: Conductivity, 2 [mS/cm]
# name 6 = sbeox0ML/L: Oxygen, SBE 43 [ml/l]
# name 7 = sbeox1ML/L: Oxygen, SBE 43, 2 [ml/l]
# name 8 = flECO-AFL: Fluorescence, WET Labs ECO-AFL/FL [mg/m^3]
# name 9 = CStarTr0: Beam Transmission, WET Labs C-Star [%]
# name 10 = par: PAR/Irradiance, Biospherical/Licor
# name 11 = latitude: Latitude [deg]
# name 12 = longitude: Longitude [deg]
# name 13 = timeJ: Julian Days
# name 14 = altM: Altimeter [m]
# name 15 = spar: SPAR, Biospherical/Licor
# name 16 = timeS: Time, Elapsed [seconds]
# name 17 = scan: Scan Count
# name 18 = density00: Density [density, kg/m^3]
# name 19 = density11: Density, 2 [density, kg/m^3]
# name 20 = sal00: Salinity, Practical [PSU]
# name 21 = sal11: Salinity, Practical, 2 [PSU]
# name 22 = oxsolML/L: Oxygen Saturation, Garcia & Gordon [ml/l]
# name 23 = nbin: number of scans per bin
# name 24 = flag: flag
# span 0 =      1.000,    799.000       
# span 1 =      0.992,    789.693       
# span 2 =    -0.6689,     0.3856       
# span 3 =  28.318497,  28.946200       
# span 4 =    -0.6689,     0.3809       
# span 5 =  28.317395,  28.946867       
# span 6 =     5.3862,    10.2297       
# span 7 =     5.4835,     9.2488       
# span 8 =    -0.0298,     1.4429       
# span 9 =    83.2333,    91.2351       
# span 10 = 1.0000e-12, 4.0452e+02      
# span 11 =  -64.17386,  -64.17328      
# span 12 =  -61.98120,  -61.97968      
# span 13 = 348.581996, 348.596410      
# span 14 =      10.82,      99.97      
# span 15 = 3.6492e+02, 4.7601e+02      
# span 16 =   1536.461,   2781.795      
# span 17 =      36876,      66764      
# span 18 =  1027.2022,  1031.5523      
# span 19 =  1027.2113,  1031.5511      
# span 20 =    33.9008,    34.5364      
# span 21 =    33.9117,    34.5351      
# span 22 =    7.99142,    8.17885      
# span 23 =         23,         48      
# span 24 = 0.0000e+00, 0.0000e+00      
# interval = decibars: 1                
# start_time = Dec 14 2021 13:32:28 [NMEA time, header]
# bad_flag = -9.990e-29
*END*
[from data line 580]
    219.000    216.752     0.0008  28.737946     0.0540  28.789335     5.6786     5.6883     0.0077    90.9985 1.0000e-12  -64.17386  -61.98120 348.591724      99.97 3.9136e+02   2376.935      57047  1028.7204  1028.7223    34.4689    34.4771    8.03982         47 0.0000e+00
    218.000    215.763    -0.0024  28.734263     0.0086  28.746542     5.6535     5.7081     0.0073    90.9977 1.0000e-12  -64.17386  -61.98120 348.591752      99.97 3.9136e+02   2379.361      57106  1028.7150  1028.7176    34.4683    34.4722    8.04053         39 0.0000e+00
    217.000    214.774     0.0089  28.744826     0.0288  28.762565     5.6421     5.7095     0.0029    91.0184 1.0000e-12  -64.17386  -61.98120 348.591791      99.97 3.9136e+02   2382.717      57186  1028.7106  1028.7099    34.4702    34.4712    8.03806         27 0.0000e+00
    216.000    213.783     0.0136  28.747445     0.0091  28.742260     5.6562     5.7286     0.0117    91.0019 1.0000e-12  -64.17386  -61.98120 348.591825      99.97 3.9136e+02   2385.700      57258  1028.7046  1028.7035    34.4690    34.4672    8.03714         38 0.0000e+00
    215.000    212.798     0.0055  28.739230     0.0074  28.741259     5.6624     5.7310     0.0143    90.9918 1.0000e-12  -64.17386  -61.98120 348.591859      99.97 3.9199e+02   2388.596      57327  1028.6992  1028.6996    34.4677    34.4683    8.03890         39 0.0000e+00
    214.000    211.804     0.0046  28.736777     0.0011  28.732087     5.6571     5.7490     0.0146    90.9830 1.0000e-12  -64.17386  -61.98120 348.591891      99.97 3.9305e+02   2391.406      57395  1028.6932  1028.6918    34.4662    34.4638    8.03919         42 0.0000e+00
    213.000    210.816    -0.0019  28.732255    -0.0194  28.712613     5.6866     5.7993     0.0096    90.9161 1.0000e-12  -64.17384  -61.98119 348.591927      99.97 3.9312e+02   2394.524      57470  1028.6905  1028.6868    34.4681    34.4617    8.04044         38 0.0000e+00
    212.000    209.826    -0.0158  28.714436    -0.1092  28.629801     5.7255     5.9257     0.0195    90.9840 1.0000e-12  -64.17384  -61.98118 348.591964      99.97 3.9312e+02   2397.673      57545  1028.6805  1028.6823    34.4607    34.4535    8.04377         42 0.0000e+00
    211.000    208.837    -0.1158  28.622538    -0.2802  28.477914     5.9924     6.0990     0.0111    90.9723 1.0000e-12  -64.17384  -61.98118 348.591997      99.97 3.9363e+02   2400.506      57613  1028.6779  1028.6827    34.4518    34.4447    8.06535         37 0.0000e+00
    210.000    207.848    -0.3133  28.440612    -0.4207  28.342886     6.1557     6.1554     0.0167    90.9762 1.0000e-12  -64.17384  -61.98118 348.592028      99.97 3.9478e+02   2403.234      57679  1028.6713  1028.6703    34.4329    34.4236    8.10829         45 0.0000e+00
    209.000    206.858    -0.3528  28.399639    -0.3505  28.406621     6.0406     6.1159     0.0103    90.9700 1.0000e-12  -64.17384  -61.98118 348.592064      99.97 3.9489e+02   2406.346      57753  1028.6602  1028.6619    34.4235    34.4302    8.11723         41 0.0000e+00
    208.000    205.874    -0.3729  28.387691    -0.4263  28.336001     6.1222     6.1737     0.0100    90.9367 1.0000e-12  -64.17384  -61.98118 348.592101      99.97 3.9489e+02   2409.567      57831  1028.6602  1028.6566    34.4307    34.4219    8.12110         38 0.0000e+00
    207.000    204.880    -0.4221  28.340422    -0.4362  28.326747     6.1089     6.1727     0.0126    90.9659 1.0000e-12  -64.17384  -61.98118 348.592131      99.97 3.9489e+02   2412.077      57891  1028.6531  1028.6509    34.4238    34.4213    8.13201         33 0.0000e+00
    206.000    203.889    -0.3948  28.366163    -0.4284  28.333149     6.0943     6.1758     0.0170    90.9378 1.0000e-12  -64.17384  -61.98118 348.592166      99.97 3.9557e+02   2415.140      57964  1028.6491  1028.6449    34.4280    34.4218    8.12592         35 0.0000e+00
    205.000    202.902    -0.4289  28.332938    -0.4321  28.329370     6.1206     6.1760     0.0162    90.9625 1.0000e-12  -64.17384  -61.98118 348.592200      99.97 3.9663e+02   2418.057      58034  1028.6412  1028.6397    34.4227    34.4215    8.13353         41 0.0000e+00
    204.000    201.911    -0.4197  28.341504    -0.4265  28.333759     6.0999     6.1709     0.0188    90.9829 1.0000e-12  -64.17384  -61.98118 348.592238      99.97 3.9665e+02   2421.329      58113  1028.6361  1028.6341    34.4243    34.4216    8.13145         43 0.0000e+00
    203.000    200.923    -0.4263  28.334555    -0.4251  28.334462     6.1056     6.1721     0.0132    90.9810 1.0000e-12  -64.17384  -61.98118 348.592268      99.97 3.9665e+02   2423.959      58176  1028.6308  1028.6291    34.4231    34.4217    8.13293         44 0.0000e+00
    202.000    199.935    -0.3778  28.379075    -0.3912  28.366215     6.0358     6.1219     0.0120    90.9840 1.0000e-12  -64.17384  -61.98118 348.592447      99.97 3.9777e+02   2439.464      58548  1028.6273  1028.6263    34.4285    34.4265    8.12227         33 0.0000e+00
    201.000    198.945    -0.3489  28.404539    -0.3464  28.405152     6.0352     6.1145     0.0032    90.9693 1.0000e-12  -64.17384  -61.98118 348.592554      99.97 3.9841e+02   2448.701      58770  1028.6224  1028.6202    34.4305    34.4285    8.11598         37 0.0000e+00
    200.000    197.955    -0.3686  28.387755    -0.3708  28.385333     6.0953     6.1529     0.0111    90.9673 1.0000e-12  -64.17384  -61.98118 348.592576      99.97 3.9841e+02   2450.596      58815  1028.6194  1028.6188    34.4309    34.4301    8.12016         44 0.0000e+00
    199.000    196.966    -0.4067  28.349894    -0.4064  28.349252     6.1271     6.1774     0.0083    90.9677 1.0000e-12  -64.17384  -61.98118 348.592598      99.97 3.9841e+02   2452.443      58860  1028.6118  1028.6107    34.4239    34.4227    8.12869         40 0.0000e+00
    198.000    195.976    -0.4152  28.340957    -0.4216  28.333624     6.1385     6.1882     0.0076    90.9387 1.0000e-12  -64.17384  -61.98118 348.592617      99.97 3.9841e+02   2454.092      58899  1028.6061  1028.6043    34.4222    34.4195    8.13062         33 0.0000e+00
    197.000    194.988    -0.4269  28.328519    -0.4289  28.325820     6.1360     6.1917     0.0207    90.9362 1.0000e-12  -64.17384  -61.98117 348.592634      99.97 3.9836e+02   2455.556      58934  1028.5997  1028.5986    34.4194    34.4180    8.13328         34 0.0000e+00
    196.000    193.998    -0.4345  28.320393    -0.4318  28.322213     6.1366     6.1934     0.0174    90.9487 1.0000e-12  -64.17384  -61.98117 348.592651      99.97 3.9689e+02   2457.010      58969  1028.5940  1028.5931    34.4177    34.4171    8.13501         35 0.0000e+00
    195.000    193.009    -0.4358  28.318497    -0.4361  28.317395     6.1262     6.1846     0.0113    90.9534 1.0000e-12  -64.17384  -61.98116 348.592667      99.97 3.9665e+02   2458.405      59003  1028.5887  1028.5877    34.4172    34.4160    8.13531         32 0.0000e+00
    194.000    192.020    -0.4289  28.323016    -0.4241  28.326237     6.0861     6.1605     0.0092    90.9504 1.0000e-12  -64.17384  -61.98117 348.592682      99.97 3.9665e+02   2459.736      59035  1028.5823  1028.5809    34.4161    34.4150    8.13390         33 0.0000e+00
    193.000    191.030    -0.3971  28.349729    -0.3997  28.346776     6.0575     6.1424     0.0138    90.9403 1.0000e-12  -64.17384  -61.98117 348.592697      99.97 3.9665e+02   2461.060      59066  1028.5752  1028.5746    34.4165    34.4155    8.12707         30 0.0000e+00
    192.000    190.041    -0.3591  28.381086    -0.3620  28.377480     6.0323     6.1215     0.0145    90.9411 1.0000e-12  -64.17384  -61.98117 348.592713      99.97 3.9665e+02   2462.383      59098  1028.5673  1028.5662    34.4162    34.4146    8.11898         33 0.0000e+00
    191.000    189.052    -0.3498  28.388801    -0.3435  28.393054     6.0151     6.1076     0.0176    90.9405 1.0000e-12  -64.17384  -61.98117 348.592729      99.97 3.9665e+02   2463.756      59131  1028.5623  1028.5606    34.4166    34.4151    8.11697         32 0.0000e+00
    190.000    188.063    -0.3291  28.404789    -0.3313  28.402205     6.0080     6.0933     0.0223    90.9562 1.0000e-12  -64.17384  -61.98117 348.592743      99.97 3.9665e+02   2465.014      59161  1028.5550  1028.5544    34.4151    34.4142    8.11263         27 0.0000e+00
    189.000    187.074    -0.3231  28.409265    -0.3265  28.405695     6.0025     6.0941     0.0167    90.9565 1.0000e-12  -64.17384  -61.98116 348.592757      99.97 3.9665e+02   2466.228      59190  1028.5498  1028.5494    34.4150    34.4141    8.11137         30 0.0000e+00
    188.000    186.083    -0.3091  28.419983    -0.3108  28.417159     5.9540     6.0447     0.0087    90.9361 1.0000e-12  -64.17384  -61.98118 348.592771      99.97 3.9627e+02   2467.451      59220  1028.5435  1028.5421    34.4141    34.4122    8.10844         28 0.0000e+00
    187.000    185.095    -0.2738  28.446658    -0.2707  28.449767     5.8384     5.9825     0.0084    90.9411 1.0000e-12  -64.17384  -61.98116 348.592786      99.97 3.9566e+02   2468.672      59249  1028.5333  1028.5334    34.4105    34.4111    8.10114         30 0.0000e+00
    186.000    184.105    -0.1652  28.541213    -0.1605  28.543561     5.7370     5.9238     0.0210    90.9343 1.0000e-12  -64.17384  -61.98116 348.592800      99.97 3.9488e+02   2469.929      59279  1028.5235  1028.5214    34.4147    34.4125    8.07788         29 0.0000e+00
    185.000    183.114    -0.0806  28.617799    -0.1080  28.591940     5.7035     5.8865     0.0142    90.9317 1.0000e-12  -64.17384  -61.98116 348.592814      99.97 3.9489e+02   2471.123      59308  1028.5183  1028.5177    34.4218    34.4183    8.05961         28 0.0000e+00
    184.000    182.127    -0.0407  28.653238    -0.0556  28.639696     5.6913     5.8577     0.0178    90.9260 1.0000e-12  -64.17384  -61.98116 348.592827      99.97 3.9489e+02   2472.252      59335  1028.5134  1028.5135    34.4245    34.4233    8.05105         27 0.0000e+00
    183.000    181.136    -0.0198  28.671602    -0.0182  28.672100     5.6794     5.8398     0.0332    90.8988 1.0000e-12  -64.17384  -61.98116 348.592840      99.97 3.9489e+02   2473.418      59363  1028.5090  1028.5077    34.4259    34.4248    8.04657         27 0.0000e+00
    182.000    180.147     0.0095  28.696365     0.0060  28.692389     5.7068     5.8430     0.0358    90.8826 1.0000e-12  -64.17384  -61.98116 348.592855      99.97 3.9489e+02   2474.656      59393  1028.5031  1028.5023    34.4264    34.4251    8.04039         30 0.0000e+00
    181.000    179.158     0.0173  28.702919     0.0154  28.699841     5.7516     5.8566     0.0370    90.8918 1.0000e-12  -64.17384  -61.98116 348.592869      99.97 3.9489e+02   2475.888      59422  1028.4990  1028.4976    34.4269    34.4250    8.03872         29 0.0000e+00
    180.000    178.169     0.0029  28.686517    -0.0029  28.681291     5.7900     5.8688     0.0257    90.8827 1.0000e-12  -64.17384  -61.98116 348.592883      99.97 3.9489e+02   2477.105      59452  1028.4924  1028.4924    34.4220    34.4216    8.04202         29 0.0000e+00
    179.000    177.179    -0.0130  28.670930    -0.0102  28.671737     5.8142     5.8836     0.0268    90.8632 1.0000e-12  -64.17384  -61.98116 348.592897      99.97 3.9489e+02   2478.293      59480  1028.4877  1028.4857    34.4198    34.4178    8.04548         28 0.0000e+00
    178.000    176.190    -0.0183  28.662749    -0.0211  28.658560     5.8160     5.8898     0.0331    90.8729 1.0000e-12  -64.17384  -61.98116 348.592910      99.97 3.9489e+02   2479.444      59508  1028.4804  1028.4786    34.4156    34.4131    8.04685         28 0.0000e+00
    177.000    175.199    -0.0205  28.659057    -0.0224  28.655549     5.8144     5.8860     0.0267    90.8690 1.0000e-12  -64.17384  -61.98116 348.592924      99.97 3.9401e+02   2480.646      59536  1028.4748  1028.4728    34.4138    34.4113    8.04742         30 0.0000e+00
    176.000    174.211    -0.0196  28.658646    -0.0215  28.654798     5.8235     5.8928     0.0486    90.8507 1.0000e-12  -64.17384  -61.98116 348.592938      99.97 3.9312e+02   2481.858      59566  1028.4694  1028.4671    34.4128    34.4098    8.04727         28 0.0000e+00
    175.000    173.221    -0.0185  28.657692    -0.0189  28.655579     5.8344     5.8915     0.0270    90.8352 1.0000e-12  -64.17384  -61.98116 348.592952      99.97 3.9312e+02   2483.012      59593  1028.4632  1028.4614    34.4109    34.4085    8.04714         28 0.0000e+00
    174.000    172.231    -0.0141  28.658830    -0.0155  28.656779     5.8098     5.8766     0.0471    90.8488 1.0000e-12  -64.17384  -61.98116 348.592965      99.97 3.9312e+02   2484.181      59621  1028.4561  1028.4552    34.4080    34.4069    8.04638         28 0.0000e+00
    173.000    171.242     0.0039  28.672262     0.0114  28.676427     5.7777     5.8517     0.0353    90.8284 1.0000e-12  -64.17384  -61.98116 348.592979      99.97 3.9312e+02   2485.391      59650  1028.4486  1028.4456    34.4062    34.4033    8.04271         29 0.0000e+00
    172.000    170.253     0.0475  28.705453     0.0521  28.709060     5.7532     5.8488     0.0424    90.8082 1.0000e-12  -64.17384  -61.98116 348.592993      99.97 3.9312e+02   2486.575      59679  1028.4369  1028.4362    34.4018    34.4015    8.03381         28 0.0000e+00
    171.000    169.264     0.0733  28.727356     0.0752  28.727951     5.7499     5.8411     0.0423    90.7973 1.0000e-12  -64.17384  -61.98116 348.593006      99.97 3.9312e+02   2487.736      59707  1028.4308  1028.4296    34.4024    34.4011    8.02837         28 0.0000e+00
    170.000    168.274     0.0810  28.731826     0.0831  28.732828     5.7486     5.8404     0.0423    90.7634 1.0000e-12  -64.17383  -61.98116 348.593020      99.97 3.9268e+02   2488.894      59734  1028.4242  1028.4232    34.4003    34.3993    8.02689         28 0.0000e+00
    169.000    167.285     0.0964  28.742189     0.0969  28.741240     5.7430     5.8360     0.0504    90.7592 1.0000e-12  -64.17382  -61.98116 348.593034      99.97 3.9136e+02   2490.100      59763  1028.4161  1028.4146    34.3973    34.3955    8.02382         30 0.0000e+00
    168.000    166.295     0.1209  28.759683     0.1127  28.752218     5.7254     5.8209     0.0577    90.7373 1.0000e-12  -64.17384  -61.98116 348.593048      99.97 3.9136e+02   2491.376      59794  1028.4067  1028.4069    34.3936    34.3929    8.01892         31 0.0000e+00
    167.000    165.307     0.1504  28.782323     0.1384  28.771938     5.6998     5.8094     0.0582    90.7371 1.0000e-12  -64.17382  -61.98116 348.593063      99.97 3.9136e+02   2492.617      59824  1028.3978  1028.3985    34.3910    34.3907    8.01290         27 0.0000e+00
    166.000    164.316     0.1695  28.798712     0.1696  28.797825     5.6939     5.7985     0.0509    90.7115 1.0000e-12  -64.17382  -61.98115 348.593076      99.97 3.9136e+02   2493.785      59852  1028.3926  1028.3915    34.3919    34.3906    8.00889         27 0.0000e+00
    165.000    163.327     0.1845  28.810578     0.1791  28.805162     5.7031     5.7986     0.0639    90.7075 1.0000e-12  -64.17382  -61.98114 348.593089      99.97 3.9136e+02   2494.917      59879  1028.3866  1028.3861    34.3913    34.3902    8.00579         27 0.0000e+00
    164.000    162.338     0.1888  28.813139     0.1865  28.810517     5.7075     5.7984     0.0585    90.6895 1.0000e-12  -64.17382  -61.98114 348.593102      99.97 3.9012e+02   2496.038      59906  1028.3812  1028.3806    34.3905    34.3895    8.00494         27 0.0000e+00
    163.000    161.347     0.1910  28.813726     0.1893  28.811152     5.7168     5.8010     0.0579    90.6631 1.0000e-12  -64.17382  -61.98114 348.593116      99.97 3.8960e+02   2497.190      59934  1028.3758  1028.3746    34.3893    34.3878    8.00453         28 0.0000e+00
