NBP2113_155081_ctd/data/unbp2113_033.cnv
* Sea-Bird SBE 9 Data File:
* FileName = D:\Data\raw\NBP2113_033.hex
* Software Version Seasave V 7.26.7.121
* Temperature SN = 2438
* Conductivity SN = 2067
* Number of Bytes Per Scan = 40
* Number of Voltage Words = 5
* Number of Scans Averaged by the Deck Unit = 1
* NMEA Latitude = 64 55.99 S
* NMEA Longitude = 064 24.01 W
* NMEA UTC (Time) = Dec 08 2021  19:08:34
* NMEA baud rate = 9600
** Ship: RVIB N.B. Palmer
** Cruise: NBP2113 LTER
** Station: 600.040
** Operator: S. Blackman
# nquan = 25
# nvalues = 354                         
# units = specified
# name 0 = prDM: Pressure, Digiquartz [db]
# name 1 = depSM: Depth [salt water, m]
# name 2 = t090C: Temperature [ITS-90, deg C]
# name 3 = c0mS/cm: Conductivity [mS/cm]
# name 4 = t190C: Temperature, 2 [ITS-90, deg C]
# name 5 = c1mS/cm: Conductivity, 2 [mS/cm]
# name 6 = sbeox0ML/L: Oxygen, SBE 43 [ml/l]
# name 7 = sbeox1ML/L: Oxygen, SBE 43, 2 [ml/l]
# name 8 = flECO-AFL: Fluorescence, WET Labs ECO-AFL/FL [mg/m^3]
# name 9 = CStarTr0: Beam Transmission, WET Labs C-Star [%]
# name 10 = par: PAR/Irradiance, Biospherical/Licor
# name 11 = latitude: Latitude [deg]
# name 12 = longitude: Longitude [deg]
# name 13 = timeJ: Julian Days
# name 14 = altM: Altimeter [m]
# name 15 = spar: SPAR, Biospherical/Licor
# name 16 = timeS: Time, Elapsed [seconds]
# name 17 = scan: Scan Count
# name 18 = density00: Density [density, kg/m^3]
# name 19 = density11: Density, 2 [density, kg/m^3]
# name 20 = sal00: Salinity, Practical [PSU]
# name 21 = sal11: Salinity, Practical, 2 [PSU]
# name 22 = oxsolML/L: Oxygen Saturation, Garcia & Gordon [ml/l]
# name 23 = nbin: number of scans per bin
# name 24 = flag: flag
# span 0 =      1.000,    354.000       
# span 1 =      0.990,    350.231       
# span 2 =    -1.0063,     1.2725       
# span 3 =  27.119632,  30.016585       
# span 4 =    -1.0085,     1.2724       
# span 5 =  27.120138,  30.015281       
# span 6 =     4.3079,     8.2429       
# span 7 =     4.3557,     8.0673       
# span 8 =    -0.0166,     1.5419       
# span 9 =    87.2243,    96.0267       
# span 10 = 1.0000e-12, 3.4020e+02      
# span 11 =  -64.93318,  -64.93306      
# span 12 =  -64.39950,  -64.39908      
# span 13 = 342.808658, 342.814518      
# span 14 =      -0.32,     100.45      
# span 15 = 3.0322e+02, 3.5038e+02      
# span 16 =    954.089,   1460.384      
# span 17 =      22899,      35050      
# span 18 =  1026.9865,  1029.4016      
# span 19 =  1026.9916,  1029.4004      
# span 20 =    33.5516,    34.6349      
# span 21 =    33.5579,    34.6334      
# span 22 =    7.77149,    8.30962      
# span 23 =         11,         44      
# span 24 = 0.0000e+00, 0.0000e+00      
# interval = decibars: 1                
# start_time = Dec 08 2021 19:08:34 [NMEA time, header]
# bad_flag = -9.990e-29
*END*
[from data line 290]
     64.000     63.363    -0.2647  28.225740    -0.2657  28.225715     6.6841     6.7054     0.1163    94.9789 1.2889e+00  -64.93310  -64.39918 342.812776      99.97 3.1203e+02   1309.869      31438  1027.7657  1027.7668    34.1802    34.1814    8.11231         38 0.0000e+00
     63.000     62.373    -0.2969  28.187225    -0.3133  28.160562     6.8535     6.8053     0.1494    95.0019 1.3975e+00  -64.93310  -64.39918 342.812796      99.97 3.1203e+02   1311.539      31478  1027.7510  1027.7384    34.1655    34.1483    8.12001         43 0.0000e+00
     62.000     61.384    -0.3301  28.139012    -0.3228  28.139350     7.2310     6.9928     0.1560    94.9859 1.5162e+00  -64.93310  -64.39920 342.812817      99.97 3.1203e+02   1313.415      31523  1027.7265  1027.7198    34.1390    34.1313    8.12862         37 0.0000e+00
     61.000     60.393    -0.3188  28.126031    -0.3176  28.132430     7.5756     7.2079     0.1648    94.8860 1.5985e+00  -64.93310  -64.39921 342.812834      99.97 3.1203e+02   1314.819      31557  1027.6964  1027.7021    34.1095    34.1167    8.12788         25 0.0000e+00
     60.000     59.404    -0.2778  28.144088    -0.3039  28.138978     7.6785     7.3269     0.1645    94.8474 1.6635e+00  -64.93310  -64.39922 342.812843      99.97 3.1203e+02   1315.679      31577  1027.6713  1027.6915    34.0882    34.1107    8.12034         18 0.0000e+00
     59.000     58.413    -0.2334  28.167567    -0.2585  28.154007     7.7214     7.3696     0.1538    94.7027 1.7312e+00  -64.93310  -64.39922 342.812851      99.97 3.1203e+02   1316.353      31593  1027.6489  1027.6586    34.0706    34.0805    8.11191         15 0.0000e+00
     58.000     57.424    -0.2079  28.184573    -0.2243  28.174330     7.7109     7.3775     0.1754    94.6069 1.7997e+00  -64.93310  -64.39922 342.812858      99.98 3.1068e+02   1316.964      31608  1027.6377  1027.6428    34.0653    34.0700    8.10678         14 0.0000e+00
     57.000     56.434    -0.2001  28.189056    -0.2103  28.182504     7.6517     7.3784     0.1970    94.5316 1.8747e+00  -64.93310  -64.39921 342.812866      99.97 3.1027e+02   1317.606      31624  1027.6308  1027.6335    34.0632    34.0658    8.10524         16 0.0000e+00
     56.000     55.442    -0.1890  28.195009    -0.2096  28.183411     7.5761     7.3795     0.2573    94.4804 1.9496e+00  -64.93310  -64.39920 342.812874      99.97 3.1027e+02   1318.330      31641  1027.6221  1027.6297    34.0593    34.0669    8.10310         20 0.0000e+00
     55.000     54.455    -0.2053  28.187271    -0.2298  28.172979     7.4603     7.3666     0.2902    94.4428 2.0462e+00  -64.93310  -64.39919 342.812898      99.97 3.0910e+02   1320.398      31691  1027.6258  1027.6341    34.0679    34.0761    8.10608         31 0.0000e+00
     54.000     53.464    -0.2234  28.178520    -0.2310  28.171600     7.5038     7.4310     0.2614    94.5131 2.2559e+00  -64.93310  -64.39920 342.812937      99.97 3.0848e+02   1323.725      31770  1027.6300  1027.6297    34.0770    34.0762    8.10940         21 0.0000e+00
     53.000     52.475    -0.2130  28.180232    -0.2210  28.175321     7.5576     7.4608     0.2385    94.5056 2.4330e+00  -64.93310  -64.39920 342.812944      99.97 3.0850e+02   1324.390      31786  1027.6173  1027.6196    34.0683    34.0706    8.10769         15 0.0000e+00
     52.000     51.484    -0.1945  28.186379    -0.2046  28.181442     7.5575     7.4725     0.2113    94.4545 2.6012e+00  -64.93310  -64.39920 342.812951      99.97 3.0850e+02   1325.019      31801  1027.6016  1027.6059    34.0564    34.0610    8.10444         15 0.0000e+00
     51.000     50.495    -0.1897  28.186617    -0.1926  28.184610     7.5531     7.4752     0.2344    94.4368 2.7657e+00  -64.93310  -64.39920 342.812959      99.97 3.0850e+02   1325.675      31817  1027.5929  1027.5933    34.0520    34.0525    8.10367         18 0.0000e+00
     50.000     49.503    -0.1845  28.187289    -0.1925  28.184008     7.5232     7.4765     0.2751    94.3974 2.9124e+00  -64.93310  -64.39920 342.812969      99.97 3.0850e+02   1326.503      31837  1027.5844  1027.5885    34.0476    34.0522    8.10280         23 0.0000e+00
     49.000     48.515    -0.1920  28.185594    -0.1954  28.183063     7.5003     7.4876     0.3274    94.3366 2.9499e+00  -64.93310  -64.39920 342.812985      99.97 3.0850e+02   1327.897      31871  1027.5857  1027.5861    34.0544    34.0547    8.10401         41 0.0000e+00
     48.000     47.525    -0.1927  28.186110    -0.1918  28.184036     7.5966     7.5600     0.2994    94.3042 2.9268e+00  -64.93310  -64.39920 342.813007      99.97 3.0850e+02   1329.788      31916  1027.5828  1027.5795    34.0564    34.0526    8.10404         33 0.0000e+00
     47.000     46.532    -0.1852  28.186183    -0.1861  28.184755     7.6802     7.6036     0.3202    94.3406 3.0792e+00  -64.93310  -64.39920 342.813020      99.97 3.0945e+02   1330.909      31943  1027.5714  1027.5705    34.0488    34.0478    8.10289         23 0.0000e+00
     46.000     45.546    -0.1628  28.194354    -0.1676  28.191877     7.6999     7.6165     0.3074    94.3064 3.3156e+00  -64.93310  -64.39920 342.813030      99.97 3.1026e+02   1331.765      31963  1027.5540  1027.5559    34.0352    34.0373    8.09890         20 0.0000e+00
     45.000     44.554    -0.1406  28.207561    -0.1458  28.203830     7.6888     7.6155     0.3254    94.2526 3.6100e+00  -64.93310  -64.39920 342.813040      99.97 3.1027e+02   1332.621      31984  1027.5424  1027.5433    34.0287    34.0295    8.09457         22 0.0000e+00
     44.000     43.564    -0.1365  28.210327    -0.1526  28.200096     7.6677     7.6214     0.3658    94.1370 3.9333e+00  -64.93310  -64.39920 342.813052      99.97 3.1027e+02   1333.698      32010  1027.5372  1027.5419    34.0283    34.0327    8.09371         31 0.0000e+00
     43.000     42.574    -0.1474  28.203601    -0.1531  28.199244     7.6479     7.6468     0.3878    94.1041 4.2113e+00  -64.93310  -64.39920 342.813072      99.97 3.1027e+02   1335.454      32052  1027.5366  1027.5374    34.0322    34.0327    8.09580         44 0.0000e+00
     42.000     41.584    -0.1447  28.205052    -0.1488  28.200957     7.6902     7.6867     0.3903    94.1778 4.4311e+00  -64.93310  -64.39920 342.813092      99.97 3.1027e+02   1337.183      32093  1027.5316  1027.5310    34.0317    34.0308    8.09526         31 0.0000e+00
     41.000     40.595    -0.1345  28.209498    -0.1350  28.208896     7.7256     7.7056     0.4069    94.1578 4.7098e+00  -64.93310  -64.39922 342.813105      99.97 3.1027e+02   1338.277      32120  1027.5222  1027.5219    34.0268    34.0267    8.09337         24 0.0000e+00
     40.000     39.603    -0.1178  28.219059    -0.1235  28.214901     7.7100     7.7167     0.3947    94.1469 5.0313e+00  -64.93310  -64.39922 342.813116      99.97 3.1027e+02   1339.196      32142  1027.5119  1027.5129    34.0215    34.0224    8.09013         21 0.0000e+00
     39.000     38.615    -0.1127  28.221853    -0.1171  28.218094     7.7211     7.7160     0.4187    94.0079 5.3750e+00  -64.93310  -64.39924 342.813127      99.97 3.1027e+02   1340.148      32165  1027.5058  1027.5059    34.0202    34.0200    8.08914         25 0.0000e+00
     38.000     37.624    -0.1125  28.221393    -0.1248  28.213209     7.7338     7.7259     0.4559    93.9019 5.6940e+00  -64.93310  -64.39924 342.813140      99.97 3.1027e+02   1341.253      32191  1027.5010  1027.5042    34.0199    34.0228    8.08910         28 0.0000e+00
     37.000     36.634    -0.1089  28.223052    -0.1145  28.218587     7.7511     7.7367     0.5475    93.8524 5.9333e+00  -64.93310  -64.39924 342.813154      99.97 3.1027e+02   1342.471      32220  1027.4952  1027.4957    34.0187    34.0191    8.08840         29 0.0000e+00
     36.000     35.645    -0.1063  28.223760    -0.1086  28.221334     7.7476     7.7421     0.5787    93.8215 6.1548e+00  -64.93310  -64.39923 342.813167      99.97 3.1027e+02   1343.667      32249  1027.4893  1027.4888    34.0174    34.0168    8.08793         28 0.0000e+00
     35.000     34.653    -0.1049  28.223819    -0.1070  28.221454     7.7392     7.7522     0.5503    93.8239 6.5377e+00  -64.93310  -64.39922 342.813182      99.97 3.1027e+02   1344.921      32279  1027.4838  1027.4832    34.0165    34.0157    8.08769         34 0.0000e+00
     34.000     33.665    -0.1043  28.223440    -0.1083  28.220295     7.7239     7.7551     0.5623    93.7847 7.2535e+00  -64.93310  -64.39923 342.813201      99.97 3.0850e+02   1346.561      32318  1027.4787  1027.4791    34.0159    34.0162    8.08759         35 0.0000e+00
     33.000     32.674    -0.1053  28.222333    -0.1062  28.220607     7.7277     7.7624     0.6214    93.7967 8.0374e+00  -64.93310  -64.39924 342.813218      99.97 3.0987e+02   1348.028      32354  1027.4743  1027.4733    34.0162    34.0150    8.08779         28 0.0000e+00
     32.000     31.685    -0.1019  28.222687    -0.1036  28.221039     7.7447     7.7553     0.5469    93.8016 8.6837e+00  -64.93310  -64.39924 342.813229      99.97 3.1027e+02   1349.019      32377  1027.4672  1027.4670    34.0135    34.0132    8.08722         22 0.0000e+00
     31.000     30.693    -0.1008  28.221195    -0.1033  28.219841     7.7455     7.7607     0.5283    93.7376 9.2760e+00  -64.93310  -64.39926 342.813242      99.97 3.1027e+02   1350.096      32403  1027.4603  1027.4612    34.0109    34.0119    8.08714         31 0.0000e+00
     30.000     29.703    -0.1026  28.220630    -0.1044  28.218816     7.7392     7.7755     0.5897    93.7023 9.5503e+00  -64.93310  -64.39926 342.813266      99.97 3.1139e+02   1352.165      32453  1027.4573  1027.4571    34.0128    34.0124    8.08742         30 0.0000e+00
     29.000     28.713    -0.1023  28.219984    -0.1022  28.218359     7.7370     7.7843     0.5539    93.7187 9.7474e+00  -64.93310  -64.39924 342.813291      99.97 3.1204e+02   1354.355      32506  1027.4521  1027.4502    34.0122    34.0099    8.08738         31 0.0000e+00
     28.000     27.724    -0.1009  28.219330    -0.1011  28.217928     7.7471     7.7789     0.5657    93.6598 1.0552e+01  -64.93310  -64.39924 342.813306      99.97 3.1140e+02   1355.638      32536  1027.4458  1027.4444    34.0104    34.0087    8.08720         31 0.0000e+00
     27.000     26.735    -0.1007  28.217933    -0.1009  28.216438     7.7486     7.7938     0.6058    93.6339 1.2511e+01  -64.93310  -64.39927 342.813350      99.97 3.1297e+02   1359.431      32627  1027.4399  1027.4384    34.0088    34.0071    8.08723         36 0.0000e+00
     26.000     25.744    -0.1000  28.217088    -0.1001  28.215679     7.7538     7.7916     0.6233    93.6035 1.3515e+01  -64.93310  -64.39928 342.813375      99.97 3.1386e+02   1361.638      32680  1027.4341  1027.4326    34.0076    34.0058    8.08716         38 0.0000e+00
     25.000     24.750    -0.0999  28.216079    -0.1002  28.214287     7.7723     7.7929     0.6422    93.5743 1.4124e+01  -64.93311  -64.39927 342.813418      99.97 3.1622e+02   1365.322      32769  1027.4286  1027.4270    34.0067    34.0046    8.08719         34 0.0000e+00
     24.000     23.764    -0.0999  28.214490    -0.1001  28.212533     7.7612     7.8036     0.6443    93.5923 1.6200e+01  -64.93312  -64.39929 342.813472      99.97 3.1734e+02   1369.972      32880  1027.4227  1027.4208    34.0053    34.0028    8.08727         38 0.0000e+00
     23.000     22.774    -0.1000  28.213553    -0.1000  28.212312     7.7748     7.8146     0.6634    93.4958 1.7492e+01  -64.93312  -64.39931 342.813492      99.97 3.1732e+02   1371.704      32922  1027.4175  1027.4161    34.0047    34.0030    8.08732         38 0.0000e+00
     22.000     21.782    -0.0996  28.209777    -0.0999  28.209646     7.7905     7.8122     0.7760    93.3128 1.7803e+01  -64.93312  -64.39930 342.813515      99.97 3.1732e+02   1373.697      32970  1027.4088  1027.4089    33.9999    34.0000    8.08752         33 0.0000e+00
     21.000     20.794    -0.1006  28.204137    -0.1004  28.203293     7.7958     7.8480     0.8144    93.3548 2.0558e+01  -64.93312  -64.39930 342.813590      99.97 3.1732e+02   1380.180      33125  1027.3994  1027.3984    33.9941    33.9927    8.08805         33 0.0000e+00
     20.000     19.803    -0.1026  28.204112    -0.1015  28.204038     7.8537     7.8745     0.7524    93.2973 2.2648e+01  -64.93312  -64.39933 342.813607      99.97 3.1732e+02   1381.621      33160  1027.3970  1027.3959    33.9969    33.9956    8.08832         24 0.0000e+00
     19.000     18.812    -0.1299  28.157901    -0.1234  28.165498     7.8620     7.8787     0.7561    93.0397 2.4478e+01  -64.93312  -64.39934 342.813618      99.97 3.1732e+02   1382.616      33184  1027.3700  1027.3717    33.9664    33.9693    8.09583         27 0.0000e+00
     18.000     17.823    -0.1779  28.091923    -0.1634  28.112994     7.8559     7.8862     1.0158    92.0422 2.5955e+01  -64.93313  -64.39936 342.813779      73.45 3.1587e+02   1396.488      33517  1027.3401  1027.3486    33.9326    33.9445    8.10796         39 0.0000e+00
     17.000     16.833    -0.2967  27.939223    -0.2619  27.977357     7.9311     7.9542     1.2896    91.0178 2.5378e+01  -64.93316  -64.39940 342.814169      10.01 3.1065e+02   1430.178      34325  1027.2842  1027.2916    33.8619    33.8741    8.13731         28 0.0000e+00
     16.000     15.842    -0.3204  27.907653    -0.3016  27.931810     7.9327     7.9464     1.3164    90.8491 2.7521e+01  -64.93317  -64.39939 342.814179      95.06 3.0919e+02   1431.055      34346  1027.2688  1027.2768    33.8467    33.8581    8.14326         35 0.0000e+00
     15.000     14.852    -0.2936  27.938935    -0.2897  27.942757     7.8831     7.9822     1.4339    90.6677 3.3924e+01  -64.93318  -64.39941 342.814228      99.98 3.0704e+02   1435.312      34448  1027.2719  1027.2724    33.8594    33.8600    8.13681         38 0.0000e+00
     14.000     13.863    -0.2929  27.939716    -0.3055  27.923907     7.9562     7.9955     1.3916    90.5880 3.7211e+01  -64.93316  -64.39942 342.814250      99.97 3.0674e+02   1437.165      34493  1027.2675  1027.2630    33.8602    33.8531    8.13660         26 0.0000e+00
     13.000     12.872    -0.3883  27.831657    -0.3582  27.860041     7.8692     7.9656     1.4002    90.4440 4.0331e+01  -64.93316  -64.39944 342.814262      99.97 3.0674e+02   1438.265      34519  1027.2394  1027.2408    33.8225    33.8270    8.15922         27 0.0000e+00
     12.000     11.882    -0.4731  27.734679    -0.4087  27.799568     7.9653     8.0293     1.4536    90.3014 4.3815e+01  -64.93317  -64.39943 342.814279      99.97 3.0734e+02   1439.683      34553  1027.2118  1027.2198    33.7875    33.8028    8.17949         38 0.0000e+00
     11.000     10.891    -0.6205  27.566512    -0.6706  27.510539     7.9409     8.0092     1.4513    90.2514 4.8137e+01  -64.93318  -64.39944 342.814304      76.94 3.0847e+02   1441.825      34605  1027.1663  1027.1540    33.7262    33.7067    8.21504         42 0.0000e+00
     10.000      9.902    -0.8648  27.286212    -0.8964  27.242386     8.0180     8.0581     1.4693    90.1686 5.6228e+01  -64.93318  -64.39944 342.814334      99.02 3.0752e+02   1444.421      34667  1027.0897  1027.0719    33.6203    33.5962    8.27465         38 0.0000e+00
      9.000      8.911    -0.9029  27.230832    -0.8849  27.259751     8.0302     8.0533     1.4604    89.8688 6.3210e+01  -64.93318  -64.39946 342.814359      99.97 3.0686e+02   1446.580      34719  1027.0584  1027.0720    33.5886    33.6077    8.28478         39 0.0000e+00
      8.000      7.922    -0.9443  27.195120    -0.9171  27.220586     8.0368     8.0397     1.4671    88.6797 7.0911e+01  -64.93318  -64.39946 342.814375      69.22 3.0843e+02   1448.041      34754  1027.0526  1027.0545    33.5869    33.5912    8.29401         34 0.0000e+00
