NBP2113_155081_ctd/data/unbp2113_067.cnv
* Sea-Bird SBE 9 Data File:
* FileName = D:\Data\raw\NBP2113_067.hex
* Software Version Seasave V 7.26.7.121
* Temperature SN = 2438
* Conductivity SN = 2067
* Number of Bytes Per Scan = 40
* Number of Voltage Words = 5
* Number of Scans Averaged by the Deck Unit = 1
* NMEA Latitude = 64 09.64 S
* NMEA Longitude = 061 49.92 W
* NMEA UTC (Time) = Dec 14 2021  19:29:58
* NMEA baud rate = 9600
** Ship: RVIB N.B. Palmer
** Cruise: NBP2113 LTER
** Station: 744.002
** Operator: S. Blackman
# nquan = 25
# nvalues = 475                         
# units = specified
# name 0 = prDM: Pressure, Digiquartz [db]
# name 1 = depSM: Depth [salt water, m]
# name 2 = t090C: Temperature [ITS-90, deg C]
# name 3 = c0mS/cm: Conductivity [mS/cm]
# name 4 = t190C: Temperature, 2 [ITS-90, deg C]
# name 5 = c1mS/cm: Conductivity, 2 [mS/cm]
# name 6 = sbeox0ML/L: Oxygen, SBE 43 [ml/l]
# name 7 = sbeox1ML/L: Oxygen, SBE 43, 2 [ml/l]
# name 8 = flECO-AFL: Fluorescence, WET Labs ECO-AFL/FL [mg/m^3]
# name 9 = CStarTr0: Beam Transmission, WET Labs C-Star [%]
# name 10 = par: PAR/Irradiance, Biospherical/Licor
# name 11 = latitude: Latitude [deg]
# name 12 = longitude: Longitude [deg]
# name 13 = timeJ: Julian Days
# name 14 = altM: Altimeter [m]
# name 15 = spar: SPAR, Biospherical/Licor
# name 16 = timeS: Time, Elapsed [seconds]
# name 17 = scan: Scan Count
# name 18 = density00: Density [density, kg/m^3]
# name 19 = density11: Density, 2 [density, kg/m^3]
# name 20 = sal00: Salinity, Practical [PSU]
# name 21 = sal11: Salinity, Practical, 2 [PSU]
# name 22 = oxsolML/L: Oxygen Saturation, Garcia & Gordon [ml/l]
# name 23 = nbin: number of scans per bin
# name 24 = flag: flag
# span 0 =      1.000,    475.000       
# span 1 =      0.989,    469.834       
# span 2 =    -0.7129,     0.3482       
# span 3 =  28.125544,  28.716854       
# span 4 =    -0.7134,     0.3459       
# span 5 =  28.124519,  28.714702       
# span 6 =     5.7978,    10.1845       
# span 7 =     5.9360,     8.5054       
# span 8 =    -0.0255,     1.2862       
# span 9 =    84.3628,    90.3017       
# span 10 = 1.0000e-12, 5.8650e+02      
# span 11 =  -64.16168,  -64.16140      
# span 12 =  -61.83264,  -61.83232      
# span 13 = 348.825035, 348.833773      
# span 14 =      11.21,     100.99      
# span 15 = 7.0516e+02, 8.5676e+02      
# span 16 =   1084.990,   1839.974      
# span 17 =      26041,      44160      
# span 18 =  1027.3322,  1030.0042      
# span 19 =  1027.3314,  1030.0030      
# span 20 =    34.0585,    34.5193      
# span 21 =    34.0573,    34.5178      
# span 22 =    7.99038,    8.19327      
# span 23 =         12,         48      
# span 24 = 0.0000e+00, 0.0000e+00      
# interval = decibars: 1                
# start_time = Dec 14 2021 19:29:58 [NMEA time, header]
# bad_flag = -9.990e-29
*END*
[from data line 406]
     69.000     68.317     0.0857  28.514629     0.0854  28.513228     6.7057     6.7565     0.4565    88.8975 1.2418e+00  -64.16146  -61.83240 348.832523      99.97 8.1093e+02   1731.994      41569  1027.7593  1027.7581    34.1688    34.1674    8.03891         27 0.0000e+00
     68.000     67.327     0.0940  28.518018     0.0973  28.517936     6.7182     6.7654     0.4511    88.8152 1.3176e+00  -64.16146  -61.83240 348.832536      99.97 8.1093e+02   1733.128      41596  1027.7506  1027.7473    34.1647    34.1609    8.03741         27 0.0000e+00
     67.000     66.337     0.1009  28.520877     0.1043  28.521310     6.7156     6.7716     0.4799    88.7274 1.3888e+00  -64.16146  -61.83240 348.832549      99.97 8.1093e+02   1734.269      41623  1027.7427  1027.7399    34.1614    34.1582    8.03616         28 0.0000e+00
     66.000     65.346     0.1058  28.523180     0.1061  28.522112     6.7131     6.7716     0.5166    88.6668 1.4530e+00  -64.16146  -61.83240 348.832562      99.97 8.1093e+02   1735.395      41650  1027.7361  1027.7347    34.1596    34.1578    8.03523         27 0.0000e+00
     65.000     64.357     0.1090  28.525123     0.1093  28.523728     6.7137     6.7760     0.5329    88.6401 1.5241e+00  -64.16146  -61.83240 348.832576      99.97 8.1093e+02   1736.534      41678  1027.7309  1027.7291    34.1592    34.1570    8.03459         27 0.0000e+00
     64.000     63.366     0.1125  28.527168     0.1153  28.528126     6.7147     6.7752     0.5545    88.6023 1.6071e+00  -64.16146  -61.83240 348.832589      99.97 8.1106e+02   1737.685      41705  1027.7255  1027.7238    34.1586    34.1568    8.03389         28 0.0000e+00
     63.000     62.378     0.1188  28.531770     0.1168  28.528954     6.7003     6.7760     0.5739    88.5804 1.7146e+00  -64.16146  -61.83240 348.832603      99.97 8.1166e+02   1738.902      41735  1027.7200  1027.7190    34.1582    34.1568    8.03258         31 0.0000e+00
     62.000     61.387     0.1184  28.531193     0.1179  28.529581     6.7081     6.7839     0.6069    88.5565 1.8309e+00  -64.16146  -61.83240 348.832618      99.97 8.1264e+02   1740.218      41766  1027.7156  1027.7144    34.1585    34.1570    8.03265         30 0.0000e+00
     61.000     60.398     0.1193  28.531457     0.1183  28.529523     6.7164     6.7903     0.6223    88.5378 1.9437e+00  -64.16146  -61.83240 348.832633      99.97 8.1269e+02   1741.481      41797  1027.7108  1027.7098    34.1585    34.1571    8.03246         28 0.0000e+00
     60.000     59.407     0.1216  28.532636     0.1218  28.531632     6.7232     6.7988     0.5858    88.5688 2.0580e+00  -64.16146  -61.83240 348.832646      99.97 8.1269e+02   1742.580      41823  1027.7057  1027.7044    34.1581    34.1566    8.03201         25 0.0000e+00
     59.000     58.416     0.1287  28.536868     0.1304  28.536683     6.7383     6.8004     0.5508    88.5437 2.1905e+00  -64.16146  -61.83240 348.832658      99.97 8.1269e+02   1743.665      41849  1027.6990  1027.6971    34.1564    34.1542    8.03062         27 0.0000e+00
     58.000     57.427     0.1359  28.541129     0.1335  28.538426     6.7379     6.8111     0.5831    88.4880 2.3318e+00  -64.16146  -61.83240 348.832672      99.97 8.1269e+02   1744.838      41877  1027.6923  1027.6917    34.1546    34.1537    8.02922         30 0.0000e+00
     57.000     56.436     0.1390  28.542463     0.1375  28.540279     6.7585     6.8257     0.6170    88.4457 2.4773e+00  -64.16146  -61.83240 348.832686      99.97 8.1269e+02   1746.069      41907  1027.6865  1027.6856    34.1535    34.1522    8.02863         28 0.0000e+00
     56.000     55.447     0.1450  28.545698     0.1436  28.543489     6.8190     6.8635     0.6094    88.4376 2.6433e+00  -64.16146  -61.83240 348.832700      99.96 8.1269e+02   1747.241      41935  1027.6799  1027.6789    34.1517    34.1503    8.02747         28 0.0000e+00
     55.000     54.457     0.1449  28.542535     0.1435  28.539573     6.8834     6.9118     0.5959    88.3533 2.8303e+00  -64.16146  -61.83240 348.832713      99.97 8.1269e+02   1748.438      41964  1027.6724  1027.6706    34.1482    34.1458    8.02769         30 0.0000e+00
     54.000     53.467     0.1443  28.535556     0.1444  28.533438     6.9684     6.9615     0.6366    88.1978 3.0296e+00  -64.16146  -61.83240 348.832728      99.97 8.1405e+02   1749.732      41995  1027.6614  1027.6590    34.1403    34.1374    8.02827         32 0.0000e+00
     53.000     52.478     0.1567  28.536001     0.1558  28.534083     7.0236     6.9993     0.7190    88.0422 3.2170e+00  -64.16146  -61.83240 348.832743      99.97 8.1446e+02   1750.980      42025  1027.6456  1027.6443    34.1277    34.1261    8.02638         27 0.0000e+00
     52.000     51.486     0.1687  28.539303     0.1634  28.536704     7.0278     7.0250     0.6971    87.9898 3.4302e+00  -64.16146  -61.83240 348.832756      99.97 8.1445e+02   1752.078      42051  1027.6332  1027.6355    34.1193    34.1217    8.02434         27 0.0000e+00
     51.000     50.497     0.1782  28.543085     0.1747  28.540301     7.0277     7.0406     0.7059    87.8940 3.6717e+00  -64.16146  -61.83240 348.832768      99.97 8.1445e+02   1753.178      42077  1027.6238  1027.6242    34.1143    34.1145    8.02264         27 0.0000e+00
     50.000     49.507     0.1856  28.547284     0.1857  28.546203     7.0318     7.0555     0.7508    87.7243 3.9315e+00  -64.16146  -61.83240 348.832782      99.97 8.1445e+02   1754.389      42106  1027.6169  1027.6155    34.1122    34.1106    8.02121         30 0.0000e+00
     49.000     48.517     0.1947  28.552474     0.1904  28.549045     7.0522     7.0681     0.8474    87.6012 4.2085e+00  -64.16146  -61.83240 348.832797      99.96 8.1445e+02   1755.688      42138  1027.6094  1027.6099    34.1095    34.1098    8.01946         29 0.0000e+00
     48.000     47.527     0.1974  28.553823     0.1997  28.553693     7.0883     7.0991     0.8506    87.5433 4.4932e+00  -64.16146  -61.83240 348.832811      99.97 8.1445e+02   1756.893      42166  1027.6041  1027.6017    34.1089    34.1062    8.01892         27 0.0000e+00
     47.000     46.536     0.2139  28.562698     0.2069  28.557211     7.1254     7.1315     0.8204    87.3201 4.8177e+00  -64.16146  -61.83240 348.832824      99.97 8.1445e+02   1758.000      42193  1027.5932  1027.5943    34.1028    34.1034    8.01582         27 0.0000e+00
     46.000     45.547     0.2323  28.572026     0.2202  28.564112     7.1778     7.1720     0.8365    87.2006 5.1937e+00  -64.16146  -61.83240 348.832837      99.97 8.1445e+02   1759.138      42220  1027.5811  1027.5844    34.0953    34.0983    8.01242         28 0.0000e+00
     45.000     44.557     0.2618  28.589403     0.2536  28.583542     7.1948     7.1919     0.9207    86.6318 5.6108e+00  -64.16146  -61.83240 348.832851      99.97 8.1445e+02   1760.321      42249  1027.5667  1027.5683    34.0860    34.0874    8.00679         28 0.0000e+00
     44.000     43.568     0.2753  28.597171     0.2585  28.586460     7.2022     7.2041     0.9544    86.3274 6.0608e+00  -64.16146  -61.83240 348.832864      99.97 8.1445e+02   1761.458      42276  1027.5579  1027.5627    34.0819    34.0864    8.00422         27 0.0000e+00
     43.000     42.576     0.2800  28.599713     0.2759  28.595814     7.1919     7.2099     0.9979    86.3403 6.5911e+00  -64.16146  -61.83240 348.832878      99.97 8.1445e+02   1762.634      42304  1027.5519  1027.5516    34.0805    34.0800    8.00330         30 0.0000e+00
     42.000     41.587     0.2873  28.603213     0.2748  28.594686     7.1701     7.2131     1.0501    85.9106 7.1146e+00  -64.16146  -61.83240 348.832894      99.97 8.1445e+02   1764.009      42337  1027.5447  1027.5476    34.0777    34.0803    8.00196         35 0.0000e+00
     41.000     40.596     0.2877  28.603043     0.2807  28.597531     7.1646     7.2233     1.1107    85.8689 7.6476e+00  -64.16146  -61.83240 348.832909      99.97 8.1445e+02   1765.309      42368  1027.5401  1027.5409    34.0776    34.0781    8.00187         27 0.0000e+00
     40.000     39.606     0.2844  28.600415     0.2836  28.598700     7.1758     7.2325     1.0442    85.8892 8.2473e+00  -64.16144  -61.83240 348.832921      99.97 8.1421e+02   1766.364      42394  1027.5364  1027.5352    34.0784    34.0771    8.00251         24 0.0000e+00
     39.000     38.616     0.2866  28.600927     0.2858  28.599147     7.1829     7.2447     1.0146    85.8329 8.9933e+00  -64.16144  -61.83240 348.832933      99.97 8.1271e+02   1767.383      42418  1027.5307  1027.5294    34.0772    34.0757    8.00212         26 0.0000e+00
     38.000     37.626     0.2949  28.605183     0.2908  28.601483     7.1759     7.2529     1.0873    85.7166 9.8536e+00  -64.16144  -61.83240 348.832946      99.97 8.1269e+02   1768.527      42446  1027.5230  1027.5230    34.0742    34.0739    8.00056         29 0.0000e+00
     37.000     36.637     0.2973  28.606257     0.2955  28.604049     7.1642     7.2475     1.1433    85.6439 1.0654e+01  -64.16144  -61.83240 348.832961      99.97 8.1269e+02   1769.790      42476  1027.5177  1027.5170    34.0735    34.0727    8.00009         31 0.0000e+00
     36.000     35.646     0.2977  28.605922     0.2951  28.603287     7.1667     7.2501     1.2253    85.6682 1.1490e+01  -64.16144  -61.83240 348.832975      99.97 8.1205e+02   1771.053      42506  1027.5129  1027.5125    34.0733    34.0727    8.00004         30 0.0000e+00
     35.000     34.657     0.2981  28.605646     0.2963  28.603335     7.1591     7.2511     1.1942    85.6587 1.2449e+01  -64.16144  -61.83238 348.832989      99.96 8.1093e+02   1772.252      42535  1027.5080  1027.5072    34.0731    34.0720    7.99996         27 0.0000e+00
     34.000     33.665     0.2971  28.604750     0.2964  28.602972     7.1688     7.2445     1.1230    85.6748 1.3444e+01  -64.16144  -61.83240 348.833002      99.97 8.1059e+02   1773.407      42563  1027.5039  1027.5026    34.0736    34.0721    8.00013         26 0.0000e+00
     33.000     32.676     0.2969  28.604257     0.2964  28.602661     7.1636     7.2408     1.0853    85.6699 1.4478e+01  -64.16144  -61.83238 348.833016      99.97 8.0918e+02   1774.571      42591  1027.4994  1027.4981    34.0738    34.0723    8.00017         29 0.0000e+00
     32.000     31.685     0.2979  28.604528     0.2975  28.602921     7.1634     7.2378     1.0766    85.6550 1.5614e+01  -64.16144  -61.83238 348.833030      99.96 8.0820e+02   1775.772      42620  1027.4945  1027.4931    34.0737    34.0719    7.99997         29 0.0000e+00
     31.000     30.697     0.2985  28.604376     0.2979  28.602709     7.1579     7.2449     1.0593    85.6273 1.6908e+01  -64.16144  -61.83238 348.833044      99.96 8.0740e+02   1776.976      42648  1027.4896  1027.4883    34.0734    34.0719    7.99986         28 0.0000e+00
     30.000     29.705     0.2974  28.603431     0.2966  28.601623     7.1576     7.2468     1.0731    85.6366 1.8356e+01  -64.16144  -61.83238 348.833058      99.97 8.0586e+02   1778.168      42677  1027.4855  1027.4842    34.0740    34.0725    8.00006         28 0.0000e+00
     29.000     28.715     0.2954  28.601626     0.2945  28.599851     7.1653     7.2529     1.0631    85.6771 1.9887e+01  -64.16144  -61.83238 348.833071      99.97 8.0527e+02   1779.337      42705  1027.4813  1027.4802    34.0745    34.0731    8.00045         29 0.0000e+00
     28.000     27.726     0.2944  28.600665     0.2945  28.599195     7.1873     7.2495     1.0548    85.7008 2.1598e+01  -64.16144  -61.83238 348.833085      99.97 8.0375e+02   1780.518      42733  1027.4769  1027.4753    34.0749    34.0729    8.00063         28 0.0000e+00
     27.000     26.735     0.2959  28.600909     0.2959  28.599615     7.2025     7.2552     1.0586    85.6367 2.3350e+01  -64.16144  -61.83238 348.833099      99.97 8.0210e+02   1781.714      42762  1027.4715  1027.4701    34.0742    34.0724    8.00037         29 0.0000e+00
     26.000     25.745     0.3062  28.605919     0.2989  28.600827     7.2185     7.2725     1.0623    85.4732 2.5407e+01  -64.16144  -61.83238 348.833113      99.97 8.0098e+02   1782.951      42792  1027.4625  1027.4642    34.0699    34.0713    7.99846         32 0.0000e+00
     25.000     24.755     0.3198  28.613474     0.3042  28.602740     7.2227     7.2819     1.1694    85.2356 2.7839e+01  -64.16144  -61.83238 348.833129      99.97 7.9957e+02   1784.354      42826  1027.4530  1027.4567    34.0653    34.0685    7.99588         34 0.0000e+00
     24.000     23.764     0.3261  28.617308     0.3170  28.611173     7.2113     7.2783     1.2440    85.0430 3.0758e+01  -64.16144  -61.83238 348.833147      99.97 7.9853e+02   1785.883      42862  1027.4468  1027.4490    34.0640    34.0660    7.99465         38 0.0000e+00
     23.000     22.775     0.3167  28.611036     0.3083  28.604985     7.2005     7.2851     1.2191    84.8129 3.3519e+01  -64.16144  -61.83238 348.833167      99.97 7.9616e+02   1787.657      42905  1027.4452  1027.4468    34.0668    34.0681    7.99645         41 0.0000e+00
     22.000     21.784     0.3172  28.610224     0.3152  28.608937     7.2260     7.3042     1.1795    84.8394 3.6462e+01  -64.16144  -61.83237 348.833188      99.97 7.9397e+02   1789.414      42947  1027.4396  1027.4400    34.0657    34.0663    7.99640         39 0.0000e+00
     21.000     20.795     0.3218  28.612781     0.3204  28.610965     7.2430     7.3127     1.1926    84.8064 4.0081e+01  -64.16144  -61.83237 348.833206      99.96 7.9233e+02   1790.969      42984  1027.4337  1027.4329    34.0647    34.0638    7.99551         36 0.0000e+00
     20.000     19.804     0.3355  28.621194     0.3323  28.617847     7.2387     7.3218     1.2091    84.6651 4.3638e+01  -64.16144  -61.83236 348.833225      99.97 7.9014e+02   1792.596      43023  1027.4249  1027.4244    34.0610    34.0602    7.99286         33 0.0000e+00
     19.000     18.815     0.3388  28.622876     0.3360  28.619963     7.2477     7.3176     1.2078    84.5931 4.8482e+01  -64.16144  -61.83236 348.833244      99.97 7.8751e+02   1794.275      43064  1027.4194  1027.4190    34.0603    34.0595    7.99223         37 0.0000e+00
     18.000     17.823     0.3390  28.622567     0.3384  28.620941     7.2407     7.3108     1.2567    84.6593 5.3334e+01  -64.16144  -61.83236 348.833264      99.97 7.8524e+02   1796.037      43106  1027.4148  1027.4136    34.0602    34.0588    7.99219         41 0.0000e+00
     17.000     16.833     0.3360  28.620147     0.3311  28.615704     7.2199     7.3051     1.2862    84.6233 5.7857e+01  -64.16144  -61.83236 348.833286      99.96 7.8220e+02   1797.926      43151  1027.4109  1027.4108    34.0610    34.0605    7.99277         36 0.0000e+00
     16.000     15.843     0.3252  28.612930     0.3261  28.611990     7.2159     7.3066     1.2540    84.6947 6.4083e+01  -64.16142  -61.83236 348.833308      99.97 7.7978e+02   1799.784      43196  1027.4096  1027.4077    34.0640    34.0619    7.99483         40 0.0000e+00
     15.000     14.853     0.3263  28.612653     0.3250  28.610712     7.2117     7.3060     1.2242    84.9336 6.8888e+01  -64.16142  -61.83236 348.833332      99.97 7.7698e+02   1801.909      43247  1027.4039  1027.4030    34.0631    34.0619    7.99467         40 0.0000e+00
     14.000     13.862     0.3268  28.612769     0.3256  28.610740     7.2098     7.2891     1.1961    85.0285 7.8030e+01  -64.16142  -61.83236 348.833355      99.97 7.7403e+02   1803.894      43294  1027.3992  1027.3983    34.0632    34.0620    7.99454         40 0.0000e+00
     13.000     12.874     0.3226  28.609490     0.3145  28.603269     7.1974     7.2813     1.1847    84.9514 8.4632e+01  -64.16142  -61.83236 348.833377      99.97 7.7112e+02   1805.796      43340  1027.3957  1027.3969    34.0642    34.0651    7.99537         44 0.0000e+00
