NBP2113_155081_ctd/data/unbp2113_060.cnv
* Sea-Bird SBE 9 Data File:
* FileName = D:\Data\raw\NBP2113_060.hex
* Software Version Seasave V 7.26.7.121
* Temperature SN = 2438
* Conductivity SN = 2067
* Number of Bytes Per Scan = 40
* Number of Voltage Words = 5
* Number of Scans Averaged by the Deck Unit = 1
* NMEA Latitude = 64 45.87 S
* NMEA Longitude = 063 07.32 W
* NMEA UTC (Time) = Dec 13 2021  22:33:21
* NMEA baud rate = 9600
** Ship: RVIB N.B. Palmer
** Cruise: NBP2113 LTER
** Station: 654.006
** Operator: S. Blackman
# nquan = 25
# nvalues = 276                         
# units = specified
# name 0 = prDM: Pressure, Digiquartz [db]
# name 1 = depSM: Depth [salt water, m]
# name 2 = t090C: Temperature [ITS-90, deg C]
# name 3 = c0mS/cm: Conductivity [mS/cm]
# name 4 = t190C: Temperature, 2 [ITS-90, deg C]
# name 5 = c1mS/cm: Conductivity, 2 [mS/cm]
# name 6 = sbeox0ML/L: Oxygen, SBE 43 [ml/l]
# name 7 = sbeox1ML/L: Oxygen, SBE 43, 2 [ml/l]
# name 8 = flECO-AFL: Fluorescence, WET Labs ECO-AFL/FL [mg/m^3]
# name 9 = CStarTr0: Beam Transmission, WET Labs C-Star [%]
# name 10 = par: PAR/Irradiance, Biospherical/Licor
# name 11 = latitude: Latitude [deg]
# name 12 = longitude: Longitude [deg]
# name 13 = timeJ: Julian Days
# name 14 = altM: Altimeter [m]
# name 15 = spar: SPAR, Biospherical/Licor
# name 16 = timeS: Time, Elapsed [seconds]
# name 17 = scan: Scan Count
# name 18 = density00: Density [density, kg/m^3]
# name 19 = density11: Density, 2 [density, kg/m^3]
# name 20 = sal00: Salinity, Practical [PSU]
# name 21 = sal11: Salinity, Practical, 2 [PSU]
# name 22 = oxsolML/L: Oxygen Saturation, Garcia & Gordon [ml/l]
# name 23 = nbin: number of scans per bin
# name 24 = flag: flag
# span 0 =      1.000,    276.000       
# span 1 =      0.990,    273.116       
# span 2 =    -0.3668,     0.8036       
# span 3 =  27.904768,  29.433289       
# span 4 =    -0.3669,     0.8033       
# span 5 =  27.902044,  29.432421       
# span 6 =     4.9771,     7.5995       
# span 7 =     5.0464,     7.4861       
# span 8 =    -0.0146,     1.2714       
# span 9 =    85.2921,    90.7130       
# span 10 = 1.0000e-12, 5.0267e+02      
# span 11 =  -64.76428,  -64.76402      
# span 12 =  -63.12230,  -63.12216      
# span 13 = 347.948420, 347.955266      
# span 14 =       9.74,     100.60      
# span 15 = 4.7768e+02, 1.8217e+03      
# span 16 =    742.504,   1333.992      
# span 17 =      17821,      32017      
# span 18 =  1027.1617,  1029.0407      
# span 19 =  1027.1604,  1029.0386      
# span 20 =    33.8067,    34.5070      
# span 21 =    33.8063,    34.5057      
# span 22 =    7.87244,    8.13979      
# span 23 =         25,         47      
# span 24 = 0.0000e+00, 0.0000e+00      
# interval = decibars: 1                
# start_time = Dec 13 2021 22:33:21 [NMEA time, header]
# bad_flag = -9.990e-29
*END*
[from data line 232]
     44.000     43.564     0.0227  28.401071     0.0189  28.395067     6.7952     6.8799     0.5688    89.1820 3.7577e+00  -64.76402  -63.12230 347.954071      99.97 5.1511e+02   1230.776      29540  1027.5927  1027.5899    34.1039    34.1003    8.05580         27 0.0000e+00
     43.000     42.575     0.0181  28.394600     0.0141  28.388227     6.7857     6.8695     0.5567    89.1103 4.0152e+00  -64.76402  -63.12230 347.954085      99.97 5.1476e+02   1231.914      29567  1027.5859  1027.5828    34.1012    34.0972    8.05694         27 0.0000e+00
     42.000     41.585     0.0140  28.388710     0.0126  28.385493     6.7891     6.8675     0.5642    89.0816 4.2913e+00  -64.76402  -63.12230 347.954098      99.97 5.1351e+02   1233.053      29594  1027.5791  1027.5769    34.0986    34.0958    8.05795         28 0.0000e+00
     41.000     40.595     0.0110  28.384208     0.0100  28.381946     6.7825     6.8635     0.5512    89.0733 4.5934e+00  -64.76402  -63.12230 347.954111      99.97 5.1301e+02   1234.201      29622  1027.5728  1027.5712    34.0965    34.0946    8.05869         28 0.0000e+00
     40.000     39.605     0.0092  28.381420     0.0078  28.378569     6.7804     6.8578     0.5805    89.0354 4.9101e+00  -64.76402  -63.12230 347.954124      99.97 5.1204e+02   1235.355      29650  1027.5671  1027.5654    34.0955    34.0932    8.05914         27 0.0000e+00
     39.000     38.614     0.0078  28.379213     0.0063  28.376548     6.7765     6.8610     0.5841    88.9907 5.2575e+00  -64.76402  -63.12230 347.954138      99.97 5.1125e+02   1236.512      29677  1027.5618  1027.5603    34.0947    34.0929    8.05947         28 0.0000e+00
     38.000     37.624     0.0057  28.376445     0.0053  28.374856     6.7696     6.8667     0.5854    88.9843 5.6319e+00  -64.76402  -63.12230 347.954151      99.97 5.1118e+02   1237.656      29705  1027.5564  1027.5551    34.0940    34.0923    8.05995         27 0.0000e+00
     37.000     36.635     0.0053  28.375627     0.0032  28.372192     6.7795     6.8709     0.5776    88.9683 6.0395e+00  -64.76402  -63.12230 347.954164      99.97 5.0960e+02   1238.810      29732  1027.5516  1027.5498    34.0939    34.0917    8.06004         28 0.0000e+00
     36.000     35.644     0.0010  28.370225     0.0002  28.367889     6.7878     6.8783     0.5830    88.9673 6.4785e+00  -64.76402  -63.12230 347.954178      99.97 5.0947e+02   1239.972      29760  1027.5456  1027.5438    34.0921    34.0899    8.06104         28 0.0000e+00
     35.000     34.655    -0.0025  28.364950    -0.0062  28.359186     6.8155     6.9035     0.6708    88.9456 6.9885e+00  -64.76402  -63.12230 347.954192      99.97 5.0862e+02   1241.207      29790  1027.5390  1027.5364    34.0897    34.0862    8.06191         31 0.0000e+00
     34.000     33.664    -0.0084  28.356753    -0.0138  28.348196     6.8546     6.9417     0.6745    88.9364 7.5685e+00  -64.76402  -63.12230 347.954207      99.97 5.0771e+02   1242.505      29821  1027.5316  1027.5277    34.0860    34.0807    8.06336         31 0.0000e+00
     33.000     32.675    -0.0145  28.346082    -0.0240  28.330972     6.9449     7.0100     0.6244    88.8807 8.1822e+00  -64.76402  -63.12230 347.954222      99.97 5.0771e+02   1243.809      29852  1027.5219  1027.5148    34.0793    34.0699    8.06504         28 0.0000e+00
     32.000     31.683    -0.0256  28.328117    -0.0353  28.310778     7.1058     7.1103     0.6160    88.8153 8.8924e+00  -64.76402  -63.12230 347.954238      62.08 5.0771e+02   1245.123      29884  1027.5090  1027.4998    34.0684    34.0562    8.06799         31 0.0000e+00
     31.000     30.695    -0.0459  28.289636    -0.0480  28.282603     7.2972     7.2252     0.6439    88.7304 9.6808e+00  -64.76402  -63.12230 347.954253      71.36 5.0596e+02   1246.433      29915  1027.4832  1027.4776    34.0406    34.0336    8.07385         32 0.0000e+00
     30.000     29.706    -0.0759  28.234633    -0.0820  28.222892     7.3767     7.2809     0.7685    88.5652 1.0538e+01  -64.76402  -63.12230 347.954268      37.53 5.0595e+02   1247.742      29947  1027.4490  1027.4422    34.0016    33.9928    8.08239         29 0.0000e+00
     29.000     28.714    -0.1017  28.188043    -0.0988  28.191174     7.3989     7.3353     0.7611    88.2162 1.1524e+01  -64.76402  -63.12230 347.954283      41.63 5.0595e+02   1249.078      29979  1027.4197  1027.4201    33.9691    33.9700    8.08971         33 0.0000e+00
     28.000     27.724    -0.1127  28.167442    -0.1068  28.177706     7.3987     7.3849     0.8968    88.0146 1.2576e+01  -64.76402  -63.12230 347.954299     100.30 5.0417e+02   1250.466      30012  1027.4036  1027.4087    33.9545    33.9616    8.09287         33 0.0000e+00
     27.000     26.734    -0.1281  28.144711    -0.1321  28.131944     7.4167     7.3704     0.9420    87.7014 1.3715e+01  -64.76402  -63.12230 347.954316      99.97 5.0418e+02   1251.872      30046  1027.3894  1027.3796    33.9420    33.9295    8.09683         32 0.0000e+00
     26.000     25.744    -0.1502  28.107884    -0.1345  28.129826     7.4185     7.3689     0.9036    87.3867 1.4991e+01  -64.76402  -63.12230 347.954332      99.97 5.0294e+02   1253.273      30080  1027.3667  1027.3750    33.9182    33.9299    8.10287         32 0.0000e+00
     25.000     24.754    -0.1719  28.078141    -0.1295  28.140501     7.4492     7.4218     0.9534    87.2446 1.6389e+01  -64.76402  -63.12230 347.954348      99.97 5.0242e+02   1254.691      30114  1027.3512  1027.3770    33.9034    33.9392    8.10833         34 0.0000e+00
     24.000     23.764    -0.1924  28.048448    -0.1787  28.066050     7.4563     7.4611     1.0807    87.1259 1.7923e+01  -64.76402  -63.12230 347.954365      99.97 5.0237e+02   1256.095      30147  1027.3347  1027.3405    33.8873    33.8955    8.11362         33 0.0000e+00
     23.000     22.773    -0.1976  28.038232    -0.1874  28.052823     7.4352     7.4667     1.0324    86.8563 1.9500e+01  -64.76403  -63.12230 347.954381      99.97 5.0091e+02   1257.498      30181  1027.3239  1027.3299    33.8801    33.8881    8.11513         35 0.0000e+00
     22.000     21.783    -0.2069  28.024602    -0.1949  28.040973     7.4147     7.4758     1.0975    86.5581 2.1460e+01  -64.76404  -63.12230 347.954397      99.97 5.0066e+02   1258.913      30215  1027.3136  1027.3197    33.8728    33.8813    8.11752         33 0.0000e+00
     21.000     20.794    -0.2257  28.002481    -0.2054  28.028218     7.3941     7.4694     1.0477    86.3965 2.3531e+01  -64.76404  -63.12230 347.954413      99.97 5.0066e+02   1260.321      30249  1027.3033  1027.3117    33.8649    33.8767    8.12198         32 0.0000e+00
     20.000     19.803    -0.2415  27.982296    -0.2179  28.009121     7.3964     7.4744     1.0637    86.2838 2.5801e+01  -64.76404  -63.12230 347.954430      99.97 4.9963e+02   1261.757      30283  1027.2922  1027.2986    33.8562    33.8656    8.12585         33 0.0000e+00
     19.000     18.814    -0.2593  27.959525    -0.2382  27.985064     7.4000     7.4713     1.0694    86.0833 2.8579e+01  -64.76404  -63.12230 347.954447      99.97 4.9891e+02   1263.227      30318  1027.2804  1027.2877    33.8462    33.8568    8.13022         35 0.0000e+00
     18.000     17.823    -0.2506  27.969675    -0.2416  27.977957     7.3570     7.4573     1.1243    85.7882 3.1564e+01  -64.76404  -63.12230 347.954466      99.97 4.9822e+02   1264.871      30358  1027.2782  1027.2787    33.8506    33.8517    8.12811         39 0.0000e+00
     17.000     16.833    -0.2248  28.004838    -0.2066  28.025603     7.3821     7.4676     1.1947    85.6041 3.5084e+01  -64.76404  -63.12230 347.954488      99.97 4.9714e+02   1266.777      30404  1027.2863  1027.2914    33.8695    33.8769    8.12154         36 0.0000e+00
     16.000     15.843    -0.2460  27.974160    -0.2127  28.016997     7.3722     7.4660     1.2646    85.5289 3.8347e+01  -64.76404  -63.12230 347.954511      99.97 4.9673e+02   1268.788      30452  1027.2694  1027.2836    33.8527    33.8728    8.12701         45 0.0000e+00
     15.000     14.853    -0.2691  27.945474    -0.2642  27.951437     7.3900     7.4656     1.2714    85.4841 4.2609e+01  -64.76404  -63.12230 347.954535      99.97 4.9532e+02   1270.852      30501  1027.2564  1027.2586    33.8407    33.8432    8.13263         44 0.0000e+00
     14.000     13.863    -0.2964  27.904957    -0.2956  27.905456     7.3923     7.4663     1.1579    85.4842 4.7201e+01  -64.76404  -63.12230 347.954560      99.97 4.9473e+02   1272.977      30552  1027.2346  1027.2347    33.8177    33.8174    8.13979         36 0.0000e+00
     13.000     12.873    -0.2871  27.915239    -0.2870  27.914559     7.3849     7.4719     1.0786    85.4199 5.2205e+01  -64.76404  -63.12230 347.954591      99.96 4.9361e+02   1275.653      30617  1027.2317  1027.2312    33.8216    33.8206    8.13756         33 0.0000e+00
     12.000     11.882    -0.2842  27.920221    -0.2891  27.909674     7.4005     7.4730     1.0487    85.4235 5.7375e+01  -64.76404  -63.12230 347.954627      99.97 4.9227e+02   1278.787      30692  1027.2298  1027.2235    33.8257    33.8170    8.13672         35 0.0000e+00
     11.000     10.894    -0.2725  27.936587    -0.2882  27.911914     7.3955     7.4763     0.9495    85.4140 6.3342e+01  -64.76404  -63.12230 347.954664      99.97 4.9163e+02   1281.970      30768  1027.2315  1027.2201    33.8352    33.8196    8.13368         39 0.0000e+00
     10.000      9.903    -0.2869  27.913133    -0.2894  27.910165     7.3963     7.4802     0.8356    85.4079 6.9052e+01  -64.76404  -63.12230 347.954701      99.97 4.9015e+02   1285.203      30846  1027.2161  1027.2150    33.8205    33.8192    8.13760         38 0.0000e+00
      9.000      8.912    -0.2874  27.911724    -0.2924  27.902749     7.4042     7.4804     0.6875    85.3365 7.8615e+01  -64.76404  -63.12228 347.954740      99.84 4.8866e+02   1288.537      30926  1027.2106  1027.2057    33.8197    33.8133    8.13774         35 0.0000e+00
      8.000      7.922    -0.2913  27.904768    -0.2918  27.903345     7.4056     7.4803     0.6172    85.3178 8.8663e+01  -64.76404  -63.12228 347.954778      99.97 4.8759e+02   1291.836      31005  1027.2024  1027.2013    33.8154    33.8140    8.13883         41 0.0000e+00
      7.000      6.932    -0.2852  27.912449    -0.2906  27.904597     7.4099     7.4825     0.5653    85.2921 9.9617e+01  -64.76404  -63.12228 347.954816      99.97 4.8657e+02   1295.067      31083  1027.2004  1027.1972    33.8194    33.8150    8.13728         36 0.0000e+00
      6.000      5.941    -0.2886  27.907018    -0.2915  27.902044     7.4172     7.4861     0.5970    85.3196 1.1259e+02  -64.76404  -63.12228 347.954851      78.87 4.8556e+02   1298.139      31156  1027.1936  1027.1910    33.8166    33.8131    8.13817         37 0.0000e+00
      5.000      4.952    -0.2831  27.907243    -0.2862  27.902143     7.3885     7.4789     0.5765    85.3170 1.2945e+02  -64.76404  -63.12228 347.954890      61.04 4.8481e+02   1301.475      31236  1027.1840  1027.1815    33.8114    33.8081    8.13731         39 0.0000e+00
      4.000      3.961    -0.1641  28.002462    -0.1418  28.021275     7.4848     7.4800     0.5382    85.3207 1.4860e+02  -64.76405  -63.12227 347.955118      99.40 4.7996e+02   1321.160      31709  1027.1710  1027.1708    33.8067    33.8070    8.11219         41 0.0000e+00
      3.000      2.969    -0.1956  27.979323    -0.1796  27.988781     7.5995     7.4802     0.5499    85.2983 1.7506e+02  -64.76406  -63.12226 347.955222      99.97 4.7768e+02   1330.144      31924  1027.1736  1027.1694    33.8115    33.8063    8.11863         44 0.0000e+00
      2.000      1.980    -0.1902  27.981673    -0.1357  28.024959 -9.990e-29 -9.990e-29     0.5375    85.3205 2.0779e+02  -64.76406  -63.12226 347.955243      99.97 4.7774e+02   1331.982      31969  1027.1657  1027.1604    33.8093    33.8063    8.11759         40 0.0000e+00
      1.000      0.990    -0.2039  27.969863    -0.1712  27.997008 -9.990e-29 -9.990e-29     0.4925    85.3418 5.0267e+02  -64.76406  -63.12226 347.955266      99.97 4.7774e+02   1333.992      32017  1027.1617  1027.1606    33.8093    33.8092    8.12050         35 0.0000e+00
