NBP2113_155081_ctd/data/unbp2113_002.cnv
* Sea-Bird SBE 9 Data File:
* FileName = D:\Data\raw\NBP2113_002.hex
* Software Version Seasave V 7.26.7.121
* Temperature SN = 2438
* Conductivity SN = 2067
* Number of Bytes Per Scan = 40
* Number of Voltage Words = 5
* Number of Scans Averaged by the Deck Unit = 1
* NMEA Latitude = 63 34.52 S
* NMEA Longitude = 060 42.00 W
* NMEA UTC (Time) = Nov 22 2021  11:46:05
* NMEA baud rate = 9600
** Ship: RVIB N.B. Palmer
** Cruise: NBP2113 LTER
** Station: 831.-002
** Operator: B. Urmston
# nquan = 25
# nvalues = 600                         
# units = specified
# name 0 = prDM: Pressure, Digiquartz [db]
# name 1 = depSM: Depth [salt water, m]
# name 2 = t090C: Temperature [ITS-90, deg C]
# name 3 = c0mS/cm: Conductivity [mS/cm]
# name 4 = t190C: Temperature, 2 [ITS-90, deg C]
# name 5 = c1mS/cm: Conductivity, 2 [mS/cm]
# name 6 = sbeox0ML/L: Oxygen, SBE 43 [ml/l]
# name 7 = sbeox1ML/L: Oxygen, SBE 43, 2 [ml/l]
# name 8 = flECO-AFL: Fluorescence, WET Labs ECO-AFL/FL [mg/m^3]
# name 9 = CStarTr0: Beam Transmission, WET Labs C-Star [%]
# name 10 = par: PAR/Irradiance, Biospherical/Licor
# name 11 = latitude: Latitude [deg]
# name 12 = longitude: Longitude [deg]
# name 13 = timeJ: Julian Days
# name 14 = altM: Altimeter [m]
# name 15 = spar: SPAR, Biospherical/Licor
# name 16 = timeS: Time, Elapsed [seconds]
# name 17 = scan: Scan Count
# name 18 = density00: Density [density, kg/m^3]
# name 19 = density11: Density, 2 [density, kg/m^3]
# name 20 = sal00: Salinity, Practical [PSU]
# name 21 = sal11: Salinity, Practical, 2 [PSU]
# name 22 = oxsolML/L: Oxygen Saturation, Garcia & Gordon [ml/l]
# name 23 = nbin: number of scans per bin
# name 24 = flag: flag
# span 0 =      1.000,    600.000       
# span 1 =      0.990,    593.320       
# span 2 =    -1.3454,    -0.6414       
# span 3 =  27.602464,  27.993725       
# span 4 =    -1.3456,    -0.6261       
# span 5 =  27.601086,  28.004272       
# span 6 =     6.7855,     7.6703       
# span 7 =     6.7492,     7.5525       
# span 8 =    -0.0150,     0.9120       
# span 9 =    93.5564,    98.7064       
# span 10 = 1.0000e-12, 3.8264e+02      
# span 11 =  -63.57548,  -63.57542      
# span 12 =  -60.69968,  -60.69936      
# span 13 = 326.504728, 326.521512      
# span 14 =       6.27,     102.21      
# span 15 = 1.7778e+03, 1.8061e+03      
# span 16 =   1243.516,   2693.623      
# span 17 =      29845,      64648      
# span 18 =  1027.6018,  1030.6243      
# span 19 =  1027.5955,  1030.6225      
# span 20 =    34.3288,    34.5025      
# span 21 =    34.3214,    34.5007      
# span 22 =    8.18457,    8.33278      
# span 23 =         11,         50      
# span 24 = 0.0000e+00, 0.0000e+00      
# interval = decibars: 1                
# start_time = Nov 22 2021 11:46:05 [NMEA time, header]
# bad_flag = -9.990e-29
*END*
[from data line 232]
    368.000    364.106    -1.3224  27.695318    -1.3223  27.694079     7.0468     6.9794     0.0289    98.3198 1.0000e-12  -63.57546  -60.69950 326.510185      99.98 1.7964e+03   1714.995      41161  1029.5028  1029.5014    34.4762    34.4744    8.32553         13 0.0000e+00
    367.000    363.115    -1.3224  27.694712    -1.3225  27.693445     7.0526     6.9751     0.0320    98.2966 1.0000e-12  -63.57546  -60.69950 326.510192      99.98 1.7966e+03   1715.591      41175  1029.4979  1029.4965    34.4760    34.4744    8.32555         16 0.0000e+00
    366.000    362.129    -1.3216  27.694986    -1.3219  27.693407     7.0521     6.9721     0.0347    98.2995 1.0000e-12  -63.57546  -60.69948 326.510215      99.98 1.7950e+03   1717.604      41223  1029.4930  1029.4916    34.4760    34.4742    8.32536         23 0.0000e+00
    365.000    361.140    -1.3213  27.694757    -1.3216  27.693225     7.0561     6.9852     0.0288    98.3009 1.0000e-12  -63.57546  -60.69948 326.510261      99.98 1.7911e+03   1721.566      41319  1029.4882  1029.4869    34.4760    34.4743    8.32529         16 0.0000e+00
    364.000    360.153    -1.3220  27.693643    -1.3221  27.692380     7.0541     6.9817     0.0257    98.2736 1.0000e-12  -63.57546  -60.69948 326.510268      99.98 1.7907e+03   1722.154      41333  1029.4835  1029.4822    34.4759    34.4743    8.32547         14 0.0000e+00
    363.000    359.162    -1.3223  27.692989    -1.3222  27.691794     7.0590     6.9838     0.0210    98.2581 1.0000e-12  -63.57546  -60.69949 326.510275      99.98 1.7893e+03   1722.760      41347  1029.4788  1029.4773    34.4760    34.4743    8.32553         15 0.0000e+00
    362.000    358.175    -1.3223  27.692561    -1.3224  27.691321     7.0610     6.9826     0.0315    98.2491 1.0000e-12  -63.57546  -60.69950 326.510283      99.98 1.7893e+03   1723.417      41363  1029.4740  1029.4727    34.4760    34.4744    8.32552         17 0.0000e+00
    361.000    357.185    -1.3224  27.692050    -1.3224  27.690813     7.0525     6.9858     0.0377    98.2500 1.0000e-12  -63.57546  -60.69950 326.510291      99.98 1.7893e+03   1724.158      41381  1029.4693  1029.4679    34.4761    34.4744    8.32554         19 0.0000e+00
    360.000    356.197    -1.3223  27.691547    -1.3226  27.690245     7.0489     6.9818     0.0436    98.2729 1.0000e-12  -63.57546  -60.69950 326.510301      99.98 1.7910e+03   1725.006      41401  1029.4644  1029.4631    34.4759    34.4744    8.32554         21 0.0000e+00
    359.000    355.208    -1.3228  27.690872    -1.3230  27.689395     7.0693     6.9806     0.0436    98.3007 1.0000e-12  -63.57545  -60.69949 326.510312      99.98 1.7922e+03   1725.947      41424  1029.4597  1029.4583    34.4761    34.4743    8.32562         24 0.0000e+00
    358.000    354.221    -1.3225  27.690575    -1.3229  27.688869     7.0562     6.9830     0.0436    98.3156 1.0000e-12  -63.57544  -60.69948 326.510324      99.98 1.7930e+03   1726.960      41448  1029.4549  1029.4534    34.4760    34.4741    8.32557         26 0.0000e+00
    357.000    353.231    -1.3230  27.689766    -1.3225  27.688826     7.0633     6.9784     0.0436    98.3214 1.0000e-12  -63.57544  -60.69948 326.510338      99.98 1.7947e+03   1728.224      41478  1029.4502  1029.4487    34.4761    34.4742    8.32567         38 0.0000e+00
    356.000    352.244    -1.3229  27.689321    -1.3228  27.688205     7.0613     6.9769     0.0467    98.2735 1.0000e-12  -63.57544  -60.69947 326.510372      99.98 1.7955e+03   1731.104      41547  1029.4454  1029.4440    34.4760    34.4743    8.32566         34 0.0000e+00
    355.000    351.254    -1.3228  27.688930    -1.3229  27.687603     7.0600     6.9822     0.0432    98.2916 1.0000e-12  -63.57544  -60.69948 326.510394      99.98 1.7932e+03   1733.015      41593  1029.4405  1029.4391    34.4760    34.4742    8.32564         25 0.0000e+00
    354.000    350.267    -1.3230  27.688343    -1.3229  27.687171     7.0636     6.9858     0.0285    98.2918 1.0000e-12  -63.57544  -60.69949 326.510403      99.98 1.7917e+03   1733.853      41613  1029.4358  1029.4344    34.4760    34.4743    8.32568         18 0.0000e+00
    353.000    349.277    -1.3232  27.687723    -1.3230  27.686521     7.0600     6.9881     0.0217    98.3136 1.0000e-12  -63.57544  -60.69950 326.510411      99.98 1.7904e+03   1734.556      41630  1029.4311  1029.4296    34.4760    34.4742    8.32572         16 0.0000e+00
    352.000    348.288    -1.3231  27.687286    -1.3230  27.685934     7.0604     6.9873     0.0267    98.3279 1.0000e-12  -63.57544  -60.69950 326.510420      99.98 1.7893e+03   1735.249      41647  1029.4262  1029.4247    34.4759    34.4740    8.32570         17 0.0000e+00
    351.000    347.299    -1.3232  27.686826    -1.3231  27.685542     7.0759     6.9843     0.0354    98.2930 1.0000e-12  -63.57544  -60.69950 326.510429      99.98 1.7893e+03   1736.028      41666  1029.4215  1029.4200    34.4760    34.4741    8.32572         21 0.0000e+00
    350.000    346.312    -1.3232  27.686224    -1.3231  27.685018     7.0645     6.9815     0.0286    98.3040 1.0000e-12  -63.57544  -60.69950 326.510440      99.98 1.7903e+03   1737.019      41689  1029.4166  1029.4152    34.4759    34.4740    8.32574         26 0.0000e+00
    349.000    345.323    -1.3233  27.685760    -1.3230  27.684626     7.0569     6.9787     0.0295    98.2909 1.0000e-12  -63.57544  -60.69950 326.510453      99.98 1.7911e+03   1738.155      41717  1029.4119  1029.4105    34.4759    34.4741    8.32574         27 0.0000e+00
    348.000    344.334    -1.3232  27.685348    -1.3231  27.684053     7.0502     6.9828     0.0438    98.3155 1.0000e-12  -63.57544  -60.69950 326.510465      99.98 1.7924e+03   1739.203      41742  1029.4071  1029.4056    34.4759    34.4740    8.32574         25 0.0000e+00
    347.000    343.344    -1.3231  27.684977    -1.3231  27.683677     7.0524     6.9864     0.0569    98.3133 1.0000e-12  -63.57544  -60.69948 326.510477      99.98 1.7929e+03   1740.253      41767  1029.4023  1029.4009    34.4759    34.4740    8.32572         27 0.0000e+00
    346.000    342.357    -1.3232  27.684480    -1.3232  27.683177     7.0638     6.9845     0.0407    98.3220 1.0000e-12  -63.57544  -60.69948 326.510501      99.98 1.7934e+03   1742.298      41816  1029.3975  1029.3961    34.4759    34.4741    8.32573         35 0.0000e+00
    345.000    341.368    -1.3231  27.684060    -1.3232  27.682718     7.0517     6.9778     0.0428    98.3300 1.0000e-12  -63.57544  -60.69949 326.510532      99.98 1.7946e+03   1744.996      41881  1029.3927  1029.3913    34.4758    34.4741    8.32571         26 0.0000e+00
    344.000    340.380    -1.3230  27.683771    -1.3229  27.682312     7.0519     6.9812     0.0215    98.3416 1.0000e-12  -63.57544  -60.69950 326.510542      99.97 1.7942e+03   1745.839      41901  1029.3880  1029.3863    34.4759    34.4738    8.32568         17 0.0000e+00
    343.000    339.393    -1.3231  27.683343    -1.3230  27.682050     7.0690     6.9863     0.0216    98.3113 1.0000e-12  -63.57544  -60.69950 326.510549      99.98 1.7929e+03   1746.473      41916  1029.3834  1029.3819    34.4760    34.4742    8.32569         13 0.0000e+00
    342.000    338.402    -1.3231  27.682850    -1.3230  27.681507     7.0675     6.9904     0.0216    98.2955 1.0000e-12  -63.57544  -60.69952 326.510556      99.97 1.7929e+03   1747.021      41930  1029.3785  1029.3770    34.4760    34.4741    8.32569         13 0.0000e+00
    341.000    337.414    -1.3233  27.682146    -1.3233  27.680864     7.0658     6.9871     0.0155    98.2922 1.0000e-12  -63.57544  -60.69952 326.510562      99.98 1.7930e+03   1747.538      41942  1029.3737  1029.3723    34.4759    34.4741    8.32575         13 0.0000e+00
    340.000    336.424    -1.3235  27.681383    -1.3235  27.680062     7.0663     6.9847     0.0143    98.2747 1.0000e-12  -63.57544  -60.69950 326.510568      99.98 1.7945e+03   1748.061      41954  1029.3689  1029.3674    34.4758    34.4739    8.32581         12 0.0000e+00
    339.000    335.436    -1.3241  27.680353    -1.3244  27.678846     7.0712     6.9803     0.0256    98.2687 1.0000e-12  -63.57544  -60.69951 326.510574      99.98 1.7946e+03   1748.643      41968  1029.3640  1029.3626    34.4756    34.4738    8.32595         16 0.0000e+00
    338.000    334.447    -1.3244  27.679711    -1.3249  27.677981     7.0633     6.9796     0.0325    98.2665 1.0000e-12  -63.57544  -60.69951 326.510588      99.98 1.7944e+03   1749.761      41995  1029.3593  1029.3579    34.4757    34.4739    8.32601         26 0.0000e+00
    337.000    333.460    -1.3237  27.679939    -1.3237  27.678650     7.0786     6.9851     0.0319    98.2467 1.0000e-12  -63.57544  -60.69949 326.510636      99.98 1.7929e+03   1753.986      42097  1029.3546  1029.3531    34.4758    34.4740    8.32584         22 0.0000e+00
    336.000    332.470    -1.3237  27.679455    -1.3241  27.677817     7.0795     6.9911     0.0216    98.2731 1.0000e-12  -63.57544  -60.69950 326.510646      99.98 1.7913e+03   1754.792      42116  1029.3498  1029.3484    34.4758    34.4740    8.32584         19 0.0000e+00
    335.000    331.482    -1.3249  27.677867    -1.3251  27.676523     7.0915     6.9943     0.0212    98.2971 1.0000e-12  -63.57544  -60.69950 326.510655      99.98 1.7903e+03   1755.571      42135  1029.3450  1029.3437    34.4757    34.4740    8.32613         19 0.0000e+00
    334.000    330.492    -1.3259  27.676650    -1.3255  27.675613     7.1024     6.9975     0.0210    98.3214 1.0000e-12  -63.57544  -60.69950 326.510665      99.98 1.7893e+03   1756.441      42156  1029.3404  1029.3388    34.4757    34.4739    8.32634         23 0.0000e+00
    333.000    329.504    -1.3272  27.674736    -1.3272  27.673357     7.1183     7.0069     0.0270    98.3661 1.0000e-12  -63.57544  -60.69952 326.510678      99.98 1.7894e+03   1757.575      42183  1029.3352  1029.3337    34.4751    34.4733    8.32665         30 0.0000e+00
    332.000    328.517    -1.3284  27.671983    -1.3274  27.672254     7.1303     7.0264     0.0422    98.4289 1.0000e-12  -63.57544  -60.69952 326.510692      99.98 1.7920e+03   1758.750      42211  1029.3291  1029.3284    34.4734    34.4727    8.32703         26 0.0000e+00
    331.000    327.526    -1.3290  27.670427    -1.3281  27.670739     7.1393     7.0415     0.0373    98.4398 1.0000e-12  -63.57544  -60.69952 326.510702      99.98 1.7950e+03   1759.673      42233  1029.3236  1029.3231    34.4726    34.4720    8.32721         19 0.0000e+00
    330.000    326.538    -1.3287  27.669957    -1.3294  27.667662     7.1399     7.0454     0.0333    98.4161 1.0000e-12  -63.57544  -60.69952 326.510711      99.98 1.7973e+03   1760.442      42252  1029.3186  1029.3166    34.4722    34.4698    8.32717         18 0.0000e+00
    329.000    325.548    -1.3282  27.668451    -1.3276  27.667536     7.1508     7.0467     0.0290    98.4470 1.0000e-12  -63.57544  -60.69952 326.510719      99.98 1.7981e+03   1761.154      42269  1029.3121  1029.3105    34.4702    34.4683    8.32718         17 0.0000e+00
    328.000    324.560    -1.3265  27.668828    -1.3268  27.667369     7.1610     7.0455     0.0348    98.5040 1.0000e-12  -63.57544  -60.69952 326.510728      99.98 1.7978e+03   1761.889      42286  1029.3066  1029.3053    34.4694    34.4678    8.32685         19 0.0000e+00
    327.000    323.572    -1.3257  27.668810    -1.3263  27.667402     7.1525     7.0413     0.0446    98.5287 1.0000e-12  -63.57544  -60.69951 326.510739      99.98 1.7958e+03   1762.819      42309  1029.3015  1029.3005    34.4690    34.4679    8.32668         26 0.0000e+00
    326.000    322.584    -1.3283  27.668037    -1.3283  27.666762     7.1396     7.0430     0.0382    98.4961 1.0000e-12  -63.57544  -60.69950 326.510781      99.98 1.7943e+03   1766.454      42396  1029.2989  1029.2975    34.4716    34.4699    8.32712         36 0.0000e+00
    325.000    321.593    -1.3279  27.667570    -1.3285  27.666075     7.1546     7.0540     0.0339    98.4786 1.0000e-12  -63.57544  -60.69950 326.510798      99.98 1.7921e+03   1767.962      42432  1029.2938  1029.2927    34.4712    34.4698    8.32706         20 0.0000e+00
    324.000    320.607    -1.3251  27.668026    -1.3249  27.666859     7.1594     7.0611     0.0288    98.4895 1.0000e-12  -63.57544  -60.69951 326.510807      99.98 1.7895e+03   1768.709      42450  1029.2872  1029.2856    34.4692    34.4673    8.32655         16 0.0000e+00
    323.000    319.615    -1.3224  27.669115    -1.3229  27.667388     7.1677     7.0641     0.0337    98.5223 1.0000e-12  -63.57544  -60.69952 326.510815      99.98 1.7877e+03   1769.386      42466  1029.2814  1029.2799    34.4682    34.4663    8.32600         17 0.0000e+00
    322.000    318.628    -1.3210  27.669253    -1.3210  27.668071     7.1598     7.0663     0.0339    98.5278 1.0000e-12  -63.57544  -60.69952 326.510823      99.98 1.7876e+03   1770.122      42484  1029.2759  1029.2746    34.4674    34.4658    8.32574         19 0.0000e+00
    321.000    317.640    -1.3207  27.669098    -1.3207  27.667832     7.1563     7.0682     0.0292    98.5425 1.0000e-12  -63.57544  -60.69952 326.510833      99.98 1.7896e+03   1771.005      42505  1029.2711  1029.2698    34.4674    34.4657    8.32567         23 0.0000e+00
    320.000    316.650    -1.3204  27.668752    -1.3205  27.667558     7.1536     7.0739     0.0515    98.4411 1.0000e-12  -63.57544  -60.69952 326.510845      99.98 1.7922e+03   1771.985      42529  1029.2663  1029.2650    34.4673    34.4657    8.32562         23 0.0000e+00
    319.000    315.663    -1.3203  27.668371    -1.3205  27.666991     7.1570     7.0731     0.0509    98.5269 1.0000e-12  -63.57544  -60.69952 326.510855      99.98 1.7933e+03   1772.878      42550  1029.2614  1029.2601    34.4672    34.4655    8.32559         21 0.0000e+00
    318.000    314.673    -1.3204  27.667739    -1.3203  27.666454     7.1707     7.0717     0.0468    98.5344 1.0000e-12  -63.57544  -60.69952 326.510865      99.98 1.7948e+03   1773.693      42570  1029.2566  1029.2551    34.4672    34.4652    8.32563         19 0.0000e+00
    317.000    313.683    -1.3202  27.667044    -1.3202  27.665814     7.1689     7.0693     0.0462    98.5302 1.0000e-12  -63.57544  -60.69951 326.510874      99.98 1.7963e+03   1774.556      42590  1029.2513  1029.2500    34.4665    34.4649    8.32560         23 0.0000e+00
    316.000    312.696    -1.3209  27.666503    -1.3206  27.665318     7.1582     7.0708     0.0466    98.5073 1.0000e-12  -63.57544  -60.69950 326.510904      99.98 1.7958e+03   1777.141      42652  1029.2472  1029.2456    34.4672    34.4652    8.32572         32 0.0000e+00
    315.000    311.708    -1.3208  27.666150    -1.3207  27.664874     7.1642     7.0733     0.0360    98.5020 1.0000e-12  -63.57544  -60.69951 326.510934      99.98 1.7939e+03   1779.719      42714  1029.2425  1029.2410    34.4673    34.4654    8.32571         17 0.0000e+00
    314.000    310.718    -1.3202  27.665720    -1.3203  27.664460     7.1727     7.0773     0.0311    98.5282 1.0000e-12  -63.57544  -60.69952 326.510941      99.98 1.7929e+03   1780.302      42728  1029.2371  1029.2358    34.4666    34.4650    8.32560         13 0.0000e+00
    313.000    309.728    -1.3199  27.665343    -1.3200  27.664062     7.1786     7.0811     0.0290    98.5278 1.0000e-12  -63.57544  -60.69952 326.510947      99.98 1.7929e+03   1780.838      42741  1029.2321  1029.2308    34.4664    34.4647    8.32556         12 0.0000e+00
    312.000    308.740    -1.3196  27.664799    -1.3197  27.663471     7.1766     7.0830     0.0372    98.5278 1.0000e-12  -63.57544  -60.69952 326.510954      99.98 1.7914e+03   1781.390      42754  1029.2269  1029.2256    34.4658    34.4642    8.32551         14 0.0000e+00
