NBP2113_155081_ctd/data/unbp2113_054.cnv
* Sea-Bird SBE 9 Data File:
* FileName = D:\Data\raw\NBP2113_054.hex
* Software Version Seasave V 7.26.7.121
* Temperature SN = 2438
* Conductivity SN = 2067
* Number of Bytes Per Scan = 40
* Number of Voltage Words = 5
* Number of Scans Averaged by the Deck Unit = 1
* NMEA Latitude = 64 52.85 S
* NMEA Longitude = 064 38.20 W
* NMEA UTC (Time) = Dec 11 2021  19:48:22
* NMEA baud rate = 9600
** Ship: RVIB N.B. Palmer
** Cruise: NBP2113 LTER
** Station: 597.052
** Operator: S. Blackman
# nquan = 25
# nvalues = 444                         
# units = specified
# name 0 = prDM: Pressure, Digiquartz [db]
# name 1 = depSM: Depth [salt water, m]
# name 2 = t090C: Temperature [ITS-90, deg C]
# name 3 = c0mS/cm: Conductivity [mS/cm]
# name 4 = t190C: Temperature, 2 [ITS-90, deg C]
# name 5 = c1mS/cm: Conductivity, 2 [mS/cm]
# name 6 = sbeox0ML/L: Oxygen, SBE 43 [ml/l]
# name 7 = sbeox1ML/L: Oxygen, SBE 43, 2 [ml/l]
# name 8 = flECO-AFL: Fluorescence, WET Labs ECO-AFL/FL [mg/m^3]
# name 9 = CStarTr0: Beam Transmission, WET Labs C-Star [%]
# name 10 = par: PAR/Irradiance, Biospherical/Licor
# name 11 = latitude: Latitude [deg]
# name 12 = longitude: Longitude [deg]
# name 13 = timeJ: Julian Days
# name 14 = altM: Altimeter [m]
# name 15 = spar: SPAR, Biospherical/Licor
# name 16 = timeS: Time, Elapsed [seconds]
# name 17 = scan: Scan Count
# name 18 = density00: Density [density, kg/m^3]
# name 19 = density11: Density, 2 [density, kg/m^3]
# name 20 = sal00: Salinity, Practical [PSU]
# name 21 = sal11: Salinity, Practical, 2 [PSU]
# name 22 = oxsolML/L: Oxygen Saturation, Garcia & Gordon [ml/l]
# name 23 = nbin: number of scans per bin
# name 24 = flag: flag
# span 0 =      1.000,    444.000       
# span 1 =      0.991,    439.181       
# span 2 =    -0.6469,     1.3374       
# span 3 =  27.477254,  30.121591       
# span 4 =    -0.6478,     1.3370       
# span 5 =  27.488002,  30.120029       
# span 6 =     4.2498,     8.4534       
# span 7 =     4.3057,     8.0391       
# span 8 =    -0.0226,     1.7594       
# span 9 =    83.7273,    91.4425       
# span 10 = 1.0000e-12, 6.1488e+02      
# span 11 =  -64.88094,  -64.88092      
# span 12 =  -64.63768,  -64.63693      
# span 13 = 345.837812, 345.846769      
# span 14 =      -0.88,     100.72      
# span 15 = 5.8351e+02, 6.5765e+02      
# span 16 =   1084.925,   1858.850      
# span 17 =      26039,      44613      
# span 18 =  1027.0374,  1029.8282      
# span 19 =  1027.0351,  1029.8271      
# span 20 =    33.6332,    34.6472      
# span 21 =    33.6320,    34.6457      
# span 22 =    7.75800,    8.22480      
# span 23 =         13,         46      
# span 24 = 0.0000e+00, 0.0000e+00      
# interval = decibars: 1                
# start_time = Dec 11 2021 19:48:22 [NMEA time, header]
# bad_flag = -9.990e-29
*END*
[from data line 348]
     96.000     95.037     0.0704  28.632172     0.0674  28.628328     6.1624     6.0838     0.0324    90.9264 3.3889e-01  -64.88092  -64.63762 345.844517      99.97 6.3287e+02   1664.246      39943  1028.0204  1028.0191    34.3251    34.3234    8.03333         19 0.0000e+00
     95.000     94.048     0.0609  28.619842     0.0515  28.609103     6.1727     6.0989     0.0506    90.9202 3.4933e-01  -64.88092  -64.63762 345.844526      99.97 6.3287e+02   1665.052      39962  1028.0117  1028.0093    34.3200    34.3164    8.03560         20 0.0000e+00
     94.000     93.057     0.0490  28.605144     0.0404  28.593974     6.1618     6.0763     0.0673    90.9158 3.5945e-01  -64.88092  -64.63762 345.844536      99.97 6.3287e+02   1665.901      39983  1028.0030  1027.9994    34.3146    34.3094    8.03841         21 0.0000e+00
     93.000     92.069     0.0463  28.602718     0.0390  28.592901     6.1327     6.0657     0.0744    90.8916 3.7183e-01  -64.88093  -64.63762 345.844547      99.97 6.3132e+02   1666.824      40005  1027.9980  1027.9946    34.3149    34.3102    8.03895         23 0.0000e+00
     92.000     91.079     0.0343  28.588136     0.0548  28.604226     6.0742     6.0487     0.0734    90.9194 3.8887e-01  -64.88094  -64.63761 345.844559      99.97 6.3112e+02   1667.888      40030  1027.9895  1027.9863    34.3097    34.3081    8.04176         29 0.0000e+00
     91.000     90.088     0.0819  28.644383     0.0931  28.652644     6.0514     6.0671     0.0663    90.9110 4.2381e-01  -64.88093  -64.63759 345.844599      99.96 6.3111e+02   1671.392      40114  1027.9972  1027.9949    34.3314    34.3298    8.03057         26 0.0000e+00
     90.000     89.099     0.1000  28.662068     0.0832  28.643830     6.2165     6.1622     0.0456    90.9385 4.5348e-01  -64.88092  -64.63762 345.844632      99.97 6.3111e+02   1674.244      40183  1027.9935  1027.9907    34.3351    34.3299    8.02657         15 0.0000e+00
     89.000     88.111     0.0548  28.611362     0.0545  28.608403     6.2727     6.2044     0.0515    90.9475 4.7216e-01  -64.88092  -64.63762 345.844639      99.97 6.3111e+02   1674.835      40197  1027.9800  1027.9768    34.3193    34.3158    8.03693         13 0.0000e+00
     88.000     87.120     0.0435  28.594546     0.0459  28.596833     6.2940     6.2272     0.0553    90.9083 4.9129e-01  -64.88092  -64.63762 345.844646      99.97 6.3111e+02   1675.369      40210  1027.9686  1027.9685    34.3103    34.3107    8.03980         13 0.0000e+00
     87.000     86.128     0.0293  28.573779     0.0322  28.576827     6.2986     6.2360     0.0532    90.9021 5.0994e-01  -64.88092  -64.63762 345.844652      99.97 6.3111e+02   1675.901      40223  1027.9559  1027.9562    34.2994    34.3001    8.04340         13 0.0000e+00
     86.000     85.138     0.0250  28.563153     0.0253  28.563542     6.2861     6.2289     0.0479    90.8950 5.2859e-01  -64.88092  -64.63762 345.844658      99.97 6.3111e+02   1676.471      40236  1027.9445  1027.9443    34.2907    34.2909    8.04480         14 0.0000e+00
     85.000     84.151     0.0262  28.560730     0.0233  28.556213     6.2467     6.2102     0.0524    90.8444 5.4511e-01  -64.88092  -64.63762 345.844666      99.97 6.3047e+02   1677.156      40253  1027.9361  1027.9340    34.2867    34.2840    8.04476         19 0.0000e+00
     84.000     83.158     0.0332  28.572570     0.0320  28.568345     6.2161     6.2061     0.0584    90.8312 5.7051e-01  -64.88092  -64.63760 345.844693      99.97 6.2931e+02   1679.496      40309  1027.9371  1027.9338    34.2952    34.2910    8.04282         26 0.0000e+00
     83.000     82.172     0.0298  28.568694     0.0260  28.561426     6.2773     6.2673     0.0504    90.8819 6.4611e-01  -64.88092  -64.63761 345.844765      99.97 6.2935e+02   1685.727      40458  1027.9314  1027.9272    34.2945    34.2891    8.04356         17 0.0000e+00
     82.000     81.180     0.0249  28.560086     0.0244  28.558252     6.2846     6.2674     0.0611    90.8542 6.7357e-01  -64.88092  -64.63762 345.844774      99.97 6.2935e+02   1686.444      40476  1027.9226  1027.9210    34.2892    34.2873    8.04489         18 0.0000e+00
     81.000     80.191     0.0212  28.553873     0.0229  28.555411     6.2803     6.2609     0.0697    90.8356 6.9441e-01  -64.88092  -64.63762 345.844782      99.97 6.2935e+02   1687.203      40494  1027.9153  1027.9151    34.2857    34.2858    8.04587         19 0.0000e+00
     80.000     79.201     0.0210  28.552978     0.0216  28.552815     6.2594     6.2650     0.0765    90.8299 7.0869e-01  -64.88092  -64.63762 345.844792      99.97 6.2935e+02   1688.057      40514  1027.9101  1027.9093    34.2853    34.2845    8.04593         22 0.0000e+00
     79.000     78.211     0.0203  28.551363     0.0265  28.558854     6.2815     6.2778     0.0824    90.8278 7.2191e-01  -64.88092  -64.63759 345.844811      99.97 6.2726e+02   1689.638      40552  1027.9047  1027.9065    34.2846    34.2876    8.04612         31 0.0000e+00
     78.000     77.218     0.0147  28.541100     0.0155  28.541209     6.3127     6.3260     0.0599    90.8270 8.1603e-01  -64.88092  -64.63758 345.844890      99.97 6.2759e+02   1696.540      40718  1027.8946  1027.8939    34.2779    34.2772    8.04767         15 0.0000e+00
     77.000     76.235     0.0148  28.539305     0.0154  28.539416     6.3155     6.3326     0.0595    90.8181 8.6401e-01  -64.88092  -64.63758 345.844899      99.97 6.2676e+02   1697.288      40736  1027.8883  1027.8878    34.2760    34.2755    8.04776         17 0.0000e+00
     76.000     75.241     0.0160  28.540117     0.0169  28.541036     6.3310     6.3425     0.0801    90.8132 9.0839e-01  -64.88092  -64.63758 345.844908      99.97 6.2585e+02   1698.096      40755  1027.8837  1027.8837    34.2764    34.2765    8.04750         23 0.0000e+00
     75.000     74.252     0.0157  28.528322     0.0154  28.526603     6.4536     6.4693     0.0849    90.7815 9.3145e-01  -64.88092  -64.63759 345.845055      99.97 6.2313e+02   1710.753      41059  1027.8670  1027.8653    34.2617    34.2597    8.04839         36 0.0000e+00
     74.000     73.261     0.0134  28.498341     0.0128  28.494911     6.7097     6.7149     0.1155    90.7043 9.5081e-01  -64.88092  -64.63760 345.845363      99.97 6.1718e+02   1737.318      41697  1027.8327  1027.8295    34.2251    34.2212    8.05093         35 0.0000e+00
     73.000     72.273     0.0149  28.495273     0.0139  28.490697     6.7879     6.7708     0.1247    90.6991 9.8466e-01  -64.88092  -64.63760 345.845389      99.97 6.1701e+02   1739.631      41752  1027.8236  1027.8197    34.2199    34.2150    8.05090         36 0.0000e+00
     72.000     71.283     0.0226  28.492689     0.0207  28.490810     6.8688     6.8358     0.1179    90.6828 1.0241e+00  -64.88092  -64.63760 345.845405      99.97 6.1701e+02   1741.032      41786  1027.8090  1027.8088    34.2085    34.2081    8.04993         28 0.0000e+00
     71.000     70.293     0.0301  28.495681     0.0265  28.492856     6.9385     6.9023     0.1168    90.6610 1.0743e+00  -64.88092  -64.63762 345.845417      99.97 6.1737e+02   1742.036      41810  1027.8006  1027.8011    34.2047    34.2050    8.04857         20 0.0000e+00
     70.000     69.301     0.0514  28.503918     0.0519  28.502639     6.9883     6.9266     0.1075    90.6415 1.1312e+00  -64.88092  -64.63763 345.845426      99.97 6.1701e+02   1742.840      41829  1027.7843  1027.7823    34.1925    34.1901    8.04479         19 0.0000e+00
     69.000     68.314     0.0634  28.505181     0.0616  28.499130     6.9887     6.9286     0.1087    90.6020 1.1919e+00  -64.88093  -64.63764 345.845435      99.97 6.1638e+02   1743.605      41848  1027.7697  1027.7649    34.1813    34.1753    8.04290         19 0.0000e+00
     68.000     67.322     0.0577  28.492012     0.0557  28.488213     6.9389     6.9195     0.1438    90.5767 1.2527e+00  -64.88094  -64.63764 345.845445      99.97 6.1530e+02   1744.479      41869  1027.7571  1027.7550    34.1708    34.1681    8.04468         24 0.0000e+00
     67.000     66.333     0.0494  28.495975     0.0502  28.495224     6.8880     6.9185     0.1543    90.5509 1.2914e+00  -64.88093  -64.63761 345.845470      99.96 6.1525e+02   1746.625      41920  1027.7653  1027.7637    34.1859    34.1840    8.04557         33 0.0000e+00
     66.000     65.343     0.0502  28.498832     0.0522  28.497045     7.0637     7.0453     0.1651    90.5752 1.3358e+00  -64.88092  -64.63760 345.845501      99.97 6.1525e+02   1749.285      41984  1027.7635  1027.7596    34.1894    34.1849    8.04520         27 0.0000e+00
     65.000     64.355     0.0536  28.486343     0.0535  28.484915     7.2322     7.1474     0.1370    90.5741 1.4257e+00  -64.88092  -64.63762 345.845511      99.97 6.1652e+02   1750.123      42004  1027.7425  1027.7412    34.1697    34.1680    8.04561         18 0.0000e+00
     64.000     63.362     0.0480  28.469761     0.0457  28.463385     7.3074     7.1906     0.1430    90.5492 1.5255e+00  -64.88092  -64.63762 345.845519      99.97 6.1702e+02   1750.871      42022  1027.7262  1027.7216    34.1547    34.1487    8.04764         18 0.0000e+00
     63.000     62.372     0.0385  28.446409     0.0364  28.441565     7.2792     7.1810     0.1473    90.5129 1.6329e+00  -64.88092  -64.63762 345.845528      99.97 6.1701e+02   1751.625      42040  1027.7063  1027.7032    34.1349    34.1309    8.05074         19 0.0000e+00
     62.000     61.384     0.0283  28.421452     0.0237  28.410535     7.2325     7.1750     0.1670    90.4830 1.7420e+00  -64.88092  -64.63762 345.845538      99.97 6.1701e+02   1752.491      42061  1027.6854  1027.6781    34.1139    34.1045    8.05408         23 0.0000e+00
     61.000     60.394     0.0343  28.434684     0.0352  28.437091     7.2224     7.2226     0.2139    90.4708 1.8356e+00  -64.88092  -64.63763 345.845552      99.97 6.1695e+02   1753.670      42089  1027.6892  1027.6908    34.1253    34.1275    8.05217         35 0.0000e+00
     60.000     59.404     0.0311  28.426755     0.0265  28.416865     7.3875     7.3127     0.2291    90.4649 1.8940e+00  -64.88092  -64.63764 345.845570      99.97 6.1701e+02   1755.262      42127  1027.6796  1027.6735    34.1190    34.1110    8.05320         28 0.0000e+00
     59.000     58.413     0.0228  28.409423     0.0232  28.408853     7.6013     7.4406     0.2198    90.4044 1.9551e+00  -64.88092  -64.63764 345.845584      99.97 6.1631e+02   1756.479      42156  1027.6649  1027.6638    34.1058    34.1047    8.05568         23 0.0000e+00
     58.000     57.426     0.0085  28.382460     0.0148  28.393705     7.6775     7.5103     0.2267    90.3394 2.0386e+00  -64.88092  -64.63764 345.845594      99.97 6.1525e+02   1757.354      42177  1027.6458  1027.6514    34.0867    34.0946    8.05978         20 0.0000e+00
     57.000     56.432    -0.0171  28.328884    -0.0159  28.331161     7.6515     7.5235     0.2193    90.3299 2.1388e+00  -64.88092  -64.63764 345.845604      99.97 6.1525e+02   1758.186      42197  1027.6092  1027.6106    34.0448    34.0465    8.06754         21 0.0000e+00
     56.000     55.446    -0.0181  28.323102    -0.0181  28.321975     7.5673     7.4955     0.2740    90.2677 2.2612e+00  -64.88092  -64.63762 345.845617      99.97 6.1525e+02   1759.326      42225  1027.5995  1027.5983    34.0389    34.0374    8.06808         29 0.0000e+00
     55.000     54.454    -0.0163  28.326601    -0.0011  28.358506     7.6401     7.5944     0.3237    90.2532 2.4599e+00  -64.88092  -64.63761 345.845662      99.97 6.1687e+02   1763.177      42317  1027.5968  1027.6160    34.0421    34.0674    8.06752         31 0.0000e+00
     54.000     53.465    -0.0146  28.328604    -0.0138  28.331532     7.7641     7.6828     0.2917    90.2844 2.6514e+00  -64.88092  -64.63764 345.845672      99.97 6.1701e+02   1764.061      42338  1027.5929  1027.5952    34.0435    34.0464    8.06709         19 0.0000e+00
     53.000     52.475    -0.0209  28.312958    -0.0217  28.310305     7.8124     7.7195     0.2880    90.2626 2.8456e+00  -64.88092  -64.63764 345.845680      99.97 6.1701e+02   1764.718      42354  1027.5779  1027.5761    34.0303    34.0277    8.06915         14 0.0000e+00
     52.000     51.485    -0.0223  28.300176    -0.0230  28.296180     7.8248     7.7307     0.2853    90.2002 3.0501e+00  -64.88092  -64.63764 345.845686      99.97 6.1701e+02   1765.308      42368  1027.5613  1027.5576    34.0156    34.0110    8.07029         14 0.0000e+00
     51.000     50.493    -0.0190  28.290039    -0.0183  28.287035     7.8144     7.7298     0.3159    90.1366 3.2587e+00  -64.88092  -64.63764 345.845693      99.97 6.1701e+02   1765.903      42383  1027.5430  1027.5392    33.9990    33.9943    8.07052         15 0.0000e+00
     50.000     49.505    -0.0162  28.283697    -0.0165  28.281753     7.7828     7.7261     0.3414    90.0273 3.4716e+00  -64.88092  -64.63764 345.845701      99.97 6.1701e+02   1766.579      42399  1027.5291  1027.5274    33.9882    33.9859    8.07055         18 0.0000e+00
     49.000     48.514    -0.0157  28.286612    -0.0172  28.290063     7.7168     7.7151     0.4268    89.9062 3.6466e+00  -64.88092  -64.63764 345.845712      99.97 6.1591e+02   1767.501      42421  1027.5274  1027.5326    33.9920    33.9983    8.07022         27 0.0000e+00
     48.000     47.526    -0.0187  28.294949    -0.0185  28.292179     7.6382     7.6960     0.4230    89.9040 3.6530e+00  -64.88092  -64.63763 345.845737      98.27 6.1624e+02   1769.692      42474  1027.5349  1027.5317    34.0070    34.0032    8.07000         32 0.0000e+00
     47.000     46.535    -0.0196  28.299206    -0.0192  28.298830     7.7331     7.7449     0.4348    89.9553 3.7651e+00  -64.88092  -64.63762 345.845760     100.04 6.1704e+02   1771.661      42521  1027.5359  1027.5351    34.0143    34.0133    8.06979         27 0.0000e+00
     46.000     45.545    -0.0186  28.293885    -0.0188  28.292990     7.8229     7.7973     0.3913    89.9745 4.0492e+00  -64.88092  -64.63762 345.845772      99.97 6.1701e+02   1772.661      42545  1027.5249  1027.5242    34.0067    34.0057    8.07001         22 0.0000e+00
     45.000     44.553    -0.0124  28.281730    -0.0129  28.281343     7.8429     7.8210     0.4170    89.8850 4.3807e+00  -64.88092  -64.63762 345.845782      99.97 6.1701e+02   1773.566      42567  1027.5017  1027.5017    33.9844    33.9844    8.06997         22 0.0000e+00
     44.000     43.565    -0.0070  28.275953    -0.0070  28.274092     7.8449     7.8265     0.5015    89.7174 4.7268e+00  -64.88093  -64.63762 345.845794      99.97 6.1701e+02   1774.573      42591  1027.4858  1027.4839    33.9712    33.9688    8.06956         28 0.0000e+00
     43.000     42.574    -0.0062  28.275579    -0.0067  28.274219     7.8404     7.8391     0.5871    89.6372 5.0787e+00  -64.88094  -64.63763 345.845810      99.97 6.1701e+02   1775.946      42624  1027.4805  1027.4794    33.9705    33.9692    8.06944         37 0.0000e+00
     42.000     41.585    -0.0056  28.275166    -0.0047  28.272807     7.8618     7.8614     0.6085    89.6135 5.4679e+00  -64.88094  -64.63764 345.845826      99.97 6.1791e+02   1777.393      42658  1027.4752  1027.4717    33.9699    33.9657    8.06935         30 0.0000e+00
     41.000     40.595    -0.0001  28.274506    -0.0003  28.273184     7.8591     7.8692     0.5559    89.5898 5.8603e+00  -64.88094  -64.63766 345.845838      99.97 6.1878e+02   1778.434      42683  1027.4649  1027.4636    33.9635    33.9619    8.06855         21 0.0000e+00
     40.000     39.604     0.0039  28.275063     0.0036  28.273401     7.8501     7.8717     0.5401    89.4889 6.2768e+00  -64.88092  -64.63766 345.845848      99.97 6.1855e+02   1779.278      42704  1027.4572  1027.4557    33.9603    33.9585    8.06787         20 0.0000e+00
