NBP2113_155081_ctd/data/unbp2113_022.cnv
* Sea-Bird SBE 9 Data File:
* FileName = D:\Data\raw\NBP2113_022.hex
* Software Version Seasave V 7.26.7.121
* Temperature SN = 2438
* Conductivity SN = 2067
* Number of Bytes Per Scan = 40
* Number of Voltage Words = 5
* Number of Scans Averaged by the Deck Unit = 1
* NMEA Latitude = 68 01.86 S
* NMEA Longitude = 069 17.08 W
* NMEA UTC (Time) = Nov 30 2021  22:24:22
* NMEA baud rate = 9600
** Ship: RVIB N.B. Palmer
** Cruise: NBP2113 LTER
** Station: 200.-040
** Operator: S. Blackman
# nquan = 25
# nvalues = 457                         
# units = specified
# name 0 = prDM: Pressure, Digiquartz [db]
# name 1 = depSM: Depth [salt water, m]
# name 2 = t090C: Temperature [ITS-90, deg C]
# name 3 = c0mS/cm: Conductivity [mS/cm]
# name 4 = t190C: Temperature, 2 [ITS-90, deg C]
# name 5 = c1mS/cm: Conductivity, 2 [mS/cm]
# name 6 = sbeox0ML/L: Oxygen, SBE 43 [ml/l]
# name 7 = sbeox1ML/L: Oxygen, SBE 43, 2 [ml/l]
# name 8 = flECO-AFL: Fluorescence, WET Labs ECO-AFL/FL [mg/m^3]
# name 9 = CStarTr0: Beam Transmission, WET Labs C-Star [%]
# name 10 = par: PAR/Irradiance, Biospherical/Licor
# name 11 = latitude: Latitude [deg]
# name 12 = longitude: Longitude [deg]
# name 13 = timeJ: Julian Days
# name 14 = altM: Altimeter [m]
# name 15 = spar: SPAR, Biospherical/Licor
# name 16 = timeS: Time, Elapsed [seconds]
# name 17 = scan: Scan Count
# name 18 = density00: Density [density, kg/m^3]
# name 19 = density11: Density, 2 [density, kg/m^3]
# name 20 = sal00: Salinity, Practical [PSU]
# name 21 = sal11: Salinity, Practical, 2 [PSU]
# name 22 = oxsolML/L: Oxygen Saturation, Garcia & Gordon [ml/l]
# name 23 = nbin: number of scans per bin
# name 24 = flag: flag
# span 0 =      1.000,    457.000       
# span 1 =      0.991,    451.928       
# span 2 =    -1.4357,     1.3768       
# span 3 =  26.986889,  30.194292       
# span 4 =    -1.4366,     1.3767       
# span 5 =  26.986162,  30.193614       
# span 6 =     3.9953,     8.9354       
# span 7 =     4.0571,     8.4865       
# span 8 =    -0.0150,     2.4003       
# span 9 =    87.8453,    97.1550       
# span 10 = 1.0000e-12, 1.0091e+02      
# span 11 =  -68.03082,  -68.03054      
# span 12 =  -69.28590,  -69.28530      
# span 13 = 334.945447, 334.957415      
# span 14 =      -2.25,     100.38      
# span 15 = 7.4030e+01, 8.6457e+01      
# span 16 =   1024.614,   2058.683      
# span 17 =      24592,      49409      
# span 18 =  1027.1645,  1029.9177      
# span 19 =  1027.1639,  1029.9172      
# span 20 =    33.7800,    34.6872      
# span 21 =    33.7789,    34.6865      
# span 22 =    7.74809,    8.38912      
# span 23 =         12,         48      
# span 24 = 0.0000e+00, 0.0000e+00      
# interval = decibars: 1                
# start_time = Nov 30 2021 22:24:22 [NMEA time, header]
# bad_flag = -9.990e-29
*END*
    457.000    451.928     1.3768  30.194292     1.3767  30.193614     4.0006     4.0650    -0.0069    97.0754 1.0000e-12  -68.03054  -69.28590 334.945447       9.80 7.5804e+01   1024.614      24592  1029.9177  1029.9172    34.6872    34.6865    7.74809         28 0.0000e+00
    456.000    450.940     1.3757  30.192044     1.3752  30.190549     4.0038     4.0605    -0.0116    97.0442 1.0000e-12  -68.03054  -69.28590 334.945461      10.91 7.5804e+01   1025.809      24620  1029.9123  1029.9113    34.6861    34.6848    7.74836         32 0.0000e+00
    455.000    449.952     1.3760  30.192292     1.3757  30.191075     3.9957     4.0622     0.0141    97.0435 1.0000e-12  -68.03054  -69.28587 334.945779      13.20 7.5804e+01   1053.314      25281  1029.9080  1029.9070    34.6867    34.6854    7.74828         33 0.0000e+00
    454.000    448.966     1.3761  30.191906     1.3757  30.190666     4.0042     4.0571    -0.0061    97.0264 1.0000e-12  -68.03054  -69.28588 334.945800      14.04 7.5804e+01   1055.139      25324  1029.9033  1029.9023    34.6867    34.6855    7.74826         24 0.0000e+00
    453.000    447.978     1.3758  30.191269     1.3754  30.189873     4.0031     4.0587     0.0050    97.0286 1.0000e-12  -68.03054  -69.28588 334.945810      15.09 7.5804e+01   1055.988      25345  1029.8987  1029.8977    34.6867    34.6854    7.74831         18 0.0000e+00
    452.000    446.989     1.3747  30.188929     1.3741  30.187379     4.0039     4.0607    -0.0005    97.0214 1.0000e-12  -68.03054  -69.28588 334.945819      15.83 7.5804e+01   1056.737      25363  1029.8932  1029.8922    34.6855    34.6842    7.74859         18 0.0000e+00
    451.000    446.000     1.3742  30.187817     1.3743  30.187200     4.0004     4.0644    -0.0053    97.0200 1.0000e-12  -68.03054  -69.28588 334.945827      17.07 7.5804e+01   1057.482      25381  1029.8884  1029.8876    34.6852    34.6843    7.74870         18 0.0000e+00
    450.000    445.014     1.3747  30.188178     1.3748  30.187712     4.0072     4.0634     0.0040    97.0237 1.0000e-12  -68.03054  -69.28588 334.945837      18.26 7.5804e+01   1058.285      25400  1029.8840  1029.8834    34.6857    34.6851    7.74858         21 0.0000e+00
    449.000    444.025     1.3751  30.188205     1.3744  30.186850     4.0059     4.0639    -0.0044    97.0091 1.0000e-12  -68.03054  -69.28586 334.945848      19.40 7.5804e+01   1059.259      25423  1029.8794  1029.8787    34.6859    34.6849    7.74850         27 0.0000e+00
    448.000    443.040     1.3743  30.186747     1.3744  30.186304     4.0023     4.0665    -0.0092    97.0086 1.0000e-12  -68.03054  -69.28583 334.945876      20.80 7.5804e+01   1061.685      25481  1029.8745  1029.8739    34.6855    34.6848    7.74867         28 0.0000e+00
    447.000    442.049     1.3741  30.185820     1.3742  30.185519     4.0012     4.0690    -0.0053    97.0086 1.0000e-12  -68.03054  -69.28582 334.945910      21.33 7.5804e+01   1064.614      25552  1029.8695  1029.8691    34.6851    34.6846    7.74874         26 0.0000e+00
    446.000    441.064     1.3734  30.184488     1.3736  30.184105     4.0015     4.0685    -0.0049    97.0086 1.0000e-12  -68.03054  -69.28584 334.945919      22.39 7.5804e+01   1065.408      25571  1029.8646  1029.8640    34.6848    34.6840    7.74889         18 0.0000e+00
    445.000    440.076     1.3700  30.178936     1.3697  30.177931     3.9999     4.0671    -0.0053    97.0086 1.0000e-12  -68.03054  -69.28584 334.945927      23.41 7.5804e+01   1066.093      25587  1029.8581  1029.8573    34.6820    34.6810    7.74971         15 0.0000e+00
    444.000    439.084     1.3687  30.176713     1.3681  30.175047     3.9992     4.0647    -0.0112    97.0086 1.0000e-12  -68.03054  -69.28585 334.945935      24.54 7.5804e+01   1066.753      25603  1029.8529  1029.8518    34.6812    34.6797    7.75001         17 0.0000e+00
    443.000    438.100     1.3681  30.175337     1.3679  30.174437     4.0010     4.0645    -0.0137    97.0175 1.0000e-12  -68.03054  -69.28586 334.945943      25.40 7.5804e+01   1067.443      25620  1029.8479  1029.8471    34.6807    34.6797    7.75016         17 0.0000e+00
    442.000    437.109     1.3682  30.175045     1.3675  30.173558     4.0044     4.0659    -0.0143    97.0339 1.0000e-12  -68.03054  -69.28586 334.945952      26.72 7.5804e+01   1068.253      25639  1029.8432  1029.8424    34.6808    34.6796    7.75013         22 0.0000e+00
    441.000    436.122     1.3682  30.174794     1.3675  30.173102     4.0093     4.0719     0.0012    97.0353 1.0000e-12  -68.03054  -69.28586 334.945963      27.79 7.5804e+01   1069.242      25663  1029.8387  1029.8377    34.6810    34.6797    7.75012         25 0.0000e+00
    440.000    435.135     1.3686  30.174947     1.3655  30.170241     4.0098     4.0735    -0.0045    97.0334 1.0000e-12  -68.03054  -69.28586 334.945976      29.18 7.5804e+01   1070.349      25689  1029.8342  1029.8325    34.6814    34.6787    7.75002         28 0.0000e+00
    439.000    434.147     1.3662  30.171367     1.3663  30.170628     3.9964     4.0682    -0.0040    97.0343 1.0000e-12  -68.03054  -69.28585 334.945990      30.03 7.5804e+01   1071.557      25718  1029.8287  1029.8279    34.6799    34.6790    7.75056         30 0.0000e+00
    438.000    433.159     1.3657  30.170285     1.3656  30.169607     4.0122     4.0667     0.0080    97.0426 1.0000e-12  -68.03054  -69.28583 334.946006      30.85 7.5804e+01   1072.896      25751  1029.8239  1029.8232    34.6797    34.6789    7.75067         34 0.0000e+00
    437.000    432.171     1.3645  30.168357     1.3656  30.169167     4.0157     4.0696    -0.0015    97.0662 1.0000e-12  -68.03054  -69.28581 334.946025      32.00 7.5804e+01   1074.534      25790  1029.8188  1029.8185    34.6791    34.6790    7.75094         36 0.0000e+00
    436.000    431.181     1.3640  30.167135     1.3659  30.169001     4.0083     4.0743    -0.0046    97.0101 1.0000e-12  -68.03054  -69.28582 334.946062      33.60 7.5804e+01   1077.773      25868  1029.8138  1029.8138    34.6787    34.6790    7.75106         31 0.0000e+00
    435.000    430.194     1.3639  30.166635     1.3647  30.166963     4.0066     4.0711     0.0018    97.0609 1.0000e-12  -68.03054  -69.28583 334.946076      34.24 7.5804e+01   1078.968      25896  1029.8092  1029.8087    34.6788    34.6784    7.75109         19 0.0000e+00
    434.000    429.210     1.3636  30.165884     1.3638  30.165464     4.0034     4.0789     0.0022    97.0639 1.0000e-12  -68.03054  -69.28584 334.946084      34.71 7.5804e+01   1079.623      25912  1029.8044  1029.8038    34.6788    34.6780    7.75114         14 0.0000e+00
    433.000    428.218     1.3632  30.164833     1.3628  30.163696     4.0047     4.0784    -0.0054    97.0641 1.0000e-12  -68.03054  -69.28584 334.946090      35.46 7.5804e+01   1080.162      25925  1029.7996  1029.7988    34.6785    34.6774    7.75124         13 0.0000e+00
    432.000    427.232     1.3628  30.163858     1.3625  30.162716     4.0069     4.0773    -0.0065    97.0581 1.0000e-12  -68.03054  -69.28584 334.946096      36.58 7.5804e+01   1080.677      25937  1029.7947  1029.7939    34.6782    34.6771    7.75133         12 0.0000e+00
    431.000    426.242     1.3630  30.163684     1.3630  30.162902     4.0090     4.0731    -0.0137    97.0581 1.0000e-12  -68.03054  -69.28584 334.946102      37.87 7.5804e+01   1081.199      25950  1029.7901  1029.7894    34.6784    34.6774    7.75129         13 0.0000e+00
    430.000    425.256     1.3630  30.163398     1.3632  30.162782     4.0137     4.0742    -0.0136    97.0506 1.0000e-12  -68.03054  -69.28584 334.946109      39.35 7.5804e+01   1081.796      25964  1029.7855  1029.7848    34.6785    34.6775    7.75127         16 0.0000e+00
    429.000    424.268     1.3632  30.163033     1.3629  30.162031     4.0095     4.0732    -0.0112    97.0363 1.0000e-12  -68.03054  -69.28584 334.946121      40.67 7.5804e+01   1082.894      25990  1029.7808  1029.7801    34.6784    34.6775    7.75124         25 0.0000e+00
    428.000    423.281     1.3631  30.162711     1.3626  30.161316     4.0098     4.0723     0.0010    97.0498 1.0000e-12  -68.03056  -69.28582 334.946154      41.48 7.5804e+01   1085.712      26058  1029.7763  1029.7754    34.6787    34.6775    7.75125         31 0.0000e+00
    427.000    422.292     1.3628  30.161824     1.3625  30.160691     4.0160     4.0716    -0.0127    97.0612 1.0000e-12  -68.03056  -69.28581 334.946167      42.56 7.5804e+01   1086.798      26084  1029.7715  1029.7706    34.6785    34.6773    7.75132         25 0.0000e+00
    426.000    421.304     1.3627  30.161302     1.3626  30.160502     4.0186     4.0708    -0.0026    97.0466 1.0000e-12  -68.03056  -69.28580 334.946182      43.90 7.5804e+01   1088.088      26115  1029.7668  1029.7661    34.6785    34.6775    7.75133         38 0.0000e+00
    425.000    420.317     1.3629  30.160989     1.3626  30.159887     4.0092     4.0712    -0.0115    97.0709 1.0000e-12  -68.03056  -69.28582 334.946206      44.80 7.5804e+01   1090.218      26166  1029.7621  1029.7613    34.6785    34.6774    7.75130         33 0.0000e+00
    424.000    419.326     1.3634  30.161172     1.3633  30.160333     4.0037     4.0704     0.0029    97.0789 1.0000e-12  -68.03056  -69.28582 334.946218      45.41 7.5804e+01   1091.264      26191  1029.7575  1029.7567    34.6787    34.6777    7.75118         18 0.0000e+00
    423.000    418.341     1.3635  30.160755     1.3633  30.159868     4.0064     4.0738    -0.0033    97.0862 1.0000e-12  -68.03056  -69.28583 334.946226      45.91 7.5804e+01   1091.929      26207  1029.7527  1029.7521    34.6786    34.6778    7.75117         14 0.0000e+00
    422.000    417.351     1.3631  30.159825     1.3628  30.158790     4.0118     4.0734    -0.0051    97.0858 1.0000e-12  -68.03056  -69.28584 334.946233      47.43 7.5804e+01   1092.494      26221  1029.7480  1029.7472    34.6785    34.6775    7.75126         14 0.0000e+00
    421.000    416.362     1.3629  30.159109     1.3626  30.158113     4.0130     4.0711    -0.0051    97.0858 1.0000e-12  -68.03056  -69.28584 334.946239      48.79 7.5804e+01   1093.058      26234  1029.7433  1029.7425    34.6784    34.6774    7.75131         14 0.0000e+00
    420.000    415.376     1.3631  30.158917     1.3628  30.157846     4.0186     4.0724    -0.0064    97.0858 1.0000e-12  -68.03056  -69.28583 334.946247      49.63 7.5804e+01   1093.704      26250  1029.7386  1029.7379    34.6784    34.6775    7.75125         18 0.0000e+00
    419.000    414.388     1.3631  30.158461     1.3629  30.157496     4.0109     4.0764    -0.0096    97.0817 1.0000e-12  -68.03057  -69.28582 334.946274      50.63 7.5150e+01   1096.040      26306  1029.7339  1029.7332    34.6784    34.6774    7.75126         28 0.0000e+00
    418.000    413.399     1.3630  30.157861     1.3628  30.156997     3.9977     4.0767    -0.0150    97.0584 1.0000e-12  -68.03056  -69.28582 334.946301      51.89 7.4346e+01   1098.393      26362  1029.7292  1029.7285    34.6784    34.6775    7.75128         17 0.0000e+00
    417.000    412.414     1.3630  30.157591     1.3629  30.156743     4.0015     4.0739    -0.0145    97.0846 1.0000e-12  -68.03056  -69.28584 334.946308      52.31 7.4035e+01   1099.054      26378  1029.7247  1029.7239    34.6786    34.6777    7.75127         15 0.0000e+00
    416.000    411.422     1.3635  30.157634     1.3632  30.156544     4.0119     4.0672    -0.0006    97.0858 1.0000e-12  -68.03057  -69.28584 334.946316      53.55 7.4041e+01   1099.680      26393  1029.7200  1029.7192    34.6787    34.6777    7.75117         15 0.0000e+00
    415.000    410.436     1.3647  30.158695     1.3649  30.158237     4.0094     4.0675    -0.0000    97.0844 1.0000e-12  -68.03058  -69.28584 334.946323      55.18 7.4041e+01   1100.342      26409  1029.7156  1029.7150    34.6792    34.6784    7.75090         18 0.0000e+00
    414.000    409.447     1.3647  30.158212     1.3645  30.157310     4.0094     4.0672    -0.0065    97.0776 1.0000e-12  -68.03058  -69.28582 334.946334      56.37 7.4041e+01   1101.259      26431  1029.7109  1029.7102    34.6792    34.6783    7.75090         27 0.0000e+00
    413.000    408.460     1.3636  30.156552     1.3634  30.155588     4.0100     4.0751     0.0034    97.0628 1.0000e-12  -68.03058  -69.28582 334.946366      57.31 7.4041e+01   1104.004      26497  1029.7061  1029.7054    34.6789    34.6779    7.75114         31 0.0000e+00
    412.000    407.472     1.3637  30.156328     1.3639  30.155776     4.0014     4.0735    -0.0051    97.0880 1.0000e-12  -68.03058  -69.28584 334.946379      58.36 7.4041e+01   1105.185      26525  1029.7015  1029.7007    34.6790    34.6781    7.75110         20 0.0000e+00
    411.000    406.485     1.3648  30.157144     1.3646  30.156154     4.0043     4.0720    -0.0056    97.0858 1.0000e-12  -68.03058  -69.28584 334.946388      59.64 7.4041e+01   1105.941      26544  1029.6971  1029.6963    34.6795    34.6784    7.75087         17 0.0000e+00
    410.000    405.494     1.3654  30.157487     1.3653  30.156592     4.0077     4.0708    -0.0059    97.0858 1.0000e-12  -68.03058  -69.28584 334.946396      60.25 7.4041e+01   1106.602      26559  1029.6927  1029.6918    34.6798    34.6787    7.75073         16 0.0000e+00
    409.000    404.509     1.3667  30.158535     1.3663  30.157376     4.0110     4.0704    -0.0057    97.1014 1.0000e-12  -68.03058  -69.28582 334.946404      60.39 7.4041e+01   1107.304      26576  1029.6882  1029.6874    34.6803    34.6792    7.75045         18 0.0000e+00
    408.000    403.518     1.3660  30.157132     1.3659  30.156370     4.0127     4.0714    -0.0051    97.1111 1.0000e-12  -68.03058  -69.28582 334.946416      62.68 7.4041e+01   1108.301      26600  1029.6832  1029.6825    34.6798    34.6790    7.75061         30 0.0000e+00
    407.000    402.532     1.3656  30.156318     1.3656  30.155683     4.0092     4.0733    -0.0117    97.1031 1.0000e-12  -68.03058  -69.28584 334.946444      63.51 7.4041e+01   1110.748      26659  1029.6786  1029.6779    34.6798    34.6790    7.75069         41 0.0000e+00
    406.000    401.544     1.3658  30.156018     1.3656  30.155303     4.0036     4.0693    -0.0061    97.0781 1.0000e-12  -68.03058  -69.28584 334.946460      64.20 7.4041e+01   1112.119      26692  1029.6739  1029.6733    34.6799    34.6791    7.75066         24 0.0000e+00
    405.000    400.556     1.3670  30.157250     1.3668  30.156196     4.0045     4.0666    -0.0077    97.0695 1.0000e-12  -68.03058  -69.28584 334.946470      65.60 7.4041e+01   1113.007      26713  1029.6697  1029.6689    34.6806    34.6796    7.75037         19 0.0000e+00
    404.000    399.568     1.3682  30.158278     1.3682  30.157647     3.9992     4.0660    -0.0077    97.1119 1.0000e-12  -68.03058  -69.28584 334.946479      65.96 7.4041e+01   1113.819      26733  1029.6653  1029.6647    34.6812    34.6804    7.75010         20 0.0000e+00
    403.000    398.578     1.3693  30.159239     1.3691  30.158313     3.9953     4.0666    -0.0077    97.1172 1.0000e-12  -68.03058  -69.28584 334.946490      67.85 7.4041e+01   1114.774      26756  1029.6610  1029.6602    34.6817    34.6808    7.74985         27 0.0000e+00
    402.000    397.592     1.3688  30.158195     1.3686  30.157257     4.0018     4.0677    -0.0066    97.1102 1.0000e-12  -68.03058  -69.28582 334.946507      68.72 7.4041e+01   1116.208      26790  1029.6562  1029.6554    34.6815    34.6805    7.74996         39 0.0000e+00
    401.000    396.604     1.3688  30.157703     1.3685  30.156643     4.0051     4.0725    -0.0050    97.1116 1.0000e-12  -68.03058  -69.28582 334.946527      69.99 7.4041e+01   1117.946      26832  1029.6515  1029.6508    34.6815    34.6805    7.74997         35 0.0000e+00
