NBP2113_155081_ctd/data/unbp2113_004.cnv
* Sea-Bird SBE 9 Data File:
* FileName = D:\Data\raw\NBP2113_004.hex
* Software Version Seasave V 7.26.7.121
* Temperature SN = 2438
* Conductivity SN = 2067
* Number of Bytes Per Scan = 40
* Number of Voltage Words = 5
* Number of Scans Averaged by the Deck Unit = 1
* NMEA Latitude = 63 46.12 S
* NMEA Longitude = 062 51.59 W
* NMEA UTC (Time) = Nov 23 2021  06:30:17
* NMEA baud rate = 9600
** Ship: RVIB N.B. Palmer
** Cruise: NBP2113 LTER
** Station: 747.068
** Operator: B. Urmston
# nquan = 25
# nvalues = 369                         
# units = specified
# name 0 = prDM: Pressure, Digiquartz [db]
# name 1 = depSM: Depth [salt water, m]
# name 2 = t090C: Temperature [ITS-90, deg C]
# name 3 = c0mS/cm: Conductivity [mS/cm]
# name 4 = t190C: Temperature, 2 [ITS-90, deg C]
# name 5 = c1mS/cm: Conductivity, 2 [mS/cm]
# name 6 = sbeox0ML/L: Oxygen, SBE 43 [ml/l]
# name 7 = sbeox1ML/L: Oxygen, SBE 43, 2 [ml/l]
# name 8 = flECO-AFL: Fluorescence, WET Labs ECO-AFL/FL [mg/m^3]
# name 9 = CStarTr0: Beam Transmission, WET Labs C-Star [%]
# name 10 = par: PAR/Irradiance, Biospherical/Licor
# name 11 = latitude: Latitude [deg]
# name 12 = longitude: Longitude [deg]
# name 13 = timeJ: Julian Days
# name 14 = altM: Altimeter [m]
# name 15 = spar: SPAR, Biospherical/Licor
# name 16 = timeS: Time, Elapsed [seconds]
# name 17 = scan: Scan Count
# name 18 = density00: Density [density, kg/m^3]
# name 19 = density11: Density, 2 [density, kg/m^3]
# name 20 = sal00: Salinity, Practical [PSU]
# name 21 = sal11: Salinity, Practical, 2 [PSU]
# name 22 = oxsolML/L: Oxygen Saturation, Garcia & Gordon [ml/l]
# name 23 = nbin: number of scans per bin
# name 24 = flag: flag
# span 0 =      1.000,    369.000       
# span 1 =      0.991,    365.088       
# span 2 =    -0.7613,     1.5849       
# span 3 =  27.716418,  30.328243       
# span 4 =    -0.7611,     1.5850       
# span 5 =  27.716325,  30.326982       
# span 6 =     4.1580,    10.2392       
# span 7 =     4.1428,    10.0637       
# span 8 =    -0.0223,     1.4867       
# span 9 =    91.4292,    99.4814       
# span 10 = 1.0000e-12, 4.7478e+01      
# span 11 =  -63.76812,  -63.76768      
# span 12 =  -62.86104,  -62.86028      
# span 13 = 327.285672, 327.296999      
# span 14 =       6.17,     100.73      
# span 15 = 1.7629e+01, 3.4837e+01      
# span 16 =   1265.064,   2243.714      
# span 17 =      30363,      53850      
# span 18 =  1027.2892,  1029.4946      
# span 19 =  1027.2860,  1029.4933      
# span 20 =    33.9501,    34.6944      
# span 21 =    33.9463,    34.6929      
# span 22 =    7.70747,    8.22650      
# span 23 =         14,         50      
# span 24 = 0.0000e+00, 0.0000e+00      
# interval = decibars: 1                
# start_time = Nov 23 2021 06:30:17 [NMEA time, header]
# bad_flag = -9.990e-29
*END*
[from data line 58]
    311.000    307.745     1.5778  30.308304     1.5781  30.307431     4.1700     4.1477    -0.0160    98.7532 1.0000e-12  -63.76812  -62.86030 327.287037      64.36 2.6443e+01   1382.983      33193  1029.2225  1029.2213    34.6942    34.6927    7.70831         16 0.0000e+00
    310.000    306.757     1.5809  30.310696     1.5811  30.309643     4.1703     4.1509    -0.0202    98.7942 1.0000e-12  -63.76812  -62.86030 327.287046      65.51 2.6443e+01   1383.736      33211  1029.2177  1029.2163    34.6944    34.6928    7.70770         19 0.0000e+00
    309.000    305.770     1.5782  30.307887     1.5785  30.306886     4.1691     4.1523    -0.0078    98.8004 1.0000e-12  -63.76812  -62.86030 327.287096      66.77 2.6443e+01   1388.127      33316  1029.2133  1029.2120    34.6944    34.6928    7.70822         42 0.0000e+00
    308.000    304.781     1.5775  30.306740     1.5777  30.305627     4.1705     4.1548    -0.0014    98.7838 1.0000e-12  -63.76812  -62.86030 327.287144      67.75 2.6443e+01   1392.255      33415  1029.2085  1029.2073    34.6942    34.6926    7.70836         35 0.0000e+00
    307.000    303.792     1.5795  30.308127     1.5795  30.306972     4.1663     4.1542    -0.0072    98.8028 1.0000e-12  -63.76812  -62.86030 327.287157      68.62 2.5499e+01   1393.396      33442  1029.2038  1029.2026    34.6944    34.6929    7.70797         28 0.0000e+00
    306.000    302.803     1.5815  30.309317     1.5813  30.307929     4.1633     4.1533    -0.0095    98.8434 1.0000e-12  -63.76812  -62.86031 327.287172      69.79 2.4710e+01   1394.662      33473  1029.1988  1029.1976    34.6943    34.6927    7.70758         35 0.0000e+00
    305.000    301.815     1.5809  30.308355     1.5812  30.307291     4.1693     4.1545    -0.0088    98.8887 1.0000e-12  -63.76812  -62.86030 327.287201      70.98 2.4680e+01   1397.199      33534  1029.1941  1029.1928    34.6943    34.6926    7.70769         34 0.0000e+00
    304.000    300.826     1.5788  30.305876     1.5794  30.304646     4.1697     4.1560    -0.0101    98.8625 1.0000e-12  -63.76812  -62.86032 327.287295      71.75 2.5918e+01   1405.332      33729  1029.1895  1029.1876    34.6940    34.6918    7.70812         31 0.0000e+00
    303.000    299.836     1.5799  30.306316     1.5805  30.305429     4.1716     4.1545    -0.0014    98.8886 1.0000e-12  -63.76812  -62.86032 327.287306      72.78 2.4947e+01   1406.260      33751  1029.1846  1029.1831    34.6939    34.6921    7.70791         29 0.0000e+00
    302.000    298.848     1.5812  30.303779     1.5813  30.302571     4.1661     4.1477    -0.0042    99.1362 1.0000e-12  -63.76811  -62.86031 327.287704      74.02 2.2365e+01   1440.598      34575  1029.1766  1029.1752    34.6899    34.6882    7.70787         43 0.0000e+00
    301.000    297.860     1.5819  30.301436     1.5818  30.300344     4.1629     4.1443    -0.0076    99.2663 1.0000e-12  -63.76810  -62.86032 327.287926      75.07 2.1125e+01   1459.819      35037  1029.1694  1029.1683    34.6868    34.6855    7.70791         36 0.0000e+00
    300.000    296.870     1.5821  30.300955     1.5821  30.299766     4.1741     4.1459    -0.0118    99.2984 1.0000e-12  -63.76810  -62.86032 327.287937      75.91 2.1155e+01   1460.764      35059  1029.1644  1029.1633    34.6864    34.6850    7.70788         30 0.0000e+00
    299.000    295.882     1.5825  30.300434     1.5824  30.299171     4.1663     4.1475    -0.0095    99.3657 1.0000e-12  -63.76810  -62.86033 327.287951      76.90 2.1155e+01   1461.989      35089  1029.1593  1029.1581    34.6859    34.6845    7.70783         27 0.0000e+00
    298.000    294.893     1.5826  30.299542     1.5825  30.298294     4.1659     4.1515    -0.0134    99.3564 1.0000e-12  -63.76810  -62.86034 327.287965      77.87 2.1155e+01   1463.182      35117  1029.1541  1029.1528    34.6853    34.6838    7.70785         28 0.0000e+00
    297.000    293.902     1.5829  30.298821     1.5827  30.297482     4.1652     4.1502    -0.0086    99.3765 1.0000e-12  -63.76810  -62.86034 327.287978      78.83 2.1155e+01   1464.309      35144  1029.1488  1029.1476    34.6846    34.6831    7.70782         26 0.0000e+00
    296.000    292.915     1.5834  30.298712     1.5831  30.297331     4.1647     4.1461    -0.0138    99.4013 1.0000e-12  -63.76810  -62.86032 327.287992      80.01 2.1155e+01   1465.525      35174  1029.1439  1029.1428    34.6844    34.6831    7.70773         32 0.0000e+00
    295.000    291.927     1.5831  30.298197     1.5831  30.297022     4.1711     4.1428    -0.0089    99.4064 1.0000e-12  -63.76810  -62.86032 327.288019      81.27 2.1155e+01   1467.835      35229  1029.1395  1029.1383    34.6847    34.6833    7.70777         31 0.0000e+00
    294.000    290.938     1.5831  30.297698     1.5830  30.296550     4.1610     4.1449    -0.0071    99.3890 1.0000e-12  -63.76810  -62.86033 327.288045      82.03 2.1155e+01   1470.078      35283  1029.1347  1029.1337    34.6846    34.6833    7.70778         31 0.0000e+00
    293.000    289.948     1.5837  30.297688     1.5840  30.296598     4.1638     4.1461    -0.0074    99.4035 1.0000e-12  -63.76810  -62.86034 327.288056      82.96 2.1155e+01   1471.058      35306  1029.1300  1029.1285    34.6846    34.6828    7.70767         21 0.0000e+00
    292.000    288.959     1.5849  30.297705     1.5849  30.296426     4.1625     4.1471    -0.0067    99.4021 1.0000e-12  -63.76810  -62.86034 327.288066      83.96 2.1155e+01   1471.915      35327  1029.1245  1029.1232    34.6838    34.6822    7.70747         21 0.0000e+00
    291.000    287.969     1.5849  30.297025     1.5850  30.295789     4.1647     4.1464    -0.0122    99.4345 1.0000e-12  -63.76810  -62.86034 327.288077      85.05 2.1155e+01   1472.852      35349  1029.1196  1029.1183    34.6836    34.6819    7.70749         25 0.0000e+00
    290.000    286.982     1.5844  30.296365     1.5845  30.295144     4.1676     4.1445    -0.0095    99.4336 1.0000e-12  -63.76810  -62.86034 327.288093      86.21 2.1155e+01   1474.247      35383  1029.1152  1029.1139    34.6838    34.6822    7.70757         35 0.0000e+00
    289.000    285.993     1.5845  30.295831     1.5845  30.294645     4.1648     4.1458    -0.0117    99.4327 1.0000e-12  -63.76809  -62.86034 327.288115      87.28 2.1155e+01   1476.137      35428  1029.1103  1029.1091    34.6836    34.6821    7.70756         43 0.0000e+00
    288.000    285.003     1.5842  30.294849     1.5842  30.293683     4.1673     4.1471    -0.0081    99.4483 1.0000e-12  -63.76808  -62.86034 327.288134      88.12 2.1155e+01   1477.751      35467  1029.1054  1029.1043    34.6833    34.6818    7.70764         34 0.0000e+00
    287.000    284.014     1.5840  30.294030     1.5838  30.292611     4.1632     4.1481    -0.0075    99.4540 1.0000e-12  -63.76808  -62.86034 327.288150      89.08 2.0128e+01   1479.144      35500  1029.1006  1029.0994    34.6831    34.6815    7.70769         32 0.0000e+00
    286.000    283.026     1.5824  30.291847     1.5821  30.289956     4.1662     4.1481    -0.0077    99.4548 1.0000e-12  -63.76808  -62.86034 327.288166      90.26 1.9396e+01   1480.575      35535  1029.0957  1029.0941    34.6826    34.6806    7.70802         37 0.0000e+00
    285.000    282.036     1.5722  30.280226     1.5756  30.282712     4.1710     4.1510    -0.0077    99.4548 1.0000e-12  -63.76808  -62.86036 327.288185      91.34 1.9392e+01   1482.212      35574  1029.0898  1029.0889    34.6798    34.6791    7.71018         40 0.0000e+00
    284.000    281.047     1.5688  30.276582     1.5692  30.275405     4.1734     4.1508    -0.0072    99.4227 1.0000e-12  -63.76808  -62.86036 327.288203      92.11 1.9392e+01   1483.774      35612  1029.0851  1029.0835    34.6794    34.6774    7.71085         33 0.0000e+00
    283.000    280.059     1.5627  30.269673     1.5640  30.269906     4.1844     4.1543    -0.0124    99.4477 1.0000e-12  -63.76808  -62.86036 327.288217      93.08 1.9392e+01   1484.982      35641  1029.0798  1029.0788    34.6779    34.6768    7.71212         26 0.0000e+00
    282.000    279.069     1.5544  30.261252     1.5559  30.261372     4.1853     4.1514    -0.0150    99.4342 1.0000e-12  -63.76808  -62.86037 327.288229      94.05 1.9392e+01   1486.006      35665  1029.0752  1029.0739    34.6770    34.6755    7.71380         25 0.0000e+00
    281.000    278.081     1.5512  30.257292     1.5502  30.255093     4.1827     4.1576    -0.0150    99.4438 1.0000e-12  -63.76808  -62.86036 327.288242      95.09 1.9392e+01   1487.081      35691  1029.0701  1029.0688    34.6761    34.6744    7.71447         29 0.0000e+00
    280.000    277.092     1.5514  30.257149     1.5536  30.258334     4.1781     4.1559    -0.0150    99.4294 1.0000e-12  -63.76808  -62.86036 327.288260      96.43 1.9392e+01   1488.665      35729  1029.0653  1029.0644    34.6762    34.6753    7.71442         39 0.0000e+00
    279.000    276.103     1.5491  30.254750     1.5511  30.255295     4.1809     4.1603    -0.0182    99.4291 1.0000e-12  -63.76808  -62.86036 327.288285      97.26 1.9392e+01   1490.830      35781  1029.0608  1029.0594    34.6763    34.6748    7.71486         41 0.0000e+00
    278.000    275.114     1.5436  30.248042     1.5457  30.248818     4.1828     4.1527    -0.0047    99.4309 1.0000e-12  -63.76808  -62.86038 327.288301      98.42 1.9392e+01   1492.234      35815  1029.0552  1029.0539    34.6744    34.6731    7.71605         29 0.0000e+00
    277.000    274.126     1.5395  30.242753     1.5390  30.241106     4.1771     4.1599    -0.0061    99.4445 1.0000e-12  -63.76808  -62.86038 327.288315      99.24 1.9392e+01   1493.378      35842  1029.0495  1029.0483    34.6728    34.6713    7.71693         28 0.0000e+00
    276.000    273.136     1.5342  30.235689     1.5345  30.234727     4.1815     4.1585    -0.0105    99.4457 1.0000e-12  -63.76808  -62.86038 327.288330      99.93 1.9392e+01   1494.711      35874  1029.0433  1029.0420    34.6702    34.6687    7.71810         37 0.0000e+00
    275.000    272.147     1.5378  30.238885     1.5375  30.237570     4.1820     4.1556    -0.0067    99.4489 1.0000e-12  -63.76808  -62.86038 327.288350      99.98 1.9392e+01   1496.433      35915  1029.0386  1029.0376    34.6709    34.6696    7.71737         42 0.0000e+00
    274.000    271.158     1.5354  30.234930     1.5358  30.234733     4.1779     4.1574    -0.0073    99.4550 1.0000e-12  -63.76808  -62.86038 327.288368      99.98 1.9392e+01   1497.978      35952  1029.0326  1029.0321    34.6691    34.6684    7.71792         32 0.0000e+00
    273.000    270.169     1.5353  30.234116     1.5357  30.233635     4.1846     4.1575    -0.0022    99.4548 1.0000e-12  -63.76808  -62.86038 327.288382      99.98 1.9392e+01   1499.194      35982  1029.0276  1029.0268    34.6688    34.6677    7.71797         28 0.0000e+00
    272.000    269.180     1.5347  30.231770     1.5350  30.231372     4.1792     4.1555    -0.0055    99.4539 1.0000e-12  -63.76808  -62.86038 327.288395      99.98 1.9392e+01   1500.325      36009  1029.0216  1029.0209    34.6671    34.6662    7.71818         27 0.0000e+00
    271.000    268.191     1.5345  30.230868     1.5346  30.229915     4.1853     4.1576    -0.0072    99.4741 1.0000e-12  -63.76808  -62.86038 327.288409      99.98 1.9392e+01   1501.559      36038  1029.0166  1029.0155    34.6666    34.6654    7.71823         32 0.0000e+00
    270.000    267.202     1.5346  30.230232     1.5345  30.229158     4.1797     4.1562    -0.0056    99.4805 1.0000e-12  -63.76808  -62.86038 327.288425      99.99 1.9392e+01   1502.931      36071  1029.0116  1029.0106    34.6664    34.6650    7.71824         35 0.0000e+00
    269.000    266.215     1.5351  30.230931     1.5355  30.230394     4.1777     4.1579    -0.0048    99.4747 1.0000e-12  -63.76807  -62.86039 327.288444      99.98 1.9392e+01   1504.595      36111  1029.0075  1029.0066    34.6673    34.6661    7.71809         40 0.0000e+00
    268.000    265.224     1.5353  30.230795     1.5354  30.229643     4.1856     4.1578    -0.0077    99.4726 1.0000e-12  -63.76806  -62.86040 327.288468      99.99 1.9392e+01   1506.659      36161  1029.0030  1029.0016    34.6675    34.6659    7.71804         39 0.0000e+00
    267.000    264.235     1.5357  30.230184     1.5359  30.228919     4.1813     4.1580    -0.0077    99.4720 1.0000e-12  -63.76806  -62.86040 327.288486      73.66 1.9392e+01   1508.228      36198  1028.9976  1028.9962    34.6668    34.6649    7.71799         33 0.0000e+00
    266.000    263.248     1.5383  30.230343     1.5376  30.229208     4.1892     4.1635    -0.0077    99.4668 1.0000e-12  -63.76806  -62.86040 327.288501      99.89 1.9392e+01   1509.475      36228  1028.9910  1028.9905    34.6648    34.6640    7.71760         28 0.0000e+00
    265.000    262.257     1.5363  30.226690     1.5373  30.226466     4.1844     4.1634    -0.0077    99.4788 1.0000e-12  -63.76806  -62.86040 327.288514      99.98 1.9392e+01   1510.635      36256  1028.9850  1028.9839    34.6628    34.6615    7.71808         27 0.0000e+00
    264.000    261.268     1.5342  30.223189     1.5343  30.222219     4.1905     4.1605    -0.0077    99.4806 1.0000e-12  -63.76806  -62.86040 327.288527      99.98 1.9392e+01   1511.716      36282  1028.9793  1028.9782    34.6613    34.6599    7.71858         25 0.0000e+00
    263.000    260.279     1.5337  30.221012     1.5340  30.220671     4.1975     4.1605    -0.0146    99.4806 1.0000e-12  -63.76806  -62.86040 327.288539      99.98 1.9392e+01   1512.749      36307  1028.9733  1028.9727    34.6596    34.6590    7.71876         25 0.0000e+00
    262.000    259.290     1.5336  30.219987     1.5338  30.219570     4.1854     4.1626    -0.0060    99.4806 1.0000e-12  -63.76806  -62.86041 327.288552      99.98 1.9392e+01   1513.916      36335  1028.9682  1028.9675    34.6591    34.6583    7.71882         33 0.0000e+00
    261.000    258.302     1.5343  30.221323     1.5348  30.221268     4.1888     4.1596    -0.0088    99.4798 1.0000e-12  -63.76806  -62.86042 327.288573      99.98 1.9392e+01   1515.736      36379  1028.9646  1028.9640    34.6606    34.6600    7.71860         36 0.0000e+00
    260.000    257.314     1.5344  30.221221     1.5343  30.219857     4.1876     4.1631    -0.0112    99.4715 1.0000e-12  -63.76806  -62.86040 327.288601      99.98 1.9392e+01   1518.166      36437  1028.9601  1028.9588    34.6609    34.6592    7.71856         40 0.0000e+00
    259.000    256.323     1.5341  30.219321     1.5341  30.217602     4.1853     4.1632    -0.0107    99.4611 1.0000e-12  -63.76806  -62.86041 327.288622      99.98 1.9392e+01   1519.927      36479  1028.9542  1028.9525    34.6593    34.6572    7.71869         36 0.0000e+00
    258.000    255.334     1.5343  30.217041     1.5340  30.216490     4.1931     4.1685    -0.0132    99.4482 1.0000e-12  -63.76806  -62.86042 327.288637      99.99 1.9392e+01   1521.247      36511  1028.9475  1028.9472    34.6569    34.6564    7.71880         28 0.0000e+00
    257.000    254.346     1.5336  30.214852     1.5338  30.213926     4.1926     4.1671    -0.0028    99.4799 1.0000e-12  -63.76806  -62.86042 327.288649      99.98 1.9392e+01   1522.305      36536  1028.9417  1028.9406    34.6554    34.6541    7.71901         23 0.0000e+00
    256.000    253.355     1.5335  30.214207     1.5335  30.213047     4.1920     4.1655    -0.0045    99.4750 1.0000e-12  -63.76806  -62.86042 327.288660      99.99 1.9392e+01   1523.246      36559  1028.9369  1028.9358    34.6553    34.6539    7.71904         23 0.0000e+00
    255.000    252.367     1.5335  30.213665     1.5334  30.212481     4.2016     4.1659    -0.0107    99.4717 1.0000e-12  -63.76806  -62.86042 327.288671      99.98 1.9392e+01   1524.184      36581  1028.9322  1028.9311    34.6552    34.6538    7.71905         23 0.0000e+00
