NBP2113_155081_ctd/data/unbp2113_027.cnv
* Sea-Bird SBE 9 Data File:
* FileName = D:\Data\raw\NBP2113_027.hex
* Software Version Seasave V 7.26.7.121
* Temperature SN = 2438
* Conductivity SN = 2067
* Number of Bytes Per Scan = 40
* Number of Voltage Words = 5
* Number of Scans Averaged by the Deck Unit = 1
* NMEA Latitude = 68 01.82 S
* NMEA Longitude = 069 17.07 W
* NMEA UTC (Time) = Dec 04 2021  08:59:20
* NMEA baud rate = 9600
** Ship: RVIB N.B. Palmer
** Cruise: NBP2113 LTER
** Station: 200.-040
** Operator: B. Urmston
# nquan = 25
# nvalues = 428                         
# units = specified
# name 0 = prDM: Pressure, Digiquartz [db]
# name 1 = depSM: Depth [salt water, m]
# name 2 = t090C: Temperature [ITS-90, deg C]
# name 3 = c0mS/cm: Conductivity [mS/cm]
# name 4 = t190C: Temperature, 2 [ITS-90, deg C]
# name 5 = c1mS/cm: Conductivity, 2 [mS/cm]
# name 6 = sbeox0ML/L: Oxygen, SBE 43 [ml/l]
# name 7 = sbeox1ML/L: Oxygen, SBE 43, 2 [ml/l]
# name 8 = flECO-AFL: Fluorescence, WET Labs ECO-AFL/FL [mg/m^3]
# name 9 = CStarTr0: Beam Transmission, WET Labs C-Star [%]
# name 10 = par: PAR/Irradiance, Biospherical/Licor
# name 11 = latitude: Latitude [deg]
# name 12 = longitude: Longitude [deg]
# name 13 = timeJ: Julian Days
# name 14 = altM: Altimeter [m]
# name 15 = spar: SPAR, Biospherical/Licor
# name 16 = timeS: Time, Elapsed [seconds]
# name 17 = scan: Scan Count
# name 18 = density00: Density [density, kg/m^3]
# name 19 = density11: Density, 2 [density, kg/m^3]
# name 20 = sal00: Salinity, Practical [PSU]
# name 21 = sal11: Salinity, Practical, 2 [PSU]
# name 22 = oxsolML/L: Oxygen Saturation, Garcia & Gordon [ml/l]
# name 23 = nbin: number of scans per bin
# name 24 = flag: flag
# span 0 =      1.000,    428.000       
# span 1 =      0.990,    423.281       
# span 2 =    -1.1606,     1.3679       
# span 3 =  27.229793,  30.160630       
# span 4 =    -1.1648,     1.3680       
# span 5 =  27.229728,  30.159345       
# span 6 =     4.0084,     9.6185       
# span 7 =     4.0664,    10.1505       
# span 8 =    -0.0179,     2.2650       
# span 9 =    88.6782,    96.6807       
# span 10 = 1.0000e-12, 1.3894e+02      
# span 11 =  -68.03038,  -68.03008      
# span 12 =  -69.28466,  -69.28437      
# span 13 = 338.385657, 338.398510      
# span 14 =       3.59,     100.27      
# span 15 = 1.3917e+02, 1.4457e+02      
# span 16 =    960.772,   2071.290      
# span 17 =      23060,      49712      
# span 18 =  1027.1866,  1029.7734      
# span 19 =  1027.1855,  1029.7726      
# span 20 =    33.8056,    34.6755      
# span 21 =    33.8041,    34.6743      
# span 22 =    7.75048,    8.32648      
# span 23 =         17,         47      
# span 24 = 0.0000e+00, 0.0000e+00      
# interval = decibars: 1                
# start_time = Dec 04 2021 08:59:20 [NMEA time, header]
# bad_flag = -9.990e-29
*END*
[from data line 174]
    254.000    251.304     0.9891  29.676460     0.9928  29.679823     4.3142     4.3616    -0.0118    96.4721 1.0000e-12  -68.03034  -69.28456 338.390696      99.97 1.4279e+02   1396.133      33508  1028.9014  1028.9012    34.5703    34.5706    7.83145         34 0.0000e+00
    253.000    250.315     0.9661  29.650032     0.9605  29.643571     4.3700     4.3971    -0.0015    96.4702 1.0000e-12  -68.03034  -69.28456 338.390711      99.98 1.4279e+02   1397.476      33540  1028.8924  1028.8914    34.5623    34.5602    7.83650         22 0.0000e+00
    252.000    249.328     0.9169  29.596058     0.9132  29.591611     4.4277     4.4275    -0.0087    96.4756 1.0000e-12  -68.03034  -69.28458 338.390721      99.98 1.4279e+02   1398.270      33559  1028.8810  1028.8800    34.5479    34.5462    7.84719         17 0.0000e+00
    251.000    248.336     0.8862  29.563810     0.8819  29.558437     4.4518     4.4519    -0.0146    96.4877 1.0000e-12  -68.03034  -69.28458 338.390729      99.97 1.4279e+02   1398.968      33576  1028.8734  1028.8721    34.5409    34.5387    7.85375         17 0.0000e+00
    250.000    247.351     0.8409  29.514594     0.8499  29.523175     4.4447     4.4574    -0.0004    96.4921 1.0000e-12  -68.03034  -69.28458 338.390737      99.97 1.4279e+02   1399.667      33593  1028.8626  1028.8626    34.5281    34.5292    7.86358         17 0.0000e+00
    249.000    246.360     0.8083  29.479541     0.8194  29.490309     4.4352     4.4510     0.0097    96.4835 1.0000e-12  -68.03034  -69.28458 338.390746      99.97 1.4279e+02   1400.425      33611  1028.8538  1028.8541    34.5196    34.5212    7.87064         20 0.0000e+00
    248.000    245.371     0.8129  29.489425     0.7950  29.465877     4.4442     4.4528     0.0128    96.4656 1.0000e-12  -68.03034  -69.28458 338.390757      99.97 1.4279e+02   1401.361      33634  1028.8547  1028.8481    34.5278    34.5173    7.86925         26 0.0000e+00
    247.000    244.383     0.8287  29.501757     0.8239  29.498277     4.4425     4.4656     0.0107    96.4804 1.0000e-12  -68.03034  -69.28457 338.390772      99.98 1.4279e+02   1402.679      33665  1028.8472  1028.8483    34.5268    34.5277    7.86612         36 0.0000e+00
    246.000    243.394     0.8104  29.482956     0.8024  29.473982     4.4407     4.4744     0.0062    96.4566 1.0000e-12  -68.03034  -69.28456 338.390793      99.97 1.4279e+02   1404.497      33709  1028.8408  1028.8394    34.5234    34.5207    7.87000         32 0.0000e+00
    245.000    242.405     0.8195  29.489820     0.8142  29.481495     4.4757     4.5264    -0.0001    96.4500 1.0000e-12  -68.03034  -69.28456 338.390811      99.97 1.4279e+02   1406.052      33746  1028.8342  1028.8309    34.5227    34.5180    7.86819         32 0.0000e+00
    244.000    241.416     0.7627  29.428384     0.7674  29.431337     4.6591     4.6249     0.0571    96.4362 1.0000e-12  -68.03034  -69.28456 338.390825      99.98 1.4279e+02   1407.308      33776  1028.8220  1028.8204    34.5069    34.5055    7.88057         30 0.0000e+00
    243.000    240.427     0.6430  29.292686     0.6085  29.258927     4.7638     4.6961     0.0004    96.4430 1.0000e-12  -68.03034  -69.28456 338.390840      99.98 1.4279e+02   1408.583      33807  1028.7938  1028.7926    34.4643    34.4587    7.90728         31 0.0000e+00
    242.000    239.440     0.5000  29.147770     0.5214  29.168528     4.8702     4.7829     0.0104    96.4210 1.0000e-12  -68.03034  -69.28456 338.390854      99.97 1.4279e+02   1409.778      33836  1028.7783  1028.7786    34.4353    34.4385    7.93810         25 0.0000e+00
    241.000    238.451     0.4871  29.133608     0.4845  29.129501     4.9170     4.8079     0.0324    96.4304 1.0000e-12  -68.03033  -69.28456 338.390865      99.97 1.4279e+02   1410.766      33859  1028.7707  1028.7690    34.4318    34.4293    7.94095         22 0.0000e+00
    240.000    237.460     0.4439  29.086223     0.4282  29.071786     4.8644     4.8055     0.0108    96.4166 1.0000e-12  -68.03032  -69.28456 338.390875      99.97 1.4279e+02   1411.636      33880  1028.7587  1028.7588    34.4186    34.4172    7.95057         20 0.0000e+00
    239.000    236.472     0.4059  29.049358     0.4188  29.063172     4.8472     4.8022     0.0121    96.3891 1.0000e-12  -68.03032  -69.28456 338.390886      99.97 1.4279e+02   1412.543      33902  1028.7521  1028.7536    34.4133    34.4170    7.95868         24 0.0000e+00
    238.000    235.483     0.4608  29.106260     0.4693  29.112876     4.8370     4.7994     0.0118    96.3512 1.0000e-12  -68.03032  -69.28456 338.390901      99.97 1.4279e+02   1413.852      33933  1028.7523  1028.7508    34.4271    34.4263    7.94662         35 0.0000e+00
    237.000    234.495     0.4343  29.076912     0.4512  29.100171     4.8639     4.8579     0.0142    96.4183 1.0000e-12  -68.03032  -69.28456 338.390925      99.97 1.4279e+02   1415.935      33983  1028.7418  1028.7495    34.4189    34.4304    7.95252         37 0.0000e+00
    236.000    233.505     0.4082  29.050992     0.4060  29.046848     4.9019     4.8953     0.0130    96.3856 1.0000e-12  -68.03032  -69.28456 338.390939      99.97 1.4279e+02   1417.136      34012  1028.7354  1028.7333    34.4146    34.4117    7.95813         24 0.0000e+00
    235.000    232.517     0.3985  29.041287     0.3903  29.032357     4.8996     4.9081     0.0143    96.3682 1.0000e-12  -68.03032  -69.28456 338.390950      99.97 1.4279e+02   1418.073      34035  1028.7300  1028.7286    34.4133    34.4108    7.96020         22 0.0000e+00
    234.000    231.527     0.3690  29.011246     0.3692  29.010836     4.8949     4.9034     0.0185    96.3724 1.0000e-12  -68.03032  -69.28456 338.390961      99.98 1.4279e+02   1419.016      34057  1028.7226  1028.7221    34.4075    34.4068    7.96662         24 0.0000e+00
    233.000    230.539     0.3723  29.014446     0.3710  29.012332     4.8878     4.9021     0.0261    96.3763 1.0000e-12  -68.03032  -69.28456 338.390973      99.97 1.4279e+02   1420.070      34083  1028.7179  1028.7170    34.4087    34.4073    7.96588         27 0.0000e+00
    232.000    229.550     0.3730  29.014819     0.3733  29.014373     4.8719     4.9100     0.0603    96.3683 1.0000e-12  -68.03032  -69.28456 338.390987      99.97 1.4279e+02   1421.288      34112  1028.7127  1028.7120    34.4089    34.4080    7.96571         32 0.0000e+00
    231.000    228.560     0.3737  29.015200     0.3732  29.013851     4.8748     4.9116     0.0397    96.3468 1.0000e-12  -68.03032  -69.28456 338.391003      99.97 1.4279e+02   1422.693      34146  1028.7076  1028.7068    34.4092    34.4081    7.96554         33 0.0000e+00
    230.000    227.572     0.3715  29.012772     0.3724  29.012804     4.9101     4.9359     0.0274    96.3667 1.0000e-12  -68.03032  -69.28456 338.391020      99.98 1.4279e+02   1424.096      34179  1028.7026  1028.7017    34.4091    34.4082    7.96601         31 0.0000e+00
    229.000    226.584     0.3678  29.008257     0.3681  29.007732     4.9657     4.9717     0.0219    96.3735 1.0000e-12  -68.03032  -69.28454 338.391034      99.98 1.4279e+02   1425.293      34208  1028.6969  1028.6960    34.4079    34.4068    7.96684         27 0.0000e+00
    228.000    225.593     0.3465  28.985178     0.3357  28.973263     5.0302     5.0180     0.0187    96.3217 1.0000e-12  -68.03032  -69.28456 338.391046      99.98 1.4279e+02   1426.373      34234  1028.6891  1028.6872    34.4021    34.3985    7.97158         25 0.0000e+00
    227.000    224.607     0.3131  28.950114     0.3106  28.947312     5.1220     5.0721     0.0121    96.2727 1.0000e-12  -68.03032  -69.28454 338.391058      99.97 1.4279e+02   1427.427      34259  1028.6805  1028.6799    34.3939    34.3930    7.97893         25 0.0000e+00
    226.000    223.615     0.2816  28.917578     0.2925  28.927552     5.1775     5.1103     0.0378    96.2933 1.0000e-12  -68.03032  -69.28456 338.391070      99.98 1.4279e+02   1428.485      34285  1028.6725  1028.6723    34.3870    34.3879    7.98585         24 0.0000e+00
    225.000    222.627     0.2499  28.884630     0.2558  28.890584     5.1754     5.1567     0.0386    96.2830 1.0000e-12  -68.03032  -69.28456 338.391083      99.97 1.4279e+02   1429.602      34311  1028.6643  1028.6648    34.3797    34.3809    7.99284         28 0.0000e+00
    224.000    221.637     0.2390  28.874282     0.2374  28.870557     5.2561     5.2022     0.0451    96.2220 1.0000e-12  -68.03032  -69.28456 338.391098      99.97 1.4279e+02   1430.853      34341  1028.6593  1028.6569    34.3789    34.3758    7.99515         31 0.0000e+00
    223.000    220.650     0.2096  28.839358     0.2009  28.830624     5.2634     5.2520     0.0943    96.1808 1.0000e-12  -68.03032  -69.28456 338.391114      99.97 1.4279e+02   1432.249      34375  1028.6464  1028.6457    34.3663    34.3645    8.00196         34 0.0000e+00
    222.000    219.661     0.1885  28.820256     0.1787  28.810000     5.1549     5.2394     0.0728    96.0785 1.0000e-12  -68.03030  -69.28455 338.391131      99.97 1.4279e+02   1433.701      34410  1028.6421  1028.6408    34.3654    34.3628    8.00641         35 0.0000e+00
    221.000    218.671     0.2353  28.866463     0.1784  28.811640     5.2653     5.3170     0.0568    96.1467 1.0000e-12  -68.03030  -69.28454 338.391148      99.97 1.4279e+02   1435.219      34446  1028.6400  1028.6380    34.3745    34.3659    7.99616         33 0.0000e+00
    220.000    217.682     0.1865  28.816764     0.1243  28.753091     5.3984     5.3119     0.0523    96.0446 1.0000e-12  -68.03030  -69.28454 338.391165      99.97 1.4279e+02   1436.664      34481  1028.6306  1028.6244    34.3642    34.3498    8.00690         31 0.0000e+00
    219.000    216.694     0.1021  28.725274     0.1417  28.770532     5.4077     5.2840     0.0557    96.0580 1.0000e-12  -68.03030  -69.28455 338.391183      99.97 1.4279e+02   1438.186      34517  1028.6123  1028.6207    34.3385    34.3539    8.02595         42 0.0000e+00
    218.000    215.706     0.1064  28.728714     0.1861  28.816025     5.7222     5.5037     0.0598    95.9885 1.0000e-12  -68.03030  -69.28456 338.391204      99.97 1.4279e+02   1439.986      34561  1028.6065  1028.6204    34.3388    34.3649    8.02504         35 0.0000e+00
    217.000    214.716    -0.0305  28.591270    -0.0010  28.619135     5.7882     5.6226     0.0768    95.9463 1.0000e-12  -68.03030  -69.28454 338.391220      99.98 1.4279e+02   1441.374      34594  1028.5903  1028.5912    34.3110    34.3148    8.05531         30 0.0000e+00
    216.000    213.727    -0.0159  28.606118    -0.0115  28.608786     5.6140     5.5733     0.0702    95.8985 1.0000e-12  -68.03030  -69.28454 338.391242      99.97 1.4279e+02   1443.313      34641  1028.5860  1028.5851    34.3149    34.3134    8.05204         39 0.0000e+00
    215.000    212.738     0.0525  28.673940     0.0568  28.678376     5.7537     5.6886     0.0709    95.8717 1.0000e-12  -68.03030  -69.28454 338.391291      99.98 1.4279e+02   1447.510      34741  1028.5854  1028.5860    34.3286    34.3297    8.03688         32 0.0000e+00
    214.000    211.750    -0.0819  28.537636    -0.0679  28.550115     5.9143     5.7831     0.0721    95.8410 1.0000e-12  -68.03029  -69.28456 338.391303      99.97 1.4279e+02   1448.546      34766  1028.5680  1028.5677    34.2993    34.3001    8.06680         28 0.0000e+00
    213.000    210.759    -0.1212  28.495313    -0.1150  28.501278     5.9669     5.8347     0.0796    95.8091 1.0000e-12  -68.03028  -69.28456 338.391315      99.97 1.4279e+02   1449.658      34793  1028.5566  1028.5570    34.2878    34.2887    8.07576         27 0.0000e+00
    212.000    209.772    -0.1575  28.457203    -0.1494  28.465043     5.9178     5.8292     0.0934    95.7348 1.0000e-12  -68.03028  -69.28456 338.391330      99.97 1.4279e+02   1450.928      34823  1028.5465  1028.5471    34.2785    34.2798    8.08397         33 0.0000e+00
    211.000    208.784    -0.0701  28.545627    -0.0749  28.540197     5.7584     5.7846     0.0967    95.7390 1.0000e-12  -68.03028  -69.28453 338.391380      99.97 1.4279e+02   1455.239      34927  1028.5489  1028.5479    34.2984    34.2966    8.06438         30 0.0000e+00
    210.000    207.793    -0.1165  28.500091    -0.1251  28.489138     5.9243     5.8873     0.0956    95.7550 1.0000e-12  -68.03028  -69.28454 338.391417      99.97 1.4279e+02   1458.401      35003  1028.5414  1028.5381    34.2907    34.2857    8.07461         38 0.0000e+00
    209.000    206.803    -0.1693  28.444107    -0.1724  28.439779     5.9681     5.9180     0.1026    95.7182 1.0000e-12  -68.03028  -69.28455 338.391432      99.97 1.4279e+02   1459.734      35035  1028.5288  1028.5272    34.2760    34.2738    8.08660         32 0.0000e+00
    208.000    205.818    -0.1775  28.435152    -0.1832  28.428741     5.9079     5.9136     0.1111    95.6422 1.0000e-12  -68.03028  -69.28454 338.391460      99.98 1.4279e+02   1462.150      35093  1028.5223  1028.5209    34.2740    34.2718    8.08846         36 0.0000e+00
    207.000    204.826    -0.1705  28.444086    -0.1699  28.442365     5.8668     5.8977     0.1257    95.6032 1.0000e-12  -68.03027  -69.28452 338.391510      99.98 1.4279e+02   1466.489      35197  1028.5197  1028.5172    34.2786    34.2756    8.08671         35 0.0000e+00
    206.000    203.837    -0.1772  28.435147    -0.1723  28.438736     5.9361     5.9454     0.1198    95.5510 1.0000e-12  -68.03027  -69.28452 338.391558      99.97 1.4279e+02   1470.596      35295  1028.5121  1028.5109    34.2749    34.2741    8.08835         45 0.0000e+00
    205.000    202.847    -0.2028  28.407763    -0.1979  28.411062     5.9962     5.9915     0.1265    95.5725 1.0000e-12  -68.03026  -69.28454 338.391592      99.97 1.4279e+02   1473.588      35367  1028.5032  1028.5020    34.2677    34.2666    8.09418         45 0.0000e+00
    204.000    201.860    -0.2218  28.387663    -0.2167  28.392237     6.0198     6.0147     0.1055    95.5451 1.0000e-12  -68.03026  -69.28452 338.391620      99.97 1.4279e+02   1475.928      35423  1028.4958  1028.4957    34.2629    34.2633    8.09849         39 0.0000e+00
    203.000    200.870    -0.2199  28.389163    -0.2173  28.391388     5.9878     6.0073     0.1452    95.5304 1.0000e-12  -68.03026  -69.28452 338.391660      99.97 1.4279e+02   1479.452      35508  1028.4908  1028.4908    34.2634    34.2634    8.09806         44 0.0000e+00
    202.000    199.881    -0.2149  28.393897    -0.2164  28.391453     5.9843     6.0104     0.1073    95.5378 1.0000e-12  -68.03025  -69.28451 338.391832      99.97 1.4279e+02   1494.247      35863  1028.4861  1028.4851    34.2647    34.2630    8.09692         40 0.0000e+00
    201.000    198.893    -0.2305  28.377041    -0.2286  28.377932     6.0190     6.0633     0.1024    95.5176 1.0000e-12  -68.03024  -69.28450 338.391960      99.97 1.4279e+02   1505.369      36130  1028.4787  1028.4779    34.2603    34.2594    8.10048         31 0.0000e+00
    200.000    197.904    -0.2379  28.369238    -0.2425  28.363590     6.0242     6.0706     0.1092    95.5572 1.0000e-12  -68.03024  -69.28450 338.391974      99.97 1.4279e+02   1506.566      36159  1028.4733  1028.4719    34.2588    34.2565    8.10213         29 0.0000e+00
    199.000    196.914    -0.2435  28.363224    -0.2470  28.358490     6.0305     6.0776     0.1199    95.5390 1.0000e-12  -68.03024  -69.28450 338.391990      99.97 1.4279e+02   1507.920      36191  1028.4681  1028.4665    34.2577    34.2553    8.10338         36 0.0000e+00
    198.000    195.926    -0.2413  28.364734    -0.2502  28.354598     6.0674     6.1098     0.1428    95.5238 1.0000e-12  -68.03022  -69.28450 338.392008      99.97 1.4279e+02   1509.508      36229  1028.4632  1028.4611    34.2578    34.2543    8.10290         36 0.0000e+00
