NBP2113_155081_ctd/data/unbp2113_019.cnv
* Sea-Bird SBE 9 Data File:
* FileName = D:\Data\raw\NBP2113_019.hex
* Software Version Seasave V 7.26.7.121
* Temperature SN = 2438
* Conductivity SN = 2067
* Number of Bytes Per Scan = 40
* Number of Voltage Words = 5
* Number of Scans Averaged by the Deck Unit = 1
* NMEA Latitude = 66 53.46 S
* NMEA Longitude = 068 55.21 W
* NMEA UTC (Time) = Nov 29 2021  09:39:46
* NMEA baud rate = 9600
** Ship: RVIB N.B. Palmer
** Cruise: NBP2113 LTER
** Station: 300.040
** Operator: B. Urmston
# nquan = 25
# nvalues = 673                         
# units = specified
# name 0 = prDM: Pressure, Digiquartz [db]
# name 1 = depSM: Depth [salt water, m]
# name 2 = t090C: Temperature [ITS-90, deg C]
# name 3 = c0mS/cm: Conductivity [mS/cm]
# name 4 = t190C: Temperature, 2 [ITS-90, deg C]
# name 5 = c1mS/cm: Conductivity, 2 [mS/cm]
# name 6 = sbeox0ML/L: Oxygen, SBE 43 [ml/l]
# name 7 = sbeox1ML/L: Oxygen, SBE 43, 2 [ml/l]
# name 8 = flECO-AFL: Fluorescence, WET Labs ECO-AFL/FL [mg/m^3]
# name 9 = CStarTr0: Beam Transmission, WET Labs C-Star [%]
# name 10 = par: PAR/Irradiance, Biospherical/Licor
# name 11 = latitude: Latitude [deg]
# name 12 = longitude: Longitude [deg]
# name 13 = timeJ: Julian Days
# name 14 = altM: Altimeter [m]
# name 15 = spar: SPAR, Biospherical/Licor
# name 16 = timeS: Time, Elapsed [seconds]
# name 17 = scan: Scan Count
# name 18 = density00: Density [density, kg/m^3]
# name 19 = density11: Density, 2 [density, kg/m^3]
# name 20 = sal00: Salinity, Practical [PSU]
# name 21 = sal11: Salinity, Practical, 2 [PSU]
# name 22 = oxsolML/L: Oxygen Saturation, Garcia & Gordon [ml/l]
# name 23 = nbin: number of scans per bin
# name 24 = flag: flag
# span 0 =      1.000,    673.000       
# span 1 =      0.990,    665.235       
# span 2 =    -0.9044,     1.4609       
# span 3 =  27.489965,  30.232854       
# span 4 =    -0.9188,     1.4599       
# span 5 =  27.474494,  30.231730       
# span 6 =     3.9628,     9.2420       
# span 7 =     4.0254,     9.7454       
# span 8 =    -0.0224,     1.2528       
# span 9 =    89.8677,    97.3949       
# span 10 = 1.0000e-12, 7.8826e+02      
# span 11 =  -66.89128,  -66.89106      
# span 12 =  -68.92454,  -68.92398      
# span 13 = 333.418538, 333.433263      
# span 14 =       8.35,      99.98      
# span 15 = 4.3031e+02, 5.5000e+02      
# span 16 =   1375.686,   2647.958      
# span 17 =      33017,      63552      
# span 18 =  1027.2218,  1030.9683      
# span 19 =  1027.2208,  1030.9674      
# span 20 =    33.8544,    34.7211      
# span 21 =    33.8531,    34.7200      
# span 22 =    7.73090,    8.26599      
# span 23 =         11,         47      
# span 24 = 0.0000e+00, 0.0000e+00      
# interval = decibars: 1                
# start_time = Nov 29 2021 09:39:46 [NMEA time, header]
# bad_flag = -9.990e-29
*END*
[from data line 348]
    325.000    321.519     1.4086  30.161543     1.4079  30.160040     4.0168     4.0688    -0.0083    97.0601 1.0000e-12  -66.89124  -68.92412 333.424892      99.98 4.9994e+02   1924.666      46193  1029.2958  1029.2949    34.6862    34.6851    7.74188         32 0.0000e+00
    324.000    320.530     1.4088  30.161254     1.4090  30.160733     4.0109     4.0704    -0.0055    97.0496 1.0000e-12  -66.89126  -68.92411 333.424919      99.97 5.0180e+02   1927.011      46249  1029.2910  1029.2904    34.6862    34.6854    7.74185         38 0.0000e+00
    323.000    319.544     1.4087  30.160618     1.4088  30.159997     4.0110     4.0699    -0.0067    97.0357 1.0000e-12  -66.89126  -68.92411 333.424940      99.97 5.0244e+02   1928.810      46292  1029.2862  1029.2855    34.6861    34.6852    7.74187         27 0.0000e+00
    322.000    318.553     1.4079  30.159194     1.4072  30.157927     4.0114     4.0728    -0.0065    97.0207 1.0000e-12  -66.89126  -68.92410 333.424950      99.97 5.0242e+02   1929.714      46314  1029.2813  1029.2806    34.6858    34.6849    7.74205         19 0.0000e+00
    321.000    317.565     1.4069  30.157572     1.4066  30.156500     4.0130     4.0721    -0.0063    97.0407 1.0000e-12  -66.89126  -68.92410 333.424959      99.98 5.0067e+02   1930.433      46331  1029.2764  1029.2756    34.6853    34.6843    7.74226         16 0.0000e+00
    320.000    316.578     1.4065  30.156627     1.4063  30.155507     4.0220     4.0733    -0.0072    97.0758 1.0000e-12  -66.89126  -68.92410 333.424966      99.98 5.0033e+02   1931.098      46347  1029.2716  1029.2707    34.6852    34.6840    7.74235         16 0.0000e+00
    319.000    315.587     1.4058  30.155273     1.4057  30.154402     4.0228     4.0709     0.0012    97.0604 1.0000e-12  -66.89126  -68.92410 333.424974      99.97 4.9903e+02   1931.779      46364  1029.2667  1029.2658    34.6847    34.6837    7.74251         17 0.0000e+00
    318.000    314.600     1.4052  30.154270     1.4047  30.152890     4.0188     4.0717     0.0082    97.0601 1.0000e-12  -66.89125  -68.92410 333.424984      99.97 4.9890e+02   1932.593      46383  1029.2620  1029.2611    34.6847    34.6836    7.74263         22 0.0000e+00
    317.000    313.611     1.4058  30.154488     1.4045  30.152429     4.0162     4.0737     0.0017    97.0616 1.0000e-12  -66.89124  -68.92410 333.424997      99.98 5.0010e+02   1933.744      46411  1029.2573  1029.2565    34.6849    34.6837    7.74250         34 0.0000e+00
    316.000    312.622     1.4057  30.153891     1.4051  30.152638     4.0160     4.0734     0.0067    97.0701 1.0000e-12  -66.89126  -68.92410 333.425015      99.97 5.0067e+02   1935.320      46449  1029.2527  1029.2519    34.6848    34.6839    7.74252         39 0.0000e+00
    315.000    311.634     1.4054  30.153169     1.4053  30.152347     4.0136     4.0734    -0.0029    97.0488 1.0000e-12  -66.89126  -68.92410 333.425032      99.98 5.0066e+02   1936.771      46484  1029.2479  1029.2472    34.6848    34.6839    7.74258         32 0.0000e+00
    314.000    310.646     1.4046  30.151875     1.4048  30.151578     4.0204     4.0716     0.0029    97.0421 1.0000e-12  -66.89126  -68.92410 333.425048      99.97 5.0201e+02   1938.192      46518  1029.2432  1029.2427    34.6847    34.6841    7.74275         37 0.0000e+00
    313.000    309.657     1.4040  30.150892     1.4052  30.151324     4.0171     4.0727    -0.0064    97.0647 1.0000e-12  -66.89126  -68.92410 333.425070      99.98 5.0173e+02   1940.009      46561  1029.2385  1029.2377    34.6847    34.6838    7.74288         41 0.0000e+00
    312.000    308.668     1.4020  30.148276     1.4015  30.147011     4.0165     4.0794    -0.0066    97.0727 1.0000e-12  -66.89126  -68.92410 333.425086      99.98 5.0244e+02   1941.454      46596  1029.2336  1029.2328    34.6841    34.6830    7.74329         27 0.0000e+00
    311.000    307.680     1.4000  30.145420     1.4008  30.145684     4.0292     4.0842    -0.0063    97.0490 1.0000e-12  -66.89126  -68.92410 333.425097      99.97 5.0242e+02   1942.420      46619  1029.2284  1029.2279    34.6832    34.6828    7.74373         21 0.0000e+00
    310.000    306.691     1.3940  30.138315     1.3936  30.137189     4.0257     4.0868    -0.0070    97.0765 1.0000e-12  -66.89126  -68.92410 333.425107      99.97 5.0242e+02   1943.261      46639  1029.2229  1029.2221    34.6814    34.6804    7.74501         20 0.0000e+00
    309.000    305.702     1.3914  30.134840     1.3900  30.132670     4.0339     4.0866    -0.0149    97.0717 1.0000e-12  -66.89126  -68.92410 333.425117      99.97 5.0416e+02   1944.093      46659  1029.2177  1029.2168    34.6805    34.6792    7.74558         20 0.0000e+00
    308.000    304.714     1.3892  30.132032     1.3885  30.130580     4.0304     4.0859    -0.0070    97.0768 1.0000e-12  -66.89126  -68.92409 333.425126      99.97 5.0287e+02   1944.931      46679  1029.2126  1029.2118    34.6799    34.6788    7.74604         20 0.0000e+00
    307.000    303.725     1.3890  30.131386     1.3873  30.128649     4.0345     4.0899    -0.0053    97.0858 1.0000e-12  -66.89126  -68.92408 333.425136      99.98 5.0242e+02   1945.791      46700  1029.2079  1029.2068    34.6798    34.6782    7.74608         21 0.0000e+00
    306.000    302.738     1.3874  30.128978     1.3864  30.127064     4.0346     4.0866    -0.0064    97.0858 1.0000e-12  -66.89126  -68.92408 333.425147      99.97 5.0242e+02   1946.718      46722  1029.2028  1029.2018    34.6791    34.6778    7.74643         22 0.0000e+00
    305.000    301.747     1.3860  30.127065     1.3868  30.127051     4.0240     4.0856    -0.0065    97.0858 1.0000e-12  -66.89126  -68.92408 333.425160      99.97 5.0242e+02   1947.826      46749  1029.1979  1029.1971    34.6788    34.6779    7.74673         30 0.0000e+00
    304.000    300.759     1.3888  30.129764     1.3888  30.129103     4.0271     4.0872    -0.0022    97.0929 1.0000e-12  -66.89126  -68.92408 333.425179      99.98 5.0242e+02   1949.454      46788  1029.1937  1029.1930    34.6798    34.6789    7.74613         37 0.0000e+00
    303.000    299.772     1.3887  30.129288     1.3883  30.128136     4.0273     4.0883    -0.0046    97.0912 1.0000e-12  -66.89126  -68.92408 333.425207      99.97 5.0242e+02   1951.918      46847  1029.1890  1029.1882    34.6798    34.6788    7.74614         42 0.0000e+00
    302.000    298.782     1.3867  30.126238     1.3872  30.126241     4.0297     4.0880    -0.0021    97.0857 1.0000e-12  -66.89126  -68.92408 333.425222      99.97 5.0372e+02   1953.157      46877  1029.1836  1029.1830    34.6787    34.6781    7.74659         25 0.0000e+00
    301.000    297.794     1.3843  30.123116     1.3840  30.122001     4.0325     4.0887    -0.0065    97.0977 1.0000e-12  -66.89126  -68.92408 333.425233      99.97 5.0418e+02   1954.152      46901  1029.1785  1029.1777    34.6779    34.6769    7.74711         24 0.0000e+00
    300.000    296.805     1.3802  30.117908     1.3807  30.117842     4.0346     4.0859    -0.0051    97.1104 1.0000e-12  -66.89126  -68.92408 333.425245      99.98 5.0418e+02   1955.210      46926  1029.1730  1029.1724    34.6764    34.6758    7.74799         28 0.0000e+00
    299.000    295.815     1.3807  30.118023     1.3802  30.116727     4.0243     4.0912    -0.0024    97.0823 1.0000e-12  -66.89126  -68.92407 333.425260      99.97 5.0418e+02   1956.469      46956  1029.1684  1029.1675    34.6766    34.6755    7.74789         30 0.0000e+00
    298.000    294.829     1.3822  30.119280     1.3786  30.114312     4.0248     4.0895    -0.0065    97.0844 1.0000e-12  -66.89126  -68.92406 333.425277      99.97 5.0375e+02   1957.914      46991  1029.1639  1029.1624    34.6771    34.6748    7.74757         36 0.0000e+00
    297.000    293.837     1.3793  30.115725     1.3788  30.114203     4.0313     4.0886    -0.0009    97.0873 1.0000e-12  -66.89127  -68.92406 333.425295      99.97 5.0283e+02   1959.475      47028  1029.1588  1029.1578    34.6764    34.6750    7.74817         37 0.0000e+00
    296.000    292.851     1.3839  30.120351     1.3833  30.118839     4.0327     4.0877    -0.0058    97.0996 1.0000e-12  -66.89126  -68.92406 333.425343      99.98 5.0102e+02   1963.638      47128  1029.1547  1029.1537    34.6778    34.6765    7.74720         33 0.0000e+00
    295.000    291.863     1.3799  30.115348     1.3788  30.113567     4.0351     4.0877    -0.0084    97.0957 1.0000e-12  -66.89126  -68.92407 333.425367      99.97 5.0141e+02   1965.714      47178  1029.1494  1029.1485    34.6764    34.6753    7.74806         36 0.0000e+00
    294.000    290.873     1.3794  30.114380     1.3806  30.115162     4.0395     4.0914    -0.0003    97.0761 1.0000e-12  -66.89126  -68.92405 333.425413      99.97 5.0598e+02   1969.691      47274  1029.1446  1029.1441    34.6763    34.6759    7.74817         36 0.0000e+00
    293.000    289.885     1.3755  30.109160     1.3765  30.109780     4.0433     4.0955     0.0028    97.0737 1.0000e-12  -66.89126  -68.92404 333.425433      99.98 5.0595e+02   1971.382      47314  1029.1388  1029.1385    34.6745    34.6742    7.74903         36 0.0000e+00
    292.000    288.898     1.3733  30.106295     1.3745  30.107166     4.0463     4.0941    -0.0066    97.0933 1.0000e-12  -66.89126  -68.92405 333.425477      99.98 5.0531e+02   1975.185      47405  1029.1338  1029.1334    34.6739    34.6736    7.74949         39 0.0000e+00
    291.000    287.906     1.3697  30.101703     1.3684  30.099413     4.0500     4.1007    -0.0090    97.0776 1.0000e-12  -66.89126  -68.92406 333.425557      99.98 5.0634e+02   1982.124      47572  1029.1283  1029.1273    34.6726    34.6711    7.75027         31 0.0000e+00
    290.000    286.917     1.3649  30.095807     1.3655  30.095893     4.0431     4.0984    -0.0033    97.0902 1.0000e-12  -66.89126  -68.92404 333.425730      99.98 5.0660e+02   1997.064      47931  1029.1223  1029.1218    34.6709    34.6704    7.75131         29 0.0000e+00
    289.000    285.930     1.3531  30.081947     1.3526  30.080638     4.0569     4.1123    -0.0068    97.0800 1.0000e-12  -66.89126  -68.92404 333.425906      99.97 5.1078e+02   2012.263      48295  1029.1155  1029.1147    34.6669    34.6657    7.75385         30 0.0000e+00
    288.000    284.941     1.3474  30.075101     1.3477  30.074750     4.0580     4.1112    -0.0077    97.0701 1.0000e-12  -66.89126  -68.92404 333.425931      99.98 5.1122e+02   2014.471      48348  1029.1100  1029.1094    34.6650    34.6643    7.75508         29 0.0000e+00
    287.000    283.952     1.3506  30.078147     1.3505  30.077546     4.0651     4.1163    -0.0063    97.0693 1.0000e-12  -66.89126  -68.92404 333.425950      99.97 5.1124e+02   2016.055      48386  1029.1057  1029.1051    34.6660    34.6653    7.75440         42 0.0000e+00
    286.000    282.964     1.3495  30.076656     1.3495  30.075749     4.0660     4.1230     0.0014    97.0456 1.0000e-12  -66.89126  -68.92404 333.425974      99.97 5.1088e+02   2018.190      48438  1029.1010  1029.1000    34.6658    34.6646    7.75461         37 0.0000e+00
    285.000    281.975     1.3438  30.069086     1.3427  30.067193     4.1220     4.1550    -0.0054    97.0536 1.0000e-12  -66.89126  -68.92404 333.425988      99.98 5.0942e+02   2019.383      48466  1029.0947  1029.0938    34.6631    34.6618    7.75589         23 0.0000e+00
    284.000    280.986     1.3097  30.027311     1.3123  30.029812     4.1366     4.1657    -0.0116    97.0304 1.0000e-12  -66.89126  -68.92404 333.425998      99.97 5.0947e+02   2020.260      48487  1029.0814  1029.0814    34.6480    34.6483    7.76343         21 0.0000e+00
    283.000    279.998     1.2650  29.976381     1.2612  29.970976     4.1414     4.1688    -0.0140    97.0356 1.0000e-12  -66.89126  -68.92404 333.426008      99.97 5.0947e+02   2021.130      48508  1029.0691  1029.0674    34.6329    34.6302    7.77308         21 0.0000e+00
    282.000    279.008     1.2526  29.961067     1.2465  29.953347     4.1387     4.1697    -0.0150    97.0230 1.0000e-12  -66.89124  -68.92406 333.426020      99.98 5.1110e+02   2022.118      48532  1029.0612  1029.0593    34.6277    34.6245    7.77583         27 0.0000e+00
    281.000    278.021     1.2461  29.952668     1.2439  29.949820     4.1320     4.1736    -0.0120    97.0084 1.0000e-12  -66.89124  -68.92406 333.426033      99.97 5.1317e+02   2023.221      48558  1029.0544  1029.0536    34.6247    34.6234    7.77728         25 0.0000e+00
    280.000    277.032     1.2407  29.946237     1.2408  29.945534     4.1311     4.1746    -0.0073    96.9979 1.0000e-12  -66.89126  -68.92406 333.426044      99.97 5.1479e+02   2024.205      48582  1029.0486  1029.0478    34.6230    34.6220    7.77844         22 0.0000e+00
    279.000    276.042     1.2394  29.944157     1.2383  29.942095     4.1333     4.1753    -0.0070    96.9854 1.0000e-12  -66.89126  -68.92404 333.426054      99.97 5.1500e+02   2025.089      48603  1029.0434  1029.0423    34.6223    34.6209    7.77873         22 0.0000e+00
    278.000    275.054     1.2415  29.945882     1.2385  29.942464     4.1230     4.1708    -0.0018    96.9830 1.0000e-12  -66.89126  -68.92404 333.426067      99.98 5.1478e+02   2026.222      48630  1029.0386  1029.0380    34.6228    34.6217    7.77829         33 0.0000e+00
    277.000    274.066     1.2531  29.959489     1.2548  29.961183     4.1135     4.1783    -0.0077    96.9828 1.0000e-12  -66.89126  -68.92404 333.426118      99.97 5.1165e+02   2030.603      48735  1029.0362  1029.0363    34.6279    34.6282    7.77570         22 0.0000e+00
    276.000    273.079     1.2411  29.944983     1.2436  29.947348     4.1207     4.1812    -0.0072    96.9828 1.0000e-12  -66.89126  -68.92404 333.426125      99.98 5.1123e+02   2031.164      48749  1029.0290  1029.0289    34.6232    34.6235    7.77834         14 0.0000e+00
    275.000    272.085     1.2382  29.941329     1.2375  29.939701     4.1262     4.1822    -0.0071    96.9828 1.0000e-12  -66.89126  -68.92404 333.426131      99.98 5.1124e+02   2031.717      48762  1029.0238  1029.0229    34.6223    34.6211    7.77896         13 0.0000e+00
    274.000    271.099     1.2329  29.934101     1.2328  29.933659     4.1224     4.1854    -0.0027    96.9828 1.0000e-12  -66.89126  -68.92404 333.426137      99.97 5.1124e+02   2032.242      48775  1029.0174  1029.0170    34.6195    34.6190    7.78017         12 0.0000e+00
    273.000    270.110     1.2297  29.930049     1.2285  29.928101     4.1235     4.1846     0.0002    96.9828 1.0000e-12  -66.89126  -68.92404 333.426143      99.97 5.1152e+02   2032.762      48787  1029.0120  1029.0112    34.6185    34.6173    7.78086         13 0.0000e+00
    272.000    269.121     1.2283  29.928083     1.2276  29.926555     4.1271     4.1810     0.0001    96.9656 1.0000e-12  -66.89126  -68.92404 333.426150      99.98 5.1265e+02   2033.334      48801  1029.0071  1029.0063    34.6181    34.6169    7.78116         15 0.0000e+00
    271.000    268.132     1.2283  29.927579     1.2285  29.927586     4.1384     4.1776     0.0018    96.9572 1.0000e-12  -66.89126  -68.92404 333.426158      99.98 5.1378e+02   2034.055      48818  1029.0023  1029.0021    34.6181    34.6178    7.78116         20 0.0000e+00
    270.000    267.145     1.2312  29.930464     1.2306  29.929267     4.1365     4.1777     0.0063    96.9740 1.0000e-12  -66.89126  -68.92404 333.426171      99.97 5.1536e+02   2035.173      48845  1028.9981  1028.9974    34.6191    34.6182    7.78053         28 0.0000e+00
    269.000    266.155     1.2310  29.930005     1.2306  29.929074     4.1278     4.1816    -0.0071    96.9770 1.0000e-12  -66.89126  -68.92404 333.426198      99.97 5.1651e+02   2037.492      48901  1028.9934  1028.9928    34.6193    34.6186    7.78056         42 0.0000e+00
