NBP2113_155081_ctd/data/unbp2113_017.cnv
* Sea-Bird SBE 9 Data File:
* FileName = D:\Data\raw\NBP2113_017.hex
* Software Version Seasave V 7.26.7.121
* Temperature SN = 2438
* Conductivity SN = 2067
* Number of Bytes Per Scan = 40
* Number of Voltage Words = 5
* Number of Scans Averaged by the Deck Unit = 1
* NMEA Latitude = 65 14.32 S
* NMEA Longitude = 069 47.72 W
* NMEA UTC (Time) = Nov 28 2021  09:59:52
* NMEA baud rate = 9600
** Ship: RVIB N.B. Palmer
** Cruise: NBP2113 LTER
** Station: 400.200
** Operator: B. Urmston
# nquan = 25
# nvalues = 2755                        
# units = specified
# name 0 = prDM: Pressure, Digiquartz [db]
# name 1 = depSM: Depth [salt water, m]
# name 2 = t090C: Temperature [ITS-90, deg C]
# name 3 = c0mS/cm: Conductivity [mS/cm]
# name 4 = t190C: Temperature, 2 [ITS-90, deg C]
# name 5 = c1mS/cm: Conductivity, 2 [mS/cm]
# name 6 = sbeox0ML/L: Oxygen, SBE 43 [ml/l]
# name 7 = sbeox1ML/L: Oxygen, SBE 43, 2 [ml/l]
# name 8 = flECO-AFL: Fluorescence, WET Labs ECO-AFL/FL [mg/m^3]
# name 9 = CStarTr0: Beam Transmission, WET Labs C-Star [%]
# name 10 = par: PAR/Irradiance, Biospherical/Licor
# name 11 = latitude: Latitude [deg]
# name 12 = longitude: Longitude [deg]
# name 13 = timeJ: Julian Days
# name 14 = altM: Altimeter [m]
# name 15 = spar: SPAR, Biospherical/Licor
# name 16 = timeS: Time, Elapsed [seconds]
# name 17 = scan: Scan Count
# name 18 = density00: Density [density, kg/m^3]
# name 19 = density11: Density, 2 [density, kg/m^3]
# name 20 = sal00: Salinity, Practical [PSU]
# name 21 = sal11: Salinity, Practical, 2 [PSU]
# name 22 = oxsolML/L: Oxygen Saturation, Garcia & Gordon [ml/l]
# name 23 = nbin: number of scans per bin
# name 24 = flag: flag
# span 0 =      1.000,   2755.000       
# span 1 =      0.992,   2710.199       
# span 2 =    -0.8803,     2.0064       
# span 3 =  27.599174,  30.670061       
# span 4 =    -0.8797,     2.0062       
# span 5 =  27.597203,  30.669171       
# span 6 =     3.8706,     9.4211       
# span 7 =     3.9241,    10.0093       
# span 8 =    -0.0226,     7.4342       
# span 9 =    87.3419,    97.9842       
# span 10 = 1.0000e-12, 1.0000e-12      
# span 11 =  -65.23756,  -65.23662      
# span 12 =  -69.79936,  -69.79792      
# span 13 = 332.462639, 332.506389      
# span 14 =       1.07,     100.66      
# span 15 = 2.6267e+02, 6.5233e+02      
# span 16 =   3979.995,   7760.045      
# span 17 =      95521,     186242      
# span 18 =  1027.3210,  1040.5463      
# span 19 =  1027.3201,  1040.5457      
# span 20 =    33.9856,    34.7281      
# span 21 =    33.9845,    34.7276      
# span 22 =    7.62748,    8.25370      
# span 23 =         11,         48      
# span 24 = 0.0000e+00, 0.0000e+00      
# interval = decibars: 1                
# start_time = Nov 28 2021 09:59:52 [NMEA time, header]
# bad_flag = -9.990e-29
*END*
[from data line 2261]
    494.000    488.564     1.8579  30.649619     1.8571  30.648556     4.0340     4.0919    -0.0140    97.9218 1.0000e-12  -65.23694  -69.79856 332.495027      99.97 3.3244e+02   6778.317     162681  1030.0693  1030.0690    34.7134    34.7128    7.65297         21 0.0000e+00
    493.000    487.578     1.8575  30.648714     1.8556  30.646795     4.0451     4.0925    -0.0109    97.9176 1.0000e-12  -65.23694  -69.79856 332.495046      99.98 3.3078e+02   6780.001     162721  1030.0646  1030.0645    34.7131    34.7129    7.65304         30 0.0000e+00
    492.000    486.591     1.8558  30.647045     1.8555  30.646208     4.0426     4.0969    -0.0185    97.9258 1.0000e-12  -65.23694  -69.79858 332.495075      99.98 3.2946e+02   6782.521     162781  1030.0604  1030.0599    34.7135    34.7128    7.65336         30 0.0000e+00
    491.000    485.604     1.8574  30.647942     1.8570  30.647112     4.0441     4.0953    -0.0146    97.9097 1.0000e-12  -65.23694  -69.79860 332.495085      99.97 3.2789e+02   6783.384     162802  1030.0554  1030.0550    34.7134    34.7128    7.65305         19 0.0000e+00
    490.000    484.614     1.8615  30.651155     1.8614  30.650554     4.0435     4.0947    -0.0072    97.9098 1.0000e-12  -65.23694  -69.79860 332.495094      99.98 3.2790e+02   6784.086     162819  1030.0504  1030.0499    34.7135    34.7129    7.65226         15 0.0000e+00
    489.000    483.627     1.8692  30.657236     1.8677  30.655573     4.0397     4.0993    -0.0132    97.9098 1.0000e-12  -65.23694  -69.79860 332.495101      99.98 3.2622e+02   6784.719     162834  1030.0448  1030.0445    34.7134    34.7128    7.65079         15 0.0000e+00
    488.000    482.638     1.8702  30.657619     1.8697  30.656734     4.0394     4.1019    -0.0136    97.9098 1.0000e-12  -65.23694  -69.79860 332.495108      99.98 3.2613e+02   6785.349     162849  1030.0399  1030.0395    34.7133    34.7127    7.65060         16 0.0000e+00
    487.000    481.650     1.8706  30.657607     1.8698  30.656452     4.0404     4.1000    -0.0064    97.9098 1.0000e-12  -65.23692  -69.79862 332.495117      99.98 3.2613e+02   6786.092     162867  1030.0354  1030.0350    34.7134    34.7128    7.65052         20 0.0000e+00
    486.000    480.663     1.8698  30.656298     1.8672  30.653631     4.0411     4.0968    -0.0129    97.9131 1.0000e-12  -65.23692  -69.79860 332.495129      99.97 3.2603e+02   6787.138     162892  1030.0307  1030.0305    34.7132    34.7127    7.65069         32 0.0000e+00
    485.000    479.675     1.8686  30.654759     1.8684  30.654294     4.0437     4.0931    -0.0071    97.9252 1.0000e-12  -65.23692  -69.79860 332.495152      99.98 3.2444e+02   6789.155     162941  1030.0262  1030.0259    34.7132    34.7128    7.65092         43 0.0000e+00
    484.000    478.688     1.8684  30.654310     1.8683  30.653662     4.0379     4.0951    -0.0009    97.9206 1.0000e-12  -65.23692  -69.79860 332.495175      99.98 3.2261e+02   6791.129     162988  1030.0217  1030.0212    34.7133    34.7126    7.65094         33 0.0000e+00
    483.000    477.700     1.8693  30.654467     1.8687  30.653483     4.0388     4.0985    -0.0041    97.9132 1.0000e-12  -65.23692  -69.79862 332.495188      99.98 3.2114e+02   6792.246     163015  1030.0169  1030.0164    34.7131    34.7126    7.65079         22 0.0000e+00
    482.000    476.711     1.8735  30.657755     1.8734  30.657364     4.0378     4.0990    -0.0069    97.9358 1.0000e-12  -65.23692  -69.79862 332.495198      99.98 3.2084e+02   6793.070     163035  1030.0117  1030.0114    34.7132    34.7128    7.64997         18 0.0000e+00
    481.000    475.725     1.8791  30.661867     1.8779  30.660469     4.0425     4.0971    -0.0060    97.9356 1.0000e-12  -65.23692  -69.79863 332.495206      99.98 3.2074e+02   6793.788     163052  1030.0061  1030.0059    34.7128    34.7123    7.64891         17 0.0000e+00
    480.000    474.736     1.8804  30.662382     1.8796  30.661356     4.0449     4.0955    -0.0119    97.9356 1.0000e-12  -65.23692  -69.79864 332.495214      99.97 3.1932e+02   6794.485     163069  1030.0012  1030.0009    34.7126    34.7122    7.64868         17 0.0000e+00
    479.000    473.748     1.8810  30.662580     1.8803  30.661360     4.0435     4.0955    -0.0145    97.9258 1.0000e-12  -65.23692  -69.79864 332.495222      99.98 3.1909e+02   6795.209     163086  1029.9966  1029.9961    34.7127    34.7120    7.64854         18 0.0000e+00
    478.000    472.759     1.8813  30.662263     1.8807  30.661286     4.0421     4.0948    -0.0147    97.9148 1.0000e-12  -65.23690  -69.79864 332.495232      99.98 3.1908e+02   6796.041     163106  1029.9918  1029.9914    34.7125    34.7120    7.64849         22 0.0000e+00
    477.000    471.773     1.8803  30.660873     1.8796  30.659931     4.0441     4.0954     0.0067    97.9297 1.0000e-12  -65.23690  -69.79864 332.495245      99.98 3.1788e+02   6797.194     163134  1029.9872  1029.9870    34.7125    34.7121    7.64870         35 0.0000e+00
    476.000    470.785     1.8805  30.660655     1.8806  30.660283     4.0452     4.0982    -0.0096    97.9265 1.0000e-12  -65.23690  -69.79864 332.495266      99.98 3.1730e+02   6799.019     163177  1029.9827  1029.9822    34.7126    34.7120    7.64866         43 0.0000e+00
    475.000    469.796     1.8801  30.659881     1.8795  30.658789     4.0386     4.0964    -0.0069    97.9141 1.0000e-12  -65.23690  -69.79865 332.495289      99.98 3.1732e+02   6801.010     163225  1029.9781  1029.9776    34.7126    34.7119    7.64873         36 0.0000e+00
    474.000    468.809     1.8817  30.660791     1.8822  30.660582     4.0373     4.0913    -0.0054    97.9158 1.0000e-12  -65.23690  -69.79866 332.495305      99.98 3.1732e+02   6802.381     163258  1029.9732  1029.9725    34.7125    34.7117    7.64842         26 0.0000e+00
    473.000    467.820     1.8869  30.664456     1.8844  30.662016     4.0423     4.0863    -0.0062    97.9173 1.0000e-12  -65.23690  -69.79866 332.495318      99.97 3.1732e+02   6803.439     163284  1029.9676  1029.9676    34.7120    34.7117    7.64745         24 0.0000e+00
    472.000    466.832     1.8895  30.666050     1.8891  30.665302     4.0417     4.0886    -0.0066    97.9217 1.0000e-12  -65.23690  -69.79866 332.495330      99.98 3.1732e+02   6804.503     163309  1029.9624  1029.9620    34.7117    34.7112    7.64696         28 0.0000e+00
    471.000    465.845     1.8908  30.666693     1.8898  30.665262     4.0343     4.0858    -0.0051    97.9181 1.0000e-12  -65.23690  -69.79866 332.495344      99.98 3.1732e+02   6805.762     163339  1029.9576  1029.9571    34.7116    34.7110    7.64671         31 0.0000e+00
    470.000    464.858     1.8917  30.666867     1.8904  30.665379     4.0275     4.0860    -0.0061    97.9338 1.0000e-12  -65.23689  -69.79867 332.495358      99.98 3.1732e+02   6806.951     163368  1029.9527  1029.9525    34.7115    34.7110    7.64655         23 0.0000e+00
    469.000    463.869     1.8929  30.667436     1.8905  30.664941     4.0285     4.0856    -0.0065    97.9357 1.0000e-12  -65.23688  -69.79868 332.495368      99.98 3.1732e+02   6807.802     163388  1029.9479  1029.9477    34.7114    34.7109    7.64632         18 0.0000e+00
    468.000    462.882     1.8942  30.667844     1.8934  30.666692     4.0300     4.0899    -0.0082    97.9307 1.0000e-12  -65.23688  -69.79868 332.495376      99.97 3.1869e+02   6808.490     163405  1029.9429  1029.9425    34.7111    34.7106    7.64610         16 0.0000e+00
    467.000    461.892     1.8942  30.667210     1.8939  30.666536     4.0333     4.0896    -0.0140    97.9213 1.0000e-12  -65.23688  -69.79868 332.495383      99.98 3.1907e+02   6809.132     163420  1029.9380  1029.9377    34.7109    34.7104    7.64611         16 0.0000e+00
    466.000    460.903     1.8941  30.666651     1.8936  30.665857     4.0399     4.0854    -0.0090    97.9233 1.0000e-12  -65.23688  -69.79869 332.495392      99.97 3.1908e+02   6809.853     163437  1029.9333  1029.9330    34.7108    34.7103    7.64612         19 0.0000e+00
    465.000    459.918     1.8934  30.665711     1.8925  30.664552     4.0383     4.0874    -0.0109    97.9136 1.0000e-12  -65.23687  -69.79870 332.495420      99.98 3.1852e+02   6812.308     163496  1029.9290  1029.9286    34.7110    34.7105    7.64626         32 0.0000e+00
    464.000    458.929     1.8932  30.665106     1.8927  30.664184     4.0314     4.0871    -0.0147    97.9176 1.0000e-12  -65.23686  -69.79870 332.495450      99.98 3.1891e+02   6814.846     163557  1029.9243  1029.9239    34.7110    34.7104    7.64629         20 0.0000e+00
    463.000    457.941     1.8938  30.665027     1.8932  30.664173     4.0309     4.0874    -0.0211    97.9295 1.0000e-12  -65.23686  -69.79870 332.495458      99.98 3.1763e+02   6815.583     163575  1029.9195  1029.9192    34.7108    34.7104    7.64619         17 0.0000e+00
    462.000    456.953     1.8945  30.665143     1.8938  30.664222     4.0280     4.0868    -0.0147    97.9339 1.0000e-12  -65.23686  -69.79870 332.495466      99.98 3.1732e+02   6816.263     163591  1029.9147  1029.9144    34.7107    34.7104    7.64605         16 0.0000e+00
    461.000    455.965     1.8961  30.665845     1.8956  30.665044     4.0301     4.0844    -0.0044    97.9249 1.0000e-12  -65.23686  -69.79870 332.495474      99.98 3.1732e+02   6816.991     163609  1029.9097  1029.9093    34.7105    34.7100    7.64577         19 0.0000e+00
    460.000    454.976     1.8971  30.666258     1.8969  30.665574     4.0301     4.0853    -0.0070    97.9081 1.0000e-12  -65.23686  -69.79870 332.495484      99.97 3.1732e+02   6817.849     163629  1029.9049  1029.9044    34.7104    34.7098    7.64557         23 0.0000e+00
    459.000    453.990     1.8980  30.666308     1.8960  30.664459     4.0360     4.0856    -0.0061    97.9183 1.0000e-12  -65.23686  -69.79871 332.495497      99.98 3.1732e+02   6818.908     163655  1029.8998  1029.8999    34.7101    34.7099    7.64542         27 0.0000e+00
    458.000    453.001     1.9002  30.667793     1.8983  30.665719     4.0370     4.0851     0.0106    97.8934 1.0000e-12  -65.23686  -69.79872 332.495511      99.98 3.1732e+02   6820.115     163684  1029.8949  1029.8947    34.7101    34.7096    7.64499         31 0.0000e+00
    457.000    452.013     1.9001  30.667312     1.8993  30.665991     4.0340     4.0835    -0.0084    97.9118 1.0000e-12  -65.23686  -69.79873 332.495527      99.98 3.1557e+02   6821.568     163719  1029.8903  1029.8898    34.7102    34.7094    7.64501         38 0.0000e+00
    456.000    451.026     1.8991  30.666031     1.9007  30.666793     4.0206     4.0839    -0.0137    97.9239 1.0000e-12  -65.23684  -69.79874 332.495549      99.98 3.1556e+02   6823.420     163763  1029.8858  1029.8850    34.7102    34.7095    7.64519         34 0.0000e+00
    455.000    450.038     1.9024  30.668000     1.9020  30.667170     4.0186     4.0819    -0.0051    97.9162 1.0000e-12  -65.23684  -69.79874 332.495563      99.97 3.1556e+02   6824.638     163792  1029.8804  1029.8800    34.7096    34.7091    7.64459         23 0.0000e+00
    454.000    449.048     1.9032  30.668151     1.9013  30.666333     4.0204     4.0817    -0.0148    97.9241 1.0000e-12  -65.23684  -69.79874 332.495573      99.97 3.1556e+02   6825.494     163813  1029.8755  1029.8755    34.7095    34.7093    7.64444         20 0.0000e+00
    453.000    448.062     1.9043  30.668642     1.9037  30.667706     4.0324     4.0814    -0.0079    97.9330 1.0000e-12  -65.23684  -69.79872 332.495583      99.98 3.1556e+02   6826.335     163833  1029.8707  1029.8704    34.7095    34.7090    7.64423         22 0.0000e+00
    452.000    447.074     1.9028  30.666892     1.9029  30.666419     4.0308     4.0813    -0.0058    97.9304 1.0000e-12  -65.23684  -69.79872 332.495596      99.98 3.1556e+02   6827.493     163861  1029.8663  1029.8657    34.7095    34.7088    7.64452         34 0.0000e+00
    451.000    446.085     1.9036  30.667045     1.9026  30.665735     4.0210     4.0798    -0.0057    97.9351 1.0000e-12  -65.23684  -69.79874 332.495615      99.98 3.1556e+02   6829.165     163901  1029.8615  1029.8612    34.7094    34.7089    7.64437         37 0.0000e+00
    450.000    445.096     1.9037  30.666772     1.9028  30.665682     4.0295     4.0784    -0.0043    97.9259 1.0000e-12  -65.23684  -69.79876 332.495629      99.98 3.1556e+02   6830.358     163930  1029.8568  1029.8566    34.7094    34.7091    7.64434         24 0.0000e+00
    449.000    444.110     1.9055  30.667632     1.9049  30.666713     4.0225     4.0784    -0.0070    97.9292 1.0000e-12  -65.23684  -69.79876 332.495640      99.98 3.1582e+02   6831.274     163952  1029.8517  1029.8514    34.7091    34.7086    7.64401         20 0.0000e+00
    448.000    443.121     1.9066  30.667872     1.9054  30.666558     4.0251     4.0794    -0.0061    97.9221 1.0000e-12  -65.23684  -69.79876 332.495650      99.97 3.1725e+02   6832.173     163973  1029.8467  1029.8466    34.7088    34.7085    7.64383         23 0.0000e+00
    447.000    442.132     1.9067  30.667441     1.9052  30.665867     4.0266     4.0770    -0.0121    97.9101 1.0000e-12  -65.23682  -69.79876 332.495664      99.98 3.1732e+02   6833.341     164001  1029.8420  1029.8419    34.7088    34.7084    7.64382         29 0.0000e+00
    446.000    441.144     1.9060  30.666554     1.9055  30.665645     4.0213     4.0756     0.0074    97.9281 1.0000e-12  -65.23682  -69.79876 332.495685      99.98 3.1751e+02   6835.217     164046  1029.8376  1029.8372    34.7090    34.7084    7.64394         37 0.0000e+00
    445.000    440.157     1.9061  30.666092     1.9068  30.666053     4.0090     4.0708    -0.0053    97.9203 1.0000e-12  -65.23682  -69.79876 332.495700      99.98 3.1913e+02   6836.519     164077  1029.8328  1029.8320    34.7088    34.7080    7.64392         24 0.0000e+00
    444.000    439.171     1.9092  30.667956     1.9083  30.666744     4.0133     4.0714    -0.0056    97.9131 1.0000e-12  -65.23682  -69.79876 332.495710      99.98 3.1908e+02   6837.347     164097  1029.8274  1029.8270    34.7083    34.7077    7.64335         17 0.0000e+00
    443.000    438.180     1.9115  30.668995     1.9107  30.667945     4.0163     4.0734    -0.0033    97.9099 1.0000e-12  -65.23682  -69.79876 332.495718      99.98 3.1908e+02   6838.048     164114  1029.8220  1029.8217    34.7077    34.7073    7.64294         18 0.0000e+00
    442.000    437.192     1.9126  30.669334     1.9117  30.668283     4.0177     4.0658     0.0031    97.9098 1.0000e-12  -65.23682  -69.79877 332.495727      99.98 3.1908e+02   6838.797     164132  1029.8170  1029.8168    34.7075    34.7071    7.64274         19 0.0000e+00
    441.000    436.204     1.9116  30.668059     1.9109  30.667197     4.0162     4.0663    -0.0106    97.9098 1.0000e-12  -65.23681  -69.79878 332.495739      99.97 3.1898e+02   6839.884     164158  1029.8126  1029.8123    34.7075    34.7072    7.64293         34 0.0000e+00
    440.000    435.218     1.9121  30.668026     1.9126  30.667949     4.0136     4.0683    -0.0057    97.9058 1.0000e-12  -65.23680  -69.79880 332.495765      99.98 3.1735e+02   6842.133     164212  1029.8078  1029.8073    34.7075    34.7069    7.64284         38 0.0000e+00
    439.000    434.228     1.9117  30.667318     1.9123  30.667212     4.0147     4.0681     0.0015    97.9266 1.0000e-12  -65.23680  -69.79880 332.495781      99.98 3.1732e+02   6843.519     164245  1029.8033  1029.8027    34.7076    34.7069    7.64290         25 0.0000e+00
    438.000    433.242     1.9138  30.668506     1.9135  30.667940     4.0136     4.0662     0.0092    97.9121 1.0000e-12  -65.23680  -69.79880 332.495793      99.97 3.1732e+02   6844.497     164269  1029.7983  1029.7980    34.7074    34.7070    7.64252         23 0.0000e+00
