NBP2113_155081_ctd/data/unbp2113_058.cnv
* Sea-Bird SBE 9 Data File:
* FileName = D:\Data\raw\NBP2113_058.hex
* Software Version Seasave V 7.26.7.121
* Temperature SN = 2438
* Conductivity SN = 2067
* Number of Bytes Per Scan = 40
* Number of Voltage Words = 5
* Number of Scans Averaged by the Deck Unit = 1
* NMEA Latitude = 64 56.50 S
* NMEA Longitude = 064 28.63 W
* NMEA UTC (Time) = Dec 12 2021  02:31:22
* NMEA baud rate = 9600
** Ship: RVIB N.B. Palmer
** Cruise: NBP2113 LTER
** Station: 597.042
** Operator: S. Blackman
# nquan = 25
# nvalues = 1147                        
# units = specified
# name 0 = prDM: Pressure, Digiquartz [db]
# name 1 = depSM: Depth [salt water, m]
# name 2 = t090C: Temperature [ITS-90, deg C]
# name 3 = c0mS/cm: Conductivity [mS/cm]
# name 4 = t190C: Temperature, 2 [ITS-90, deg C]
# name 5 = c1mS/cm: Conductivity, 2 [mS/cm]
# name 6 = sbeox0ML/L: Oxygen, SBE 43 [ml/l]
# name 7 = sbeox1ML/L: Oxygen, SBE 43, 2 [ml/l]
# name 8 = flECO-AFL: Fluorescence, WET Labs ECO-AFL/FL [mg/m^3]
# name 9 = CStarTr0: Beam Transmission, WET Labs C-Star [%]
# name 10 = par: PAR/Irradiance, Biospherical/Licor
# name 11 = latitude: Latitude [deg]
# name 12 = longitude: Longitude [deg]
# name 13 = timeJ: Julian Days
# name 14 = altM: Altimeter [m]
# name 15 = spar: SPAR, Biospherical/Licor
# name 16 = timeS: Time, Elapsed [seconds]
# name 17 = scan: Scan Count
# name 18 = density00: Density [density, kg/m^3]
# name 19 = density11: Density, 2 [density, kg/m^3]
# name 20 = sal00: Salinity, Practical [PSU]
# name 21 = sal11: Salinity, Practical, 2 [PSU]
# name 22 = oxsolML/L: Oxygen Saturation, Garcia & Gordon [ml/l]
# name 23 = nbin: number of scans per bin
# name 24 = flag: flag
# span 0 =      1.000,   1147.000       
# span 1 =      0.991,   1132.636       
# span 2 =    -0.6550,     1.4843       
# span 3 =  27.430063,  30.581994       
# span 4 =    -0.6556,     1.4841       
# span 5 =  27.427957,  30.580794       
# span 6 =     4.0402,     9.6974       
# span 7 =     4.1007,     9.9460       
# span 8 =    -0.0227,     2.2246       
# span 9 =    80.8283,    91.2146       
# span 10 = 1.0000e-12, 2.0261e+00      
# span 11 =  -64.94192,  -64.94178      
# span 12 =  -64.47760,  -64.47527      
# span 13 = 346.128592, 346.147547      
# span 14 =       9.33,     100.89      
# span 15 = 0.0000e+00, 0.0000e+00      
# span 16 =   2028.356,   3666.074      
# span 17 =      48682,      87987      
# span 18 =  1026.9999,  1033.1044      
# span 19 =  1026.9982,  1033.1034      
# span 20 =    33.5870,    34.6773      
# span 21 =    33.5848,    34.6759      
# span 22 =    7.72750,    8.23053      
# span 23 =         12,         48      
# span 24 = 0.0000e+00, 0.0000e+00      
# interval = decibars: 1                
# start_time = Dec 12 2021 02:31:22 [NMEA time, header]
# bad_flag = -9.990e-29
*END*
[from data line 1102]
     45.000     44.554    -0.2566  28.187766    -0.2512  28.192979     6.2828     6.2444     0.3447    90.0764 1.0000e-12  -64.94180  -64.47756 346.145944      99.97 0.0000e+00   3527.586      84663  1027.6346  1027.6351    34.1320    34.1330    8.11333         34 0.0000e+00
     44.000     43.565    -0.2741  28.166699    -0.2664  28.173899     6.4666     6.3680     0.3182    90.0569 1.0000e-12  -64.94180  -64.47756 346.145958      99.97 0.0000e+00   3528.790      84692  1027.6246  1027.6248    34.1242    34.1251    8.11752         26 0.0000e+00
     43.000     42.573    -0.3204  28.116764    -0.3000  28.138940     6.5539     6.4258     0.2801    90.0428 1.0000e-12  -64.94180  -64.47756 346.145970      99.97 0.0000e+00   3529.785      84716  1027.6115  1027.6157    34.1100    34.1167    8.12821         23 0.0000e+00
     42.000     41.584    -0.3628  28.060115    -0.3562  28.067921     6.4979     6.4229     0.3089    89.9714 1.0000e-12  -64.94180  -64.47756 346.145982      99.97 0.0000e+00   3530.855      84742  1027.5872  1027.5894    34.0823    34.0853    8.13885         30 0.0000e+00
     41.000     40.595    -0.3321  28.094433    -0.3478  28.074847     6.3585     6.4367     0.3470    89.8510 1.0000e-12  -64.94180  -64.47755 346.146011      99.97 0.0000e+00   3533.311      84800  1027.5892  1027.5835    34.0944    34.0858    8.13160         37 0.0000e+00
     40.000     39.605    -0.3252  28.104586    -0.3365  28.089835     6.5563     6.5253     0.3660    89.9006 1.0000e-12  -64.94180  -64.47754 346.146040      99.97 0.0000e+00   3535.888      84862  1027.5887  1027.5836    34.1009    34.0938    8.12975         28 0.0000e+00
     39.000     38.614    -0.3760  28.038451    -0.3791  28.033000     6.6433     6.5612     0.3463    89.8482 1.0000e-12  -64.94180  -64.47755 346.146054      99.97 0.0000e+00   3537.043      84890  1027.5623  1027.5594    34.0699    34.0661    8.14239         28 0.0000e+00
     38.000     37.624    -0.4075  27.996968    -0.4002  28.003483     6.6111     6.5640     0.4122    89.6735 1.0000e-12  -64.94180  -64.47755 346.146071      99.97 0.0000e+00   3538.547      84926  1027.5435  1027.5434    34.0503    34.0508    8.15027         35 0.0000e+00
     37.000     36.634    -0.3980  28.006943    -0.3960  28.008650     6.5977     6.6002     0.4317    89.5941 1.0000e-12  -64.94180  -64.47754 346.146102      99.97 0.0000e+00   3541.251      84991  1027.5399  1027.5398    34.0536    34.0536    8.14803         38 0.0000e+00
     36.000     35.644    -0.4278  27.970127    -0.4195  27.978448     6.6194     6.6154     0.4546    89.6183 1.0000e-12  -64.94181  -64.47754 346.146120      99.97 0.0000e+00   3542.742      85027  1027.5246  1027.5255    34.0382    34.0402    8.15531         31 0.0000e+00
     35.000     34.655    -0.4379  27.953855    -0.4295  27.963534     6.6043     6.6183     0.4751    89.5489 1.0000e-12  -64.94182  -64.47754 346.146136      99.97 0.0000e+00   3544.187      85061  1027.5122  1027.5145    34.0284    34.0319    8.15806         33 0.0000e+00
     34.000     33.662    -0.4398  27.949491    -0.4329  27.960493     6.6127     6.6470     0.5319    89.4925 1.0000e-12  -64.94180  -64.47754 346.146171      99.97 0.0000e+00   3547.159      85133  1027.5043  1027.5097    34.0253    34.0324    8.15864         40 0.0000e+00
     33.000     32.674    -0.4451  27.938542    -0.4424  27.941770     6.6340     6.6587     0.5176    89.4653 1.0000e-12  -64.94180  -64.47754 346.146195      99.97 0.0000e+00   3549.263      85183  1027.4930  1027.4940    34.0171    34.0184    8.16024         40 0.0000e+00
     32.000     31.685    -0.4455  27.936425    -0.4444  27.938480     6.6350     6.6677     0.5139    89.4458 1.0000e-12  -64.94180  -64.47754 346.146232      99.97 0.0000e+00   3552.468      85260  1027.4864  1027.4877    34.0154    34.0169    8.16043         29 0.0000e+00
     31.000     30.693    -0.4472  27.932254    -0.4433  27.937624     6.6647     6.6955     0.5073    89.4524 1.0000e-12  -64.94180  -64.47753 346.146276      99.97 0.0000e+00   3556.222      85350  1027.4790  1027.4811    34.0123    34.0151    8.16097         40 0.0000e+00
     30.000     29.705    -0.4481  27.929082    -0.4453  27.933173     6.7149     6.7174     0.5393    89.4389 1.0000e-12  -64.94181  -64.47752 346.146329      77.38 0.0000e+00   3560.816      85461  1027.4718  1027.4738    34.0096    34.0120    8.16132         27 0.0000e+00
     29.000     28.714    -0.4596  27.906651    -0.4513  27.921559     6.8694     6.7701     0.5353    89.3986 1.0000e-12  -64.94181  -64.47753 346.146363     100.78 0.0000e+00   3563.756      85531  1027.4544  1027.4626    33.9931    34.0038    8.16476         41 0.0000e+00
     28.000     27.725    -0.4758  27.878252    -0.4647  27.896439     6.8149     6.7986     0.6474    89.0335 1.0000e-12  -64.94180  -64.47752 346.146402      99.97 0.0000e+00   3567.138      85612  1027.4349  1027.4439    33.9737    33.9857    8.16936         16 0.0000e+00
     27.000     26.734    -0.4840  27.866346    -0.4714  27.883492     6.8966     6.8248     0.7418    88.7469 1.0000e-12  -64.94180  -64.47750 346.146459      99.97 0.0000e+00   3572.034      85730  1027.4255  1027.4321    33.9674    33.9764    8.17147         24 0.0000e+00
     26.000     25.743    -0.4908  27.857504    -0.4640  27.897020     6.9748     6.8677     0.7544    88.3786 3.5317e-04  -64.94182  -64.47750 346.146498      99.96 0.0000e+00   3575.383      85810  1027.4176  1027.4348    33.9638    33.9868    8.17315         29 0.0000e+00
     25.000     24.754    -0.5273  27.797852    -0.4958  27.850664     7.4407     7.2978     0.7533    88.3699 4.1160e-03  -64.94180  -64.47751 346.146547      99.97 0.0000e+00   3579.702      85914  1027.3839  1027.4111    33.9251    33.9608    8.18325         32 0.0000e+00
     24.000     23.763    -0.5898  27.702142    -0.5919  27.697923     7.4690     7.3693     0.8254    87.9550 6.4674e-03  -64.94180  -64.47750 346.146560      99.97 0.0000e+00   3580.756      85939  1027.3367  1027.3345    33.8669    33.8635    8.20015         29 0.0000e+00
     23.000     22.771    -0.6200  27.647518    -0.6230  27.641948     7.4032     7.4267     0.9918    87.3963 1.4701e-02  -64.94182  -64.47744 346.146923      99.96 0.0000e+00   3612.124      86692  1027.2995  1027.2966    33.8277    33.8235    8.20896         24 0.0000e+00
     22.000     21.781    -0.6217  27.643167    -0.6220  27.642846     7.4244     7.4601     1.1472    87.2669 1.6086e-02  -64.94182  -64.47743 346.147027      99.97 0.0000e+00   3621.092      86907  1027.2915  1027.2915    33.8244    33.8243    8.20953         31 0.0000e+00
     21.000     20.795    -0.6244  27.641443    -0.6281  27.635016     7.7694     7.7020     1.1300    87.2971 2.1454e-02  -64.94182  -64.47738 346.147075      99.97 0.0000e+00   3625.283      87008  1027.2877  1027.2844    33.8256    33.8211    8.21003         27 0.0000e+00
     20.000     19.803    -0.6271  27.633935    -0.6284  27.627505     8.0312     7.8456     1.0652    87.2372 3.6336e-02  -64.94182  -64.47738 346.147083      99.97 0.0000e+00   3625.990      87025  1027.2778  1027.2720    33.8192    33.8119    8.21100         20 0.0000e+00
     19.000     18.811    -0.6244  27.580885    -0.6272  27.584264     8.1196     7.9070     1.0046    86.9985 4.8684e-02  -64.94182  -64.47739 346.147092      99.97 0.0000e+00   3626.754      87043  1027.2131  1027.2195    33.7452    33.7529    8.21470         18 0.0000e+00
     18.000     17.823    -0.6324  27.529530    -0.6334  27.523769     8.0992     7.9338     1.1295    86.1693 6.1976e-02  -64.94182  -64.47740 346.147102      99.97 0.0000e+00   3627.589      87063  1027.1604  1027.1553    33.6855    33.6789    8.21988         22 0.0000e+00
     17.000     16.833    -0.6354  27.515701    -0.6345  27.520736     8.0089     7.9518     1.3518    84.3424 7.3965e-02  -64.94182  -64.47739 346.147117      99.96 0.0000e+00   3628.877      87094  1027.1438  1027.1485    33.6709    33.6766    8.22140         38 0.0000e+00
     16.000     15.842    -0.6308  27.538055    -0.6328  27.520230     8.0617     8.0166     1.3891    84.0697 8.1707e-02  -64.94182  -64.47738 346.147146      99.96 0.0000e+00   3631.452      87156  1027.1593  1027.1419    33.6964    33.6747    8.21890         37 0.0000e+00
     15.000     14.853    -0.6404  27.483946    -0.6372  27.497874     8.1377     8.0680     1.5567    84.4345 1.0221e-01  -64.94182  -64.47738 346.147162      99.97 0.0000e+00   3632.804      87188  1027.1057  1027.1175    33.6348    33.6500    8.22458         25 0.0000e+00
     14.000     13.862    -0.6437  27.477811    -0.6430  27.481850     8.1677     8.0756     1.5415    84.0282 1.2122e-01  -64.94182  -64.47738 346.147174      99.97 0.0000e+00   3633.796      87212  1027.0976  1027.1013    33.6308    33.6355    8.22552         25 0.0000e+00
     13.000     12.872    -0.6502  27.451222    -0.6496  27.453006     8.1306     8.0699     1.7610    82.2288 1.4386e-01  -64.94182  -64.47738 346.147187      99.96 0.0000e+00   3634.972      87240  1027.0706  1027.0718    33.6028    33.6045    8.22857         34 0.0000e+00
     12.000     11.882    -0.6511  27.448095    -0.6461  27.468479     8.1140     8.0927     1.8795    81.8760 1.7916e-01  -64.94182  -64.47737 346.147210      99.97 0.0000e+00   3636.979      87288  1027.0635  1027.0809    33.6002    33.6222    8.22891         37 0.0000e+00
     11.000     10.891    -0.6508  27.446787    -0.6493  27.454339     8.0657     8.1154     1.7960    82.8275 2.2630e-01  -64.94182  -64.47736 346.147236      99.97 0.0000e+00   3639.234      87343  1027.0573  1027.0641    33.5987    33.6072    8.22892         36 0.0000e+00
     10.000      9.901    -0.6479  27.459793    -0.6509  27.446896     8.0640     8.1323     1.8520    81.9900 2.7779e-01  -64.94182  -64.47738 346.147254      99.97 0.0000e+00   3640.734      87379  1027.0644  1027.0533    33.6136    33.5996    8.22743         33 0.0000e+00
      9.000      8.913    -0.6509  27.445628    -0.6525  27.439624     8.0348     8.1107     2.0202    81.1435 3.1907e-01  -64.94182  -64.47738 346.147271      99.97 0.0000e+00   3642.197      87414  1027.0475  1027.0426    33.5985    33.5922    8.22896         37 0.0000e+00
      8.000      7.921    -0.6495  27.452490    -0.6503  27.448746     8.0711     8.1089     2.0792    81.1129 3.7207e-01  -64.94182  -64.47737 346.147302      99.97 0.0000e+00   3644.923      87479  1027.0493  1027.0460    33.6068    33.6026    8.22817         46 0.0000e+00
      7.000      6.932    -0.6512  27.445189    -0.6493  27.452476     8.0772     8.1243     2.2047    81.1483 4.6352e-01  -64.94182  -64.47737 346.147334      99.97 0.0000e+00   3647.627      87544  1027.0387  1027.0448    33.5995    33.6071    8.22898         42 0.0000e+00
      6.000      5.940    -0.6517  27.442775    -0.6520  27.440957     8.0856     8.1400     2.2246    80.9250 5.3200e-01  -64.94182  -64.47736 346.147358      99.96 0.0000e+00   3649.702      87594  1027.0322  1027.0305    33.5974    33.5953    8.22921         38 0.0000e+00
      5.000      4.950    -0.6528  27.437322    -0.6528  27.437270     8.0858     8.1519     2.1895    80.8283 6.4990e-01  -64.94181  -64.47736 346.147379      99.96 0.0000e+00   3651.579      87639  1027.0229  1027.0229    33.5918    33.5918    8.22976         39 0.0000e+00
      4.000      3.960    -0.6518  27.440876    -0.6523  27.440500     8.2456     8.6197     2.0756    81.0618 8.2092e-01  -64.94180  -64.47736 346.147443      99.12 0.0000e+00   3657.063      87771  1027.0215  1027.0215    33.5962    33.5962    8.22930         34 0.0000e+00
      3.000      2.971    -0.6529  27.437526    -0.6528  27.438069     8.5326     9.9460     1.9177    81.0829 1.0201e+00  -64.94180  -64.47736 346.147515      99.97 0.0000e+00   3663.281      87920  1027.0146  1027.0151    33.5934    33.5941    8.22969         23 0.0000e+00
      2.000      1.980    -0.6548  27.431167    -0.6551  27.429930     9.6974     9.8282     2.0602    80.9260 1.2802e+00  -64.94180  -64.47737 346.147531      99.97 0.0000e+00   3664.685      87953  1027.0052  1027.0041    33.5876    33.5862    8.23045         39 0.0000e+00
      1.000      0.991    -0.6550  27.430063    -0.6556  27.427957     9.1095     9.5792     2.1622    81.0222 2.0261e+00  -64.94180  -64.47738 346.147547      99.96 0.0000e+00   3666.074      87987  1026.9999  1026.9982    33.5870    33.5848    8.23053         20 0.0000e+00
