NBP2113_155081_ctd/data/unbp2113_002.cnv
* Sea-Bird SBE 9 Data File:
* FileName = D:\Data\raw\NBP2113_002.hex
* Software Version Seasave V 7.26.7.121
* Temperature SN = 2438
* Conductivity SN = 2067
* Number of Bytes Per Scan = 40
* Number of Voltage Words = 5
* Number of Scans Averaged by the Deck Unit = 1
* NMEA Latitude = 63 34.52 S
* NMEA Longitude = 060 42.00 W
* NMEA UTC (Time) = Nov 22 2021  11:46:05
* NMEA baud rate = 9600
** Ship: RVIB N.B. Palmer
** Cruise: NBP2113 LTER
** Station: 831.-002
** Operator: B. Urmston
# nquan = 25
# nvalues = 600                         
# units = specified
# name 0 = prDM: Pressure, Digiquartz [db]
# name 1 = depSM: Depth [salt water, m]
# name 2 = t090C: Temperature [ITS-90, deg C]
# name 3 = c0mS/cm: Conductivity [mS/cm]
# name 4 = t190C: Temperature, 2 [ITS-90, deg C]
# name 5 = c1mS/cm: Conductivity, 2 [mS/cm]
# name 6 = sbeox0ML/L: Oxygen, SBE 43 [ml/l]
# name 7 = sbeox1ML/L: Oxygen, SBE 43, 2 [ml/l]
# name 8 = flECO-AFL: Fluorescence, WET Labs ECO-AFL/FL [mg/m^3]
# name 9 = CStarTr0: Beam Transmission, WET Labs C-Star [%]
# name 10 = par: PAR/Irradiance, Biospherical/Licor
# name 11 = latitude: Latitude [deg]
# name 12 = longitude: Longitude [deg]
# name 13 = timeJ: Julian Days
# name 14 = altM: Altimeter [m]
# name 15 = spar: SPAR, Biospherical/Licor
# name 16 = timeS: Time, Elapsed [seconds]
# name 17 = scan: Scan Count
# name 18 = density00: Density [density, kg/m^3]
# name 19 = density11: Density, 2 [density, kg/m^3]
# name 20 = sal00: Salinity, Practical [PSU]
# name 21 = sal11: Salinity, Practical, 2 [PSU]
# name 22 = oxsolML/L: Oxygen Saturation, Garcia & Gordon [ml/l]
# name 23 = nbin: number of scans per bin
# name 24 = flag: flag
# span 0 =      1.000,    600.000       
# span 1 =      0.990,    593.320       
# span 2 =    -1.3454,    -0.6414       
# span 3 =  27.602464,  27.993725       
# span 4 =    -1.3456,    -0.6261       
# span 5 =  27.601086,  28.004272       
# span 6 =     6.7855,     7.6703       
# span 7 =     6.7492,     7.5525       
# span 8 =    -0.0150,     0.9120       
# span 9 =    93.5564,    98.7064       
# span 10 = 1.0000e-12, 3.8264e+02      
# span 11 =  -63.57548,  -63.57542      
# span 12 =  -60.69968,  -60.69936      
# span 13 = 326.504728, 326.521512      
# span 14 =       6.27,     102.21      
# span 15 = 1.7778e+03, 1.8061e+03      
# span 16 =   1243.516,   2693.623      
# span 17 =      29845,      64648      
# span 18 =  1027.6018,  1030.6243      
# span 19 =  1027.5955,  1030.6225      
# span 20 =    34.3288,    34.5025      
# span 21 =    34.3214,    34.5007      
# span 22 =    8.18457,    8.33278      
# span 23 =         11,         50      
# span 24 = 0.0000e+00, 0.0000e+00      
# interval = decibars: 1                
# start_time = Nov 22 2021 11:46:05 [NMEA time, header]
# bad_flag = -9.990e-29
*END*
[from data line 580]
     20.000     19.804    -0.7253  27.929170    -0.7260  27.927258     7.6490     7.5299     0.5596    93.8045 4.1154e+01  -63.57544  -60.69964 326.520681      99.97 1.8021e+03   2621.862      62926  1027.6946  1027.6932    34.3292    34.3274    8.20280         28 0.0000e+00
     19.000     18.815    -0.7245  27.929276    -0.7248  27.927643     7.6291     7.5347     0.5594    93.7210 4.5951e+01  -63.57544  -60.69963 326.520744      99.97 1.8017e+03   2627.305      63056  1027.6896  1027.6882    34.3291    34.3272    8.20264         35 0.0000e+00
     18.000     17.825    -0.7248  27.928755    -0.7251  27.927062     7.6363     7.5280     0.5369    93.8100 4.9388e+01  -63.57544  -60.69964 326.520763      99.97 1.8017e+03   2628.962      63096  1027.6851  1027.6835    34.3293    34.3274    8.20269         40 0.0000e+00
     17.000     16.833    -0.7230  27.929635    -0.7227  27.928509     7.6427     7.5309     0.4805    93.7658 5.1972e+01  -63.57544  -60.69963 326.520820      99.97 1.7982e+03   2633.862      63214  1027.6800  1027.6783    34.3291    34.3272    8.20231         34 0.0000e+00
     16.000     15.845    -0.7239  27.928527    -0.7238  27.927175     7.6477     7.5302     0.4349    93.7641 5.3341e+01  -63.57544  -60.69964 326.520838      99.97 1.7998e+03   2635.428      63251  1027.6753  1027.6737    34.3292    34.3272    8.20249         32 0.0000e+00
     15.000     14.854    -0.7233  27.928504    -0.7234  27.926869     7.6442     7.5279     0.4126    93.7736 5.5823e+01  -63.57542  -60.69964 326.520857      99.97 1.8023e+03   2637.062      63290  1027.6705  1027.6687    34.3291    34.3270    8.20237         43 0.0000e+00
     14.000     13.864    -0.7226  27.928799    -0.7233  27.926745     7.6540     7.5289     0.3770    93.7613 6.4193e+01  -63.57542  -60.69964 326.520887      99.97 1.8029e+03   2639.595      63351  1027.6658  1027.6642    34.3293    34.3273    8.20220         44 0.0000e+00
     13.000     12.873    -0.7181  27.932101    -0.7191  27.929724     7.6476     7.5362     0.3398    93.7371 6.3277e+01  -63.57542  -60.69964 326.520949      99.97 1.7938e+03   2645.025      63482  1027.6607  1027.6591    34.3293    34.3273    8.20122         43 0.0000e+00
     12.000     11.883    -0.7171  27.932461    -0.7172  27.930705     7.6566     7.5386     0.3443    93.7221 6.5671e+01  -63.57542  -60.69966 326.520971      99.97 1.7980e+03   2646.913      63527  1027.6559  1027.6541    34.3293    34.3271    8.20101         41 0.0000e+00
     11.000     10.893    -0.7106  27.937555    -0.7067  27.939105     7.6601     7.5433     0.3120    93.7376 7.7444e+01  -63.57542  -60.69966 326.520991      99.97 1.8024e+03   2648.607      63568  1027.6507  1027.6486    34.3294    34.3271    8.19959         38 0.0000e+00
     10.000      9.903    -0.7054  27.941306    -0.7042  27.940714     7.6703     7.5458     0.2663    93.7150 8.2424e+01  -63.57542  -60.69964 326.521011      99.97 1.8051e+03   2650.349      63609  1027.6455  1027.6437    34.3292    34.3271    8.19848         43 0.0000e+00
      9.000      8.912    -0.6774  27.964368    -0.6772  27.963171     7.6596     7.5501     0.2130    93.6928 1.0758e+02  -63.57542  -60.69964 326.521063      99.97 1.8013e+03   2654.830      63717  1027.6391  1027.6376    34.3292    34.3274    8.19240         40 0.0000e+00
      8.000      7.923    -0.6501  27.987054    -0.6666  27.971717     7.6677     7.5450     0.2058    93.7066 1.0596e+02  -63.57542  -60.69966 326.521104      99.97 1.7983e+03   2658.348      63801  1027.6330  1027.6324    34.3295    34.3275    8.18648         35 0.0000e+00
      7.000      6.932    -0.6607  27.977567    -0.6625  27.974814     7.6655     7.5525     0.2096    93.7139 1.1097e+02  -63.57542  -60.69966 326.521133      99.97 1.8015e+03   2660.931      63863  1027.6291  1027.6277    34.3294    34.3277    8.18879         23 0.0000e+00
      6.000      5.942    -0.6414  27.993725    -0.6261  28.004272     7.6552     7.5515     0.2010    93.7233 1.0209e+02  -63.57542  -60.69966 326.521145      99.97 1.8033e+03   2661.924      63887  1027.6235  1027.6197    34.3299    34.3268    8.18457         30 0.0000e+00
      5.000      4.952    -0.6448  27.990081    -0.6467  27.986216     7.6384     7.5521     0.1979    93.7459 1.1876e+02  -63.57542  -60.69967 326.521317      99.97 1.8034e+03   2676.786      64244  1027.6190  1027.6167    34.3294    34.3264    8.18533         44 0.0000e+00
      4.000      3.961    -0.6628  27.974049    -0.6619  27.972656     7.6492     7.5517     0.2038    93.6980 1.2670e+02  -63.57542  -60.69968 326.521427      41.53 1.8034e+03   2686.311      64472  1027.6152  1027.6128    34.3289    34.3260    8.18927         39 0.0000e+00
      3.000      2.971    -0.6777  27.961145    -0.6757  27.960171     7.6500     7.5456     0.1923    93.6930 1.3249e+02  -63.57542  -60.69968 326.521445      35.22 1.8018e+03   2687.879      64510  1027.6114  1027.6085    34.3289    34.3254    8.19248         38 0.0000e+00
      2.000      1.982    -0.6771  27.961101    -0.6795  27.956708     7.6353     7.5520     0.1883    93.5564 1.8018e+02  -63.57542  -60.69968 326.521497       6.27 1.8053e+03   2692.375      64618  1027.6062  1027.6039    34.3288    34.3256    8.19236         28 0.0000e+00
      1.000      0.990    -0.6790  27.959271    -0.6785  27.953914 -9.990e-29 -9.990e-29     0.1901    93.6507 3.8264e+02  -63.57542  -60.69968 326.521512      57.53 1.8052e+03   2693.623      64648  1027.6018  1027.5955    34.3292    34.3214    8.19276         18 0.0000e+00
