NBP2113_155081_ctd/data/unbp2113_041.cnv
* Sea-Bird SBE 9 Data File:
* FileName = D:\Data\raw\NBP2113_041.hex
* Software Version Seasave V 7.26.7.121
* Temperature SN = 2438
* Conductivity SN = 2067
* Number of Bytes Per Scan = 40
* Number of Voltage Words = 5
* Number of Scans Averaged by the Deck Unit = 1
* NMEA Latitude = 64 50.77 S
* NMEA Longitude = 063 54.70 W
* NMEA UTC (Time) = Dec 10 2021  14:38:32
* NMEA baud rate = 9600
** Ship: RVIB N.B. Palmer
** Cruise: NBP2113 LTER
** Station: 622.029
** Operator: B. Urmston
# nquan = 25
# nvalues = 254                         
# units = specified
# name 0 = prDM: Pressure, Digiquartz [db]
# name 1 = depSM: Depth [salt water, m]
# name 2 = t090C: Temperature [ITS-90, deg C]
# name 3 = c0mS/cm: Conductivity [mS/cm]
# name 4 = t190C: Temperature, 2 [ITS-90, deg C]
# name 5 = c1mS/cm: Conductivity, 2 [mS/cm]
# name 6 = sbeox0ML/L: Oxygen, SBE 43 [ml/l]
# name 7 = sbeox1ML/L: Oxygen, SBE 43, 2 [ml/l]
# name 8 = flECO-AFL: Fluorescence, WET Labs ECO-AFL/FL [mg/m^3]
# name 9 = CStarTr0: Beam Transmission, WET Labs C-Star [%]
# name 10 = par: PAR/Irradiance, Biospherical/Licor
# name 11 = latitude: Latitude [deg]
# name 12 = longitude: Longitude [deg]
# name 13 = timeJ: Julian Days
# name 14 = altM: Altimeter [m]
# name 15 = spar: SPAR, Biospherical/Licor
# name 16 = timeS: Time, Elapsed [seconds]
# name 17 = scan: Scan Count
# name 18 = density00: Density [density, kg/m^3]
# name 19 = density11: Density, 2 [density, kg/m^3]
# name 20 = sal00: Salinity, Practical [PSU]
# name 21 = sal11: Salinity, Practical, 2 [PSU]
# name 22 = oxsolML/L: Oxygen Saturation, Garcia & Gordon [ml/l]
# name 23 = nbin: number of scans per bin
# name 24 = flag: flag
# span 0 =      1.000,    254.000       
# span 1 =      0.991,    251.358       
# span 2 =    -0.3326,     1.1510       
# span 3 =  27.842505,  29.841274       
# span 4 =    -0.3331,     1.1488       
# span 5 =  27.840475,  29.837270       
# span 6 =     4.4990,     9.8802       
# span 7 =     4.5640,     9.7644       
# span 8 =    -0.0077,     1.5842       
# span 9 =    87.0951,    94.6582       
# span 10 = 1.0000e-12, 1.7150e+03      
# span 11 =  -64.84650,  -64.84624      
# span 12 =  -63.91182,  -63.91175      
# span 13 = 344.620163, 344.628749      
# span 14 =       8.10,      99.98      
# span 15 = 1.0225e+03, 1.2692e+03      
# span 16 =    870.038,   1611.950      
# span 17 =      20882,      38688      
# span 18 =  1027.1165,  1028.9158      
# span 19 =  1027.1150,  1028.9143      
# span 20 =    33.7502,    34.6040      
# span 21 =    33.7481,    34.6019      
# span 22 =    7.79728,    8.14561      
# span 23 =         17,         49      
# span 24 = 0.0000e+00, 0.0000e+00      
# interval = decibars: 1                
# start_time = Dec 10 2021 14:38:32 [NMEA time, header]
# bad_flag = -9.990e-29
*END*
[from data line 58]
    196.000    193.988     0.6655  29.306996     0.6680  29.308293     5.1647     5.2079     0.0089    94.2917 1.0000e-12  -64.84650  -63.91180 344.623067      72.82 1.0242e+03   1120.987      26905  1028.5824  1028.5814    34.4857    34.4847    7.90147         27 0.0000e+00
    195.000    193.000     0.6508  29.291045     0.6578  29.297471     5.1945     5.2315     0.0118    94.3413 1.0000e-12  -64.84650  -63.91180 344.623080      73.30 1.0242e+03   1122.081      26931  1028.5759  1028.5758    34.4820    34.4826    7.90468         26 0.0000e+00
    194.000    192.010     0.6474  29.285649     0.6466  29.283671     5.2225     5.2493     0.0143    94.3269 1.0000e-12  -64.84650  -63.91180 344.623093      74.53 1.0242e+03   1123.193      26958  1028.5693  1028.5681    34.4793    34.4777    7.90552         28 0.0000e+00
    193.000    191.022     0.6439  29.280541     0.6432  29.278762     5.2472     5.2703     0.0196    94.2792 1.0000e-12  -64.84650  -63.91182 344.623106      76.20 1.0242e+03   1124.373      26986  1028.5630  1028.5620    34.4771    34.4757    7.90635         29 0.0000e+00
    192.000    190.030     0.6428  29.276996     0.6432  29.277139     5.2635     5.2879     0.0216    94.2430 1.0000e-12  -64.84650  -63.91182 344.623119      77.36 1.0242e+03   1125.503      27013  1028.5561  1028.5559    34.4744    34.4741    7.90673         25 0.0000e+00
    191.000    189.044     0.6414  29.273865     0.6418  29.273457     5.2616     5.2991     0.0270    94.2160 1.0000e-12  -64.84650  -63.91182 344.623131      78.24 1.0242e+03   1126.514      27037  1028.5499  1028.5491    34.4725    34.4715    7.90712         24 0.0000e+00
    190.000    188.053     0.6391  29.270638     0.6395  29.270117     5.2661     5.2891     0.0241    94.1661 1.0000e-12  -64.84650  -63.91182 344.623142      79.32 1.0242e+03   1127.487      27061  1028.5444  1028.5435    34.4714    34.4702    7.90765         24 0.0000e+00
    189.000    187.064     0.6373  29.268002     0.6389  29.268697     5.2355     5.2763     0.0170    94.1063 1.0000e-12  -64.84650  -63.91182 344.623155      80.39 1.0240e+03   1128.604      27088  1028.5391  1028.5383    34.4705    34.4697    7.90806         30 0.0000e+00
    188.000    186.073     0.6392  29.269782     0.6453  29.276110     5.2304     5.2956     0.0301    94.1093 1.0000e-12  -64.84650  -63.91181 344.623173      81.55 1.0225e+03   1130.153      27125  1028.5348  1028.5354    34.4714    34.4728    7.90764         37 0.0000e+00
    187.000    185.085     0.6375  29.267917     0.6353  29.264143     5.2512     5.3063     0.0288    94.0893 1.0000e-12  -64.84650  -63.91180 344.623195      82.57 1.0225e+03   1132.024      27170  1028.5301  1028.5284    34.4714    34.4690    7.90797         38 0.0000e+00
    186.000    184.096     0.6339  29.262894     0.6343  29.262113     5.2625     5.3153     0.0314    94.1239 1.0000e-12  -64.84649  -63.91180 344.623214      83.54 1.0234e+03   1133.724      27210  1028.5241  1028.5229    34.4695    34.4680    7.90882         36 0.0000e+00
    185.000    183.105     0.6333  29.261634     0.6328  29.259964     5.2543     5.3158     0.0364    94.1150 1.0000e-12  -64.84649  -63.91181 344.623230      84.45 1.0242e+03   1135.031      27242  1028.5191  1028.5178    34.4691    34.4675    7.90896         25 0.0000e+00
    184.000    182.117     0.6305  29.258414     0.6320  29.258610     5.2574     5.3279     0.0275    94.1010 1.0000e-12  -64.84650  -63.91182 344.623241      86.49 1.0242e+03   1136.036      27266  1028.5142  1028.5129    34.4687    34.4672    7.90956         22 0.0000e+00
    183.000    181.128     0.6267  29.253873     0.6291  29.255536     5.2583     5.3330     0.0158    94.1143 1.0000e-12  -64.84650  -63.91182 344.623251      91.55 1.0255e+03   1136.893      27286  1028.5089  1028.5083    34.4676    34.4670    7.91039         20 0.0000e+00
    182.000    180.138     0.6208  29.247844     0.6216  29.247549     5.2658     5.3343     0.0288    94.0589 1.0000e-12  -64.84650  -63.91182 344.623260      89.49 1.0258e+03   1137.699      27306  1028.5040  1028.5030    34.4669    34.4656    7.91163         19 0.0000e+00
    181.000    179.149     0.6155  29.241814     0.6159  29.240954     5.2721     5.3350     0.0235    94.0833 1.0000e-12  -64.84650  -63.91182 344.623270      91.95 1.0256e+03   1138.516      27325  1028.4987  1028.4975    34.4654    34.4640    7.91279         20 0.0000e+00
    180.000    178.159     0.6140  29.239622     0.6144  29.238884     5.2739     5.3311     0.0255    94.0870 1.0000e-12  -64.84650  -63.91182 344.623280      92.60 1.0243e+03   1139.428      27347  1028.4936  1028.4924    34.4649    34.4635    7.91313         24 0.0000e+00
    179.000    177.170     0.6151  29.240090     0.6158  29.239738     5.2778     5.3313     0.0244    94.0984 1.0000e-12  -64.84649  -63.91182 344.623294      90.68 1.0242e+03   1140.595      27375  1028.4886  1028.4876    34.4648    34.4637    7.91290         34 0.0000e+00
    178.000    176.181     0.6175  29.242487     0.6196  29.243380     5.2788     5.3354     0.0189    94.0766 1.0000e-12  -64.84648  -63.91180 344.623315      91.74 1.0243e+03   1142.450      27420  1028.4843  1028.4833    34.4659    34.4647    7.91235         36 0.0000e+00
    177.000    175.192     0.6129  29.236594     0.6117  29.234604     5.2920     5.3502     0.0308    94.0733 1.0000e-12  -64.84648  -63.91180 344.623345      92.73 1.0259e+03   1144.972      27480  1028.4785  1028.4776    34.4640    34.4627    7.91341         29 0.0000e+00
    176.000    174.203     0.6089  29.232889     0.6109  29.233505     5.3207     5.3711     0.0288    94.0750 1.0000e-12  -64.84648  -63.91180 344.623362      93.61 1.0269e+03   1146.492      27517  1028.4741  1028.4728    34.4642    34.4627    7.91421         28 0.0000e+00
    175.000    173.214     0.5929  29.215074     0.5952  29.216852     5.3244     5.3817     0.0289    94.0743 1.0000e-12  -64.84648  -63.91182 344.623374      94.50 1.0278e+03   1147.474      27540  1028.4670  1028.4666    34.4593    34.4591    7.91774         21 0.0000e+00
    174.000    172.224     0.5914  29.212447     0.5896  29.209145     5.3221     5.3891     0.0289    94.0588 1.0000e-12  -64.84648  -63.91182 344.623383      95.44 1.0279e+03   1148.320      27561  1028.4614  1028.4598    34.4582    34.4560    7.91811         20 0.0000e+00
    173.000    171.234     0.5865  29.206329     0.5867  29.205513     5.3266     5.3925     0.0289    94.0461 1.0000e-12  -64.84648  -63.91182 344.623393      96.54 1.0292e+03   1149.124      27580  1028.4555  1028.4544    34.4564    34.4550    7.91923         19 0.0000e+00
    172.000    170.245     0.5864  29.205750     0.5854  29.203411     5.3334     5.3936     0.0289    94.0371 1.0000e-12  -64.84648  -63.91182 344.623402      97.52 1.0294e+03   1149.939      27600  1028.4506  1028.4492    34.4562    34.4543    7.91924         20 0.0000e+00
    171.000    169.256     0.5846  29.203208     0.5844  29.201769     5.3351     5.3916     0.0286    94.0262 1.0000e-12  -64.84648  -63.91182 344.623412      98.60 1.0294e+03   1150.823      27621  1028.4455  1028.4441    34.4556    34.4539    7.91965         23 0.0000e+00
    170.000    168.265     0.5835  29.201149     0.5833  29.200179     5.3289     5.3928     0.0413    94.0389 1.0000e-12  -64.84648  -63.91181 344.623425      99.32 1.0282e+03   1151.877      27646  1028.4400  1028.4392    34.4547    34.4537    7.91992         29 0.0000e+00
    169.000    167.277     0.5885  29.206229     0.5850  29.201487     5.3237     5.4015     0.0307    94.0355 1.0000e-12  -64.84648  -63.91181 344.623443      99.18 1.0281e+03   1153.437      27683  1028.4360  1028.4345    34.4563    34.4541    7.91881         34 0.0000e+00
    168.000    166.288     0.5825  29.199884     0.5789  29.194388     5.3472     5.4163     0.0329    94.0476 1.0000e-12  -64.84648  -63.91180 344.623470      99.82 1.0315e+03   1155.835      27741  1028.4309  1028.4287    34.4553    34.4522    7.92009         37 0.0000e+00
    167.000    165.297     0.5784  29.195130     0.5734  29.188589     5.3803     5.4328     0.0289    94.0474 1.0000e-12  -64.84648  -63.91181 344.623490      99.97 1.0332e+03   1157.543      27782  1028.4257  1028.4237    34.4543    34.4513    7.92100         29 0.0000e+00
    166.000    164.309     0.5602  29.174699     0.5598  29.173043     5.3935     5.4418     0.0299    94.0465 1.0000e-12  -64.84648  -63.91182 344.623504      99.97 1.0347e+03   1158.748      27811  1028.4178  1028.4165    34.4485    34.4468    7.92503         28 0.0000e+00
    165.000    163.318     0.5561  29.169413     0.5554  29.167744     5.3821     5.4355     0.0360    94.0357 1.0000e-12  -64.84648  -63.91182 344.623518      99.97 1.0348e+03   1159.947      27840  1028.4120  1028.4109    34.4468    34.4454    7.92597         30 0.0000e+00
    164.000    162.329     0.5590  29.171411     0.5625  29.173952     5.3770     5.4398     0.0411    94.0266 1.0000e-12  -64.84648  -63.91180 344.623537      99.97 1.0348e+03   1161.557      27878  1028.4069  1028.4060    34.4468    34.4462    7.92538         38 0.0000e+00
    163.000    161.340     0.5587  29.171926     0.5564  29.166770     5.4022     5.4532     0.0422    93.9952 1.0000e-12  -64.84648  -63.91180 344.623561      99.97 1.0358e+03   1163.692      27930  1028.4031  1028.4002    34.4484    34.4443    7.92534         43 0.0000e+00
    162.000    160.350     0.5474  29.159172     0.5482  29.158983     5.4078     5.4685     0.0436    94.0420 1.0000e-12  -64.84648  -63.91180 344.623581      99.97 1.0387e+03   1165.422      27971  1028.3967  1028.3957    34.4449    34.4438    7.92785         36 0.0000e+00
    161.000    159.362     0.5387  29.149025     0.5402  29.149511     5.4224     5.4732     0.0352    94.0262 1.0000e-12  -64.84648  -63.91181 344.623598      99.97 1.0401e+03   1166.909      28007  1028.3902  1028.3892    34.4420    34.4409    7.92980         34 0.0000e+00
    160.000    158.372     0.5361  29.145694     0.5367  29.145269     5.4082     5.4743     0.0436    94.0170 1.0000e-12  -64.84648  -63.91182 344.623618      70.29 1.0418e+03   1168.552      28046  1028.3849  1028.3839    34.4412    34.4399    7.93038         39 0.0000e+00
    159.000    157.382     0.5197  29.129110     0.5278  29.135638     5.4131     5.4705     0.0440    94.0276 9.8622e-04  -64.84648  -63.91180 344.623647      96.36 1.0422e+03   1171.096      28107  1028.3787  1028.3780    34.4383    34.4379    7.93389         35 0.0000e+00
    158.000    156.393     0.4886  29.094143     0.4854  29.089452     5.3901     5.4736     0.0448    94.0217 3.5175e-03  -64.84648  -63.91180 344.623690      99.91 1.0460e+03   1174.784      28196  1028.3682  1028.3665    34.4279    34.4253    7.94086         42 0.0000e+00
    157.000    155.404     0.4973  29.103987     0.5003  29.105431     5.3699     5.4606     0.0327    94.0506 6.0346e-03  -64.84648  -63.91180 344.623712      99.97 1.0481e+03   1176.691      28242  1028.3655  1028.3641    34.4317    34.4302    7.93886         40 0.0000e+00
    156.000    154.414     0.4731  29.077912     0.4755  29.079097     5.3493     5.4584     0.0361    94.2166 8.7885e-03  -64.84648  -63.91180 344.623731      99.97 1.0501e+03   1178.349      28281  1028.3576  1028.3564    34.4252    34.4240    7.94419         41 0.0000e+00
    155.000    153.424     0.4735  29.076846     0.4751  29.077606     5.3404     5.4192     0.0307    94.1849 1.3084e-02  -64.84648  -63.91180 344.623790      99.97 1.0553e+03   1183.479      28404  1028.3513  1028.3503    34.4239    34.4232    7.94417         33 0.0000e+00
    154.000    152.436     0.4733  29.076542     0.4744  29.076321     5.3459     5.4273     0.0256    94.2555 1.6567e-02  -64.84648  -63.91180 344.623834      99.97 1.0587e+03   1187.250      28495  1028.3466  1028.3453    34.4244    34.4228    7.94419         35 0.0000e+00
    153.000    151.446     0.4685  29.070686     0.4678  29.068743     5.3037     5.3804     0.0395    94.2855 1.9759e-02  -64.84648  -63.91180 344.623889      99.97 1.0638e+03   1191.961      28608  1028.3408  1028.3395    34.4227    34.4209    7.94528         26 0.0000e+00
    152.000    150.457     0.4660  29.067789     0.4653  29.065752     5.3015     5.3732     0.0263    94.3558 2.4019e-02  -64.84648  -63.91180 344.623968      99.97 1.0716e+03   1198.841      28773  1028.3358  1028.3344    34.4223    34.4204    7.94582         21 0.0000e+00
    151.000    149.468     0.4654  29.066465     0.4646  29.064488     5.2961     5.3653     0.0248    94.3992 3.0532e-02  -64.84646  -63.91180 344.624190      99.97 1.0931e+03   1218.056      29234  1028.3304  1028.3292    34.4217    34.4201    7.94595         34 0.0000e+00
    150.000    148.473     0.4659  29.066492     0.4651  29.064506     5.2894     5.3653     0.0324    94.3807 3.5037e-02  -64.84646  -63.91180 344.624240      99.97 1.0977e+03   1222.298      29336  1028.3257  1028.3245    34.4218    34.4202    7.94585         32 0.0000e+00
    149.000    147.489     0.4658  29.065765     0.4652  29.063976     5.2520     5.3353     0.0202    94.3877 4.0057e-02  -64.84646  -63.91180 344.624271      99.97 1.1018e+03   1225.033      29402  1028.3209  1028.3195    34.4216    34.4199    7.94589         39 0.0000e+00
    148.000    146.498     0.4668  29.065756     0.4671  29.064595     5.2302     5.3191     0.0197    94.4235 4.4741e-02  -64.84646  -63.91180 344.624285      99.97 1.1036e+03   1226.263      29431  1028.3156  1028.3140    34.4211    34.4192    7.94572         27 0.0000e+00
    147.000    145.509     0.4693  29.066930     0.4692  29.065470     5.2310     5.3154     0.0155    94.4517 4.8701e-02  -64.84646  -63.91180 344.624297      99.97 1.1038e+03   1227.307      29456  1028.3101  1028.3087    34.4204    34.4187    7.94523         24 0.0000e+00
    146.000    144.518     0.4698  29.066697     0.4695  29.065237     5.2258     5.3066     0.0143    94.4849 5.3525e-02  -64.84646  -63.91180 344.624309      99.97 1.1053e+03   1228.328      29481  1028.3052  1028.3039    34.4202    34.4186    7.94515         25 0.0000e+00
    145.000    143.530     0.4698  29.065917     0.4694  29.064299     5.2229     5.3106     0.0187    94.4851 5.7631e-02  -64.84646  -63.91180 344.624322      99.98 1.1056e+03   1229.422      29507  1028.3001  1028.2988    34.4197    34.4181    7.94517         28 0.0000e+00
    144.000    142.540     0.4694  29.064725     0.4684  29.062293     5.2280     5.3160     0.0273    94.4844 6.2892e-02  -64.84646  -63.91180 344.624337      99.97 1.1073e+03   1230.711      29538  1028.2949  1028.2934    34.4192    34.4171    7.94527         34 0.0000e+00
    143.000    141.551     0.4630  29.056988     0.4642  29.057601     5.2542     5.3289     0.0263    94.4672 6.7886e-02  -64.84646  -63.91180 344.624354      99.97 1.1095e+03   1232.206      29574  1028.2889  1028.2883    34.4169    34.4163    7.94673         33 0.0000e+00
    142.000    140.561     0.4499  29.042798     0.4469  29.038247     5.2941     5.3528     0.0298    94.5026 7.3002e-02  -64.84646  -63.91180 344.624371      99.97 1.1113e+03   1233.692      29610  1028.2826  1028.2808    34.4135    34.4109    7.94961         30 0.0000e+00
    141.000    139.570     0.4338  29.025546     0.4329  29.023210     5.3368     5.3761     0.0307    94.4726 7.8804e-02  -64.84646  -63.91180 344.624387      99.97 1.1124e+03   1235.046      29642  1028.2760  1028.2743    34.4095    34.4074    7.95315         29 0.0000e+00
    140.000    138.582     0.4165  29.006378     0.4201  29.009053     5.3706     5.4043     0.0289    94.5028 8.4868e-02  -64.84646  -63.91180 344.624402      99.97 1.1138e+03   1236.352      29673  1028.2684  1028.2676    34.4042    34.4037    7.95699         32 0.0000e+00
