NBP2113_155081_ctd/data/unbp2113_056.cnv
* Sea-Bird SBE 9 Data File:
* FileName = D:\Data\raw\NBP2113_056.hex
* Software Version Seasave V 7.26.7.121
* Temperature SN = 2438
* Conductivity SN = 2067
* Number of Bytes Per Scan = 40
* Number of Voltage Words = 5
* Number of Scans Averaged by the Deck Unit = 1
* NMEA Latitude = 64 53.69 S
* NMEA Longitude = 064 47.29 W
* NMEA UTC (Time) = Dec 11 2021  22:36:48
* NMEA baud rate = 9600
** Ship: RVIB N.B. Palmer
** Cruise: NBP2113 LTER
** Station: 591.057
** Operator: S. Blackman
# nquan = 25
# nvalues = 659                         
# units = specified
# name 0 = prDM: Pressure, Digiquartz [db]
# name 1 = depSM: Depth [salt water, m]
# name 2 = t090C: Temperature [ITS-90, deg C]
# name 3 = c0mS/cm: Conductivity [mS/cm]
# name 4 = t190C: Temperature, 2 [ITS-90, deg C]
# name 5 = c1mS/cm: Conductivity, 2 [mS/cm]
# name 6 = sbeox0ML/L: Oxygen, SBE 43 [ml/l]
# name 7 = sbeox1ML/L: Oxygen, SBE 43, 2 [ml/l]
# name 8 = flECO-AFL: Fluorescence, WET Labs ECO-AFL/FL [mg/m^3]
# name 9 = CStarTr0: Beam Transmission, WET Labs C-Star [%]
# name 10 = par: PAR/Irradiance, Biospherical/Licor
# name 11 = latitude: Latitude [deg]
# name 12 = longitude: Longitude [deg]
# name 13 = timeJ: Julian Days
# name 14 = altM: Altimeter [m]
# name 15 = spar: SPAR, Biospherical/Licor
# name 16 = timeS: Time, Elapsed [seconds]
# name 17 = scan: Scan Count
# name 18 = density00: Density [density, kg/m^3]
# name 19 = density11: Density, 2 [density, kg/m^3]
# name 20 = sal00: Salinity, Practical [PSU]
# name 21 = sal11: Salinity, Practical, 2 [PSU]
# name 22 = oxsolML/L: Oxygen Saturation, Garcia & Gordon [ml/l]
# name 23 = nbin: number of scans per bin
# name 24 = flag: flag
# span 0 =      1.000,    659.000       
# span 1 =      0.991,    651.510       
# span 2 =    -0.5133,     1.4679       
# span 3 =  27.564538,  30.360999       
# span 4 =    -0.5103,     1.4676       
# span 5 =  27.566300,  30.359607       
# span 6 =     4.0588,     8.0996       
# span 7 =     4.1191,     8.1494       
# span 8 =    -0.0217,     1.7937       
# span 9 =    82.5897,    91.4528       
# span 10 = 1.0000e-12, 1.3970e+02      
# span 11 =  -64.89496,  -64.89482      
# span 12 =  -64.78956,  -64.78857      
# span 13 = 345.956731, 345.968983      
# span 14 =       0.88,     100.16      
# span 15 = 1.2691e+02, 1.6211e+02      
# span 16 =   1253.519,   2312.097      
# span 17 =      30085,      55491      
# span 18 =  1027.0165,  1030.8509      
# span 19 =  1027.0123,  1030.8497      
# span 20 =    33.6074,    34.6847      
# span 21 =    33.6035,    34.6832      
# span 22 =    7.73033,    8.19855      
# span 23 =         11,         48      
# span 24 = 0.0000e+00, 0.0000e+00      
# interval = decibars: 1                
# start_time = Dec 11 2021 22:36:48 [NMEA time, header]
# bad_flag = -9.990e-29
*END*
[from data line 58]
    601.000    594.251     1.4618  30.329475     1.4615  30.327944     4.0718     4.1232    -0.0131    91.1897 1.0000e-12  -64.89486  -64.78938 345.957859      62.64 1.4103e+02   1351.022      32426  1030.5803  1030.5791    34.6836    34.6820    7.73158         29 0.0000e+00
    600.000    593.265     1.4618  30.329150     1.4615  30.327590     4.0644     4.1262    -0.0130    91.1892 1.0000e-12  -64.89486  -64.78939 345.957870      63.42 1.4103e+02   1351.939      32448  1030.5758  1030.5745    34.6838    34.6821    7.73157         18 0.0000e+00
    599.000    592.276     1.4619  30.328704     1.4616  30.327374     4.0649     4.1288     0.0029    91.1892 1.0000e-12  -64.89486  -64.78940 345.957877      64.08 1.4103e+02   1352.602      32463  1030.5711  1030.5699    34.6837    34.6823    7.73156         15 0.0000e+00
    598.000    591.288     1.4622  30.328776     1.4620  30.327303     4.0676     4.1259     0.0035    91.1892 1.0000e-12  -64.89486  -64.78940 345.957884      64.22 1.4103e+02   1353.167      32477  1030.5666  1030.5653    34.6840    34.6823    7.73148         13 0.0000e+00
    597.000    590.301     1.4622  30.328199     1.4619  30.326692     4.0685     4.1280    -0.0023    91.1892 1.0000e-12  -64.89486  -64.78940 345.957890      65.40 1.4103e+02   1353.695      32490  1030.5618  1030.5606    34.6838    34.6822    7.73148         12 0.0000e+00
    596.000    589.315     1.4619  30.327453     1.4617  30.326065     4.0639     4.1274    -0.0038    91.1892 1.0000e-12  -64.89486  -64.78940 345.957896      66.39 1.4262e+02   1354.224      32502  1030.5571  1030.5559    34.6837    34.6822    7.73154         13 0.0000e+00
    595.000    588.326     1.4619  30.326982     1.4618  30.325582     4.0607     4.1236    -0.0114    91.1723 1.0000e-12  -64.89486  -64.78939 345.957903      67.75 1.4279e+02   1354.780      32516  1030.5524  1030.5511    34.6837    34.6821    7.73155         15 0.0000e+00
    594.000    587.337     1.4619  30.326525     1.4617  30.325200     4.0668     4.1193    -0.0093    91.1755 1.0000e-12  -64.89486  -64.78938 345.957910      69.43 1.4244e+02   1355.468      32532  1030.5477  1030.5466    34.6837    34.6822    7.73155         19 0.0000e+00
    593.000    586.351     1.4619  30.325962     1.4616  30.324560     4.0714     4.1218    -0.0035    91.1758 1.0000e-12  -64.89486  -64.78936 345.957949      70.45 1.4023e+02   1358.820      32613  1030.5430  1030.5418    34.6836    34.6821    7.73156         27 0.0000e+00
    592.000    585.364     1.4617  30.325526     1.4615  30.324079     4.0696     4.1281    -0.0047    91.1816 1.0000e-12  -64.89486  -64.78936 345.957984      71.00 1.3926e+02   1361.809      32684  1030.5384  1030.5372    34.6838    34.6821    7.73158         17 0.0000e+00
    591.000    584.378     1.4618  30.325197     1.4617  30.323804     4.0676     4.1297    -0.0058    91.1654 1.0000e-12  -64.89486  -64.78936 345.957991      71.27 1.3927e+02   1362.464      32700  1030.5338  1030.5326    34.6838    34.6822    7.73156         16 0.0000e+00
    590.000    583.387     1.4617  30.324513     1.4614  30.323070     4.0670     4.1302    -0.0067    91.1634 1.0000e-12  -64.89486  -64.78936 345.957999      72.32 1.3927e+02   1363.102      32715  1030.5290  1030.5279    34.6836    34.6821    7.73159         14 0.0000e+00
    589.000    582.401     1.4616  30.323995     1.4613  30.322670     4.0654     4.1299    -0.0131    91.1721 1.0000e-12  -64.89486  -64.78936 345.958006      73.10 1.3927e+02   1363.712      32730  1030.5244  1030.5233    34.6836    34.6823    7.73161         15 0.0000e+00
    588.000    581.415     1.4617  30.323789     1.4614  30.322303     4.0669     4.1265    -0.0082    91.1889 1.0000e-12  -64.89486  -64.78936 345.958013      74.13 1.3927e+02   1364.345      32745  1030.5198  1030.5187    34.6838    34.6823    7.73158         16 0.0000e+00
    587.000    580.428     1.4618  30.323436     1.4616  30.321909     4.0725     4.1275    -0.0043    91.1847 1.0000e-12  -64.89486  -64.78936 345.958021      76.11 1.3927e+02   1365.027      32762  1030.5152  1030.5139    34.6839    34.6821    7.73157         17 0.0000e+00
    586.000    579.439     1.4617  30.322879     1.4614  30.321479     4.0749     4.1259    -0.0134    91.1879 1.0000e-12  -64.89486  -64.78936 345.958030      76.68 1.3927e+02   1365.812      32780  1030.5105  1030.5094    34.6839    34.6823    7.73159         21 0.0000e+00
    585.000    578.452     1.4616  30.322338     1.4614  30.320878     4.0728     4.1251    -0.0057    91.1757 1.0000e-12  -64.89486  -64.78936 345.958042      77.68 1.3927e+02   1366.812      32804  1030.5058  1030.5046    34.6838    34.6822    7.73160         29 0.0000e+00
    584.000    577.464     1.4614  30.321591     1.4611  30.320247     4.0683     4.1238    -0.0073    91.1767 1.0000e-12  -64.89486  -64.78933 345.958084      78.94 1.3927e+02   1370.420      32891  1030.5011  1030.5000    34.6836    34.6822    7.73165         33 0.0000e+00
    583.000    576.478     1.4615  30.321243     1.4612  30.319692     4.0675     4.1276    -0.0049    91.1840 1.0000e-12  -64.89486  -64.78932 345.958106      79.47 1.3927e+02   1372.392      32938  1030.4964  1030.4952    34.6837    34.6821    7.73163         19 0.0000e+00
    582.000    575.492     1.4614  30.320868     1.4611  30.319353     4.0702     4.1349    -0.0002    91.1877 1.0000e-12  -64.89486  -64.78932 345.958114      80.37 1.3927e+02   1373.091      32955  1030.4919  1030.4906    34.6839    34.6822    7.73164         16 0.0000e+00
    581.000    574.501     1.4616  30.320595     1.4613  30.319116     4.0725     4.1333     0.0051    91.1892 1.0000e-12  -64.89486  -64.78932 345.958122      81.26 1.3927e+02   1373.723      32970  1030.4872  1030.4861    34.6839    34.6823    7.73161         15 0.0000e+00
    580.000    573.514     1.4617  30.320367     1.4614  30.318912     4.0729     4.1268    -0.0147    91.1667 1.0000e-12  -64.89486  -64.78932 345.958129      82.20 1.3927e+02   1374.338      32985  1030.4826  1030.4815    34.6840    34.6825    7.73157         15 0.0000e+00
    579.000    572.530     1.4615  30.319731     1.4611  30.318124     4.0687     4.1257    -0.0192    91.1682 1.0000e-12  -64.89486  -64.78932 345.958136      83.70 1.3927e+02   1374.979      33001  1030.4780  1030.4768    34.6840    34.6824    7.73161         16 0.0000e+00
    578.000    571.539     1.4613  30.319073     1.4609  30.317643     4.0728     4.1267    -0.0039    91.1635 1.0000e-12  -64.89486  -64.78932 345.958145      84.54 1.3927e+02   1375.718      33018  1030.4733  1030.4723    34.6840    34.6825    7.73166         20 0.0000e+00
    577.000    570.552     1.4614  30.318694     1.4610  30.317204     4.0791     4.1274    -0.0119    91.1650 1.0000e-12  -64.89486  -64.78932 345.958157      85.94 1.3832e+02   1376.786      33044  1030.4686  1030.4676    34.6839    34.6825    7.73164         32 0.0000e+00
    576.000    569.567     1.4613  30.318065     1.4609  30.316621     4.0745     4.1269    -0.0030    91.1724 1.0000e-12  -64.89488  -64.78932 345.958183      86.90 1.3767e+02   1379.004      33097  1030.4639  1030.4628    34.6838    34.6824    7.73166         37 0.0000e+00
    575.000    568.578     1.4611  30.317530     1.4608  30.316054     4.0708     4.1295    -0.0092    91.1666 1.0000e-12  -64.89487  -64.78931 345.958203      88.10 1.3749e+02   1380.713      33138  1030.4593  1030.4581    34.6838    34.6823    7.73169         30 0.0000e+00
    574.000    567.592     1.4610  30.317045     1.4608  30.315722     4.0719     4.1307    -0.0052    91.1645 1.0000e-12  -64.89486  -64.78930 345.958215      88.62 1.3750e+02   1381.782      33164  1030.4547  1030.4536    34.6839    34.6825    7.73171         24 0.0000e+00
    573.000    566.602     1.4607  30.316379     1.4604  30.314936     4.0748     4.1291    -0.0053    91.1839 1.0000e-12  -64.89486  -64.78930 345.958227      89.63 1.3750e+02   1382.773      33188  1030.4501  1030.4489    34.6840    34.6824    7.73177         24 0.0000e+00
    572.000    565.615     1.4606  30.315740     1.4604  30.314376     4.0707     4.1271    -0.0123    91.1698 1.0000e-12  -64.89486  -64.78930 345.958240      90.73 1.3750e+02   1383.950      33216  1030.4454  1030.4442    34.6839    34.6824    7.73179         34 0.0000e+00
    571.000    564.630     1.4607  30.315357     1.4606  30.314034     4.0701     4.1257    -0.0138    91.2040 1.0000e-12  -64.89486  -64.78930 345.958258      92.08 1.3750e+02   1385.520      33253  1030.4407  1030.4394    34.6838    34.6823    7.73178         35 0.0000e+00
    570.000    563.640     1.4605  30.314720     1.4601  30.313305     4.0732     4.1274    -0.0042    91.2118 1.0000e-12  -64.89487  -64.78930 345.958273      92.88 1.3750e+02   1386.749      33283  1030.4360  1030.4349    34.6838    34.6824    7.73181         23 0.0000e+00
    569.000    562.653     1.4603  30.314136     1.4600  30.312608     4.0692     4.1294    -0.0032    91.2077 1.0000e-12  -64.89488  -64.78930 345.958282      93.70 1.3750e+02   1387.583      33303  1030.4314  1030.4302    34.6838    34.6822    7.73185         18 0.0000e+00
    568.000    561.666     1.4602  30.313411     1.4598  30.312095     4.0707     4.1270    -0.0047    91.2104 1.0000e-12  -64.89488  -64.78930 345.958290      94.50 1.3929e+02   1388.301      33320  1030.4266  1030.4255    34.6837    34.6824    7.73189         17 0.0000e+00
    567.000    560.677     1.4600  30.312853     1.4597  30.311408     4.0746     4.1259    -0.0034    91.2089 1.0000e-12  -64.89488  -64.78930 345.958299      95.64 1.3927e+02   1388.987      33337  1030.4220  1030.4208    34.6837    34.6821    7.73192         17 0.0000e+00
    566.000    559.691     1.4601  30.312402     1.4597  30.310962     4.0704     4.1233    -0.0049    91.1889 1.0000e-12  -64.89488  -64.78930 345.958307      96.56 1.3927e+02   1389.757      33355  1030.4172  1030.4162    34.6836    34.6822    7.73191         21 0.0000e+00
    565.000    558.704     1.4601  30.312008     1.4598  30.310664     4.0728     4.1274    -0.0108    91.1924 1.0000e-12  -64.89488  -64.78928 345.958332      97.95 1.3872e+02   1391.875      33406  1030.4126  1030.4115    34.6836    34.6822    7.73190         32 0.0000e+00
    564.000    557.715     1.4601  30.311724     1.4597  30.310236     4.0716     4.1275    -0.0172    91.1891 1.0000e-12  -64.89488  -64.78926 345.958370      98.72 1.3748e+02   1395.164      33485  1030.4081  1030.4069    34.6839    34.6824    7.73190         18 0.0000e+00
    563.000    556.729     1.4601  30.311177     1.4597  30.309783     4.0700     4.1294    -0.0200    91.1909 1.0000e-12  -64.89487  -64.78927 345.958377      99.50 1.3750e+02   1395.797      33500  1030.4033  1030.4022    34.6838    34.6824    7.73191         15 0.0000e+00
    562.000    555.741     1.4602  30.310995     1.4599  30.309470     4.0696     4.1277    -0.0028    91.1912 1.0000e-12  -64.89486  -64.78928 345.958384      98.67 1.3750e+02   1396.370      33514  1030.3988  1030.3975    34.6839    34.6824    7.73187         13 0.0000e+00
    561.000    554.755     1.4600  30.310129     1.4596  30.308811     4.0691     4.1279    -0.0026    91.1912 1.0000e-12  -64.89486  -64.78928 345.958390      99.87 1.3750e+02   1396.902      33527  1030.3940  1030.3929    34.6836    34.6824    7.73193         13 0.0000e+00
    560.000    553.765     1.4598  30.309611     1.4594  30.308095     4.0724     4.1289    -0.0030    91.1893 1.0000e-12  -64.89486  -64.78928 345.958397      99.97 1.3750e+02   1397.464      33540  1030.3893  1030.3882    34.6838    34.6823    7.73196         14 0.0000e+00
    559.000    552.776     1.4593  30.308592     1.4590  30.307209     4.0761     4.1285    -0.0036    91.1892 1.0000e-12  -64.89488  -64.78926 345.958404      99.97 1.3750e+02   1398.073      33555  1030.3846  1030.3835    34.6836    34.6822    7.73207         16 0.0000e+00
    558.000    551.790     1.4594  30.308215     1.4591  30.306689     4.0766     4.1288     0.0045    91.1764 1.0000e-12  -64.89488  -64.78926 345.958414      99.97 1.3865e+02   1398.947      33576  1030.3799  1030.3786    34.6836    34.6819    7.73205         29 0.0000e+00
    557.000    550.801     1.4596  30.308084     1.4592  30.306552     4.0725     4.1240    -0.0074    91.1910 1.0000e-12  -64.89488  -64.78924 345.958452      99.97 1.3753e+02   1402.211      33654  1030.3753  1030.3741    34.6837    34.6822    7.73199         35 0.0000e+00
    556.000    549.816     1.4596  30.307641     1.4593  30.306098     4.0696     4.1264    -0.0099    91.1640 1.0000e-12  -64.89488  -64.78924 345.958470      99.97 1.3750e+02   1403.802      33692  1030.3707  1030.3694    34.6837    34.6821    7.73200         24 0.0000e+00
    555.000    548.827     1.4595  30.306977     1.4591  30.305522     4.0724     4.1308    -0.0061    91.1853 1.0000e-12  -64.89488  -64.78924 345.958480      99.97 1.3750e+02   1404.676      33713  1030.3659  1030.3648    34.6836    34.6821    7.73203         19 0.0000e+00
    554.000    547.841     1.4588  30.305854     1.4585  30.304567     4.0812     4.1296    -0.0138    91.1892 1.0000e-12  -64.89488  -64.78924 345.958489      99.97 1.3750e+02   1405.456      33732  1030.3612  1030.3602    34.6835    34.6821    7.73217         19 0.0000e+00
    553.000    546.853     1.4576  30.304138     1.4577  30.302981     4.0847     4.1319    -0.0055    91.1905 1.0000e-12  -64.89488  -64.78924 345.958498      99.97 1.3750e+02   1406.242      33751  1030.3564  1030.3552    34.6832    34.6817    7.73241         19 0.0000e+00
    552.000    545.865     1.4569  30.302823     1.4566  30.301430     4.0777     4.1334    -0.0131    91.2069 1.0000e-12  -64.89488  -64.78924 345.958508      99.97 1.3750e+02   1407.116      33772  1030.3516  1030.3504    34.6828    34.6814    7.73257         23 0.0000e+00
    551.000    544.876     1.4578  30.303184     1.4564  30.300722     4.0862     4.1341    -0.0117    91.2258 1.0000e-12  -64.89488  -64.78924 345.958521      99.97 1.3750e+02   1408.200      33798  1030.3468  1030.3457    34.6829    34.6813    7.73240         30 0.0000e+00
    550.000    543.890     1.4572  30.302225     1.4569  30.300914     4.0793     4.1315    -0.0045    91.2146 1.0000e-12  -64.89488  -64.78922 345.958540      99.97 1.3750e+02   1409.859      33838  1030.3422  1030.3411    34.6829    34.6815    7.73251         41 0.0000e+00
    549.000    542.903     1.4572  30.301785     1.4568  30.300213     4.0768     4.1312    -0.0103    91.2149 1.0000e-12  -64.89488  -64.78922 345.958561      99.97 1.3750e+02   1411.634      33880  1030.3376  1030.3364    34.6829    34.6814    7.73252         33 0.0000e+00
    548.000    541.914     1.4564  30.300352     1.4561  30.298926     4.0764     4.1375    -0.0070    91.2149 1.0000e-12  -64.89488  -64.78922 345.958573      99.96 1.3750e+02   1412.734      33907  1030.3327  1030.3315    34.6825    34.6811    7.73269         22 0.0000e+00
    547.000    540.929     1.4563  30.299993     1.4558  30.298368     4.0797     4.1350    -0.0098    91.2149 1.0000e-12  -64.89488  -64.78922 345.958583      99.97 1.3750e+02   1413.581      33927  1030.3281  1030.3270    34.6827    34.6812    7.73269         18 0.0000e+00
    546.000    539.938     1.4559  30.299061     1.4556  30.297584     4.0808     4.1321    -0.0139    91.2149 1.0000e-12  -64.89488  -64.78922 345.958592      99.97 1.3750e+02   1414.340      33945  1030.3234  1030.3222    34.6826    34.6810    7.73279         19 0.0000e+00
    545.000    538.953     1.4557  30.298442     1.4554  30.297016     4.0813     4.1350    -0.0143    91.2149 1.0000e-12  -64.89488  -64.78920 345.958601      99.97 1.3750e+02   1415.164      33965  1030.3187  1030.3176    34.6825    34.6811    7.73282         22 0.0000e+00
