NBP2113_155081_ctd/data/unbp2113_003.cnv
* Sea-Bird SBE 9 Data File:
* FileName = D:\Data\raw\NBP2113_003.hex
* Software Version Seasave V 7.26.7.121
* Temperature SN = 2438
* Conductivity SN = 2067
* Number of Bytes Per Scan = 40
* Number of Voltage Words = 5
* Number of Scans Averaged by the Deck Unit = 1
* NMEA Latitude = 63 28.26 S
* NMEA Longitude = 061 47.09 W
* NMEA UTC (Time) = Nov 22 2021  19:16:03
* NMEA baud rate = 9600
** Ship: RVIB N.B. Palmer
** Cruise: NBP2113 LTER
** Station: 806.048
** Operator: S. Blackman
# nquan = 25
# nvalues = 552                         
# units = specified
# name 0 = prDM: Pressure, Digiquartz [db]
# name 1 = depSM: Depth [salt water, m]
# name 2 = t090C: Temperature [ITS-90, deg C]
# name 3 = c0mS/cm: Conductivity [mS/cm]
# name 4 = t190C: Temperature, 2 [ITS-90, deg C]
# name 5 = c1mS/cm: Conductivity, 2 [mS/cm]
# name 6 = sbeox0ML/L: Oxygen, SBE 43 [ml/l]
# name 7 = sbeox1ML/L: Oxygen, SBE 43, 2 [ml/l]
# name 8 = flECO-AFL: Fluorescence, WET Labs ECO-AFL/FL [mg/m^3]
# name 9 = CStarTr0: Beam Transmission, WET Labs C-Star [%]
# name 10 = par: PAR/Irradiance, Biospherical/Licor
# name 11 = latitude: Latitude [deg]
# name 12 = longitude: Longitude [deg]
# name 13 = timeJ: Julian Days
# name 14 = altM: Altimeter [m]
# name 15 = spar: SPAR, Biospherical/Licor
# name 16 = timeS: Time, Elapsed [seconds]
# name 17 = scan: Scan Count
# name 18 = density00: Density [density, kg/m^3]
# name 19 = density11: Density, 2 [density, kg/m^3]
# name 20 = sal00: Salinity, Practical [PSU]
# name 21 = sal11: Salinity, Practical, 2 [PSU]
# name 22 = oxsolML/L: Oxygen Saturation, Garcia & Gordon [ml/l]
# name 23 = nbin: number of scans per bin
# name 24 = flag: flag
# span 0 =      2.000,    553.000       
# span 1 =      1.982,    546.909       
# span 2 =    -0.6531,     0.2728       
# span 3 =  27.895601,  29.140464       
# span 4 =    -0.6580,     0.2795       
# span 5 =  27.894378,  29.136617       
# span 6 =     5.3113,     8.1453       
# span 7 =     5.3256,     8.0001       
# span 8 =    -0.0268,     1.4707       
# span 9 =    90.0447,    98.8843       
# span 10 = 1.0000e-12, 1.4689e+03      
# span 11 =  -63.47132,  -63.47118      
# span 12 =  -61.78588,  -61.78559      
# span 13 = 326.816798, 326.833172      
# span 14 =       8.54,      99.99      
# span 15 = 1.8134e+03, 1.8611e+03      
# span 16 =   1208.352,   2623.094      
# span 17 =      29001,      62955      
# span 18 =  1027.3099,  1030.3637      
# span 19 =  1027.3069,  1030.3622      
# span 20 =    33.9813,    34.5667      
# span 21 =    33.9775,    34.5649      
# span 22 =    7.97768,    8.18949      
# span 23 =          6,         51      
# span 24 = 0.0000e+00, 0.0000e+00      
# interval = decibars: 1                
# start_time = Nov 22 2021 19:16:03 [NMEA time, header]
# bad_flag = -9.990e-29
*END*
[from data line 464]
     89.000     88.118    -0.4451  28.069734    -0.4448  28.069378     7.1627     6.8882     0.2676    98.0463 3.2380e-01  -63.47122  -61.78587 326.829456      99.98 1.8303e+03   2302.030      55250  1027.8756  1027.8750    34.1589    34.1581    8.15212         33 0.0000e+00
     88.000     87.128    -0.4498  28.059435    -0.4507  28.057646     7.1635     6.8768     0.3562    97.7799 3.5407e-01  -63.47122  -61.78588 326.829474      99.98 1.8299e+03   2303.567      55287  1027.8644  1027.8634    34.1509    34.1495    8.15357         36 0.0000e+00
     87.000     86.141    -0.4614  28.042191    -0.4453  28.066647     7.2604     6.9300     0.4708    97.4808 4.0227e-01  -63.47122  -61.78586 326.829503      99.97 1.8316e+03   2306.019      55345  1027.8523  1027.8630    34.1414    34.1562    8.15661         35 0.0000e+00
     86.000     85.149    -0.4777  28.015526    -0.4762  28.016806     7.2340     7.0701     0.4039    97.0474 4.0358e-01  -63.47122  -61.78588 326.829561      99.98 1.8252e+03   2311.043      55466  1027.8344  1027.8345    34.1246    34.1246    8.16109         32 0.0000e+00
     85.000     84.157    -0.4797  28.011505    -0.4768  28.014533     7.2560     7.0865     0.4016    97.1528 4.2269e-01  -63.47122  -61.78588 326.829593      99.97 1.8217e+03   2313.807      55532  1027.8275  1027.8281    34.1220    34.1229    8.16165         39 0.0000e+00
     84.000     83.170    -0.4887  27.996879    -0.4890  27.995233     7.2809     7.1610     0.5206    96.8032 4.9646e-01  -63.47120  -61.78584 326.830059      99.98 1.8327e+03   2354.119      56500  1027.8153  1027.8138    34.1131    34.1112    8.16411         39 0.0000e+00
     83.000     82.180    -0.4892  27.995561    -0.4884  27.995769     7.3224     7.1792     0.5289    96.7970 5.4539e-01  -63.47120  -61.78585 326.830073      99.98 1.8315e+03   2355.341      56529  1027.8101  1027.8095    34.1125    34.1119    8.16425         39 0.0000e+00
     82.000     81.188    -0.4967  27.985246    -0.4943  27.987251     7.3476     7.2049     0.5099    96.8100 5.7478e-01  -63.47120  -61.78586 326.830100      99.98 1.8322e+03   2357.673      56585  1027.8020  1027.8018    34.1077    34.1077    8.16614         42 0.0000e+00
     81.000     80.201    -0.5045  27.975273    -0.5038  27.974650     7.4007     7.2542     0.5134    96.7478 5.9267e-01  -63.47120  -61.78586 326.830124      99.98 1.8254e+03   2359.728      56634  1027.7944  1027.7931    34.1037    34.1021    8.16805         35 0.0000e+00
     80.000     79.210    -0.5117  27.966009    -0.5141  27.961178     7.4502     7.2798     0.4643    96.7165 6.2700e-01  -63.47120  -61.78586 326.830139      99.98 1.8251e+03   2360.982      56665  1027.7871  1027.7842    34.1000    34.0962    8.16982         25 0.0000e+00
     79.000     78.218    -0.5147  27.958339    -0.5126  27.957432     7.4215     7.2797     0.4549    96.7015 6.7621e-01  -63.47120  -61.78586 326.830151      99.98 1.8301e+03   2362.051      56690  1027.7773  1027.7743    34.0936    34.0900    8.17082         25 0.0000e+00
     78.000     77.230    -0.5100  27.959373    -0.5093  27.957794     7.4674     7.2911     0.5023    96.5623 7.4347e-01  -63.47120  -61.78585 326.830186      99.97 1.8342e+03   2365.067      56763  1027.7695  1027.7671    34.0904    34.0875    8.17001         36 0.0000e+00
     77.000     76.241    -0.5086  27.958395    -0.5091  27.957120     7.4986     7.3461     0.4934    96.5361 7.9101e-01  -63.47120  -61.78586 326.830223      99.97 1.8223e+03   2368.276      56840  1027.7626  1027.7617    34.0881    34.0870    8.16983         24 0.0000e+00
     76.000     75.249    -0.5079  27.955938    -0.5083  27.953737     7.4882     7.3567     0.4832    96.3844 8.3404e-01  -63.47120  -61.78586 326.830233      99.98 1.8184e+03   2369.160      56861  1027.7550  1027.7530    34.0846    34.0821    8.16989         21 0.0000e+00
     75.000     74.259    -0.5098  27.952587    -0.5118  27.946738     7.4795     7.3523     0.5234    96.1754 8.8327e-01  -63.47120  -61.78586 326.830244      99.97 1.8206e+03   2370.097      56883  1027.7490  1027.7445    34.0829    34.0772    8.17040         24 0.0000e+00
     74.000     73.269    -0.5100  27.952467    -0.5108  27.947103     7.5077     7.3567     0.5972    96.0380 9.3677e-01  -63.47120  -61.78586 326.830258      99.97 1.8301e+03   2371.330      56913  1027.7447  1027.7397    34.0836    34.0773    8.17040         38 0.0000e+00
     73.000     72.278    -0.5118  27.945369    -0.5115  27.944680     7.5949     7.3958     0.6277    95.9519 1.0147e+00  -63.47120  -61.78586 326.830287      99.98 1.8377e+03   2373.813      56973  1027.7344  1027.7334    34.0766    34.0754    8.17118         36 0.0000e+00
     72.000     71.289    -0.5158  27.935485    -0.5126  27.939307     7.5472     7.4205     0.6446    95.7233 1.1323e+00  -63.47120  -61.78586 326.830329      99.98 1.8289e+03   2377.396      57059  1027.7233  1027.7243    34.0685    34.0701    8.17252         35 0.0000e+00
     71.000     70.300    -0.5108  27.943978    -0.5119  27.937380     7.6272     7.4698     0.5944    95.7551 1.2032e+00  -63.47120  -61.78586 326.830353      99.97 1.8254e+03   2379.520      57109  1027.7233  1027.7172    34.0749    34.0672    8.17107         44 0.0000e+00
     70.000     69.310    -0.5125  27.931873    -0.5124  27.930778     7.6663     7.4790     0.6714    95.4071 1.2546e+00  -63.47120  -61.78586 326.830373      99.97 1.8328e+03   2381.233      57151  1027.7075  1027.7062    34.0611    34.0595    8.17222         37 0.0000e+00
     69.000     68.322    -0.5099  27.930131    -0.5120  27.929980     7.7170     7.4730     0.7696    95.1872 1.3195e+00  -63.47120  -61.78586 326.830397      99.97 1.8376e+03   2383.333      57201  1027.6987  1027.7007    34.0564    34.0586    8.17193         37 0.0000e+00
     68.000     67.329    -0.5054  27.927924    -0.5086  27.928816     7.7353     7.5580     0.8576    95.1073 1.4555e+00  -63.47120  -61.78586 326.830431      99.97 1.8275e+03   2386.218      57270  1027.6877  1027.6918    34.0491    34.0539    8.17139         47 0.0000e+00
     67.000     66.337    -0.4963  27.925964    -0.4963  27.924604     7.8051     7.6235     0.9006    94.5156 1.5978e+00  -63.47120  -61.78586 326.830476      99.97 1.8314e+03   2390.135      57364  1027.6725  1027.6710    34.0368    34.0350    8.17013         34 0.0000e+00
     66.000     65.350    -0.4968  27.925476    -0.4973  27.924069     7.7677     7.6439     0.8540    93.9313 1.6650e+00  -63.47120  -61.78586 326.830510      99.97 1.8263e+03   2393.057      57434  1027.6683  1027.6672    34.0374    34.0360    8.17022         40 0.0000e+00
     65.000     64.359    -0.4938  27.924358    -0.4935  27.922611     7.7967     7.6581     0.8893    93.8665 1.9094e+00  -63.47121  -61.78585 326.830717      99.97 1.8291e+03   2410.945      57864  1027.6599  1027.6578    34.0330    34.0304    8.16981         39 0.0000e+00
     64.000     63.370    -0.4930  27.923467    -0.4931  27.922021     7.8086     7.6808     1.0093    93.7274 2.0535e+00  -63.47122  -61.78584 326.830926      99.97 1.8222e+03   2429.044      58298  1027.6540  1027.6526    34.0316    34.0298    8.16972         33 0.0000e+00
     63.000     62.380    -0.4927  27.922295    -0.4927  27.920917     7.8263     7.6835     0.8938    93.6922 2.1858e+00  -63.47122  -61.78584 326.830943      99.97 1.8171e+03   2430.487      58333  1027.6482  1027.6467    34.0303    34.0285    8.16974         31 0.0000e+00
     62.000     61.389    -0.4910  27.921261    -0.4914  27.920045     7.8420     7.6886     0.9568    93.5983 2.4234e+00  -63.47122  -61.78584 326.830968      99.97 1.8310e+03   2432.659      58385  1027.6411  1027.6402    34.0276    34.0265    8.16952         37 0.0000e+00
     61.000     60.400    -0.4891  27.920398    -0.4909  27.919319     7.8642     7.7008     1.0931    93.6153 2.6605e+00  -63.47122  -61.78582 326.831005      99.97 1.8242e+03   2435.852      58461  1027.6341  1027.6346    34.0250    34.0255    8.16927         44 0.0000e+00
     60.000     59.410    -0.4884  27.919570    -0.4905  27.918886     7.8758     7.7438     1.1579    93.5054 2.8760e+00  -63.47122  -61.78582 326.831038      99.97 1.8260e+03   2438.699      58530  1027.6281  1027.6295    34.0236    34.0251    8.16919         38 0.0000e+00
     59.000     58.420    -0.4881  27.917683    -0.4878  27.915965     7.9488     7.7738     1.0304    93.2893 3.0869e+00  -63.47122  -61.78582 326.831055      99.97 1.8293e+03   2440.150      58565  1027.6215  1027.6194    34.0214    34.0188    8.16925         27 0.0000e+00
     58.000     57.430    -0.4854  27.912424    -0.4852  27.909892     7.9593     7.7763     0.9818    92.9973 3.3516e+00  -63.47122  -61.78582 326.831069      99.97 1.8240e+03   2441.332      58593  1027.6089  1027.6060    34.0119    34.0083    8.16922         32 0.0000e+00
     57.000     56.439    -0.4856  27.911678    -0.4862  27.911764     7.9444     7.7868     1.1290    92.7330 3.7346e+00  -63.47122  -61.78581 326.831104      99.97 1.8273e+03   2444.350      58665  1027.6041  1027.6048    34.0118    34.0126    8.16928         35 0.0000e+00
     56.000     55.449    -0.4851  27.908906    -0.4856  27.908847     7.9573     7.8027     1.1926    92.6018 4.1048e+00  -63.47122  -61.78580 326.831136      99.97 1.8349e+03   2447.113      58732  1027.5964  1027.5967    34.0081    34.0085    8.16938         40 0.0000e+00
     55.000     54.459    -0.4854  27.909202    -0.4855  27.908220     7.9502     7.8138     1.3332    92.5022 4.2920e+00  -63.47122  -61.78580 326.831169      99.97 1.8259e+03   2449.995      58801  1027.5927  1027.5917    34.0094    34.0082    8.16936         39 0.0000e+00
     54.000     53.470    -0.4848  27.906449    -0.4850  27.905051     7.9595     7.8181     1.1251    92.4021 4.6077e+00  -63.47122  -61.78581 326.831187      99.97 1.8226e+03   2451.578      58839  1027.5848  1027.5835    34.0057    34.0040    8.16945         33 0.0000e+00
     53.000     52.479    -0.4849  27.905454    -0.4851  27.903992     7.9607     7.8142     1.1806    92.2974 5.2036e+00  -63.47122  -61.78580 326.831209      99.97 1.8261e+03   2453.435      58883  1027.5796  1027.5782    34.0051    34.0033    8.16951         42 0.0000e+00
     52.000     51.489    -0.4857  27.903342    -0.4854  27.902889     7.9761     7.8220     1.2880    92.2536 5.8881e+00  -63.47122  -61.78579 326.831247      99.97 1.8340e+03   2456.786      58964  1027.5738  1027.5730    34.0038    34.0028    8.16976         37 0.0000e+00
     51.000     50.499    -0.4883  27.897777    -0.4864  27.900129     7.9622     7.8251     1.2970    92.2282 5.7933e+00  -63.47122  -61.78580 326.831294      99.97 1.8265e+03   2460.831      59061  1027.5659  1027.5667    33.9998    34.0008    8.17054         34 0.0000e+00
     50.000     49.510    -0.4864  27.900107    -0.4861  27.899542     7.9910     7.8398     1.1884    92.1189 6.5427e+00  -63.47123  -61.78581 326.831412      99.97 1.8225e+03   2470.975      59304  1027.5624  1027.5615    34.0014    34.0004    8.17004         37 0.0000e+00
     49.000     48.520    -0.4852  27.896497    -0.4856  27.895165     8.0089     7.8687     1.2880    91.9256 7.4188e+00  -63.47125  -61.78581 326.832072      99.97 1.8204e+03   2527.984      60673  1027.5530  1027.5520    33.9958    33.9945    8.17010         32 0.0000e+00
     48.000     47.529    -0.4847  27.895601    -0.4847  27.894378     8.0102     7.8845     1.2581    91.9061 8.1664e+00  -63.47126  -61.78580 326.832125      99.97 1.8316e+03   2532.629      60784  1027.5473  1027.5459    33.9947    33.9930    8.17007         35 0.0000e+00
     47.000     46.538    -0.4720  27.903979    -0.4681  27.906187     8.0560     7.8866     1.2205    91.8311 8.9811e+00  -63.47125  -61.78580 326.832145      99.97 1.8241e+03   2534.291      60824  1027.5397  1027.5383    33.9923    33.9909    8.16747         40 0.0000e+00
     46.000     45.552    -0.4460  27.924117    -0.4639  27.907903     8.1085     7.9250     1.4245    91.5292 9.7681e+00  -63.47126  -61.78580 326.832177      99.97 1.8209e+03   2537.077      60891  1027.5320  1027.5319    33.9908    33.9891    8.16195         34 0.0000e+00
     45.000     44.559    -0.4124  27.947800    -0.4246  27.937816     8.1061     7.9493     1.3671    91.2045 1.0525e+01  -63.47126  -61.78580 326.832199      99.97 1.8278e+03   2539.011      60937  1027.5207  1027.5218    33.9855    33.9859    8.15503         36 0.0000e+00
     44.000     43.569    -0.4053  27.952656    -0.4045  27.951994     8.1102     7.9587     1.3338    91.1328 1.1581e+01  -63.47126  -61.78579 326.832218      99.97 1.8248e+03   2540.604      60976  1027.5150  1027.5134    33.9847    33.9829    8.15355         41 0.0000e+00
     43.000     42.579    -0.4054  27.951602    -0.4057  27.950595     8.0705     7.9578     1.4446    91.0076 1.3094e+01  -63.47126  -61.78578 326.832243      99.97 1.8169e+03   2542.792      61028  1027.5101  1027.5092    33.9840    33.9830    8.15362         38 0.0000e+00
     42.000     41.590    -0.4107  27.948154    -0.4011  27.953538     8.0941     7.9616     1.4707    90.8321 1.4489e+01  -63.47126  -61.78578 326.832272      99.97 1.8224e+03   2545.268      61087  1027.5076  1027.5040    33.9859    33.9824    8.15464         45 0.0000e+00
     41.000     40.598    -0.3946  27.958992    -0.3988  27.954673     8.0862     7.9662     1.4700    90.8110 1.5646e+01  -63.47126  -61.78578 326.832297      99.97 1.8279e+03   2547.493      61141  1027.4995  1027.4989    33.9831    33.9820    8.15136         42 0.0000e+00
     40.000     39.608    -0.3959  27.957442    -0.3946  27.957291     8.1121     7.9675     1.4166    90.7775 1.6696e+01  -63.47126  -61.78578 326.832319      99.97 1.8253e+03   2549.373      61186  1027.4950  1027.4935    33.9830    33.9813    8.15163         33 0.0000e+00
     39.000     38.619    -0.3919  27.960271    -0.3920  27.958783     8.1064     7.9698     1.3823    90.7419 1.7652e+01  -63.47126  -61.78578 326.832340      99.97 1.8220e+03   2551.173      61229  1027.4900  1027.4884    33.9830    33.9811    8.15078         39 0.0000e+00
     38.000     37.628    -0.3880  27.962845    -0.3888  27.961005     8.0919     7.9759     1.3633    90.7152 2.0209e+01  -63.47126  -61.78578 326.832358      99.97 1.8188e+03   2552.743      61267  1027.4848  1027.4836    33.9826    33.9811    8.14995         34 0.0000e+00
     37.000     36.638    -0.3908  27.959957    -0.3899  27.959430     8.0946     7.9733     1.3659    90.6968 2.3856e+01  -63.47126  -61.78578 326.832376      99.97 1.8162e+03   2554.287      61304  1027.4802  1027.4788    33.9825    33.9809    8.15056         36 0.0000e+00
     36.000     35.647    -0.3888  27.961260    -0.3899  27.958983     8.1068     7.9692     1.4529    90.7020 2.5541e+01  -63.47126  -61.78576 326.832410      99.97 1.8230e+03   2557.244      61375  1027.4755  1027.4742    33.9827    33.9809    8.15013         37 0.0000e+00
     35.000     34.659    -0.3860  27.963116    -0.3875  27.960529     8.1016     7.9759     1.4280    90.6491 2.5460e+01  -63.47126  -61.78577 326.832439      99.97 1.8183e+03   2559.764      61435  1027.4706  1027.4692    33.9826    33.9808    8.14953         36 0.0000e+00
     34.000     33.667    -0.3854  27.963261    -0.3869  27.960540     8.1058     7.9769     1.3766    90.6020 2.7651e+01  -63.47126  -61.78578 326.832455      99.97 1.8158e+03   2561.107      61468  1027.4659  1027.4644    33.9827    33.9808    8.14939         29 0.0000e+00
     33.000     32.677    -0.3839  27.963787    -0.3835  27.962823     8.1100     7.9788     1.3069    90.6088 3.1936e+01  -63.47126  -61.78578 326.832469      99.97 1.8175e+03   2562.339      61497  1027.4609  1027.4593    33.9825    33.9806    8.14910         30 0.0000e+00
