NBP2113_155081_ctd/data/unbp2113_060.cnv
* Sea-Bird SBE 9 Data File:
* FileName = D:\Data\raw\NBP2113_060.hex
* Software Version Seasave V 7.26.7.121
* Temperature SN = 2438
* Conductivity SN = 2067
* Number of Bytes Per Scan = 40
* Number of Voltage Words = 5
* Number of Scans Averaged by the Deck Unit = 1
* NMEA Latitude = 64 45.87 S
* NMEA Longitude = 063 07.32 W
* NMEA UTC (Time) = Dec 13 2021  22:33:21
* NMEA baud rate = 9600
** Ship: RVIB N.B. Palmer
** Cruise: NBP2113 LTER
** Station: 654.006
** Operator: S. Blackman
# nquan = 25
# nvalues = 276                         
# units = specified
# name 0 = prDM: Pressure, Digiquartz [db]
# name 1 = depSM: Depth [salt water, m]
# name 2 = t090C: Temperature [ITS-90, deg C]
# name 3 = c0mS/cm: Conductivity [mS/cm]
# name 4 = t190C: Temperature, 2 [ITS-90, deg C]
# name 5 = c1mS/cm: Conductivity, 2 [mS/cm]
# name 6 = sbeox0ML/L: Oxygen, SBE 43 [ml/l]
# name 7 = sbeox1ML/L: Oxygen, SBE 43, 2 [ml/l]
# name 8 = flECO-AFL: Fluorescence, WET Labs ECO-AFL/FL [mg/m^3]
# name 9 = CStarTr0: Beam Transmission, WET Labs C-Star [%]
# name 10 = par: PAR/Irradiance, Biospherical/Licor
# name 11 = latitude: Latitude [deg]
# name 12 = longitude: Longitude [deg]
# name 13 = timeJ: Julian Days
# name 14 = altM: Altimeter [m]
# name 15 = spar: SPAR, Biospherical/Licor
# name 16 = timeS: Time, Elapsed [seconds]
# name 17 = scan: Scan Count
# name 18 = density00: Density [density, kg/m^3]
# name 19 = density11: Density, 2 [density, kg/m^3]
# name 20 = sal00: Salinity, Practical [PSU]
# name 21 = sal11: Salinity, Practical, 2 [PSU]
# name 22 = oxsolML/L: Oxygen Saturation, Garcia & Gordon [ml/l]
# name 23 = nbin: number of scans per bin
# name 24 = flag: flag
# span 0 =      1.000,    276.000       
# span 1 =      0.990,    273.116       
# span 2 =    -0.3668,     0.8036       
# span 3 =  27.904768,  29.433289       
# span 4 =    -0.3669,     0.8033       
# span 5 =  27.902044,  29.432421       
# span 6 =     4.9771,     7.5995       
# span 7 =     5.0464,     7.4861       
# span 8 =    -0.0146,     1.2714       
# span 9 =    85.2921,    90.7130       
# span 10 = 1.0000e-12, 5.0267e+02      
# span 11 =  -64.76428,  -64.76402      
# span 12 =  -63.12230,  -63.12216      
# span 13 = 347.948420, 347.955266      
# span 14 =       9.74,     100.60      
# span 15 = 4.7768e+02, 1.8217e+03      
# span 16 =    742.504,   1333.992      
# span 17 =      17821,      32017      
# span 18 =  1027.1617,  1029.0407      
# span 19 =  1027.1604,  1029.0386      
# span 20 =    33.8067,    34.5070      
# span 21 =    33.8063,    34.5057      
# span 22 =    7.87244,    8.13979      
# span 23 =         25,         47      
# span 24 = 0.0000e+00, 0.0000e+00      
# interval = decibars: 1                
# start_time = Dec 13 2021 22:33:21 [NMEA time, header]
# bad_flag = -9.990e-29
*END*
[from data line 58]
    218.000    215.752     0.6347  29.302953     0.6350  29.301710     5.0806     5.1708     0.0300    90.3909 1.0000e-12  -64.76426  -63.12216 347.949264      68.10 1.8017e+03    815.408      19571  1028.6994  1028.6979    34.5018    34.4998    7.90688         27 0.0000e+00
    217.000    214.764     0.6402  29.307063     0.6457  29.310445     5.0852     5.1623     0.0364    90.4038 1.0000e-12  -64.76426  -63.12216 347.949278      69.50 1.8017e+03    816.582      19599  1028.6942  1028.6924    34.5015    34.4998    7.90576         29 0.0000e+00
    216.000    213.774     0.6485  29.313914     0.6509  29.314824     5.0798     5.1660     0.0362    90.3801 1.0000e-12  -64.76426  -63.12216 347.949291      70.37 1.8014e+03    817.762      19627  1028.6892  1028.6878    34.5018    34.5003    7.90406         28 0.0000e+00
    215.000    212.786     0.6501  29.314855     0.6572  29.319770     5.0724     5.1700     0.0362    90.4151 1.0000e-12  -64.76426  -63.12216 347.949305      71.35 1.8005e+03    818.988      19657  1028.6846  1028.6828    34.5018    34.5003    7.90373         29 0.0000e+00
    214.000    211.796     0.6581  29.321418     0.6416  29.305431     5.0785     5.1579     0.0385    90.3825 1.0000e-12  -64.76426  -63.12216 347.949321      72.17 1.8005e+03    820.360      19690  1028.6795  1028.6792    34.5021    34.4996    7.90209         34 0.0000e+00
    213.000    210.806     0.6580  29.320194     0.6622  29.322996     5.0854     5.1482     0.0627    90.3720 1.0000e-12  -64.76424  -63.12216 347.949338      73.45 1.8007e+03    821.817      19725  1028.6743  1028.6731    34.5012    34.5002    7.90216         34 0.0000e+00
    212.000    209.816     0.6512  29.315833     0.6736  29.332901     5.0512     5.1431     0.0378    90.4486 1.0000e-12  -64.76424  -63.12216 347.949356      74.24 1.8023e+03    823.319      19761  1028.6725  1028.6682    34.5037    34.5010    7.90341         35 0.0000e+00
    211.000    208.829     0.6848  29.343478     0.6810  29.339590     5.0433     5.1334     0.0346    90.4260 1.0000e-12  -64.76424  -63.12216 347.949374      75.27 1.8034e+03    824.909      19799  1028.6640  1028.6638    34.5028    34.5021    7.89661         32 0.0000e+00
    210.000    207.839     0.6893  29.347435     0.6918  29.348452     5.0399     5.1341     0.0461    90.4712 1.0000e-12  -64.76424  -63.12216 347.949392      76.54 1.8015e+03    826.487      19837  1028.6597  1028.6584    34.5035    34.5021    7.89565         36 0.0000e+00
    209.000    206.850     0.6889  29.346260     0.6862  29.343642     5.0507     5.1311     0.0418    90.4770 1.0000e-12  -64.76424  -63.12216 347.949411      77.34 1.7999e+03    828.072      19875  1028.6549  1028.6550    34.5031    34.5027    7.89577         38 0.0000e+00
    208.000    205.860     0.6909  29.348015     0.6944  29.349296     5.0730     5.1365     0.0413    90.5146 1.0000e-12  -64.76424  -63.12216 347.949429      78.23 1.7999e+03    829.683      19913  1028.6507  1028.6485    34.5037    34.5015    7.89532         39 0.0000e+00
    207.000    204.871     0.6764  29.332730     0.6824  29.337484     5.0456     5.1383     0.0334    90.4990 1.0000e-12  -64.76424  -63.12216 347.949451      79.26 1.7999e+03    831.559      19958  1028.6450  1028.6441    34.5005    34.5000    7.89844         41 0.0000e+00
    206.000    203.882     0.6998  29.354230     0.6722  29.329008     5.0361     5.1413     0.0387    90.5031 1.0000e-12  -64.76422  -63.12216 347.949474      80.33 1.7999e+03    833.571      20007  1028.6402  1028.6411    34.5030    34.5010    7.89355         42 0.0000e+00
    205.000    202.893     0.7038  29.356896     0.6784  29.333887     5.0316     5.1395     0.0321    90.4982 1.0000e-12  -64.76422  -63.12216 347.949497      81.63 1.8010e+03    835.561      20054  1028.6349  1028.6358    34.5026    34.5010    7.89275         41 0.0000e+00
    204.000    201.904     0.7100  29.362807     0.6871  29.340758     5.0421     5.1258     0.0397    90.5134 1.0000e-12  -64.76422  -63.12216 347.949520      82.49 1.8027e+03    837.574      20103  1028.6309  1028.6302    34.5041    34.5009    7.89143         42 0.0000e+00
    203.000    200.915     0.6995  29.353090     0.6918  29.348066     5.0477     5.1302     0.0363    90.4663 1.0000e-12  -64.76422  -63.12216 347.949544      83.47 1.8017e+03    839.629      20152  1028.6271  1028.6290    34.5037    34.5057    7.89357         36 0.0000e+00
    202.000    199.925     0.7030  29.355193     0.6906  29.344237     5.0378     5.1214     0.0338    90.4925 1.0000e-12  -64.76422  -63.12216 347.949569      84.35 1.8016e+03    841.732      20203  1028.6216  1028.6221    34.5032    34.5027    7.89290         47 0.0000e+00
    201.000    198.936     0.7122  29.362800     0.7006  29.352763     5.0435     5.1268     0.0467    90.4843 1.0000e-12  -64.76422  -63.12216 347.949594      85.55 1.8007e+03    843.907      20255  1028.6164  1028.6169    34.5033    34.5032    7.89101         45 0.0000e+00
    200.000    197.947     0.7153  29.364966     0.6945  29.346622     5.0314     5.1142     0.0615    90.5258 1.0000e-12  -64.76422  -63.12216 347.949623      86.77 1.7999e+03    846.471      20316  1028.6113  1028.6124    34.5033    34.5026    7.89038         46 0.0000e+00
    199.000    196.958     0.7177  29.367395     0.7120  29.361171     5.0265     5.1154     0.0411    90.5283 1.0000e-12  -64.76420  -63.12216 347.949657      87.78 1.7974e+03    849.383      20386  1028.6074  1028.6062    34.5044    34.5027    7.88984         39 0.0000e+00
    198.000    195.969     0.7252  29.373203     0.7178  29.365262     5.0284     5.1111     0.0331    90.5468 1.0000e-12  -64.76420  -63.12216 347.949691      88.95 1.7964e+03    852.335      20457  1028.6019  1028.6006    34.5042    34.5021    7.88833         45 0.0000e+00
    197.000    194.980     0.7236  29.371140     0.7232  29.370020     5.0264     5.1063     0.0390    90.5342 1.0000e-12  -64.76420  -63.12216 347.949723      89.74 1.7956e+03    855.099      20523  1028.5972  1028.5961    34.5039    34.5028    7.88867         37 0.0000e+00
    196.000    193.990     0.7347  29.380556     0.7269  29.371987     5.0125     5.1007     0.0315    90.5351 1.0000e-12  -64.76420  -63.12216 347.949757      90.72 1.7982e+03    857.967      20592  1028.5918  1028.5906    34.5043    34.5019    7.88638         40 0.0000e+00
    195.000    193.000     0.7372  29.382159     0.7341  29.378520     5.0197     5.0934     0.0289    90.5580 1.0000e-12  -64.76420  -63.12216 347.949790      92.02 1.7988e+03    860.859      20662  1028.5870  1028.5860    34.5042    34.5029    7.88588         38 0.0000e+00
    194.000    192.011     0.7410  29.385987     0.7359  29.379256     4.9981     5.0967     0.0313    90.5398 1.0000e-12  -64.76418  -63.12216 347.949825      92.95 1.7981e+03    863.911      20735  1028.5831  1028.5810    34.5056    34.5025    7.88504         31 0.0000e+00
    193.000    191.019     0.7664  29.407162     0.7495  29.391969     4.9967     5.0873     0.0376    90.5491 1.0000e-12  -64.76418  -63.12216 347.949858      93.98 1.7983e+03    866.756      20803  1028.5761  1028.5768    34.5053    34.5045    7.87990         37 0.0000e+00
    192.000    190.033     0.7856  29.422975     0.7821  29.418824     4.9885     5.0626     0.0351    90.5536 1.0000e-12  -64.76413  -63.12218 347.950185      94.89 1.7905e+03    895.003      21481  1028.5706  1028.5696    34.5052    34.5037    7.87603         41 0.0000e+00
    191.000    189.043     0.7850  29.421989     0.7836  29.419716     4.9893     5.0623     0.0298    90.5942 1.0000e-12  -64.76412  -63.12218 347.950263      95.62 1.7875e+03    901.732      21643  1028.5660  1028.5650    34.5051    34.5038    7.87615         40 0.0000e+00
    190.000    188.053     0.7894  29.425199     0.7877  29.422729     4.9843     5.0575     0.0320    90.5976 1.0000e-12  -64.76412  -63.12218 347.950284      96.76 1.7862e+03    903.557      21686  1028.5607  1028.5598    34.5050    34.5037    7.87527         40 0.0000e+00
    189.000    187.065     0.7958  29.430214     0.7923  29.426337     4.9784     5.0549     0.0448    90.5821 1.0000e-12  -64.76412  -63.12218 347.950304      97.76 1.7840e+03    905.247      21727  1028.5554  1028.5548    34.5050    34.5039    7.87397         34 0.0000e+00
    188.000    186.076     0.7972  29.431254     0.7942  29.427479     4.9781     5.0528     0.0258    90.6074 1.0000e-12  -64.76412  -63.12219 347.950321      98.66 1.7823e+03    906.749      21763  1028.5508  1028.5498    34.5053    34.5038    7.87366         33 0.0000e+00
    187.000    185.086     0.7992  29.432314     0.8002  29.431989     4.9771     5.0464     0.0249    90.6055 1.0000e-12  -64.76412  -63.12220 347.950338      99.74 1.7805e+03    908.162      21797  1028.5457  1028.5444    34.5051    34.5036    7.87327         33 0.0000e+00
    186.000    184.097     0.8011  29.433289     0.8015  29.432421     4.9794     5.0567     0.0314    90.6188 1.0000e-12  -64.76412  -63.12220 347.950354      99.75 1.7794e+03    909.545      21830  1028.5407  1028.5394    34.5048    34.5032    7.87290         33 0.0000e+00
    185.000    183.107     0.8014  29.432938     0.8019  29.432147     4.9868     5.0545     0.0378    90.6036 1.0000e-12  -64.76411  -63.12220 347.950370      99.80 1.7770e+03    910.951      21864  1028.5358  1028.5344    34.5046    34.5030    7.87286         34 0.0000e+00
    184.000    182.118     0.8021  29.432774     0.8024  29.432052     4.9864     5.0564     0.0289    90.6032 1.0000e-12  -64.76410  -63.12220 347.950386      99.97 1.7789e+03    912.335      21897  1028.5308  1028.5296    34.5042    34.5029    7.87273         33 0.0000e+00
    183.000    181.129     0.8030  29.433076     0.8033  29.432348     4.9893     5.0591     0.0291    90.5930 1.0000e-12  -64.76410  -63.12220 347.950402      65.07 1.7796e+03    913.718      21930  1028.5260  1028.5249    34.5043    34.5029    7.87256         33 0.0000e+00
    182.000    180.139     0.8036  29.433049     0.8029  29.431393     4.9802     5.0565     0.0364    90.6217 1.0000e-12  -64.76410  -63.12220 347.950418      99.73 1.7809e+03    915.095      21963  1028.5212  1028.5201    34.5041    34.5028    7.87244         32 0.0000e+00
    181.000    179.150     0.8036  29.432517     0.8033  29.430625     4.9825     5.0580     0.0362    90.6113 1.0000e-12  -64.76410  -63.12220 347.950434      99.97 1.7806e+03    916.456      21996  1028.5163  1028.5147    34.5040    34.5019    7.87244         31 0.0000e+00
    180.000    178.161     0.8033  29.431280     0.8020  29.429114     4.9922     5.0684     0.0362    90.6355 1.0000e-12  -64.76410  -63.12220 347.950449      99.97 1.7801e+03    917.820      22029  1028.5112  1028.5102    34.5034    34.5020    7.87255         31 0.0000e+00
    179.000    177.171     0.8010  29.428350     0.7976  29.423430     5.0068     5.0747     0.0303    90.6331 1.0000e-12  -64.76410  -63.12220 347.950465      64.12 1.7775e+03    919.179      22061  1028.5061  1028.5043    34.5027    34.5001    7.87304         32 0.0000e+00
    178.000    176.183     0.7962  29.422651     0.7955  29.421038     5.0225     5.0854     0.0352    90.5939 1.0000e-12  -64.76410  -63.12220 347.950481     100.60 1.7747e+03    920.566      22095  1028.5006  1028.4996    34.5012    34.4999    7.87410         33 0.0000e+00
    177.000    175.193     0.7887  29.414625     0.7861  29.411071     5.0228     5.0880     0.0354    90.6142 1.0000e-12  -64.76410  -63.12220 347.950497      99.97 1.7744e+03    921.983      22129  1028.4954  1028.4943    34.4997    34.4981    7.87569         35 0.0000e+00
    176.000    174.203     0.7818  29.407155     0.7842  29.408679     5.0282     5.0896     0.0386    90.6124 1.0000e-12  -64.76410  -63.12220 347.950514      99.97 1.7771e+03    923.429      22163  1028.4901  1028.4893    34.4983    34.4976    7.87717         35 0.0000e+00
    175.000    173.213     0.7794  29.404602     0.7802  29.404284     5.0369     5.0980     0.0303    90.5958 1.0000e-12  -64.76410  -63.12220 347.950531      99.97 1.7801e+03    924.856      22198  1028.4855  1028.4843    34.4983    34.4970    7.87766         32 0.0000e+00
    174.000    172.225     0.7726  29.397130     0.7732  29.396739     5.0403     5.1069     0.0390    90.6169 1.0000e-12  -64.76410  -63.12222 347.950547      99.97 1.7819e+03    926.228      22230  1028.4801  1028.4791    34.4967    34.4955    7.87912         33 0.0000e+00
    173.000    171.235     0.7703  29.394134     0.7689  29.391576     5.0407     5.0971     0.0479    90.5887 1.0000e-12  -64.76410  -63.12222 347.950563      99.97 1.7830e+03    927.607      22264  1028.4749  1028.4737    34.4959    34.4943    7.87962         33 0.0000e+00
    172.000    170.246     0.7694  29.392652     0.7697  29.391732     5.0359     5.1025     0.0396    90.6085 1.0000e-12  -64.76410  -63.12222 347.950579      99.97 1.7832e+03    928.988      22297  1028.4699  1028.4687    34.4956    34.4941    7.87982         33 0.0000e+00
    171.000    169.257     0.7703  29.393126     0.7724  29.394881     5.0285     5.1074     0.0364    90.6125 1.0000e-12  -64.76410  -63.12222 347.950595      99.97 1.7848e+03    930.371      22330  1028.4652  1028.4649    34.4959    34.4958    7.87963         33 0.0000e+00
    170.000    168.266     0.7696  29.392000     0.7686  29.390201     5.0325     5.1112     0.0362    90.6044 1.0000e-12  -64.76410  -63.12222 347.950611      99.97 1.7873e+03    931.780      22364  1028.4604  1028.4595    34.4957    34.4945    7.87978         34 0.0000e+00
    169.000    167.278     0.7677  29.389371     0.7671  29.387738     5.0366     5.1064     0.0461    90.6001 1.0000e-12  -64.76408  -63.12222 347.950627      99.97 1.7891e+03    933.155      22397  1028.4552  1028.4541    34.4950    34.4936    7.88020         33 0.0000e+00
    168.000    166.289     0.7672  29.388422     0.7671  29.387301     5.0474     5.1079     0.0332    90.5938 1.0000e-12  -64.76408  -63.12222 347.950642      99.97 1.7924e+03    934.507      22429  1028.4504  1028.4494    34.4949    34.4936    7.88030         32 0.0000e+00
    167.000    165.298     0.7676  29.388301     0.7672  29.386907     5.0349     5.1082     0.0434    90.5674 1.0000e-12  -64.76408  -63.12222 347.950658      99.97 1.7934e+03    935.884      22462  1028.4457  1028.4446    34.4950    34.4936    7.88024         32 0.0000e+00
    166.000    164.309     0.7671  29.387326     0.7672  29.386497     5.0289     5.1064     0.0512    90.5695 1.0000e-12  -64.76408  -63.12222 347.950675      99.97 1.7967e+03    937.306      22496  1028.4408  1028.4398    34.4949    34.4937    7.88034         32 0.0000e+00
    165.000    163.320     0.7660  29.385902     0.7664  29.385421     5.0341     5.1056     0.0433    90.5995 1.0000e-12  -64.76408  -63.12222 347.950691      99.97 1.7982e+03    938.718      22530  1028.4362  1028.4352    34.4948    34.4938    7.88056         33 0.0000e+00
    164.000    162.331     0.7662  29.385394     0.7654  29.383797     5.0414     5.1147     0.0379    90.5922 1.0000e-12  -64.76408  -63.12222 347.950707      99.97 1.7999e+03    940.095      22563  1028.4312  1028.4303    34.4946    34.4934    7.88054         33 0.0000e+00
    163.000    161.342     0.7676  29.386228     0.7667  29.384539     5.0372     5.1106     0.0526    90.5813 1.0000e-12  -64.76408  -63.12223 347.950723      99.97 1.8015e+03    941.458      22596  1028.4264  1028.4255    34.4947    34.4935    7.88025         30 0.0000e+00
    162.000    160.351     0.7688  29.386930     0.7691  29.386140     5.0347     5.1124     0.0481    90.5795 1.0000e-12  -64.76408  -63.12224 347.950739      99.97 1.8034e+03    942.831      22629  1028.4216  1028.4205    34.4948    34.4934    7.88000         34 0.0000e+00
