NBP2113_155081_ctd/data/unbp2113_016.cnv
* Sea-Bird SBE 9 Data File:
* FileName = D:\Data\raw\NBP2113_016.hex
* Software Version Seasave V 7.26.7.121
* Temperature SN = 2438
* Conductivity SN = 2067
* Number of Bytes Per Scan = 40
* Number of Voltage Words = 5
* Number of Scans Averaged by the Deck Unit = 1
* NMEA Latitude = 65 52.76 S
* NMEA Longitude = 068 17.29 W
* NMEA UTC (Time) = Nov 28 2021  02:04:04
* NMEA baud rate = 9600
** Ship: RVIB N.B. Palmer
** Cruise: NBP2113 LTER
** Station: 400.100
** Operator: S. Blackman
# nquan = 25
# nvalues = 340                         
# units = specified
# name 0 = prDM: Pressure, Digiquartz [db]
# name 1 = depSM: Depth [salt water, m]
# name 2 = t090C: Temperature [ITS-90, deg C]
# name 3 = c0mS/cm: Conductivity [mS/cm]
# name 4 = t190C: Temperature, 2 [ITS-90, deg C]
# name 5 = c1mS/cm: Conductivity, 2 [mS/cm]
# name 6 = sbeox0ML/L: Oxygen, SBE 43 [ml/l]
# name 7 = sbeox1ML/L: Oxygen, SBE 43, 2 [ml/l]
# name 8 = flECO-AFL: Fluorescence, WET Labs ECO-AFL/FL [mg/m^3]
# name 9 = CStarTr0: Beam Transmission, WET Labs C-Star [%]
# name 10 = par: PAR/Irradiance, Biospherical/Licor
# name 11 = latitude: Latitude [deg]
# name 12 = longitude: Longitude [deg]
# name 13 = timeJ: Julian Days
# name 14 = altM: Altimeter [m]
# name 15 = spar: SPAR, Biospherical/Licor
# name 16 = timeS: Time, Elapsed [seconds]
# name 17 = scan: Scan Count
# name 18 = density00: Density [density, kg/m^3]
# name 19 = density11: Density, 2 [density, kg/m^3]
# name 20 = sal00: Salinity, Practical [PSU]
# name 21 = sal11: Salinity, Practical, 2 [PSU]
# name 22 = oxsolML/L: Oxygen Saturation, Garcia & Gordon [ml/l]
# name 23 = nbin: number of scans per bin
# name 24 = flag: flag
# span 0 =      1.000,    340.000       
# span 1 =      0.991,    336.370       
# span 2 =    -0.6144,     1.5525       
# span 3 =  27.845336,  30.300125       
# span 4 =    -0.6157,     1.5517       
# span 5 =  27.844113,  30.298608       
# span 6 =     3.9373,     9.4572       
# span 7 =     3.9898,    10.1371       
# span 8 =    -0.0225,     2.5562       
# span 9 =    90.2039,    97.8989       
# span 10 = 1.0000e-12, 1.1111e+01      
# span 11 =  -65.88320,  -65.88134      
# span 12 =  -68.28686,  -68.28572      
# span 13 = 332.096608, 332.107006      
# span 14 =       3.54,     100.66      
# span 15 = 3.5196e+00, 8.8144e+00      
# span 16 =    902.940,   1801.309      
# span 17 =      21672,      43232      
# span 18 =  1027.3581,  1029.3832      
# span 19 =  1027.3555,  1029.3822      
# span 20 =    34.0379,    34.7140      
# span 21 =    34.0350,    34.7128      
# span 22 =    7.71219,    8.19386      
# span 23 =         12,         48      
# span 24 = 0.0000e+00, 0.0000e+00      
# interval = decibars: 1                
# start_time = Nov 28 2021 02:04:04 [NMEA time, header]
# bad_flag = -9.990e-29
*END*
[from data line 174]
    166.000    164.297     1.3484  29.993131     1.3473  29.991329     3.9705     4.0142    -0.0053    97.8341 1.0000e-12  -65.88212  -68.28638 332.101069      99.98 7.0515e+00   1288.347      30921  1028.5091  1028.5083    34.6303    34.6292    7.75674         18 0.0000e+00
    165.000    163.307     1.3492  29.994062     1.3499  29.993670     3.9719     4.0143    -0.0001    97.8297 1.0000e-12  -65.88212  -68.28638 332.101080      99.98 7.0515e+00   1289.324      30945  1028.5049  1028.5038    34.6312    34.6299    7.75654         32 0.0000e+00
    164.000    162.317     1.3525  29.996968     1.3542  29.997938     3.9739     4.0235    -0.0010    97.8249 1.0000e-12  -65.88212  -68.28639 332.101102      99.98 7.0515e+00   1291.206      30990  1028.5000  1028.4994    34.6318    34.6312    7.75584         41 0.0000e+00
    163.000    161.330     1.3533  29.997258     1.3527  29.995325     3.9919     4.0330     0.0017    97.8337 1.0000e-12  -65.88212  -68.28640 332.101119      99.98 7.0515e+00   1292.725      31026  1028.4952  1028.4939    34.6319    34.6301    7.75569         28 0.0000e+00
    162.000    160.338     1.3479  29.990622     1.3489  29.991088     3.9955     4.0371    -0.0101    97.8220 1.0000e-12  -65.88212  -68.28640 332.101132      99.98 7.0515e+00   1293.813      31053  1028.4895  1028.4889    34.6300    34.6294    7.75686         28 0.0000e+00
    161.000    159.349     1.3482  29.990555     1.3470  29.988329     4.0007     4.0502     0.0047    97.8131 1.0000e-12  -65.88212  -68.28638 332.101153      99.98 7.0515e+00   1295.621      31096  1028.4846  1028.4835    34.6301    34.6286    7.75678         42 0.0000e+00
    160.000    158.360     1.3477  29.989177     1.3455  29.986015     4.0545     4.0945     0.0026    97.8065 1.0000e-12  -65.88214  -68.28636 332.101174      99.98 7.0515e+00   1297.445      31140  1028.4794  1028.4783    34.6295    34.6279    7.75692         24 0.0000e+00
    159.000    157.374     1.3422  29.982492     1.3411  29.980330     4.0944     4.1115    -0.0059    97.8068 1.0000e-12  -65.88214  -68.28636 332.101183      99.98 7.0515e+00   1298.194      31158  1028.4737  1028.4725    34.6277    34.6260    7.75811         16 0.0000e+00
    158.000    156.381     1.3308  29.968937     1.3270  29.963676     4.1022     4.1173    -0.0072    97.8068 1.0000e-12  -65.88214  -68.28635 332.101190      99.98 7.0515e+00   1298.808      31172  1028.4668  1028.4652    34.6235    34.6210    7.76058         14 0.0000e+00
    157.000    155.393     1.3248  29.961593     1.3232  29.959072     4.0932     4.1134    -0.0067    97.8068 1.0000e-12  -65.88214  -68.28634 332.101197      99.98 7.0515e+00   1299.402      31187  1028.4609  1028.4599    34.6214    34.6199    7.76188         15 0.0000e+00
    156.000    154.402     1.3224  29.958566     1.3217  29.956974     4.0821     4.1088    -0.0066    97.8068 1.0000e-12  -65.88214  -68.28636 332.101204      99.98 7.0515e+00   1300.045      31202  1028.4558  1028.4548    34.6207    34.6194    7.76238         16 0.0000e+00
    155.000    153.412     1.3249  29.960833     1.3232  29.958394     4.0791     4.1115    -0.0076    97.7901 1.0000e-12  -65.88214  -68.28636 332.101214      99.98 7.0515e+00   1300.877      31222  1028.4514  1028.4505    34.6214    34.6202    7.76186         25 0.0000e+00
    154.000    152.423     1.3210  29.956183     1.3231  29.957671     4.0815     4.1209    -0.0077    97.7624 1.0000e-12  -65.88214  -68.28636 332.101237      99.98 7.0515e+00   1302.883      31270  1028.4460  1028.4455    34.6203    34.6200    7.76268         31 0.0000e+00
    153.000    151.435     1.3208  29.955565     1.3215  29.955615     4.0880     4.1223     0.0078    97.7768 1.0000e-12  -65.88214  -68.28636 332.101259      99.98 7.0515e+00   1304.812      31316  1028.4411  1028.4406    34.6203    34.6197    7.76271         25 0.0000e+00
    152.000    150.447     1.3209  29.955176     1.3217  29.955099     4.0859     4.1182     0.0074    97.7546 1.0000e-12  -65.88214  -68.28636 332.101269      99.98 7.0515e+00   1305.635      31336  1028.4364  1028.4356    34.6204    34.6194    7.76271         18 0.0000e+00
    151.000    149.456     1.3163  29.949723     1.3160  29.948647     4.0767     4.1193    -0.0005    97.7553 1.0000e-12  -65.88214  -68.28636 332.101277      99.98 7.0515e+00   1306.360      31354  1028.4311  1028.4303    34.6191    34.6180    7.76368         18 0.0000e+00
    150.000    148.466     1.3156  29.948667     1.3153  29.947485     4.0781     4.1229    -0.0212    97.7769 1.0000e-12  -65.88216  -68.28634 332.101287      99.98 7.0515e+00   1307.193      31374  1028.4264  1028.4255    34.6191    34.6179    7.76382         24 0.0000e+00
    149.000    147.477     1.3162  29.948896     1.3165  29.948349     4.0686     4.1235    -0.0070    97.7700 1.0000e-12  -65.88216  -68.28633 332.101306      99.98 7.0515e+00   1308.862      31414  1028.4217  1028.4209    34.6193    34.6183    7.76369         33 0.0000e+00
    148.000    146.488     1.3177  29.949755     1.3173  29.948549     4.0686     4.1333    -0.0051    97.7947 1.0000e-12  -65.88216  -68.28632 332.101331      99.98 7.0515e+00   1310.955      31464  1028.4168  1028.4159    34.6193    34.6183    7.76339         30 0.0000e+00
    147.000    145.499     1.3155  29.947215     1.3158  29.946559     4.0741     4.1470     0.0005    97.7768 1.0000e-12  -65.88216  -68.28632 332.101341      99.98 7.0515e+00   1311.850      31485  1028.4120  1028.4111    34.6191    34.6179    7.76383         19 0.0000e+00
    146.000    144.508     1.3124  29.942681     1.3104  29.939086     4.0996     4.1501    -0.0077    97.7811 1.0000e-12  -65.88216  -68.28632 332.101349      99.98 7.0515e+00   1312.581      31503  1028.4062  1028.4045    34.6173    34.6150    7.76454         17 0.0000e+00
    145.000    143.519     1.3087  29.937226     1.3063  29.933215     4.1164     4.1522    -0.0073    97.7811 1.0000e-12  -65.88216  -68.28632 332.101358      99.98 7.0515e+00   1313.290      31520  1028.3999  1028.3982    34.6150    34.6125    7.76540         17 0.0000e+00
    144.000    142.530     1.3049  29.932348     1.2989  29.924239     4.1178     4.1491    -0.0074    97.7811 1.0000e-12  -65.88218  -68.28632 332.101367      99.98 7.0515e+00   1314.074      31539  1028.3945  1028.3920    34.6136    34.6098    7.76624         21 0.0000e+00
    143.000    141.541     1.3004  29.926592     1.3033  29.929437     4.1101     4.1474    -0.0092    97.7811 1.0000e-12  -65.88218  -68.28632 332.101380      99.98 7.0515e+00   1315.218      31566  1028.3886  1028.3886    34.6117    34.6121    7.76721         37 0.0000e+00
    142.000    140.550     1.3014  29.927528     1.3048  29.930692     4.1298     4.1597    -0.0094    97.7731 1.0000e-12  -65.88218  -68.28633 332.101401      99.98 7.0515e+00   1317.062      31610  1028.3843  1028.3842    34.6124    34.6128    7.76698         44 0.0000e+00
    141.000    139.562     1.2841  29.906688     1.2925  29.915792     4.1383     4.1960    -0.0110    97.7812 1.0000e-12  -65.88218  -68.28632 332.101418      99.98 7.0515e+00   1318.485      31645  1028.3757  1028.3767    34.6055    34.6078    7.77078         27 0.0000e+00
    140.000    138.572     1.2837  29.906687     1.2807  29.901105     4.1480     4.1953    -0.0181    97.7939 1.0000e-12  -65.88218  -68.28631 332.101430      99.98 7.0515e+00   1319.555      31670  1028.3717  1028.3689    34.6065    34.6026    7.77081         26 0.0000e+00
    139.000    137.582     1.2758  29.897924     1.2541  29.873587     4.1740     4.1960    -0.0069    97.7812 1.0000e-12  -65.88218  -68.28630 332.101444      99.98 6.6882e+00   1320.737      31699  1028.3662  1028.3625    34.6046    34.5974    7.77247         31 0.0000e+00
    138.000    136.594     1.2485  29.867301     1.2769  29.896789     4.2054     4.2216     0.0016    97.7647 1.0000e-12  -65.88218  -68.28630 332.101459      99.98 6.4409e+00   1322.088      31731  1028.3572  1028.3595    34.5962    34.6026    7.77833         32 0.0000e+00
    137.000    135.602     1.2307  29.848157     1.2530  29.871136     4.2065     4.2460    -0.0040    97.7757 1.0000e-12  -65.88220  -68.28630 332.101472      99.98 5.9713e+00   1323.226      31758  1028.3506  1028.3523    34.5919    34.5967    7.78208         23 0.0000e+00
    136.000    134.614     1.2168  29.833163     1.2175  29.832816     4.2190     4.2558    -0.0151    97.7598 1.0000e-12  -65.88220  -68.28630 332.101483      99.97 6.3342e+00   1324.156      31781  1028.3445  1028.3436    34.5887    34.5875    7.78503         22 0.0000e+00
    135.000    133.626     1.2175  29.834103     1.2044  29.818867     4.2126     4.2551    -0.0131    97.7631 1.0000e-12  -65.88220  -68.28630 332.101494      99.98 6.2858e+00   1325.067      31803  1028.3403  1028.3377    34.5898    34.5846    7.78483         23 0.0000e+00
    134.000    132.635     1.2093  29.824233     1.2018  29.816185     4.2046     4.2523    -0.0057    97.7371 1.0000e-12  -65.88220  -68.28630 332.101505      99.98 6.3456e+00   1326.071      31827  1028.3339  1028.3330    34.5868    34.5847    7.78662         25 0.0000e+00
    133.000    131.645     1.2168  29.834203     1.2055  29.819131     4.2261     4.2517     0.0001    97.7605 1.0000e-12  -65.88222  -68.28630 332.101519      99.98 6.2289e+00   1327.228      31854  1028.3322  1028.3278    34.5918    34.5849    7.78486         30 0.0000e+00
    132.000    130.656     1.1867  29.799949     1.2110  29.825296     4.2383     4.2633     0.0001    97.7406 1.0000e-12  -65.88222  -68.28631 332.101534      99.98 5.6369e+00   1328.541      31886  1028.3222  1028.3243    34.5817    34.5874    7.79137         30 0.0000e+00
    131.000    129.667     1.1751  29.787805     1.1896  29.803249     4.2330     4.2644    -0.0049    97.7370 1.0000e-12  -65.88222  -68.28630 332.101550      99.98 5.6412e+00   1329.941      31920  1028.3166  1028.3183    34.5797    34.5834    7.79380         35 0.0000e+00
    130.000    128.678     1.1751  29.787138     1.1777  29.789964     4.2375     4.2793     0.0038    97.7483 1.0000e-12  -65.88222  -68.28629 332.101569      99.98 6.0765e+00   1331.516      31957  1028.3113  1028.3117    34.5793    34.5801    7.79381         36 0.0000e+00
    129.000    127.688     1.1707  29.782374     1.1798  29.790613     4.2544     4.2877     0.0168    97.7599 1.0000e-12  -65.88222  -68.28628 332.101584      99.98 5.6976e+00   1332.842      31989  1028.3062  1028.3059    34.5787    34.5792    7.79473         25 0.0000e+00
    128.000    126.699     1.1592  29.769018     1.1554  29.763763     4.2678     4.2791     0.0170    97.7551 1.0000e-12  -65.88222  -68.28628 332.101594      99.98 6.3370e+00   1333.751      32011  1028.2995  1028.2979    34.5749    34.5723    7.79722         19 0.0000e+00
    127.000    125.707     1.1461  29.754426     1.1348  29.741930     4.2516     4.2741     0.0098    97.7134 1.0000e-12  -65.88222  -68.28628 332.101603      99.98 5.9003e+00   1334.478      32028  1028.2930  1028.2913    34.5712    34.5677    7.80002         17 0.0000e+00
    126.000    124.720     1.1333  29.740317     1.1255  29.731277     4.2403     4.2767     0.0060    97.6767 1.0000e-12  -65.88224  -68.28628 332.101610      99.98 5.6212e+00   1335.141      32044  1028.2866  1028.2851    34.5679    34.5649    7.80275         16 0.0000e+00
    125.000    123.729     1.1266  29.733110     1.1084  29.713736     4.2121     4.2812    -0.0003    97.7272 1.0000e-12  -65.88224  -68.28629 332.101619      99.98 5.4869e+00   1335.841      32061  1028.2814  1028.2794    34.5666    34.5619    7.80416         18 0.0000e+00
    124.000    122.740     1.1300  29.736628     1.1172  29.722735     4.1637     4.2646    -0.0061    97.7243 1.0000e-12  -65.88224  -68.28630 332.101629      99.98 5.2989e+00   1336.768      32083  1028.2772  1028.2754    34.5679    34.5642    7.80340         28 0.0000e+00
    123.000    121.748     1.0445  29.650492     1.0621  29.666371     4.1059     4.1898     0.0139    97.6879 1.0000e-12  -65.88224  -68.28630 332.101670      99.98 5.2886e+00   1340.308      32168  1028.2674  1028.2666    34.5524    34.5534    7.82132         32 0.0000e+00
    122.000    120.763     1.0957  29.701317     1.0879  29.693869     4.1085     4.1787     0.0230    97.6880 1.0000e-12  -65.88224  -68.28630 332.101684      99.97 5.2886e+00   1341.461      32196  1028.2647  1028.2649    34.5617    34.5608    7.81059         18 0.0000e+00
    121.000    119.770     1.0458  29.647558     1.0442  29.645337     4.1122     4.1811     0.0112    97.7037 1.0000e-12  -65.88224  -68.28630 332.101691      99.98 5.2886e+00   1342.099      32211  1028.2543  1028.2535    34.5485    34.5473    7.82129         14 0.0000e+00
    120.000    118.783     1.0263  29.629179     1.0125  29.614583     4.1151     4.1825     0.0153    97.7038 1.0000e-12  -65.88224  -68.28629 332.101698      99.98 5.2886e+00   1342.682      32225  1028.2499  1028.2485    34.5469    34.5434    7.82526         14 0.0000e+00
    119.000    117.791     1.0147  29.617308     1.0081  29.609364     4.1148     4.1833     0.0348    97.6534 1.0000e-12  -65.88224  -68.28628 332.101705      99.98 5.2886e+00   1343.279      32240  1028.2447  1028.2430    34.5452    34.5422    7.82770         15 0.0000e+00
    118.000    116.803     1.0191  29.622398     1.0045  29.605361     4.1209     4.1855     0.0549    97.6523 1.0000e-12  -65.88226  -68.28628 332.101712      99.98 5.2886e+00   1343.949      32256  1028.2410  1028.2379    34.5474    34.5417    7.82668         17 0.0000e+00
    117.000    115.813     1.0140  29.615557     1.0161  29.616981     4.1281     4.1952     0.0620    97.6405 1.0000e-12  -65.88226  -68.28628 332.101723      99.98 5.2886e+00   1344.837      32277  1028.2345  1028.2338    34.5448    34.5443    7.82785         25 0.0000e+00
    116.000    114.823     1.0116  29.613328     1.0143  29.614143     4.2259     4.2217     0.0448    97.5707 1.0000e-12  -65.88227  -68.28628 332.101739      99.98 5.2886e+00   1346.280      32312  1028.2298  1028.2281    34.5452    34.5433    7.82830         41 0.0000e+00
    115.000    113.834     0.9850  29.582838     0.9891  29.587303     4.3477     4.2915     0.0674    97.5911 1.0000e-12  -65.88228  -68.28628 332.101768      99.98 5.2886e+00   1348.743      32371  1028.2196  1028.2202    34.5360    34.5372    7.83414         37 0.0000e+00
    114.000    112.845     0.9863  29.583967     0.9907  29.588638     4.4109     4.3854     0.0509    97.5677 1.0000e-12  -65.88228  -68.28628 332.101791      99.98 5.2886e+00   1350.757      32419  1028.2148  1028.2153    34.5366    34.5378    7.83385         29 0.0000e+00
    113.000    111.855     0.9738  29.567879     0.9818  29.576316     4.4332     4.3912     0.0625    97.5638 1.0000e-12  -65.88228  -68.28628 332.101803      99.98 5.2886e+00   1351.763      32443  1028.2060  1028.2070    34.5303    34.5324    7.83670         23 0.0000e+00
    112.000    110.865     0.9605  29.553620     0.9614  29.553755     4.4111     4.4003     0.0805    97.4433 1.0000e-12  -65.88228  -68.28628 332.101814      99.98 5.2886e+00   1352.733      32467  1028.1999  1028.1992    34.5272    34.5264    7.83954         25 0.0000e+00
    111.000    109.876     0.9621  29.555680     0.9713  29.564443     4.4068     4.4236     0.1213    97.3497 1.0000e-12  -65.88228  -68.28628 332.101829      99.98 5.2886e+00   1354.046      32498  1028.1958  1028.1960    34.5287    34.5298    7.83913         38 0.0000e+00
    110.000    108.886     0.9554  29.548330     0.9582  29.549651     4.4110     4.4464     0.1243    97.2994 1.0000e-12  -65.88230  -68.28628 332.101853      99.97 5.2886e+00   1356.086      32547  1028.1902  1028.1890    34.5272    34.5259    7.84056         46 0.0000e+00
