NBP2113_155081_ctd/data/unbp2113_041.cnv
* Sea-Bird SBE 9 Data File:
* FileName = D:\Data\raw\NBP2113_041.hex
* Software Version Seasave V 7.26.7.121
* Temperature SN = 2438
* Conductivity SN = 2067
* Number of Bytes Per Scan = 40
* Number of Voltage Words = 5
* Number of Scans Averaged by the Deck Unit = 1
* NMEA Latitude = 64 50.77 S
* NMEA Longitude = 063 54.70 W
* NMEA UTC (Time) = Dec 10 2021  14:38:32
* NMEA baud rate = 9600
** Ship: RVIB N.B. Palmer
** Cruise: NBP2113 LTER
** Station: 622.029
** Operator: B. Urmston
# nquan = 25
# nvalues = 254                         
# units = specified
# name 0 = prDM: Pressure, Digiquartz [db]
# name 1 = depSM: Depth [salt water, m]
# name 2 = t090C: Temperature [ITS-90, deg C]
# name 3 = c0mS/cm: Conductivity [mS/cm]
# name 4 = t190C: Temperature, 2 [ITS-90, deg C]
# name 5 = c1mS/cm: Conductivity, 2 [mS/cm]
# name 6 = sbeox0ML/L: Oxygen, SBE 43 [ml/l]
# name 7 = sbeox1ML/L: Oxygen, SBE 43, 2 [ml/l]
# name 8 = flECO-AFL: Fluorescence, WET Labs ECO-AFL/FL [mg/m^3]
# name 9 = CStarTr0: Beam Transmission, WET Labs C-Star [%]
# name 10 = par: PAR/Irradiance, Biospherical/Licor
# name 11 = latitude: Latitude [deg]
# name 12 = longitude: Longitude [deg]
# name 13 = timeJ: Julian Days
# name 14 = altM: Altimeter [m]
# name 15 = spar: SPAR, Biospherical/Licor
# name 16 = timeS: Time, Elapsed [seconds]
# name 17 = scan: Scan Count
# name 18 = density00: Density [density, kg/m^3]
# name 19 = density11: Density, 2 [density, kg/m^3]
# name 20 = sal00: Salinity, Practical [PSU]
# name 21 = sal11: Salinity, Practical, 2 [PSU]
# name 22 = oxsolML/L: Oxygen Saturation, Garcia & Gordon [ml/l]
# name 23 = nbin: number of scans per bin
# name 24 = flag: flag
# span 0 =      1.000,    254.000       
# span 1 =      0.991,    251.358       
# span 2 =    -0.3326,     1.1510       
# span 3 =  27.842505,  29.841274       
# span 4 =    -0.3331,     1.1488       
# span 5 =  27.840475,  29.837270       
# span 6 =     4.4990,     9.8802       
# span 7 =     4.5640,     9.7644       
# span 8 =    -0.0077,     1.5842       
# span 9 =    87.0951,    94.6582       
# span 10 = 1.0000e-12, 1.7150e+03      
# span 11 =  -64.84650,  -64.84624      
# span 12 =  -63.91182,  -63.91175      
# span 13 = 344.620163, 344.628749      
# span 14 =       8.10,      99.98      
# span 15 = 1.0225e+03, 1.2692e+03      
# span 16 =    870.038,   1611.950      
# span 17 =      20882,      38688      
# span 18 =  1027.1165,  1028.9158      
# span 19 =  1027.1150,  1028.9143      
# span 20 =    33.7502,    34.6040      
# span 21 =    33.7481,    34.6019      
# span 22 =    7.79728,    8.14561      
# span 23 =         17,         49      
# span 24 = 0.0000e+00, 0.0000e+00      
# interval = decibars: 1                
# start_time = Dec 10 2021 14:38:32 [NMEA time, header]
# bad_flag = -9.990e-29
*END*
[from data line 116]
    138.000    136.603     0.3923  28.979713     0.3819  28.967902     5.4235     5.4613     0.0357    94.4785 9.8196e-02  -64.84646  -63.91180 344.624433      99.97 1.1172e+03   1239.032      29738  1028.2553  1028.2530    34.3976    34.3937    7.96237         31 0.0000e+00
    137.000    135.613     0.3807  28.967215     0.3777  28.962341     5.4620     5.4925     0.0343    94.4670 1.0479e-01  -64.84646  -63.91180 344.624448      99.98 1.1186e+03   1240.320      29769  1028.2489  1028.2467    34.3947    34.3916    7.96491         30 0.0000e+00
    136.000    134.624     0.3647  28.950333     0.3622  28.946205     5.4826     5.5204     0.0288    94.4156 1.1235e-01  -64.84646  -63.91180 344.624463      99.97 1.1194e+03   1241.583      29799  1028.2424  1028.2405    34.3910    34.3884    7.96842         30 0.0000e+00
    135.000    133.634     0.3554  28.939389     0.3475  28.930416     5.5045     5.5429     0.0466    94.4177 1.1995e-01  -64.84646  -63.91180 344.624478      99.97 1.1212e+03   1242.942      29832  1028.2356  1028.2337    34.3877    34.3846    7.97054         34 0.0000e+00
    134.000    132.645     0.3467  28.929980     0.3408  28.922585     5.5592     5.5856     0.0425    94.4057 1.2822e-01  -64.84646  -63.91180 344.624496      99.97 1.1220e+03   1244.464      29868  1028.2295  1028.2275    34.3856    34.3825    7.97244         38 0.0000e+00
    133.000    131.656     0.3375  28.920366     0.3321  28.913935     5.6351     5.6392     0.0460    94.3725 1.3644e-01  -64.84646  -63.91180 344.624513      99.97 1.1238e+03   1245.896      29902  1028.2240  1028.2224    34.3839    34.3815    7.97445         31 0.0000e+00
    132.000    130.666     0.3165  28.898692     0.3104  28.890712     5.6569     5.6578     0.0313    94.3627 1.4557e-01  -64.84646  -63.91180 344.624527      99.97 1.1258e+03   1247.124      29932  1028.2171  1028.2146    34.3794    34.3758    7.97903         28 0.0000e+00
    131.000    129.677     0.3067  28.887218     0.3058  28.885019     5.6410     5.6600     0.0289    94.3395 1.5398e-01  -64.84646  -63.91180 344.624540      99.97 1.1275e+03   1248.230      29959  1028.2103  1028.2087    34.3760    34.3740    7.98127         26 0.0000e+00
    130.000    128.686     0.3056  28.885283     0.3039  28.882552     5.6255     5.6691     0.0348    94.2959 1.6343e-01  -64.84646  -63.91180 344.624552      99.97 1.1282e+03   1249.320      29985  1028.2048  1028.2034    34.3752    34.3735    7.98153         27 0.0000e+00
    129.000    127.697     0.3053  28.884625     0.3029  28.880633     5.5827     5.6537     0.0351    94.2814 1.7302e-01  -64.84646  -63.91180 344.624567      99.97 1.1290e+03   1250.610      30016  1028.1998  1028.1979    34.3752    34.3727    7.98158         34 0.0000e+00
    128.000    126.707     0.3145  28.893679     0.3075  28.885120     5.5842     5.6686     0.0359    94.2784 1.8296e-01  -64.84646  -63.91180 344.624588      99.97 1.1305e+03   1252.364      30058  1028.1958  1028.1935    34.3775    34.3740    7.97956         41 0.0000e+00
    127.000    125.718     0.3105  28.889460     0.3039  28.881017     5.6852     5.7143     0.0482    94.2586 1.9354e-01  -64.84646  -63.91180 344.624606      99.97 1.1325e+03   1253.977      30096  1028.1909  1028.1883    34.3770    34.3733    7.98041         32 0.0000e+00
    126.000    124.728     0.3022  28.878745     0.3013  28.875839     5.7282     5.7424     0.0353    94.2693 2.0526e-01  -64.84644  -63.91180 344.624620      99.97 1.1342e+03   1255.156      30125  1028.1833  1028.1811    34.3728    34.3700    7.98236         26 0.0000e+00
    125.000    123.738     0.3014  28.875390     0.3009  28.873658     5.7037     5.7514     0.0385    94.2603 2.1865e-01  -64.84644  -63.91178 344.624633      99.97 1.1353e+03   1256.268      30151  1028.1763  1028.1747    34.3700    34.3681    7.98270         26 0.0000e+00
    124.000    122.749     0.2998  28.873342     0.2991  28.871240     5.6814     5.7526     0.0508    94.1571 2.3241e-01  -64.84644  -63.91180 344.624649      99.97 1.1362e+03   1257.629      30184  1028.1712  1028.1696    34.3696    34.3676    7.98304         34 0.0000e+00
    123.000    121.760     0.3008  28.874099     0.2983  28.869815     5.7008     5.7503     0.0466    94.1545 2.4532e-01  -64.84644  -63.91180 344.624667      99.97 1.1375e+03   1259.252      30223  1028.1667  1028.1645    34.3701    34.3673    7.98281         37 0.0000e+00
    122.000    120.769     0.2982  28.870524     0.2966  28.867528     5.7099     5.7597     0.0628    94.1765 2.5725e-01  -64.84644  -63.91180 344.624682      99.97 1.1396e+03   1260.565      30255  1028.1611  1028.1594    34.3689    34.3668    7.98342         27 0.0000e+00
    121.000    119.780     0.2987  28.869957     0.2986  28.868636     5.7153     5.7729     0.0437    94.1527 2.7029e-01  -64.84644  -63.91180 344.624694      99.97 1.1407e+03   1261.599      30279  1028.1557  1028.1543    34.3681    34.3666    7.98335         24 0.0000e+00
    120.000    118.790     0.2969  28.867710     0.2917  28.861113     5.7197     5.7899     0.0433    94.1591 2.8407e-01  -64.84644  -63.91180 344.624706      99.97 1.1423e+03   1262.623      30304  1028.1508  1028.1488    34.3679    34.3650    7.98375         26 0.0000e+00
    119.000    117.801     0.2907  28.860054     0.2825  28.850448     5.7230     5.8125     0.0521    94.1506 2.9929e-01  -64.84644  -63.91180 344.624720      99.97 1.1431e+03   1263.831      30333  1028.1444  1028.1422    34.3654    34.3618    7.98518         32 0.0000e+00
    118.000    116.811     0.2942  28.864014     0.2789  28.845176     5.7602     5.8298     0.0548    94.1475 3.1499e-01  -64.84644  -63.91180 344.624737      99.97 1.1441e+03   1265.269      30367  1028.1408  1028.1359    34.3672    34.3596    7.98433         36 0.0000e+00
    117.000    115.822     0.2840  28.851409     0.2761  28.840942     5.8252     5.8419     0.0561    94.1218 3.3290e-01  -64.84644  -63.91178 344.624754      99.97 1.1441e+03   1266.741      30403  1028.1332  1028.1297    34.3626    34.3577    7.98671         35 0.0000e+00
    116.000    114.832     0.2754  28.841021     0.2746  28.839046     5.8139     5.8539     0.0536    94.1315 3.5528e-01  -64.84644  -63.91178 344.624773      99.97 1.1457e+03   1268.394      30442  1028.1263  1028.1248    34.3592    34.3575    7.98869         44 0.0000e+00
    115.000    113.841     0.2736  28.838387     0.2709  28.834561     5.8212     5.8737     0.0565    94.1198 3.7908e-01  -64.84644  -63.91179 344.624796      99.97 1.1490e+03   1270.396      30491  1028.1208  1028.1193    34.3583    34.3563    7.98910         38 0.0000e+00
    114.000    112.853     0.2714  28.835569     0.2663  28.828847     5.8641     5.9057     0.0379    94.1090 3.9756e-01  -64.84644  -63.91180 344.624813      99.97 1.1512e+03   1271.880      30526  1028.1156  1028.1135    34.3577    34.3546    7.98960         30 0.0000e+00
    113.000    111.863     0.2594  28.822267     0.2554  28.816616     5.8908     5.9297     0.0383    94.0946 4.1567e-01  -64.84644  -63.91180 344.624826      99.97 1.1529e+03   1273.007      30553  1028.1090  1028.1069    34.3541    34.3512    7.99228         25 0.0000e+00
    112.000    110.873     0.2515  28.812219     0.2452  28.803637     5.8595     5.9238     0.0407    94.0638 4.3352e-01  -64.84644  -63.91180 344.624838      99.97 1.1540e+03   1274.042      30578  1028.1018  1028.0989    34.3504    34.3462    7.99414         26 0.0000e+00
    111.000    109.883     0.2438  28.801965     0.2420  28.799005     5.8421     5.9104     0.0494    94.0721 4.5189e-01  -64.84644  -63.91180 344.624853      99.97 1.1547e+03   1275.266      30607  1028.0941  1028.0926    34.3461    34.3442    7.99597         33 0.0000e+00
    110.000    108.894     0.2533  28.811835     0.2570  28.815840     5.8628     5.9232     0.0574    94.0568 4.8138e-01  -64.84643  -63.91179 344.624893      99.97 1.1568e+03   1278.721      30690  1028.0908  1028.0914    34.3491    34.3502    7.99384         24 0.0000e+00
    109.000    107.904     0.2402  28.795890     0.2371  28.790327     5.8899     5.9746     0.0595    94.0767 5.2142e-01  -64.84642  -63.91180 344.624942      99.97 1.1621e+03   1283.026      30794  1028.0823  1028.0796    34.3434    34.3395    7.99688         40 0.0000e+00
    108.000    106.915     0.2445  28.800504     0.2418  28.795339     5.9477     6.0251     0.0528    94.0860 5.4251e-01  -64.84642  -63.91180 344.624966      99.97 1.1635e+03   1285.025      30842  1028.0785  1028.0757    34.3452    34.3415    7.99588         38 0.0000e+00
    107.000    105.924     0.2308  28.779873     0.2278  28.773248     6.0191     6.0398     0.0587    94.0397 5.5951e-01  -64.84642  -63.91180 344.624988      99.97 1.1650e+03   1286.971      30888  1028.0658  1028.0617    34.3340    34.3286    7.99936         41 0.0000e+00
    106.000    104.934     0.2284  28.771147     0.2285  28.770770     5.9910     6.0601     0.0626    94.0489 6.0181e-01  -64.84642  -63.91178 344.625058      99.97 1.1706e+03   1293.045      31034  1028.0544  1028.0537    34.3258    34.3251    8.00032         29 0.0000e+00
    105.000    103.942     0.2329  28.778849     0.2318  28.775955     5.9582     6.0478     0.0615    93.9950 6.3677e-01  -64.84642  -63.91180 344.625099      99.97 1.1736e+03   1296.578      31119  1028.0536  1028.0518    34.3315    34.3290    7.99907         34 0.0000e+00
    104.000    102.957     0.2304  28.773739     0.2309  28.771682     6.0362     6.0876     0.0744    93.9828 6.5699e-01  -64.84642  -63.91178 344.625135      99.97 1.1756e+03   1299.631      31192  1028.0464  1028.0438    34.3281    34.3249    7.99976         33 0.0000e+00
    103.000    101.966     0.2277  28.768738     0.2279  28.767596     6.0510     6.0912     0.0899    93.9570 6.9287e-01  -64.84642  -63.91178 344.625175      99.97 1.1785e+03   1303.152      31277  1028.0394  1028.0380    34.3252    34.3234    8.00049         30 0.0000e+00
    102.000    100.977     0.2277  28.766320     0.2281  28.765294     6.0612     6.1150     0.0801    93.9616 7.3913e-01  -64.84642  -63.91178 344.625231      99.97 1.1825e+03   1307.989      31393  1028.0325  1028.0310    34.3226    34.3208    8.00064         25 0.0000e+00
    101.000     99.985     0.2441  28.776487     0.2445  28.775249     6.1111     6.1592     0.0736    93.9728 7.7505e-01  -64.84641  -63.91180 344.625297      99.97 1.1878e+03   1313.686      31529  1028.0230  1028.0212    34.3182    34.3162    7.99747         27 0.0000e+00
    100.000     98.997     0.2538  28.780016     0.2521  28.777454     6.1803     6.2403     0.0717    93.8190 8.4100e-01  -64.84638  -63.91178 344.625554      99.97 1.2056e+03   1335.848      32061  1028.0132  1028.0123    34.3126    34.3112    7.99576         32 0.0000e+00
     99.000     98.008     0.2492  28.773556     0.2485  28.771719     6.2023     6.2548     0.0713    93.8294 8.7867e-01  -64.84638  -63.91179 344.625584      99.97 1.2083e+03   1338.483      32125  1028.0068  1028.0054    34.3099    34.3082    7.99687         28 0.0000e+00
     98.000     97.017     0.2377  28.760234     0.2309  28.752360     6.2001     6.2599     0.0771    93.7938 9.1283e-01  -64.84638  -63.91180 344.625597      99.97 1.2093e+03   1339.604      32152  1027.9997  1027.9980    34.3058    34.3030    7.99950         26 0.0000e+00
     97.000     96.028     0.2101  28.734330     0.2086  28.730042     6.2171     6.2667     0.0855    93.7503 9.4894e-01  -64.84638  -63.91180 344.625610      99.97 1.2104e+03   1340.686      32177  1027.9950  1027.9919    34.3031    34.2991    8.00540         26 0.0000e+00
     96.000     95.037     0.1791  28.701916     0.1823  28.703933     6.2104     6.2575     0.0866    93.7727 9.8905e-01  -64.84638  -63.91179 344.625624      99.97 1.2105e+03   1341.882      32206  1027.9867  1027.9856    34.2957    34.2947    8.01227         32 0.0000e+00
     95.000     94.047     0.1791  28.701058     0.1830  28.702184     6.2009     6.2476     0.0983    93.8128 1.0366e+00  -64.84638  -63.91178 344.625642      99.97 1.2100e+03   1343.490      32245  1027.9812  1027.9785    34.2951    34.2922    8.01230         33 0.0000e+00
     94.000     93.060     0.2039  28.726475     0.1736  28.693906     6.2345     6.2981     0.0899    93.8141 1.1153e+00  -64.84638  -63.91178 344.625680      99.97 1.2135e+03   1346.744      32323  1027.9794  1027.9741    34.3015    34.2924    8.00677         36 0.0000e+00
     93.000     92.069     0.1604  28.681629     0.1507  28.669251     6.4316     6.3861     0.1013    93.8045 1.1748e+00  -64.84638  -63.91178 344.625700      99.97 1.2146e+03   1348.516      32365  1027.9697  1027.9661    34.2915    34.2861    8.01639         26 0.0000e+00
     92.000     91.077     0.1083  28.627787     0.1232  28.642269     6.5388     6.4691     0.0847    93.8424 1.2297e+00  -64.84638  -63.91178 344.625711      99.97 1.2159e+03   1349.430      32387  1027.9595  1027.9600    34.2793    34.2818    8.02797         20 0.0000e+00
     91.000     90.090     0.0559  28.567520     0.0606  28.570508     6.6057     6.5158     0.0731    93.8414 1.2855e+00  -64.84638  -63.91178 344.625721      99.97 1.2173e+03   1350.280      32408  1027.9421  1027.9407    34.2588    34.2576    8.04010         21 0.0000e+00
     90.000     89.100     0.0248  28.527813     0.0351  28.540268     6.5427     6.4925     0.0866    93.8319 1.3433e+00  -64.84638  -63.91178 344.625732      99.97 1.2182e+03   1351.212      32430  1027.9256  1027.9286    34.2416    34.2466    8.04759         24 0.0000e+00
     89.000     88.108     0.0216  28.521962     0.0243  28.523161     6.4181     6.4303     0.1142    93.7992 1.3974e+00  -64.84638  -63.91178 344.625745      99.97 1.2182e+03   1352.341      32457  1027.9177  1027.9163    34.2381    34.2367    8.04846         29 0.0000e+00
     88.000     87.119     0.0766  28.581268     0.0943  28.598203     6.4686     6.4572     0.1335    93.7760 1.4510e+00  -64.84638  -63.91178 344.625762      99.97 1.2182e+03   1353.815      32493  1027.9219  1027.9227    34.2556    34.2583    8.03594         36 0.0000e+00
     87.000     86.130     0.0553  28.555544     0.0757  28.583471     6.5392     6.5400     0.1289    93.7881 1.5200e+00  -64.84638  -63.91178 344.625780      99.97 1.2191e+03   1355.422      32531  1027.9110  1027.9208    34.2461    34.2603    8.04096         38 0.0000e+00
     86.000     85.140     0.0488  28.539794     0.0504  28.540932     6.5487     6.5700     0.1427    93.7561 1.6137e+00  -64.84638  -63.91178 344.625799      99.97 1.2211e+03   1357.007      32569  1027.8959  1027.8956    34.2332    34.2329    8.04305         38 0.0000e+00
     85.000     84.152     0.0637  28.550876     0.0621  28.548904     6.5341     6.5848     0.1343    93.7182 1.7140e+00  -64.84638  -63.91178 344.625819      99.97 1.2230e+03   1358.727      32610  1027.8884  1027.8880    34.2317    34.2309    8.03999         37 0.0000e+00
     84.000     83.162     0.0596  28.544098     0.0543  28.538973     6.5563     6.6091     0.1500    93.6746 1.7995e+00  -64.84638  -63.91178 344.625836      99.97 1.2234e+03   1360.191      32646  1027.8808  1027.8807    34.2280    34.2271    8.04107         29 0.0000e+00
     83.000     82.170     0.0461  28.531526     0.0273  28.509256     6.6015     6.6162     0.1170    93.6468 1.8825e+00  -64.84638  -63.91178 344.625848      99.97 1.2234e+03   1361.286      32672  1027.8762  1027.8710    34.2270    34.2185    8.04395         25 0.0000e+00
     82.000     81.182    -0.0031  28.480089     0.0007  28.481612     6.5975     6.6214     0.1171    93.6132 1.9712e+00  -64.84638  -63.91178 344.625860      99.97 1.2234e+03   1362.318      32697  1027.8654  1027.8631    34.2145    34.2122    8.05500         25 0.0000e+00
