NBP2113_155081_ctd/data/unbp2113_022.cnv
* Sea-Bird SBE 9 Data File:
* FileName = D:\Data\raw\NBP2113_022.hex
* Software Version Seasave V 7.26.7.121
* Temperature SN = 2438
* Conductivity SN = 2067
* Number of Bytes Per Scan = 40
* Number of Voltage Words = 5
* Number of Scans Averaged by the Deck Unit = 1
* NMEA Latitude = 68 01.86 S
* NMEA Longitude = 069 17.08 W
* NMEA UTC (Time) = Nov 30 2021  22:24:22
* NMEA baud rate = 9600
** Ship: RVIB N.B. Palmer
** Cruise: NBP2113 LTER
** Station: 200.-040
** Operator: S. Blackman
# nquan = 25
# nvalues = 457                         
# units = specified
# name 0 = prDM: Pressure, Digiquartz [db]
# name 1 = depSM: Depth [salt water, m]
# name 2 = t090C: Temperature [ITS-90, deg C]
# name 3 = c0mS/cm: Conductivity [mS/cm]
# name 4 = t190C: Temperature, 2 [ITS-90, deg C]
# name 5 = c1mS/cm: Conductivity, 2 [mS/cm]
# name 6 = sbeox0ML/L: Oxygen, SBE 43 [ml/l]
# name 7 = sbeox1ML/L: Oxygen, SBE 43, 2 [ml/l]
# name 8 = flECO-AFL: Fluorescence, WET Labs ECO-AFL/FL [mg/m^3]
# name 9 = CStarTr0: Beam Transmission, WET Labs C-Star [%]
# name 10 = par: PAR/Irradiance, Biospherical/Licor
# name 11 = latitude: Latitude [deg]
# name 12 = longitude: Longitude [deg]
# name 13 = timeJ: Julian Days
# name 14 = altM: Altimeter [m]
# name 15 = spar: SPAR, Biospherical/Licor
# name 16 = timeS: Time, Elapsed [seconds]
# name 17 = scan: Scan Count
# name 18 = density00: Density [density, kg/m^3]
# name 19 = density11: Density, 2 [density, kg/m^3]
# name 20 = sal00: Salinity, Practical [PSU]
# name 21 = sal11: Salinity, Practical, 2 [PSU]
# name 22 = oxsolML/L: Oxygen Saturation, Garcia & Gordon [ml/l]
# name 23 = nbin: number of scans per bin
# name 24 = flag: flag
# span 0 =      1.000,    457.000       
# span 1 =      0.991,    451.928       
# span 2 =    -1.4357,     1.3768       
# span 3 =  26.986889,  30.194292       
# span 4 =    -1.4366,     1.3767       
# span 5 =  26.986162,  30.193614       
# span 6 =     3.9953,     8.9354       
# span 7 =     4.0571,     8.4865       
# span 8 =    -0.0150,     2.4003       
# span 9 =    87.8453,    97.1550       
# span 10 = 1.0000e-12, 1.0091e+02      
# span 11 =  -68.03082,  -68.03054      
# span 12 =  -69.28590,  -69.28530      
# span 13 = 334.945447, 334.957415      
# span 14 =      -2.25,     100.38      
# span 15 = 7.4030e+01, 8.6457e+01      
# span 16 =   1024.614,   2058.683      
# span 17 =      24592,      49409      
# span 18 =  1027.1645,  1029.9177      
# span 19 =  1027.1639,  1029.9172      
# span 20 =    33.7800,    34.6872      
# span 21 =    33.7789,    34.6865      
# span 22 =    7.74809,    8.38912      
# span 23 =         12,         48      
# span 24 = 0.0000e+00, 0.0000e+00      
# interval = decibars: 1                
# start_time = Nov 30 2021 22:24:22 [NMEA time, header]
# bad_flag = -9.990e-29
*END*
[from data line 58]
    399.000    394.626     1.3696  30.157809     1.3687  30.156084     4.0050     4.0732    -0.0070    97.1116 1.0000e-12  -68.03058  -69.28582 334.946554      70.52 7.4041e+01   1120.236      26887  1029.6424  1029.6415    34.6820    34.6807    7.74980         20 0.0000e+00
    398.000    393.641     1.3653  30.152018     1.3644  30.150434     4.0088     4.0771    -0.0077    97.0913 1.0000e-12  -68.03058  -69.28582 334.946563      73.02 7.4041e+01   1121.001      26905  1029.6366  1029.6358    34.6799    34.6788    7.75075         17 0.0000e+00
    397.000    392.652     1.3627  30.148905     1.3623  30.147480     4.0128     4.0750    -0.0056    97.0859 1.0000e-12  -68.03058  -69.28582 334.946571      74.01 7.4041e+01   1121.695      26922  1029.6316  1029.6306    34.6793    34.6780    7.75128         17 0.0000e+00
    396.000    391.661     1.3611  30.146545     1.3612  30.145848     4.0086     4.0760    -0.0031    97.1048 1.0000e-12  -68.03058  -69.28582 334.946579      74.41 7.4041e+01   1122.390      26938  1029.6266  1029.6258    34.6786    34.6777    7.75163         17 0.0000e+00
    395.000    390.674     1.3601  30.145098     1.3594  30.143560     4.0176     4.0754     0.0029    97.1042 1.0000e-12  -68.03058  -69.28582 334.946588      75.29 7.4041e+01   1123.219      26958  1029.6218  1029.6210    34.6785    34.6773    7.75184         24 0.0000e+00
    394.000    389.686     1.3647  30.149865     1.3641  30.148343     4.0128     4.0717     0.0011    97.1064 1.0000e-12  -68.03058  -69.28581 334.946624      77.13 7.5173e+01   1126.285      27032  1029.6179  1029.6170    34.6800    34.6788    7.75085         32 0.0000e+00
    393.000    388.701     1.3626  30.146978     1.3626  30.146190     4.0152     4.0735    -0.0071    97.1118 1.0000e-12  -68.03058  -69.28580 334.946646      78.18 7.5836e+01   1128.239      27079  1029.6128  1029.6121    34.6793    34.6783    7.75131         16 0.0000e+00
    392.000    387.711     1.3594  30.142950     1.3595  30.142240     4.0173     4.0738    -0.0072    97.1116 1.0000e-12  -68.03058  -69.28580 334.946653      78.04 7.5804e+01   1128.782      27092  1029.6077  1029.6069    34.6783    34.6773    7.75200         14 0.0000e+00
    391.000    386.725     1.3582  30.141124     1.3578  30.140074     4.0106     4.0794    -0.0047    97.1116 1.0000e-12  -68.03058  -69.28580 334.946659      79.50 7.5804e+01   1129.306      27104  1029.6028  1029.6021    34.6779    34.6770    7.75226         12 0.0000e+00
    390.000    385.731     1.3570  30.139375     1.3566  30.138254     4.0153     4.0790    -0.0055    97.1116 1.0000e-12  -68.03058  -69.28579 334.946665      80.22 7.5804e+01   1129.834      27117  1029.5979  1029.5972    34.6775    34.6765    7.75251         13 0.0000e+00
    389.000    384.744     1.3564  30.138362     1.3560  30.137134     4.0185     4.0736    -0.0049    97.1074 1.0000e-12  -68.03058  -69.28578 334.946672      81.59 7.5804e+01   1130.465      27132  1029.5932  1029.5924    34.6774    34.6763    7.75263         18 0.0000e+00
    388.000    383.759     1.3573  30.138919     1.3572  30.138189     4.0163     4.0742    -0.0041    97.0892 1.0000e-12  -68.03059  -69.28578 334.946700      83.02 7.5804e+01   1132.838      27189  1029.5886  1029.5880    34.6777    34.6769    7.75244         33 0.0000e+00
    387.000    382.771     1.3577  30.138718     1.3570  30.137307     4.0145     4.0765     0.0018    97.0927 1.0000e-12  -68.03058  -69.28578 334.946724      83.72 7.5804e+01   1134.976      27240  1029.5838  1029.5830    34.6776    34.6766    7.75236         19 0.0000e+00
    386.000    381.781     1.3562  30.136794     1.3561  30.136072     4.0191     4.0776    -0.0073    97.0874 1.0000e-12  -68.03058  -69.28578 334.946732      84.84 7.5804e+01   1135.612      27256  1029.5791  1029.5785    34.6774    34.6766    7.75268         16 0.0000e+00
    385.000    380.795     1.3544  30.134437     1.3544  30.133798     4.0228     4.0813    -0.0144    97.1027 1.0000e-12  -68.03058  -69.28578 334.946739      85.79 7.5804e+01   1136.239      27271  1029.5742  1029.5735    34.6769    34.6761    7.75305         15 0.0000e+00
    384.000    379.803     1.3532  30.132704     1.3531  30.131772     4.0214     4.0801     0.0070    97.0925 1.0000e-12  -68.03059  -69.28577 334.946746      85.79 7.5804e+01   1136.883      27286  1029.5694  1029.5686    34.6767    34.6756    7.75331         16 0.0000e+00
    383.000    378.818     1.3504  30.128930     1.3506  30.128649     4.0258     4.0788     0.0067    97.0885 1.0000e-12  -68.03060  -69.28576 334.946755      87.35 7.5804e+01   1137.647      27305  1029.5641  1029.5636    34.6755    34.6750    7.75392         22 0.0000e+00
    382.000    377.831     1.3523  30.130842     1.3521  30.130054     4.0188     4.0781    -0.0055    97.0859 1.0000e-12  -68.03060  -69.28576 334.946781      88.81 7.5521e+01   1139.879      27358  1029.5598  1029.5593    34.6764    34.6757    7.75349         30 0.0000e+00
    381.000    376.839     1.3536  30.131746     1.3532  30.130785     4.0196     4.0817    -0.0008    97.0893 1.0000e-12  -68.03060  -69.28576 334.946805      90.36 7.5819e+01   1141.970      27408  1029.5553  1029.5547    34.6768    34.6759    7.75323         23 0.0000e+00
    380.000    375.853     1.3518  30.129208     1.3509  30.127512     4.0245     4.0841    -0.0053    97.0945 1.0000e-12  -68.03060  -69.28576 334.946814      90.63 7.5804e+01   1142.745      27427  1029.5502  1029.5494    34.6761    34.6749    7.75362         18 0.0000e+00
    379.000    374.864     1.3463  30.122564     1.3458  30.121563     4.0182     4.0824    -0.0063    97.1019 1.0000e-12  -68.03060  -69.28576 334.946822      91.12 7.5804e+01   1143.438      27444  1029.5447  1029.5441    34.6742    34.6735    7.75480         16 0.0000e+00
    378.000    373.876     1.3456  30.121374     1.3454  30.120402     4.0228     4.0828    -0.0091    97.1114 1.0000e-12  -68.03060  -69.28576 334.946831      93.64 7.5804e+01   1144.169      27461  1029.5399  1029.5391    34.6740    34.6730    7.75494         20 0.0000e+00
    377.000    372.889     1.3462  30.121477     1.3457  30.120288     4.0187     4.0826    -0.0066    97.0997 1.0000e-12  -68.03060  -69.28574 334.946848      93.81 7.5804e+01   1145.675      27497  1029.5352  1029.5344    34.6741    34.6732    7.75483         35 0.0000e+00
    376.000    371.899     1.3458  30.120928     1.3457  30.120062     4.0235     4.0886    -0.0042    97.0851 1.0000e-12  -68.03060  -69.28572 334.946877      94.46 7.5804e+01   1148.140      27556  1029.5307  1029.5299    34.6744    34.6734    7.75488         28 0.0000e+00
    375.000    370.911     1.3463  30.120747     1.3459  30.119619     4.0179     4.0838    -0.0129    97.0871 1.0000e-12  -68.03060  -69.28572 334.946887      95.51 7.5804e+01   1149.074      27579  1029.5258  1029.5250    34.6742    34.6733    7.75480         20 0.0000e+00
    374.000    369.924     1.3466  30.120369     1.3462  30.119327     4.0221     4.0836    -0.0050    97.1026 1.0000e-12  -68.03060  -69.28572 334.946897      95.85 7.5804e+01   1149.879      27598  1029.5208  1029.5201    34.6740    34.6730    7.75475         19 0.0000e+00
    373.000    368.935     1.3466  30.119604     1.3464  30.118670     4.0225     4.0850    -0.0008    97.1113 1.0000e-12  -68.03060  -69.28572 334.946906      97.14 7.5804e+01   1150.723      27618  1029.5158  1029.5150    34.6736    34.6726    7.75477         23 0.0000e+00
    372.000    367.946     1.3466  30.119235     1.3462  30.118115     4.0232     4.0874    -0.0050    97.1116 1.0000e-12  -68.03061  -69.28571 334.946921      99.10 7.5804e+01   1151.953      27648  1029.5112  1029.5104    34.6737    34.6727    7.75477         38 0.0000e+00
    371.000    366.961     1.3465  30.118632     1.3462  30.117628     4.0167     4.0800    -0.0046    97.1116 1.0000e-12  -68.03062  -69.28572 334.946941      99.20 7.5804e+01   1153.718      27690  1029.5065  1029.5057    34.6736    34.6726    7.75479         35 0.0000e+00
    370.000    365.970     1.3459  30.117372     1.3456  30.116252     4.0181     4.0876     0.0009    97.1138 1.0000e-12  -68.03061  -69.28572 334.946956      99.82 7.5804e+01   1154.988      27721  1029.5015  1029.5007    34.6732    34.6722    7.75493         24 0.0000e+00
    369.000    364.982     1.3454  30.116325     1.3454  30.115677     4.0260     4.0893     0.0015    97.1143 1.0000e-12  -68.03060  -69.28572 334.946966      99.87 7.5804e+01   1155.886      27742  1029.4967  1029.4960    34.6730    34.6722    7.75504         19 0.0000e+00
    368.000    363.995     1.3426  30.112625     1.3414  30.110753     4.0315     4.0850    -0.0056    97.1116 1.0000e-12  -68.03061  -69.28572 334.946975      99.94 7.5804e+01   1156.639      27760  1029.4914  1029.4907    34.6719    34.6709    7.75564         18 0.0000e+00
    367.000    363.006     1.3393  30.108948     1.3380  30.106844     4.0382     4.0840    -0.0059    97.1067 1.0000e-12  -68.03062  -69.28572 334.946984      99.97 7.5804e+01   1157.402      27779  1029.4867  1029.4859    34.6715    34.6703    7.75632         20 0.0000e+00
    366.000    362.017     1.3405  30.109844     1.3398  30.108350     4.0328     4.0862    -0.0061    97.0830 1.0000e-12  -68.03062  -69.28571 334.947006      99.98 7.5804e+01   1159.276      27824  1029.4822  1029.4814    34.6719    34.6708    7.75607         36 0.0000e+00
    365.000    361.030     1.3441  30.113016     1.3424  30.110628     4.0299     4.0966     0.0033    97.0786 1.0000e-12  -68.03062  -69.28570 334.947044      70.31 7.5804e+01   1162.570      27903  1029.4776  1029.4769    34.6725    34.6714    7.75532         22 0.0000e+00
    364.000    360.040     1.3405  30.108634     1.3382  30.105940     4.0337     4.1007    -0.0059    97.0578 1.0000e-12  -68.03062  -69.28570 334.947051      66.73 7.5804e+01   1163.240      27919  1029.4725  1029.4719    34.6715    34.6706    7.75609         17 0.0000e+00
    363.000    359.054     1.3351  30.102884     1.3349  30.102031     4.0364     4.1022    -0.0077    97.0671 1.0000e-12  -68.03062  -69.28570 334.947059      21.05 7.5804e+01   1163.886      27934  1029.4676  1029.4670    34.6707    34.6698    7.75719         15 0.0000e+00
    362.000    358.063     1.3325  30.099497     1.3322  30.098577     4.0434     4.1010    -0.0072    97.0434 1.0000e-12  -68.03062  -69.28570 334.947066     100.38 7.5804e+01   1164.482      27949  1029.4626  1029.4620    34.6698    34.6690    7.75775         14 0.0000e+00
    361.000    357.076     1.3308  30.097375     1.3307  30.096552     4.0424     4.1010    -0.0030    97.0225 1.0000e-12  -68.03062  -69.28568 334.947073      99.97 7.5804e+01   1165.117      27964  1029.4578  1029.4571    34.6696    34.6686    7.75810         17 0.0000e+00
    360.000    356.088     1.3304  30.096325     1.3302  30.095345     4.0437     4.0980     0.0016    97.0596 1.0000e-12  -68.03062  -69.28568 334.947082      99.97 7.5804e+01   1165.860      27982  1029.4529  1029.4521    34.6693    34.6682    7.75820         20 0.0000e+00
    359.000    355.099     1.3320  30.097642     1.3315  30.096260     4.0391     4.0987     0.0015    97.0552 1.0000e-12  -68.03062  -69.28568 334.947094      67.58 7.5804e+01   1166.964      28008  1029.4483  1029.4475    34.6697    34.6686    7.75785         34 0.0000e+00
    358.000    354.113     1.3320  30.097338     1.3316  30.096258     4.0364     4.1004    -0.0002    97.0698 1.0000e-12  -68.03064  -69.28568 334.947120      99.17 7.5804e+01   1169.175      28061  1029.4438  1029.4431    34.6699    34.6690    7.75785         41 0.0000e+00
    357.000    353.123     1.3319  30.096745     1.3317  30.095947     4.0389     4.1028    -0.0113    97.0364 1.0000e-12  -68.03064  -69.28568 334.947142      99.97 7.5804e+01   1171.084      28107  1029.4391  1029.4384    34.6699    34.6691    7.75788         32 0.0000e+00
    356.000    352.135     1.3316  30.095837     1.3304  30.093861     4.0368     4.1018     0.0028    97.0723 1.0000e-12  -68.03064  -69.28568 334.947156      99.98 7.5804e+01   1172.243      28135  1029.4342  1029.4333    34.6696    34.6685    7.75795         26 0.0000e+00
    355.000    351.146     1.3282  30.091694     1.3284  30.091239     4.0349     4.1012     0.0013    97.0654 1.0000e-12  -68.03064  -69.28568 334.947169      99.97 7.5747e+01   1173.360      28162  1029.4290  1029.4284    34.6686    34.6679    7.75866         30 0.0000e+00
    354.000    350.158     1.3292  30.092295     1.3274  30.089588     4.0368     4.1056    -0.0060    97.0692 1.0000e-12  -68.03064  -69.28568 334.947187      99.97 7.4186e+01   1174.941      28200  1029.4244  1029.4235    34.6690    34.6675    7.75846         40 0.0000e+00
    353.000    349.171     1.3275  30.089890     1.3269  30.088557     4.0379     4.1125    -0.0088    97.0641 1.0000e-12  -68.03064  -69.28568 334.947203      99.98 7.4030e+01   1176.353      28233  1029.4194  1029.4186    34.6683    34.6673    7.75883         24 0.0000e+00
    352.000    348.181     1.3267  30.088573     1.3264  30.087637     4.0391     4.1099    -0.0059    97.0786 1.0000e-12  -68.03064  -69.28568 334.947212      99.98 7.4041e+01   1177.149      28253  1029.4146  1029.4139    34.6681    34.6672    7.75900         17 0.0000e+00
    351.000    347.193     1.3257  30.086987     1.3251  30.085676     4.0374     4.1049    -0.0067    97.0876 1.0000e-12  -68.03064  -69.28568 334.947219      99.97 7.4041e+01   1177.769      28267  1029.4097  1029.4089    34.6678    34.6667    7.75921         14 0.0000e+00
    350.000    346.206     1.3253  30.086121     1.3251  30.085184     4.0379     4.1044    -0.0072    97.0931 1.0000e-12  -68.03064  -69.28568 334.947226      99.97 7.4041e+01   1178.345      28281  1029.4050  1029.4042    34.6677    34.6667    7.75929         14 0.0000e+00
    349.000    345.215     1.3249  30.085181     1.3247  30.084370     4.0449     4.1040    -0.0067    97.0861 1.0000e-12  -68.03064  -69.28566 334.947233      99.98 7.4041e+01   1178.932      28295  1029.4002  1029.3995    34.6675    34.6666    7.75939         15 0.0000e+00
    348.000    344.228     1.3248  30.084661     1.3249  30.084032     4.0506     4.1036    -0.0136    97.0858 1.0000e-12  -68.03064  -69.28566 334.947242      99.98 7.4041e+01   1179.739      28315  1029.3955  1029.3948    34.6675    34.6666    7.75940         25 0.0000e+00
    347.000    343.241     1.3260  30.085431     1.3256  30.084378     4.0393     4.1026    -0.0067    97.0577 1.0000e-12  -68.03064  -69.28568 334.947296      99.98 7.4041e+01   1184.392      28426  1029.3908  1029.3901    34.6677    34.6669    7.75915         22 0.0000e+00
    346.000    342.252     1.3252  30.084254     1.3248  30.083094     4.0340     4.1084    -0.0072    97.0601 1.0000e-12  -68.03064  -69.28568 334.947305      99.97 7.4041e+01   1185.129      28444  1029.3861  1029.3854    34.6676    34.6666    7.75931         16 0.0000e+00
    345.000    341.264     1.3245  30.082947     1.3244  30.082136     4.0370     4.1107    -0.0077    97.0601 1.0000e-12  -68.03064  -69.28569 334.947312      99.98 7.4041e+01   1185.749      28459  1029.3813  1029.3805    34.6674    34.6665    7.75947         15 0.0000e+00
    344.000    340.273     1.3237  30.081627     1.3236  30.080807     4.0426     4.1072    -0.0062    97.0601 1.0000e-12  -68.03064  -69.28570 334.947319      99.98 7.4041e+01   1186.379      28474  1029.3765  1029.3757    34.6671    34.6662    7.75964         15 0.0000e+00
    343.000    339.287     1.3224  30.079780     1.3222  30.078902     4.0433     4.1043    -0.0073    97.0601 1.0000e-12  -68.03066  -69.28570 334.947327      99.98 7.4041e+01   1187.061      28490  1029.3716  1029.3709    34.6668    34.6659    7.75991         18 0.0000e+00
