NBP2113_155081_ctd/data/unbp2113_065.cnv
* Sea-Bird SBE 9 Data File:
* FileName = D:\Data\raw\NBP2113_065.hex
* Software Version Seasave V 7.26.7.121
* Temperature SN = 2438
* Conductivity SN = 2067
* Number of Bytes Per Scan = 40
* Number of Voltage Words = 5
* Number of Scans Averaged by the Deck Unit = 1
* NMEA Latitude = 64 10.49 S
* NMEA Longitude = 061 56.61 W
* NMEA UTC (Time) = Dec 14 2021  14:58:16
* NMEA baud rate = 9600
** Ship: RVIB N.B. Palmer
** Cruise: NBP2113 LTER
** Station: 741.005
** Operator: B. Urmston
# nquan = 25
# nvalues = 671                         
# units = specified
# name 0 = prDM: Pressure, Digiquartz [db]
# name 1 = depSM: Depth [salt water, m]
# name 2 = t090C: Temperature [ITS-90, deg C]
# name 3 = c0mS/cm: Conductivity [mS/cm]
# name 4 = t190C: Temperature, 2 [ITS-90, deg C]
# name 5 = c1mS/cm: Conductivity, 2 [mS/cm]
# name 6 = sbeox0ML/L: Oxygen, SBE 43 [ml/l]
# name 7 = sbeox1ML/L: Oxygen, SBE 43, 2 [ml/l]
# name 8 = flECO-AFL: Fluorescence, WET Labs ECO-AFL/FL [mg/m^3]
# name 9 = CStarTr0: Beam Transmission, WET Labs C-Star [%]
# name 10 = par: PAR/Irradiance, Biospherical/Licor
# name 11 = latitude: Latitude [deg]
# name 12 = longitude: Longitude [deg]
# name 13 = timeJ: Julian Days
# name 14 = altM: Altimeter [m]
# name 15 = spar: SPAR, Biospherical/Licor
# name 16 = timeS: Time, Elapsed [seconds]
# name 17 = scan: Scan Count
# name 18 = density00: Density [density, kg/m^3]
# name 19 = density11: Density, 2 [density, kg/m^3]
# name 20 = sal00: Salinity, Practical [PSU]
# name 21 = sal11: Salinity, Practical, 2 [PSU]
# name 22 = oxsolML/L: Oxygen Saturation, Garcia & Gordon [ml/l]
# name 23 = nbin: number of scans per bin
# name 24 = flag: flag
# span 0 =      1.000,    671.000       
# span 1 =      0.991,    663.388       
# span 2 =    -0.6462,     0.4502       
# span 3 =  28.438985,  29.119730       
# span 4 =    -0.6468,     0.4505       
# span 5 =  28.436983,  29.119969       
# span 6 =     5.2592,    20.6485       
# span 7 =     5.3832,     7.5813       
# span 8 =    -0.0297,     1.3733       
# span 9 =    83.5157,    89.7156       
# span 10 = 1.0000e-12, 6.9565e+02      
# span 11 =  -64.17450,  -64.17414      
# span 12 =  -61.94260,  -61.94192      
# span 13 = 348.638562, 348.648197      
# span 14 =      10.33,      99.97      
# span 15 = 4.8127e+02, 6.1888e+02      
# span 16 =   1275.740,   2108.263      
# span 17 =      30619,      50599      
# span 18 =  1027.3291,  1030.9485      
# span 19 =  1027.3279,  1030.9472      
# span 20 =    34.0527,    34.5354      
# span 21 =    34.0512,    34.5338      
# span 22 =    7.94611,    8.17390      
# span 23 =         24,         49      
# span 24 = 0.0000e+00, 0.0000e+00      
# interval = decibars: 1                
# start_time = Dec 14 2021 14:58:16 [NMEA time, header]
# bad_flag = -9.990e-29
*END*
    671.000    663.388    -0.6452  28.441859    -0.6457  28.440173     6.0342     6.1199    -0.0231    89.5674 1.0000e-12  -64.17438  -61.94236 348.638562      10.33 5.1124e+02   1275.740      30619  1030.9485  1030.9472    34.5329    34.5312    8.17369         34 0.0000e+00
    670.000    662.400    -0.6454  28.441325    -0.6453  28.440202     6.0311     6.1145    -0.0295    89.5825 1.0000e-12  -64.17438  -61.94236 348.638580      11.34 5.1106e+02   1277.283      30656  1030.9439  1030.9426    34.5330    34.5313    8.17373         30 0.0000e+00
    669.000    661.414    -0.6459  28.440439    -0.6460  28.439214     6.0326     6.1132    -0.0212    89.5928 1.0000e-12  -64.17438  -61.94236 348.638593      12.25 5.0999e+02   1278.468      30684  1030.9392  1030.9380    34.5329    34.5314    8.17383         27 0.0000e+00
    668.000    660.426    -0.6462  28.439809    -0.6462  28.438582     6.0250     6.1115    -0.0208    89.5796 1.0000e-12  -64.17438  -61.94236 348.638607      13.35 5.0948e+02   1279.621      30712  1030.9346  1030.9333    34.5330    34.5314    8.17389         27 0.0000e+00
    667.000    659.439    -0.6462  28.439274    -0.6464  28.437981     6.0250     6.1103    -0.0226    89.5835 1.0000e-12  -64.17437  -61.94236 348.638621      14.35 5.0947e+02   1280.813      30741  1030.9298  1030.9285    34.5329    34.5313    8.17390         28 0.0000e+00
    666.000    658.451    -0.6459  28.438985    -0.6468  28.436983     6.0316     6.1076    -0.0280    89.5675 1.0000e-12  -64.17436  -61.94236 348.638634      15.32 5.0947e+02   1281.951      30768  1030.9249  1030.9237    34.5327    34.5311    8.17384         24 0.0000e+00
    665.000    657.465    -0.6443  28.439868    -0.6440  28.438933     6.0272     6.1099    -0.0235    89.5788 1.0000e-12  -64.17436  -61.94236 348.638646      16.28 5.0901e+02   1283.021      30794  1030.9201  1030.9187    34.5328    34.5311    8.17351         26 0.0000e+00
    664.000    656.477    -0.6419  28.441669    -0.6421  28.440262     6.0275     6.1103    -0.0285    89.5752 1.0000e-12  -64.17436  -61.94236 348.638658      17.34 5.0772e+02   1284.077      30819  1030.9153  1030.9141    34.5330    34.5314    8.17296         25 0.0000e+00
    663.000    655.491    -0.6407  28.442208    -0.6411  28.440755     6.0306     6.1098    -0.0236    89.5680 1.0000e-12  -64.17436  -61.94236 348.638671      18.36 5.0771e+02   1285.144      30844  1030.9106  1030.9094    34.5330    34.5315    8.17272         27 0.0000e+00
    662.000    654.504    -0.6399  28.442526    -0.6404  28.441007     6.0426     6.1096    -0.0276    89.5652 1.0000e-12  -64.17436  -61.94236 348.638684      19.57 5.0771e+02   1286.317      30873  1030.9059  1030.9047    34.5331    34.5316    8.17253         29 0.0000e+00
    661.000    653.516    -0.6399  28.442139    -0.6404  28.440575     6.0325     6.1153    -0.0207    89.5703 1.0000e-12  -64.17436  -61.94236 348.638699      20.62 5.0722e+02   1287.588      30903  1030.9012  1030.9000    34.5332    34.5316    8.17253         31 0.0000e+00
    660.000    652.530    -0.6402  28.441446    -0.6404  28.440093     6.0301     6.1094    -0.0221    89.5575 1.0000e-12  -64.17436  -61.94236 348.638714      21.67 5.0595e+02   1288.849      30933  1030.8965  1030.8953    34.5331    34.5316    8.17258         30 0.0000e+00
    659.000    651.542    -0.6396  28.441421    -0.6394  28.440455     6.0307     6.1073    -0.0169    89.5793 1.0000e-12  -64.17436  -61.94236 348.638727      22.71 5.0595e+02   1290.041      30962  1030.8917  1030.8904    34.5331    34.5315    8.17247         27 0.0000e+00
    658.000    650.556    -0.6353  28.444681    -0.6352  28.443492     6.0306     6.1074    -0.0142    89.5910 1.0000e-12  -64.17436  -61.94234 348.638741      23.65 5.0595e+02   1291.205      30990  1030.8867  1030.8853    34.5332    34.5315    8.17153         28 0.0000e+00
    657.000    649.566    -0.6318  28.447294    -0.6329  28.445205     6.0270     6.1085    -0.0191    89.5927 1.0000e-12  -64.17436  -61.94236 348.638754      24.48 5.0589e+02   1292.375      31018  1030.8818  1030.8806    34.5333    34.5317    8.17077         29 0.0000e+00
    656.000    648.581    -0.6290  28.449308    -0.6298  28.447451     6.0262     6.1085    -0.0276    89.5967 1.0000e-12  -64.17436  -61.94234 348.638769      25.99 5.0435e+02   1293.639      31048  1030.8770  1030.8757    34.5334    34.5318    8.17016         32 0.0000e+00
    655.000    647.593    -0.6261  28.451390    -0.6280  28.448562     6.0193     6.1063    -0.0271    89.5812 1.0000e-12  -64.17436  -61.94234 348.638784      26.05 5.0418e+02   1294.948      31080  1030.8721  1030.8709    34.5335    34.5319    8.16953         31 0.0000e+00
    654.000    646.605    -0.6184  28.457609    -0.6248  28.451064     6.0154     6.1010    -0.0157    89.6100 1.0000e-12  -64.17436  -61.94234 348.638798      28.02 5.0418e+02   1296.173      31109  1030.8669  1030.8662    34.5338    34.5321    8.16786         26 0.0000e+00
    653.000    645.621    -0.6145  28.460843    -0.6185  28.456213     6.0113     6.1017    -0.0199    89.6186 1.0000e-12  -64.17436  -61.94234 348.638812      29.07 5.0418e+02   1297.361      31138  1030.8624  1030.8613    34.5343    34.5326    8.16699         26 0.0000e+00
    652.000    644.632    -0.6105  28.463758    -0.6153  28.458530     6.0139     6.1043    -0.0198    89.5951 1.0000e-12  -64.17436  -61.94234 348.638826      30.11 5.0418e+02   1298.554      31166  1030.8573  1030.8564    34.5343    34.5326    8.16613         29 0.0000e+00
    651.000    643.645    -0.6105  28.463491    -0.6117  28.461180     6.0196     6.0982    -0.0229    89.5780 1.0000e-12  -64.17436  -61.94234 348.638839      31.08 5.0418e+02   1299.729      31195  1030.8529  1030.8515    34.5345    34.5327    8.16611         28 0.0000e+00
    650.000    642.657    -0.6122  28.461306    -0.6123  28.460111     6.0143     6.0951    -0.0189    89.5617 1.0000e-12  -64.17436  -61.94234 348.638853      32.18 5.0418e+02   1300.939      31224  1030.8480  1030.8468    34.5340    34.5325    8.16650         30 0.0000e+00
    649.000    641.671    -0.6125  28.460548    -0.6126  28.459377     6.0218     6.0975    -0.0275    89.5430 1.0000e-12  -64.17436  -61.94234 348.638868      33.10 5.0418e+02   1302.224      31254  1030.8433  1030.8421    34.5340    34.5325    8.16657         30 0.0000e+00
    648.000    640.683    -0.6125  28.460026    -0.6127  28.458664     6.0154     6.0928    -0.0297    89.5412 1.0000e-12  -64.17436  -61.94234 348.638883      33.85 5.0418e+02   1303.458      31284  1030.8386  1030.8373    34.5339    34.5323    8.16658         28 0.0000e+00
    647.000    639.696    -0.6120  28.459949    -0.6125  28.458415     6.0119     6.0930    -0.0226    89.5403 1.0000e-12  -64.17436  -61.94234 348.638896      35.18 5.0418e+02   1304.615      31312  1030.8338  1030.8326    34.5338    34.5323    8.16648         28 0.0000e+00
    646.000    638.710    -0.6120  28.459564    -0.6122  28.458282     6.0126     6.0934    -0.0219    89.5527 1.0000e-12  -64.17436  -61.94234 348.638910      35.71 5.0418e+02   1305.791      31340  1030.8292  1030.8279    34.5339    34.5323    8.16647         29 0.0000e+00
    645.000    637.722    -0.6111  28.459844    -0.6113  28.458432     6.0157     6.0934    -0.0231    89.5271 1.0000e-12  -64.17436  -61.94234 348.638924      37.11 5.0418e+02   1306.994      31369  1030.8243  1030.8231    34.5338    34.5322    8.16627         29 0.0000e+00
    644.000    636.735    -0.6102  28.460187    -0.6103  28.458919     6.0190     6.0982    -0.0297    89.5232 1.0000e-12  -64.17436  -61.94234 348.638938      38.41 5.0349e+02   1308.222      31398  1030.8196  1030.8183    34.5338    34.5322    8.16608         30 0.0000e+00
    643.000    635.747    -0.6104  28.459489    -0.6103  28.458559     6.0157     6.0976    -0.0259    89.5162 1.0000e-12  -64.17436  -61.94233 348.638953      39.27 5.0241e+02   1309.508      31429  1030.8148  1030.8137    34.5337    34.5323    8.16613         31 0.0000e+00
    642.000    634.761    -0.6108  28.458587    -0.6108  28.457550     6.0159     6.0959    -0.0216    89.5256 1.0000e-12  -64.17436  -61.94233 348.638967      40.57 5.0242e+02   1310.737      31459  1030.8101  1030.8089    34.5336    34.5322    8.16623         28 0.0000e+00
    641.000    633.773    -0.6113  28.457703    -0.6112  28.456664     6.0086     6.0951    -0.0176    89.5055 1.0000e-12  -64.17436  -61.94232 348.638980      41.31 5.0242e+02   1311.857      31486  1030.8053  1030.8041    34.5335    34.5320    8.16633         26 0.0000e+00
    640.000    632.786    -0.6114  28.456983    -0.6115  28.455782     6.0128     6.0932    -0.0181    89.5582 1.0000e-12  -64.17436  -61.94232 348.638992      42.50 5.0080e+02   1312.942      31512  1030.8005  1030.7993    34.5333    34.5318    8.16638         26 0.0000e+00
    639.000    631.799    -0.6117  28.456167    -0.6118  28.454952     6.0171     6.0906    -0.0260    89.6044 1.0000e-12  -64.17436  -61.94232 348.639005      43.23 5.0079e+02   1314.056      31538  1030.7957  1030.7943    34.5332    34.5316    8.16645         28 0.0000e+00
    638.000    630.811    -0.6118  28.455730    -0.6119  28.454439     6.0110     6.0913    -0.0243    89.6010 1.0000e-12  -64.17436  -61.94232 348.639019      44.61 5.0089e+02   1315.276      31568  1030.7910  1030.7897    34.5332    34.5317    8.16645         31 0.0000e+00
    637.000    629.824    -0.6119  28.455219    -0.6119  28.453974     6.0138     6.0913    -0.0161    89.5927 1.0000e-12  -64.17436  -61.94232 348.639035      45.37 5.0243e+02   1316.633      31600  1030.7863  1030.7850    34.5332    34.5316    8.16647         33 0.0000e+00
    636.000    628.838    -0.6118  28.454748    -0.6118  28.453607     6.0158     6.0904    -0.0222    89.6112 1.0000e-12  -64.17436  -61.94232 348.639050      47.10 5.0242e+02   1317.907      31631  1030.7815  1030.7802    34.5331    34.5316    8.16646         28 0.0000e+00
    635.000    627.850    -0.6113  28.454707    -0.6114  28.453525     6.0073     6.0877    -0.0221    89.6243 1.0000e-12  -64.17436  -61.94232 348.639063      48.25 5.0242e+02   1319.056      31658  1030.7767  1030.7756    34.5331    34.5316    8.16636         27 0.0000e+00
    634.000    626.863    -0.6101  28.455360    -0.6105  28.453805     6.0023     6.0902    -0.0219    89.6344 1.0000e-12  -64.17436  -61.94232 348.639076      48.87 5.0242e+02   1320.204      31686  1030.7719  1030.7707    34.5332    34.5316    8.16609         29 0.0000e+00
    633.000    625.874    -0.6094  28.455534    -0.6100  28.453817     6.0063     6.0882    -0.0244    89.6318 1.0000e-12  -64.17436  -61.94232 348.639090      50.03 5.0416e+02   1321.406      31715  1030.7672  1030.7660    34.5333    34.5316    8.16594         29 0.0000e+00
    632.000    624.889    -0.6091  28.455332    -0.6093  28.453951     6.0116     6.0857    -0.0238    89.6251 1.0000e-12  -64.17436  -61.94232 348.639105      50.52 5.0418e+02   1322.661      31745  1030.7624  1030.7613    34.5332    34.5316    8.16587         31 0.0000e+00
    631.000    623.901    -0.6090  28.455002    -0.6095  28.453457     6.0081     6.0862    -0.0147    89.6380 1.0000e-12  -64.17435  -61.94231 348.639119      52.21 5.0418e+02   1323.923      31775  1030.7578  1030.7566    34.5333    34.5317    8.16586         29 0.0000e+00
    630.000    622.915    -0.6085  28.454950    -0.6090  28.453414     6.0103     6.0856    -0.0144    89.6392 1.0000e-12  -64.17434  -61.94230 348.639133      52.70 5.0418e+02   1325.067      31803  1030.7530  1030.7518    34.5332    34.5317    8.16574         26 0.0000e+00
    629.000    621.925    -0.6076  28.455198    -0.6075  28.454226     6.0079     6.0845    -0.0177    89.6244 1.0000e-12  -64.17434  -61.94230 348.639145      53.35 5.0418e+02   1326.136      31828  1030.7482  1030.7470    34.5332    34.5317    8.16556         25 0.0000e+00
    628.000    620.939    -0.6059  28.456261    -0.6063  28.454729     6.0085     6.0823    -0.0219    89.6379 1.0000e-12  -64.17434  -61.94230 348.639158      54.73 5.0418e+02   1327.246      31855  1030.7434  1030.7421    34.5332    34.5316    8.16519         29 0.0000e+00
    627.000    619.952    -0.6052  28.456418    -0.6050  28.455421     6.0016     6.0812    -0.0169    89.6417 1.0000e-12  -64.17434  -61.94230 348.639172      55.99 5.0410e+02   1328.499      31885  1030.7386  1030.7373    34.5332    34.5316    8.16504         32 0.0000e+00
    626.000    618.965    -0.6040  28.456992    -0.6045  28.455488     5.9942     6.0853    -0.0212    89.6541 1.0000e-12  -64.17434  -61.94230 348.639188      56.69 5.0244e+02   1329.855      31918  1030.7338  1030.7327    34.5332    34.5318    8.16477         33 0.0000e+00
    625.000    617.978    -0.6039  28.456673    -0.6041  28.455337     5.9985     6.0906    -0.0190    89.6519 1.0000e-12  -64.17434  -61.94230 348.639203      58.19 5.0242e+02   1331.177      31949  1030.7291  1030.7279    34.5333    34.5318    8.16475         30 0.0000e+00
    624.000    616.991    -0.6023  28.457561    -0.6032  28.455733     6.0025     6.0851    -0.0098    89.6480 1.0000e-12  -64.17434  -61.94230 348.639217      59.21 5.0242e+02   1332.392      31978  1030.7243  1030.7232    34.5333    34.5318    8.16441         27 0.0000e+00
    623.000    616.002    -0.6001  28.458934    -0.5997  28.458256     6.0089     6.0825    -0.0240    89.6702 1.0000e-12  -64.17434  -61.94230 348.639230      60.44 5.0242e+02   1333.497      32005  1030.7194  1030.7182    34.5333    34.5319    8.16394         26 0.0000e+00
    622.000    615.016    -0.5970  28.461328    -0.5976  28.459629     6.0059     6.0811    -0.0277    89.6679 1.0000e-12  -64.17434  -61.94230 348.639243      61.46 5.0242e+02   1334.560      32030  1030.7147  1030.7134    34.5336    34.5319    8.16326         26 0.0000e+00
    621.000    614.028    -0.5957  28.462140    -0.5962  28.460550     6.0036     6.0799    -0.0190    89.6585 1.0000e-12  -64.17434  -61.94230 348.639256      62.97 5.0230e+02   1335.690      32058  1030.7100  1030.7087    34.5337    34.5321    8.16296         29 0.0000e+00
    620.000    613.041    -0.5940  28.463234    -0.5945  28.461687     5.9991     6.0780    -0.0138    89.6459 1.0000e-12  -64.17434  -61.94230 348.639270      62.95 5.0066e+02   1336.937      32087  1030.7052  1030.7041    34.5338    34.5323    8.16258         30 0.0000e+00
    619.000    612.054    -0.5925  28.464161    -0.5934  28.462250     5.9994     6.0792    -0.0143    89.6467 1.0000e-12  -64.17434  -61.94230 348.639285      64.33 5.0008e+02   1338.235      32119  1030.7005  1030.6994    34.5340    34.5325    8.16225         31 0.0000e+00
    618.000    611.065    -0.5919  28.464168    -0.5930  28.462100     6.0043     6.0789    -0.0196    89.6575 1.0000e-12  -64.17434  -61.94229 348.639300      65.30 4.9843e+02   1339.508      32149  1030.6958  1030.6947    34.5339    34.5324    8.16213         31 0.0000e+00
    617.000    610.080    -0.5923  28.463455    -0.5921  28.462425     6.0000     6.0811    -0.0219    89.6619 1.0000e-12  -64.17434  -61.94229 348.639314      66.89 4.9714e+02   1340.745      32179  1030.6911  1030.6898    34.5340    34.5324    8.16221         29 0.0000e+00
    616.000    609.091    -0.5902  28.464743    -0.5885  28.465055     5.9898     6.0824    -0.0150    89.6585 1.0000e-12  -64.17434  -61.94228 348.639328      68.23 4.9713e+02   1341.910      32207  1030.6862  1030.6849    34.5339    34.5325    8.16176         27 0.0000e+00
    615.000    608.105    -0.5829  28.470738    -0.5848  28.467957     5.9924     6.0782    -0.0213    89.6670 1.0000e-12  -64.17434  -61.94228 348.639341      68.56 4.9557e+02   1343.024      32234  1030.6812  1030.6801    34.5343    34.5328    8.16017         26 0.0000e+00
