NBP2113_155081_ctd/data/unbp2113_068.cnv
* Sea-Bird SBE 9 Data File:
* FileName = D:\Data\raw\NBP2113_068.hex
* Software Version Seasave V 7.26.7.121
* Temperature SN = 2438
* Conductivity SN = 2067
* Number of Bytes Per Scan = 40
* Number of Voltage Words = 5
* Number of Scans Averaged by the Deck Unit = 1
* NMEA Latitude = 63 34.55 S
* NMEA Longitude = 060 41.64 W
* NMEA UTC (Time) = Dec 15 2021  00:43:21
* NMEA baud rate = 9600
** Ship: RVIB N.B. Palmer
** Cruise: NBP2113 LTER
** Station: 831.-002
** Operator: S. Blackman
# nquan = 25
# nvalues = 576                         
# units = specified
# name 0 = prDM: Pressure, Digiquartz [db]
# name 1 = depSM: Depth [salt water, m]
# name 2 = t090C: Temperature [ITS-90, deg C]
# name 3 = c0mS/cm: Conductivity [mS/cm]
# name 4 = t190C: Temperature, 2 [ITS-90, deg C]
# name 5 = c1mS/cm: Conductivity, 2 [mS/cm]
# name 6 = sbeox0ML/L: Oxygen, SBE 43 [ml/l]
# name 7 = sbeox1ML/L: Oxygen, SBE 43, 2 [ml/l]
# name 8 = flECO-AFL: Fluorescence, WET Labs ECO-AFL/FL [mg/m^3]
# name 9 = CStarTr0: Beam Transmission, WET Labs C-Star [%]
# name 10 = par: PAR/Irradiance, Biospherical/Licor
# name 11 = latitude: Latitude [deg]
# name 12 = longitude: Longitude [deg]
# name 13 = timeJ: Julian Days
# name 14 = altM: Altimeter [m]
# name 15 = spar: SPAR, Biospherical/Licor
# name 16 = timeS: Time, Elapsed [seconds]
# name 17 = scan: Scan Count
# name 18 = density00: Density [density, kg/m^3]
# name 19 = density11: Density, 2 [density, kg/m^3]
# name 20 = sal00: Salinity, Practical [PSU]
# name 21 = sal11: Salinity, Practical, 2 [PSU]
# name 22 = oxsolML/L: Oxygen Saturation, Garcia & Gordon [ml/l]
# name 23 = nbin: number of scans per bin
# name 24 = flag: flag
# span 0 =      1.000,    576.000       
# span 1 =      0.990,    569.620       
# span 2 =    -1.1676,     0.0050       
# span 3 =  27.755287,  28.443284       
# span 4 =    -1.1672,     0.0046       
# span 5 =  27.753990,  28.440998       
# span 6 =     5.4760,    16.5101       
# span 7 =     6.7772,     9.1118       
# span 8 =    -0.0146,     1.9024       
# span 9 =    81.2310,    89.7643       
# span 10 = 1.0000e-12, 2.0674e+01      
# span 11 =  -63.57578,  -63.57525      
# span 12 =  -60.69402,  -60.69382      
# span 13 = 349.044930, 349.057509      
# span 14 =      -0.14,     100.73      
# span 15 = 1.7629e+01, 3.5258e+01      
# span 16 =   1280.952,   2367.766      
# span 17 =      30744,      56827      
# span 18 =  1027.4628,  1030.5063      
# span 19 =  1027.4614,  1030.5051      
# span 20 =    34.1958,    34.5037      
# span 21 =    34.1940,    34.5023      
# span 22 =    8.05433,    8.28956      
# span 23 =         14,         48      
# span 24 = 0.0000e+00, 0.0000e+00      
# interval = decibars: 1                
# start_time = Dec 15 2021 00:43:21 [NMEA time, header]
# bad_flag = -9.990e-29
*END*
[from data line 464]
    112.000    110.884    -0.7936  27.954624    -0.7899  27.955902     7.1465     7.2262     0.1640    88.7429 1.0000e-12  -63.57530  -60.69394 349.053173      99.97 2.9543e+01   1993.163      47837  1028.1815  1028.1792    34.3841    34.3816    8.21447         25 0.0000e+00
    111.000    109.892    -0.7847  27.960520    -0.7838  27.960171     7.1416     7.2238     0.1802    88.7429 1.0000e-12  -63.57530  -60.69394 349.053186      99.97 2.9965e+01   1994.241      47863  1028.1750  1028.1736    34.3826    34.3811    8.21262         27 0.0000e+00
    110.000    108.905    -0.7846  27.960250    -0.7825  27.961102     7.1346     7.2213     0.2125    88.7398 1.0000e-12  -63.57530  -60.69394 349.053202      99.97 2.9969e+01   1995.615      47896  1028.1705  1028.1692    34.3827    34.3815    8.21259         34 0.0000e+00
    109.000    107.913    -0.7871  27.957674    -0.7890  27.955486     7.1446     7.2206     0.1977    88.7241 1.0000e-12  -63.57530  -60.69392 349.053234      99.97 2.9969e+01   1998.423      47963  1028.1660  1028.1655    34.3826    34.3819    8.21313         21 0.0000e+00
    108.000    106.921    -0.7695  27.970672    -0.7747  27.965371     7.1532     7.2319     0.1847    88.7247 1.0000e-12  -63.57528  -60.69393 349.053272      99.97 2.9969e+01   2001.746      48043  1028.1586  1028.1580    34.3808    34.3796    8.20940         34 0.0000e+00
    107.000    105.935    -0.7709  27.968638    -0.7779  27.962229     7.1588     7.2390     0.1764    88.6974 1.0000e-12  -63.57528  -60.69394 349.053291      99.97 2.9969e+01   2003.322      48081  1028.1536  1028.1536    34.3803    34.3796    8.20974         30 0.0000e+00
    106.000    104.944    -0.7512  27.982918    -0.7491  27.982524     7.1654     7.2461     0.1571    88.6923 1.0000e-12  -63.57528  -60.69394 349.053304      99.97 2.9969e+01   2004.465      48108  1028.1455  1028.1430    34.3779    34.3749    8.20560         25 0.0000e+00
    105.000    103.952    -0.7506  27.982844    -0.7459  27.984915     7.1663     7.2430     0.1777    88.6741 1.0000e-12  -63.57528  -60.69394 349.053317      99.97 2.9969e+01   2005.595      48135  1028.1408  1028.1384    34.3777    34.3752    8.20549         26 0.0000e+00
    104.000    102.965    -0.7610  27.974677    -0.7577  27.975985     7.1617     7.2408     0.2053    88.6630 1.0000e-12  -63.57528  -60.69393 349.053350      99.97 2.9969e+01   2008.444      48204  1028.1380  1028.1362    34.3791    34.3771    8.20766         40 0.0000e+00
    103.000    101.977    -0.7544  27.978535    -0.7542  27.977618     7.1696     7.2541     0.1885    88.6552 1.0000e-12  -63.57528  -60.69392 349.053386      99.97 2.9969e+01   2011.579      48279  1028.1316  1028.1304    34.3774    34.3759    8.20632         25 0.0000e+00
    102.000    100.985    -0.7436  27.985773    -0.7442  27.984142     7.1814     7.2564     0.1707    88.6497 1.0000e-12  -63.57528  -60.69394 349.053397      99.97 2.9969e+01   2012.498      48301  1028.1246  1028.1234    34.3756    34.3740    8.20409         24 0.0000e+00
    101.000     99.998    -0.7380  27.989964    -0.7349  27.990828     7.1788     7.2526     0.1948    88.6311 1.0000e-12  -63.57528  -60.69394 349.053414      99.97 2.9969e+01   2014.002      48337  1028.1195  1028.1173    34.3755    34.3731    8.20288         30 0.0000e+00
    100.000     99.005    -0.7371  27.989639    -0.7412  27.985717     7.1841     7.2477     0.2228    88.6200 1.0000e-12  -63.57527  -60.69392 349.053450      99.97 2.9969e+01   2017.067      48411  1028.1142  1028.1139    34.3747    34.3740    8.20273         38 0.0000e+00
     99.000     98.017    -0.7288  27.994710    -0.7371  27.988092     7.1973     7.2698     0.2395    88.6055 1.0000e-12  -63.57526  -60.69393 349.053484      99.97 2.8542e+01   2019.990      48481  1028.1074  1028.1083    34.3727    34.3732    8.20104         38 0.0000e+00
     98.000     97.026    -0.7276  27.995583    -0.7298  27.992462     7.2205     7.2873     0.2366    88.6046 1.0000e-12  -63.57526  -60.69394 349.053508      99.97 2.8187e+01   2022.114      48532  1028.1029  1028.1017    34.3731    34.3714    8.20075         27 0.0000e+00
     97.000     96.036    -0.7122  28.004653    -0.7159  28.000879     7.2101     7.2861     0.1926    88.5849 1.0000e-12  -63.57526  -60.69392 349.053519      99.97 2.8206e+01   2023.023      48554  1028.0935  1028.0929    34.3685    34.3677    8.19768         22 0.0000e+00
     96.000     95.048    -0.7128  28.004206    -0.7126  28.003379     7.2059     7.2844     0.1924    88.5739 1.0000e-12  -63.57526  -60.69392 349.053547      99.97 2.8206e+01   2025.435      48611  1028.0894  1028.0882    34.3692    34.3679    8.19776         34 0.0000e+00
     95.000     94.057    -0.7123  28.003787    -0.7163  27.999754     7.2243     7.2933     0.1798    88.5712 1.0000e-12  -63.57526  -60.69394 349.053601      99.97 2.8206e+01   2030.083      48723  1028.0843  1028.0838    34.3687    34.3677    8.19768         24 0.0000e+00
     94.000     93.067    -0.7090  28.005565    -0.7091  28.004310     7.2215     7.2927     0.1939    88.5493 1.0000e-12  -63.57526  -60.69394 349.053611      99.97 2.8206e+01   2030.954      48744  1028.0788  1028.0774    34.3680    34.3663    8.19702         21 0.0000e+00
     93.000     92.076    -0.7078  28.005867    -0.7081  28.004603     7.2107     7.2869     0.2152    88.5390 1.0000e-12  -63.57526  -60.69393 349.053622      99.97 2.8206e+01   2031.923      48767  1028.0737  1028.0726    34.3677    34.3662    8.19678         26 0.0000e+00
     92.000     91.087    -0.7071  28.005830    -0.7091  28.003470     7.2076     7.2889     0.2253    88.5345 1.0000e-12  -63.57525  -60.69392 349.053672      99.97 2.7928e+01   2036.304      48872  1028.0688  1028.0682    34.3674    34.3664    8.19664         33 0.0000e+00
     91.000     90.098    -0.7036  28.007459    -0.7051  28.005450     7.2341     7.3091     0.2503    88.5378 1.0000e-12  -63.57525  -60.69395 349.053936      99.97 2.7911e+01   2059.026      49418  1028.0632  1028.0625    34.3662    34.3653    8.19594         36 0.0000e+00
     90.000     89.108    -0.6984  28.010223    -0.7004  28.007886     7.2524     7.3208     0.2189    88.5349 1.0000e-12  -63.57526  -60.69396 349.054033      99.97 2.8211e+01   2067.469      49620  1028.0569  1028.0563    34.3647    34.3638    8.19491         26 0.0000e+00
     89.000     88.118    -0.6900  28.015771    -0.6943  28.011571     7.2553     7.3253     0.2017    88.5053 1.0000e-12  -63.57526  -60.69396 349.054044      99.97 2.8206e+01   2068.366      49642  1028.0504  1028.0500    34.3633    34.3625    8.19317         25 0.0000e+00
     88.000     87.129    -0.6862  28.017878    -0.6863  28.016550     7.2618     7.3318     0.2431    88.4778 1.0000e-12  -63.57526  -60.69396 349.054057      99.97 2.8206e+01   2069.486      49669  1028.0446  1028.0432    34.3624    34.3607    8.19239         29 0.0000e+00
     87.000     86.137    -0.6750  28.025267    -0.6758  28.023788     7.2479     7.3302     0.2951    88.4714 1.0000e-12  -63.57526  -60.69396 349.054072      99.97 2.8116e+01   2070.858      49702  1028.0374  1028.0366    34.3602    34.3593    8.19008         38 0.0000e+00
     86.000     85.148    -0.6824  28.020259    -0.6821  28.019552     7.2799     7.3400     0.2956    88.3927 1.0000e-12  -63.57526  -60.69395 349.054094      99.97 2.6659e+01   2072.725      49746  1028.0351  1028.0341    34.3625    34.3613    8.19156         39 0.0000e+00
     85.000     84.158    -0.6607  28.033687    -0.6631  28.030757     7.3432     7.3827     0.3139    88.3680 1.0000e-12  -63.57526  -60.69394 349.054120      99.97 2.6765e+01   2074.923      49799  1028.0241  1028.0234    34.3567    34.3555    8.18721         34 0.0000e+00
     84.000     83.168    -0.5868  28.085653    -0.6092  28.068884     7.3702     7.4000     0.3602    88.3463 1.0000e-12  -63.57526  -60.69396 349.054143      76.30 2.6441e+01   2076.974      49848  1028.0037  1028.0076    34.3435    34.3463    8.17199         35 0.0000e+00
     83.000     82.178    -0.5689  28.098023    -0.5848  28.085766     7.3618     7.4125     0.4161    88.3228 1.0000e-12  -63.57526  -60.69395 349.054170      99.92 2.6443e+01   2079.264      49903  1027.9960  1027.9981    34.3406    34.3420    8.16831         47 0.0000e+00
     82.000     81.187    -0.5482  28.112463    -0.5594  28.102869     7.3522     7.4208     0.4251    88.2436 1.0000e-12  -63.57526  -60.69394 349.054192      99.97 2.6443e+01   2081.149      49949  1027.9874  1027.9878    34.3371    34.3369    8.16403         34 0.0000e+00
     81.000     80.200    -0.5358  28.121185    -0.5592  28.103261     7.3302     7.4182     0.3125    88.1536 1.0000e-12  -63.57526  -60.69394 349.054207      99.97 2.6443e+01   2082.463      49980  1027.9808  1027.9841    34.3355    34.3378    8.16147         28 0.0000e+00
     80.000     79.209    -0.5317  28.123965    -0.5345  28.120542     7.3397     7.4204     0.3168    88.0002 1.0000e-12  -63.57526  -60.69394 349.054221      99.97 2.6443e+01   2083.662      50009  1027.9758  1027.9745    34.3352    34.3337    8.16061         32 0.0000e+00
     79.000     78.219    -0.5496  28.111426    -0.5468  28.110712     7.3350     7.4151     0.3687    87.9794 1.0000e-12  -63.57527  -60.69394 349.054241      99.97 2.6443e+01   2085.408      50051  1027.9759  1027.9721    34.3392    34.3350    8.16423         38 0.0000e+00
     78.000     77.229    -0.5500  28.109944    -0.5464  28.111220     7.3387     7.4125     0.3736    88.0202 1.0000e-12  -63.57528  -60.69392 349.054270      99.97 2.6443e+01   2087.965      50112  1027.9708  1027.9683    34.3383    34.3359    8.16437         38 0.0000e+00
     77.000     76.240    -0.5430  28.113220    -0.5482  28.109414     7.3368     7.4153     0.4170    88.0220 1.0000e-12  -63.57527  -60.69392 349.054294      99.97 2.6443e+01   2090.036      50162  1027.9633  1027.9642    34.3354    34.3361    8.16302         38 0.0000e+00
     76.000     75.249    -0.5315  28.121230    -0.5360  28.116617     7.3615     7.4326     0.4034    88.0115 1.0000e-12  -63.57528  -60.69390 349.054347      99.97 2.6658e+01   2094.619      50272  1027.9568  1027.9561    34.3338    34.3327    8.16065         41 0.0000e+00
     75.000     74.260    -0.5157  28.132303    -0.5159  28.130878     7.3610     7.4454     0.4122    87.9165 1.0000e-12  -63.57530  -60.69395 349.054599      99.97 2.6446e+01   2116.390      50794  1027.9499  1027.9485    34.3314    34.3296    8.15738         42 0.0000e+00
     74.000     73.269    -0.5136  28.133364    -0.5150  28.131266     7.3684     7.4395     0.3795    87.8939 1.0000e-12  -63.57530  -60.69396 349.054644      99.97 2.6443e+01   2120.216      50886  1027.9447  1027.9438    34.3310    34.3298    8.15694         37 0.0000e+00
     73.000     72.277    -0.5133  28.133065    -0.5146  28.131042     7.3580     7.4389     0.3822    87.8993 1.0000e-12  -63.57531  -60.69396 349.054676      99.97 2.6443e+01   2123.013      50953  1027.9399  1027.9389    34.3309    34.3296    8.15689         41 0.0000e+00
     72.000     71.289    -0.5109  28.134493    -0.5074  28.135746     7.3579     7.4425     0.4156    87.8939 1.0000e-12  -63.57532  -60.69396 349.054705      99.97 2.4860e+01   2125.546      51014  1027.9347  1027.9327    34.3307    34.3285    8.15638         39 0.0000e+00
     71.000     70.300    -0.5048  28.138412    -0.5062  28.136170     7.3599     7.4391     0.3818    87.8847 1.0000e-12  -63.57532  -60.69396 349.054731      99.97 2.4672e+01   2127.792      51068  1027.9288  1027.9277    34.3297    34.3283    8.15513         35 0.0000e+00
     70.000     69.310    -0.4918  28.147930    -0.4903  28.147574     7.3730     7.4537     0.4272    87.8890 1.0000e-12  -63.57534  -60.69396 349.054792      99.97 2.4680e+01   2133.049      51194  1027.9221  1027.9203    34.3284    34.3262    8.15241         36 0.0000e+00
     69.000     68.320    -0.4956  28.144026    -0.4906  28.146161     7.3785     7.4500     0.3556    87.8968 1.0000e-12  -63.57534  -60.69396 349.054808      99.97 2.4680e+01   2134.417      51227  1027.9174  1027.9149    34.3281    34.3253    8.15325         28 0.0000e+00
     68.000     67.328    -0.4717  28.161210    -0.4806  28.153043     7.3844     7.4591     0.4087    87.7609 1.0000e-12  -63.57534  -60.69396 349.054828      99.96 2.4680e+01   2136.160      51269  1027.9082  1027.9082    34.3247    34.3238    8.14830         37 0.0000e+00
     67.000     66.339    -0.4620  28.166713    -0.4616  28.165502     7.3666     7.4632     0.4716    87.6800 1.0000e-12  -63.57534  -60.69396 349.054862      76.70 2.4680e+01   2139.082      51339  1027.9007  1027.8990    34.3218    34.3197    8.14640         42 0.0000e+00
     66.000     65.348    -0.4221  28.196068    -0.4220  28.194410     7.3893     7.4631     0.5073    87.6794 1.0000e-12  -63.57534  -60.69395 349.054918      99.27 2.4680e+01   2143.920      51455  1027.8891  1027.8875    34.3167    34.3143    8.13813         36 0.0000e+00
     65.000     64.361    -0.3887  28.217865    -0.3980  28.209174     7.4103     7.4777     0.5268    87.1145 1.0000e-12  -63.57535  -60.69395 349.055039      99.97 2.4680e+01   2154.330      51705  1027.8770  1027.8770    34.3088    34.3077    8.13143         27 0.0000e+00
     64.000     63.370    -0.3601  28.238077    -0.3708  28.228795     7.4109     7.4816     0.5415    86.8477 1.0000e-12  -63.57537  -60.69393 349.055123      99.97 2.4680e+01   2161.662      51881  1027.8672  1027.8678    34.3042    34.3039    8.12558         40 0.0000e+00
     63.000     62.379    -0.3513  28.243593    -0.3586  28.236679     7.4080     7.4854     0.5962    86.6452 1.0000e-12  -63.57538  -60.69393 349.055190      99.97 2.4680e+01   2167.455      52020  1027.8608  1027.8603    34.3022    34.3012    8.12381         36 0.0000e+00
     62.000     61.389    -0.3401  28.251245    -0.3406  28.249693     7.4161     7.4876     0.6992    86.4907 1.0000e-12  -63.57538  -60.69394 349.055210      99.97 2.4680e+01   2169.116      52060  1027.8538  1027.8524    34.3004    34.2989    8.12152         37 0.0000e+00
     61.000     60.400    -0.3368  28.252889    -0.3382  28.250766     7.4172     7.4922     0.7572    86.4942 1.0000e-12  -63.57538  -60.69392 349.055261      99.97 2.4680e+01   2173.539      52166  1027.8484  1027.8474    34.2996    34.2983    8.12087         40 0.0000e+00
     60.000     59.409    -0.3357  28.253275    -0.3362  28.251787     7.4231     7.4953     0.7061    86.3938 1.0000e-12  -63.57540  -60.69393 349.055295      99.97 2.4680e+01   2176.454      52236  1027.8436  1027.8424    34.2995    34.2980    8.12064         38 0.0000e+00
     59.000     58.419    -0.3305  28.256408    -0.3311  28.254895     7.4180     7.4980     0.7016    86.3753 1.0000e-12  -63.57540  -60.69394 349.055314      99.96 2.4680e+01   2178.146      52277  1027.8377  1027.8366    34.2984    34.2971    8.11959         38 0.0000e+00
     58.000     57.428    -0.2906  28.283266    -0.3046  28.272281     7.4344     7.5024     0.8283    86.1246 1.0000e-12  -63.57540  -60.69394 349.055344      99.97 2.4438e+01   2180.760      52339  1027.8235  1027.8250    34.2900    34.2910    8.11158         45 0.0000e+00
     57.000     56.440    -0.2447  28.317207    -0.2393  28.319522     7.4211     7.5101     0.9097    85.8458 1.0000e-12  -63.57540  -60.69394 349.055398      99.97 2.2828e+01   2185.429      52451  1027.8113  1027.8085    34.2842    34.2813    8.10213         39 0.0000e+00
     56.000     55.448    -0.2645  28.301001    -0.2690  28.296850     7.4456     7.5024     0.7868    85.7417 1.0000e-12  -63.57541  -60.69394 349.055413      99.97 2.2917e+01   2186.697      52482  1027.8093  1027.8093    34.2855    34.2850    8.10626         34 0.0000e+00
