NBP2113_155081_ctd/data/unbp2113_019.cnv
* Sea-Bird SBE 9 Data File:
* FileName = D:\Data\raw\NBP2113_019.hex
* Software Version Seasave V 7.26.7.121
* Temperature SN = 2438
* Conductivity SN = 2067
* Number of Bytes Per Scan = 40
* Number of Voltage Words = 5
* Number of Scans Averaged by the Deck Unit = 1
* NMEA Latitude = 66 53.46 S
* NMEA Longitude = 068 55.21 W
* NMEA UTC (Time) = Nov 29 2021  09:39:46
* NMEA baud rate = 9600
** Ship: RVIB N.B. Palmer
** Cruise: NBP2113 LTER
** Station: 300.040
** Operator: B. Urmston
# nquan = 25
# nvalues = 673                         
# units = specified
# name 0 = prDM: Pressure, Digiquartz [db]
# name 1 = depSM: Depth [salt water, m]
# name 2 = t090C: Temperature [ITS-90, deg C]
# name 3 = c0mS/cm: Conductivity [mS/cm]
# name 4 = t190C: Temperature, 2 [ITS-90, deg C]
# name 5 = c1mS/cm: Conductivity, 2 [mS/cm]
# name 6 = sbeox0ML/L: Oxygen, SBE 43 [ml/l]
# name 7 = sbeox1ML/L: Oxygen, SBE 43, 2 [ml/l]
# name 8 = flECO-AFL: Fluorescence, WET Labs ECO-AFL/FL [mg/m^3]
# name 9 = CStarTr0: Beam Transmission, WET Labs C-Star [%]
# name 10 = par: PAR/Irradiance, Biospherical/Licor
# name 11 = latitude: Latitude [deg]
# name 12 = longitude: Longitude [deg]
# name 13 = timeJ: Julian Days
# name 14 = altM: Altimeter [m]
# name 15 = spar: SPAR, Biospherical/Licor
# name 16 = timeS: Time, Elapsed [seconds]
# name 17 = scan: Scan Count
# name 18 = density00: Density [density, kg/m^3]
# name 19 = density11: Density, 2 [density, kg/m^3]
# name 20 = sal00: Salinity, Practical [PSU]
# name 21 = sal11: Salinity, Practical, 2 [PSU]
# name 22 = oxsolML/L: Oxygen Saturation, Garcia & Gordon [ml/l]
# name 23 = nbin: number of scans per bin
# name 24 = flag: flag
# span 0 =      1.000,    673.000       
# span 1 =      0.990,    665.235       
# span 2 =    -0.9044,     1.4609       
# span 3 =  27.489965,  30.232854       
# span 4 =    -0.9188,     1.4599       
# span 5 =  27.474494,  30.231730       
# span 6 =     3.9628,     9.2420       
# span 7 =     4.0254,     9.7454       
# span 8 =    -0.0224,     1.2528       
# span 9 =    89.8677,    97.3949       
# span 10 = 1.0000e-12, 7.8826e+02      
# span 11 =  -66.89128,  -66.89106      
# span 12 =  -68.92454,  -68.92398      
# span 13 = 333.418538, 333.433263      
# span 14 =       8.35,      99.98      
# span 15 = 4.3031e+02, 5.5000e+02      
# span 16 =   1375.686,   2647.958      
# span 17 =      33017,      63552      
# span 18 =  1027.2218,  1030.9683      
# span 19 =  1027.2208,  1030.9674      
# span 20 =    33.8544,    34.7211      
# span 21 =    33.8531,    34.7200      
# span 22 =    7.73090,    8.26599      
# span 23 =         11,         47      
# span 24 = 0.0000e+00, 0.0000e+00      
# interval = decibars: 1                
# start_time = Nov 29 2021 09:39:46 [NMEA time, header]
# bad_flag = -9.990e-29
*END*
[from data line 522]
    151.000    149.444     0.2200  28.804029     0.2040  28.786733     5.2974     5.3364     0.0289    96.8360 1.0000e-12  -66.89126  -68.92402 333.427966      99.97 5.3948e+02   2190.236      52567  1028.2917  1028.2892    34.3513    34.3465    8.00063         21 0.0000e+00
    150.000    148.456     0.1918  28.774325     0.1740  28.755826     5.2591     5.3138     0.0335    96.8237 1.0000e-12  -66.89126  -68.92400 333.427986      99.97 5.4067e+02   2192.002      52609  1028.2834  1028.2810    34.3444    34.3398    8.00690         27 0.0000e+00
    149.000    147.466     0.1425  28.724397     0.1323  28.712358     5.3693     5.3902     0.0362    96.8147 1.0000e-12  -66.89126  -68.92400 333.428103      99.97 5.3466e+02   2202.088      52851  1028.2734  1028.2705    34.3343    34.3298    8.01775         13 0.0000e+00
    148.000    146.476     0.1561  28.740153     0.1531  28.730975     5.3376     5.3705     0.0362    96.8044 1.0000e-12  -66.89126  -68.92400 333.428112      99.97 5.3608e+02   2202.919      52871  1028.2720  1028.2652    34.3405    34.3317    8.01456         21 0.0000e+00
    147.000    145.489     0.1244  28.702750     0.1193  28.697091     5.4707     5.4916     0.0426    96.7431 1.0000e-12  -66.89126  -68.92402 333.428428      99.97 5.4078e+02   2230.179      53525  1028.2575  1028.2563    34.3272    34.3254    8.02192         25 0.0000e+00
    146.000    144.499     0.0963  28.673918     0.0936  28.670516     5.5099     5.5255     0.0502    96.7393 1.0000e-12  -66.89126  -68.92402 333.428485      99.97 5.4118e+02   2235.142      53644  1028.2496  1028.2486    34.3211    34.3196    8.02813         30 0.0000e+00
    145.000    143.509     0.0824  28.658652     0.0908  28.667315     5.5288     5.5552     0.0523    96.7623 1.0000e-12  -66.89126  -68.92402 333.428502      99.98 5.4120e+02   2236.603      53679  1028.2425  1028.2435    34.3170    34.3192    8.03126         31 0.0000e+00
    144.000    142.520     0.0604  28.635424     0.0659  28.640535     5.5594     5.6130     0.0569    96.7885 1.0000e-12  -66.89126  -68.92402 333.428516      99.97 5.4265e+02   2237.803      53708  1028.2349  1028.2349    34.3117    34.3122    8.03619         26 0.0000e+00
    143.000    141.532     0.0465  28.621034     0.0481  28.620990     5.6453     5.6516     0.0512    96.7992 1.0000e-12  -66.89126  -68.92402 333.428528      99.97 5.4297e+02   2238.777      53732  1028.2287  1028.2271    34.3087    34.3069    8.03926         22 0.0000e+00
    142.000    140.541     0.0289  28.600266    -0.0108  28.559758     5.6959     5.6639     0.0581    96.7797 1.0000e-12  -66.89126  -68.92402 333.428538      99.97 5.4297e+02   2239.653      53753  1028.2194  1028.2153    34.3016    34.2924    8.04336         21 0.0000e+00
    141.000    139.551    -0.0202  28.550678    -0.0260  28.543887     5.6748     5.6624     0.0646    96.7791 1.0000e-12  -66.89126  -68.92402 333.428548      99.97 5.4297e+02   2240.567      53775  1028.2103  1028.2087    34.2915    34.2890    8.05425         24 0.0000e+00
    140.000    138.562    -0.0245  28.546510    -0.0220  28.548252     5.6271     5.6390     0.0642    96.7770 1.0000e-12  -66.89126  -68.92401 333.428564      99.97 5.4297e+02   2241.889      53806  1028.2052  1028.2045    34.2914    34.2909    8.05515         39 0.0000e+00
    139.000    137.574    -0.0046  28.566365     0.0168  28.587726     5.6516     5.6868     0.0745    96.7942 1.0000e-12  -66.89126  -68.92400 333.428592      99.97 5.4214e+02   2244.377      53866  1028.2018  1028.2035    34.2960    34.3004    8.05071         35 0.0000e+00
    138.000    136.582    -0.0312  28.537206    -0.0241  28.544066     5.7302     5.7679     0.0833    96.7889 1.0000e-12  -66.89126  -68.92401 333.428607      99.98 5.4116e+02   2245.633      53896  1028.1923  1028.1927    34.2878    34.2889    8.05677         21 0.0000e+00
    137.000    135.594    -0.0419  28.525089    -0.0594  28.506120     5.7804     5.7798     0.0577    96.7766 1.0000e-12  -66.89126  -68.92402 333.428616      99.97 5.4120e+02   2246.414      53915  1028.1854  1028.1824    34.2843    34.2787    8.05922         18 0.0000e+00
    136.000    134.605    -0.0894  28.475114    -0.1058  28.457464     5.7949     5.7889     0.0457    96.7769 1.0000e-12  -66.89126  -68.92402 333.428624      99.97 5.4120e+02   2247.139      53932  1028.1742  1028.1715    34.2718    34.2668    8.06994         18 0.0000e+00
    135.000    133.616    -0.1022  28.461645    -0.1154  28.446967     5.8157     5.7980     0.0548    96.7769 1.0000e-12  -66.89126  -68.92403 333.428634      99.97 5.4120e+02   2247.939      53952  1028.1678  1028.1651    34.2689    34.2642    8.07281         21 0.0000e+00
    134.000    132.626    -0.1069  28.458146    -0.0916  28.469829     5.8156     5.8058     0.0687    96.7769 1.0000e-12  -66.89126  -68.92404 333.428646      99.97 5.4242e+02   2249.008      53977  1028.1639  1028.1614    34.2701    34.2685    8.07373         31 0.0000e+00
    133.000    131.637    -0.1169  28.445085    -0.1097  28.452595     5.8952     5.8690     0.0729    96.7656 1.0000e-12  -66.89126  -68.92402 333.428663      99.97 5.4470e+02   2250.502      54013  1028.1550  1028.1560    34.2647    34.2665    8.07617         36 0.0000e+00
    132.000    130.648    -0.1620  28.397001    -0.1403  28.418226     5.9750     5.9771     0.0739    96.7552 1.0000e-12  -66.89126  -68.92402 333.428680      99.97 5.4335e+02   2251.926      54047  1028.1431  1028.1445    34.2519    34.2558    8.08643         30 0.0000e+00
    131.000    129.657    -0.2059  28.349777    -0.2161  28.336822     6.0617     6.0363     0.0766    96.7631 1.0000e-12  -66.89126  -68.92400 333.428693      99.97 5.4289e+02   2253.083      54075  1028.1308  1028.1271    34.2388    34.2330    8.09647         26 0.0000e+00
    130.000    128.669    -0.2455  28.308275    -0.2697  28.282142     6.1478     6.1087     0.0657    96.7498 1.0000e-12  -66.89126  -68.92402 333.428705      99.97 5.4172e+02   2254.097      54099  1028.1204  1028.1161    34.2286    34.2209    8.10547         23 0.0000e+00
    129.000    127.679    -0.2791  28.273123    -0.2996  28.251781     6.1421     6.1349     0.0730    96.7276 1.0000e-12  -66.89126  -68.92402 333.428715      99.97 5.4119e+02   2255.012      54121  1028.1108  1028.1080    34.2200    34.2146    8.11311         21 0.0000e+00
    128.000    126.689    -0.3040  28.247233    -0.3264  28.222756     6.1101     6.1346     0.0752    96.7018 1.0000e-12  -66.89126  -68.92402 333.428726      99.97 5.4282e+02   2255.900      54143  1028.1025  1028.0981    34.2140    34.2065    8.11875         22 0.0000e+00
    127.000    125.700    -0.3160  28.236407    -0.3604  28.187334     6.1127     6.1310     0.0906    96.6629 1.0000e-12  -66.89126  -68.92402 333.428737      99.97 5.4297e+02   2256.874      54166  1028.0977  1028.0885    34.2136    34.1979    8.12134         26 0.0000e+00
    126.000    124.711    -0.3057  28.244240    -0.3196  28.230753     6.1744     6.1456     0.1078    96.5947 1.1968e-03  -66.89126  -68.92403 333.428754      99.97 5.4297e+02   2258.352      54201  1028.0911  1028.0897    34.2132    34.2107    8.11918         39 0.0000e+00
    125.000    123.721    -0.3674  28.179403    -0.3402  28.208533     6.2648     6.2344     0.0924    96.6584 3.8809e-03  -66.89126  -68.92402 333.428780      99.98 5.4198e+02   2260.634      54256  1028.0763  1028.0808    34.1964    34.2048    8.13330         35 0.0000e+00
    124.000    122.732    -0.4041  28.139588    -0.3745  28.168657     6.3755     6.3209     0.0820    96.6330 6.3852e-03  -66.89126  -68.92402 333.428795      99.97 5.4142e+02   2261.858      54286  1028.0645  1028.0668    34.1850    34.1907    8.14182         24 0.0000e+00
    123.000    121.741    -0.4321  28.107180    -0.4653  28.070567     6.3959     6.3538     0.0875    96.6090 8.7192e-03  -66.89126  -68.92402 333.428805      99.98 5.4129e+02   2262.744      54307  1028.0521  1028.0452    34.1736    34.1618    8.14847         19 0.0000e+00
    122.000    120.753    -0.4991  28.035789    -0.5032  28.030270     6.4129     6.3634     0.0879    96.5938 1.1372e-02  -66.89126  -68.92402 333.428814      99.98 5.4186e+02   2263.549      54326  1028.0359  1028.0340    34.1538    34.1511    8.16400         19 0.0000e+00
    121.000    119.764    -0.5021  28.031737    -0.5076  28.024971     6.3938     6.3749     0.0844    96.5712 1.4633e-02  -66.89126  -68.92402 333.428824      99.97 5.4296e+02   2264.366      54346  1028.0296  1028.0276    34.1523    34.1495    8.16474         21 0.0000e+00
    120.000    118.773    -0.5048  28.028226    -0.5078  28.023832     6.3715     6.3866     0.0840    96.5469 1.7262e-02  -66.89126  -68.92402 333.428834      99.97 5.4403e+02   2265.228      54366  1028.0236  1028.0217    34.1513    34.1488    8.16538         21 0.0000e+00
    119.000    117.784    -0.5087  28.023052    -0.5110  28.019966     6.3708     6.3856     0.0954    96.5536 1.9613e-02  -66.89126  -68.92402 333.428844      99.97 5.4472e+02   2266.118      54388  1028.0169  1028.0158    34.1493    34.1478    8.16633         21 0.0000e+00
    118.000    116.795    -0.5148  28.016054    -0.5148  28.015187     6.3684     6.3783     0.0882    96.5706 2.2666e-02  -66.89126  -68.92402 333.428855      99.97 5.4473e+02   2267.048      54410  1028.0106  1028.0096    34.1475    34.1463    8.16776         24 0.0000e+00
    117.000    115.805    -0.5046  28.027735    -0.5101  28.020002     6.3609     6.3808     0.0989    96.5703 2.6161e-02  -66.89126  -68.92402 333.428870      99.98 5.4386e+02   2268.328      54441  1028.0083  1028.0052    34.1523    34.1480    8.16528         41 0.0000e+00
    116.000    114.816    -0.5150  28.016014    -0.5103  28.019820     6.3385     6.4011     0.0888    96.5492 3.1913e-02  -66.89126  -68.92404 333.428907      99.98 5.4272e+02   2271.541      54518  1028.0003  1027.9998    34.1488    34.1487    8.16772         31 0.0000e+00
    115.000    113.826    -0.5143  28.015889    -0.5135  28.016066     6.3674     6.4283     0.0951    96.5625 3.6233e-02  -66.89126  -68.92404 333.428921      99.97 5.4206e+02   2272.779      54548  1027.9949  1027.9943    34.1485    34.1478    8.16759         20 0.0000e+00
    114.000    112.839    -0.5190  28.009832    -0.5259  28.001702     6.4151     6.4603     0.0729    96.5711 4.0629e-02  -66.89126  -68.92404 333.428929      99.98 5.4129e+02   2273.496      54565  1027.9884  1027.9864    34.1462    34.1431    8.16872         16 0.0000e+00
    113.000    111.846    -0.5309  27.996714    -0.5411  27.985168     6.4307     6.4820     0.0729    96.5440 4.5329e-02  -66.89126  -68.92404 333.428937      99.97 5.4120e+02   2274.135      54580  1027.9815  1027.9790    34.1426    34.1386    8.17150         16 0.0000e+00
    112.000    110.857    -0.5445  27.981794    -0.5467  27.978765     6.4155     6.4912     0.0729    96.5404 4.9192e-02  -66.89126  -68.92404 333.428944      99.97 5.4120e+02   2274.793      54596  1027.9742  1027.9730    34.1385    34.1369    8.17467         16 0.0000e+00
    111.000    109.869    -0.5430  27.981445    -0.5646  27.958615     6.4207     6.4977     0.0839    96.5464 5.3308e-02  -66.89126  -68.92404 333.428953      99.98 5.4120e+02   2275.530      54614  1027.9679  1027.9643    34.1369    34.1305    8.17444         19 0.0000e+00
    110.000    108.879    -0.5500  27.974830    -0.5757  27.946730     6.4457     6.4737     0.0874    96.5335 5.7154e-02  -66.89126  -68.92404 333.428964      99.97 5.4225e+02   2276.496      54637  1027.9631  1027.9577    34.1366    34.1277    8.17598         28 0.0000e+00
    109.000    107.887    -0.5559  27.967938    -0.5561  27.967480     6.4658     6.4792     0.1022    96.5176 5.9865e-02  -66.89126  -68.92403 333.428982      99.97 5.4445e+02   2278.011      54673  1027.9567  1027.9563    34.1345    34.1342    8.17736         40 0.0000e+00
    108.000    106.900    -0.5704  27.952476    -0.5652  27.956825     6.5574     6.5226     0.1227    96.4843 6.5427e-02  -66.89126  -68.92402 333.429005      99.97 5.4388e+02   2280.073      54723  1027.9494  1027.9491    34.1306    34.1307    8.18071         42 0.0000e+00
    107.000    105.910    -0.6045  27.912620    -0.5770  27.942592     6.6386     6.6146     0.1213    96.4674 7.5600e-02  -66.89126  -68.92403 333.429028      99.97 5.3905e+02   2282.009      54769  1027.9350  1027.9405    34.1161    34.1254    8.18894         39 0.0000e+00
    106.000    104.921    -0.6189  27.896947    -0.6119  27.904321     6.7152     6.7254     0.1010    96.4138 8.4949e-02  -66.89126  -68.92404 333.429044      99.97 5.3763e+02   2283.444      54804  1027.9273  1027.9286    34.1117    34.1138    8.19230         30 0.0000e+00
    105.000    103.930    -0.6506  27.862846    -0.6706  27.839661     6.7840     6.7700     0.1225    96.4142 9.2419e-02  -66.89126  -68.92406 333.429057      99.97 5.3959e+02   2284.567      54831  1027.9167  1027.9112    34.1021    34.0933    8.19972         24 0.0000e+00
    104.000    102.941    -0.6713  27.838996    -0.6882  27.818485     6.8171     6.7861     0.1416    96.3356 9.7806e-02  -66.89126  -68.92406 333.429068      99.98 5.4163e+02   2285.441      54852  1027.9066  1027.9008    34.0939    34.0852    8.20470         19 0.0000e+00
    103.000    101.953    -0.6823  27.824850    -0.7020  27.802228     6.8048     6.7799     0.1525    96.2843 1.0230e-01  -66.89126  -68.92404 333.429076      99.97 5.4374e+02   2286.147      54869  1027.8973  1027.8919    34.0877    34.0794    8.20743         16 0.0000e+00
    102.000    100.962    -0.7040  27.799745    -0.7090  27.793357     6.7946     6.7806     0.1680    96.2001 1.0767e-01  -66.89126  -68.92404 333.429083      99.97 5.4472e+02   2286.765      54883  1027.8867  1027.8846    34.0789    34.0759    8.21266         14 0.0000e+00
    101.000     99.972    -0.7088  27.793850    -0.7100  27.791397     6.7767     6.7834     0.1615    96.1666 1.1336e-01  -66.89126  -68.92404 333.429090      99.97 5.4473e+02   2287.360      54898  1027.8805  1027.8789    34.0770    34.0751    8.21382         15 0.0000e+00
    100.000     98.982    -0.7107  27.790043    -0.7127  27.786450     6.7793     6.7739     0.1539    96.1807 1.1942e-01  -66.89126  -68.92404 333.429097      99.97 5.4515e+02   2287.991      54913  1027.8736  1027.8716    34.0746    34.0720    8.21437         16 0.0000e+00
     99.000     97.993    -0.7107  27.789636    -0.7158  27.781787     6.7766     6.7618     0.1834    96.1534 1.2759e-01  -66.89126  -68.92403 333.429106      99.97 5.4640e+02   2288.798      54932  1027.8686  1027.8650    34.0747    34.0699    8.21437         24 0.0000e+00
     98.000     97.000    -0.7065  27.793583    -0.7045  27.795445     6.7751     6.8231     0.1565    96.1638 1.4406e-01  -66.89126  -68.92403 333.429163      99.97 5.4077e+02   2293.635      55048  1027.8635  1027.8634    34.0759    34.0762    8.21339         17 0.0000e+00
     97.000     96.020    -0.7115  27.787502    -0.7082  27.790212     6.8308     6.8564     0.1456    96.1544 1.5838e-01  -66.89126  -68.92404 333.429188      99.97 5.3937e+02   2295.865      55102  1027.8570  1027.8567    34.0739    34.0739    8.21458         12 0.0000e+00
     96.000     95.022    -0.7170  27.780534    -0.7216  27.774624     6.8474     6.8576     0.1405    96.1330 1.6947e-01  -66.89126  -68.92404 333.429193      99.97 5.3767e+02   2296.294      55112  1027.8506  1027.8485    34.0714    34.0686    8.21594         13 0.0000e+00
     95.000     94.036    -0.7366  27.758533    -0.7416  27.753079     6.8263     6.8500     0.1388    96.0893 1.8075e-01  -66.89126  -68.92404 333.429200      99.98 5.3895e+02   2296.865      55126  1027.8413  1027.8402    34.0642    34.0625    8.22060         15 0.0000e+00
