NBP2113_155081_ctd/data/unbp2113_057.cnv
* Sea-Bird SBE 9 Data File:
* FileName = D:\Data\raw\NBP2113_057.hex
* Software Version Seasave V 7.26.7.121
* Temperature SN = 2438
* Conductivity SN = 2067
* Number of Bytes Per Scan = 40
* Number of Voltage Words = 5
* Number of Scans Averaged by the Deck Unit = 1
* NMEA Latitude = 64 55.49 S
* NMEA Longitude = 064 36.97 W
* NMEA UTC (Time) = Dec 12 2021  00:03:38
* NMEA baud rate = 9600
** Ship: RVIB N.B. Palmer
** Cruise: NBP2113 LTER
** Station: 594.048
** Operator: S. Blackman
# nquan = 25
# nvalues = 1065                        
# units = specified
# name 0 = prDM: Pressure, Digiquartz [db]
# name 1 = depSM: Depth [salt water, m]
# name 2 = t090C: Temperature [ITS-90, deg C]
# name 3 = c0mS/cm: Conductivity [mS/cm]
# name 4 = t190C: Temperature, 2 [ITS-90, deg C]
# name 5 = c1mS/cm: Conductivity, 2 [mS/cm]
# name 6 = sbeox0ML/L: Oxygen, SBE 43 [ml/l]
# name 7 = sbeox1ML/L: Oxygen, SBE 43, 2 [ml/l]
# name 8 = flECO-AFL: Fluorescence, WET Labs ECO-AFL/FL [mg/m^3]
# name 9 = CStarTr0: Beam Transmission, WET Labs C-Star [%]
# name 10 = par: PAR/Irradiance, Biospherical/Licor
# name 11 = latitude: Latitude [deg]
# name 12 = longitude: Longitude [deg]
# name 13 = timeJ: Julian Days
# name 14 = altM: Altimeter [m]
# name 15 = spar: SPAR, Biospherical/Licor
# name 16 = timeS: Time, Elapsed [seconds]
# name 17 = scan: Scan Count
# name 18 = density00: Density [density, kg/m^3]
# name 19 = density11: Density, 2 [density, kg/m^3]
# name 20 = sal00: Salinity, Practical [PSU]
# name 21 = sal11: Salinity, Practical, 2 [PSU]
# name 22 = oxsolML/L: Oxygen Saturation, Garcia & Gordon [ml/l]
# name 23 = nbin: number of scans per bin
# name 24 = flag: flag
# span 0 =      1.000,   1065.000       
# span 1 =      0.994,   1051.869       
# span 2 =    -0.5691,     1.4777       
# span 3 =  27.538261,  30.540679       
# span 4 =    -0.5689,     1.4775       
# span 5 =  27.533561,  30.539512       
# span 6 =     4.0429,    10.2282       
# span 7 =     4.1021,     9.3255       
# span 8 =    -0.0220,     1.9702       
# span 9 =    82.1283,    90.7930       
# span 10 = 1.0000e-12, 1.9416e+01      
# span 11 =  -64.92494,  -64.92480      
# span 12 =  -64.61658,  -64.61486      
# span 13 = 346.022892, 346.049533      
# span 14 =       1.12,     101.33      
# span 15 = 1.2340e+01, 5.1124e+01      
# span 16 =   1759.822,   4061.627      
# span 17 =      42237,      97480      
# span 18 =  1027.0309,  1032.7266      
# span 19 =  1027.0298,  1032.7255      
# span 20 =    33.6281,    34.6771      
# span 21 =    33.6264,    34.6755      
# span 22 =    7.72881,    8.20890      
# span 23 =         10,         48      
# span 24 = 0.0000e+00, 0.0000e+00      
# interval = decibars: 1                
# start_time = Dec 12 2021 00:03:38 [NMEA time, header]
# bad_flag = -9.990e-29
*END*
[from data line 580]
    485.000    479.686     1.3985  30.207529     1.3981  30.206220     4.1368     4.2023    -0.0129    90.7312 1.0000e-12  -64.92486  -64.61617 346.039593      99.97 2.4680e+01   3202.852      76869  1030.0286  1030.0276    34.6642    34.6630    7.74506         14 0.0000e+00
    484.000    478.698     1.3983  30.206861     1.3978  30.205421     4.1365     4.2018    -0.0101    90.7492 1.0000e-12  -64.92486  -64.61616 346.039599      99.97 2.4680e+01   3203.395      76882  1030.0239  1030.0229    34.6641    34.6629    7.74510         12 0.0000e+00
    483.000    477.709     1.3981  30.206222     1.3976  30.204804     4.1345     4.2012    -0.0056    90.7331 1.0000e-12  -64.92486  -64.61616 346.039606      99.97 2.4680e+01   3203.934      76895  1030.0191  1030.0182    34.6641    34.6628    7.74513         14 0.0000e+00
    482.000    476.721     1.3979  30.205676     1.3975  30.204174     4.1377     4.1963    -0.0105    90.7276 1.0000e-12  -64.92486  -64.61616 346.039613      99.96 2.4680e+01   3204.527      76910  1030.0146  1030.0135    34.6642    34.6627    7.74517         15 0.0000e+00
    481.000    475.733     1.3980  30.205173     1.3975  30.203863     4.1434     4.1899    -0.0117    90.7258 1.0000e-12  -64.92486  -64.61614 346.039622      99.97 2.4680e+01   3205.357      76930  1030.0098  1030.0088    34.6640    34.6629    7.74516         27 0.0000e+00
    480.000    474.748     1.3981  30.204987     1.3976  30.203504     4.1461     4.1957    -0.0104    90.7275 1.0000e-12  -64.92488  -64.61610 346.039667      99.96 2.4680e+01   3209.211      77022  1030.0052  1030.0042    34.6642    34.6629    7.74512         29 0.0000e+00
    479.000    473.759     1.3981  30.204681     1.3977  30.202955     4.1453     4.1965    -0.0143    90.7321 1.0000e-12  -64.92488  -64.61612 346.039680      99.97 2.4680e+01   3210.317      77049  1030.0006  1029.9993    34.6643    34.6626    7.74511         20 0.0000e+00
    478.000    472.771     1.3978  30.203720     1.3974  30.202447     4.1463     4.2006    -0.0150    90.7378 1.0000e-12  -64.92488  -64.61610 346.039689      99.97 2.4680e+01   3211.089      77067  1029.9958  1029.9949    34.6641    34.6629    7.74520         17 0.0000e+00
    477.000    471.784     1.3977  30.203209     1.3972  30.201729     4.1486     4.2064    -0.0150    90.7256 1.0000e-12  -64.92487  -64.61610 346.039697      99.97 2.4680e+01   3211.800      77084  1029.9911  1029.9901    34.6641    34.6628    7.74522         17 0.0000e+00
    476.000    470.794     1.3971  30.202220     1.3966  30.200730     4.1523     4.2051    -0.0146    90.7446 1.0000e-12  -64.92486  -64.61610 346.039705      99.97 2.4680e+01   3212.540      77102  1029.9865  1029.9854    34.6641    34.6627    7.74533         19 0.0000e+00
    475.000    469.808     1.3964  30.201115     1.3961  30.199708     4.1496     4.2004    -0.0150    90.7316 1.0000e-12  -64.92488  -64.61608 346.039715      99.97 2.4680e+01   3213.399      77123  1029.9819  1029.9807    34.6640    34.6626    7.74548         23 0.0000e+00
    474.000    468.818     1.3967  30.200835     1.3964  30.199529     4.1505     4.2011    -0.0043    90.7417 1.0000e-12  -64.92488  -64.61608 346.039729      99.97 2.4680e+01   3214.549      77150  1029.9770  1029.9759    34.6639    34.6625    7.74542         33 0.0000e+00
    473.000    467.831     1.3968  30.200531     1.3965  30.199258     4.1512     4.2020    -0.0051    90.7318 1.0000e-12  -64.92488  -64.61608 346.039745      99.97 2.4680e+01   3215.968      77184  1029.9724  1029.9714    34.6640    34.6627    7.74540         34 0.0000e+00
    472.000    466.843     1.3961  30.199447     1.3960  30.198323     4.1461     4.2024    -0.0087    90.7565 1.0000e-12  -64.92488  -64.61606 346.039761      99.97 2.4680e+01   3217.340      77217  1029.9678  1029.9667    34.6639    34.6626    7.74554         31 0.0000e+00
    471.000    465.854     1.3958  30.198658     1.3954  30.197195     4.1580     4.2038    -0.0082    90.7336 1.0000e-12  -64.92488  -64.61606 346.039775      99.97 2.4680e+01   3218.525      77246  1029.9630  1029.9620    34.6638    34.6625    7.74560         27 0.0000e+00
    470.000    464.867     1.3950  30.197406     1.3945  30.195873     4.1567     4.2021    -0.0023    90.7507 1.0000e-12  -64.92488  -64.61605 346.039788      99.97 2.4680e+01   3219.721      77274  1029.9583  1029.9573    34.6637    34.6623    7.74577         32 0.0000e+00
    469.000    463.879     1.3948  30.196650     1.3946  30.195475     4.1498     4.2027    -0.0124    90.7412 1.0000e-12  -64.92488  -64.61602 346.039807      99.97 2.4680e+01   3221.344      77313  1029.9535  1029.9524    34.6636    34.6622    7.74582         37 0.0000e+00
    468.000    462.892     1.3949  30.196319     1.3943  30.194713     4.1429     4.2051    -0.0086    90.7631 1.0000e-12  -64.92488  -64.61602 346.039826      99.97 2.4680e+01   3222.987      77353  1029.9488  1029.9478    34.6636    34.6622    7.74580         32 0.0000e+00
    467.000    461.903     1.3942  30.195166     1.3937  30.193672     4.1414     4.2077    -0.0017    90.7568 1.0000e-12  -64.92488  -64.61602 346.039839      99.97 2.4680e+01   3224.089      77379  1029.9441  1029.9430    34.6634    34.6620    7.74594         23 0.0000e+00
    466.000    460.915     1.3937  30.194222     1.3930  30.192568     4.1408     4.2094    -0.0062    90.7513 1.0000e-12  -64.92488  -64.61602 346.039849      99.97 2.4680e+01   3224.929      77399  1029.9394  1029.9384    34.6634    34.6620    7.74605         19 0.0000e+00
    465.000    459.926     1.3930  30.192915     1.3924  30.191350     4.1534     4.2131     0.0005    90.7514 1.0000e-12  -64.92488  -64.61602 346.039857      99.97 2.4680e+01   3225.672      77417  1029.9346  1029.9335    34.6631    34.6617    7.74620         17 0.0000e+00
    464.000    458.940     1.3923  30.191805     1.3917  30.190217     4.1565     4.2084    -0.0020    90.7514 1.0000e-12  -64.92488  -64.61602 346.039866      99.97 2.4680e+01   3226.400      77435  1029.9299  1029.9288    34.6629    34.6615    7.74634         18 0.0000e+00
    463.000    457.950     1.3917  30.190680     1.3913  30.189387     4.1535     4.2055    -0.0080    90.7514 1.0000e-12  -64.92488  -64.61602 346.039875      99.97 2.4680e+01   3227.199      77454  1029.9251  1029.9241    34.6628    34.6616    7.74647         21 0.0000e+00
    462.000    456.962     1.3923  30.190863     1.3919  30.189309     4.1607     4.2062    -0.0174    90.7395 1.0000e-12  -64.92488  -64.61601 346.039888      99.97 2.4740e+01   3228.354      77481  1029.9204  1029.9193    34.6629    34.6614    7.74633         32 0.0000e+00
    461.000    455.976     1.3919  30.189872     1.3917  30.188789     4.1469     4.2065    -0.0085    90.7317 1.0000e-12  -64.92488  -64.61598 346.039915      99.97 2.5167e+01   3230.661      77537  1029.9157  1029.9147    34.6627    34.6615    7.74644         37 0.0000e+00
    460.000    454.986     1.3917  30.189339     1.3914  30.188059     4.1450     4.2070    -0.0068    90.7520 1.0000e-12  -64.92488  -64.61597 346.039931      99.97 2.5320e+01   3232.044      77570  1029.9110  1029.9100    34.6627    34.6615    7.74646         25 0.0000e+00
    459.000    454.000     1.3913  30.188402     1.3908  30.186994     4.1470     4.2063    -0.0021    90.7527 1.0000e-12  -64.92488  -64.61596 346.039942      99.96 2.5207e+01   3232.954      77592  1029.9063  1029.9053    34.6626    34.6614    7.74656         20 0.0000e+00
    458.000    453.010     1.3907  30.187416     1.3903  30.186053     4.1549     4.2054    -0.0014    90.7459 1.0000e-12  -64.92488  -64.61596 346.039952      99.97 2.4913e+01   3233.823      77613  1029.9016  1029.9006    34.6626    34.6612    7.74667         23 0.0000e+00
    457.000    452.024     1.3907  30.186983     1.3903  30.185564     4.1620     4.2075    -0.0039    90.7643 1.0000e-12  -64.92488  -64.61596 346.039964      99.97 2.5252e+01   3234.888      77638  1029.8969  1029.8958    34.6626    34.6612    7.74667         30 0.0000e+00
    456.000    451.034     1.3909  30.186724     1.3903  30.185117     4.1530     4.2103     0.0021    90.7543 1.0000e-12  -64.92488  -64.61596 346.039982      99.97 2.4930e+01   3236.447      77676  1029.8922  1029.8912    34.6626    34.6612    7.74663         35 0.0000e+00
    455.000    450.048     1.3906  30.185979     1.3903  30.184623     4.1581     4.2094    -0.0143    90.7592 1.0000e-12  -64.92488  -64.61595 346.039998      99.97 2.5142e+01   3237.865      77710  1029.8876  1029.8865    34.6626    34.6612    7.74670         27 0.0000e+00
    454.000    449.059     1.3902  30.185107     1.3898  30.183679     4.1534     4.2169    -0.0143    90.7561 1.0000e-12  -64.92488  -64.61594 346.040010      99.97 2.5242e+01   3238.860      77734  1029.8829  1029.8818    34.6625    34.6611    7.74678         22 0.0000e+00
    453.000    448.071     1.3876  30.182054     1.3872  30.180607     4.1581     4.2132    -0.0025    90.7756 1.0000e-12  -64.92488  -64.61594 346.040021      99.97 2.4765e+01   3239.789      77756  1029.8781  1029.8770    34.6620    34.6606    7.74731         24 0.0000e+00
    452.000    447.082     1.3863  30.180098     1.3856  30.178365     4.1632     4.2120    -0.0048    90.7724 1.0000e-12  -64.92488  -64.61593 346.040033      99.97 2.5273e+01   3240.820      77781  1029.8731  1029.8720    34.6615    34.6601    7.74759         26 0.0000e+00
    451.000    446.095     1.3856  30.178808     1.3853  30.177678     4.1700     4.2099    -0.0066    90.7762 1.0000e-12  -64.92488  -64.61592 346.040046      99.97 2.5496e+01   3241.967      77808  1029.8683  1029.8674    34.6612    34.6601    7.74775         28 0.0000e+00
    450.000    445.107     1.3863  30.179209     1.3854  30.177139     4.1631     4.2144    -0.0181    90.7764 1.0000e-12  -64.92488  -64.61592 346.040060      99.97 2.5429e+01   3243.222      77838  1029.8637  1029.8625    34.6615    34.6599    7.74759         33 0.0000e+00
    449.000    444.119     1.3866  30.179306     1.3873  30.178736     4.1630     4.2179    -0.0058    90.7562 1.0000e-12  -64.92488  -64.61590 346.040078      99.97 2.5949e+01   3244.716      77874  1029.8593  1029.8580    34.6618    34.6605    7.74751         35 0.0000e+00
    448.000    443.130     1.3828  30.174754     1.3863  30.177280     4.1681     4.2183    -0.0108    90.7654 1.0000e-12  -64.92488  -64.61590 346.040093      99.97 2.5586e+01   3246.072      77907  1029.8541  1029.8533    34.6608    34.6602    7.74831         27 0.0000e+00
    447.000    442.143     1.3814  30.172694     1.3824  30.172846     4.1658     4.2259    -0.0122    90.7511 1.0000e-12  -64.92488  -64.61590 346.040105      99.97 2.5604e+01   3247.062      77930  1029.8492  1029.8485    34.6603    34.6595    7.74862         21 0.0000e+00
    446.000    441.154     1.3794  30.170018     1.3783  30.168099     4.1707     4.2222    -0.0070    90.7514 1.0000e-12  -64.92488  -64.61590 346.040114      99.97 2.5053e+01   3247.871      77950  1029.8443  1029.8434    34.6598    34.6585    7.74905         19 0.0000e+00
    445.000    440.167     1.3780  30.167974     1.3775  30.166432     4.1748     4.2233    -0.0141    90.7514 1.0000e-12  -64.92488  -64.61589 346.040123      99.97 2.4974e+01   3248.640      77968  1029.8393  1029.8382    34.6592    34.6578    7.74935         18 0.0000e+00
    444.000    439.179     1.3779  30.167371     1.3775  30.166104     4.1754     4.2262    -0.0141    90.7514 1.0000e-12  -64.92488  -64.61588 346.040133      99.97 2.4690e+01   3249.472      77988  1029.8345  1029.8336    34.6591    34.6579    7.74937         23 0.0000e+00
    443.000    438.189     1.3795  30.168584     1.3786  30.166726     4.1699     4.2230    -0.0146    90.7588 1.0000e-12  -64.92489  -64.61586 346.040159      99.97 2.4680e+01   3251.732      78043  1029.8300  1029.8289    34.6596    34.6582    7.74905         38 0.0000e+00
    442.000    437.203     1.3792  30.168001     1.3783  30.166072     4.1687     4.2265    -0.0069    90.7618 1.0000e-12  -64.92488  -64.61586 346.040188      99.97 2.4680e+01   3254.251      78103  1029.8254  1029.8243    34.6597    34.6583    7.74909         25 0.0000e+00
    441.000    436.215     1.3783  30.166429     1.3778  30.165004     4.1668     4.2263    -0.0073    90.7542 1.0000e-12  -64.92488  -64.61586 346.040198      99.97 2.4680e+01   3255.076      78123  1029.8205  1029.8195    34.6593    34.6580    7.74930         18 0.0000e+00
    440.000    435.226     1.3786  30.166192     1.3782  30.164813     4.1671     4.2258    -0.0059    90.7562 1.0000e-12  -64.92488  -64.61586 346.040206      99.97 2.4680e+01   3255.772      78140  1029.8157  1029.8146    34.6592    34.6578    7.74924         16 0.0000e+00
    439.000    434.237     1.3787  30.165903     1.3783  30.164356     4.1635     4.2240     0.0017    90.7758 1.0000e-12  -64.92488  -64.61586 346.040213      99.97 2.4680e+01   3256.427      78155  1029.8110  1029.8098    34.6593    34.6578    7.74921         15 0.0000e+00
    438.000    433.251     1.3787  30.165227     1.3781  30.163819     4.1617     4.2260    -0.0032    90.7788 1.0000e-12  -64.92488  -64.61586 346.040221      99.97 2.4680e+01   3257.069      78171  1029.8062  1029.8052    34.6590    34.6578    7.74923         16 0.0000e+00
    437.000    432.261     1.3783  30.164488     1.3778  30.163020     4.1655     4.2258    -0.0065    90.7758 1.0000e-12  -64.92488  -64.61585 346.040229      99.97 2.4680e+01   3257.771      78187  1029.8015  1029.8005    34.6590    34.6578    7.74930         18 0.0000e+00
    436.000    431.274     1.3779  30.163702     1.3776  30.162352     4.1690     4.2278    -0.0215    90.7650 1.0000e-12  -64.92488  -64.61583 346.040239      99.97 2.4680e+01   3258.611      78208  1029.7969  1029.7958    34.6590    34.6577    7.74937         23 0.0000e+00
    435.000    430.285     1.3782  30.163428     1.3778  30.162128     4.1730     4.2240    -0.0156    90.7679 1.0000e-12  -64.92488  -64.61582 346.040253      99.97 2.4680e+01   3259.827      78237  1029.7921  1029.7911    34.6590    34.6577    7.74933         33 0.0000e+00
    434.000    429.297     1.3781  30.162973     1.3777  30.161606     4.1690     4.2222    -0.0144    90.7623 1.0000e-12  -64.92490  -64.61579 346.040273      99.97 2.4680e+01   3261.596      78279  1029.7875  1029.7865    34.6591    34.6578    7.74935         45 0.0000e+00
    433.000    428.310     1.3779  30.162322     1.3774  30.160888     4.1734     4.2262    -0.0107    90.7694 1.0000e-12  -64.92490  -64.61579 346.040308      99.97 2.4680e+01   3264.582      78351  1029.7828  1029.7818    34.6590    34.6578    7.74938         36 0.0000e+00
    432.000    427.321     1.3782  30.162116     1.3777  30.160501     4.1741     4.2315    -0.0180    90.7705 1.0000e-12  -64.92490  -64.61580 346.040325      99.97 2.4680e+01   3266.117      78388  1029.7781  1029.7768    34.6590    34.6575    7.74933         23 0.0000e+00
    431.000    426.334     1.3767  30.160473     1.3772  30.159848     4.1818     4.2319    -0.0194    90.7539 1.0000e-12  -64.92489  -64.61580 346.040334      99.97 2.4680e+01   3266.879      78406  1029.7736  1029.7725    34.6591    34.6578    7.74961         17 0.0000e+00
    430.000    425.345     1.3730  30.156065     1.3731  30.155541     4.1856     4.2315    -0.0150    90.7514 1.0000e-12  -64.92488  -64.61580 346.040342      99.97 2.4680e+01   3267.523      78422  1029.7686  1029.7679    34.6582    34.6574    7.75039         14 0.0000e+00
    429.000    424.357     1.3719  30.154397     1.3716  30.153149     4.1832     4.2290    -0.0090    90.7514 1.0000e-12  -64.92488  -64.61580 346.040349      99.97 2.4680e+01   3268.145      78436  1029.7637  1029.7628    34.6578    34.6566    7.75062         15 0.0000e+00
