NBP2113_155081_ctd/data/unbp2113_036.cnv
* Sea-Bird SBE 9 Data File:
* FileName = D:\Data\raw\NBP2113_036.hex
* Software Version Seasave V 7.26.7.121
* Temperature SN = 2438
* Conductivity SN = 2067
* Number of Bytes Per Scan = 40
* Number of Voltage Words = 5
* Number of Scans Averaged by the Deck Unit = 1
* NMEA Latitude = 64 56.01 S
* NMEA Longitude = 064 24.02 W
* NMEA UTC (Time) = Dec 09 2021  08:52:43
* NMEA baud rate = 9600
** Ship: RVIB N.B. Palmer
** Cruise: NBP2113 LTER
** Station: 600.040
** Operator: B. Urmston
# nquan = 25
# nvalues = 1320                        
# units = specified
# name 0 = prDM: Pressure, Digiquartz [db]
# name 1 = depSM: Depth [salt water, m]
# name 2 = t090C: Temperature [ITS-90, deg C]
# name 3 = c0mS/cm: Conductivity [mS/cm]
# name 4 = t190C: Temperature, 2 [ITS-90, deg C]
# name 5 = c1mS/cm: Conductivity, 2 [mS/cm]
# name 6 = sbeox0ML/L: Oxygen, SBE 43 [ml/l]
# name 7 = sbeox1ML/L: Oxygen, SBE 43, 2 [ml/l]
# name 8 = flECO-AFL: Fluorescence, WET Labs ECO-AFL/FL [mg/m^3]
# name 9 = CStarTr0: Beam Transmission, WET Labs C-Star [%]
# name 10 = par: PAR/Irradiance, Biospherical/Licor
# name 11 = latitude: Latitude [deg]
# name 12 = longitude: Longitude [deg]
# name 13 = timeJ: Julian Days
# name 14 = altM: Altimeter [m]
# name 15 = spar: SPAR, Biospherical/Licor
# name 16 = timeS: Time, Elapsed [seconds]
# name 17 = scan: Scan Count
# name 18 = density00: Density [density, kg/m^3]
# name 19 = density11: Density, 2 [density, kg/m^3]
# name 20 = sal00: Salinity, Practical [PSU]
# name 21 = sal11: Salinity, Practical, 2 [PSU]
# name 22 = oxsolML/L: Oxygen Saturation, Garcia & Gordon [ml/l]
# name 23 = nbin: number of scans per bin
# name 24 = flag: flag
# span 0 =      1.000,   1320.000       
# span 1 =      0.991,   1302.935       
# span 2 =    -0.8801,     1.4953       
# span 3 =  27.240278,  30.665300       
# span 4 =    -0.8887,     1.4953       
# span 5 =  27.228788,  30.664082       
# span 6 =     4.0305,     9.1074       
# span 7 =     4.0848,     9.8278       
# span 8 =    -0.0221,     1.5805       
# span 9 =    87.9010,    95.7138       
# span 10 = 1.0000e-12, 3.5589e+02      
# span 11 =  -64.93360,  -64.93348      
# span 12 =  -64.40002,  -64.39930      
# span 13 = 343.398069, 343.421022      
# span 14 =       8.13,     100.59      
# span 15 = 1.2511e+02, 2.6975e+02      
# span 16 =   2430.150,   4413.284      
# span 17 =      58325,     105920      
# span 18 =  1026.9977,  1033.8993      
# span 19 =  1026.9967,  1033.8983      
# span 20 =    33.5726,    34.6777      
# span 21 =    33.5713,    34.6764      
# span 22 =    7.72533,    8.28030      
# span 23 =          8,         47      
# span 24 = 0.0000e+00, 0.0000e+00      
# interval = decibars: 1                
# start_time = Dec 09 2021 08:52:43 [NMEA time, header]
# bad_flag = -9.990e-29
*END*
[from data line 870]
    450.000    445.107     1.3775  30.169546     1.3771  30.168616     4.1771     4.2169    -0.0059    95.6500 1.0000e-12  -64.93352  -64.39952 343.411727      99.97 1.4456e+02   3610.229      86646  1029.8624  1029.8618    34.6589    34.6582    7.74947         32 0.0000e+00
    449.000    444.119     1.3780  30.169630     1.3772  30.168315     4.1760     4.2210    -0.0058    95.6518 1.0000e-12  -64.93352  -64.39952 343.411767      99.97 1.4456e+02   3613.708      86730  1029.8578  1029.8572    34.6591    34.6583    7.74937         32 0.0000e+00
    448.000    443.131     1.3774  30.168799     1.3764  30.167115     4.1787     4.2259    -0.0152    95.6596 1.0000e-12  -64.93352  -64.39952 343.411790      99.97 1.4456e+02   3615.678      86777  1029.8532  1029.8525    34.6592    34.6582    7.74947         38 0.0000e+00
    447.000    442.143     1.3775  30.168371     1.3770  30.167243     4.1760     4.2215    -0.0150    95.6589 1.0000e-12  -64.93352  -64.39954 343.411807      99.97 1.4593e+02   3617.099      86811  1029.8485  1029.8478    34.6592    34.6583    7.74946         29 0.0000e+00
    446.000    441.154     1.3776  30.167982     1.3772  30.166827     4.1743     4.2260    -0.0109    95.6470 1.0000e-12  -64.93352  -64.39954 343.411819      99.98 1.4634e+02   3618.144      86836  1029.8438  1029.8429    34.6592    34.6581    7.74944         22 0.0000e+00
    445.000    440.166     1.3758  30.165884     1.3753  30.164683     4.1775     4.2329    -0.0073    95.6554 1.0000e-12  -64.93352  -64.39954 343.411828      99.97 1.4632e+02   3618.946      86856  1029.8392  1029.8385    34.6590    34.6580    7.74980         18 0.0000e+00
    444.000    439.177     1.3736  30.163065     1.3734  30.162323     4.1798     4.2310    -0.0072    95.6681 1.0000e-12  -64.93352  -64.39954 343.411836      99.97 1.4632e+02   3619.649      86873  1029.8343  1029.8336    34.6584    34.6576    7.75026         16 0.0000e+00
    443.000    438.192     1.3726  30.161431     1.3723  30.160518     4.1748     4.2293    -0.0064    95.6817 1.0000e-12  -64.93352  -64.39954 343.411844      99.97 1.4632e+02   3620.331      86889  1029.8294  1029.8287    34.6581    34.6572    7.75049         17 0.0000e+00
    442.000    437.201     1.3719  30.160209     1.3714  30.159027     4.1731     4.2340    -0.0062    95.6884 1.0000e-12  -64.93352  -64.39954 343.411852      99.97 1.4632e+02   3621.058      86906  1029.8246  1029.8239    34.6578    34.6569    7.75064         19 0.0000e+00
    441.000    436.212     1.3719  30.159767     1.3722  30.159412     4.1809     4.2306    -0.0074    95.6693 1.0000e-12  -64.93352  -64.39954 343.411864      99.97 1.4632e+02   3622.018      86929  1029.8199  1029.8192    34.6578    34.6570    7.75063         27 0.0000e+00
    440.000    435.226     1.3721  30.159670     1.3720  30.158755     4.1820     4.2262    -0.0143    95.6812 1.0000e-12  -64.93352  -64.39954 343.411884      99.97 1.4632e+02   3623.806      86972  1029.8153  1029.8144    34.6580    34.6569    7.75057         47 0.0000e+00
    439.000    434.238     1.3723  30.159369     1.3724  30.158776     4.1863     4.2295    -0.0098    95.6809 1.0000e-12  -64.93352  -64.39956 343.411904      99.97 1.4632e+02   3625.534      87014  1029.8106  1029.8099    34.6580    34.6572    7.75054         32 0.0000e+00
    438.000    433.248     1.3711  30.157717     1.3713  30.157141     4.1854     4.2353     0.0007    95.6815 1.0000e-12  -64.93352  -64.39956 343.411918      99.97 1.4632e+02   3626.717      87042  1029.8058  1029.8051    34.6578    34.6569    7.75079         26 0.0000e+00
    437.000    432.262     1.3693  30.155432     1.3697  30.155385     4.1886     4.2364    -0.0078    95.6853 1.0000e-12  -64.93352  -64.39956 343.411930      99.97 1.4632e+02   3627.716      87066  1029.8010  1029.8006    34.6574    34.6569    7.75116         23 0.0000e+00
    436.000    431.274     1.3660  30.151504     1.3649  30.149601     4.1842     4.2322    -0.0147    95.6954 1.0000e-12  -64.93352  -64.39956 343.411941      99.97 1.4632e+02   3628.666      87089  1029.7961  1029.7952    34.6567    34.6554    7.75186         23 0.0000e+00
    435.000    430.285     1.3648  30.149698     1.3644  30.148661     4.1857     4.2345    -0.0215    95.6995 1.0000e-12  -64.93352  -64.39956 343.411952      99.97 1.4632e+02   3629.661      87113  1029.7911  1029.7905    34.6562    34.6553    7.75211         25 0.0000e+00
    434.000    429.297     1.3645  30.148800     1.3641  30.147832     4.1960     4.2408    -0.0007    95.6826 1.0000e-12  -64.93352  -64.39956 343.411966      99.97 1.4632e+02   3630.855      87142  1029.7863  1029.7856    34.6560    34.6552    7.75219         32 0.0000e+00
    433.000    428.310     1.3656  30.149568     1.3666  30.149873     4.1975     4.2369    -0.0102    95.6816 1.0000e-12  -64.93352  -64.39957 343.411987      99.97 1.4632e+02   3632.633      87184  1029.7817  1029.7811    34.6563    34.6557    7.75195         45 0.0000e+00
    432.000    427.321     1.3650  30.148538     1.3646  30.147485     4.1970     4.2421    -0.0153    95.6747 1.0000e-12  -64.93352  -64.39958 343.412004      99.97 1.4632e+02   3634.147      87221  1029.7770  1029.7763    34.6562    34.6554    7.75207         25 0.0000e+00
    431.000    426.333     1.3641  30.147392     1.3638  30.146221     4.1974     4.2425    -0.0221    95.6737 1.0000e-12  -64.93352  -64.39958 343.412015      99.97 1.4632e+02   3635.092      87243  1029.7725  1029.7716    34.6563    34.6553    7.75224         19 0.0000e+00
    430.000    425.343     1.3607  30.143004     1.3602  30.142072     4.1947     4.2409    -0.0029    95.6709 1.0000e-12  -64.93352  -64.39958 343.412024      99.98 1.4632e+02   3635.884      87262  1029.7672  1029.7667    34.6552    34.6545    7.75299         19 0.0000e+00
    429.000    424.356     1.3577  30.139499     1.3573  30.138405     4.1986     4.2428    -0.0027    95.6777 1.0000e-12  -64.93352  -64.39958 343.412034      99.97 1.4632e+02   3636.712      87282  1029.7623  1029.7616    34.6546    34.6536    7.75361         22 0.0000e+00
    428.000    423.369     1.3585  30.139679     1.3583  30.138835     4.2045     4.2454    -0.0069    95.6823 1.0000e-12  -64.93352  -64.39958 343.412048      99.97 1.4632e+02   3637.971      87312  1029.7574  1029.7568    34.6544    34.6536    7.75345         34 0.0000e+00
    427.000    422.381     1.3586  30.139567     1.3586  30.138887     4.1979     4.2484    -0.0100    95.6714 1.0000e-12  -64.93352  -64.39958 343.412071      99.97 1.4632e+02   3639.963      87360  1029.7530  1029.7523    34.6548    34.6539    7.75341         36 0.0000e+00
    426.000    421.392     1.3577  30.137922     1.3585  30.138187     4.2030     4.2490    -0.0106    95.6888 1.0000e-12  -64.93352  -64.39960 343.412085      99.97 1.4632e+02   3641.132      87388  1029.7480  1029.7474    34.6543    34.6537    7.75363         23 0.0000e+00
    425.000    420.404     1.3563  30.136218     1.3553  30.134687     4.1994     4.2423    -0.0049    95.6955 1.0000e-12  -64.93352  -64.39960 343.412095      99.97 1.4632e+02   3642.018      87409  1029.7433  1029.7427    34.6542    34.6533    7.75390         19 0.0000e+00
    424.000    419.415     1.3545  30.133666     1.3543  30.132651     4.2025     4.2442     0.0031    95.6929 1.0000e-12  -64.93352  -64.39961 343.412105      99.98 1.4632e+02   3642.833      87429  1029.7383  1029.7374    34.6535    34.6524    7.75430         21 0.0000e+00
    423.000    418.428     1.3559  30.134692     1.3559  30.133926     4.1998     4.2448    -0.0129    95.6953 1.0000e-12  -64.93352  -64.39962 343.412115      99.97 1.4632e+02   3643.722      87450  1029.7337  1029.7329    34.6538    34.6528    7.75400         23 0.0000e+00
    422.000    417.439     1.3568  30.135306     1.3563  30.134132     4.1909     4.2482    -0.0142    95.6736 1.0000e-12  -64.93352  -64.39962 343.412127      99.97 1.4632e+02   3644.797      87476  1029.7292  1029.7285    34.6542    34.6532    7.75380         28 0.0000e+00
    421.000    416.451     1.3565  30.134622     1.3560  30.133349     4.1945     4.2495    -0.0074    95.6847 1.0000e-12  -64.93352  -64.39962 343.412141      99.97 1.4632e+02   3646.007      87505  1029.7245  1029.7237    34.6542    34.6531    7.75386         29 0.0000e+00
    420.000    415.463     1.3565  30.134116     1.3560  30.133068     4.2028     4.2477    -0.0063    95.6953 1.0000e-12  -64.93352  -64.39962 343.412154      99.97 1.4632e+02   3647.140      87532  1029.7198  1029.7191    34.6542    34.6533    7.75387         26 0.0000e+00
    419.000    414.474     1.3562  30.133394     1.3558  30.132250     4.2090     4.2458    -0.0138    95.6954 1.0000e-12  -64.93352  -64.39962 343.412167      99.97 1.4632e+02   3648.243      87559  1029.7151  1029.7144    34.6542    34.6532    7.75392         28 0.0000e+00
    418.000    413.487     1.3563  30.132925     1.3558  30.131775     4.2023     4.2484    -0.0071    95.6954 1.0000e-12  -64.93352  -64.39962 343.412184      99.97 1.4632e+02   3649.712      87594  1029.7103  1029.7096    34.6540    34.6531    7.75392         41 0.0000e+00
    417.000    412.498     1.3561  30.132388     1.3555  30.131027     4.2011     4.2494    -0.0088    95.6789 1.0000e-12  -64.93352  -64.39962 343.412210      99.97 1.4502e+02   3651.904      87647  1029.7057  1029.7049    34.6541    34.6530    7.75395         40 0.0000e+00
    416.000    411.511     1.3562  30.132138     1.3557  30.130766     4.1992     4.2483    -0.0149    95.6836 1.0000e-12  -64.93352  -64.39963 343.412231      99.97 1.4599e+02   3653.754      87691  1029.7011  1029.7002    34.6543    34.6531    7.75392         32 0.0000e+00
    415.000    410.521     1.3563  30.131784     1.3558  30.130580     4.2004     4.2516    -0.0146    95.6956 1.0000e-12  -64.93352  -64.39965 343.412242      99.97 1.4633e+02   3654.746      87715  1029.6964  1029.6957    34.6543    34.6533    7.75390         20 0.0000e+00
    414.000    409.534     1.3545  30.129540     1.3540  30.128392     4.2050     4.2505    -0.0150    95.6935 1.0000e-12  -64.93352  -64.39966 343.412251      99.97 1.4632e+02   3655.448      87732  1029.6916  1029.6910    34.6539    34.6530    7.75426         14 0.0000e+00
    413.000    408.545     1.3544  30.128884     1.3538  30.127590     4.2059     4.2464    -0.0150    95.6821 1.0000e-12  -64.93352  -64.39966 343.412257      99.97 1.4632e+02   3656.014      87745  1029.6869  1029.6861    34.6538    34.6528    7.75429         13 0.0000e+00
    412.000    407.558     1.3533  30.127209     1.3527  30.126069     4.2043     4.2433    -0.0089    95.6698 1.0000e-12  -64.93352  -64.39966 343.412264      99.97 1.4632e+02   3656.572      87759  1029.6821  1029.6814    34.6535    34.6526    7.75453         13 0.0000e+00
    411.000    406.566     1.3527  30.126224     1.3524  30.125101     4.1995     4.2416    -0.0061    95.6579 1.0000e-12  -64.93352  -64.39966 343.412270      99.97 1.4632e+02   3657.116      87772  1029.6773  1029.6765    34.6534    34.6524    7.75464         13 0.0000e+00
    410.000    405.581     1.3526  30.125588     1.3522  30.124392     4.1964     4.2435    -0.0073    95.6575 1.0000e-12  -64.93352  -64.39966 343.412277      99.97 1.4632e+02   3657.744      87787  1029.6726  1029.6718    34.6533    34.6523    7.75467         17 0.0000e+00
    409.000    404.593     1.3533  30.125718     1.3528  30.124670     4.2001     4.2488    -0.0095    95.6673 1.0000e-12  -64.93352  -64.39965 343.412298      99.97 1.4465e+02   3659.514      87829  1029.6678  1029.6672    34.6533    34.6525    7.75454         31 0.0000e+00
    408.000    403.604     1.3540  30.126207     1.3536  30.125093     4.2029     4.2518    -0.0007    95.6697 1.0000e-12  -64.93352  -64.39964 343.412333      99.97 1.4456e+02   3662.557      87902  1029.6634  1029.6626    34.6537    34.6527    7.75438         29 0.0000e+00
    407.000    402.615     1.3534  30.125149     1.3531  30.124106     4.2076     4.2591    -0.0213    95.6696 1.0000e-12  -64.93354  -64.39965 343.412344      99.97 1.4456e+02   3663.551      87926  1029.6586  1029.6578    34.6536    34.6526    7.75450         26 0.0000e+00
    406.000    401.628     1.3529  30.124145     1.3521  30.122625     4.2131     4.2572    -0.0066    95.6696 1.0000e-12  -64.93354  -64.39966 343.412359      99.97 1.4456e+02   3664.784      87956  1029.6538  1029.6532    34.6534    34.6524    7.75460         34 0.0000e+00
    405.000    400.640     1.3526  30.123453     1.3506  30.120381     4.2289     4.2664    -0.0065    95.6696 1.0000e-12  -64.93354  -64.39968 343.412376      99.97 1.4456e+02   3666.263      87991  1029.6492  1029.6481    34.6535    34.6518    7.75467         29 0.0000e+00
    404.000    399.651     1.3476  30.117792     1.3476  30.117164     4.2479     4.2786    -0.0092    95.6696 1.0000e-12  -64.93354  -64.39968 343.412387      99.97 1.4456e+02   3667.261      88015  1029.6442  1029.6435    34.6524    34.6516    7.75571         20 0.0000e+00
    403.000    398.662     1.3359  30.105744     1.3364  30.105631     4.2465     4.2807    -0.0150    95.6696 1.0000e-12  -64.93354  -64.39970 343.412395      99.97 1.4456e+02   3667.979      88032  1029.6392  1029.6387    34.6505    34.6498    7.75812         16 0.0000e+00
    402.000    397.676     1.3294  30.097772     1.3265  30.094330     4.2452     4.2835    -0.0145    95.6696 1.0000e-12  -64.93354  -64.39970 343.412403      99.97 1.4456e+02   3668.601      88047  1029.6333  1029.6326    34.6480    34.6469    7.75953         14 0.0000e+00
    401.000    396.684     1.3238  30.091233     1.3231  30.089780     4.2498     4.2839    -0.0150    95.6696 1.0000e-12  -64.93354  -64.39970 343.412410      99.98 1.4456e+02   3669.197      88062  1029.6279  1029.6270    34.6465    34.6454    7.76073         15 0.0000e+00
    400.000    395.700     1.3224  30.088957     1.3218  30.087768     4.2498     4.2861    -0.0078    95.6696 1.0000e-12  -64.93354  -64.39969 343.412417      99.97 1.4456e+02   3669.842      88077  1029.6227  1029.6220    34.6457    34.6448    7.76105         16 0.0000e+00
    399.000    394.708     1.3280  30.094055     1.3262  30.091828     4.2429     4.2831    -0.0074    95.6635 1.0000e-12  -64.93354  -64.39968 343.412427      99.97 1.4456e+02   3670.706      88098  1029.6180  1029.6174    34.6466    34.6457    7.75989         27 0.0000e+00
    398.000    393.722     1.3255  30.091246     1.3263  30.091386     4.2331     4.2811    -0.0130    95.6633 1.0000e-12  -64.93354  -64.39967 343.412452      99.97 1.4356e+02   3672.833      88149  1029.6133  1029.6127    34.6464    34.6457    7.76040         41 0.0000e+00
    397.000    392.733     1.3310  30.096913     1.3299  30.095026     4.2339     4.2793    -0.0175    95.6612 1.0000e-12  -64.93354  -64.39966 343.412483      99.97 1.4407e+02   3675.561      88214  1029.6092  1029.6085    34.6480    34.6469    7.75922         46 0.0000e+00
    396.000    391.745     1.3298  30.095118     1.3275  30.092430     4.2321     4.2879    -0.0068    95.6646 1.0000e-12  -64.93354  -64.39968 343.412504      99.98 1.4458e+02   3677.377      88258  1029.6044  1029.6039    34.6477    34.6468    7.75948         30 0.0000e+00
    395.000    390.757     1.3277  30.092738     1.3273  30.091920     4.2382     4.2961     0.0005    95.6573 1.0000e-12  -64.93354  -64.39970 343.412516      99.97 1.4456e+02   3678.351      88281  1029.5998  1029.5993    34.6476    34.6469    7.75991         19 0.0000e+00
    394.000    389.769     1.3223  30.086602     1.3211  30.084680     4.2535     4.2974     0.0001    95.6859 1.0000e-12  -64.93354  -64.39972 343.412524      99.97 1.4456e+02   3679.068      88299  1029.5946  1029.5939    34.6462    34.6451    7.76103         16 0.0000e+00
