NBP2113_155081_ctd/data/unbp2113_036.cnv
* Sea-Bird SBE 9 Data File:
* FileName = D:\Data\raw\NBP2113_036.hex
* Software Version Seasave V 7.26.7.121
* Temperature SN = 2438
* Conductivity SN = 2067
* Number of Bytes Per Scan = 40
* Number of Voltage Words = 5
* Number of Scans Averaged by the Deck Unit = 1
* NMEA Latitude = 64 56.01 S
* NMEA Longitude = 064 24.02 W
* NMEA UTC (Time) = Dec 09 2021  08:52:43
* NMEA baud rate = 9600
** Ship: RVIB N.B. Palmer
** Cruise: NBP2113 LTER
** Station: 600.040
** Operator: B. Urmston
# nquan = 25
# nvalues = 1320                        
# units = specified
# name 0 = prDM: Pressure, Digiquartz [db]
# name 1 = depSM: Depth [salt water, m]
# name 2 = t090C: Temperature [ITS-90, deg C]
# name 3 = c0mS/cm: Conductivity [mS/cm]
# name 4 = t190C: Temperature, 2 [ITS-90, deg C]
# name 5 = c1mS/cm: Conductivity, 2 [mS/cm]
# name 6 = sbeox0ML/L: Oxygen, SBE 43 [ml/l]
# name 7 = sbeox1ML/L: Oxygen, SBE 43, 2 [ml/l]
# name 8 = flECO-AFL: Fluorescence, WET Labs ECO-AFL/FL [mg/m^3]
# name 9 = CStarTr0: Beam Transmission, WET Labs C-Star [%]
# name 10 = par: PAR/Irradiance, Biospherical/Licor
# name 11 = latitude: Latitude [deg]
# name 12 = longitude: Longitude [deg]
# name 13 = timeJ: Julian Days
# name 14 = altM: Altimeter [m]
# name 15 = spar: SPAR, Biospherical/Licor
# name 16 = timeS: Time, Elapsed [seconds]
# name 17 = scan: Scan Count
# name 18 = density00: Density [density, kg/m^3]
# name 19 = density11: Density, 2 [density, kg/m^3]
# name 20 = sal00: Salinity, Practical [PSU]
# name 21 = sal11: Salinity, Practical, 2 [PSU]
# name 22 = oxsolML/L: Oxygen Saturation, Garcia & Gordon [ml/l]
# name 23 = nbin: number of scans per bin
# name 24 = flag: flag
# span 0 =      1.000,   1320.000       
# span 1 =      0.991,   1302.935       
# span 2 =    -0.8801,     1.4953       
# span 3 =  27.240278,  30.665300       
# span 4 =    -0.8887,     1.4953       
# span 5 =  27.228788,  30.664082       
# span 6 =     4.0305,     9.1074       
# span 7 =     4.0848,     9.8278       
# span 8 =    -0.0221,     1.5805       
# span 9 =    87.9010,    95.7138       
# span 10 = 1.0000e-12, 3.5589e+02      
# span 11 =  -64.93360,  -64.93348      
# span 12 =  -64.40002,  -64.39930      
# span 13 = 343.398069, 343.421022      
# span 14 =       8.13,     100.59      
# span 15 = 1.2511e+02, 2.6975e+02      
# span 16 =   2430.150,   4413.284      
# span 17 =      58325,     105920      
# span 18 =  1026.9977,  1033.8993      
# span 19 =  1026.9967,  1033.8983      
# span 20 =    33.5726,    34.6777      
# span 21 =    33.5713,    34.6764      
# span 22 =    7.72533,    8.28030      
# span 23 =          8,         47      
# span 24 = 0.0000e+00, 0.0000e+00      
# interval = decibars: 1                
# start_time = Dec 09 2021 08:52:43 [NMEA time, header]
# bad_flag = -9.990e-29
*END*
[from data line 174]
   1146.000   1131.650     1.4812  30.578691     1.4810  30.577646     4.0560     4.1027    -0.0012    95.5067 1.0000e-12  -64.93350  -64.39960 343.400830      99.97 1.2869e+02   2668.728      64050  1033.1000  1033.0991    34.6770    34.6759    7.72812         35 0.0000e+00
   1145.000   1130.668     1.4809  30.578043     1.4809  30.577071     4.0511     4.1053    -0.0080    95.5047 1.0000e-12  -64.93350  -64.39959 343.400853      99.97 1.2869e+02   2670.714      64098  1033.0954  1033.0945    34.6770    34.6758    7.72818         42 0.0000e+00
   1144.000   1129.683     1.4809  30.577695     1.4809  30.576648     4.0509     4.1076    -0.0018    95.5057 1.0000e-12  -64.93350  -64.39958 343.400872      99.97 1.2869e+02   2672.301      64136  1033.0909  1033.0899    34.6771    34.6759    7.72817         33 0.0000e+00
   1143.000   1128.697     1.4808  30.577104     1.4807  30.576107     4.0537     4.1107     0.0050    95.5060 1.0000e-12  -64.93350  -64.39958 343.400887      99.97 1.2926e+02   2673.663      64169  1033.0862  1033.0853    34.6771    34.6758    7.72820         31 0.0000e+00
   1142.000   1127.713     1.4805  30.576389     1.4804  30.575471     4.0601     4.1034    -0.0020    95.4913 1.0000e-12  -64.93350  -64.39958 343.400902      99.97 1.3043e+02   2674.920      64199  1033.0816  1033.0808    34.6770    34.6759    7.72826         30 0.0000e+00
   1141.000   1126.728     1.4803  30.575834     1.4802  30.574696     4.0611     4.1049    -0.0012    95.5142 1.0000e-12  -64.93350  -64.39960 343.400916      99.97 1.3045e+02   2676.183      64229  1033.0771  1033.0760    34.6771    34.6757    7.72830         26 0.0000e+00
   1140.000   1125.744     1.4801  30.575195     1.4801  30.574191     4.0545     4.1055    -0.0050    95.5408 1.0000e-12  -64.93350  -64.39962 343.400930      99.97 1.3045e+02   2677.351      64257  1033.0724  1033.0715    34.6770    34.6758    7.72833         26 0.0000e+00
   1139.000   1124.758     1.4801  30.574651     1.4801  30.573654     4.0516     4.1087    -0.0093    95.5395 1.0000e-12  -64.93350  -64.39962 343.400940      99.97 1.3045e+02   2678.258      64279  1033.0677  1033.0668    34.6768    34.6757    7.72834         19 0.0000e+00
   1138.000   1123.774     1.4800  30.574152     1.4799  30.573211     4.0439     4.1078    -0.0019    95.5171 1.0000e-12  -64.93350  -64.39964 343.400949      99.97 1.3045e+02   2678.968      64296  1033.0632  1033.0623    34.6769    34.6758    7.72837         16 0.0000e+00
   1137.000   1122.787     1.4801  30.573719     1.4800  30.572772     4.0445     4.1071    -0.0071    95.5169 1.0000e-12  -64.93350  -64.39964 343.400956      99.97 1.3045e+02   2679.591      64311  1033.0584  1033.0576    34.6768    34.6757    7.72835         14 0.0000e+00
   1136.000   1121.807     1.4800  30.573455     1.4801  30.572540     4.0516     4.1048    -0.0117    95.5151 1.0000e-12  -64.93350  -64.39962 343.400963      99.98 1.3045e+02   2680.175      64325  1033.0540  1033.0530    34.6770    34.6758    7.72835         13 0.0000e+00
   1135.000   1120.818     1.4802  30.573108     1.4802  30.572026     4.0580     4.1031    -0.0118    95.5151 1.0000e-12  -64.93350  -64.39962 343.400969      99.97 1.3045e+02   2680.763      64339  1033.0494  1033.0483    34.6770    34.6756    7.72832         16 0.0000e+00
   1134.000   1119.833     1.4802  30.572651     1.4801  30.571629     4.0604     4.1007    -0.0110    95.4905 1.0000e-12  -64.93350  -64.39962 343.400977      99.97 1.3073e+02   2681.448      64356  1033.0447  1033.0438    34.6770    34.6758    7.72832         18 0.0000e+00
   1133.000   1118.850     1.4800  30.572062     1.4799  30.571017     4.0552     4.1035    -0.0112    95.4894 1.0000e-12  -64.93350  -64.39959 343.401005      99.98 1.3172e+02   2683.828      64413  1033.0401  1033.0392    34.6769    34.6757    7.72836         31 0.0000e+00
   1132.000   1117.865     1.4798  30.571422     1.4797  30.570380     4.0522     4.1106    -0.0107    95.4906 1.0000e-12  -64.93350  -64.39958 343.401042      99.97 1.3223e+02   2687.040      64490  1033.0355  1033.0345    34.6769    34.6757    7.72840         22 0.0000e+00
   1131.000   1116.879     1.4799  30.571100     1.4799  30.570127     4.0525     4.1055    -0.0105    95.4894 1.0000e-12  -64.93350  -64.39959 343.401052      99.97 1.3222e+02   2687.884      64510  1033.0309  1033.0300    34.6769    34.6757    7.72838         21 0.0000e+00
   1130.000   1115.896     1.4800  30.570771     1.4799  30.569773     4.0559     4.1037    -0.0097    95.4894 1.0000e-12  -64.93350  -64.39960 343.401062      99.97 1.3366e+02   2688.773      64532  1033.0263  1033.0254    34.6769    34.6758    7.72836         22 0.0000e+00
   1129.000   1114.911     1.4800  30.570285     1.4799  30.569302     4.0562     4.1038    -0.0115    95.4894 1.0000e-12  -64.93350  -64.39961 343.401073      99.97 1.3398e+02   2689.671      64553  1033.0216  1033.0207    34.6768    34.6757    7.72836         21 0.0000e+00
   1128.000   1113.925     1.4797  30.569692     1.4797  30.568696     4.0510     4.1025    -0.0154    95.4894 1.0000e-12  -64.93350  -64.39962 343.401083      99.97 1.3398e+02   2690.552      64574  1033.0171  1033.0162    34.6770    34.6758    7.72841         21 0.0000e+00
   1127.000   1112.940     1.4794  30.568970     1.4793  30.567930     4.0522     4.1085    -0.0158    95.4954 1.0000e-12  -64.93350  -64.39962 343.401093      99.97 1.3398e+02   2691.407      64595  1033.0126  1033.0116    34.6770    34.6757    7.72848         20 0.0000e+00
   1126.000   1111.956     1.4792  30.568356     1.4792  30.567353     4.0474     4.1049    -0.0032    95.4980 1.0000e-12  -64.93350  -64.39962 343.401102      99.97 1.3398e+02   2692.247      64615  1033.0079  1033.0069    34.6769    34.6757    7.72851         21 0.0000e+00
   1125.000   1110.971     1.4791  30.567837     1.4791  30.566820     4.0544     4.0991    -0.0033    95.5121 1.0000e-12  -64.93350  -64.39960 343.401112      99.97 1.3398e+02   2693.080      64635  1033.0033  1033.0023    34.6769    34.6756    7.72853         20 0.0000e+00
   1124.000   1109.986     1.4791  30.567358     1.4790  30.566300     4.0631     4.1080    -0.0093    95.5162 1.0000e-12  -64.93350  -64.39960 343.401122      99.97 1.3398e+02   2693.966      64656  1032.9987  1032.9977    34.6769    34.6757    7.72855         22 0.0000e+00
   1123.000   1109.000     1.4791  30.566892     1.4790  30.565914     4.0648     4.1067    -0.0067    95.5133 1.0000e-12  -64.93350  -64.39959 343.401137      99.97 1.3398e+02   2695.208      64686  1032.9940  1032.9931    34.6768    34.6757    7.72855         30 0.0000e+00
   1122.000   1108.015     1.4791  30.566506     1.4790  30.565504     4.0582     4.1053     0.0023    95.5041 1.0000e-12  -64.93350  -64.39958 343.401171      99.97 1.3500e+02   2698.184      64757  1032.9895  1032.9885    34.6769    34.6757    7.72854         33 0.0000e+00
   1121.000   1107.030     1.4790  30.566014     1.4790  30.564948     4.0500     4.1090    -0.0023    95.5122 1.0000e-12  -64.93350  -64.39960 343.401186      99.97 1.3576e+02   2699.489      64789  1032.9849  1032.9838    34.6769    34.6756    7.72856         25 0.0000e+00
   1120.000   1106.046     1.4789  30.565408     1.4788  30.564423     4.0453     4.1063    -0.0074    95.5114 1.0000e-12  -64.93350  -64.39960 343.401197      99.97 1.3574e+02   2700.432      64811  1032.9802  1032.9793    34.6768    34.6757    7.72859         21 0.0000e+00
   1119.000   1105.061     1.4787  30.564884     1.4786  30.563912     4.0571     4.1090    -0.0081    95.5035 1.0000e-12  -64.93350  -64.39960 343.401207      99.97 1.3574e+02   2701.274      64832  1032.9756  1032.9747    34.6768    34.6757    7.72861         20 0.0000e+00
   1118.000   1104.076     1.4786  30.564307     1.4785  30.563397     4.0592     4.1119    -0.0013    95.5030 1.0000e-12  -64.93350  -64.39960 343.401216      99.97 1.3574e+02   2702.070      64851  1032.9710  1032.9702    34.6768    34.6758    7.72864         19 0.0000e+00
   1117.000   1103.092     1.4786  30.563905     1.4784  30.562892     4.0621     4.1106    -0.0026    95.5111 1.0000e-12  -64.93350  -64.39959 343.401225      99.97 1.3574e+02   2702.879      64870  1032.9665  1032.9656    34.6769    34.6758    7.72865         20 0.0000e+00
   1116.000   1102.105     1.4784  30.563390     1.4783  30.562355     4.0580     4.1088    -0.0014    95.4913 1.0000e-12  -64.93350  -64.39958 343.401236      99.97 1.3574e+02   2703.759      64891  1032.9619  1032.9609    34.6769    34.6757    7.72867         23 0.0000e+00
   1115.000   1101.122     1.4785  30.562964     1.4784  30.561930     4.0610     4.1065    -0.0025    95.4974 1.0000e-12  -64.93350  -64.39958 343.401248      99.97 1.3574e+02   2704.865      64918  1032.9572  1032.9563    34.6769    34.6757    7.72866         31 0.0000e+00
   1114.000   1100.135     1.4784  30.562392     1.4783  30.561422     4.0517     4.1061    -0.0084    95.5010 1.0000e-12  -64.93350  -64.39958 343.401265      99.97 1.3605e+02   2706.280      64952  1032.9526  1032.9517    34.6768    34.6757    7.72869         33 0.0000e+00
   1113.000   1099.152     1.4782  30.561847     1.4781  30.560835     4.0535     4.1091    -0.0114    95.5214 1.0000e-12  -64.93350  -64.39958 343.401281      99.97 1.3746e+02   2707.662      64985  1032.9480  1032.9471    34.6768    34.6757    7.72872         30 0.0000e+00
   1112.000   1098.166     1.4781  30.561397     1.4781  30.560420     4.0638     4.1086    -0.0101    95.5151 1.0000e-12  -64.93350  -64.39958 343.401294      99.97 1.3750e+02   2708.830      65013  1032.9434  1032.9425    34.6769    34.6757    7.72873         27 0.0000e+00
   1111.000   1097.181     1.4779  30.560843     1.4779  30.559767     4.0627     4.1126    -0.0043    95.5151 1.0000e-12  -64.93350  -64.39958 343.401307      99.97 1.3750e+02   2709.943      65040  1032.9389  1032.9379    34.6769    34.6756    7.72876         27 0.0000e+00
   1110.000   1096.196     1.4777  30.560214     1.4777  30.559168     4.0617     4.1080    -0.0082    95.5151 1.0000e-12  -64.93350  -64.39958 343.401322      99.97 1.3750e+02   2711.214      65070  1032.9343  1032.9333    34.6769    34.6757    7.72881         32 0.0000e+00
   1109.000   1095.212     1.4777  30.559680     1.4777  30.558718     4.0556     4.1097    -0.0032    95.5260 1.0000e-12  -64.93350  -64.39958 343.401340      99.97 1.3858e+02   2712.791      65108  1032.9295  1032.9287    34.6768    34.6756    7.72881         35 0.0000e+00
   1108.000   1094.227     1.4776  30.559064     1.4775  30.558093     4.0518     4.1077     0.0048    95.5331 1.0000e-12  -64.93350  -64.39958 343.401355      99.97 1.3929e+02   2714.048      65138  1032.9249  1032.9240    34.6767    34.6755    7.72884         26 0.0000e+00
   1107.000   1093.242     1.4775  30.558624     1.4775  30.557657     4.0518     4.1091    -0.0015    95.5280 1.0000e-12  -64.93350  -64.39958 343.401366      99.97 1.3927e+02   2714.983      65161  1032.9203  1032.9194    34.6768    34.6756    7.72886         20 0.0000e+00
   1106.000   1092.257     1.4775  30.558181     1.4774  30.557185     4.0514     4.1085    -0.0026    95.5371 1.0000e-12  -64.93350  -64.39958 343.401375      99.97 1.3927e+02   2715.819      65181  1032.9157  1032.9148    34.6767    34.6756    7.72886         20 0.0000e+00
   1105.000   1091.273     1.4774  30.557717     1.4774  30.556639     4.0591     4.1114    -0.0021    95.5384 1.0000e-12  -64.93351  -64.39957 343.401385      99.97 1.3927e+02   2716.649      65201  1032.9112  1032.9101    34.6768    34.6755    7.72888         21 0.0000e+00
   1104.000   1090.286     1.4773  30.557242     1.4773  30.556207     4.0583     4.1076    -0.0014    95.5205 1.0000e-12  -64.93352  -64.39956 343.401397      99.97 1.3927e+02   2717.666      65225  1032.9066  1032.9056    34.6768    34.6756    7.72889         30 0.0000e+00
   1103.000   1089.303     1.4773  30.556707     1.4772  30.555728     4.0595     4.1073    -0.0069    95.5143 1.0000e-12  -64.93352  -64.39957 343.401421      99.98 1.3927e+02   2719.805      65276  1032.9019  1032.9010    34.6767    34.6756    7.72889         33 0.0000e+00
   1102.000   1088.318     1.4773  30.556234     1.4771  30.555234     4.0531     4.1096    -0.0122    95.5151 1.0000e-12  -64.93350  -64.39958 343.401443      99.98 1.3927e+02   2721.636      65320  1032.8972  1032.8964    34.6767    34.6756    7.72890         25 0.0000e+00
   1101.000   1087.332     1.4772  30.555746     1.4771  30.554768     4.0548     4.1111    -0.0057    95.5301 1.0000e-12  -64.93350  -64.39958 343.401453      99.97 1.3964e+02   2722.507      65341  1032.8927  1032.8918    34.6767    34.6756    7.72892         19 0.0000e+00
   1100.000   1086.348     1.4771  30.555220     1.4769  30.554149     4.0546     4.1121    -0.0004    95.5306 1.0000e-12  -64.93350  -64.39958 343.401461      99.98 1.4056e+02   2723.209      65358  1032.8880  1032.8872    34.6767    34.6755    7.72894         15 0.0000e+00
   1099.000   1085.360     1.4770  30.554737     1.4769  30.553589     4.0569     4.1107     0.0040    95.5219 1.0000e-12  -64.93350  -64.39958 343.401468      99.97 1.4103e+02   2723.836      65373  1032.8835  1032.8825    34.6768    34.6754    7.72896         15 0.0000e+00
   1098.000   1084.379     1.4770  30.554281     1.4768  30.553150     4.0552     4.1087     0.0022    95.5134 1.0000e-12  -64.93350  -64.39958 343.401475      99.97 1.4103e+02   2724.430      65387  1032.8788  1032.8779    34.6767    34.6755    7.72896         14 0.0000e+00
   1097.000   1083.391     1.4769  30.553776     1.4768  30.552744     4.0587     4.1080    -0.0026    95.5135 1.0000e-12  -64.93350  -64.39958 343.401482      99.97 1.4103e+02   2725.054      65402  1032.8742  1032.8733    34.6767    34.6756    7.72897         16 0.0000e+00
   1096.000   1082.406     1.4769  30.553281     1.4768  30.552267     4.0634     4.1066    -0.0097    95.5025 1.0000e-12  -64.93350  -64.39957 343.401491      99.97 1.4103e+02   2725.819      65421  1032.8696  1032.8687    34.6767    34.6755    7.72899         23 0.0000e+00
   1095.000   1081.424     1.4769  30.552829     1.4767  30.551829     4.0554     4.1073    -0.0052    95.5023 1.0000e-12  -64.93351  -64.39956 343.401531      99.97 1.4103e+02   2729.302      65504  1032.8649  1032.8641    34.6766    34.6756    7.72898         22 0.0000e+00
   1094.000   1080.438     1.4767  30.552350     1.4766  30.551253     4.0605     4.1068    -0.0048    95.5084 1.0000e-12  -64.93351  -64.39956 343.401550      99.97 1.4103e+02   2730.951      65544  1032.8605  1032.8595    34.6768    34.6755    7.72901         15 0.0000e+00
   1093.000   1079.452     1.4768  30.552006     1.4767  30.551056     4.0633     4.1060    -0.0119    95.5151 1.0000e-12  -64.93350  -64.39956 343.401557      99.97 1.4103e+02   2731.524      65558  1032.8558  1032.8550    34.6767    34.6757    7.72899         14 0.0000e+00
   1092.000   1078.466     1.4768  30.551530     1.4767  30.550482     4.0665     4.1054    -0.0077    95.5103 1.0000e-12  -64.93350  -64.39956 343.401564      99.97 1.4103e+02   2732.145      65572  1032.8512  1032.8502    34.6767    34.6755    7.72899         16 0.0000e+00
   1091.000   1077.481     1.4768  30.550994     1.4767  30.550098     4.0684     4.1109    -0.0028    95.5004 1.0000e-12  -64.93350  -64.39956 343.401573      99.97 1.4103e+02   2732.863      65590  1032.8465  1032.8457    34.6766    34.6756    7.72901         19 0.0000e+00
   1090.000   1076.496     1.4767  30.550527     1.4766  30.549488     4.0613     4.1125    -0.0032    95.4930 1.0000e-12  -64.93350  -64.39956 343.401584      99.97 1.4103e+02   2733.874      65614  1032.8419  1032.8410    34.6766    34.6755    7.72902         31 0.0000e+00
