NBP2113_155081_ctd/data/unbp2113_052.cnv
* Sea-Bird SBE 9 Data File:
* FileName = D:\Data\raw\NBP2113_052.hex
* Software Version Seasave V 7.26.7.121
* Temperature SN = 2438
* Conductivity SN = 2067
* Number of Bytes Per Scan = 40
* Number of Voltage Words = 5
* Number of Scans Averaged by the Deck Unit = 1
* NMEA Latitude = 64 54.69 S
* NMEA Longitude = 064 40.23 W
* NMEA UTC (Time) = Dec 11 2021  16:24:27
* NMEA baud rate = 9600
** Ship: RVIB N.B. Palmer
** Cruise: NBP2113 LTER
** Station: 593.051
** Operator: S. Blackman
# nquan = 25
# nvalues = 955                         
# units = specified
# name 0 = prDM: Pressure, Digiquartz [db]
# name 1 = depSM: Depth [salt water, m]
# name 2 = t090C: Temperature [ITS-90, deg C]
# name 3 = c0mS/cm: Conductivity [mS/cm]
# name 4 = t190C: Temperature, 2 [ITS-90, deg C]
# name 5 = c1mS/cm: Conductivity, 2 [mS/cm]
# name 6 = sbeox0ML/L: Oxygen, SBE 43 [ml/l]
# name 7 = sbeox1ML/L: Oxygen, SBE 43, 2 [ml/l]
# name 8 = flECO-AFL: Fluorescence, WET Labs ECO-AFL/FL [mg/m^3]
# name 9 = CStarTr0: Beam Transmission, WET Labs C-Star [%]
# name 10 = par: PAR/Irradiance, Biospherical/Licor
# name 11 = latitude: Latitude [deg]
# name 12 = longitude: Longitude [deg]
# name 13 = timeJ: Julian Days
# name 14 = altM: Altimeter [m]
# name 15 = spar: SPAR, Biospherical/Licor
# name 16 = timeS: Time, Elapsed [seconds]
# name 17 = scan: Scan Count
# name 18 = density00: Density [density, kg/m^3]
# name 19 = density11: Density, 2 [density, kg/m^3]
# name 20 = sal00: Salinity, Practical [PSU]
# name 21 = sal11: Salinity, Practical, 2 [PSU]
# name 22 = oxsolML/L: Oxygen Saturation, Garcia & Gordon [ml/l]
# name 23 = nbin: number of scans per bin
# name 24 = flag: flag
# span 0 =      1.000,    955.000       
# span 1 =      0.989,    943.477       
# span 2 =    -0.7368,     1.4836       
# span 3 =  27.374513,  30.503059       
# span 4 =    -0.7448,     1.4834       
# span 5 =  27.362356,  30.501669       
# span 6 =     4.0474,     8.0729       
# span 7 =     4.1128,     8.1737       
# span 8 =    -0.0227,     1.7120       
# span 9 =    81.8827,    91.8546       
# span 10 = 1.0000e-12, 7.8527e+02      
# span 11 =  -64.91190,  -64.91178      
# span 12 =  -64.67152,  -64.67096      
# span 13 = 345.703514, 345.720935      
# span 14 =       8.39,     100.51      
# span 15 = 5.9603e+02, 1.3186e+03      
# span 16 =   1716.628,   3221.801      
# span 17 =      41200,      77324      
# span 18 =  1027.0247,  1032.2221      
# span 19 =  1027.0223,  1032.2210      
# span 20 =    33.6017,    34.6828      
# span 21 =    33.5931,    34.6813      
# span 22 =    7.72734,    8.24752      
# span 23 =          9,         44      
# span 24 = 0.0000e+00, 0.0000e+00      
# interval = decibars: 1                
# start_time = Dec 11 2021 16:24:27 [NMEA time, header]
# bad_flag = -9.990e-29
*END*
[from data line 638]
    317.000    313.654     1.2725  29.995433     1.2730  29.995267     4.3266     4.3832    -0.0136    91.7833 1.0000e-12  -64.91178  -64.67104 345.712478      99.97 9.5847e+02   2491.110      59788  1029.2235  1029.2228    34.6292    34.6285    7.77179         39 0.0000e+00
    316.000    312.664     1.2711  29.993975     1.2693  29.991048     4.3369     4.3874    -0.0094    91.7813 1.0000e-12  -64.91178  -64.67102 345.712500      99.97 9.5577e+02   2493.018      59833  1029.2191  1029.2179    34.6295    34.6277    7.77206         34 0.0000e+00
    315.000    311.677     1.2659  29.988119     1.2659  29.986843     4.3438     4.3961    -0.0076    91.7814 1.0000e-12  -64.91178  -64.67104 345.712515      99.97 9.5366e+02   2494.310      59864  1029.2140  1029.2127    34.6283    34.6267    7.77315         26 0.0000e+00
    314.000    310.687     1.2642  29.986016     1.2634  29.984186     4.3556     4.3968    -0.0073    91.7814 1.0000e-12  -64.91178  -64.67104 345.712526      99.97 9.5344e+02   2495.224      59886  1029.2092  1029.2082    34.6281    34.6267    7.77350         19 0.0000e+00
    313.000    309.701     1.2605  29.981377     1.2597  29.979843     4.3614     4.3995    -0.0077    91.7768 1.0000e-12  -64.91178  -64.67104 345.712534      99.97 9.5192e+02   2495.977      59904  1029.2039  1029.2031    34.6269    34.6257    7.77430         17 0.0000e+00
    312.000    308.710     1.2594  29.979853     1.2591  29.978474     4.3539     4.4024    -0.0077    91.7677 1.0000e-12  -64.91178  -64.67104 345.712542      99.97 9.5196e+02   2496.673      59921  1029.1991  1029.1980    34.6267    34.6253    7.77452         17 0.0000e+00
    311.000    307.721     1.2571  29.977097     1.2571  29.976170     4.3525     4.4024    -0.0148    91.7699 1.0000e-12  -64.91178  -64.67104 345.712551      99.97 9.5119e+02   2497.377      59938  1029.1944  1029.1934    34.6263    34.6251    7.77501         18 0.0000e+00
    310.000    306.732     1.2571  29.976352     1.2575  29.975709     4.3463     4.3982    -0.0150    91.7556 1.0000e-12  -64.91178  -64.67104 345.712561      99.97 9.4916e+02   2498.260      59959  1029.1892  1029.1882    34.6259    34.6247    7.77502         26 0.0000e+00
    309.000    305.744     1.2602  29.979310     1.2602  29.978330     4.3413     4.3999    -0.0092    91.7507 1.0000e-12  -64.91178  -64.67106 345.712601      99.97 9.4332e+02   2501.713      60042  1029.1849  1029.1839    34.6269    34.6256    7.77436         33 0.0000e+00
    308.000    304.757     1.2592  29.978097     1.2589  29.976797     4.3493     4.4013    -0.0077    91.7664 1.0000e-12  -64.91178  -64.67106 345.712618      99.97 9.4136e+02   2503.182      60077  1029.1804  1029.1793    34.6269    34.6257    7.77454         17 0.0000e+00
    307.000    303.765     1.2570  29.975120     1.2567  29.973920     4.3462     4.4070    -0.0072    91.7573 1.0000e-12  -64.91178  -64.67106 345.712625      99.97 9.4138e+02   2503.830      60093  1029.1753  1029.1743    34.6262    34.6250    7.77503         14 0.0000e+00
    306.000    302.779     1.2555  29.973246     1.2558  29.972505     4.3513     4.4082    -0.0082    91.7557 1.0000e-12  -64.91178  -64.67106 345.712632      99.97 9.4126e+02   2504.422      60107  1029.1706  1029.1696    34.6261    34.6248    7.77534         15 0.0000e+00
    305.000    301.789     1.2539  29.971130     1.2536  29.969842     4.3550     4.4071    -0.0149    91.7540 1.0000e-12  -64.91178  -64.67106 345.712639      99.97 9.3965e+02   2505.029      60122  1029.1658  1029.1648    34.6257    34.6244    7.77567         15 0.0000e+00
    304.000    300.801     1.2528  29.969406     1.2527  29.968237     4.3583     4.4079    -0.0113    91.7415 1.0000e-12  -64.91178  -64.67106 345.712648      99.97 9.3946e+02   2505.761      60139  1029.1608  1029.1597    34.6253    34.6239    7.77591         21 0.0000e+00
    303.000    299.812     1.2538  29.969899     1.2536  29.968758     4.3494     4.4083    -0.0121    91.7303 1.0000e-12  -64.91178  -64.67105 345.712662      99.97 9.3693e+02   2506.984      60169  1029.1561  1029.1551    34.6254    34.6242    7.77571         38 0.0000e+00
    302.000    298.823     1.2543  29.970052     1.2541  29.968916     4.3413     4.4045    -0.0084    91.7512 1.0000e-12  -64.91178  -64.67104 345.712688      99.97 9.3143e+02   2509.227      60222  1029.1514  1029.1505    34.6256    34.6244    7.77559         35 0.0000e+00
    301.000    297.835     1.2542  29.969492     1.2537  29.968016     4.3527     4.4118    -0.0051    91.7344 1.0000e-12  -64.91180  -64.67105 345.712714      99.97 9.2742e+02   2511.516      60277  1029.1467  1029.1457    34.6256    34.6243    7.77562         34 0.0000e+00
    300.000    296.846     1.2541  29.969118     1.2533  29.967330     4.3750     4.4192     0.0004    91.7339 1.0000e-12  -64.91180  -64.67106 345.712730      99.97 9.2727e+02   2512.876      60310  1029.1422  1029.1411    34.6258    34.6244    7.77562         26 0.0000e+00
    299.000    295.857     1.2494  29.964160     1.2491  29.962914     4.3864     4.4256    -0.0068    91.7364 1.0000e-12  -64.91180  -64.67107 345.712741      99.97 9.2746e+02   2513.793      60332  1029.1374  1029.1365    34.6252    34.6240    7.77658         20 0.0000e+00
    298.000    294.868     1.2412  29.954980     1.2409  29.953710     4.3859     4.4228    -0.0077    91.7443 1.0000e-12  -64.91180  -64.67108 345.712750      99.97 9.2885e+02   2514.568      60351  1029.1319  1029.1309    34.6231    34.6218    7.77832         18 0.0000e+00
    297.000    293.879     1.2379  29.950875     1.2374  29.949349     4.3888     4.4147    -0.0085    91.7326 1.0000e-12  -64.91178  -64.67108 345.712758      99.97 9.2784e+02   2515.333      60369  1029.1267  1029.1256    34.6221    34.6207    7.77904         19 0.0000e+00
    296.000    292.890     1.2353  29.947468     1.2363  29.947512     4.3812     4.4149    -0.0151    91.7340 1.0000e-12  -64.91178  -64.67106 345.712769      99.97 9.2723e+02   2516.225      60390  1029.1215  1029.1205    34.6212    34.6201    7.77960         25 0.0000e+00
    295.000    291.901     1.2432  29.955458     1.2441  29.955431     4.3713     4.4213    -0.0156    91.7315 1.0000e-12  -64.91179  -64.67106 345.712809      99.97 9.2247e+02   2519.654      60473  1029.1175  1029.1166    34.6232    34.6222    7.77792         29 0.0000e+00
    294.000    290.913     1.2434  29.955541     1.2424  29.953405     4.3805     4.4332    -0.0150    91.7299 1.0000e-12  -64.91180  -64.67107 345.712844      99.97 9.2012e+02   2522.717      60546  1029.1132  1029.1120    34.6238    34.6221    7.77786         22 0.0000e+00
    293.000    289.923     1.2370  29.948088     1.2373  29.947468     4.3816     4.4323    -0.0092    91.7299 1.0000e-12  -64.91180  -64.67108 345.712854      99.97 9.1846e+02   2523.561      60566  1029.1076  1029.1067    34.6219    34.6207    7.77923         20 0.0000e+00
    292.000    288.936     1.2343  29.944850     1.2348  29.944456     4.3855     4.4338    -0.0037    91.7299 1.0000e-12  -64.91180  -64.67108 345.712864      99.97 9.1846e+02   2524.437      60587  1029.1027  1029.1017    34.6213    34.6202    7.77980         22 0.0000e+00
    291.000    287.947     1.2287  29.938340     1.2320  29.940587     4.3904     4.4339    -0.0035    91.7336 1.0000e-12  -64.91180  -64.67108 345.712876      99.97 9.1730e+02   2525.448      60612  1029.0974  1029.0963    34.6198    34.6190    7.78099         28 0.0000e+00
    290.000    286.957     1.2284  29.937188     1.2339  29.942143     4.3863     4.4366    -0.0075    91.7288 1.0000e-12  -64.91180  -64.67106 345.712893      99.97 9.1672e+02   2526.943      60648  1029.0921  1029.0917    34.6192    34.6194    7.78108         39 0.0000e+00
    289.000    285.969     1.2312  29.939808     1.2337  29.941557     4.3834     4.4372    -0.0113    91.7215 1.0000e-12  -64.91180  -64.67106 345.712922      99.97 9.1398e+02   2529.475      60708  1029.0877  1029.0871    34.6200    34.6195    7.78048         43 0.0000e+00
    288.000    284.980     1.2293  29.937914     1.2311  29.938672     4.3919     4.4494    -0.0077    91.7192 1.0000e-12  -64.91180  -64.67106 345.712944      99.97 9.1316e+02   2531.333      60753  1029.0833  1029.0824    34.6202    34.6192    7.78084         36 0.0000e+00
    287.000    283.991     1.2241  29.931372     1.2219  29.928133     4.3984     4.4449    -0.0115    91.7241 1.0000e-12  -64.91180  -64.67107 345.712961      99.97 9.1317e+02   2532.800      60788  1029.0775  1029.0763    34.6182    34.6164    7.78199         36 0.0000e+00
    286.000    283.003     1.2254  29.932848     1.2216  29.927384     4.3944     4.4487    -0.0154    91.7226 1.0000e-12  -64.91180  -64.67106 345.712988      99.97 9.1243e+02   2535.124      60844  1029.0734  1029.0716    34.6192    34.6164    7.78167         32 0.0000e+00
    285.000    282.013     1.2210  29.928148     1.2202  29.925912     4.4225     4.4691    -0.0105    91.7125 1.0000e-12  -64.91180  -64.67106 345.713019      99.97 9.1136e+02   2537.805      60908  1029.0686  1029.0671    34.6187    34.6167    7.78257         39 0.0000e+00
    284.000    281.025     1.2043  29.909846     1.2053  29.909747     4.4449     4.4809    -0.0142    91.7040 1.0000e-12  -64.91180  -64.67107 345.713033      99.97 9.1397e+02   2539.047      60938  1029.0621  1029.0609    34.6143    34.6130    7.78612         26 0.0000e+00
    283.000    280.036     1.1970  29.901915     1.1978  29.902059     4.4375     4.4833    -0.0213    91.7042 1.0000e-12  -64.91180  -64.67108 345.713045      99.97 9.1604e+02   2540.122      60964  1029.0568  1029.0562    34.6128    34.6121    7.78765         27 0.0000e+00
    282.000    279.047     1.1946  29.898677     1.1945  29.897635     4.4393     4.4828    -0.0224    91.7042 1.0000e-12  -64.91180  -64.67108 345.713058      99.97 9.1671e+02   2541.225      60990  1029.0516  1029.0506    34.6119    34.6107    7.78819         25 0.0000e+00
    281.000    278.058     1.1932  29.896713     1.1933  29.895855     4.4314     4.4840    -0.0148    91.7042 1.0000e-12  -64.91180  -64.67108 345.713070      99.97 9.1695e+02   2542.208      61014  1029.0467  1029.0456    34.6115    34.6103    7.78849         22 0.0000e+00
    280.000    277.070     1.1920  29.895058     1.1922  29.894315     4.4228     4.4859    -0.0150    91.7042 1.0000e-12  -64.91180  -64.67108 345.713079      99.97 9.1846e+02   2543.042      61034  1029.0418  1029.0408    34.6113    34.6101    7.78873         19 0.0000e+00
    279.000    276.079     1.1907  29.893345     1.1902  29.891795     4.4235     4.4792    -0.0150    91.6921 1.0000e-12  -64.91180  -64.67108 345.713089      99.97 9.1846e+02   2543.860      61054  1029.0370  1029.0359    34.6111    34.6097    7.78900         21 0.0000e+00
    278.000    275.088     1.1939  29.896088     1.1925  29.893726     4.4270     4.4777    -0.0150    91.6779 1.0000e-12  -64.91180  -64.67107 345.713112      99.97 9.1800e+02   2545.878      61102  1029.0323  1029.0312    34.6117    34.6101    7.78833         22 0.0000e+00
    277.000    274.102     1.1912  29.893175     1.1908  29.892052     4.4420     4.4952    -0.0142    91.6702 1.0000e-12  -64.91180  -64.67108 345.713176      99.97 9.2015e+02   2551.381      61234  1029.0276  1029.0268    34.6115    34.6104    7.78888          9 0.0000e+00
    276.000    273.115     1.1896  29.891087     1.1892  29.889717     4.4462     4.4958    -0.0150    91.6526 1.0000e-12  -64.91180  -64.67110 345.713182      99.97 9.2181e+02   2551.961      61248  1029.0227  1029.0217    34.6111    34.6099    7.78921          9 0.0000e+00
    275.000    272.125     1.1869  29.888077     1.1865  29.886631     4.4483     4.4951    -0.0150    91.6527 1.0000e-12  -64.91180  -64.67110 345.713187      99.97 9.2291e+02   2552.370      61258  1029.0181  1029.0170    34.6110    34.6095    7.78977         10 0.0000e+00
    274.000    271.131     1.1840  29.884535     1.1836  29.883407     4.4487     4.4942    -0.0102    91.6263 1.0000e-12  -64.91180  -64.67110 345.713192      99.97 9.2377e+02   2552.803      61268  1029.0130  1029.0123    34.6101    34.6091    7.79038         11 0.0000e+00
    273.000    270.149     1.1817  29.881763     1.1813  29.879913     4.4476     4.4930    -0.0003    91.6204 1.0000e-12  -64.91180  -64.67110 345.713198      99.97 9.2509e+02   2553.277      61280  1029.0083  1029.0067    34.6097    34.6078    7.79087         12 0.0000e+00
    272.000    269.159     1.1788  29.877165     1.1835  29.881382     4.4474     4.4891    -0.0034    91.6022 1.0000e-12  -64.91180  -64.67109 345.713204      99.97 9.2549e+02   2553.863      61294  1029.0021  1029.0018    34.6076    34.6078    7.79155         16 0.0000e+00
    271.000    268.168     1.1819  29.880705     1.1820  29.879971     4.4474     4.4891    -0.0070    91.6136 1.0000e-12  -64.91181  -64.67107 345.713230      99.97 9.2417e+02   2556.036      61346  1028.9983  1028.9975    34.6092    34.6082    7.79084         26 0.0000e+00
    270.000    267.180     1.1756  29.874138     1.1756  29.872872     4.4561     4.5096    -0.0004    91.6269 1.0000e-12  -64.91180  -64.67108 345.713311      99.97 9.2487e+02   2563.029      61514  1028.9934  1028.9922    34.6084    34.6068    7.79214         11 0.0000e+00
    269.000    266.188     1.1718  29.869416     1.1724  29.868941     4.4583     4.5098    -0.0004    91.6269 1.0000e-12  -64.91180  -64.67108 345.713316      99.97 9.2550e+02   2563.533      61526  1028.9881  1028.9870    34.6072    34.6059    7.79297         11 0.0000e+00
    268.000    265.201     1.1723  29.868976     1.1712  29.867144     4.4593     4.5079    -0.0073    91.6269 1.0000e-12  -64.91182  -64.67110 345.713323      99.97 9.2654e+02   2564.070      61539  1028.9829  1028.9821    34.6067    34.6055    7.79290         14 0.0000e+00
    267.000    264.214     1.1728  29.869003     1.1767  29.871829     4.4610     4.5055    -0.0100    91.6269 1.0000e-12  -64.91182  -64.67109 345.713330      99.97 9.2800e+02   2564.738      61555  1028.9781  1028.9772    34.6067    34.6060    7.79279         19 0.0000e+00
    266.000    263.223     1.1726  29.868804     1.1726  29.867943     4.4632     4.5055    -0.0131    91.6269 1.0000e-12  -64.91182  -64.67108 345.713359      99.97 9.2876e+02   2567.193      61614  1028.9738  1028.9729    34.6072    34.6062    7.79280         29 0.0000e+00
    265.000    262.235     1.1711  29.866885     1.1707  29.865485     4.4551     4.5227    -0.0077    91.6269 1.0000e-12  -64.91180  -64.67110 345.713445      99.97 9.2727e+02   2574.663      61793  1028.9689  1028.9679    34.6071    34.6057    7.79312         16 0.0000e+00
    264.000    261.248     1.1689  29.864314     1.1690  29.863367     4.4634     4.5183    -0.0077    91.6269 1.0000e-12  -64.91180  -64.67110 345.713452      99.97 9.2869e+02   2575.259      61807  1028.9642  1028.9632    34.6067    34.6054    7.79356         16 0.0000e+00
    263.000    260.257     1.1690  29.863496     1.1691  29.862701     4.4694     4.5109    -0.0031    91.6269 1.0000e-12  -64.91180  -64.67110 345.713460      99.97 9.2903e+02   2575.947      61824  1028.9590  1028.9581    34.6062    34.6050    7.79358         17 0.0000e+00
    262.000    259.268     1.1697  29.864041     1.1709  29.864221     4.4661     4.5082    -0.0035    91.6269 1.0000e-12  -64.91181  -64.67110 345.713470      99.97 9.2904e+02   2576.816      61845  1028.9546  1028.9536    34.6067    34.6056    7.79341         26 0.0000e+00
    261.000    258.280     1.1647  29.858405     1.1658  29.858506     4.4632     4.5201    -0.0123    91.6269 1.0000e-12  -64.91180  -64.67110 345.713544      99.97 9.3014e+02   2583.209      61998  1028.9494  1028.9484    34.6055    34.6045    7.79446         21 0.0000e+00
