NBP2113_155081_ctd/data/unbp2113_069.cnv
* Sea-Bird SBE 9 Data File:
* FileName = D:\Data\raw\NBP2113_069.hex
* Software Version Seasave V 7.26.7.121
* Temperature SN = 2438
* Conductivity SN = 2067
* Number of Bytes Per Scan = 40
* Number of Voltage Words = 5
* Number of Scans Averaged by the Deck Unit = 1
* NMEA Latitude = 63 45.12 S
* NMEA Longitude = 061 34.51 W
* NMEA UTC (Time) = Dec 15 2021  06:13:07
* NMEA baud rate = 9600
** Ship: RVIB N.B. Palmer
** Cruise: NBP2113 LTER
** Station: 788.019
** Operator: B. Urmston
# nquan = 25
# nvalues = 587                         
# units = specified
# name 0 = prDM: Pressure, Digiquartz [db]
# name 1 = depSM: Depth [salt water, m]
# name 2 = t090C: Temperature [ITS-90, deg C]
# name 3 = c0mS/cm: Conductivity [mS/cm]
# name 4 = t190C: Temperature, 2 [ITS-90, deg C]
# name 5 = c1mS/cm: Conductivity, 2 [mS/cm]
# name 6 = sbeox0ML/L: Oxygen, SBE 43 [ml/l]
# name 7 = sbeox1ML/L: Oxygen, SBE 43, 2 [ml/l]
# name 8 = flECO-AFL: Fluorescence, WET Labs ECO-AFL/FL [mg/m^3]
# name 9 = CStarTr0: Beam Transmission, WET Labs C-Star [%]
# name 10 = par: PAR/Irradiance, Biospherical/Licor
# name 11 = latitude: Latitude [deg]
# name 12 = longitude: Longitude [deg]
# name 13 = timeJ: Julian Days
# name 14 = altM: Altimeter [m]
# name 15 = spar: SPAR, Biospherical/Licor
# name 16 = timeS: Time, Elapsed [seconds]
# name 17 = scan: Scan Count
# name 18 = density00: Density [density, kg/m^3]
# name 19 = density11: Density, 2 [density, kg/m^3]
# name 20 = sal00: Salinity, Practical [PSU]
# name 21 = sal11: Salinity, Practical, 2 [PSU]
# name 22 = oxsolML/L: Oxygen Saturation, Garcia & Gordon [ml/l]
# name 23 = nbin: number of scans per bin
# name 24 = flag: flag
# span 0 =      1.000,    587.000       
# span 1 =      0.990,    580.475       
# span 2 =    -0.6608,     0.3691       
# span 3 =  28.235935,  28.632515       
# span 4 =    -0.6609,     0.3689       
# span 5 =  28.234544,  28.631169       
# span 6 =     6.0316,    10.7637       
# span 7 =     6.0976,     7.6649       
# span 8 =    -0.0295,     1.8522       
# span 9 =    81.8410,    90.4641       
# span 10 = 1.0000e-12, 1.2745e+01      
# span 11 =  -63.75146,  -63.75118      
# span 12 =  -61.57550,  -61.57540      
# span 13 = 349.273193, 349.281187      
# span 14 =       1.18,     101.62      
# span 15 = 1.7554e+00, 7.0578e+00      
# span 16 =   1216.900,   1907.535      
# span 17 =      29207,      45782      
# span 18 =  1027.3182,  1030.5412      
# span 19 =  1027.3170,  1030.5398      
# span 20 =    34.0412,    34.5262      
# span 21 =    34.0394,    34.5245      
# span 22 =    7.98695,    8.18018      
# span 23 =         14,         45      
# span 24 = 0.0000e+00, 0.0000e+00      
# interval = decibars: 1                
# start_time = Dec 15 2021 06:13:07 [NMEA time, header]
# bad_flag = -9.990e-29
*END*
[from data line 290]
    297.000    293.903    -0.5446  28.311667    -0.5436  28.311677     6.1498     6.2225    -0.0118    90.2470 1.0000e-12  -63.75142  -61.57543 349.277159      99.97 5.2886e+00   1559.576      37431  1029.1196  1029.1186    34.4690    34.4679    8.15568         27 0.0000e+00
    296.000    292.915    -0.5471  28.308604    -0.5490  28.305726     6.1528     6.2252    -0.0101    90.2676 1.0000e-12  -63.75142  -61.57543 349.277180      99.97 5.2886e+00   1561.307      37472  1029.1146  1029.1134    34.4684    34.4667    8.15626         36 0.0000e+00
    295.000    291.926    -0.5479  28.307573    -0.5485  28.305626     6.1482     6.2181     0.0000    90.2642 1.0000e-12  -63.75142  -61.57543 349.277201      99.97 5.2886e+00   1563.183      37517  1029.1102  1029.1087    34.4685    34.4666    8.15642         36 0.0000e+00
    294.000    290.938    -0.5407  28.312693    -0.5376  28.314270     6.1103     6.1989    -0.0127    90.2511 1.0000e-12  -63.75142  -61.57542 349.277215      99.97 5.2886e+00   1564.416      37547  1029.1044  1029.1030    34.4678    34.4664    8.15491         26 0.0000e+00
    293.000    289.948    -0.5263  28.322949    -0.5254  28.322715     6.0980     6.1909    -0.0037    90.2699 1.0000e-12  -63.75142  -61.57544 349.277226      99.97 5.2886e+00   1565.353      37569  1029.0970  1029.0958    34.4659    34.4645    8.15193         20 0.0000e+00
    292.000    288.959    -0.5007  28.344809    -0.5031  28.341633     6.1032     6.1849    -0.0060    90.2722 1.0000e-12  -63.75142  -61.57544 349.277235      99.97 5.2886e+00   1566.131      37588  1029.0911  1029.0900    34.4669    34.4653    8.14638         18 0.0000e+00
    291.000    287.971    -0.4986  28.346592    -0.4976  28.346097     6.1057     6.1865    -0.0148    90.2525 1.0000e-12  -63.75142  -61.57544 349.277244      99.97 5.2886e+00   1566.882      37606  1029.0867  1029.0852    34.4674    34.4657    8.14588         18 0.0000e+00
    290.000    286.981    -0.4984  28.346702    -0.4991  28.345217     6.1133     6.1873    -0.0083    90.2389 1.0000e-12  -63.75142  -61.57544 349.277255      99.97 5.2886e+00   1567.795      37628  1029.0825  1029.0816    34.4680    34.4667    8.14581         27 0.0000e+00
    289.000    285.993    -0.5017  28.343234    -0.5025  28.341445     6.1157     6.1917    -0.0111    89.8979 1.0000e-12  -63.75142  -61.57543 349.277274      99.97 5.2886e+00   1569.452      37668  1029.0781  1029.0769    34.4677    34.4661    8.14654         39 0.0000e+00
    288.000    285.003    -0.5058  28.339281    -0.5056  28.338244     6.1204     6.1944    -0.0086    90.2702 1.0000e-12  -63.75142  -61.57543 349.277293      99.97 5.2886e+00   1571.147      37709  1029.0738  1029.0725    34.4676    34.4660    8.14742         27 0.0000e+00
    287.000    284.015    -0.4992  28.343908    -0.5006  28.341604     6.1215     6.1872    -0.0077    90.2387 1.0000e-12  -63.75142  -61.57542 349.277305      99.97 5.2886e+00   1572.138      37732  1029.0680  1029.0669    34.4669    34.4654    8.14604         22 0.0000e+00
    286.000    283.027    -0.4980  28.344289    -0.4993  28.342136     6.1169     6.1841    -0.0130    90.2352 1.0000e-12  -63.75142  -61.57544 349.277315      99.97 5.2886e+00   1573.021      37754  1029.0632  1029.0621    34.4668    34.4653    8.14581         22 0.0000e+00
    285.000    282.036    -0.4965  28.345171    -0.4968  28.343717     6.1081     6.1858    -0.0106    90.2456 1.0000e-12  -63.75142  -61.57543 349.277326      99.97 5.2886e+00   1574.003      37777  1029.0583  1029.0571    34.4668    34.4652    8.14547         25 0.0000e+00
    284.000    281.048    -0.4976  28.343650    -0.4982  28.341996     6.1136     6.1844    -0.0064    90.2384 1.0000e-12  -63.75142  -61.57543 349.277344      99.97 5.2886e+00   1575.507      37813  1029.0537  1029.0525    34.4667    34.4651    8.14573         32 0.0000e+00
    283.000    280.059    -0.4977  28.343205    -0.4983  28.341559     6.1162     6.1822    -0.0034    90.2363 1.0000e-12  -63.75142  -61.57543 349.277363      99.97 5.2886e+00   1577.129      37852  1029.0492  1029.0479    34.4668    34.4652    8.14574         31 0.0000e+00
    282.000    279.071    -0.4981  28.342347    -0.4986  28.340799     6.1189     6.1899    -0.0108    90.2364 1.0000e-12  -63.75140  -61.57542 349.277375      99.97 5.2886e+00   1578.212      37878  1029.0444  1029.0432    34.4667    34.4651    8.14583         22 0.0000e+00
    281.000    278.081    -0.5012  28.339479    -0.5010  28.338511     6.1304     6.1864    -0.0136    90.2364 1.0000e-12  -63.75140  -61.57544 349.277385      99.97 5.2886e+00   1579.084      37899  1029.0401  1029.0389    34.4669    34.4654    8.14647         21 0.0000e+00
    280.000    277.092    -0.5020  28.338169    -0.5024  28.336795     6.1258     6.1868    -0.0078    90.2567 1.0000e-12  -63.75140  -61.57544 349.277395      99.97 5.2886e+00   1579.925      37919  1029.0353  1029.0341    34.4667    34.4653    8.14666         20 0.0000e+00
    279.000    276.104    -0.5024  28.337363    -0.5026  28.336097     6.1164     6.1862    -0.0007    90.2387 1.0000e-12  -63.75140  -61.57544 349.277405      99.97 5.2886e+00   1580.832      37941  1029.0306  1029.0294    34.4667    34.4652    8.14675         23 0.0000e+00
    278.000    275.114    -0.5023  28.336958    -0.5024  28.335797     6.1192     6.1917    -0.0002    90.2417 1.0000e-12  -63.75140  -61.57544 349.277418      99.97 5.2886e+00   1581.906      37967  1029.0257  1029.0246    34.4666    34.4652    8.14673         29 0.0000e+00
    277.000    274.126    -0.5017  28.336992    -0.5018  28.335805     6.1154     6.1918    -0.0062    90.2247 1.0000e-12  -63.75140  -61.57544 349.277433      99.97 4.6996e+00   1583.211      37998  1029.0210  1029.0198    34.4666    34.4652    8.14660         33 0.0000e+00
    276.000    273.137    -0.5018  28.336565    -0.5024  28.334898     6.1228     6.1921    -0.0006    90.2183 1.0000e-12  -63.75140  -61.57544 349.277449      99.97 3.5585e+00   1584.586      38031  1029.0164  1029.0152    34.4668    34.4652    8.14662         31 0.0000e+00
    275.000    272.148    -0.5023  28.335604    -0.5024  28.334415     6.1237     6.1898     0.0044    90.2353 1.0000e-12  -63.75140  -61.57543 349.277465      99.97 3.5258e+00   1585.935      38063  1029.0116  1029.0104    34.4666    34.4652    8.14673         33 0.0000e+00
    274.000    271.158    -0.5022  28.335178    -0.5025  28.333960     6.1233     6.1884     0.0019    90.2386 1.0000e-12  -63.75140  -61.57544 349.277481      99.97 3.5258e+00   1587.383      38098  1029.0068  1029.0057    34.4666    34.4653    8.14672         35 0.0000e+00
    273.000    270.170    -0.5026  28.334478    -0.5027  28.333199     6.1275     6.1900    -0.0005    90.2545 1.0000e-12  -63.75140  -61.57544 349.277497      99.97 3.5258e+00   1588.740      38131  1029.0021  1029.0009    34.4666    34.4651    8.14678         28 0.0000e+00
    272.000    269.181    -0.5022  28.334192    -0.5026  28.332784     6.1220     6.1877    -0.0004    90.2371 1.0000e-12  -63.75140  -61.57544 349.277509      99.97 3.5258e+00   1589.757      38155  1028.9972  1028.9960    34.4665    34.4650    8.14673         22 0.0000e+00
    271.000    268.192    -0.5008  28.334794    -0.5012  28.333466     6.1234     6.1893    -0.0004    90.2351 1.0000e-12  -63.75140  -61.57544 349.277518      99.97 3.5258e+00   1590.580      38175  1028.9922  1028.9911    34.4662    34.4650    8.14642         19 0.0000e+00
    270.000    267.203    -0.5000  28.335023    -0.5004  28.333660     6.1221     6.1855    -0.0014    90.2471 1.0000e-12  -63.75140  -61.57544 349.277527      99.97 3.5258e+00   1591.367      38194  1028.9874  1028.9862    34.4663    34.4649    8.14626         19 0.0000e+00
    269.000    266.212    -0.4993  28.335196    -0.4993  28.334023     6.1261     6.1822    -0.0019    90.2482 1.0000e-12  -63.75140  -61.57544 349.277538      99.97 3.5258e+00   1592.247      38215  1028.9826  1028.9814    34.4663    34.4648    8.14610         24 0.0000e+00
    268.000    265.224    -0.5001  28.334102    -0.5001  28.333086     6.1251     6.1885     0.0052    90.2354 1.0000e-12  -63.75140  -61.57544 349.277551      99.97 3.5258e+00   1593.435      38243  1028.9779  1028.9769    34.4664    34.4650    8.14627         34 0.0000e+00
    267.000    264.236    -0.4992  28.334138    -0.5005  28.332339     6.1166     6.1925    -0.0074    90.2436 1.0000e-12  -63.75140  -61.57544 349.277569      99.97 3.5258e+00   1594.948      38280  1028.9729  1028.9722    34.4661    34.4651    8.14610         35 0.0000e+00
    266.000    263.246    -0.4974  28.335161    -0.4984  28.333369     6.1191     6.1857    -0.0006    90.2420 1.0000e-12  -63.75140  -61.57542 349.277586      99.97 3.5258e+00   1596.398      38315  1028.9680  1028.9670    34.4660    34.4647    8.14572         32 0.0000e+00
    265.000    262.259    -0.4972  28.334874    -0.4990  28.332531     6.1210     6.1837     0.0033    90.2364 1.0000e-12  -63.75140  -61.57543 349.277602      99.97 3.5258e+00   1597.771      38348  1028.9632  1028.9624    34.4660    34.4648    8.14567         34 0.0000e+00
    264.000    261.269    -0.4938  28.336761    -0.4968  28.333569     6.1133     6.1851     0.0085    90.2193 1.0000e-12  -63.75140  -61.57544 349.277617      99.97 3.5258e+00   1599.103      38379  1028.9576  1028.9570    34.4653    34.4643    8.14499         29 0.0000e+00
    263.000    260.280    -0.4925  28.337504    -0.4925  28.336246     6.1140     6.1820     0.0006    90.2312 1.0000e-12  -63.75140  -61.57544 349.277630      99.97 3.5258e+00   1600.202      38406  1028.9529  1028.9514    34.4655    34.4637    8.14470         23 0.0000e+00
    262.000    259.291    -0.4921  28.337315    -0.4924  28.336015     6.1120     6.1822    -0.0080    90.2366 1.0000e-12  -63.75140  -61.57544 349.277640      99.97 3.5258e+00   1601.068      38427  1028.9480  1028.9469    34.4653    34.4639    8.14462         19 0.0000e+00
    261.000    258.301    -0.4916  28.337266    -0.4921  28.335861     6.1143     6.1841    -0.0077    90.2364 1.0000e-12  -63.75140  -61.57544 349.277649      99.97 3.5258e+00   1601.840      38445  1028.9432  1028.9421    34.4653    34.4639    8.14452         19 0.0000e+00
    260.000    257.312    -0.4911  28.337133    -0.4917  28.335653     6.1138     6.1834    -0.0016    90.2364 1.0000e-12  -63.75140  -61.57544 349.277658      99.97 3.5258e+00   1602.633      38464  1028.9383  1028.9373    34.4651    34.4639    8.14441         20 0.0000e+00
    259.000    256.324    -0.4915  28.336408    -0.4918  28.335171     6.1128     6.1891    -0.0051    90.2308 1.0000e-12  -63.75140  -61.57544 349.277670      99.97 3.5258e+00   1603.645      38488  1028.9337  1028.9326    34.4652    34.4639    8.14449         31 0.0000e+00
    258.000    255.333    -0.4918  28.335644    -0.4922  28.334349     6.1202     6.1874    -0.0079    90.2097 1.0000e-12  -63.75140  -61.57544 349.277695      99.97 3.5258e+00   1605.808      38540  1028.9289  1028.9279    34.4652    34.4639    8.14456         32 0.0000e+00
    257.000    254.345    -0.4916  28.335316    -0.4920  28.333967     6.1198     6.1885     0.0084    90.2223 1.0000e-12  -63.75140  -61.57544 349.277713      99.97 3.5258e+00   1607.432      38579  1028.9242  1028.9230    34.4652    34.4637    8.14453         23 0.0000e+00
    256.000    253.357    -0.4914  28.335072    -0.4915  28.333925     6.1104     6.1787    -0.0006    90.2250 1.0000e-12  -63.75140  -61.57544 349.277723      99.97 3.5258e+00   1608.248      38599  1028.9194  1028.9182    34.4652    34.4637    8.14448         18 0.0000e+00
    255.000    252.368    -0.4904  28.335216    -0.4909  28.333807     6.1100     6.1802    -0.0042    90.2108 1.0000e-12  -63.75140  -61.57544 349.277731      99.97 3.5258e+00   1608.953      38616  1028.9143  1028.9133    34.4648    34.4635    8.14428         17 0.0000e+00
    254.000    251.378    -0.4887  28.335851    -0.4887  28.335042     6.1139     6.1852    -0.0069    90.2186 1.0000e-12  -63.75140  -61.57544 349.277739      99.97 3.5258e+00   1609.686      38633  1028.9091  1028.9082    34.4644    34.4633    8.14395         19 0.0000e+00
    253.000    250.389    -0.4872  28.336899    -0.4885  28.334926     6.1161     6.1850    -0.0027    90.2211 1.0000e-12  -63.75140  -61.57544 349.277752      94.28 3.5258e+00   1610.733      38659  1028.9045  1028.9036    34.4647    34.4635    8.14360         34 0.0000e+00
    252.000    249.400    -0.4887  28.335412    -0.4874  28.335155     6.1176     6.1833    -0.0028    90.2131 1.0000e-12  -63.75140  -61.57544 349.277774      81.49 3.5258e+00   1612.646      38704  1028.9001  1028.8985    34.4650    34.4632    8.14390         37 0.0000e+00
    251.000    248.411    -0.4862  28.336442    -0.4862  28.335548     6.1122     6.1882    -0.0000    90.2202 1.0000e-12  -63.75140  -61.57544 349.277790     100.56 3.5258e+00   1614.047      38738  1028.8945  1028.8936    34.4642    34.4630    8.14342         25 0.0000e+00
    250.000    247.422    -0.4811  28.339809    -0.4828  28.337517     6.1153     6.1842    -0.0004    90.1983 1.0000e-12  -63.75140  -61.57544 349.277800      99.97 3.5258e+00   1614.926      38759  1028.8888  1028.8881    34.4636    34.4624    8.14237         19 0.0000e+00
    249.000    246.434    -0.4751  28.341992    -0.4766  28.340101     6.1180     6.1816     0.0057    90.1776 1.0000e-12  -63.75140  -61.57544 349.277809      99.97 3.5258e+00   1615.714      38778  1028.8809  1028.8804    34.4602    34.4594    8.14126         20 0.0000e+00
    248.000    245.443    -0.4683  28.346243    -0.4684  28.345298     6.1167     6.1819     0.0031    90.1844 1.0000e-12  -63.75140  -61.57544 349.277820      99.97 3.5258e+00   1616.629      38800  1028.8747  1028.8737    34.4589    34.4577    8.13989         26 0.0000e+00
    247.000    244.455    -0.4713  28.344231    -0.4744  28.341190     6.1145     6.1862    -0.0105    90.1627 1.0000e-12  -63.75140  -61.57544 349.277837      72.48 3.5258e+00   1618.087      38835  1028.8712  1028.8710    34.4602    34.4596    8.14045         41 0.0000e+00
    246.000    243.465    -0.4674  28.346071    -0.4725  28.341640     6.1103     6.1757    -0.0099    90.1837 1.0000e-12  -63.75140  -61.57544 349.277857     101.62 3.5258e+00   1619.803      38876  1028.8652  1028.8654    34.4588    34.4587    8.13969         32 0.0000e+00
    245.000    242.477    -0.4561  28.354044    -0.4604  28.349776     6.1027     6.1718    -0.0070    90.1839 1.0000e-12  -63.75140  -61.57544 349.277870      99.97 3.5258e+00   1620.967      38904  1028.8583  1028.8580    34.4573    34.4565    8.13735         24 0.0000e+00
    244.000    241.486    -0.4521  28.356337    -0.4548  28.353386     6.0984     6.1775    -0.0128    90.1669 1.0000e-12  -63.75140  -61.57544 349.277881      99.97 3.5258e+00   1621.925      38927  1028.8527  1028.8521    34.4565    34.4556    8.13655         23 0.0000e+00
    243.000    240.498    -0.4478  28.359038    -0.4480  28.357633     6.1007     6.1796    -0.0063    90.1519 1.0000e-12  -63.75140  -61.57544 349.277892      99.97 3.5258e+00   1622.881      38950  1028.8472  1028.8458    34.4559    34.4542    8.13567         24 0.0000e+00
    242.000    239.509    -0.4478  28.358349    -0.4479  28.357295     6.0999     6.1755     0.0019    90.1718 1.0000e-12  -63.75140  -61.57544 349.277905      99.97 3.5258e+00   1623.968      38976  1028.8423  1028.8412    34.4556    34.4543    8.13569         28 0.0000e+00
    241.000    238.520    -0.4478  28.357908    -0.4483  28.356432     6.1027     6.1737     0.0081    90.1775 1.0000e-12  -63.75140  -61.57544 349.277918      99.97 3.5258e+00   1625.132      39004  1028.8376  1028.8365    34.4556    34.4541    8.13568         28 0.0000e+00
