NBP2113_155081_ctd/data/unbp2113_041.cnv
* Sea-Bird SBE 9 Data File:
* FileName = D:\Data\raw\NBP2113_041.hex
* Software Version Seasave V 7.26.7.121
* Temperature SN = 2438
* Conductivity SN = 2067
* Number of Bytes Per Scan = 40
* Number of Voltage Words = 5
* Number of Scans Averaged by the Deck Unit = 1
* NMEA Latitude = 64 50.77 S
* NMEA Longitude = 063 54.70 W
* NMEA UTC (Time) = Dec 10 2021  14:38:32
* NMEA baud rate = 9600
** Ship: RVIB N.B. Palmer
** Cruise: NBP2113 LTER
** Station: 622.029
** Operator: B. Urmston
# nquan = 25
# nvalues = 254                         
# units = specified
# name 0 = prDM: Pressure, Digiquartz [db]
# name 1 = depSM: Depth [salt water, m]
# name 2 = t090C: Temperature [ITS-90, deg C]
# name 3 = c0mS/cm: Conductivity [mS/cm]
# name 4 = t190C: Temperature, 2 [ITS-90, deg C]
# name 5 = c1mS/cm: Conductivity, 2 [mS/cm]
# name 6 = sbeox0ML/L: Oxygen, SBE 43 [ml/l]
# name 7 = sbeox1ML/L: Oxygen, SBE 43, 2 [ml/l]
# name 8 = flECO-AFL: Fluorescence, WET Labs ECO-AFL/FL [mg/m^3]
# name 9 = CStarTr0: Beam Transmission, WET Labs C-Star [%]
# name 10 = par: PAR/Irradiance, Biospherical/Licor
# name 11 = latitude: Latitude [deg]
# name 12 = longitude: Longitude [deg]
# name 13 = timeJ: Julian Days
# name 14 = altM: Altimeter [m]
# name 15 = spar: SPAR, Biospherical/Licor
# name 16 = timeS: Time, Elapsed [seconds]
# name 17 = scan: Scan Count
# name 18 = density00: Density [density, kg/m^3]
# name 19 = density11: Density, 2 [density, kg/m^3]
# name 20 = sal00: Salinity, Practical [PSU]
# name 21 = sal11: Salinity, Practical, 2 [PSU]
# name 22 = oxsolML/L: Oxygen Saturation, Garcia & Gordon [ml/l]
# name 23 = nbin: number of scans per bin
# name 24 = flag: flag
# span 0 =      1.000,    254.000       
# span 1 =      0.991,    251.358       
# span 2 =    -0.3326,     1.1510       
# span 3 =  27.842505,  29.841274       
# span 4 =    -0.3331,     1.1488       
# span 5 =  27.840475,  29.837270       
# span 6 =     4.4990,     9.8802       
# span 7 =     4.5640,     9.7644       
# span 8 =    -0.0077,     1.5842       
# span 9 =    87.0951,    94.6582       
# span 10 = 1.0000e-12, 1.7150e+03      
# span 11 =  -64.84650,  -64.84624      
# span 12 =  -63.91182,  -63.91175      
# span 13 = 344.620163, 344.628749      
# span 14 =       8.10,      99.98      
# span 15 = 1.0225e+03, 1.2692e+03      
# span 16 =    870.038,   1611.950      
# span 17 =      20882,      38688      
# span 18 =  1027.1165,  1028.9158      
# span 19 =  1027.1150,  1028.9143      
# span 20 =    33.7502,    34.6040      
# span 21 =    33.7481,    34.6019      
# span 22 =    7.79728,    8.14561      
# span 23 =         17,         49      
# span 24 = 0.0000e+00, 0.0000e+00      
# interval = decibars: 1                
# start_time = Dec 10 2021 14:38:32 [NMEA time, header]
# bad_flag = -9.990e-29
*END*
    254.000    251.358     1.1453  29.836427     1.1428  29.832586     4.5043     4.5755    -0.0006    94.4966 1.0000e-12  -64.84632  -63.91178 344.620163       8.10 1.0311e+03    870.038      20882  1028.9158  1028.9143    34.6029    34.6007    7.79847         38 0.0000e+00
    253.000    250.369     1.1442  29.834500     1.1429  29.831953     4.5061     4.5748    -0.0035    94.4737 1.0000e-12  -64.84633  -63.91179 344.620246       9.11 1.0326e+03    877.235      21055  1028.9106  1028.9092    34.6023    34.6004    7.79873         34 0.0000e+00
    252.000    249.380     1.1510  29.841274     1.1476  29.836396     4.4990     4.5640    -0.0030    94.4759 1.0000e-12  -64.84634  -63.91178 344.620398       9.94 1.0372e+03    890.343      21369  1028.9066  1028.9049    34.6040    34.6015    7.79728         28 0.0000e+00
    251.000    248.390     1.1492  29.838986     1.1488  29.837270     4.5077     4.5713    -0.0076    94.4584 1.0000e-12  -64.84634  -63.91178 344.620426      10.88 1.0383e+03    892.833      21429  1028.9019  1028.9004    34.6037    34.6019    7.79766         36 0.0000e+00
    250.000    247.403     1.1455  29.834707     1.1428  29.830747     4.5128     4.5717    -0.0077    94.5086 1.0000e-12  -64.84634  -63.91178 344.620448      11.77 1.0383e+03    894.703      21474  1028.8969  1028.8954    34.6029    34.6007    7.79844         38 0.0000e+00
    249.000    246.410     1.1411  29.829495     1.1409  29.827989     4.5003     4.5710    -0.0004    94.5181 1.0000e-12  -64.84634  -63.91178 344.620470      12.82 1.0379e+03    896.599      21519  1028.8916  1028.8901    34.6016    34.5999    7.79937         30 0.0000e+00
    248.000    245.424     1.1414  29.829174     1.1405  29.827020     4.5093     4.5773     0.0055    94.4879 1.0000e-12  -64.84636  -63.91178 344.620510      13.26 1.0390e+03    900.088      21603  1028.8867  1028.8853    34.6014    34.5997    7.79933         37 0.0000e+00
    247.000    244.434     1.1399  29.827176     1.1402  29.826244     4.5066     4.5759    -0.0044    94.4978 1.0000e-12  -64.84636  -63.91179 344.620530      14.04 1.0416e+03    901.752      21643  1028.8818  1028.8805    34.6012    34.5996    7.79965         33 0.0000e+00
    246.000    243.446     1.1408  29.827736     1.1399  29.825767     4.5129     4.5789    -0.0053    94.5042 1.0000e-12  -64.84636  -63.91180 344.620544      14.67 1.0419e+03    903.011      21673  1028.8772  1028.8760    34.6014    34.5999    7.79945         28 0.0000e+00
    245.000    242.457     1.1387  29.825110     1.1372  29.822339     4.5108     4.5788    -0.0076    94.4790 1.0000e-12  -64.84636  -63.91180 344.620559      15.11 1.0419e+03    904.264      21703  1028.8723  1028.8710    34.6010    34.5991    7.79989         31 0.0000e+00
    244.000    241.467     1.1384  29.824420     1.1366  29.821138     4.5098     4.5757    -0.0058    94.5028 1.0000e-12  -64.84636  -63.91179 344.620576      15.98 1.0408e+03    905.764      21739  1028.8677  1028.8660    34.6010    34.5988    7.79995         35 0.0000e+00
    243.000    240.479     1.1386  29.824098     1.1388  29.823023     4.5111     4.5794    -0.0058    94.4931 1.0000e-12  -64.84636  -63.91178 344.620600      17.08 1.0407e+03    907.882      21790  1028.8629  1028.8616    34.6010    34.5994    7.79991         39 0.0000e+00
    242.000    239.492     1.1383  29.823272     1.1379  29.821715     4.5113     4.5828    -0.0015    94.4797 1.0000e-12  -64.84636  -63.91178 344.620629      18.09 1.0437e+03    910.348      21849  1028.8580  1028.8568    34.6008    34.5993    7.79997         38 0.0000e+00
    241.000    238.500     1.1384  29.822921     1.1381  29.821540     4.5224     4.5937    -0.0020    94.4736 1.0000e-12  -64.84636  -63.91178 344.620663      19.03 1.0436e+03    913.258      21919  1028.8534  1028.8522    34.6009    34.5994    7.79996         40 0.0000e+00
    240.000    237.513     1.1331  29.817250     1.1317  29.814315     4.5767     4.6304    -0.0046    94.5166 1.0000e-12  -64.84636  -63.91178 344.620681      19.90 1.0448e+03    914.833      21957  1028.8485  1028.8469    34.6000    34.5978    7.80106         30 0.0000e+00
    239.000    236.522     1.1033  29.786411     1.0858  29.768176     4.5954     4.6468    -0.0042    94.5371 1.0000e-12  -64.84636  -63.91178 344.620695      20.86 1.0454e+03    916.017      21985  1028.8419  1028.8403    34.5940    34.5899    7.80732         29 0.0000e+00
    238.000    235.534     1.0813  29.762209     1.0731  29.751581     4.5818     4.6268     0.0027    94.5572 1.0000e-12  -64.84636  -63.91179 344.620710      21.93 1.0454e+03    917.337      22017  1028.8342  1028.8313    34.5878    34.5832    7.81204         36 0.0000e+00
    237.000    234.545     1.0908  29.771378     1.0993  29.778371     4.5764     4.6304     0.0043    94.5617 1.0000e-12  -64.84636  -63.91178 344.620731      23.04 1.0454e+03    919.127      22060  1028.8296  1028.8285    34.5897    34.5893    7.81005         39 0.0000e+00
    236.000    233.555     1.0831  29.764315     1.0851  29.764283     4.5658     4.6326    -0.0022    94.6022 1.0000e-12  -64.84636  -63.91178 344.620754      24.05 1.0455e+03    921.148      22109  1028.8258  1028.8237    34.5898    34.5875    7.81159         40 0.0000e+00
    235.000    232.560     1.0741  29.753800     1.0830  29.760232     4.6076     4.6383    -0.0026    94.5499 1.0000e-12  -64.84637  -63.91177 344.620802      25.18 1.0473e+03    925.288      22208  1028.8191  1028.8170    34.5867    34.5851    7.81354         17 0.0000e+00
    234.000    231.578     1.0433  29.720600     1.0700  29.747140     4.6519     4.6810    -0.0045    94.5671 1.0000e-12  -64.84638  -63.91178 344.620842      26.09 1.0480e+03    928.736      22291  1028.8109  1028.8119    34.5787    34.5834    7.82013         30 0.0000e+00
    233.000    230.590     1.0216  29.695060     1.0366  29.710268     4.6940     4.7269    -0.0044    94.5786 1.0000e-12  -64.84638  -63.91178 344.620872      27.11 1.0506e+03    931.323      22353  1028.8014  1028.8024    34.5705    34.5735    7.82493         31 0.0000e+00
    232.000    229.600     1.0012  29.674340     0.9971  29.669563     4.6860     4.7499     0.0033    94.5783 1.0000e-12  -64.84638  -63.91178 344.620897      28.06 1.0507e+03    933.502      22405  1028.7954  1028.7946    34.5671    34.5655    7.82921         42 0.0000e+00
    231.000    228.609     1.0097  29.684110     0.9957  29.667121     4.6957     4.7471     0.0016    94.5617 1.0000e-12  -64.84638  -63.91177 344.620953      29.08 1.0512e+03    938.367      22522  1028.7923  1028.7887    34.5708    34.5645    7.82729         34 0.0000e+00
    230.000    227.622     0.9762  29.647326     0.9933  29.663842     4.7564     4.7811     0.0034    94.5625 1.0000e-12  -64.84638  -63.91178 344.621006      30.04 1.0525e+03    942.891      22630  1028.7828  1028.7830    34.5611    34.5635    7.83454         39 0.0000e+00
    229.000    226.632     0.9601  29.629934     0.9623  29.631865     4.7513     4.8082    -0.0039    94.5079 1.0000e-12  -64.84638  -63.91178 344.621025      31.03 1.0524e+03    944.539      22670  1028.7763  1028.7760    34.5572    34.5572    7.83799         38 0.0000e+00
    228.000    225.643     0.9575  29.626673     0.9498  29.616757     4.7443     4.7952    -0.0022    94.4967 1.0000e-12  -64.84638  -63.91177 344.621068      32.17 1.0527e+03    948.306      22760  1028.7705  1028.7678    34.5564    34.5522    7.83855         28 0.0000e+00
    227.000    224.653     0.9232  29.590274     0.9222  29.588155     4.7785     4.8414     0.0009    94.4913 1.0000e-12  -64.84644  -63.91178 344.621697      33.12 1.0549e+03   1002.607      24064  1028.7608  1028.7596    34.5482    34.5465    7.84591         40 0.0000e+00
    226.000    223.665     0.9125  29.578716     0.9104  29.575318     4.7930     4.8588     0.0113    94.4740 1.0000e-12  -64.84646  -63.91177 344.621949      34.22 1.0542e+03   1024.435      24587  1028.7549  1028.7535    34.5456    34.5436    7.84819         44 0.0000e+00
    225.000    222.675     0.9103  29.575637     0.9050  29.569719     4.8130     4.8760     0.0076    94.5042 1.0000e-12  -64.84646  -63.91178 344.621988      35.18 1.0542e+03   1027.777      24668  1028.7496  1028.7485    34.5447    34.5429    7.84869         43 0.0000e+00
    224.000    221.686     0.8917  29.556892     0.8887  29.551420     4.8355     4.8874    -0.0042    94.4861 1.0000e-12  -64.84646  -63.91178 344.622008      36.15 1.0543e+03   1029.532      24710  1028.7442  1028.7415    34.5417    34.5380    7.85259         30 0.0000e+00
    223.000    220.697     0.8754  29.538663     0.8777  29.540010     4.8305     4.8901     0.0068    94.5143 1.0000e-12  -64.84646  -63.91178 344.622024      37.09 1.0542e+03   1030.906      24743  1028.7370  1028.7362    34.5368    34.5360    7.85614         35 0.0000e+00
    222.000    219.708     0.8724  29.534357     0.8693  29.530204     4.8183     4.8895     0.0015    94.5262 1.0000e-12  -64.84646  -63.91178 344.622043      38.23 1.0529e+03   1032.531      24782  1028.7311  1028.7298    34.5352    34.5332    7.85684         40 0.0000e+00
    221.000    218.719     0.8657  29.527195     0.8651  29.525278     4.8127     4.8838     0.0033    94.5373 1.0000e-12  -64.84646  -63.91178 344.622064      39.23 1.0524e+03   1034.328      24825  1028.7259  1028.7245    34.5340    34.5322    7.85826         38 0.0000e+00
    220.000    217.729     0.8646  29.524170     0.8608  29.520046     4.8205     4.8827     0.0068    94.5534 1.0000e-12  -64.84647  -63.91178 344.622089      40.37 1.0524e+03   1036.457      24876  1028.7194  1028.7188    34.5318    34.5308    7.85859         40 0.0000e+00
    219.000    216.741     0.8587  29.518905     0.8631  29.523272     4.8100     4.8752     0.0026    94.5622 1.0000e-12  -64.84648  -63.91178 344.622117      41.45 1.0524e+03   1038.876      24934  1028.7152  1028.7154    34.5322    34.5330    7.85976         48 0.0000e+00
    218.000    215.752     0.8539  29.513487     0.8515  29.509778     4.8011     4.8732     0.0011    94.5775 1.0000e-12  -64.84648  -63.91180 344.622135      42.42 1.0524e+03   1040.493      24973  1028.7100  1028.7086    34.5311    34.5290    7.86080         33 0.0000e+00
    217.000    214.762     0.8455  29.504121     0.8440  29.501515     4.8042     4.8788     0.0035    94.5997 1.0000e-12  -64.84648  -63.91179 344.622151      43.31 1.0524e+03   1041.864      25006  1028.7043  1028.7030    34.5289    34.5272    7.86261         35 0.0000e+00
    216.000    213.773     0.8512  29.508918     0.8437  29.499868     4.8122     4.8847    -0.0031    94.6478 1.0000e-12  -64.84648  -63.91178 344.622174      44.94 1.0520e+03   1043.820      25053  1028.6993  1028.6972    34.5294    34.5260    7.86144         34 0.0000e+00
    215.000    212.785     0.8449  29.502450     0.8461  29.502434     4.8377     4.9002    -0.0004    94.6511 1.0000e-12  -64.84648  -63.91178 344.622204      45.50 1.0494e+03   1046.438      25116  1028.6943  1028.6931    34.5286    34.5272    7.86275         36 0.0000e+00
    214.000    211.794     0.8289  29.485156     0.8258  29.480800     4.8841     4.9267    -0.0057    94.6582 1.0000e-12  -64.84648  -63.91178 344.622224      46.77 1.0502e+03   1048.176      25157  1028.6879  1028.6863    34.5246    34.5223    7.86621         39 0.0000e+00
    213.000    210.806     0.8078  29.462362     0.8074  29.460645     4.9055     4.9477    -0.0004    94.6422 1.0000e-12  -64.84648  -63.91178 344.622244      47.88 1.0507e+03   1049.839      25197  1028.6805  1028.6792    34.5190    34.5174    7.87076         39 0.0000e+00
    212.000    209.817     0.7957  29.448571     0.7951  29.446922     4.9038     4.9569    -0.0077    94.5999 1.0000e-12  -64.84648  -63.91180 344.622265      49.20 1.0505e+03   1051.715      25242  1028.6736  1028.6725    34.5152    34.5138    7.87342         41 0.0000e+00
    211.000    208.827     0.7952  29.447534     0.7971  29.448459     4.9082     4.9478     0.0075    94.5647 1.0000e-12  -64.84648  -63.91180 344.622294      50.08 1.0490e+03   1054.209      25302  1028.6684  1028.6674    34.5150    34.5141    7.87354         44 0.0000e+00
    210.000    207.838     0.7889  29.440871     0.7950  29.445984     4.9039     4.9682     0.0078    94.5960 1.0000e-12  -64.84648  -63.91180 344.622329      51.43 1.0486e+03   1057.254      25375  1028.6632  1028.6624    34.5140    34.5139    7.87487         43 0.0000e+00
    209.000    206.849     0.7858  29.437029     0.7833  29.433273     4.9265     4.9840     0.0018    94.5677 1.0000e-12  -64.84648  -63.91180 344.622361      52.34 1.0472e+03   1060.012      25441  1028.6578  1028.6564    34.5130    34.5109    7.87554         43 0.0000e+00
    208.000    205.860     0.7782  29.428978     0.7778  29.427365     4.9262     4.9897     0.0063    94.5814 1.0000e-12  -64.84648  -63.91179 344.622406      53.64 1.0466e+03   1063.861      25534  1028.6524  1028.6510    34.5117    34.5100    7.87716         34 0.0000e+00
    207.000    204.871     0.7753  29.425230     0.7785  29.427202     4.9457     5.0020     0.0055    94.5379 1.0000e-12  -64.84650  -63.91181 344.622464      54.54 1.0454e+03   1068.847      25653  1028.6467  1028.6457    34.5106    34.5096    7.87780         43 0.0000e+00
    206.000    203.881     0.7739  29.424218     0.7734  29.422843     4.9635     5.0139     0.0069    94.5039 1.0000e-12  -64.84650  -63.91182 344.622482      56.40 1.0453e+03   1070.487      25693  1028.6429  1028.6419    34.5115    34.5102    7.87805         39 0.0000e+00
    205.000    202.892     0.7596  29.407750     0.7625  29.409897     4.9435     5.0125     0.0128    94.4751 1.0000e-12  -64.84650  -63.91180 344.622512      57.58 1.0427e+03   1073.059      25754  1028.6356  1028.6349    34.5066    34.5062    7.88122         44 0.0000e+00
    204.000    201.903     0.7337  29.382366     0.7287  29.376492     5.0345     5.0758     0.0066    94.4849 1.0000e-12  -64.84650  -63.91180 344.622585      59.76 1.0415e+03   1079.370      25906  1028.6301  1028.6289    34.5030    34.5010    7.88666         38 0.0000e+00
    203.000    200.913     0.7337  29.380580     0.7337  29.380836     5.0358     5.0910     0.0116    94.4495 1.0000e-12  -64.84650  -63.91180 344.622603      60.59 1.0396e+03   1080.938      25944  1028.6239  1028.6240    34.5014    34.5017    7.88676         36 0.0000e+00
    202.000    199.922     0.7106  29.357934     0.7099  29.354621     5.0564     5.1080     0.0147    94.4312 1.0000e-12  -64.84650  -63.91181 344.622693      62.97 1.0362e+03   1088.704      26130  1028.6178  1028.6152    34.4982    34.4947    7.89162         39 0.0000e+00
    201.000    198.934     0.6852  29.329742     0.6836  29.326682     5.1125     5.1610     0.0117    94.3632 1.0000e-12  -64.84650  -63.91182 344.622991      67.92 1.0274e+03   1114.410      26747  1028.6081  1028.6065    34.4904    34.4882    7.89721         26 0.0000e+00
    200.000    197.947     0.6816  29.325431     0.6823  29.324975     5.1191     5.1742     0.0090    94.3967 1.0000e-12  -64.84650  -63.91182 344.622999      67.64 1.0260e+03   1115.089      26763  1028.6029  1028.6018    34.4894    34.4881    7.89800         25 0.0000e+00
    199.000    196.957     0.6755  29.318549     0.6767  29.318835     5.1004     5.1679     0.0141    94.3550 1.0000e-12  -64.84650  -63.91182 344.623011      68.33 1.0256e+03   1116.175      26789  1028.5975  1028.5966    34.4879    34.4869    7.89932         29 0.0000e+00
    198.000    195.968     0.6798  29.322146     0.6805  29.321439     5.1017     5.1662     0.0153    94.3448 1.0000e-12  -64.84650  -63.91180 344.623030      69.94 1.0243e+03   1117.794      26828  1028.5927  1028.5913    34.4883    34.4867    7.89842         41 0.0000e+00
