NBP2113_155081_ctd/data/unbp2113_066.cnv
* Sea-Bird SBE 9 Data File:
* FileName = D:\Data\raw\NBP2113_066.hex
* Software Version Seasave V 7.26.7.121
* Temperature SN = 2438
* Conductivity SN = 2067
* Number of Bytes Per Scan = 40
* Number of Voltage Words = 5
* Number of Scans Averaged by the Deck Unit = 1
* NMEA Latitude = 64 10.22 S
* NMEA Longitude = 061 54.36 W
* NMEA UTC (Time) = Dec 14 2021  16:02:10
* NMEA baud rate = 9600
** Ship: RVIB N.B. Palmer
** Cruise: NBP2113 LTER
** Station: 742.003
** Operator: S. Blackman
# nquan = 25
# nvalues = 774                         
# units = specified
# name 0 = prDM: Pressure, Digiquartz [db]
# name 1 = depSM: Depth [salt water, m]
# name 2 = t090C: Temperature [ITS-90, deg C]
# name 3 = c0mS/cm: Conductivity [mS/cm]
# name 4 = t190C: Temperature, 2 [ITS-90, deg C]
# name 5 = c1mS/cm: Conductivity, 2 [mS/cm]
# name 6 = sbeox0ML/L: Oxygen, SBE 43 [ml/l]
# name 7 = sbeox1ML/L: Oxygen, SBE 43, 2 [ml/l]
# name 8 = flECO-AFL: Fluorescence, WET Labs ECO-AFL/FL [mg/m^3]
# name 9 = CStarTr0: Beam Transmission, WET Labs C-Star [%]
# name 10 = par: PAR/Irradiance, Biospherical/Licor
# name 11 = latitude: Latitude [deg]
# name 12 = longitude: Longitude [deg]
# name 13 = timeJ: Julian Days
# name 14 = altM: Altimeter [m]
# name 15 = spar: SPAR, Biospherical/Licor
# name 16 = timeS: Time, Elapsed [seconds]
# name 17 = scan: Scan Count
# name 18 = density00: Density [density, kg/m^3]
# name 19 = density11: Density, 2 [density, kg/m^3]
# name 20 = sal00: Salinity, Practical [PSU]
# name 21 = sal11: Salinity, Practical, 2 [PSU]
# name 22 = oxsolML/L: Oxygen Saturation, Garcia & Gordon [ml/l]
# name 23 = nbin: number of scans per bin
# name 24 = flag: flag
# span 0 =      1.000,    774.000       
# span 1 =      0.991,    765.030       
# span 2 =    -0.7053,     0.4926       
# span 3 =  28.146436,  28.906654       
# span 4 =    -0.7051,     0.4919       
# span 5 =  28.145917,  28.903653       
# span 6 =     5.5250,     7.7348       
# span 7 =     5.6074,     7.5326       
# span 8 =    -0.0297,     1.0918       
# span 9 =    83.0182,    90.0599       
# span 10 = 1.0000e-12, 9.6430e+02      
# span 11 =  -64.16966,  -64.16752      
# span 12 =  -61.90650,  -61.90474      
# span 13 = 348.684905, 348.704916      
# span 14 =       9.98,     100.46      
# span 15 = 8.8061e+02, 2.4575e+03      
# span 16 =   1445.807,   3174.784      
# span 17 =      34700,      76196      
# span 18 =  1027.3111,  1031.4312      
# span 19 =  1027.3106,  1031.4302      
# span 20 =    34.0337,    34.5482      
# span 21 =    34.0322,    34.5467      
# span 22 =    7.96191,    8.19137      
# span 23 =         14,         49      
# span 24 = 0.0000e+00, 0.0000e+00      
# interval = decibars: 1                
# start_time = Dec 14 2021 16:02:10 [NMEA time, header]
# bad_flag = -9.990e-29
*END*
[from data line 406]
    368.000    364.092    -0.3086  28.578555    -0.3096  28.576823     5.7911     5.8671    -0.0171    89.8073 1.0000e-12  -64.16876  -61.90488 348.691889      99.96 1.0242e+03   2049.211      49182  1029.4819  1029.4809    34.5162    34.5150    8.10252         33 0.0000e+00
    367.000    363.102    -0.3097  28.577038    -0.3100  28.575957     5.7921     5.8676    -0.0244    89.7983 1.0000e-12  -64.16874  -61.90488 348.691931      99.97 1.0478e+03   2052.825      49269  1029.4771  1029.4762    34.5160    34.5149    8.10276         27 0.0000e+00
    366.000    362.113    -0.3088  28.577365    -0.3104  28.575041     5.7875     5.8680    -0.0219    89.7935 1.0000e-12  -64.16874  -61.90488 348.691973      99.97 1.0470e+03   2056.469      49356  1029.4724  1029.4714    34.5160    34.5147    8.10257         30 0.0000e+00
    365.000    361.124    -0.3094  28.576329    -0.3097  28.575380     5.7888     5.8708    -0.0211    89.7994 1.0000e-12  -64.16874  -61.90490 348.692012      99.97 1.0383e+03   2059.833      49437  1029.4676  1029.4668    34.5159    34.5149    8.10270         39 0.0000e+00
    364.000    360.135    -0.3143  28.571520    -0.3142  28.570828     5.8011     5.8719    -0.0191    89.7936 1.0000e-12  -64.16872  -61.90491 348.692124      99.96 1.0413e+03   2069.473      49668  1029.4630  1029.4621    34.5156    34.5146    8.10376         36 0.0000e+00
    363.000    359.148    -0.3205  28.565429    -0.3196  28.565280     5.8099     5.8828    -0.0127    89.7745 1.0000e-12  -64.16868  -61.90491 348.692306      99.97 1.0528e+03   2085.209      50046  1029.4582  1029.4572    34.5151    34.5139    8.10511         31 0.0000e+00
    362.000    358.158    -0.3221  28.563656    -0.3233  28.561703     5.8035     5.8882    -0.0159    89.7922 1.0000e-12  -64.16868  -61.90492 348.692324      99.97 1.0554e+03   2086.763      50083  1029.4536  1029.4527    34.5151    34.5139    8.10544         35 0.0000e+00
    361.000    357.171    -0.3239  28.561299    -0.3243  28.560257     5.8067     5.8855    -0.0214    89.7872 1.0000e-12  -64.16868  -61.90492 348.692341      99.97 1.0577e+03   2088.232      50119  1029.4486  1029.4479    34.5146    34.5137    8.10585         34 0.0000e+00
    360.000    356.183    -0.3235  28.561188    -0.3238  28.560110     5.8078     5.8830    -0.0222    89.8158 1.0000e-12  -64.16868  -61.90492 348.692357      99.97 1.0600e+03   2089.659      50153  1029.4438  1029.4429    34.5147    34.5135    8.10578         32 0.0000e+00
    359.000    355.192    -0.3232  28.561012    -0.3232  28.560181     5.8109     5.8795    -0.0271    89.8032 1.0000e-12  -64.16868  -61.90492 348.692373      99.97 1.0623e+03   2091.023      50186  1029.4391  1029.4381    34.5146    34.5135    8.10570         34 0.0000e+00
    358.000    354.206    -0.3228  28.561003    -0.3229  28.560006     5.8115     5.8842    -0.0169    89.7933 1.0000e-12  -64.16866  -61.90492 348.692389      99.97 1.0654e+03   2092.444      50220  1029.4343  1029.4334    34.5147    34.5136    8.10561         34 0.0000e+00
    357.000    353.216    -0.3231  28.560211    -0.3244  28.558184     5.8107     5.8908    -0.0175    89.7955 1.0000e-12  -64.16866  -61.90492 348.692405      99.97 1.0696e+03   2093.819      50253  1029.4295  1029.4287    34.5146    34.5134    8.10568         32 0.0000e+00
    356.000    352.228    -0.3244  28.558467    -0.3267  28.555541     5.8143     5.8941    -0.0189    89.8138 1.0000e-12  -64.16866  -61.90492 348.692421      99.97 1.0734e+03   2095.189      50286  1029.4247  1029.4239    34.5144    34.5131    8.10597         34 0.0000e+00
    355.000    351.239    -0.3273  28.555342    -0.3305  28.551674     5.8183     5.9070    -0.0204    89.8158 1.0000e-12  -64.16866  -61.90492 348.692437      99.97 1.0736e+03   2096.586      50319  1029.4200  1029.4192    34.5141    34.5129    8.10660         33 0.0000e+00
    354.000    350.250    -0.3304  28.551916    -0.3384  28.543829     5.8249     5.9044    -0.0171    89.8043 1.0000e-12  -64.16865  -61.90492 348.692453      99.97 1.0736e+03   2097.942      50352  1029.4152  1029.4144    34.5137    34.5120    8.10730         32 0.0000e+00
    353.000    349.263    -0.3357  28.546420    -0.3421  28.539813     5.8310     5.9140    -0.0180    89.8168 1.0000e-12  -64.16864  -61.90492 348.692468      99.97 1.0736e+03   2099.236      50383  1029.4102  1029.4094    34.5129    34.5113    8.10847         30 0.0000e+00
    352.000    348.273    -0.3380  28.543668    -0.3412  28.539475     5.8277     5.9234    -0.0148    89.8076 1.0000e-12  -64.16864  -61.90492 348.692483      99.97 1.0767e+03   2100.505      50413  1029.4053  1029.4038    34.5125    34.5105    8.10898         32 0.0000e+00
    351.000    347.285    -0.3341  28.546548    -0.3559  28.526917     5.8308     5.9317    -0.0150    89.8447 1.0000e-12  -64.16864  -61.90492 348.692499      99.97 1.0810e+03   2101.935      50447  1029.4001  1029.4007    34.5125    34.5110    8.10814         37 0.0000e+00
    350.000    346.297    -0.3373  28.543783    -0.3667  28.515437     5.8917     5.9618    -0.0150    89.8676 1.0000e-12  -64.16864  -61.90492 348.692518      99.97 1.0871e+03   2103.520      50485  1029.3961  1029.3947    34.5130    34.5085    8.10879         33 0.0000e+00
    349.000    345.308    -0.3867  28.497885    -0.3986  28.485779     5.9251     5.9831    -0.0150    89.8760 1.0000e-12  -64.16864  -61.90492 348.692533      99.97 1.0912e+03   2104.890      50518  1029.3914  1029.3900    34.5082    34.5055    8.11961         29 0.0000e+00
    348.000    344.320    -0.3970  28.485652    -0.4122  28.471655     5.9396     5.9784    -0.0197    89.8759 1.0000e-12  -64.16864  -61.90492 348.692546      99.97 1.0941e+03   2105.996      50545  1029.3843  1029.3839    34.5041    34.5026    8.12204         25 0.0000e+00
    347.000    343.331    -0.4127  28.471773    -0.4124  28.468976     5.9258     5.9715    -0.0114    89.8759 1.0000e-12  -64.16864  -61.90492 348.692558      99.97 1.0947e+03   2107.017      50569  1029.3803  1029.3768    34.5039    34.4999    8.12541         24 0.0000e+00
    346.000    342.342    -0.4084  28.474041    -0.3945  28.484570     5.9105     5.9695    -0.0113    89.8832 1.0000e-12  -64.16862  -61.90492 348.692570      99.97 1.0985e+03   2108.076      50595  1029.3739  1029.3713    34.5026    34.5010    8.12455         26 0.0000e+00
    345.000    341.352    -0.3954  28.484242    -0.3886  28.489825     5.8928     5.9607    -0.0150    89.8874 1.0000e-12  -64.16862  -61.90492 348.692583      99.97 1.1032e+03   2109.168      50621  1029.3677  1029.3667    34.5022    34.5020    8.12181         27 0.0000e+00
    344.000    340.365    -0.3921  28.487158    -0.3856  28.492021     5.8845     5.9581    -0.0189    89.8684 1.0000e-12  -64.16862  -61.90492 348.692595      99.97 1.1047e+03   2110.249      50647  1029.3631  1029.3617    34.5029    34.5022    8.12105         26 0.0000e+00
    343.000    339.377    -0.3832  28.494448    -0.3813  28.495082     5.8862     5.9561    -0.0221    89.8877 1.0000e-12  -64.16862  -61.90492 348.692609      99.97 1.1063e+03   2111.384      50674  1029.3577  1029.3564    34.5033    34.5019    8.11914         28 0.0000e+00
    342.000    338.388    -0.3846  28.493168    -0.3780  28.497745     5.8788     5.9533    -0.0174    89.8742 1.0000e-12  -64.16862  -61.90492 348.692623      99.97 1.1179e+03   2112.600      50703  1029.3534  1029.3517    34.5038    34.5024    8.11942         28 0.0000e+00
    341.000    337.399    -0.3819  28.494940    -0.3755  28.499414     5.8693     5.9474    -0.0154    89.8502 1.0000e-12  -64.16862  -61.90493 348.692638      99.97 1.1328e+03   2113.935      50735  1029.3484  1029.3468    34.5037    34.5024    8.11885         34 0.0000e+00
    340.000    336.410    -0.3756  28.499437    -0.3735  28.500710     5.8703     5.9518    -0.0201    89.8686 1.0000e-12  -64.16860  -61.90493 348.692654      99.97 1.1264e+03   2115.304      50768  1029.3427  1029.3420    34.5032    34.5025    8.11753         32 0.0000e+00
    339.000    335.422    -0.3735  28.501146    -0.3725  28.501019     5.8711     5.9478    -0.0150    89.8642 1.0000e-12  -64.16860  -61.90493 348.692670      99.97 1.1090e+03   2116.663      50801  1029.3381  1029.3371    34.5036    34.5024    8.11704         33 0.0000e+00
    338.000    334.434    -0.3742  28.499920    -0.3711  28.501691     5.8721     5.9422    -0.0189    89.8716 1.0000e-12  -64.16860  -61.90493 348.692685      99.97 1.1018e+03   2117.977      50832  1029.3333  1029.3322    34.5034    34.5023    8.11721         30 0.0000e+00
    337.000    333.444    -0.3686  28.504226    -0.3665  28.505158     5.8652     5.9394    -0.0277    89.8750 1.0000e-12  -64.16860  -61.90492 348.692699      99.97 1.0971e+03   2119.210      50862  1029.3281  1029.3270    34.5035    34.5023    8.11602         29 0.0000e+00
    336.000    332.456    -0.3672  28.504944    -0.3659  28.504744     5.8697     5.9417    -0.0177    89.8884 1.0000e-12  -64.16860  -61.90494 348.692713      99.97 1.0931e+03   2120.424      50891  1029.3233  1029.3218    34.5034    34.5017    8.11572         29 0.0000e+00
    335.000    331.467    -0.3657  28.505392    -0.3664  28.503876     5.8676     5.9502    -0.0076    89.8821 1.0000e-12  -64.16860  -61.90493 348.692727      99.97 1.0884e+03   2121.637      50920  1029.3180  1029.3171    34.5030    34.5017    8.11543         29 0.0000e+00
    334.000    330.479    -0.3666  28.504233    -0.3670  28.502809     5.8621     5.9436    -0.0150    89.8901 1.0000e-12  -64.16860  -61.90494 348.692742      99.97 1.0873e+03   2122.880      50950  1029.3135  1029.3124    34.5030    34.5016    8.11562         31 0.0000e+00
    333.000    329.490    -0.3667  28.503373    -0.3651  28.503687     5.8620     5.9432    -0.0175    89.8649 1.0000e-12  -64.16858  -61.90494 348.692757      99.97 1.0883e+03   2124.212      50982  1029.3084  1029.3072    34.5026    34.5012    8.11566         33 0.0000e+00
    332.000    328.501    -0.3639  28.505408    -0.3607  28.507050     5.8652     5.9447    -0.0185    89.8663 1.0000e-12  -64.16858  -61.90494 348.692773      99.97 1.0893e+03   2125.561      51014  1029.3035  1029.3022    34.5027    34.5014    8.11505         32 0.0000e+00
    331.000    327.513    -0.3614  28.506688    -0.3619  28.505151     5.8718     5.9511    -0.0202    89.8767 1.0000e-12  -64.16858  -61.90494 348.692788      99.97 1.0877e+03   2126.920      51047  1029.2982  1029.2971    34.5022    34.5007    8.11454         33 0.0000e+00
    330.000    326.523    -0.3627  28.504841    -0.3634  28.503258     5.8700     5.9504    -0.0229    89.8685 1.0000e-12  -64.16858  -61.90494 348.692804      99.97 1.0877e+03   2128.250      51079  1029.2933  1029.2923    34.5018    34.5005    8.11485         31 0.0000e+00
    329.000    325.537    -0.3630  28.503908    -0.3639  28.501520     5.8751     5.9497    -0.0280    89.8964 1.0000e-12  -64.16858  -61.90494 348.692818      99.97 1.0872e+03   2129.514      51109  1029.2884  1029.2867    34.5016    34.4993    8.11494         30 0.0000e+00
    328.000    324.547    -0.3630  28.503291    -0.3625  28.502028     5.8740     5.9531    -0.0177    89.9008 1.0000e-12  -64.16858  -61.90494 348.692833      99.97 1.0859e+03   2130.752      51139  1029.2834  1029.2816    34.5013    34.4990    8.11494         27 0.0000e+00
    327.000    323.558    -0.3624  28.502683    -0.3609  28.502696     5.8777     5.9481    -0.0006    89.8856 1.0000e-12  -64.16858  -61.90494 348.692847      99.97 1.0851e+03   2131.963      51168  1029.2780  1029.2765    34.5004    34.4987    8.11487         29 0.0000e+00
    326.000    322.569    -0.3614  28.502800    -0.3609  28.502209     5.8717     5.9485    -0.0031    89.8776 1.0000e-12  -64.16858  -61.90494 348.692861      99.97 1.0841e+03   2133.213      51198  1029.2729  1029.2718    34.5001    34.4987    8.11468         32 0.0000e+00
    325.000    321.580    -0.3628  28.501712    -0.3612  28.501374     5.8669     5.9477    -0.0148    89.9003 1.0000e-12  -64.16856  -61.90494 348.692877      99.97 1.0824e+03   2134.555      51230  1029.2688  1029.2670    34.5007    34.4986    8.11493         30 0.0000e+00
    324.000    320.592    -0.3611  28.501870    -0.3613  28.500734     5.8753     5.9498    -0.0145    89.8876 1.0000e-12  -64.16856  -61.90494 348.692892      99.97 1.0824e+03   2135.862      51262  1029.2631  1029.2621    34.4997    34.4984    8.11464         28 0.0000e+00
    323.000    319.603    -0.3612  28.501162    -0.3616  28.499862     5.8715     5.9483    -0.0219    89.8909 1.0000e-12  -64.16856  -61.90494 348.692906      99.97 1.0822e+03   2137.118      51292  1029.2582  1029.2572    34.4995    34.4981    8.11467         31 0.0000e+00
    322.000    318.614    -0.3609  28.500908    -0.3604  28.500406     5.8669     5.9483    -0.0200    89.8760 1.0000e-12  -64.16856  -61.90494 348.692921      99.97 1.0806e+03   2138.409      51323  1029.2533  1029.2524    34.4994    34.4982    8.11460         31 0.0000e+00
    321.000    317.625    -0.3594  28.501563    -0.3531  28.505842     5.8613     5.9403    -0.0179    89.8759 1.0000e-12  -64.16856  -61.90494 348.692937      99.97 1.0806e+03   2139.715      51354  1029.2483  1029.2467    34.4992    34.4978    8.11431         31 0.0000e+00
    320.000    316.636    -0.3543  28.505575    -0.3495  28.508844     5.8555     5.9334    -0.0175    89.8759 1.0000e-12  -64.16855  -61.90494 348.692952      99.97 1.0806e+03   2141.021      51385  1029.2433  1029.2421    34.4993    34.4984    8.11320         32 0.0000e+00
    319.000    315.649    -0.3436  28.514428    -0.3320  28.523354     5.8366     5.9267    -0.0145    89.8759 1.0000e-12  -64.16854  -61.90494 348.692967      99.97 1.0806e+03   2142.337      51417  1029.2380  1029.2361    34.4997    34.4985    8.11090         31 0.0000e+00
    318.000    314.659    -0.3349  28.521095    -0.3299  28.525203     5.8207     5.9199    -0.0201    89.8734 1.0000e-12  -64.16854  -61.90495 348.692982      99.97 1.0806e+03   2143.636      51448  1029.2323  1029.2319    34.4993    34.4992    8.10907         31 0.0000e+00
    317.000    313.671    -0.3264  28.528891    -0.3245  28.528940     5.8359     5.9182    -0.0115    89.8624 1.0000e-12  -64.16854  -61.90496 348.692997      99.97 1.0806e+03   2144.916      51479  1029.2281  1029.2264    34.5007    34.4987    8.10717         32 0.0000e+00
    316.000    312.681    -0.3304  28.523110    -0.3173  28.534959     5.8340     5.9168    -0.0261    89.8894 1.0000e-12  -64.16854  -61.90496 348.693013      99.97 1.0806e+03   2146.351      51513  1029.2218  1029.2216    34.4982    34.4992    8.10818         37 0.0000e+00
    315.000    311.695    -0.3200  28.532726    -0.3230  28.530047     5.8276     5.9105    -0.0129    89.8815 1.0000e-12  -64.16854  -61.90496 348.693034      99.97 1.0806e+03   2148.135      51556  1029.2175  1029.2179    34.4998    34.4997    8.10586         37 0.0000e+00
    314.000    310.704    -0.3099  28.541204    -0.3230  28.528696     5.8153     5.9151    -0.0219    89.8729 1.0000e-12  -64.16853  -61.90496 348.693059      99.97 1.0806e+03   2150.310      51608  1029.2125  1029.2122    34.5003    34.4985    8.10369         44 0.0000e+00
    313.000    309.715    -0.3022  28.547778    -0.3164  28.534146     5.8213     5.9032    -0.0206    89.8675 1.0000e-12  -64.16852  -61.90496 348.693085      99.97 1.0806e+03   2152.566      51663  1029.2079  1029.2074    34.5010    34.4989    8.10201         36 0.0000e+00
    312.000    308.727    -0.3061  28.544076    -0.3059  28.543288     5.8184     5.8936    -0.0030    89.8857 1.0000e-12  -64.16852  -61.90496 348.693109      99.97 1.0806e+03   2154.597      51711  1029.2038  1029.2027    34.5011    34.4999    8.10283         42 0.0000e+00
