NBP2113_155081_ctd/data/unbp2113_034.cnv
* Sea-Bird SBE 9 Data File:
* FileName = D:\Data\raw\NBP2113_034.hex
* Software Version Seasave V 7.26.7.121
* Temperature SN = 2438
* Conductivity SN = 2067
* Number of Bytes Per Scan = 40
* Number of Voltage Words = 5
* Number of Scans Averaged by the Deck Unit = 1
* NMEA Latitude = 64 56.01 S
* NMEA Longitude = 064 23.98 W
* NMEA UTC (Time) = Dec 08 2021  22:30:19
* NMEA baud rate = 9600
** Ship: RVIB N.B. Palmer
** Cruise: NBP2113 LTER
** Station: 600.040
** Operator: S. Blackman
# nquan = 25
# nvalues = 1316                        
# units = specified
# name 0 = prDM: Pressure, Digiquartz [db]
# name 1 = depSM: Depth [salt water, m]
# name 2 = t090C: Temperature [ITS-90, deg C]
# name 3 = c0mS/cm: Conductivity [mS/cm]
# name 4 = t190C: Temperature, 2 [ITS-90, deg C]
# name 5 = c1mS/cm: Conductivity, 2 [mS/cm]
# name 6 = sbeox0ML/L: Oxygen, SBE 43 [ml/l]
# name 7 = sbeox1ML/L: Oxygen, SBE 43, 2 [ml/l]
# name 8 = flECO-AFL: Fluorescence, WET Labs ECO-AFL/FL [mg/m^3]
# name 9 = CStarTr0: Beam Transmission, WET Labs C-Star [%]
# name 10 = par: PAR/Irradiance, Biospherical/Licor
# name 11 = latitude: Latitude [deg]
# name 12 = longitude: Longitude [deg]
# name 13 = timeJ: Julian Days
# name 14 = altM: Altimeter [m]
# name 15 = spar: SPAR, Biospherical/Licor
# name 16 = timeS: Time, Elapsed [seconds]
# name 17 = scan: Scan Count
# name 18 = density00: Density [density, kg/m^3]
# name 19 = density11: Density, 2 [density, kg/m^3]
# name 20 = sal00: Salinity, Practical [PSU]
# name 21 = sal11: Salinity, Practical, 2 [PSU]
# name 22 = oxsolML/L: Oxygen Saturation, Garcia & Gordon [ml/l]
# name 23 = nbin: number of scans per bin
# name 24 = flag: flag
# span 0 =      1.000,   1316.000       
# span 1 =      0.990,   1299.000       
# span 2 =    -1.0208,     1.4957       
# span 3 =  27.110147,  30.664199       
# span 4 =    -1.0207,     1.4957       
# span 5 =  27.108688,  30.663162       
# span 6 =     4.0267,     9.5103       
# span 7 =     4.0938,     9.9217       
# span 8 =    -0.0224,     1.6580       
# span 9 =    87.6697,    96.0291       
# span 10 = 1.0000e-12, 5.6141e+01      
# span 11 =  -64.93354,  -64.93326      
# span 12 =  -64.39982,  -64.39924      
# span 13 = 342.962559, 342.985489      
# span 14 =       7.32,     101.02      
# span 15 = 4.0512e+01, 8.2856e+01      
# span 16 =   2146.069,   4127.244      
# span 17 =      51507,      99055      
# span 18 =  1026.9886,  1033.8812      
# span 19 =  1026.9870,  1033.8803      
# span 20 =    33.5563,    34.6780      
# span 21 =    33.5541,    34.6767      
# span 22 =    7.72523,    8.31269      
# span 23 =          9,         47      
# span 24 = 0.0000e+00, 0.0000e+00      
# interval = decibars: 1                
# start_time = Dec 08 2021 22:30:19 [NMEA time, header]
# bad_flag = -9.990e-29
*END*
[from data line 464]
    852.000    841.925     1.4562  30.428330     1.4558  30.427084     4.0777     4.1353    -0.0141    95.8494 1.0000e-12  -64.93350  -64.39972 342.969846      99.98 6.1701e+01   2775.702      66618  1031.7414  1031.7405    34.6749    34.6737    7.73314         18 0.0000e+00
    851.000    840.936     1.4561  30.427934     1.4558  30.426827     4.0696     4.1332    -0.0123    95.8499 1.0000e-12  -64.93350  -64.39972 342.969852      99.97 6.1701e+01   2776.219      66630  1031.7369  1031.7361    34.6751    34.6740    7.73315         14 0.0000e+00
    850.000    839.949     1.4562  30.427626     1.4559  30.426508     4.0655     4.1375    -0.0122    95.8499 1.0000e-12  -64.93350  -64.39972 342.969859      99.97 6.1701e+01   2776.777      66644  1031.7323  1031.7314    34.6751    34.6740    7.73312         13 0.0000e+00
    849.000    838.964     1.4562  30.427221     1.4559  30.425888     4.0690     4.1360    -0.0031    95.8499 1.0000e-12  -64.93350  -64.39972 342.969864      99.97 6.1701e+01   2777.292      66656  1031.7277  1031.7266    34.6751    34.6738    7.73312         12 0.0000e+00
    848.000    837.979     1.4560  30.426562     1.4557  30.425411     4.0773     4.1344    -0.0038    95.8499 1.0000e-12  -64.93350  -64.39972 342.969870      99.98 6.1701e+01   2777.798      66668  1031.7230  1031.7222    34.6750    34.6740    7.73316         13 0.0000e+00
    847.000    836.993     1.4558  30.425979     1.4556  30.424876     4.0801     4.1330    -0.0040    95.8499 1.0000e-12  -64.93350  -64.39972 342.969877      99.98 6.1701e+01   2778.345      66681  1031.7185  1031.7175    34.6752    34.6740    7.73320         14 0.0000e+00
    846.000    836.006     1.4556  30.425310     1.4556  30.424356     4.0853     4.1354    -0.0084    95.8499 1.0000e-12  -64.93350  -64.39972 342.969884      99.97 6.1701e+01   2778.973      66696  1031.7137  1031.7128    34.6751    34.6738    7.73324         17 0.0000e+00
    845.000    835.017     1.4557  30.424881     1.4555  30.423947     4.0814     4.1339    -0.0138    95.8499 1.0000e-12  -64.93350  -64.39971 342.969897      99.97 6.1701e+01   2780.139      66724  1031.7090  1031.7082    34.6750    34.6740    7.73324         28 0.0000e+00
    844.000    834.034     1.4556  30.424478     1.4553  30.423287     4.0832     4.1351    -0.0036    95.8499 1.0000e-12  -64.93350  -64.39968 342.969929      99.97 6.1701e+01   2782.877      66790  1031.7045  1031.7036    34.6751    34.6740    7.73324         34 0.0000e+00
    843.000    833.047     1.4555  30.424021     1.4553  30.422939     4.0847     4.1356    -0.0021    95.8499 1.0000e-12  -64.93350  -64.39968 342.969942      99.97 6.1701e+01   2783.976      66816  1031.6999  1031.6990    34.6752    34.6740    7.73325         26 0.0000e+00
    842.000    832.061     1.4554  30.423478     1.4552  30.422397     4.0867     4.1353    -0.0103    95.8499 1.0000e-12  -64.93350  -64.39968 342.969956      99.97 6.1701e+01   2785.205      66846  1031.6953  1031.6944    34.6752    34.6740    7.73328         35 0.0000e+00
    841.000    831.075     1.4554  30.422898     1.4551  30.421813     4.0833     4.1354    -0.0030    95.8539 1.0000e-12  -64.93350  -64.39968 342.969976      99.97 6.1701e+01   2786.892      66886  1031.6905  1031.6897    34.6750    34.6739    7.73329         41 0.0000e+00
    840.000    830.089     1.4551  30.422364     1.4550  30.421264     4.0780     4.1345    -0.0031    95.8547 1.0000e-12  -64.93348  -64.39968 342.969992      99.97 6.1701e+01   2788.320      66921  1031.6860  1031.6851    34.6752    34.6739    7.73334         27 0.0000e+00
    839.000    829.104     1.4547  30.421455     1.4547  30.420491     4.0741     4.1349    -0.0047    95.8718 1.0000e-12  -64.93348  -64.39970 342.970003      99.97 6.1701e+01   2789.224      66942  1031.6814  1031.6804    34.6750    34.6738    7.73342         19 0.0000e+00
    838.000    828.116     1.4548  30.421060     1.4545  30.419952     4.0786     4.1338    -0.0030    95.8756 1.0000e-12  -64.93348  -64.39970 342.970011      99.97 6.1701e+01   2789.962      66960  1031.6767  1031.6759    34.6750    34.6739    7.73341         17 0.0000e+00
    837.000    827.130     1.4547  30.420499     1.4545  30.419434     4.0785     4.1372    -0.0041    95.8919 1.0000e-12  -64.93348  -64.39970 342.970019      99.97 6.1701e+01   2790.651      66977  1031.6720  1031.6712    34.6749    34.6739    7.73343         16 0.0000e+00
    836.000    826.145     1.4547  30.420092     1.4544  30.418893     4.0758     4.1406     0.0014    95.8861 1.0000e-12  -64.93348  -64.39970 342.970027      99.97 6.1701e+01   2791.345      66993  1031.6674  1031.6665    34.6750    34.6738    7.73343         17 0.0000e+00
    835.000    825.157     1.4545  30.419545     1.4543  30.418499     4.0774     4.1393    -0.0004    95.8756 1.0000e-12  -64.93348  -64.39970 342.970036      99.97 6.1701e+01   2792.103      67011  1031.6628  1031.6620    34.6750    34.6740    7.73346         20 0.0000e+00
    834.000    824.172     1.4544  30.418963     1.4543  30.418047     4.0850     4.1384    -0.0122    95.8756 1.0000e-12  -64.93348  -64.39970 342.970046      99.97 6.1701e+01   2792.982      67033  1031.6581  1031.6573    34.6749    34.6739    7.73348         23 0.0000e+00
    833.000    823.184     1.4544  30.418504     1.4543  30.417537     4.0836     4.1324     0.0004    95.8756 1.0000e-12  -64.93348  -64.39968 342.970059      99.97 6.1701e+01   2794.119      67060  1031.6535  1031.6526    34.6749    34.6739    7.73348         33 0.0000e+00
    832.000    822.201     1.4544  30.418057     1.4541  30.417027     4.0762     4.1364    -0.0071    95.8680 1.0000e-12  -64.93348  -64.39968 342.970080      99.98 6.1701e+01   2795.920      67103  1031.6489  1031.6481    34.6750    34.6740    7.73349         29 0.0000e+00
    831.000    821.213     1.4543  30.417470     1.4540  30.416463     4.0818     4.1336    -0.0046    95.8632 1.0000e-12  -64.93348  -64.39966 342.970112      99.97 6.1701e+01   2798.632      67168  1031.6442  1031.6434    34.6749    34.6740    7.73352         35 0.0000e+00
    830.000    820.226     1.4543  30.417096     1.4540  30.415927     4.0808     4.1356    -0.0091    95.8738 1.0000e-12  -64.93348  -64.39968 342.970129      99.97 6.0488e+01   2800.107      67204  1031.6396  1031.6387    34.6749    34.6738    7.73351         24 0.0000e+00
    829.000    819.241     1.4541  30.416569     1.4538  30.415382     4.0819     4.1352    -0.0052    95.8756 1.0000e-12  -64.93348  -64.39968 342.970139      99.97 5.9929e+01   2800.993      67225  1031.6350  1031.6341    34.6751    34.6739    7.73354         18 0.0000e+00
    828.000    818.253     1.4538  30.415798     1.4536  30.414689     4.0777     4.1364    -0.0038    95.8756 1.0000e-12  -64.93348  -64.39968 342.970147      99.97 5.9938e+01   2801.718      67242  1031.6304  1031.6294    34.6750    34.6738    7.73361         17 0.0000e+00
    827.000    817.267     1.4537  30.415159     1.4534  30.414116     4.0766     4.1350    -0.0116    95.8756 1.0000e-12  -64.93348  -64.39968 342.970155      99.98 5.9938e+01   2802.382      67258  1031.6256  1031.6249    34.6748    34.6739    7.73363         16 0.0000e+00
    826.000    816.282     1.4535  30.414635     1.4533  30.413518     4.0839     4.1304    -0.0127    95.8756 1.0000e-12  -64.93348  -64.39968 342.970163      99.98 5.9938e+01   2803.043      67274  1031.6210  1031.6201    34.6749    34.6737    7.73366         16 0.0000e+00
    825.000    815.294     1.4534  30.414027     1.4532  30.412975     4.0862     4.1285    -0.0035    95.8756 1.0000e-12  -64.93348  -64.39968 342.970171      99.97 5.9938e+01   2803.743      67291  1031.6163  1031.6154    34.6748    34.6737    7.73369         17 0.0000e+00
    824.000    814.307     1.4533  30.413490     1.4530  30.412425     4.0814     4.1353    -0.0057    95.8791 1.0000e-12  -64.93348  -64.39968 342.970180      99.97 5.9938e+01   2804.557      67310  1031.6117  1031.6109    34.6748    34.6738    7.73371         22 0.0000e+00
    823.000    813.322     1.4535  30.413213     1.4532  30.412125     4.0889     4.1374    -0.0146    95.8823 1.0000e-12  -64.93348  -64.39968 342.970193      99.97 5.9938e+01   2805.705      67338  1031.6070  1031.6062    34.6748    34.6737    7.73368         31 0.0000e+00
    822.000    812.336     1.4533  30.412647     1.4530  30.411583     4.0861     4.1405     0.0003    95.8663 1.0000e-12  -64.93348  -64.39967 342.970216      99.97 5.9938e+01   2807.632      67384  1031.6024  1031.6016    34.6748    34.6738    7.73371         34 0.0000e+00
    821.000    811.349     1.4532  30.412064     1.4530  30.411113     4.0891     4.1451    -0.0095    95.8725 1.0000e-12  -64.93348  -64.39966 342.970231      99.98 5.9938e+01   2808.928      67415  1031.5977  1031.5970    34.6748    34.6738    7.73374         24 0.0000e+00
    820.000    810.363     1.4526  30.411036     1.4525  30.410072     4.0934     4.1427    -0.0167    95.8841 1.0000e-12  -64.93348  -64.39966 342.970241      99.97 5.9938e+01   2809.822      67437  1031.5931  1031.5923    34.6747    34.6736    7.73385         21 0.0000e+00
    819.000    809.376     1.4518  30.409694     1.4517  30.408797     4.0928     4.1394    -0.0133    95.8867 1.0000e-12  -64.93348  -64.39966 342.970251      99.97 5.9938e+01   2810.712      67458  1031.5884  1031.5876    34.6744    34.6734    7.73403         23 0.0000e+00
    818.000    808.390     1.4524  30.409981     1.4521  30.408903     4.0846     4.1354    -0.0035    95.8821 1.0000e-12  -64.93348  -64.39966 342.970280      99.98 5.9938e+01   2813.211      67518  1031.5838  1031.5830    34.6747    34.6736    7.73390         34 0.0000e+00
    817.000    807.404     1.4523  30.409478     1.4520  30.408314     4.0751     4.1358    -0.0133    95.8977 1.0000e-12  -64.93348  -64.39966 342.970305      99.97 5.9938e+01   2815.346      67569  1031.5792  1031.5783    34.6747    34.6736    7.73392         19 0.0000e+00
    816.000    806.419     1.4517  30.408476     1.4513  30.407246     4.0786     4.1382    -0.0114    95.8977 1.0000e-12  -64.93348  -64.39966 342.970312      99.97 5.9938e+01   2815.979      67584  1031.5746  1031.5737    34.6746    34.6735    7.73403         14 0.0000e+00
    815.000    805.431     1.4515  30.407671     1.4512  30.406591     4.0831     4.1424    -0.0122    95.8873 1.0000e-12  -64.93348  -64.39966 342.970319      99.97 5.9938e+01   2816.551      67598  1031.5697  1031.5689    34.6743    34.6734    7.73408         13 0.0000e+00
    814.000    804.448     1.4514  30.407095     1.4510  30.405949     4.0787     4.1434    -0.0113    95.8828 1.0000e-12  -64.93348  -64.39968 342.970325      99.98 5.9938e+01   2817.122      67612  1031.5651  1031.5643    34.6744    34.6733    7.73411         14 0.0000e+00
    813.000    803.458     1.4513  30.406470     1.4509  30.405301     4.0837     4.1440     0.0005    95.8773 1.0000e-12  -64.93347  -64.39967 342.970332      99.97 5.9938e+01   2817.706      67626  1031.5604  1031.5595    34.6742    34.6732    7.73414         15 0.0000e+00
    812.000    802.471     1.4512  30.405943     1.4508  30.404769     4.0882     4.1424     0.0005    95.8756 1.0000e-12  -64.93346  -64.39966 342.970340      99.97 5.9938e+01   2818.372      67642  1031.5558  1031.5549    34.6742    34.6731    7.73416         17 0.0000e+00
    811.000    801.487     1.4507  30.405133     1.4507  30.404261     4.0880     4.1386    -0.0124    95.8767 1.0000e-12  -64.93346  -64.39966 342.970349      99.97 5.9938e+01   2819.172      67661  1031.5512  1031.5503    34.6743    34.6732    7.73425         22 0.0000e+00
    810.000    800.500     1.4507  30.404664     1.4508  30.403929     4.0854     4.1392    -0.0141    95.8926 1.0000e-12  -64.93346  -64.39966 342.970360      99.97 5.9938e+01   2820.135      67684  1031.5465  1031.5456    34.6742    34.6732    7.73425         24 0.0000e+00
    809.000    799.512     1.4507  30.404159     1.4508  30.403427     4.0839     4.1387     0.0023    95.8851 1.0000e-12  -64.93348  -64.39964 342.970372      99.98 5.9938e+01   2821.183      67709  1031.5418  1031.5410    34.6742    34.6732    7.73426         25 0.0000e+00
    808.000    798.528     1.4507  30.403777     1.4504  30.402674     4.0865     4.1404    -0.0080    95.8817 1.0000e-12  -64.93348  -64.39962 342.970402      99.97 5.9938e+01   2823.761      67771  1031.5372  1031.5364    34.6742    34.6732    7.73425         29 0.0000e+00
    807.000    797.540     1.4507  30.403376     1.4503  30.402168     4.0830     4.1424    -0.0035    95.8929 1.0000e-12  -64.93348  -64.39964 342.970442      99.97 5.9938e+01   2827.196      67854  1031.5326  1031.5318    34.6743    34.6732    7.73425         20 0.0000e+00
    806.000    796.558     1.4507  30.402935     1.4504  30.401754     4.0837     4.1415    -0.0048    95.8840 1.0000e-12  -64.93347  -64.39964 342.970449      99.97 5.9938e+01   2827.771      67867  1031.5279  1031.5270    34.6743    34.6731    7.73425         15 0.0000e+00
    805.000    795.569     1.4505  30.402355     1.4503  30.401231     4.0825     4.1438    -0.0035    95.8866 1.0000e-12  -64.93346  -64.39964 342.970455      99.98 5.9938e+01   2828.351      67881  1031.5233  1031.5224    34.6743    34.6731    7.73428         14 0.0000e+00
    804.000    794.581     1.4503  30.401649     1.4501  30.400530     4.0850     4.1423    -0.0054    95.8992 1.0000e-12  -64.93346  -64.39964 342.970462      99.98 5.9938e+01   2828.907      67895  1031.5186  1031.5177    34.6742    34.6730    7.73433         13 0.0000e+00
    803.000    793.597     1.4502  30.401129     1.4499  30.399997     4.0871     4.1408    -0.0060    95.8776 1.0000e-12  -64.93346  -64.39964 342.970468      99.97 5.9938e+01   2829.457      67908  1031.5140  1031.5132    34.6742    34.6731    7.73435         13 0.0000e+00
    802.000    792.608     1.4500  30.400488     1.4497  30.399358     4.0869     4.1391    -0.0067    95.8756 1.0000e-12  -64.93346  -64.39964 342.970475      99.97 5.9938e+01   2830.035      67922  1031.5093  1031.5085    34.6741    34.6730    7.73439         15 0.0000e+00
    801.000    791.622     1.4499  30.399969     1.4495  30.398735     4.0853     4.1370    -0.0030    95.8741 1.0000e-12  -64.93346  -64.39963 342.970483      99.97 5.9938e+01   2830.701      67938  1031.5047  1031.5038    34.6742    34.6730    7.73441         17 0.0000e+00
    800.000    790.636     1.4500  30.399490     1.4496  30.398409     4.0842     4.1394    -0.0080    95.8836 1.0000e-12  -64.93346  -64.39962 342.970493      99.97 5.9938e+01   2831.634      67960  1031.5000  1031.4992    34.6740    34.6730    7.73441         28 0.0000e+00
    799.000    789.649     1.4500  30.399068     1.4495  30.397919     4.0864     4.1439     0.0013    95.8867 1.0000e-12  -64.93346  -64.39962 342.970512      99.97 5.9938e+01   2833.242      67999  1031.4953  1031.4946    34.6740    34.6731    7.73440         37 0.0000e+00
    798.000    788.664     1.4498  30.398552     1.4495  30.397529     4.0940     4.1393    -0.0138    95.8858 1.0000e-12  -64.93348  -64.39960 342.970531      99.97 5.9938e+01   2834.912      68039  1031.4907  1031.4900    34.6741    34.6731    7.73443         38 0.0000e+00
    797.000    787.677     1.4499  30.398136     1.4494  30.396913     4.0869     4.1385    -0.0114    95.8886 1.0000e-12  -64.93348  -64.39960 342.970552      99.97 5.9938e+01   2836.707      68082  1031.4861  1031.4853    34.6741    34.6730    7.73442         40 0.0000e+00
    796.000    786.691     1.4497  30.397500     1.4494  30.396485     4.0868     4.1419    -0.0025    95.9014 1.0000e-12  -64.93347  -64.39960 342.970573      99.97 5.9231e+01   2838.542      68126  1031.4814  1031.4807    34.6740    34.6731    7.73446         35 0.0000e+00
