NBP2113_155081_ctd/data/unbp2113_049.cnv
* Sea-Bird SBE 9 Data File:
* FileName = D:\Data\raw\NBP2113_049.hex
* Software Version Seasave V 7.26.7.121
* Temperature SN = 2438
* Conductivity SN = 2067
* Number of Bytes Per Scan = 40
* Number of Voltage Words = 5
* Number of Scans Averaged by the Deck Unit = 1
* NMEA Latitude = 64 50.72 S
* NMEA Longitude = 064 06.15 W
* NMEA UTC (Time) = Dec 11 2021  08:50:11
* NMEA baud rate = 9600
** Ship: RVIB N.B. Palmer
** Cruise: NBP2113 LTER
** Station: 617.036
** Operator: B. Urmston
# nquan = 25
# nvalues = 632                         
# units = specified
# name 0 = prDM: Pressure, Digiquartz [db]
# name 1 = depSM: Depth [salt water, m]
# name 2 = t090C: Temperature [ITS-90, deg C]
# name 3 = c0mS/cm: Conductivity [mS/cm]
# name 4 = t190C: Temperature, 2 [ITS-90, deg C]
# name 5 = c1mS/cm: Conductivity, 2 [mS/cm]
# name 6 = sbeox0ML/L: Oxygen, SBE 43 [ml/l]
# name 7 = sbeox1ML/L: Oxygen, SBE 43, 2 [ml/l]
# name 8 = flECO-AFL: Fluorescence, WET Labs ECO-AFL/FL [mg/m^3]
# name 9 = CStarTr0: Beam Transmission, WET Labs C-Star [%]
# name 10 = par: PAR/Irradiance, Biospherical/Licor
# name 11 = latitude: Latitude [deg]
# name 12 = longitude: Longitude [deg]
# name 13 = timeJ: Julian Days
# name 14 = altM: Altimeter [m]
# name 15 = spar: SPAR, Biospherical/Licor
# name 16 = timeS: Time, Elapsed [seconds]
# name 17 = scan: Scan Count
# name 18 = density00: Density [density, kg/m^3]
# name 19 = density11: Density, 2 [density, kg/m^3]
# name 20 = sal00: Salinity, Practical [PSU]
# name 21 = sal11: Salinity, Practical, 2 [PSU]
# name 22 = oxsolML/L: Oxygen Saturation, Garcia & Gordon [ml/l]
# name 23 = nbin: number of scans per bin
# name 24 = flag: flag
# span 0 =      1.000,    632.000       
# span 1 =      0.991,    624.857       
# span 2 =    -0.1410,     1.4096       
# span 3 =  28.151152,  30.278245       
# span 4 =    -0.1418,     1.4090       
# span 5 =  28.148785,  30.276778       
# span 6 =     4.1453,     9.7507       
# span 7 =     4.2128,     9.5724       
# span 8 =    -0.0227,     1.4289       
# span 9 =    86.8458,    91.3455       
# span 10 = 1.0000e-12, 1.1447e+02      
# span 11 =  -64.84542,  -64.84484      
# span 12 =  -64.10244,  -64.10142      
# span 13 = 345.382404, 345.396484      
# span 14 =       9.12,      99.97      
# span 15 = 6.8752e+01, 8.6202e+01      
# span 16 =   1228.673,   2445.228      
# span 17 =      29489,      58686      
# span 18 =  1027.2166,  1030.7131      
# span 19 =  1027.2154,  1030.7119      
# span 20 =    33.8886,    34.6656      
# span 21 =    33.8868,    34.6640      
# span 22 =    7.74279,    8.09802      
# span 23 =         14,         49      
# span 24 = 0.0000e+00, 0.0000e+00      
# interval = decibars: 1                
# start_time = Dec 11 2021 08:50:11 [NMEA time, header]
# bad_flag = -9.990e-29
*END*
[from data line 174]
    458.000    453.012     1.3977  30.194390     1.3980  30.193606     4.1664     4.2255    -0.0091    91.2718 1.0000e-12  -64.84502  -64.10164 345.385896      99.97 7.5804e+01   1530.418      36731  1029.9019  1029.9008    34.6638    34.6624    7.74524         28 0.0000e+00
    457.000    452.026     1.3974  30.193696     1.3974  30.192472     4.1655     4.2268    -0.0202    91.2396 1.0000e-12  -64.84502  -64.10163 345.385911      99.97 7.5804e+01   1531.749      36763  1029.8973  1029.8960    34.6638    34.6621    7.74529         32 0.0000e+00
    456.000    451.038     1.3975  30.193303     1.3973  30.191976     4.1703     4.2275    -0.0148    91.2490 1.0000e-12  -64.84502  -64.10163 345.385929      99.97 7.5804e+01   1533.233      36799  1029.8925  1029.8913    34.6637    34.6622    7.74527         34 0.0000e+00
    455.000    450.049     1.3974  30.192680     1.3973  30.191514     4.1693     4.2267    -0.0112    91.2613 1.0000e-12  -64.84500  -64.10163 345.385945      99.97 7.5804e+01   1534.686      36833  1029.8878  1029.8867    34.6636    34.6622    7.74530         28 0.0000e+00
    454.000    449.061     1.3976  30.192520     1.3972  30.190974     4.1707     4.2337    -0.0015    91.2853 1.0000e-12  -64.84500  -64.10163 345.385960      99.97 7.5804e+01   1535.921      36863  1029.8832  1029.8820    34.6638    34.6622    7.74526         28 0.0000e+00
    453.000    448.075     1.3975  30.191958     1.3972  30.190577     4.1726     4.2265    -0.0038    91.2900 1.0000e-12  -64.84500  -64.10164 345.385972      99.97 7.5804e+01   1536.988      36889  1029.8785  1029.8774    34.6637    34.6623    7.74528         24 0.0000e+00
    452.000    447.085     1.3979  30.191836     1.3974  30.190341     4.1700     4.2292    -0.0100    91.3062 1.0000e-12  -64.84500  -64.10164 345.385983      99.97 7.5804e+01   1537.936      36911  1029.8738  1029.8727    34.6637    34.6623    7.74520         22 0.0000e+00
    451.000    446.097     1.3978  30.191515     1.3976  30.190144     4.1624     4.2291    -0.0147    91.2772 1.0000e-12  -64.84500  -64.10164 345.385994      99.97 7.5804e+01   1538.840      36933  1029.8693  1029.8680    34.6639    34.6624    7.74520         21 0.0000e+00
    450.000    445.111     1.3965  30.189622     1.3961  30.188122     4.1717     4.2274    -0.0150    91.2674 1.0000e-12  -64.84500  -64.10164 345.386004      99.97 7.5804e+01   1539.775      36956  1029.8645  1029.8633    34.6636    34.6621    7.74549         24 0.0000e+00
    449.000    444.120     1.3947  30.187170     1.3945  30.185919     4.1790     4.2292    -0.0150    91.2615 1.0000e-12  -64.84500  -64.10163 345.386016      99.97 7.5804e+01   1540.805      36980  1029.8595  1029.8584    34.6630    34.6616    7.74586         26 0.0000e+00
    448.000    443.134     1.3937  30.185680     1.3954  30.186190     4.1709     4.2308    -0.0115    91.2672 1.0000e-12  -64.84500  -64.10162 345.386030      99.97 7.5804e+01   1541.997      37009  1029.8547  1029.8536    34.6628    34.6616    7.74607         31 0.0000e+00
    447.000    442.145     1.3943  30.185784     1.3958  30.186336     4.1772     4.2329    -0.0047    91.2653 1.0000e-12  -64.84500  -64.10160 345.386048      99.97 7.5804e+01   1543.574      37047  1029.8500  1029.8491    34.6628    34.6618    7.74595         44 0.0000e+00
    446.000    441.157     1.3949  30.186029     1.3941  30.184081     4.1717     4.2303    -0.0053    91.2568 1.0000e-12  -64.84500  -64.10161 345.386073      99.97 7.5804e+01   1545.716      37098  1029.8455  1029.8443    34.6631    34.6614    7.74583         40 0.0000e+00
    445.000    440.170     1.3940  30.184644     1.3934  30.182841     4.1731     4.2292    -0.0058    91.2569 1.0000e-12  -64.84500  -64.10162 345.386090      99.97 7.5804e+01   1547.206      37134  1029.8407  1029.8394    34.6628    34.6612    7.74601         27 0.0000e+00
    444.000    439.182     1.3933  30.183521     1.3930  30.182003     4.1697     4.2378    -0.0140    91.2821 1.0000e-12  -64.84500  -64.10162 345.386101      99.97 7.5804e+01   1548.153      37157  1029.8359  1029.8348    34.6627    34.6612    7.74615         20 0.0000e+00
    443.000    438.191     1.3917  30.181420     1.3914  30.179992     4.1686     4.2374    -0.0150    91.2923 1.0000e-12  -64.84500  -64.10162 345.386111      99.97 7.5804e+01   1548.948      37176  1029.8312  1029.8301    34.6624    34.6610    7.74648         18 0.0000e+00
    442.000    437.205     1.3910  30.180175     1.3907  30.178692     4.1736     4.2343    -0.0130    91.2814 1.0000e-12  -64.84500  -64.10162 345.386120      99.97 7.5804e+01   1549.768      37195  1029.8264  1029.8252    34.6621    34.6606    7.74663         21 0.0000e+00
    441.000    436.216     1.3914  30.180008     1.3916  30.179062     4.1824     4.2347    -0.0066    91.2845 1.0000e-12  -64.84499  -64.10162 345.386132      99.97 7.5804e+01   1550.825      37221  1029.8216  1029.8204    34.6620    34.6607    7.74656         31 0.0000e+00
    440.000    435.230     1.3914  30.179549     1.3912  30.178373     4.1794     4.2401    -0.0119    91.2706 1.0000e-12  -64.84499  -64.10161 345.386154      99.97 7.5804e+01   1552.689      37266  1029.8169  1029.8159    34.6621    34.6608    7.74657         40 0.0000e+00
    439.000    434.240     1.3915  30.179357     1.3914  30.178111     4.1787     4.2370    -0.0077    91.2801 1.0000e-12  -64.84500  -64.10160 345.386179      99.97 7.5804e+01   1554.831      37317  1029.8124  1029.8111    34.6623    34.6608    7.74654         30 0.0000e+00
    438.000    433.253     1.3909  30.178248     1.3905  30.176741     4.1836     4.2431    -0.0070    91.2724 1.0000e-12  -64.84500  -64.10160 345.386195      99.97 7.5804e+01   1556.241      37351  1029.8076  1029.8064    34.6621    34.6606    7.74666         30 0.0000e+00
    437.000    432.264     1.3894  30.176408     1.3892  30.175134     4.1856     4.2440    -0.0097    91.2894 1.0000e-12  -64.84499  -64.10160 345.386209      99.97 7.5804e+01   1557.493      37381  1029.8029  1029.8018    34.6620    34.6605    7.74696         32 0.0000e+00
    436.000    431.276     1.3870  30.173202     1.3869  30.172064     4.1773     4.2399    -0.0184    91.2519 1.0000e-12  -64.84498  -64.10160 345.386228      99.97 7.4961e+01   1559.115      37420  1029.7978  1029.7968    34.6611    34.6598    7.74748         39 0.0000e+00
    435.000    430.288     1.3893  30.175381     1.3892  30.173971     4.1828     4.2417    -0.0095    91.3074 1.0000e-12  -64.84498  -64.10160 345.386255      99.97 7.4001e+01   1561.443      37476  1029.7935  1029.7922    34.6619    34.6603    7.74698         46 0.0000e+00
    434.000    429.300     1.3866  30.172039     1.3849  30.169180     4.2037     4.2504     0.0050    91.2861 1.0000e-12  -64.84498  -64.10160 345.386277      99.97 7.4041e+01   1563.317      37521  1029.7886  1029.7873    34.6613    34.6595    7.74756         33 0.0000e+00
    433.000    428.312     1.3804  30.165111     1.3815  30.164903     4.2034     4.2508    -0.0047    91.3109 1.0000e-12  -64.84498  -64.10160 345.386289      99.97 7.4041e+01   1564.395      37546  1029.7834  1029.7821    34.6598    34.6583    7.74884         22 0.0000e+00
    432.000    427.324     1.3752  30.158808     1.3754  30.158218     4.1913     4.2531    -0.0088    91.3051 1.0000e-12  -64.84498  -64.10160 345.386299      99.97 7.4041e+01   1565.262      37567  1029.7779  1029.7771    34.6581    34.6572    7.74997         20 0.0000e+00
    431.000    426.335     1.3743  30.157340     1.3740  30.155992     4.1912     4.2527    -0.0023    91.3110 1.0000e-12  -64.84498  -64.10160 345.386309      99.97 7.4041e+01   1566.132      37588  1029.7730  1029.7720    34.6578    34.6564    7.75016         23 0.0000e+00
    430.000    425.347     1.3758  30.158372     1.3763  30.157822     4.2045     4.2517    -0.0098    91.2928 1.0000e-12  -64.84498  -64.10160 345.386324      99.97 7.4041e+01   1567.390      37618  1029.7683  1029.7673    34.6581    34.6568    7.74985         34 0.0000e+00
    429.000    424.359     1.3756  30.157852     1.3766  30.157821     4.1939     4.2528    -0.0101    91.2922 1.0000e-12  -64.84498  -64.10158 345.386362      99.97 7.4041e+01   1570.651      37697  1029.7636  1029.7627    34.6581    34.6570    7.74988         39 0.0000e+00
    428.000    423.370     1.3759  30.157900     1.3763  30.157175     4.1957     4.2557    -0.0086    91.2989 1.0000e-12  -64.84498  -64.10158 345.386380      99.97 7.4041e+01   1572.228      37734  1029.7591  1029.7581    34.6584    34.6571    7.74980         31 0.0000e+00
    427.000    422.383     1.3749  30.156361     1.3750  30.155306     4.1921     4.2599    -0.0009    91.3021 1.0000e-12  -64.84498  -64.10158 345.386395      99.97 7.4041e+01   1573.560      37766  1029.7543  1029.7532    34.6581    34.6568    7.75002         36 0.0000e+00
    426.000    421.394     1.3748  30.155804     1.3749  30.154786     4.1976     4.2593    -0.0025    91.2966 1.0000e-12  -64.84498  -64.10158 345.386414      99.97 7.4041e+01   1575.191      37806  1029.7496  1029.7485    34.6582    34.6567    7.75004         35 0.0000e+00
    425.000    420.408     1.3741  30.154632     1.3747  30.154085     4.2099     4.2645    -0.0104    91.2930 1.0000e-12  -64.84498  -64.10160 345.386431      99.97 7.4041e+01   1576.614      37840  1029.7449  1029.7437    34.6580    34.6567    7.75019         29 0.0000e+00
    424.000    419.418     1.3712  30.151215     1.3737  30.152861     4.2134     4.2598    -0.0095    91.3070 1.0000e-12  -64.84498  -64.10160 345.386443      99.97 7.4041e+01   1577.675      37865  1029.7400  1029.7392    34.6574    34.6568    7.75079         24 0.0000e+00
    423.000    418.430     1.3673  30.146462     1.3673  30.145506     4.2011     4.2595    -0.0072    91.3126 1.0000e-12  -64.84497  -64.10159 345.386455      99.97 7.4041e+01   1578.686      37889  1029.7348  1029.7338    34.6563    34.6550    7.75162         25 0.0000e+00
    422.000    417.443     1.3685  30.146962     1.3683  30.145827     4.2022     4.2588    -0.0019    91.3066 1.0000e-12  -64.84496  -64.10158 345.386470      99.97 7.4041e+01   1580.023      37922  1029.7298  1029.7289    34.6561    34.6549    7.75138         32 0.0000e+00
    421.000    416.452     1.3705  30.148931     1.3691  30.146317     4.2043     4.2605    -0.0110    91.3025 1.0000e-12  -64.84496  -64.10158 345.386508      99.97 7.3491e+01   1583.299      38000  1029.7257  1029.7243    34.6570    34.6552    7.75095         33 0.0000e+00
    420.000    415.466     1.3689  30.146876     1.3689  30.145746     4.2027     4.2622    -0.0146    91.3042 1.0000e-12  -64.84496  -64.10158 345.386528      99.97 7.3691e+01   1585.040      38042  1029.7208  1029.7197    34.6567    34.6552    7.75127         30 0.0000e+00
    419.000    414.478     1.3681  30.145711     1.3680  30.144504     4.2115     4.2644    -0.0102    91.3090 1.0000e-12  -64.84496  -64.10158 345.386542      99.97 7.3251e+01   1586.249      38071  1029.7162  1029.7151    34.6566    34.6553    7.75143         29 0.0000e+00
    418.000    413.489     1.3648  30.141529     1.3652  30.140950     4.2130     4.2679    -0.0078    91.3176 1.0000e-12  -64.84496  -64.10158 345.386558      99.97 7.3772e+01   1587.634      38104  1029.7110  1029.7099    34.6556    34.6544    7.75215         36 0.0000e+00
    417.000    412.500     1.3653  30.141907     1.3664  30.141621     4.2087     4.2677    -0.0077    91.2924 1.0000e-12  -64.84496  -64.10157 345.386580      99.97 7.4051e+01   1589.484      38149  1029.7065  1029.7053    34.6560    34.6545    7.75202         40 0.0000e+00
    416.000    411.513     1.3635  30.139234     1.3638  30.138641     4.2055     4.2712    -0.0097    91.3081 1.0000e-12  -64.84496  -64.10156 345.386602      99.97 7.4041e+01   1591.419      38195  1029.7014  1029.7005    34.6553    34.6542    7.75243         35 0.0000e+00
    415.000    410.525     1.3667  30.142432     1.3659  30.140365     4.2117     4.2681    -0.0060    91.3171 1.0000e-12  -64.84494  -64.10156 345.386655      99.97 7.4041e+01   1596.022      38306  1029.6972  1029.6959    34.6563    34.6546    7.75173         34 0.0000e+00
    414.000    409.537     1.3650  30.140099     1.3652  30.139201     4.2151     4.2668    -0.0072    91.3102 1.0000e-12  -64.84496  -64.10156 345.386672      99.97 7.3843e+01   1597.431      38339  1029.6923  1029.6912    34.6558    34.6545    7.75209         27 0.0000e+00
    413.000    408.547     1.3637  30.138341     1.3637  30.137237     4.2184     4.2670    -0.0074    91.3061 1.0000e-12  -64.84495  -64.10156 345.386684      99.97 7.2968e+01   1598.528      38366  1029.6876  1029.6865    34.6556    34.6542    7.75237         26 0.0000e+00
    412.000    407.557     1.3635  30.137582     1.3634  30.136268     4.2121     4.2672     0.0025    91.3138 1.0000e-12  -64.84494  -64.10155 345.386705      99.97 7.2422e+01   1600.282      38408  1029.6827  1029.6815    34.6554    34.6539    7.75241         37 0.0000e+00
    411.000    406.571     1.3640  30.137664     1.3639  30.136499     4.2114     4.2710    -0.0087    91.3103 1.0000e-12  -64.84494  -64.10154 345.386747      99.97 7.2596e+01   1603.910      38495  1029.6781  1029.6770    34.6556    34.6542    7.75231         40 0.0000e+00
    410.000    405.584     1.3636  30.136850     1.3629  30.134861     4.2123     4.2675    -0.0149    91.3095 1.0000e-12  -64.84494  -64.10154 345.386777      99.97 7.3052e+01   1606.529      38558  1029.6734  1029.6721    34.6556    34.6538    7.75239         43 0.0000e+00
    409.000    404.596     1.3632  30.136062     1.3630  30.134663     4.2106     4.2708    -0.0093    91.3050 1.0000e-12  -64.84494  -64.10154 345.386801      99.97 7.3964e+01   1608.605      38608  1029.6687  1029.6675    34.6555    34.6539    7.75246         38 0.0000e+00
    408.000    403.609     1.3632  30.135481     1.3630  30.134120     4.2091     4.2691    -0.0078    91.3148 1.0000e-12  -64.84494  -64.10154 345.386839      99.96 7.4038e+01   1611.850      38685  1029.6639  1029.6628    34.6554    34.6539    7.75247         28 0.0000e+00
    407.000    402.619     1.3627  30.134448     1.3623  30.133014     4.2156     4.2685    -0.0077    91.3159 1.0000e-12  -64.84494  -64.10154 345.386863      99.97 7.4041e+01   1614.005      38737  1029.6591  1029.6581    34.6552    34.6538    7.75259         38 0.0000e+00
    406.000    401.629     1.3625  30.133866     1.3623  30.132566     4.2127     4.2699    -0.0087    91.3211 1.0000e-12  -64.84494  -64.10154 345.386897      99.97 7.4363e+01   1616.877      38806  1029.6545  1029.6534    34.6552    34.6538    7.75262         34 0.0000e+00
    405.000    400.642     1.3625  30.133345     1.3623  30.132132     4.2073     4.2739    -0.0093    91.3187 1.0000e-12  -64.84494  -64.10154 345.386976      99.97 7.5811e+01   1623.726      38970  1029.6498  1029.6487    34.6552    34.6538    7.75263         32 0.0000e+00
    404.000    399.653     1.3621  30.132557     1.3619  30.131190     4.2180     4.2724    -0.0139    91.3045 1.0000e-12  -64.84494  -64.10154 345.386993      99.97 7.5804e+01   1625.196      39006  1029.6451  1029.6439    34.6551    34.6537    7.75270         39 0.0000e+00
    403.000    398.665     1.3606  30.130430     1.3600  30.128676     4.2139     4.2748    -0.0079    91.2966 1.0000e-12  -64.84490  -64.10150 345.387239      99.97 7.5804e+01   1646.477      39516  1029.6402  1029.6390    34.6547    34.6531    7.75303         29 0.0000e+00
    402.000    397.677     1.3591  30.128433     1.3593  30.127579     4.2204     4.2815    -0.0149    91.2948 1.0000e-12  -64.84490  -64.10150 345.387260      99.97 7.5804e+01   1648.242      39559  1029.6354  1029.6343    34.6544    34.6531    7.75334         30 0.0000e+00
