NBP2113_155081_ctd/data/unbp2113_026.cnv
* Sea-Bird SBE 9 Data File:
* FileName = D:\Data\raw\NBP2113_026.hex
* Software Version Seasave V 7.26.7.121
* Temperature SN = 2438
* Conductivity SN = 2067
* Number of Bytes Per Scan = 40
* Number of Voltage Words = 5
* Number of Scans Averaged by the Deck Unit = 1
* NMEA Latitude = 68 01.82 S
* NMEA Longitude = 069 17.18 W
* NMEA UTC (Time) = Dec 04 2021  00:09:45
* NMEA baud rate = 9600
** Ship: RVIB N.B. Palmer
** Cruise: NBP2113 LTER
** Station: 200.-040
** Operator: S. Blackman
# nquan = 25
# nvalues = 462                         
# units = specified
# name 0 = prDM: Pressure, Digiquartz [db]
# name 1 = depSM: Depth [salt water, m]
# name 2 = t090C: Temperature [ITS-90, deg C]
# name 3 = c0mS/cm: Conductivity [mS/cm]
# name 4 = t190C: Temperature, 2 [ITS-90, deg C]
# name 5 = c1mS/cm: Conductivity, 2 [mS/cm]
# name 6 = sbeox0ML/L: Oxygen, SBE 43 [ml/l]
# name 7 = sbeox1ML/L: Oxygen, SBE 43, 2 [ml/l]
# name 8 = flECO-AFL: Fluorescence, WET Labs ECO-AFL/FL [mg/m^3]
# name 9 = CStarTr0: Beam Transmission, WET Labs C-Star [%]
# name 10 = par: PAR/Irradiance, Biospherical/Licor
# name 11 = latitude: Latitude [deg]
# name 12 = longitude: Longitude [deg]
# name 13 = timeJ: Julian Days
# name 14 = altM: Altimeter [m]
# name 15 = spar: SPAR, Biospherical/Licor
# name 16 = timeS: Time, Elapsed [seconds]
# name 17 = scan: Scan Count
# name 18 = density00: Density [density, kg/m^3]
# name 19 = density11: Density, 2 [density, kg/m^3]
# name 20 = sal00: Salinity, Practical [PSU]
# name 21 = sal11: Salinity, Practical, 2 [PSU]
# name 22 = oxsolML/L: Oxygen Saturation, Garcia & Gordon [ml/l]
# name 23 = nbin: number of scans per bin
# name 24 = flag: flag
# span 0 =      1.000,    462.000       
# span 1 =      0.988,    456.865       
# span 2 =    -1.2327,     1.4052       
# span 3 =  27.181627,  30.200774       
# span 4 =    -1.2336,     1.4053       
# span 5 =  27.176603,  30.199163       
# span 6 =    -5.6839,    29.7610       
# span 7 =     4.0479,    10.4876       
# span 8 =    -0.0200,     2.4389       
# span 9 =    88.8434,    96.9098       
# span 10 = 1.0000e-12, 1.2093e+02      
# span 11 =  -68.02984,  -68.02888      
# span 12 =  -69.29210,  -69.28794      
# span 13 = 338.019570, 338.031518      
# span 14 =      -0.47,     104.33      
# span 15 = 1.1282e+02, 1.6044e+02      
# span 16 =   1105.826,   2138.186      
# span 17 =      26541,      51317      
# span 18 =  1027.1737,  1029.9449      
# span 19 =  1027.1726,  1029.9438      
# span 20 =    33.7863,    34.6922      
# span 21 =    33.7847,    34.6909      
# span 22 =    7.74244,    8.34155      
# span 23 =         11,         45      
# span 24 = 0.0000e+00, 0.0000e+00      
# interval = decibars: 1                
# start_time = Dec 04 2021 00:09:45 [NMEA time, header]
# bad_flag = -9.990e-29
*END*
[from data line 232]
    230.000    227.573     0.6845  29.343042     0.6896  29.345565     4.5846     4.5956     0.0150    96.4957 1.0000e-12  -68.02943  -69.28976 338.024880      99.97 1.3574e+02   1564.633      37552  1028.7485  1028.7464    34.4913    34.4889    7.89730         35 0.0000e+00
    229.000    226.583     0.6600  29.315486     0.6811  29.336061     4.7102     4.6732     0.0094    96.4997 1.0000e-12  -68.02944  -69.28976 338.024906      99.97 1.3574e+02   1566.875      37606  1028.7389  1028.7399    34.4833    34.4867    7.90273         39 0.0000e+00
    228.000    225.595     0.6117  29.265699     0.6203  29.273237     4.8375     4.8061     0.0221    96.4683 1.0000e-12  -68.02944  -69.28976 338.024921      99.98 1.3574e+02   1568.170      37637  1028.7299  1028.7295    34.4730    34.4732    7.91317         26 0.0000e+00
    227.000    224.604     0.5514  29.200566     0.5606  29.208275     4.8747     4.8394     0.0010    96.4792 1.0000e-12  -68.02942  -69.28978 338.024933      99.98 1.3574e+02   1569.235      37663  1028.7165  1028.7158    34.4558    34.4556    7.92644         27 0.0000e+00
    226.000    223.616     0.5121  29.155110     0.4641  29.108367     4.9381     4.8654     0.0241    96.4790 1.0000e-12  -68.02942  -69.28979 338.024948      99.97 1.3574e+02   1570.528      37694  1028.7027  1028.7012    34.4409    34.4334    7.93532         37 0.0000e+00
    225.000    222.628     0.4516  29.092679     0.5080  29.147462     5.1172     5.0248     0.0427    96.4699 1.0000e-12  -68.02942  -69.28980 338.024967      99.98 1.3574e+02   1572.127      37732  1028.6915  1028.6936    34.4273    34.4360    7.94850         29 0.0000e+00
    224.000    221.638     0.3742  29.013621     0.3742  29.012063     5.3206     5.1775     0.0389    96.4953 1.0000e-12  -68.02942  -69.28982 338.024979      99.98 1.3574e+02   1573.181      37757  1028.6797  1028.6785    34.4107    34.4087    7.96535         19 0.0000e+00
    223.000    220.651     0.3526  28.985447     0.2930  28.924544     5.4073     5.2556     0.0276    96.4856 1.0000e-12  -68.02942  -69.28982 338.024987      99.98 1.3574e+02   1573.892      37774  1028.6666  1028.6612    34.3986    34.3851    7.97052         16 0.0000e+00
    222.000    219.661     0.2169  28.845921     0.2057  28.835300     5.4709     5.2936     0.0145    96.4427 1.0000e-12  -68.02942  -69.28982 338.024994      99.98 1.3574e+02   1574.513      37789  1028.6483  1028.6482    34.3674    34.3660    8.00039         14 0.0000e+00
    221.000    218.672     0.1722  28.802549     0.1562  28.785331     5.4604     5.2874     0.0270    96.3784 1.0000e-12  -68.02942  -69.28984 338.025001      99.97 1.3574e+02   1575.127      37804  1028.6414  1028.6389    34.3608    34.3560    8.01005         15 0.0000e+00
    220.000    217.681     0.1808  28.817708     0.1233  28.752740     5.3436     5.2425     0.0551    96.2870 1.0000e-12  -68.02942  -69.28984 338.025010      99.97 1.3574e+02   1575.884      37822  1028.6436  1028.6315    34.3718    34.3505    8.00765         23 0.0000e+00
    219.000    216.697     0.2048  28.835907     0.2621  28.896381     5.5016     5.3888     0.0512    96.2479 1.0000e-12  -68.02942  -69.28982 338.025056      99.98 1.3574e+02   1579.808      37916  1028.6318  1028.6392    34.3695    34.3851    8.00278         23 0.0000e+00
    218.000    215.704     0.1723  28.798497     0.1922  28.818638     5.7423     5.5433     0.0280    96.2480 1.0000e-12  -68.02942  -69.28984 338.025071      99.97 1.3574e+02   1581.105      37948  1028.6191  1028.6211    34.3572    34.3614    8.01024         15 0.0000e+00
    217.000    214.718     0.0902  28.716191     0.1034  28.730515     5.7997     5.5795     0.0311    96.2088 1.0000e-12  -68.02942  -69.28984 338.025077      99.97 1.3574e+02   1581.618      37960  1028.6082  1028.6107    34.3411    34.3452    8.02829         13 0.0000e+00
    216.000    213.727     0.0400  28.661749     0.0498  28.671568     5.8306     5.6001     0.0435    96.1592 1.0000e-12  -68.02942  -69.28984 338.025083      99.97 1.3574e+02   1582.163      37973  1028.5951  1028.5961    34.3259    34.3279    8.03967         13 0.0000e+00
    215.000    212.736    -0.0189  28.602982    -0.0279  28.592862     5.8346     5.6159     0.0523    96.0227 1.0000e-12  -68.02942  -69.28985 338.025090      99.98 1.3574e+02   1582.745      37987  1028.5856  1028.5842    34.3147    34.3114    8.05267         15 0.0000e+00
    214.000    211.750    -0.0368  28.584847    -0.0246  28.597800     5.7851     5.6241     0.0791    95.9036 1.0000e-12  -68.02942  -69.28986 338.025098      99.97 1.3574e+02   1583.472      38004  1028.5791  1028.5810    34.3114    34.3148    8.05663         21 0.0000e+00
    213.000    210.761    -0.0019  28.620070     0.0078  28.628729     5.6110     5.5673     0.0851    95.7992 1.0000e-12  -68.02942  -69.28986 338.025113      99.97 1.3574e+02   1584.749      38035  1028.5765  1028.5764    34.3195    34.3201    8.04883         35 0.0000e+00
    212.000    209.771     0.0690  28.693280     0.0701  28.694547     5.4775     5.5712     0.0855    95.8068 1.0000e-12  -68.02942  -69.28986 338.025140      99.97 1.3449e+02   1587.066      38091  1028.5787  1028.5791    34.3376    34.3379    8.03293         40 0.0000e+00
    211.000    208.782     0.0762  28.698949     0.0371  28.658676     5.7544     5.7403     0.1093    95.8303 1.0000e-12  -68.02942  -69.28987 338.025158      99.97 1.3414e+02   1588.637      38128  1028.5728  1028.5687    34.3376    34.3280    8.03142         32 0.0000e+00
    210.000    207.794    -0.0279  28.591587    -0.0507  28.567509     5.9124     5.8233     0.0926    95.8072 1.0000e-12  -68.02942  -69.28988 338.025171      99.97 1.3459e+02   1589.814      38157  1028.5565  1028.5534    34.3127    34.3063    8.05467         26 0.0000e+00
    209.000    206.804    -0.0820  28.533942    -0.1007  28.514380     5.9605     5.8558     0.0927    95.7269 1.0000e-12  -68.02942  -69.28988 338.025183      99.97 1.3464e+02   1590.849      38181  1028.5437  1028.5410    34.2975    34.2925    8.06694         24 0.0000e+00
    208.000    205.815    -0.1094  28.506590    -0.1155  28.499302     5.9427     5.8528     0.1053    95.6948 1.0000e-12  -68.02942  -69.28988 338.025197      99.97 1.3410e+02   1592.006      38209  1028.5362  1028.5343    34.2925    34.2896    8.07299         33 0.0000e+00
    207.000    204.827    -0.1058  28.510348    -0.1009  28.514155     5.8861     5.8601     0.1282    95.6823 1.0000e-12  -68.02942  -69.28987 338.025219      99.97 1.3398e+02   1593.893      38254  1028.5313  1028.5304    34.2941    34.2936    8.07215         43 0.0000e+00
    206.000    203.837    -0.1009  28.513600    -0.1126  28.500603     5.9475     5.9318     0.0964    95.6570 1.0000e-12  -68.02940  -69.28988 338.025240      99.97 1.3398e+02   1595.712      38298  1028.5248  1028.5223    34.2935    34.2894    8.07115         27 0.0000e+00
    205.000    202.848    -0.1289  28.484730    -0.1324  28.480069     6.0083     5.9661     0.0845    95.7165 1.0000e-12  -68.02940  -69.28988 338.025249      99.97 1.3398e+02   1596.541      38318  1028.5170  1028.5153    34.2872    34.2848    8.07742         17 0.0000e+00
    204.000    201.860    -0.1545  28.457163    -0.1719  28.439129     6.0369     5.9805     0.0881    95.6691 1.0000e-12  -68.02940  -69.28990 338.025257      99.97 1.3398e+02   1597.173      38333  1028.5081  1028.5059    34.2799    34.2754    8.08325         13 0.0000e+00
    203.000    200.869    -0.1793  28.431003    -0.1885  28.421119     6.0474     5.9898     0.0912    95.6733 1.0000e-12  -68.02939  -69.28992 338.025263      99.97 1.3398e+02   1597.735      38347  1028.5000  1028.4984    34.2735    34.2707    8.08887         14 0.0000e+00
    202.000    199.881    -0.1988  28.410520    -0.2084  28.399810     6.0511     5.9923     0.0892    95.6736 1.0000e-12  -68.02938  -69.28994 338.025270      99.97 1.3398e+02   1598.284      38360  1028.4927  1028.4906    34.2687    34.2653    8.09327         13 0.0000e+00
    201.000    198.892    -0.2184  28.389849    -0.2176  28.389951     6.0347     5.9865     0.0911    95.7142 1.0000e-12  -68.02938  -69.28994 338.025276      99.97 1.3398e+02   1598.889      38374  1028.4852  1028.4844    34.2637    34.2631    8.09770         16 0.0000e+00
    200.000    197.904    -0.2065  28.401505    -0.2039  28.403529     6.0051     5.9850     0.1151    95.7089 1.0000e-12  -68.02939  -69.28994 338.025288      99.97 1.3398e+02   1599.882      38398  1028.4812  1028.4807    34.2665    34.2663    8.09502         28 0.0000e+00
    199.000    196.914    -0.1921  28.416640    -0.1918  28.416343     6.0812     6.0621     0.0931    95.6502 1.0000e-12  -68.02940  -69.28990 338.025344      99.98 1.3398e+02   1604.745      38515  1028.4774  1028.4766    34.2711    34.2704    8.09171         19 0.0000e+00
    198.000    195.926    -0.2164  28.389865    -0.2137  28.392100     6.1857     6.1184     0.0733    95.6767 1.0000e-12  -68.02940  -69.28990 338.025352      99.97 1.3398e+02   1605.421      38531  1028.4683  1028.4678    34.2634    34.2634    8.09731         15 0.0000e+00
    197.000    194.937    -0.2467  28.357963    -0.2459  28.358480     6.2382     6.1597     0.0840    95.6844 1.0000e-12  -68.02940  -69.28990 338.025359      99.97 1.3398e+02   1606.028      38546  1028.4594  1028.4591    34.2555    34.2553    8.10420         14 0.0000e+00
    196.000    193.946    -0.2825  28.319435    -0.2807  28.320375     6.2347     6.1809     0.0900    95.6886 1.0000e-12  -68.02939  -69.28991 338.025366      99.97 1.3398e+02   1606.636      38560  1028.4488  1028.4480    34.2449    34.2442    8.11241         15 0.0000e+00
    195.000    192.957    -0.3221  28.278281    -0.3208  28.278611     6.1958     6.1894     0.1019    95.6448 1.0000e-12  -68.02938  -69.28992 338.025374      99.98 1.3398e+02   1607.281      38576  1028.4390  1028.4379    34.2350    34.2340    8.12141         16 0.0000e+00
    194.000    191.968    -0.3405  28.259007    -0.3397  28.258485     6.1433     6.1802     0.1110    95.6452 1.0000e-12  -68.02938  -69.28994 338.025382      99.97 1.3398e+02   1608.021      38594  1028.4317  1028.4302    34.2306    34.2290    8.12560         20 0.0000e+00
    193.000    190.979    -0.2952  28.309531    -0.3398  28.258370     6.1586     6.1675     0.1144    95.6547 1.0000e-12  -68.02938  -69.28994 338.025394      99.97 1.3398e+02   1609.000      38617  1028.4365  1028.4254    34.2478    34.2296    8.11496         28 0.0000e+00
    192.000    189.991    -0.3022  28.299661    -0.3136  28.285334     6.2408     6.1775     0.1274    95.5775 1.0000e-12  -68.02938  -69.28996 338.025409      99.97 1.3398e+02   1610.308      38648  1028.4282  1028.4237    34.2431    34.2367    8.11671         34 0.0000e+00
    191.000    189.001    -0.3481  28.251963    -0.3191  28.279606     6.2324     6.1807     0.1435    95.5539 1.0000e-12  -68.02938  -69.28998 338.025425      99.98 1.3398e+02   1611.680      38681  1028.4173  1028.4183    34.2316    34.2359    8.12718         32 0.0000e+00
    190.000    188.013    -0.3482  28.249769    -0.3350  28.261329     6.2220     6.1971     0.1480    95.5390 1.0000e-12  -68.02938  -69.28998 338.025443      99.97 1.3398e+02   1613.290      38720  1028.4102  1028.4095    34.2293    34.2300    8.12731         33 0.0000e+00
    189.000    187.024    -0.3515  28.245535    -0.3350  28.261537     6.2392     6.2483     0.1347    95.6270 1.0000e-12  -68.02938  -69.28996 338.025483      99.97 1.3398e+02   1616.714      38802  1028.4036  1028.4046    34.2280    34.2308    8.12810         36 0.0000e+00
    188.000    186.035    -0.3421  28.253652    -0.3374  28.258341     6.3536     6.3457     0.1099    95.5915 1.0000e-12  -68.02938  -69.28997 338.025497      99.97 1.3398e+02   1617.950      38832  1028.3986  1028.3991    34.2289    34.2299    8.12604         21 0.0000e+00
    187.000    185.045    -0.3878  28.204532    -0.4003  28.190739     6.4170     6.3923     0.1023    95.5639 1.0000e-12  -68.02938  -69.28998 338.025506      99.97 1.3398e+02   1618.701      38850  1028.3863  1028.3838    34.2152    34.2108    8.13660         17 0.0000e+00
    186.000    184.057    -0.4239  28.167161    -0.4339  28.156345     6.4690     6.4181     0.0959    95.5903 1.0000e-12  -68.02938  -69.28998 338.025514      99.97 1.3398e+02   1619.367      38866  1028.3769  1028.3752    34.2063    34.2031    8.14483         15 0.0000e+00
    185.000    183.066    -0.4475  28.141765    -0.4571  28.130144     6.5338     6.4303     0.1072    95.5939 1.0000e-12  -68.02938  -69.29000 338.025521      99.97 1.3398e+02   1620.033      38882  1028.3683  1028.3652    34.1994    34.1947    8.15029         17 0.0000e+00
    184.000    182.077    -0.4648  28.122413    -0.4852  28.099927     6.5714     6.4456     0.1310    95.5469 1.0000e-12  -68.02938  -69.29000 338.025529      99.97 1.3398e+02   1620.744      38899  1028.3597  1028.3556    34.1936    34.1864    8.15435         18 0.0000e+00
    183.000    181.088    -0.5004  28.084989    -0.4740  28.113450     6.6223     6.4803     0.1319    95.5035 1.0000e-12  -68.02938  -69.29000 338.025539      99.97 1.3398e+02   1621.540      38918  1028.3497  1028.3543    34.1841    34.1926    8.16256         20 0.0000e+00
    182.000    180.100    -0.5384  28.044068    -0.4915  28.090064     6.6746     6.5452     0.1598    95.5324 1.0000e-12  -68.02938  -69.29000 338.025549      99.97 1.3398e+02   1622.428      38939  1028.3380  1028.3418    34.1725    34.1815    8.17140         22 0.0000e+00
    181.000    179.110    -0.5511  28.029952    -0.5262  28.055401     6.6512     6.5612     0.1843    95.4692 1.0000e-12  -68.02936  -69.29002 338.025560      99.97 1.3398e+02   1623.375      38962  1028.3303  1028.3335    34.1685    34.1746    8.17438         23 0.0000e+00
    180.000    178.121    -0.5766  28.002574    -0.5709  28.007477     6.5870     6.5543     0.1821    95.5352 1.0000e-12  -68.02938  -69.29002 338.025571      99.97 1.3398e+02   1624.315      38985  1028.3209  1028.3208    34.1610    34.1611    8.18032         22 0.0000e+00
    179.000    177.132    -0.5482  28.032538    -0.5748  28.004834     6.5386     6.5323     0.1686    95.5059 1.0000e-12  -68.02938  -69.29002 338.025583      64.06 1.3260e+02   1625.357      39010  1028.3205  1028.3169    34.1699    34.1625    8.17368         30 0.0000e+00
    178.000    176.143    -0.5616  28.019598    -0.5386  28.042393     6.5802     6.5687     0.1735    95.5075 1.0000e-12  -68.02937  -69.29003 338.025630     104.33 1.3233e+02   1629.427      39107  1028.3140  1028.3161    34.1681    34.1729    8.17665         26 0.0000e+00
    177.000    175.156    -0.5565  28.022136    -0.5459  28.032606     6.6196     6.6286     0.1306    95.5003 1.0000e-12  -68.02936  -69.29004 338.025655      99.97 1.3222e+02   1631.616      39160  1028.3067  1028.3080    34.1665    34.1686    8.17566         14 0.0000e+00
    176.000    174.165    -0.5862  27.990493    -0.5768  27.999685     6.6346     6.6405     0.1292    95.4993 1.0000e-12  -68.02936  -69.29006 338.025661      99.97 1.3222e+02   1632.130      39172  1028.2972  1028.2982    34.1580    34.1597    8.18257         13 0.0000e+00
    175.000    173.176    -0.5950  27.980795    -0.5945  27.980973     6.6542     6.6450     0.1240    95.4892 1.0000e-12  -68.02936  -69.29006 338.025667      99.97 1.3222e+02   1632.635      39184  1028.2910  1028.2910    34.1554    34.1551    8.18461         11 0.0000e+00
    174.000    172.187    -0.6052  27.970193    -0.6055  27.968877     6.6584     6.6485     0.1332    95.5053 1.0000e-12  -68.02936  -69.29006 338.025673      99.97 1.3222e+02   1633.129      39196  1028.2850  1028.2842    34.1532    34.1518    8.18693         13 0.0000e+00
