NBP2113_155081_ctd/data/unbp2113_050.cnv
* Sea-Bird SBE 9 Data File:
* FileName = D:\Data\raw\NBP2113_050.hex
* Software Version Seasave V 7.26.7.121
* Temperature SN = 2438
* Conductivity SN = 2067
* Number of Bytes Per Scan = 40
* Number of Voltage Words = 5
* Number of Scans Averaged by the Deck Unit = 1
* NMEA Latitude = 64 56.46 S
* NMEA Longitude = 064 42.01 W
* NMEA UTC (Time) = Dec 11 2021  13:44:32
* NMEA baud rate = 9600
** Ship: RVIB N.B. Palmer
** Cruise: NBP2113 LTER
** Station: 590.050
** Operator: B. Urmston
# nquan = 25
# nvalues = 394                         
# units = specified
# name 0 = prDM: Pressure, Digiquartz [db]
# name 1 = depSM: Depth [salt water, m]
# name 2 = t090C: Temperature [ITS-90, deg C]
# name 3 = c0mS/cm: Conductivity [mS/cm]
# name 4 = t190C: Temperature, 2 [ITS-90, deg C]
# name 5 = c1mS/cm: Conductivity, 2 [mS/cm]
# name 6 = sbeox0ML/L: Oxygen, SBE 43 [ml/l]
# name 7 = sbeox1ML/L: Oxygen, SBE 43, 2 [ml/l]
# name 8 = flECO-AFL: Fluorescence, WET Labs ECO-AFL/FL [mg/m^3]
# name 9 = CStarTr0: Beam Transmission, WET Labs C-Star [%]
# name 10 = par: PAR/Irradiance, Biospherical/Licor
# name 11 = latitude: Latitude [deg]
# name 12 = longitude: Longitude [deg]
# name 13 = timeJ: Julian Days
# name 14 = altM: Altimeter [m]
# name 15 = spar: SPAR, Biospherical/Licor
# name 16 = timeS: Time, Elapsed [seconds]
# name 17 = scan: Scan Count
# name 18 = density00: Density [density, kg/m^3]
# name 19 = density11: Density, 2 [density, kg/m^3]
# name 20 = sal00: Salinity, Practical [PSU]
# name 21 = sal11: Salinity, Practical, 2 [PSU]
# name 22 = oxsolML/L: Oxygen Saturation, Garcia & Gordon [ml/l]
# name 23 = nbin: number of scans per bin
# name 24 = flag: flag
# span 0 =      1.000,    394.000       
# span 1 =      0.989,    389.770       
# span 2 =    -0.9844,     1.3610       
# span 3 =  27.333559,  30.126600       
# span 4 =    -0.9820,     1.3607       
# span 5 =  27.331849,  30.125138       
# span 6 =     4.1804,     8.6449       
# span 7 =     4.2428,     8.5360       
# span 8 =    -0.0227,     1.3956       
# span 9 =    82.1989,    92.0056       
# span 10 = 1.0000e-12, 1.0082e+03      
# span 11 =  -64.94108,  -64.94072      
# span 12 =  -64.70039,  -64.69986      
# span 13 = 345.583510, 345.593043      
# span 14 =       7.47,      99.99      
# span 15 = 9.3079e+02, 1.0137e+03      
# span 16 =    943.287,   1766.881      
# span 17 =      22640,      42406      
# span 18 =  1027.0033,  1029.5997      
# span 19 =  1027.0016,  1029.5984      
# span 20 =    33.5842,    34.6569      
# span 21 =    33.5822,    34.6553      
# span 22 =    7.75283,    8.28986      
# span 23 =         11,         47      
# span 24 = 0.0000e+00, 0.0000e+00      
# interval = decibars: 1                
# start_time = Dec 11 2021 13:44:32 [NMEA time, header]
# bad_flag = -9.990e-29
*END*
[from data line 232]
    162.000    160.348     0.8252  29.448974     0.8261  29.448720     4.7812     4.8334     0.0016    91.9276 2.7187e-02  -64.94102  -64.70030 345.588280      99.97 9.7311e+02   1355.431      32531  1028.4325  1028.4314    34.5125    34.5113    7.86760         25 0.0000e+00
    161.000    159.361     0.8232  29.446201     0.8222  29.443930     4.7836     4.8364     0.0095    91.9122 3.0522e-02  -64.94102  -64.70028 345.588293      99.97 9.7311e+02   1356.512      32557  1028.4272  1028.4259    34.5117    34.5099    7.86805         28 0.0000e+00
    160.000    158.371     0.8237  29.446130     0.8225  29.443859     4.7854     4.8324     0.0101    91.9238 3.4556e-02  -64.94103  -64.70028 345.588309      99.97 9.7181e+02   1357.892      32590  1028.4224  1028.4212    34.5117    34.5101    7.86796         37 0.0000e+00
    159.000    157.380     0.8304  29.452964     0.8268  29.448088     4.7901     4.8344     0.0039    91.9264 4.0207e-02  -64.94104  -64.70028 345.588349      99.97 9.7136e+02   1361.362      32674  1028.4185  1028.4169    34.5138    34.5114    7.86650         30 0.0000e+00
    158.000    156.394     0.8238  29.445724     0.8236  29.444549     4.8059     4.8472    -0.0006    91.8477 4.4103e-02  -64.94103  -64.70028 345.588365      99.97 9.7135e+02   1362.725      32706  1028.4132  1028.4121    34.5123    34.5109    7.86791         21 0.0000e+00
    157.000    155.403     0.8178  29.438854     0.8183  29.438447     4.8087     4.8535    -0.0004    91.9280 4.7750e-02  -64.94102  -64.70028 345.588373      99.97 9.7135e+02   1363.470      32724  1028.4077  1028.4067    34.5106    34.5095    7.86920         17 0.0000e+00
    156.000    154.411     0.8138  29.433714     0.8134  29.432165     4.8089     4.8567    -0.0066    91.9106 5.1458e-02  -64.94102  -64.70028 345.588381      99.97 9.7135e+02   1364.109      32740  1028.4020  1028.4008    34.5090    34.5074    7.87010         15 0.0000e+00
    155.000    153.424     0.8117  29.431169     0.8113  29.429491     4.7997     4.8584    -0.0082    91.9135 5.5662e-02  -64.94102  -64.70029 345.588388      99.97 9.7135e+02   1364.737      32755  1028.3971  1028.3958    34.5087    34.5070    7.87055         15 0.0000e+00
    154.000    152.435     0.8057  29.424277     0.8064  29.423986     4.7911     4.8595     0.0133    91.9275 5.9641e-02  -64.94102  -64.70030 345.588396      99.97 9.7135e+02   1365.381      32770  1028.3916  1028.3906    34.5070    34.5058    7.87186         16 0.0000e+00
    153.000    151.443     0.8032  29.420462     0.8011  29.417451     4.7964     4.8586     0.0112    91.9116 6.4022e-02  -64.94102  -64.70028 345.588404      99.97 9.7135e+02   1366.123      32788  1028.3859  1028.3847    34.5054    34.5038    7.87245         19 0.0000e+00
    152.000    150.455     0.8099  29.427256     0.8039  29.419903     4.8077     4.8522     0.0099    91.9126 6.8104e-02  -64.94102  -64.70028 345.588416      99.97 9.7135e+02   1367.101      32811  1028.3819  1028.3802    34.5073    34.5045    7.87098         30 0.0000e+00
    151.000    149.463     0.8083  29.425504     0.8089  29.424875     4.8051     4.8464     0.0142    91.9101 7.2241e-02  -64.94102  -64.70027 345.588439      99.97 9.7135e+02   1369.113      32860  1028.3773  1028.3761    34.5074    34.5060    7.87130         34 0.0000e+00
    150.000    148.476     0.8114  29.428335     0.8100  29.425337     4.8179     4.8682     0.0088    91.8998 7.7850e-02  -64.94102  -64.70026 345.588466      99.97 9.7135e+02   1371.468      32916  1028.3729  1028.3711    34.5083    34.5059    7.87063         34 0.0000e+00
    149.000    147.488     0.8093  29.425824     0.8052  29.420851     4.8508     4.8848     0.0145    91.9036 8.4369e-02  -64.94102  -64.70028 345.588479      99.97 9.7135e+02   1372.578      32943  1028.3681  1028.3669    34.5080    34.5060    7.87108         23 0.0000e+00
    148.000    146.497     0.7932  29.409282     0.7875  29.401484     4.8590     4.8913     0.0130    91.9092 9.0823e-02  -64.94102  -64.70028 345.588490      99.97 9.7135e+02   1373.513      32965  1028.3624  1028.3600    34.5049    34.5012    7.87449         23 0.0000e+00
    147.000    145.508     0.7742  29.386944     0.7712  29.382637     4.8510     4.8962     0.0081    91.9204 9.7250e-02  -64.94102  -64.70028 345.588501      99.97 9.7135e+02   1374.520      32989  1028.3536  1028.3520    34.4978    34.4954    7.87874         27 0.0000e+00
    146.000    144.519     0.7778  29.389927     0.7696  29.379784     4.8573     4.9018     0.0120    91.8972 1.0374e-01  -64.94102  -64.70028 345.588516      99.97 9.7135e+02   1375.775      33020  1028.3488  1028.3462    34.4982    34.4941    7.87799         32 0.0000e+00
    145.000    143.529     0.7765  29.388808     0.7685  29.378338     4.8851     4.9201     0.0098    91.8919 1.0922e-01  -64.94101  -64.70028 345.588531      99.97 9.7135e+02   1377.039      33050  1028.3445  1028.3415    34.4988    34.4942    7.87822         27 0.0000e+00
    144.000    142.539     0.7667  29.377525     0.7645  29.374157     4.8870     4.9389     0.0120    91.9092 1.1511e-01  -64.94100  -64.70028 345.588542      99.97 9.7135e+02   1378.029      33074  1028.3380  1028.3366    34.4956    34.4937    7.88037         22 0.0000e+00
    143.000    141.550     0.7594  29.370292     0.7501  29.360033     4.8863     4.9361     0.0069    91.8986 1.2075e-01  -64.94100  -64.70028 345.588552      99.97 9.7135e+02   1378.930      33095  1028.3334  1028.3317    34.4950    34.4920    7.88189         22 0.0000e+00
    142.000    140.560     0.7546  29.363970     0.7406  29.348884     4.8870     4.9436     0.0087    91.8974 1.2828e-01  -64.94100  -64.70028 345.588565      99.97 9.7135e+02   1380.013      33121  1028.3271  1028.3251    34.4927    34.4887    7.88299         32 0.0000e+00
    141.000    139.570     0.7598  29.369236     0.7520  29.361455     4.9224     4.9823     0.0145    91.8891 1.3552e-01  -64.94100  -64.70028 345.588583      99.97 9.7135e+02   1381.581      33159  1028.3231  1028.3225    34.4943    34.4930    7.88184         33 0.0000e+00
    140.000    138.582     0.7489  29.359051     0.7238  29.332952     5.0019     5.0226     0.0143    91.9087 1.4279e-01  -64.94100  -64.70028 345.588599      99.97 9.7135e+02   1382.914      33191  1028.3189  1028.3161    34.4939    34.4878    7.88409         25 0.0000e+00
    139.000    137.592     0.7293  29.338813     0.7117  29.320772     5.0015     5.0300     0.0093    91.9044 1.5087e-01  -64.94100  -64.70028 345.588609      99.97 9.7135e+02   1383.848      33213  1028.3126  1028.3110    34.4899    34.4861    7.88827         22 0.0000e+00
    138.000    136.602     0.6988  29.308369     0.6915  29.300247     5.0182     5.0351     0.0110    91.8942 1.5915e-01  -64.94100  -64.70027 345.588620      99.97 9.7135e+02   1384.788      33236  1028.3066  1028.3050    34.4849    34.4825    7.89474         25 0.0000e+00
    137.000    135.613     0.7040  29.312309     0.6988  29.305419     5.0239     5.0382     0.0142    91.8913 1.6918e-01  -64.94100  -64.70026 345.588637      99.97 9.7013e+02   1386.250      33271  1028.3010  1028.2987    34.4848    34.4817    7.89369         38 0.0000e+00
    136.000    134.623     0.7038  29.311671     0.6961  29.302475     5.0212     5.0416     0.0193    91.8819 1.7805e-01  -64.94100  -64.70026 345.588664      99.97 9.6955e+02   1388.531      33326  1028.2959  1028.2936    34.4849    34.4815    7.89374         39 0.0000e+00
    135.000    133.634     0.6945  29.302660     0.6922  29.298915     5.0295     5.0559     0.0142    91.9098 1.8661e-01  -64.94100  -64.70026 345.588677      99.97 9.6958e+02   1389.725      33354  1028.2912  1028.2894    34.4841    34.4818    7.89567         22 0.0000e+00
    134.000    132.645     0.6817  29.289121     0.6809  29.287494     5.0212     5.0544     0.0080    91.9102 1.9652e-01  -64.94100  -64.70026 345.588687      99.97 9.6958e+02   1390.540      33374  1028.2853  1028.2842    34.4813    34.4801    7.89842         18 0.0000e+00
    133.000    131.655     0.6752  29.280643     0.6729  29.277365     5.0180     5.0501     0.0065    91.9116 2.0663e-01  -64.94100  -64.70028 345.588695      99.97 9.6958e+02   1391.281      33392  1028.2785  1028.2771    34.4782    34.4764    7.89993         18 0.0000e+00
    132.000    130.665     0.6709  29.275387     0.6702  29.273370     5.0071     5.0486     0.0069    91.8897 2.1793e-01  -64.94100  -64.70028 345.588704      99.97 9.6958e+02   1392.057      33410  1028.2728  1028.2713    34.4767    34.4749    7.90088         20 0.0000e+00
    131.000    129.674     0.6726  29.275617     0.6739  29.275838     4.9949     5.0512     0.0069    91.8929 2.2958e-01  -64.94100  -64.70028 345.588715      99.97 9.6958e+02   1392.949      33432  1028.2670  1028.2658    34.4757    34.4745    7.90059         24 0.0000e+00
    130.000    128.685     0.6784  29.281477     0.6778  29.279960     5.0051     5.0530     0.0126    91.8999 2.4130e-01  -64.94100  -64.70026 345.588729      99.97 9.6942e+02   1394.144      33460  1028.2630  1028.2619    34.4774    34.4762    7.89931         33 0.0000e+00
    129.000    127.695     0.6765  29.279775     0.6750  29.276827     5.0056     5.0480     0.0120    91.8946 2.5256e-01  -64.94100  -64.70026 345.588751      99.97 9.6786e+02   1396.102      33507  1028.2587  1028.2569    34.4780    34.4758    7.89968         36 0.0000e+00
    128.000    126.707     0.6786  29.281796     0.6775  29.279623     4.9801     5.0345     0.0144    91.8917 2.6533e-01  -64.94100  -64.70026 345.588773      99.97 9.6916e+02   1397.999      33553  1028.2542  1028.2530    34.4788    34.4773    7.89919         35 0.0000e+00
    127.000    125.717     0.6744  29.274933     0.6722  29.270417     4.9396     5.0161     0.0143    91.8860 2.7825e-01  -64.94100  -64.70026 345.588789      99.97 9.6958e+02   1399.359      33586  1028.2469  1028.2442    34.4752    34.4717    7.90026         32 0.0000e+00
    126.000    124.727     0.6633  29.256968     0.6624  29.255276     4.9452     5.0085     0.0143    91.8852 2.9075e-01  -64.94100  -64.70026 345.588804      99.97 9.6958e+02   1400.695      33618  1028.2347  1028.2337    34.4648    34.4635    7.90309         32 0.0000e+00
    125.000    123.739     0.6586  29.250647     0.6546  29.244304     4.9547     5.0131     0.0143    91.8826 3.0331e-01  -64.94100  -64.70026 345.588819      99.97 9.6958e+02   1401.999      33649  1028.2284  1028.2256    34.4624    34.4585    7.90418         30 0.0000e+00
    124.000    122.747     0.6530  29.243848     0.6488  29.237345     4.9653     5.0183     0.0123    91.8712 3.1773e-01  -64.94100  -64.70026 345.588832      99.97 9.6958e+02   1403.112      33676  1028.2224  1028.2197    34.4603    34.4566    7.90542         25 0.0000e+00
    123.000    121.759     0.6481  29.238285     0.6426  29.230380     4.9770     5.0177     0.0081    91.8619 3.3639e-01  -64.94100  -64.70025 345.588853      99.97 9.6859e+02   1404.940      33720  1028.2169  1028.2140    34.4591    34.4550    7.90649         34 0.0000e+00
    122.000    120.770     0.6522  29.243289     0.6500  29.239046     5.0189     5.0544     0.0134    91.8699 3.5524e-01  -64.94099  -64.70026 345.588909      99.97 9.6780e+02   1409.766      33835  1028.2137  1028.2113    34.4617    34.4586    7.90552         21 0.0000e+00
    121.000    119.779     0.6335  29.221220     0.6321  29.218379     5.0306     5.0598     0.0068    91.8745 3.7058e-01  -64.94098  -64.70026 345.588917      99.97 9.6782e+02   1410.452      33852  1028.2048  1028.2031    34.4543    34.4522    7.90973         18 0.0000e+00
    120.000    118.789     0.6165  29.201357     0.6152  29.200276     5.0187     5.0519     0.0120    91.8600 3.8648e-01  -64.94098  -64.70026 345.588926      99.97 9.6782e+02   1411.211      33870  1028.1962  1028.1962    34.4480    34.4480    7.91355         19 0.0000e+00
    119.000    117.799     0.5941  29.175939     0.5882  29.167033     5.0154     5.0547     0.0174    91.8497 4.0435e-01  -64.94098  -64.70024 345.588936      99.97 9.6782e+02   1412.099      33891  1028.1873  1028.1838    34.4404    34.4354    7.91855         25 0.0000e+00
    118.000    116.810     0.6151  29.195325     0.6125  29.192614     5.0169     5.0524     0.0257    91.8280 4.2195e-01  -64.94098  -64.70024 345.588955      99.97 9.6776e+02   1413.700      33930  1028.1826  1028.1821    34.4429    34.4423    7.91413         32 0.0000e+00
    117.000    115.820     0.6388  29.223974     0.6319  29.214574     4.9747     5.0415     0.0288    91.8378 4.5076e-01  -64.94098  -64.70024 345.589008      99.97 9.6636e+02   1418.253      34039  1028.1846  1028.1814    34.4544    34.4499    7.90864         35 0.0000e+00
    116.000    114.832     0.6365  29.221080     0.6215  29.203409     5.0049     5.0622     0.0190    91.7414 4.7673e-01  -64.94098  -64.70024 345.589034      99.97 9.6746e+02   1420.507      34093  1028.1795  1028.1757    34.4538    34.4475    7.90915         46 0.0000e+00
    115.000    113.842     0.6065  29.187916     0.5891  29.167278     5.0770     5.1023     0.0166    91.8359 4.9320e-01  -64.94098  -64.70024 345.589057      99.97 9.6783e+02   1422.497      34141  1028.1701  1028.1654    34.4446    34.4371    7.91579         34 0.0000e+00
    114.000    112.852     0.5625  29.137633     0.5504  29.122654     5.0822     5.1032     0.0216    91.8387 5.0882e-01  -64.94098  -64.70024 345.589075      99.97 9.6770e+02   1424.072      34179  1028.1563  1028.1522    34.4286    34.4225    7.92566         31 0.0000e+00
    113.000    111.863     0.5610  29.134918     0.5630  29.136164     5.0770     5.0967     0.0252    91.8340 5.3220e-01  -64.94098  -64.70023 345.589118      99.97 9.6616e+02   1427.812      34268  1028.1498  1028.1490    34.4273    34.4268    7.92603         34 0.0000e+00
    112.000    110.871     0.5494  29.121726     0.5610  29.132614     5.0721     5.0954     0.0231    91.8356 5.6090e-01  -64.94098  -64.70023 345.589157      99.97 9.6601e+02   1431.149      34349  1028.1428  1028.1429    34.4237    34.4249    7.92861         39 0.0000e+00
    111.000    109.884     0.5462  29.117896     0.5609  29.133584     5.1175     5.1338     0.0215    91.8336 5.8216e-01  -64.94098  -64.70022 345.589205      99.97 9.6606e+02   1435.267      34447  1028.1373  1028.1394    34.4228    34.4270    7.92932         35 0.0000e+00
    110.000    108.891     0.5190  29.088307     0.5155  29.082157     5.1151     5.1413     0.0164    91.8266 6.0875e-01  -64.94098  -64.70022 345.589219      99.97 9.6606e+02   1436.505      34477  1028.1286  1028.1258    34.4151    34.4110    7.93532         32 0.0000e+00
    109.000    107.907     0.5103  29.074740     0.5031  29.066414     5.1085     5.1433     0.0337    91.8122 6.3857e-01  -64.94098  -64.70020 345.589266      99.97 9.6515e+02   1440.566      34575  1028.1183  1028.1164    34.4076    34.4048    7.93752         28 0.0000e+00
    108.000    106.914     0.5020  29.067779     0.4986  29.062294     5.1366     5.1670     0.0281    91.7959 6.7259e-01  -64.94098  -64.70020 345.589310      99.97 9.6430e+02   1444.413      34667  1028.1145  1028.1119    34.4085    34.4051    7.93919         39 0.0000e+00
    107.000    105.925     0.4724  29.033922     0.4702  29.030500     5.1299     5.1667     0.0214    91.7865 7.0020e-01  -64.94098  -64.70020 345.589329      99.97 9.6430e+02   1446.041      34706  1028.1035  1028.1020    34.3978    34.3957    7.94586         37 0.0000e+00
    106.000    104.933     0.4776  29.039897     0.4825  29.042935     5.1502     5.1766     0.0301    91.7859 7.3121e-01  -64.94098  -64.70016 345.589399      99.97 9.6287e+02   1452.060      34850  1028.0998  1028.0981    34.4003    34.3989    7.94464         34 0.0000e+00
