NBP2113_155081_ctd/data/unbp2113_034.cnv
* Sea-Bird SBE 9 Data File:
* FileName = D:\Data\raw\NBP2113_034.hex
* Software Version Seasave V 7.26.7.121
* Temperature SN = 2438
* Conductivity SN = 2067
* Number of Bytes Per Scan = 40
* Number of Voltage Words = 5
* Number of Scans Averaged by the Deck Unit = 1
* NMEA Latitude = 64 56.01 S
* NMEA Longitude = 064 23.98 W
* NMEA UTC (Time) = Dec 08 2021  22:30:19
* NMEA baud rate = 9600
** Ship: RVIB N.B. Palmer
** Cruise: NBP2113 LTER
** Station: 600.040
** Operator: S. Blackman
# nquan = 25
# nvalues = 1316                        
# units = specified
# name 0 = prDM: Pressure, Digiquartz [db]
# name 1 = depSM: Depth [salt water, m]
# name 2 = t090C: Temperature [ITS-90, deg C]
# name 3 = c0mS/cm: Conductivity [mS/cm]
# name 4 = t190C: Temperature, 2 [ITS-90, deg C]
# name 5 = c1mS/cm: Conductivity, 2 [mS/cm]
# name 6 = sbeox0ML/L: Oxygen, SBE 43 [ml/l]
# name 7 = sbeox1ML/L: Oxygen, SBE 43, 2 [ml/l]
# name 8 = flECO-AFL: Fluorescence, WET Labs ECO-AFL/FL [mg/m^3]
# name 9 = CStarTr0: Beam Transmission, WET Labs C-Star [%]
# name 10 = par: PAR/Irradiance, Biospherical/Licor
# name 11 = latitude: Latitude [deg]
# name 12 = longitude: Longitude [deg]
# name 13 = timeJ: Julian Days
# name 14 = altM: Altimeter [m]
# name 15 = spar: SPAR, Biospherical/Licor
# name 16 = timeS: Time, Elapsed [seconds]
# name 17 = scan: Scan Count
# name 18 = density00: Density [density, kg/m^3]
# name 19 = density11: Density, 2 [density, kg/m^3]
# name 20 = sal00: Salinity, Practical [PSU]
# name 21 = sal11: Salinity, Practical, 2 [PSU]
# name 22 = oxsolML/L: Oxygen Saturation, Garcia & Gordon [ml/l]
# name 23 = nbin: number of scans per bin
# name 24 = flag: flag
# span 0 =      1.000,   1316.000       
# span 1 =      0.990,   1299.000       
# span 2 =    -1.0208,     1.4957       
# span 3 =  27.110147,  30.664199       
# span 4 =    -1.0207,     1.4957       
# span 5 =  27.108688,  30.663162       
# span 6 =     4.0267,     9.5103       
# span 7 =     4.0938,     9.9217       
# span 8 =    -0.0224,     1.6580       
# span 9 =    87.6697,    96.0291       
# span 10 = 1.0000e-12, 5.6141e+01      
# span 11 =  -64.93354,  -64.93326      
# span 12 =  -64.39982,  -64.39924      
# span 13 = 342.962559, 342.985489      
# span 14 =       7.32,     101.02      
# span 15 = 4.0512e+01, 8.2856e+01      
# span 16 =   2146.069,   4127.244      
# span 17 =      51507,      99055      
# span 18 =  1026.9886,  1033.8812      
# span 19 =  1026.9870,  1033.8803      
# span 20 =    33.5563,    34.6780      
# span 21 =    33.5541,    34.6767      
# span 22 =    7.72523,    8.31269      
# span 23 =          9,         47      
# span 24 = 0.0000e+00, 0.0000e+00      
# interval = decibars: 1                
# start_time = Dec 08 2021 22:30:19 [NMEA time, header]
# bad_flag = -9.990e-29
*END*
[from data line 812]
    504.000    498.455     1.3926  30.209434     1.3921  30.208267     4.1583     4.2065    -0.0036    96.0044 1.0000e-12  -64.93330  -64.39926 342.975131      99.97 5.1124e+01   3232.337      77577  1030.1164  1030.1157    34.6623    34.6614    7.74632         25 0.0000e+00
    503.000    497.466     1.3922  30.208582     1.3918  30.207440     4.1584     4.2061    -0.0127    96.0044 1.0000e-12  -64.93330  -64.39926 342.975143      99.97 5.1124e+01   3233.385      77602  1030.1117  1030.1109    34.6622    34.6612    7.74640         26 0.0000e+00
    502.000    496.479     1.3920  30.208069     1.3917  30.207004     4.1582     4.2070    -0.0029    95.9997 1.0000e-12  -64.93330  -64.39926 342.975157      99.97 5.1124e+01   3234.576      77631  1030.1071  1030.1063    34.6623    34.6613    7.74643         32 0.0000e+00
    501.000    495.492     1.3922  30.207712     1.3919  30.206792     4.1570     4.2081    -0.0032    95.9875 1.0000e-12  -64.93330  -64.39926 342.975179      99.97 5.1124e+01   3236.465      77676  1030.1024  1030.1016    34.6622    34.6613    7.74640         39 0.0000e+00
    500.000    494.504     1.3922  30.207305     1.3920  30.206377     4.1582     4.2082    -0.0063    95.9909 1.0000e-12  -64.93330  -64.39926 342.975205      99.97 5.1124e+01   3238.754      77731  1030.0978  1030.0970    34.6623    34.6613    7.74640         38 0.0000e+00
    499.000    493.516     1.3920  30.206691     1.3916  30.205552     4.1560     4.2074    -0.0059    95.9924 1.0000e-12  -64.93330  -64.39926 342.975221      99.98 5.1124e+01   3240.093      77763  1030.0931  1030.0923    34.6623    34.6612    7.74643         28 0.0000e+00
    498.000    492.528     1.3913  30.205607     1.3911  30.204651     4.1569     4.2070    -0.0092    95.9990 1.0000e-12  -64.93330  -64.39926 342.975234      99.98 5.1124e+01   3241.187      77789  1030.0883  1030.0876    34.6622    34.6612    7.74657         24 0.0000e+00
    497.000    491.539     1.3911  30.205002     1.3908  30.203806     4.1639     4.2095    -0.0165    96.0261 1.0000e-12  -64.93330  -64.39926 342.975246      99.98 5.1124e+01   3242.214      77814  1030.0837  1030.0829    34.6622    34.6611    7.74660         25 0.0000e+00
    496.000    490.553     1.3907  30.204005     1.3902  30.202824     4.1668     4.2088    -0.0177    96.0291 1.0000e-12  -64.93330  -64.39926 342.975258      99.97 5.1124e+01   3243.253      77839  1030.0789  1030.0782    34.6621    34.6610    7.74671         25 0.0000e+00
    495.000    489.564     1.3902  30.203094     1.3896  30.201683     4.1595     4.2075    -0.0067    96.0166 1.0000e-12  -64.93330  -64.39926 342.975271      99.97 5.1124e+01   3244.422      77867  1030.0743  1030.0734    34.6620    34.6608    7.74681         32 0.0000e+00
    494.000    488.577     1.3899  30.202293     1.3899  30.201557     4.1581     4.2093    -0.0016    96.0060 1.0000e-12  -64.93330  -64.39926 342.975288      99.97 5.1124e+01   3245.862      77902  1030.0695  1030.0687    34.6618    34.6609    7.74687         37 0.0000e+00
    493.000    487.589     1.3901  30.202172     1.3897  30.200805     4.1615     4.2069    -0.0082    96.0044 1.0000e-12  -64.93330  -64.39927 342.975307      99.97 5.1124e+01   3247.501      77941  1030.0649  1030.0639    34.6620    34.6607    7.74681         35 0.0000e+00
    492.000    486.601     1.3895  30.200989     1.3891  30.199817     4.1555     4.2063    -0.0067    96.0044 1.0000e-12  -64.93330  -64.39928 342.975324      99.97 5.1124e+01   3249.008      77977  1030.0601  1030.0593    34.6618    34.6607    7.74695         31 0.0000e+00
    491.000    485.613     1.3894  30.200396     1.3890  30.199293     4.1512     4.2075    -0.0104    96.0044 1.0000e-12  -64.93330  -64.39930 342.975337      99.97 5.1124e+01   3250.081      78003  1030.0555  1030.0546    34.6617    34.6607    7.74698         22 0.0000e+00
    490.000    484.625     1.3891  30.199650     1.3888  30.198528     4.1592     4.2100    -0.0065    96.0044 1.0000e-12  -64.93330  -64.39930 342.975346      99.98 5.1124e+01   3250.902      78023  1030.0507  1030.0499    34.6616    34.6605    7.74704         18 0.0000e+00
    489.000    483.639     1.3890  30.199008     1.3885  30.197765     4.1612     4.2114    -0.0145    96.0044 1.0000e-12  -64.93330  -64.39930 342.975354      99.97 5.1124e+01   3251.602      78039  1030.0459  1030.0452    34.6614    34.6605    7.74706         16 0.0000e+00
    488.000    482.648     1.3889  30.198517     1.3885  30.197403     4.1534     4.2142    -0.0150    96.0044 1.0000e-12  -64.93330  -64.39930 342.975362      99.97 5.1124e+01   3252.268      78055  1030.0413  1030.0405    34.6615    34.6606    7.74708         16 0.0000e+00
    487.000    481.661     1.3887  30.197965     1.3883  30.196816     4.1606     4.2121    -0.0142    96.0044 1.0000e-12  -64.93330  -64.39930 342.975370      99.98 5.1124e+01   3252.986      78073  1030.0367  1030.0359    34.6616    34.6606    7.74711         19 0.0000e+00
    486.000    480.674     1.3887  30.197403     1.3883  30.196362     4.1741     4.2100     0.0004    96.0061 1.0000e-12  -64.93331  -64.39929 342.975381      99.97 5.1124e+01   3253.930      78095  1030.0319  1030.0312    34.6615    34.6606    7.74712         28 0.0000e+00
    485.000    479.687     1.3888  30.197116     1.3884  30.195956     4.1645     4.2139    -0.0104    95.9957 1.0000e-12  -64.93332  -64.39927 342.975414      99.97 5.1124e+01   3256.779      78164  1030.0273  1030.0265    34.6616    34.6606    7.74710         32 0.0000e+00
    484.000    478.698     1.3888  30.196619     1.3883  30.195496     4.1590     4.2150    -0.0095    96.0048 1.0000e-12  -64.93332  -64.39930 342.975441      99.97 5.1124e+01   3259.098      78219  1030.0225  1030.0219    34.6615    34.6606    7.74710         27 0.0000e+00
    483.000    477.709     1.3888  30.196120     1.3882  30.194907     4.1583     4.2116    -0.0116    96.0044 1.0000e-12  -64.93330  -64.39930 342.975452      99.97 5.1124e+01   3260.018      78241  1030.0178  1030.0172    34.6615    34.6606    7.74711         21 0.0000e+00
    482.000    476.722     1.3884  30.195280     1.3879  30.194211     4.1559     4.2103    -0.0158    96.0044 1.0000e-12  -64.93330  -64.39930 342.975461      99.97 5.1124e+01   3260.786      78260  1030.0132  1030.0125    34.6615    34.6605    7.74719         17 0.0000e+00
    481.000    475.733     1.3880  30.194490     1.3875  30.193254     4.1527     4.2113    -0.0224    96.0044 1.0000e-12  -64.93330  -64.39930 342.975468      99.97 5.1124e+01   3261.476      78276  1030.0085  1030.0077    34.6614    34.6604    7.74727         16 0.0000e+00
    480.000    474.746     1.3874  30.193510     1.3870  30.192263     4.1453     4.2128    -0.0178    96.0044 1.0000e-12  -64.93330  -64.39930 342.975476      99.97 5.1124e+01   3262.142      78292  1030.0039  1030.0030    34.6614    34.6603    7.74739         16 0.0000e+00
    479.000    473.760     1.3871  30.192624     1.3866  30.191401     4.1430     4.2099    -0.0146    95.9900 1.0000e-12  -64.93331  -64.39930 342.975484      99.97 5.1124e+01   3262.807      78308  1029.9990  1029.9983    34.6612    34.6602    7.74745         16 0.0000e+00
    478.000    472.771     1.3868  30.191852     1.3864  30.190825     4.1543     4.2110    -0.0150    95.9830 1.0000e-12  -64.93332  -64.39930 342.975492      99.97 5.1124e+01   3263.508      78325  1029.9943  1029.9936    34.6611    34.6602    7.74752         18 0.0000e+00
    477.000    471.781     1.3867  30.191385     1.3862  30.190185     4.1619     4.2131    -0.0110    95.9800 1.0000e-12  -64.93332  -64.39930 342.975501      99.98 5.1124e+01   3264.297      78344  1029.9898  1029.9890    34.6612    34.6602    7.74754         21 0.0000e+00
    476.000    470.795     1.3868  30.191027     1.3863  30.189815     4.1657     4.2088    -0.0097    95.9883 1.0000e-12  -64.93332  -64.39930 342.975516      99.97 5.1124e+01   3265.562      78374  1029.9850  1029.9843    34.6612    34.6602    7.74752         29 0.0000e+00
    475.000    469.808     1.3876  30.191408     1.3871  30.190049     4.1636     4.2099    -0.0145    95.9867 1.0000e-12  -64.93332  -64.39930 342.975572      99.97 5.1124e+01   3270.442      78492  1029.9804  1029.9795    34.6614    34.6602    7.74735         22 0.0000e+00
    474.000    468.816     1.3873  30.190616     1.3867  30.189407     4.1647     4.2089    -0.0085    95.9837 1.0000e-12  -64.93332  -64.39930 342.975579      99.97 5.1124e+01   3271.019      78505  1029.9757  1029.9750    34.6613    34.6604    7.74742         15 0.0000e+00
    473.000    467.833     1.3867  30.189643     1.3863  30.188575     4.1638     4.2096    -0.0061    96.0045 1.0000e-12  -64.93332  -64.39930 342.975586      99.97 5.1124e+01   3271.607      78520  1029.9711  1029.9703    34.6613    34.6603    7.74754         14 0.0000e+00
    472.000    466.842     1.3866  30.189022     1.3862  30.187881     4.1607     4.2104    -0.0066    95.9867 1.0000e-12  -64.93332  -64.39930 342.975592      99.98 5.1124e+01   3272.160      78533  1029.9663  1029.9655    34.6611    34.6602    7.74756         13 0.0000e+00
    471.000    465.854     1.3864  30.188370     1.3859  30.187218     4.1591     4.2088    -0.0056    95.9806 1.0000e-12  -64.93332  -64.39930 342.975599      99.97 5.1124e+01   3272.718      78546  1029.9616  1029.9609    34.6611    34.6602    7.74760         14 0.0000e+00
    470.000    464.867     1.3860  30.187447     1.3855  30.186283     4.1632     4.2098    -0.0137    95.9969 1.0000e-12  -64.93332  -64.39930 342.975605      99.97 5.1124e+01   3273.311      78560  1029.9569  1029.9561    34.6610    34.6600    7.74769         15 0.0000e+00
    469.000    463.878     1.3856  30.186643     1.3851  30.185408     4.1683     4.2123    -0.0126    95.9807 1.0000e-12  -64.93332  -64.39930 342.975613      99.97 5.1124e+01   3273.995      78577  1029.9522  1029.9514    34.6610    34.6599    7.74777         18 0.0000e+00
    468.000    462.892     1.3854  30.185919     1.3853  30.185064     4.1700     4.2174    -0.0052    95.9931 1.0000e-12  -64.93332  -64.39930 342.975623      99.97 5.1124e+01   3274.817      78597  1029.9475  1029.9467    34.6608    34.6598    7.74782         21 0.0000e+00
    467.000    461.903     1.3860  30.186042     1.3855  30.184827     4.1610     4.2183    -0.0145    95.9957 1.0000e-12  -64.93332  -64.39929 342.975635      99.97 5.1124e+01   3275.881      78622  1029.9428  1029.9420    34.6609    34.6599    7.74769         30 0.0000e+00
    466.000    460.915     1.3854  30.185099     1.3852  30.184220     4.1614     4.2172    -0.0113    95.9927 1.0000e-12  -64.93332  -64.39928 342.975670      99.97 5.1124e+01   3278.893      78694  1029.9381  1029.9375    34.6609    34.6600    7.74780         33 0.0000e+00
    465.000    459.928     1.3856  30.184846     1.3853  30.183811     4.1594     4.2194    -0.0059    95.9951 1.0000e-12  -64.93332  -64.39929 342.975705      99.97 5.1124e+01   3281.894      78766  1029.9334  1029.9327    34.6609    34.6599    7.74776         22 0.0000e+00
    464.000    458.940     1.3855  30.184513     1.3851  30.183228     4.1668     4.2152    -0.0050    95.9802 1.0000e-12  -64.93332  -64.39930 342.975713      99.97 5.1124e+01   3282.607      78784  1029.9290  1029.9281    34.6611    34.6600    7.74776         16 0.0000e+00
    463.000    457.951     1.3851  30.183575     1.3844  30.182074     4.1779     4.2168    -0.0150    95.9804 1.0000e-12  -64.93332  -64.39930 342.975720      99.97 5.1124e+01   3283.227      78798  1029.9243  1029.9234    34.6610    34.6599    7.74786         14 0.0000e+00
    462.000    456.963     1.3835  30.181639     1.3834  30.180407     4.1749     4.2163    -0.0133    95.9786 1.0000e-12  -64.93332  -64.39930 342.975727      99.97 5.1124e+01   3283.797      78812  1029.9195  1029.9185    34.6608    34.6594    7.74818         13 0.0000e+00
    461.000    455.973     1.3811  30.178528     1.3807  30.177032     4.1752     4.2187    -0.0065    95.9861 1.0000e-12  -64.93332  -64.39930 342.975733      99.97 5.1124e+01   3284.365      78826  1029.9145  1029.9135    34.6601    34.6587    7.74869         14 0.0000e+00
    460.000    454.989     1.3800  30.176707     1.3797  30.175785     4.1713     4.2145    -0.0067    95.9890 1.0000e-12  -64.93332  -64.39930 342.975740      99.98 5.1124e+01   3284.965      78840  1029.9096  1029.9089    34.6596    34.6587    7.74894         15 0.0000e+00
    459.000    453.999     1.3797  30.175914     1.3792  30.174740     4.1662     4.2189    -0.0146    95.9902 1.0000e-12  -64.93332  -64.39930 342.975749      99.97 5.1124e+01   3285.681      78857  1029.9048  1029.9041    34.6595    34.6585    7.74900         20 0.0000e+00
    458.000    453.010     1.3816  30.177324     1.3804  30.175514     4.1632     4.2227    -0.0147    95.9834 1.0000e-12  -64.93332  -64.39929 342.975760      99.97 5.1124e+01   3286.660      78881  1029.9002  1029.8995    34.6598    34.6588    7.74862         29 0.0000e+00
    457.000    452.023     1.3805  30.175819     1.3798  30.174437     4.1605     4.2164    -0.0100    95.9786 1.0000e-12  -64.93332  -64.39928 342.975778      99.97 5.1124e+01   3288.254      78919  1029.8955  1029.8947    34.6596    34.6586    7.74884         45 0.0000e+00
    456.000    451.032     1.3816  30.176588     1.3813  30.175596     4.1719     4.2178    -0.0128    95.9794 1.0000e-12  -64.93332  -64.39927 342.975801      99.97 5.1124e+01   3290.234      78967  1029.8909  1029.8902    34.6599    34.6591    7.74860         38 0.0000e+00
    455.000    450.048     1.3811  30.175666     1.3804  30.174238     4.1776     4.2262    -0.0002    95.9727 1.0000e-12  -64.93332  -64.39928 342.975836      99.97 5.1124e+01   3293.213      79038  1029.8863  1029.8855    34.6599    34.6589    7.74871         31 0.0000e+00
    454.000    449.059     1.3808  30.174904     1.3804  30.173680     4.1946     4.2282    -0.0061    95.9937 1.0000e-12  -64.93332  -64.39928 342.975849      99.97 5.1124e+01   3294.368      79066  1029.8815  1029.8806    34.6598    34.6587    7.74876         20 0.0000e+00
    453.000    448.071     1.3791  30.173376     1.3781  30.170707     4.1898     4.2362    -0.0063    95.9981 1.0000e-12  -64.93332  -64.39930 342.975857      99.98 5.1124e+01   3295.089      79083  1029.8774  1029.8757    34.6603    34.6581    7.74908         16 0.0000e+00
    452.000    447.084     1.3672  30.160204     1.3687  30.160466     4.1907     4.2374    -0.0062    95.9844 1.0000e-12  -64.93332  -64.39930 342.975864      99.97 5.1124e+01   3295.676      79097  1029.8717  1029.8703    34.6573    34.6559    7.75159         14 0.0000e+00
    451.000    446.092     1.3640  30.156398     1.3638  30.155078     4.2029     4.2375    -0.0148    95.9749 1.0000e-12  -64.93332  -64.39930 342.975871      99.97 5.1124e+01   3296.235      79111  1029.8666  1029.8655    34.6565    34.6551    7.75226         13 0.0000e+00
    450.000    445.107     1.3630  30.154541     1.3626  30.153344     4.2046     4.2360    -0.0150    95.9587 1.0000e-12  -64.93332  -64.39930 342.975877      99.97 5.1124e+01   3296.795      79124  1029.8614  1029.8606    34.6558    34.6547    7.75249         13 0.0000e+00
    449.000    444.119     1.3622  30.153352     1.3623  30.152586     4.2009     4.2321    -0.0150    95.9529 1.0000e-12  -64.93332  -64.39930 342.975884      99.98 5.1124e+01   3297.397      79139  1029.8568  1029.8559    34.6558    34.6547    7.75265         16 0.0000e+00
    448.000    443.130     1.3628  30.153395     1.3625  30.152465     4.1945     4.2318    -0.0150    95.9611 1.0000e-12  -64.93332  -64.39930 342.975893      99.97 5.1124e+01   3298.130      79156  1029.8519  1029.8513    34.6557    34.6549    7.75253         21 0.0000e+00
