NBP2113_155081_ctd/data/unbp2113_007.cnv
* Sea-Bird SBE 9 Data File:
* FileName = D:\Data\raw\NBP2113_007.hex
* Software Version Seasave V 7.26.7.121
* Temperature SN = 2438
* Conductivity SN = 2067
* Number of Bytes Per Scan = 40
* Number of Voltage Words = 5
* Number of Scans Averaged by the Deck Unit = 1
* NMEA Latitude = 64 56.06 S
* NMEA Longitude = 064 23.87 W
* NMEA UTC (Time) = Nov 25 2021  03:27:42
* NMEA baud rate = 9600
** Ship: RVIB N.B. Palmer
** Cruise: NBP2113 LTER
** Station: 600.040
** Operator: B. Urmston
# nquan = 25
# nvalues = 75                          
# units = specified
# name 0 = prDM: Pressure, Digiquartz [db]
# name 1 = depSM: Depth [salt water, m]
# name 2 = t090C: Temperature [ITS-90, deg C]
# name 3 = c0mS/cm: Conductivity [mS/cm]
# name 4 = t190C: Temperature, 2 [ITS-90, deg C]
# name 5 = c1mS/cm: Conductivity, 2 [mS/cm]
# name 6 = sbeox0ML/L: Oxygen, SBE 43 [ml/l]
# name 7 = sbeox1ML/L: Oxygen, SBE 43, 2 [ml/l]
# name 8 = flECO-AFL: Fluorescence, WET Labs ECO-AFL/FL [mg/m^3]
# name 9 = CStarTr0: Beam Transmission, WET Labs C-Star [%]
# name 10 = par: PAR/Irradiance, Biospherical/Licor
# name 11 = latitude: Latitude [deg]
# name 12 = longitude: Longitude [deg]
# name 13 = timeJ: Julian Days
# name 14 = altM: Altimeter [m]
# name 15 = spar: SPAR, Biospherical/Licor
# name 16 = timeS: Time, Elapsed [seconds]
# name 17 = scan: Scan Count
# name 18 = density00: Density [density, kg/m^3]
# name 19 = density11: Density, 2 [density, kg/m^3]
# name 20 = sal00: Salinity, Practical [PSU]
# name 21 = sal11: Salinity, Practical, 2 [PSU]
# name 22 = oxsolML/L: Oxygen Saturation, Garcia & Gordon [ml/l]
# name 23 = nbin: number of scans per bin
# name 24 = flag: flag
# span 0 =      1.000,     75.000       
# span 1 =      0.989,     74.251       
# span 2 =    -0.7862,    -0.1926       
# span 3 =  27.473333,  28.272434       
# span 4 =    -0.7846,    -0.1910       
# span 5 =  27.473907,  28.270424       
# span 6 =     7.3324,     8.2620       
# span 7 =     7.2396,     8.1327       
# span 8 =     0.2833,     1.4377       
# span 9 =    91.8877,    96.3781       
# span 10 = 1.0000e-12, 2.0701e+00      
# span 11 =  -64.93334,  -64.93332      
# span 12 =  -64.39883,  -64.39861      
# span 13 = 329.151236, 329.155863      
# span 14 =       1.84,     102.31      
# span 15 = 0.0000e+00, 0.0000e+00      
# span 16 =    604.752,   1004.536      
# span 17 =      14515,      24110      
# span 18 =  1027.1770,  1027.7944      
# span 19 =  1027.1756,  1027.7922      
# span 20 =    33.7901,    34.1648      
# span 21 =    33.7888,    34.1611      
# span 22 =    8.09863,    8.24737      
# span 23 =         23,         53      
# span 24 = 0.0000e+00, 0.0000e+00      
# interval = decibars: 1                
# start_time = Nov 25 2021 03:27:42 [NMEA time, header]
# bad_flag = -9.990e-29
*END*
     75.000     74.251    -0.2039  28.247896    -0.2044  28.242155     7.5273     7.4059     0.2925    95.9694 1.0000e-12  -64.93332  -64.39861 329.151236      99.97 0.0000e+00    604.752      14515  1027.7761  1027.7705    34.1349    34.1278    8.10196         36 0.0000e+00
     74.000     73.262    -0.2013  28.271211    -0.2001  28.270340     7.3324     7.2396     0.3147    96.3373 1.0000e-12  -64.93333  -64.39865 329.152312      99.98 0.0000e+00    697.740      16747  1027.7944  1027.7922    34.1636    34.1611    8.09977         30 0.0000e+00
     73.000     72.272    -0.2003  28.272434    -0.1994  28.270424     7.3456     7.2483     0.2857    96.3667 1.0000e-12  -64.93332  -64.39866 329.152400      99.97 0.0000e+00    705.378      16930  1027.7904  1027.7874    34.1648    34.1611    8.09950         39 0.0000e+00
     72.000     71.283    -0.1980  28.270483    -0.1979  28.269353     7.4155     7.2852     0.2856    96.3781 1.0000e-12  -64.93334  -64.39865 329.152428      99.98 0.0000e+00    707.775      16988  1027.7818  1027.7804    34.1602    34.1585    8.09927         53 0.0000e+00
     71.000     70.292    -0.1931  28.268934    -0.1944  28.266717     7.4810     7.3217     0.3380    96.2971 1.0000e-12  -64.93333  -64.39866 329.152460      99.98 0.0000e+00    710.539      17054  1027.7711  1027.7699    34.1533    34.1518    8.09863         50 0.0000e+00
     70.000     69.303    -0.1926  28.259016    -0.1910  28.262932     7.5927     7.3515     0.2833    96.2349 1.0000e-12  -64.93332  -64.39866 329.152484      99.98 0.0000e+00    712.652      17105  1027.7557  1027.7583    34.1402    34.1436    8.09927         36 0.0000e+00
     69.000     68.311    -0.2063  28.232849    -0.1955  28.252633     7.5319     7.3825     0.2965    96.1071 1.0000e-12  -64.93332  -64.39866 329.152508      99.97 0.0000e+00    714.697      17154  1027.7367  1027.7474    34.1212    34.1355    8.10326         35 0.0000e+00
     68.000     67.323    -0.1997  28.245942    -0.2019  28.239414     7.5871     7.4533     0.2979    95.9934 1.0000e-12  -64.93332  -64.39866 329.152553      99.98 0.0000e+00    718.620      17248  1027.7400  1027.7352    34.1319    34.1257    8.10125         38 0.0000e+00
     67.000     66.333    -0.2097  28.225586    -0.2110  28.220691     7.6187     7.4695     0.3420    95.9159 1.0000e-12  -64.93332  -64.39866 329.152570      99.98 0.0000e+00    720.063      17283  1027.7236  1027.7196    34.1165    34.1114    8.10424         30 0.0000e+00
     66.000     65.343    -0.2145  28.214858    -0.2147  28.212357     7.6164     7.4664     0.3810    95.7378 1.0000e-12  -64.93332  -64.39866 329.152587      99.97 0.0000e+00    721.517      17317  1027.7124  1027.7099    34.1081    34.1051    8.10573         39 0.0000e+00
     65.000     64.352    -0.2136  28.217040    -0.2112  28.219375     7.6046     7.4732     0.4404    95.3963 1.0000e-12  -64.93332  -64.39866 329.152620      99.97 0.0000e+00    724.349      17385  1027.7094  1027.7096    34.1107    34.1111    8.10540         40 0.0000e+00
     64.000     63.363    -0.2157  28.212317    -0.2141  28.212736     7.6150     7.4954     0.4966    95.5100 1.0000e-12  -64.93332  -64.39866 329.152649      99.97 0.0000e+00    726.852      17445  1027.7021  1027.7010    34.1074    34.1061    8.10604         40 0.0000e+00
     63.000     62.373    -0.2178  28.207922    -0.2170  28.206948     7.6567     7.5263     0.4669    95.4014 1.0000e-12  -64.93332  -64.39866 329.152668      99.97 0.0000e+00    728.534      17486  1027.6951  1027.6933    34.1044    34.1023    8.10664         39 0.0000e+00
     62.000     61.384    -0.2284  28.192859    -0.2266  28.193637     7.6602     7.5317     0.5486    95.2499 1.0000e-12  -64.93333  -64.39866 329.152691      99.97 0.0000e+00    730.464      17532  1027.6850  1027.6840    34.0969    34.0959    8.10934         41 0.0000e+00
     61.000     60.393    -0.2261  28.195536    -0.2251  28.196203     7.7135     7.5632     0.6449    95.0794 1.0000e-12  -64.93333  -64.39867 329.152722      99.97 0.0000e+00    733.211      17598  1027.6811  1027.6809    34.0985    34.0982    8.10876         47 0.0000e+00
     60.000     59.403    -0.2395  28.176572    -0.2375  28.176726     7.7942     7.6212     0.6341    95.0190 1.0000e-12  -64.93332  -64.39868 329.152744      99.97 0.0000e+00    735.096      17643  1027.6695  1027.6677    34.0888    34.0867    8.11216         35 0.0000e+00
     59.000     58.414    -0.2462  28.166119    -0.2422  28.170127     7.7948     7.6305     0.5476    95.0154 1.0000e-12  -64.93332  -64.39868 329.152760      99.97 0.0000e+00    736.435      17675  1027.6605  1027.6608    34.0830    34.0838    8.11392         32 0.0000e+00
     58.000     57.422    -0.2497  28.160906    -0.2470  28.162892     7.7961     7.6304     0.6552    94.8855 1.0000e-12  -64.93332  -64.39867 329.152778      99.97 0.0000e+00    738.044      17714  1027.6539  1027.6534    34.0805    34.0801    8.11481         41 0.0000e+00
     57.000     56.435    -0.2481  28.162510    -0.2469  28.162620     7.7689     7.6380     0.6357    94.9321 1.0000e-12  -64.93333  -64.39866 329.152821      99.97 0.0000e+00    741.739      17803  1027.6495  1027.6485    34.0815    34.0803    8.11441         35 0.0000e+00
     56.000     55.443    -0.2487  28.161191    -0.2456  28.163741     7.8104     7.6597     0.5884    94.8563 1.0000e-12  -64.93332  -64.39868 329.152838      99.97 0.0000e+00    743.223      17838  1027.6443  1027.6441    34.0810    34.0809    8.11456         27 0.0000e+00
     55.000     54.454    -0.2520  28.155397    -0.2504  28.156084     7.8059     7.6704     0.5532    94.8254 1.0000e-12  -64.93332  -64.39868 329.152851      99.97 0.0000e+00    744.306      17864  1027.6370  1027.6362    34.0776    34.0766    8.11547         27 0.0000e+00
     54.000     53.464    -0.2541  28.150831    -0.2511  28.152844     7.8051     7.6694     0.6427    94.5387 1.0000e-12  -64.93332  -64.39868 329.152866      99.97 0.0000e+00    745.661      17897  1027.6298  1027.6291    34.0745    34.0738    8.11609         36 0.0000e+00
     53.000     52.474    -0.2494  28.158273    -0.2498  28.155738     7.8182     7.6945     0.7128    94.5921 1.0000e-12  -64.93332  -64.39866 329.152911      99.97 0.0000e+00    749.538      17990  1027.6288  1027.6266    34.0797    34.0768    8.11479         35 0.0000e+00
     52.000     51.485    -0.2497  28.153039    -0.2503  28.152521     7.9096     7.7459     0.6781    94.5943 1.0000e-12  -64.93332  -64.39868 329.152934      99.97 0.0000e+00    751.479      18036  1027.6191  1027.6192    34.0736    34.0737    8.11519         29 0.0000e+00
     51.000     50.495    -0.2468  28.149155    -0.2461  28.149889     7.9251     7.7619     0.6357    94.3620 1.0000e-12  -64.93332  -64.39868 329.152947      99.97 0.0000e+00    752.601      18063  1027.6078  1027.6080    34.0658    34.0660    8.11502         26 0.0000e+00
     50.000     49.504    -0.2460  28.138176    -0.2456  28.138656     7.9165     7.7639     0.8207    93.7891 1.0000e-12  -64.93332  -64.39868 329.152961      99.97 0.0000e+00    753.816      18093  1027.5910  1027.5911    34.0509    34.0511    8.11570         33 0.0000e+00
     49.000     48.514    -0.2458  28.141549    -0.2461  28.142024     7.9022     7.7760     0.9259    93.5141 1.0000e-12  -64.93332  -64.39867 329.152994      99.97 0.0000e+00    756.657      18161  1027.5902  1027.5910    34.0558    34.0568    8.11538         36 0.0000e+00
     48.000     47.524    -0.2460  28.145467    -0.2463  28.138514     7.8645     7.7825     0.8792    93.7614 1.0000e-12  -64.93332  -64.39868 329.153033      99.97 0.0000e+00    760.051      18242  1027.5903  1027.5831    34.0619    34.0529    8.11508         41 0.0000e+00
     47.000     46.535    -0.2480  28.134597    -0.2483  28.131281     7.9285     7.7811     0.8867    93.6146 1.0000e-12  -64.93332  -64.39868 329.153055      99.97 0.0000e+00    761.987      18289  1027.5763  1027.5730    34.0502    34.0461    8.11617         35 0.0000e+00
     46.000     45.545    -0.2494  28.137184    -0.2496  28.131354     7.9862     7.8345     1.0055    93.4443 1.0000e-12  -64.93332  -64.39868 329.153099      99.97 0.0000e+00    765.710      18378  1027.5761  1027.5700    34.0559    34.0483    8.11615         37 0.0000e+00
     45.000     44.555    -0.2814  28.089890    -0.2794  28.090334     8.0456     7.8470     0.9702    93.1678 1.0000e-12  -64.93332  -64.39868 329.153122      99.97 0.0000e+00    767.768      18427  1027.5520  1027.5506    34.0290    34.0275    8.12449         35 0.0000e+00
     44.000     43.567    -0.2910  28.077805    -0.2810  28.089742     7.9995     7.8589     1.1356    92.7605 1.0000e-12  -64.93332  -64.39868 329.153159      99.97 0.0000e+00    770.962      18504  1027.5438  1027.5469    34.0243    34.0290    8.12682         28 0.0000e+00
     43.000     42.575    -0.2883  28.080599    -0.2903  28.077757     7.9708     7.8705     1.1349    92.8017 1.0000e-12  -64.93332  -64.39868 329.153209      99.97 0.0000e+00    775.253      18607  1027.5397  1027.5386    34.0257    34.0241    8.12617         36 0.0000e+00
     42.000     41.585    -0.3377  28.024449    -0.3423  28.015668     7.9897     7.8829     1.0510    92.6119 1.0000e-12  -64.93332  -64.39868 329.153232      99.97 0.0000e+00    777.212      18654  1027.5228  1027.5179    34.0064    33.9999    8.13782         41 0.0000e+00
     41.000     40.594    -0.4390  27.909750    -0.4054  27.943390     8.0263     7.8811     1.1172    92.4051 1.0000e-12  -64.93332  -64.39868 329.153253      99.97 0.0000e+00    779.099      18699  1027.4930  1027.4965    33.9667    33.9742    8.16183         34 0.0000e+00
     40.000     39.603    -0.4044  27.950703    -0.3844  27.964494     8.0425     7.9073     1.2044    92.5438 1.0000e-12  -64.93332  -64.39869 329.153317      99.97 0.0000e+00    784.557      18830  1027.4974  1027.4935    33.9835    33.9796    8.15344         33 0.0000e+00
     39.000     38.614    -0.4891  27.861637    -0.4673  27.881511     8.0524     7.9194     1.0627    92.5930 1.0000e-12  -64.93332  -64.39870 329.153372      99.97 0.0000e+00    789.360      18946  1027.4786  1027.4794    33.9595    33.9618    8.17303         38 0.0000e+00
     38.000     37.622    -0.6345  27.701873    -0.6297  27.705652     8.0231     7.9168     1.0410    92.7792 1.0000e-12  -64.93332  -64.39877 329.154842      99.97 0.0000e+00    916.389      21994  1027.4362  1027.4356    33.9080    33.9077    8.20747         33 0.0000e+00
     37.000     36.635    -0.6569  27.676112    -0.6531  27.678506     8.0203     7.9222     1.2220    92.7668 1.0000e-12  -64.93332  -64.39878 329.154996      99.97 0.0000e+00    929.639      22312  1027.4252  1027.4243    33.8990    33.8980    8.21285         37 0.0000e+00
     36.000     35.646    -0.6596  27.671736    -0.6563  27.673719     8.0224     7.9252     1.3059    92.7846 1.0000e-12  -64.93332  -64.39878 329.155036      99.97 0.0000e+00    933.106      22396  1027.4186  1027.4177    33.8967    33.8957    8.21356         38 0.0000e+00
     35.000     34.654    -0.6632  27.666948    -0.6650  27.662642     8.0776     7.9386     1.0896    92.7491 1.0000e-12  -64.93332  -64.39878 329.155063      99.97 0.0000e+00    935.420      22451  1027.4125  1027.4097    33.8949    33.8911    8.21445         40 0.0000e+00
     34.000     33.665    -0.6754  27.649581    -0.6754  27.647758     8.0726     7.9535     1.0359    92.7724 1.0000e-12  -64.93332  -64.39878 329.155081      99.97 0.0000e+00    936.986      22489  1027.4011  1027.3993    33.8858    33.8834    8.21764         37 0.0000e+00
     33.000     32.674    -0.6753  27.649467    -0.6753  27.648075     8.0644     7.9456     1.1531    92.7973 1.0000e-12  -64.93332  -64.39878 329.155104      99.97 0.0000e+00    938.964      22536  1027.3965  1027.3950    33.8861    33.8842    8.21760         41 0.0000e+00
     32.000     31.683    -0.6738  27.650915    -0.6759  27.646271     8.0666     7.9586     1.1897    92.8091 1.0000e-12  -64.93333  -64.39878 329.155133      99.97 0.0000e+00    941.518      22597  1027.3922  1027.3892    33.8870    33.8831    8.21721         42 0.0000e+00
     31.000     30.695    -0.6782  27.644505    -0.6799  27.640394     8.1460     8.0054     1.0971    92.7855 1.0000e-12  -64.93332  -64.39878 329.155155      99.97 0.0000e+00    943.423      22643  1027.3851  1027.3823    33.8839    33.8803    8.21836         41 0.0000e+00
     30.000     29.703    -0.6888  27.632169    -0.6869  27.632573     8.1993     8.0402     1.1378    92.7739 1.0000e-12  -64.93332  -64.39878 329.155176      99.97 0.0000e+00    945.180      22685  1027.3777  1027.3762    33.8798    33.8781    8.22090         35 0.0000e+00
     29.000     28.713    -0.6948  27.625669    -0.6938  27.624302     8.2258     8.0897     1.2564    92.7052 1.0000e-12  -64.93332  -64.39878 329.155200      99.97 0.0000e+00    947.313      22737  1027.3719  1027.3695    33.8783    33.8754    8.22229         37 0.0000e+00
     28.000     27.723    -0.7026  27.616155    -0.7054  27.611132     8.2396     8.1082     1.2250    92.6822 1.0000e-12  -64.93332  -64.39878 329.155223      99.97 0.0000e+00    949.288      22784  1027.3648  1027.3620    33.8749    33.8712    8.22420         40 0.0000e+00
     27.000     26.734    -0.7086  27.607962    -0.7103  27.604036     8.2203     8.1043     1.2277    92.5696 1.0000e-12  -64.93332  -64.39878 329.155246      99.97 0.0000e+00    951.217      22830  1027.3572  1027.3546    33.8711    33.8677    8.22571         44 0.0000e+00
     26.000     25.744    -0.7136  27.600245    -0.7162  27.595022     8.2441     8.1130     1.4377    92.3084 1.0000e-12  -64.93332  -64.39878 329.155271      99.97 0.0000e+00    953.382      22882  1027.3491  1027.3459    33.8669    33.8627    8.22705         42 0.0000e+00
     25.000     24.754    -0.7223  27.588483    -0.7217  27.587274     8.2620     8.1277     1.2963    92.2486 1.0000e-12  -64.93332  -64.39879 329.155291      99.97 0.0000e+00    955.116      22924  1027.3403  1027.3384    33.8613    33.8590    8.22926         37 0.0000e+00
     24.000     23.764    -0.7243  27.584902    -0.7254  27.581133     8.2062     8.1176     1.2233    92.2263 1.0000e-12  -64.93332  -64.39880 329.155308      99.97 0.0000e+00    956.623      22960  1027.3339  1027.3309    33.8594    33.8555    8.22982         38 0.0000e+00
     23.000     22.776    -0.7202  27.589229    -0.7218  27.585318     8.2176     8.1180     1.3905    92.1525 1.0000e-12  -64.93332  -64.39878 329.155336      99.97 0.0000e+00    959.019      23017  1027.3302  1027.3275    33.8612    33.8577    8.22881         23 0.0000e+00
     22.000     21.784    -0.7215  27.586264    -0.7204  27.585568     8.2151     8.1123     1.3753    92.2136 1.0000e-12  -64.93332  -64.39878 329.155369      99.97 0.0000e+00    961.849      23085  1027.3239  1027.3220    33.8594    33.8571    8.22922         39 0.0000e+00
     21.000     20.794    -0.7242  27.580069    -0.7244  27.576979     8.2264     8.1174     1.1620    92.1748 1.0000e-12  -64.93332  -64.39880 329.155385      92.14 0.0000e+00    963.260      23119  1027.3154  1027.3122    33.8546    33.8507    8.23008         30 0.0000e+00
     20.000     19.803    -0.7251  27.574642    -0.7250  27.572391     8.2314     8.1212     1.1435    92.1496 1.0000e-12  -64.93332  -64.39880 329.155400      69.96 0.0000e+00    964.542      23150  1027.3060  1027.3034    33.8488    33.8457    8.23060         31 0.0000e+00
     19.000     18.812    -0.7248  27.573279    -0.7258  27.569237     8.2376     8.1312     1.3096    92.1316 1.0000e-12  -64.93332  -64.39880 329.155420     102.31 0.0000e+00    966.270      23191  1027.2998  1027.2964    33.8473    33.8430    8.23063         34 0.0000e+00
