NBP2113_155081_ctd/data/unbp2113_020.cnv
* Sea-Bird SBE 9 Data File:
* FileName = D:\Data\raw\NBP2113_020.hex
* Software Version Seasave V 7.26.7.121
* Temperature SN = 2438
* Conductivity SN = 2067
* Number of Bytes Per Scan = 40
* Number of Voltage Words = 5
* Number of Scans Averaged by the Deck Unit = 1
* NMEA Latitude = 66 30.70 S
* NMEA Longitude = 069 51.30 W
* NMEA UTC (Time) = Nov 29 2021  16:09:08
* NMEA baud rate = 9600
** Ship: RVIB N.B. Palmer
** Cruise: NBP2113 LTER
** Station: 300.100
** Operator: S. Blackman
# nquan = 25
# nvalues = 475                         
# units = specified
# name 0 = prDM: Pressure, Digiquartz [db]
# name 1 = depSM: Depth [salt water, m]
# name 2 = t090C: Temperature [ITS-90, deg C]
# name 3 = c0mS/cm: Conductivity [mS/cm]
# name 4 = t190C: Temperature, 2 [ITS-90, deg C]
# name 5 = c1mS/cm: Conductivity, 2 [mS/cm]
# name 6 = sbeox0ML/L: Oxygen, SBE 43 [ml/l]
# name 7 = sbeox1ML/L: Oxygen, SBE 43, 2 [ml/l]
# name 8 = flECO-AFL: Fluorescence, WET Labs ECO-AFL/FL [mg/m^3]
# name 9 = CStarTr0: Beam Transmission, WET Labs C-Star [%]
# name 10 = par: PAR/Irradiance, Biospherical/Licor
# name 11 = latitude: Latitude [deg]
# name 12 = longitude: Longitude [deg]
# name 13 = timeJ: Julian Days
# name 14 = altM: Altimeter [m]
# name 15 = spar: SPAR, Biospherical/Licor
# name 16 = timeS: Time, Elapsed [seconds]
# name 17 = scan: Scan Count
# name 18 = density00: Density [density, kg/m^3]
# name 19 = density11: Density, 2 [density, kg/m^3]
# name 20 = sal00: Salinity, Practical [PSU]
# name 21 = sal11: Salinity, Practical, 2 [PSU]
# name 22 = oxsolML/L: Oxygen Saturation, Garcia & Gordon [ml/l]
# name 23 = nbin: number of scans per bin
# name 24 = flag: flag
# span 0 =      1.000,    475.000       
# span 1 =      0.990,    469.755       
# span 2 =    -1.0204,     1.4797       
# span 3 =  27.513037,  30.241230       
# span 4 =    -1.0223,     1.4792       
# span 5 =  27.510863,  30.240237       
# span 6 =     3.9224,     8.4328       
# span 7 =     3.9930,     8.2061       
# span 8 =    -0.0223,     1.6151       
# span 9 =    91.9205,    97.4978       
# span 10 = 1.0000e-12, 9.9330e+02      
# span 11 =  -66.51126,  -66.51094      
# span 12 =  -69.86315,  -69.86094      
# span 13 = 333.686081, 333.693074      
# span 14 =       1.10,     100.15      
# span 15 = 1.0360e+03, 1.1092e+03      
# span 16 =   1129.408,   1733.613      
# span 17 =      27107,      41608      
# span 18 =  1027.3458,  1030.0403      
# span 19 =  1027.3447,  1030.0397      
# span 20 =    34.0137,    34.7262      
# span 21 =    34.0123,    34.7253      
# span 22 =    7.72717,    8.28244      
# span 23 =         11,         45      
# span 24 = 0.0000e+00, 0.0000e+00      
# interval = decibars: 1                
# start_time = Nov 29 2021 16:09:08 [NMEA time, header]
# bad_flag = -9.990e-29
*END*
    475.000    469.755     1.2762  30.144586     1.2762  30.143971     4.3327     4.3930     0.0061    97.4075 1.0000e-12  -66.51126  -69.86094 333.686081       6.71 1.0877e+03   1129.408      27107  1030.0403  1030.0397    34.7246    34.7239    7.76593         34 0.0000e+00
    474.000    468.767     1.2761  30.144085     1.2760  30.143360     4.3286     4.3938    -0.0008    97.3950 1.0000e-12  -66.51126  -69.86094 333.686095       7.63 1.0877e+03   1130.582      27135  1030.0357  1030.0351    34.7247    34.7239    7.76595         32 0.0000e+00
    473.000    467.781     1.2762  30.143862     1.2774  30.144182     4.3285     4.3922    -0.0065    97.3948 1.0000e-12  -66.51126  -69.86094 333.686114       8.72 1.0878e+03   1132.218      27174  1030.0311  1030.0302    34.7249    34.7239    7.76592         30 0.0000e+00
    472.000    466.790     1.2790  30.145803     1.2800  30.146095     4.3274     4.3934    -0.0085    97.4003 1.0000e-12  -66.51126  -69.86095 333.686200       9.64 1.0885e+03   1139.711      27354  1030.0261  1030.0254    34.7248    34.7241    7.76536         29 0.0000e+00
    471.000    465.805     1.2801  30.146176     1.2801  30.145663     4.3224     4.3948    -0.0068    97.4198 1.0000e-12  -66.51125  -69.86098 333.686227      10.35 1.0877e+03   1142.020      27409  1030.0212  1030.0207    34.7247    34.7240    7.76516         18 0.0000e+00
    470.000    464.816     1.2789  30.144752     1.2783  30.143671     4.3225     4.3933    -0.0073    97.3992 1.0000e-12  -66.51124  -69.86099 333.686235      11.19 1.0880e+03   1142.663      27425  1030.0167  1030.0162    34.7247    34.7240    7.76539         16 0.0000e+00
    469.000    463.828     1.2772  30.142833     1.2771  30.142137     4.3245     4.3937    -0.0009    97.3742 1.0000e-12  -66.51124  -69.86100 333.686242      12.07 1.0894e+03   1143.306      27440  1030.0122  1030.0116    34.7247    34.7239    7.76573         16 0.0000e+00
    468.000    462.841     1.2767  30.142042     1.2767  30.141285     4.3331     4.3923    -0.0051    97.3693 1.0000e-12  -66.51124  -69.86100 333.686250      13.26 1.0897e+03   1143.993      27457  1030.0077  1030.0069    34.7248    34.7239    7.76582         18 0.0000e+00
    467.000    461.851     1.2771  30.141842     1.2770  30.141153     4.3329     4.3932    -0.0093    97.3841 1.0000e-12  -66.51124  -69.86099 333.686261      14.46 1.0923e+03   1144.968      27480  1030.0029  1030.0023    34.7247    34.7239    7.76575         30 0.0000e+00
    466.000    460.863     1.2771  30.141475     1.2769  30.140647     4.3248     4.3960    -0.0017    97.3705 1.0000e-12  -66.51126  -69.86095 333.686299      15.64 1.0944e+03   1148.238      27559  1029.9983  1029.9976    34.7248    34.7239    7.76574         25 0.0000e+00
    465.000    459.878     1.2772  30.141085     1.2772  30.140302     4.3212     4.3930    -0.0133    97.3943 1.0000e-12  -66.51126  -69.86096 333.686324      16.53 1.0955e+03   1150.416      27611  1029.9935  1029.9928    34.7247    34.7238    7.76572         34 0.0000e+00
    464.000    458.889     1.2777  30.141068     1.2775  30.140134     4.3285     4.3904    -0.0039    97.3880 1.0000e-12  -66.51126  -69.86096 333.686339      17.48 1.0907e+03   1151.673      27641  1029.9888  1029.9880    34.7248    34.7238    7.76563         30 0.0000e+00
    463.000    457.901     1.2780  30.140967     1.2781  30.140209     4.3286     4.3908    -0.0072    97.3872 1.0000e-12  -66.51125  -69.86097 333.686353      18.44 1.0860e+03   1152.878      27670  1029.9842  1029.9833    34.7249    34.7238    7.76556         27 0.0000e+00
    462.000    456.913     1.2783  30.140803     1.2789  30.140564     4.3316     4.3914    -0.0116    97.3813 1.0000e-12  -66.51124  -69.86099 333.686366      19.36 1.0846e+03   1153.985      27697  1029.9794  1029.9786    34.7249    34.7240    7.76549         25 0.0000e+00
    461.000    455.924     1.2788  30.140762     1.2789  30.140151     4.3259     4.3963    -0.0076    97.4049 1.0000e-12  -66.51124  -69.86100 333.686377      20.33 1.0864e+03   1154.969      27720  1029.9747  1029.9740    34.7249    34.7240    7.76541         22 0.0000e+00
    460.000    454.937     1.2800  30.141534     1.2802  30.140939     4.3207     4.3914    -0.0087    97.3937 1.0000e-12  -66.51124  -69.86100 333.686387      21.28 1.0883e+03   1155.865      27742  1029.9701  1029.9693    34.7251    34.7241    7.76515         21 0.0000e+00
    459.000    453.950     1.2811  30.142013     1.2812  30.141367     4.3201     4.3891    -0.0150    97.3801 1.0000e-12  -66.51124  -69.86100 333.686398      22.31 1.0907e+03   1156.775      27764  1029.9652  1029.9645    34.7250    34.7241    7.76493         21 0.0000e+00
    458.000    452.961     1.2810  30.141337     1.2809  30.140671     4.3318     4.3935    -0.0116    97.3911 1.0000e-12  -66.51124  -69.86100 333.686411      23.44 1.0933e+03   1157.906      27791  1029.9605  1029.9599    34.7249    34.7241    7.76497         34 0.0000e+00
    457.000    451.974     1.2803  30.140378     1.2797  30.139057     4.3317     4.3924    -0.0026    97.3925 1.0000e-12  -66.51124  -69.86100 333.686443      24.66 1.0946e+03   1160.664      27857  1029.9560  1029.9553    34.7250    34.7241    7.76510         34 0.0000e+00
    456.000    450.986     1.2813  30.140636     1.2809  30.139615     4.3310     4.3909    -0.0072    97.3949 1.0000e-12  -66.51124  -69.86098 333.686467      25.44 1.0966e+03   1162.709      27906  1029.9510  1029.9504    34.7248    34.7240    7.76490         29 0.0000e+00
    455.000    449.999     1.2842  30.142860     1.2827  30.140990     4.3270     4.3953    -0.0092    97.3974 1.0000e-12  -66.51124  -69.86099 333.686477      26.29 1.0943e+03   1163.648      27929  1029.9462  1029.9458    34.7250    34.7243    7.76432         20 0.0000e+00
    454.000    449.008     1.2897  30.147381     1.2907  30.147528     4.3195     4.3900    -0.0150    97.3887 1.0000e-12  -66.51124  -69.86100 333.686486      27.09 1.0918e+03   1164.422      27947  1029.9411  1029.9403    34.7253    34.7244    7.76322         17 0.0000e+00
    453.000    448.022     1.2933  30.150260     1.2927  30.148943     4.3174     4.3862    -0.0090    97.3903 1.0000e-12  -66.51124  -69.86100 333.686495      28.11 1.0897e+03   1165.127      27964  1029.9363  1029.9355    34.7256    34.7245    7.76250         17 0.0000e+00
    452.000    447.034     1.2974  30.153429     1.2980  30.153111     4.3148     4.3889    -0.0068    97.3507 1.0000e-12  -66.51123  -69.86101 333.686502      29.01 1.0877e+03   1165.783      27980  1029.9313  1029.9304    34.7257    34.7246    7.76169         15 0.0000e+00
    451.000    446.048     1.2994  30.154805     1.3000  30.154399     4.3107     4.3856     0.0006    97.3512 1.0000e-12  -66.51122  -69.86102 333.686509      29.96 1.0877e+03   1166.394      27994  1029.9265  1029.9255    34.7257    34.7246    7.76128         14 0.0000e+00
    450.000    445.057     1.3008  30.155612     1.3010  30.154978     4.3111     4.3828     0.0006    97.3691 1.0000e-12  -66.51122  -69.86104 333.686516      31.03 1.0877e+03   1166.978      28008  1029.9217  1029.9209    34.7258    34.7248    7.76100         14 0.0000e+00
    449.000    444.071     1.3031  30.157067     1.3032  30.156509     4.3122     4.3803     0.0002    97.3691 1.0000e-12  -66.51122  -69.86104 333.686522      32.06 1.0877e+03   1167.542      28022  1029.9167  1029.9161    34.7257    34.7249    7.76055         13 0.0000e+00
    448.000    443.083     1.3052  30.158354     1.3050  30.157555     4.3106     4.3827    -0.0049    97.3691 1.0000e-12  -66.51122  -69.86104 333.686529      32.97 1.0881e+03   1168.134      28036  1029.9118  1029.9112    34.7256    34.7248    7.76015         15 0.0000e+00
    447.000    442.092     1.3064  30.159106     1.3060  30.158039     4.3141     4.3830    -0.0147    97.3691 1.0000e-12  -66.51122  -69.86104 333.686537      34.07 1.0912e+03   1168.815      28053  1029.9072  1029.9065    34.7258    34.7249    7.75990         19 0.0000e+00
    446.000    441.107     1.3053  30.157610     1.3048  30.156372     4.3156     4.3790    -0.0054    97.3530 1.0000e-12  -66.51123  -69.86104 333.686572      35.37 1.0952e+03   1171.838      28125  1029.9027  1029.9019    34.7257    34.7247    7.76013         28 0.0000e+00
    445.000    440.119     1.3050  30.156817     1.3036  30.154875     4.3096     4.3815    -0.0062    97.3681 1.0000e-12  -66.51122  -69.86104 333.686624      36.15 1.0973e+03   1176.319      28233  1029.8981  1029.8974    34.7256    34.7246    7.76019         19 0.0000e+00
    444.000    439.130     1.3067  30.157959     1.3050  30.155783     4.3113     4.3839    -0.0112    97.3691 1.0000e-12  -66.51122  -69.86104 333.686631      37.10 1.0980e+03   1176.961      28248  1029.8933  1029.8927    34.7257    34.7248    7.75984         17 0.0000e+00
    443.000    438.143     1.3086  30.159265     1.3084  30.158251     4.3180     4.3837    -0.0145    97.3723 1.0000e-12  -66.51122  -69.86105 333.686639      38.02 1.0965e+03   1177.642      28264  1029.8885  1029.8877    34.7258    34.7247    7.75946         16 0.0000e+00
    442.000    437.155     1.3126  30.162329     1.3111  30.160249     4.3187     4.3850    -0.0083    97.3707 1.0000e-12  -66.51122  -69.86106 333.686647      38.92 1.0965e+03   1178.295      28280  1029.8835  1029.8828    34.7259    34.7249    7.75866         16 0.0000e+00
    441.000    436.165     1.3154  30.164379     1.3143  30.162712     4.3104     4.3795    -0.0058    97.3458 1.0000e-12  -66.51120  -69.86106 333.686655      40.03 1.0965e+03   1178.939      28296  1029.8786  1029.8780    34.7260    34.7251    7.75811         15 0.0000e+00
    440.000    435.178     1.3185  30.166821     1.3182  30.165524     4.3094     4.3759     0.0006    97.3174 1.0000e-12  -66.51120  -69.86106 333.686662      40.98 1.0965e+03   1179.588      28311  1029.8738  1029.8728    34.7262    34.7250    7.75748         15 0.0000e+00
    439.000    434.191     1.3202  30.167611     1.3198  30.166624     4.3127     4.3813     0.0005    97.3176 1.0000e-12  -66.51120  -69.86108 333.686670      42.01 1.0978e+03   1180.246      28327  1029.8688  1029.8682    34.7260    34.7252    7.75717         16 0.0000e+00
    438.000    433.203     1.3206  30.167581     1.3203  30.166588     4.3141     4.3775     0.0004    97.3736 1.0000e-12  -66.51120  -69.86109 333.686678      43.01 1.0983e+03   1180.941      28344  1029.8642  1029.8635    34.7261    34.7252    7.75708         18 0.0000e+00
    437.000    432.214     1.3206  30.167121     1.3204  30.166268     4.3156     4.3727    -0.0000    97.2309 1.0000e-12  -66.51120  -69.86110 333.686686      44.11 1.0983e+03   1181.710      28362  1029.8596  1029.8588    34.7261    34.7252    7.75709         20 0.0000e+00
    436.000    431.226     1.3179  30.164147     1.3185  30.163979     4.3176     4.3795    -0.0058    97.3358 1.0000e-12  -66.51121  -69.86110 333.686699      45.45 1.0990e+03   1182.757      28387  1029.8550  1029.8542    34.7258    34.7250    7.75763         32 0.0000e+00
    435.000    430.240     1.3206  30.166091     1.3199  30.164916     4.3179     4.3828    -0.0064    97.3775 1.0000e-12  -66.51122  -69.86110 333.686741      46.64 1.1004e+03   1186.465      28476  1029.8502  1029.8496    34.7259    34.7251    7.75710         43 0.0000e+00
    434.000    429.251     1.3214  30.166375     1.3213  30.165432     4.3143     4.3796    -0.0012    97.3969 1.0000e-12  -66.51122  -69.86110 333.686790      47.28 1.0991e+03   1190.646      28576  1029.8456  1029.8447    34.7260    34.7249    7.75694         26 0.0000e+00
    433.000    428.263     1.3233  30.167577     1.3220  30.165928     4.3100     4.3825    -0.0041    97.3817 1.0000e-12  -66.51120  -69.86112 333.686797      48.02 1.0983e+03   1191.285      28592  1029.8407  1029.8403    34.7260    34.7253    7.75656         16 0.0000e+00
    432.000    427.273     1.3240  30.167842     1.3241  30.167144     4.3104     4.3806    -0.0072    97.3870 1.0000e-12  -66.51120  -69.86113 333.686804      48.86 1.0983e+03   1191.889      28606  1029.8360  1029.8352    34.7261    34.7251    7.75641         13 0.0000e+00
    431.000    426.285     1.3246  30.167910     1.3246  30.167114     4.3113     4.3755    -0.0077    97.3820 1.0000e-12  -66.51120  -69.86114 333.686810      49.83 1.0983e+03   1192.395      28618  1029.8313  1029.8305    34.7261    34.7251    7.75630         12 0.0000e+00
    430.000    425.300     1.3252  30.167957     1.3251  30.167080     4.3147     4.3775    -0.0077    97.3831 1.0000e-12  -66.51120  -69.86115 333.686816      50.94 1.0985e+03   1192.874      28630  1029.8265  1029.8258    34.7261    34.7251    7.75617         11 0.0000e+00
    429.000    424.309     1.3259  30.168134     1.3258  30.167194     4.3141     4.3766    -0.0077    97.3757 1.0000e-12  -66.51120  -69.86116 333.686821      51.66 1.1000e+03   1193.345      28641  1029.8217  1029.8209    34.7261    34.7250    7.75603         12 0.0000e+00
    428.000    423.322     1.3270  30.168629     1.3269  30.167698     4.3088     4.3760    -0.0077    97.3776 1.0000e-12  -66.51120  -69.86116 333.686827      53.02 1.1000e+03   1193.833      28653  1029.8170  1029.8161    34.7260    34.7250    7.75581         12 0.0000e+00
    427.000    422.332     1.3279  30.169023     1.3275  30.167862     4.3079     4.3711    -0.0077    97.3836 1.0000e-12  -66.51120  -69.86116 333.686833      54.11 1.1000e+03   1194.384      28666  1029.8123  1029.8114    34.7262    34.7251    7.75564         14 0.0000e+00
    426.000    421.346     1.3277  30.168354     1.3271  30.166967     4.3119     4.3698    -0.0077    97.3595 1.0000e-12  -66.51120  -69.86116 333.686841      55.27 1.1017e+03   1195.084      28683  1029.8076  1029.8068    34.7261    34.7251    7.75568         20 0.0000e+00
    425.000    420.358     1.3279  30.167998     1.3271  30.166699     4.3123     4.3717    -0.0032    97.3882 1.0000e-12  -66.51122  -69.86115 333.686860      56.63 1.1029e+03   1196.745      28723  1029.8028  1029.8023    34.7260    34.7252    7.75564         37 0.0000e+00
    424.000    419.370     1.3350  30.173721     1.3343  30.172444     4.3026     4.3692    -0.0077    97.4103 1.0000e-12  -66.51123  -69.86115 333.686919      57.47 1.1006e+03   1201.831      28845  1029.7975  1029.7969    34.7260    34.7252    7.75424         29 0.0000e+00
    423.000    418.381     1.3297  30.168837     1.3295  30.167842     4.3027     4.3688     0.0004    97.3947 1.0000e-12  -66.51122  -69.86116 333.686928      58.27 1.0983e+03   1202.547      28862  1029.7936  1029.7927    34.7262    34.7252    7.75528         19 0.0000e+00
    422.000    417.394     1.3347  30.172644     1.3328  30.170272     4.2980     4.3687    -0.0043    97.4044 1.0000e-12  -66.51122  -69.86118 333.686937      59.31 1.0983e+03   1203.338      28881  1029.7883  1029.7877    34.7262    34.7252    7.75430         19 0.0000e+00
    421.000    416.404     1.3403  30.176917     1.3405  30.176460     4.2988     4.3688    -0.0076    97.4150 1.0000e-12  -66.51122  -69.86120 333.686947      60.34 1.0991e+03   1204.212      28902  1029.7830  1029.7823    34.7260    34.7252    7.75321         24 0.0000e+00
    420.000    415.418     1.3420  30.177943     1.3411  30.176565     4.3006     4.3663    -0.0104    97.4318 1.0000e-12  -66.51120  -69.86120 333.686961      61.56 1.1000e+03   1205.396      28931  1029.7781  1029.7775    34.7259    34.7252    7.75286         32 0.0000e+00
    419.000    414.430     1.3421  30.177719     1.3433  30.177966     4.2892     4.3640    -0.0151    97.4340 1.0000e-12  -66.51120  -69.86121 333.686975      62.55 1.1013e+03   1206.615      28960  1029.7736  1029.7727    34.7262    34.7252    7.75284         25 0.0000e+00
