NBP2113_155081_ctd/data/unbp2113_024.cnv
* Sea-Bird SBE 9 Data File:
* FileName = D:\Data\raw\NBP2113_024.hex
* Software Version Seasave V 7.26.7.121
* Temperature SN = 2438
* Conductivity SN = 2067
* Number of Bytes Per Scan = 40
* Number of Voltage Words = 5
* Number of Scans Averaged by the Deck Unit = 1
* NMEA Latitude = 67 06.83 S
* NMEA Longitude = 071 31.86 W
* NMEA UTC (Time) = Dec 02 2021  07:40:38
* NMEA baud rate = 9600
** Ship: RVIB N.B. Palmer
** Cruise: NBP2113 LTER
** Station: 200.100
** Operator: B. Urmston
# nquan = 25
# nvalues = 421                         
# units = specified
# name 0 = prDM: Pressure, Digiquartz [db]
# name 1 = depSM: Depth [salt water, m]
# name 2 = t090C: Temperature [ITS-90, deg C]
# name 3 = c0mS/cm: Conductivity [mS/cm]
# name 4 = t190C: Temperature, 2 [ITS-90, deg C]
# name 5 = c1mS/cm: Conductivity, 2 [mS/cm]
# name 6 = sbeox0ML/L: Oxygen, SBE 43 [ml/l]
# name 7 = sbeox1ML/L: Oxygen, SBE 43, 2 [ml/l]
# name 8 = flECO-AFL: Fluorescence, WET Labs ECO-AFL/FL [mg/m^3]
# name 9 = CStarTr0: Beam Transmission, WET Labs C-Star [%]
# name 10 = par: PAR/Irradiance, Biospherical/Licor
# name 11 = latitude: Latitude [deg]
# name 12 = longitude: Longitude [deg]
# name 13 = timeJ: Julian Days
# name 14 = altM: Altimeter [m]
# name 15 = spar: SPAR, Biospherical/Licor
# name 16 = timeS: Time, Elapsed [seconds]
# name 17 = scan: Scan Count
# name 18 = density00: Density [density, kg/m^3]
# name 19 = density11: Density, 2 [density, kg/m^3]
# name 20 = sal00: Salinity, Practical [PSU]
# name 21 = sal11: Salinity, Practical, 2 [PSU]
# name 22 = oxsolML/L: Oxygen Saturation, Garcia & Gordon [ml/l]
# name 23 = nbin: number of scans per bin
# name 24 = flag: flag
# span 0 =      1.000,    421.000       
# span 1 =      0.990,    416.390       
# span 2 =    -0.4943,     1.4683       
# span 3 =  27.886151,  30.199828       
# span 4 =    -0.4946,     1.4675       
# span 5 =  27.882935,  30.198172       
# span 6 =     3.8460,    17.6668       
# span 7 =     3.9074,     9.9644       
# span 8 =    -0.0148,     3.2440       
# span 9 =    87.7380,    97.2708       
# span 10 = 1.0000e-12, 5.7867e+01      
# span 11 =  -67.11402,  -67.11382      
# span 12 =  -71.53106,  -71.53022      
# span 13 = 336.331947, 336.344568      
# span 14 =       9.01,     100.64      
# span 15 = 4.5830e+01, 5.8175e+01      
# span 16 =   1042.232,   2132.679      
# span 17 =      25015,      51185      
# span 18 =  1027.3386,  1029.7676      
# span 19 =  1027.3372,  1029.7660      
# span 20 =    34.0145,    34.7101      
# span 21 =    34.0122,    34.7082      
# span 22 =    7.72970,    8.17097      
# span 23 =          8,         45      
# span 24 = 0.0000e+00, 0.0000e+00      
# interval = decibars: 1                
# start_time = Dec 02 2021 07:40:38 [NMEA time, header]
# bad_flag = -9.990e-29
*END*
[from data line 116]
    305.000    301.743     1.4261  30.176494     1.4261  30.175099     3.9285     3.9857    -0.0047    97.2125 1.0000e-12  -67.11394  -71.53093 336.335888      99.97 5.4649e+01   1382.721      33186  1029.2092  1029.2078    34.6975    34.6957    7.73785         17 0.0000e+00
    304.000    300.754     1.4265  30.176361     1.4252  30.174041     3.9322     3.9872     0.0014    97.2179 1.0000e-12  -67.11394  -71.53091 336.335898      99.97 5.4649e+01   1383.613      33208  1029.2044  1029.2033    34.6974    34.6959    7.73776         28 0.0000e+00
    303.000    299.767     1.4217  30.172158     1.4229  30.171682     3.9289     3.9940     0.0040    97.1864 1.0000e-12  -67.11396  -71.53090 336.335963      99.97 5.3945e+01   1389.174      33341  1029.2007  1029.1990    34.6979    34.6960    7.73868         19 0.0000e+00
    302.000    298.777     1.4233  30.173056     1.4233  30.171501     3.9308     3.9913     0.0009    97.1938 1.0000e-12  -67.11396  -71.53092 336.335975      99.98 5.4327e+01   1390.269      33367  1029.1959  1029.1943    34.6980    34.6960    7.73837         16 0.0000e+00
    301.000    297.789     1.4249  30.173705     1.4242  30.171765     3.9294     3.9898     0.0101    97.2033 1.0000e-12  -67.11395  -71.53092 336.335982      99.97 5.4318e+01   1390.893      33382  1029.1907  1029.1894    34.6976    34.6958    7.73808         16 0.0000e+00
    300.000    296.801     1.4259  30.174037     1.4255  30.172382     3.9235     3.9937     0.0133    97.1914 1.0000e-12  -67.11394  -71.53092 336.335990      99.97 5.4062e+01   1391.541      33398  1029.1858  1029.1845    34.6975    34.6958    7.73789         15 0.0000e+00
    299.000    295.811     1.4270  30.174562     1.4268  30.172875     3.9206     4.0006     0.0035    97.2146 1.0000e-12  -67.11394  -71.53092 336.335997      99.98 5.3239e+01   1392.167      33413  1029.1810  1029.1795    34.6974    34.6956    7.73766         15 0.0000e+00
    298.000    294.825     1.4302  30.176474     1.4295  30.174456     3.9275     4.0003     0.0020    97.2146 1.0000e-12  -67.11394  -71.53092 336.336004      99.98 5.3355e+01   1392.788      33428  1029.1756  1029.1742    34.6970    34.6951    7.73707         15 0.0000e+00
    297.000    293.836     1.4312  30.176617     1.4306  30.174726     3.9328     3.9935    -0.0057    97.2146 1.0000e-12  -67.11394  -71.53092 336.336012      99.98 5.4052e+01   1393.409      33443  1029.1705  1029.1692    34.6966    34.6949    7.73689         15 0.0000e+00
    296.000    292.845     1.4316  30.176281     1.4312  30.174599     3.9325     3.9864    -0.0005    97.2146 1.0000e-12  -67.11394  -71.53090 336.336019      99.97 5.4098e+01   1394.056      33458  1029.1655  1029.1643    34.6963    34.6947    7.73682         16 0.0000e+00
    295.000    291.856     1.4309  30.175239     1.4314  30.174248     3.9312     3.9836     0.0030    97.2146 1.0000e-12  -67.11394  -71.53090 336.336028      99.98 5.3653e+01   1394.815      33477  1029.1610  1029.1595    34.6964    34.6945    7.73696         21 0.0000e+00
    294.000    290.869     1.4294  30.173850     1.4293  30.172375     3.9324     3.9866     0.0036    97.2146 1.0000e-12  -67.11395  -71.53090 336.336054      99.98 5.2884e+01   1397.087      33531  1029.1568  1029.1554    34.6968    34.6950    7.73723         24 0.0000e+00
    293.000    289.884     1.4303  30.174140     1.4298  30.172240     3.9257     3.9884    -0.0052    97.2146 1.0000e-12  -67.11394  -71.53092 336.336121      99.98 5.3663e+01   1402.858      33670  1029.1521  1029.1507    34.6968    34.6949    7.73706          9 0.0000e+00
    292.000    288.889     1.4308  30.174041     1.4302  30.172199     3.9239     3.9868    -0.0053    97.2146 1.0000e-12  -67.11394  -71.53092 336.336126      99.98 5.3479e+01   1403.281      33680  1029.1473  1029.1459    34.6967    34.6950    7.73696          9 0.0000e+00
    291.000    287.900     1.4312  30.173928     1.4307  30.172033     3.9254     3.9856    -0.0059    97.2146 1.0000e-12  -67.11394  -71.53092 336.336130      99.97 5.3325e+01   1403.649      33689  1029.1425  1029.1410    34.6966    34.6948    7.73687          8 0.0000e+00
    290.000    286.920     1.4318  30.173799     1.4315  30.172156     3.9243     3.9859    -0.0070    97.1879 1.0000e-12  -67.11394  -71.53092 336.336135      99.98 5.3783e+01   1404.034      33698  1029.1375  1029.1362    34.6964    34.6946    7.73677         10 0.0000e+00
    289.000    285.922     1.4326  30.174011     1.4321  30.172046     3.9275     3.9880    -0.0053    97.1888 1.0000e-12  -67.11394  -71.53092 336.336139      99.97 5.2888e+01   1404.416      33707  1029.1327  1029.1313    34.6964    34.6944    7.73662          9 0.0000e+00
    288.000    284.936     1.4343  30.174844     1.4338  30.173023     3.9308     3.9862    -0.0044    97.1888 1.0000e-12  -67.11394  -71.53092 336.336144      99.98 5.2886e+01   1404.830      33717  1029.1277  1029.1264    34.6962    34.6944    7.73631         11 0.0000e+00
    287.000    283.950     1.4363  30.176113     1.4367  30.174866     3.9325     3.9846     0.0046    97.1868 1.0000e-12  -67.11394  -71.53092 336.336150      99.98 5.2886e+01   1405.328      33729  1029.1228  1029.1211    34.6961    34.6941    7.73591         13 0.0000e+00
    286.000    282.958     1.4359  30.175159     1.4350  30.173098     3.9353     3.9835     0.0063    97.2020 1.0000e-12  -67.11394  -71.53091 336.336171      99.98 5.2886e+01   1407.167      33773  1029.1180  1029.1168    34.6960    34.6943    7.73600         27 0.0000e+00
    285.000    281.972     1.4336  30.172947     1.4337  30.171461     3.9309     3.9813     0.0024    97.2340 1.0000e-12  -67.11394  -71.53092 336.336260      99.98 5.2886e+01   1414.885      33958  1029.1138  1029.1122    34.6962    34.6942    7.73643         23 0.0000e+00
    284.000    280.982     1.4366  30.175003     1.4364  30.173320     3.9313     3.9887     0.0099    97.2360 1.0000e-12  -67.11394  -71.53092 336.336270      99.98 5.2886e+01   1415.758      33979  1029.1087  1029.1072    34.6961    34.6942    7.73585         24 0.0000e+00
    283.000    279.993     1.4376  30.175345     1.4391  30.175126     3.9375     3.9909     0.0027    97.2383 1.0000e-12  -67.11394  -71.53092 336.336283      99.98 5.2886e+01   1416.828      34005  1029.1039  1029.1022    34.6960    34.6941    7.73565         28 0.0000e+00
    282.000    279.004     1.4382  30.175290     1.4385  30.174158     3.9352     3.9911     0.0096    97.2403 1.0000e-12  -67.11394  -71.53092 336.336304      99.98 5.2886e+01   1418.707      34050  1029.0991  1029.0976    34.6959    34.6942    7.73556         33 0.0000e+00
    281.000    278.017     1.4394  30.175879     1.4384  30.173510     3.9283     3.9920     0.0050    97.2423 1.0000e-12  -67.11394  -71.53093 336.336328      99.98 5.2886e+01   1420.781      34100  1029.0942  1029.0928    34.6959    34.6940    7.73531         30 0.0000e+00
    280.000    277.027     1.4414  30.177264     1.4413  30.175539     3.9295     3.9887     0.0039    97.2531 1.0000e-12  -67.11394  -71.53093 336.336340      99.98 5.2886e+01   1421.765      34123  1029.0894  1029.0878    34.6960    34.6940    7.73491         22 0.0000e+00
    279.000    276.039     1.4453  30.179836     1.4451  30.178516     3.9360     3.9867     0.0032    97.2437 1.0000e-12  -67.11394  -71.53092 336.336351      99.97 5.2886e+01   1422.738      34147  1029.0840  1029.0828    34.6956    34.6941    7.73417         27 0.0000e+00
    278.000    275.047     1.4532  30.186606     1.4544  30.185993     3.9245     3.9877    -0.0013    97.2552 1.0000e-12  -67.11392  -71.53091 336.336725      58.37 5.1456e+01   1455.048      34922  1029.0791  1029.0774    34.6960    34.6939    7.73259         15 0.0000e+00
    277.000    274.059     1.4550  30.187582     1.4557  30.186698     3.9221     3.9865    -0.0053    97.2532 1.0000e-12  -67.11392  -71.53090 336.336787     100.62 5.1116e+01   1460.416      35051  1029.0743  1029.0726    34.6959    34.6940    7.73226         12 0.0000e+00
    276.000    273.075     1.4572  30.188877     1.4578  30.188149     3.9314     3.9864    -0.0060    97.2442 1.0000e-12  -67.11392  -71.53090 336.336792      99.98 5.1124e+01   1460.795      35060  1029.0692  1029.0678    34.6957    34.6941    7.73183         13 0.0000e+00
    275.000    272.081     1.4579  30.189212     1.4586  30.188316     3.9304     3.9871    -0.0051    97.2618 1.0000e-12  -67.11392  -71.53090 336.336798      99.98 5.1124e+01   1461.336      35073  1029.0646  1029.0629    34.6959    34.6940    7.73169         14 0.0000e+00
    274.000    271.094     1.4590  30.189672     1.4581  30.187533     3.9310     3.9819    -0.0060    97.2632 1.0000e-12  -67.11392  -71.53088 336.336805      99.98 5.1124e+01   1461.985      35089  1029.0598  1029.0584    34.6959    34.6941    7.73148         18 0.0000e+00
    273.000    270.107     1.4598  30.189984     1.4589  30.187717     3.9342     3.9838    -0.0032    97.2540 1.0000e-12  -67.11392  -71.53087 336.336833      99.98 5.1124e+01   1464.403      35147  1029.0550  1029.0536    34.6959    34.6940    7.73131         28 0.0000e+00
    272.000    269.118     1.4615  30.191144     1.4614  30.189425     3.9281     3.9839    -0.0072    97.2643 1.0000e-12  -67.11392  -71.53088 336.336890      99.97 5.1124e+01   1469.314      35265  1029.0503  1029.0488    34.6961    34.6941    7.73096         14 0.0000e+00
    271.000    268.130     1.4616  30.190595     1.4619  30.189603     3.9262     3.9867    -0.0065    97.2682 1.0000e-12  -67.11392  -71.53088 336.336896      99.97 5.1124e+01   1469.849      35277  1029.0455  1029.0442    34.6959    34.6943    7.73096         12 0.0000e+00
    270.000    267.140     1.4623  30.190830     1.4624  30.189517     3.9258     3.9879    -0.0070    97.2708 1.0000e-12  -67.11392  -71.53088 336.336902      99.98 5.1124e+01   1470.333      35289  1029.0407  1029.0394    34.6959    34.6942    7.73081         11 0.0000e+00
    269.000    266.150     1.4644  30.192174     1.4654  30.191743     3.9239     3.9863     0.0077    97.2661 1.0000e-12  -67.11392  -71.53088 336.336908      99.98 5.1124e+01   1470.816      35301  1029.0359  1029.0344    34.6960    34.6943    7.73040         12 0.0000e+00
    268.000    265.163     1.4673  30.193844     1.4675  30.192584     3.9232     3.9823     0.0113    97.2661 1.0000e-12  -67.11392  -71.53088 336.336914      99.98 5.1124e+01   1471.319      35313  1029.0305  1029.0290    34.6954    34.6936    7.72986         13 0.0000e+00
    267.000    264.173     1.4683  30.193708     1.4670  30.191375     3.9270     3.9800     0.0048    97.2661 1.0000e-12  -67.11392  -71.53087 336.336920      99.98 5.1124e+01   1471.890      35326  1029.0251  1029.0240    34.6948    34.6932    7.72970         15 0.0000e+00
    266.000    263.185     1.4680  30.193024     1.4659  30.190227     3.9317     3.9847     0.0020    97.2661 1.0000e-12  -67.11393  -71.53086 336.336930      99.98 5.0856e+01   1472.777      35348  1029.0205  1029.0198    34.6948    34.6936    7.72975         30 0.0000e+00
    265.000    262.195     1.4667  30.191977     1.4661  30.190044     3.9337     3.9856    -0.0046    97.2661 1.0000e-12  -67.11394  -71.53084 336.336967      99.97 4.9663e+01   1475.987      35425  1029.0166  1029.0152    34.6954    34.6937    7.72997         35 0.0000e+00
    264.000    261.207     1.4661  30.191076     1.4653  30.189146     3.9401     3.9853     0.0058    97.2661 1.0000e-12  -67.11394  -71.53084 336.336984      99.98 5.0149e+01   1477.412      35459  1029.0121  1029.0109    34.6956    34.6941    7.73010         25 0.0000e+00
    263.000    260.219     1.4661  30.190547     1.4658  30.188972     3.9314     3.9826     0.0066    97.2661 1.0000e-12  -67.11394  -71.53084 336.336995      99.98 4.9947e+01   1478.406      35483  1029.0073  1029.0060    34.6955    34.6938    7.73010         24 0.0000e+00
    262.000    259.230     1.4668  30.189974     1.4652  30.187110     3.9280     3.9835     0.0019    97.2661 1.0000e-12  -67.11392  -71.53084 336.337006      99.97 4.9361e+01   1479.354      35506  1029.0018  1029.0004    34.6946    34.6927    7.73001         22 0.0000e+00
    261.000    258.240     1.4609  30.182922     1.4604  30.180992     3.9299     3.9822     0.0048    97.2672 1.0000e-12  -67.11392  -71.53084 336.337018      99.98 4.9361e+01   1480.315      35529  1028.9962  1028.9948    34.6927    34.6908    7.73126         23 0.0000e+00
    260.000    257.253     1.4572  30.178591     1.4580  30.178212     3.9321     3.9825     0.0101    97.2382 1.0000e-12  -67.11392  -71.53084 336.337029      99.97 4.9361e+01   1481.320      35553  1028.9912  1028.9900    34.6919    34.6905    7.73204         26 0.0000e+00
    259.000    256.261     1.4575  30.178446     1.4592  30.178840     3.9382     3.9854    -0.0021    97.2569 1.0000e-12  -67.11392  -71.53086 336.337045      99.98 4.9361e+01   1482.662      35585  1028.9865  1028.9852    34.6919    34.6905    7.73197         38 0.0000e+00
    258.000    255.276     1.4606  30.181537     1.4610  30.180509     3.9244     3.9852     0.0093    97.2659 1.0000e-12  -67.11392  -71.53086 336.337078      99.98 4.9361e+01   1485.518      35653  1028.9823  1028.9808    34.6929    34.6912    7.73130         26 0.0000e+00
    257.000    254.284     1.4572  30.177036     1.4584  30.177023     3.9260     3.9848     0.0028    97.2661 1.0000e-12  -67.11392  -71.53086 336.337092      99.98 4.9361e+01   1486.763      35683  1028.9769  1028.9757    34.6916    34.6903    7.73206         21 0.0000e+00
    256.000    253.299     1.4554  30.174575     1.4546  30.172387     3.9243     3.9882     0.0055    97.2661 1.0000e-12  -67.11392  -71.53086 336.337100      99.98 4.9361e+01   1487.478      35700  1028.9719  1028.9704    34.6910    34.6891    7.73243         16 0.0000e+00
    255.000    252.309     1.4475  30.165869     1.4475  30.164598     3.9302     3.9918     0.0022    97.2476 1.0000e-12  -67.11392  -71.53084 336.337108      99.98 4.9361e+01   1488.107      35716  1028.9666  1028.9652    34.6892    34.6876    7.73407         14 0.0000e+00
    254.000    251.317     1.4445  30.162329     1.4438  30.160106     3.9333     3.9895     0.0014    97.2403 1.0000e-12  -67.11392  -71.53084 336.337115      99.98 4.9361e+01   1488.733      35731  1028.9616  1028.9601    34.6886    34.6866    7.73469         16 0.0000e+00
    253.000    250.330     1.4428  30.160195     1.4410  30.157015     3.9366     3.9883     0.0020    97.2403 1.0000e-12  -67.11392  -71.53084 336.337123      99.97 4.9361e+01   1489.430      35747  1028.9569  1028.9554    34.6884    34.6863    7.73505         18 0.0000e+00
    252.000    249.342     1.4372  30.154169     1.4378  30.153455     3.9377     3.9871     0.0021    97.2381 1.0000e-12  -67.11392  -71.53082 336.337133      99.98 4.9361e+01   1490.274      35768  1028.9521  1028.9506    34.6875    34.6858    7.73620         23 0.0000e+00
    251.000    248.352     1.4439  30.160401     1.4413  30.156455     3.9387     3.9858     0.0058    97.2286 1.0000e-12  -67.11392  -71.53082 336.337145      99.98 4.9361e+01   1491.361      35794  1028.9474  1028.9460    34.6886    34.6865    7.73482         30 0.0000e+00
    250.000    247.363     1.4405  30.156615     1.4431  30.157782     3.9389     3.9858     0.0069    97.2349 1.0000e-12  -67.11392  -71.53083 336.337162      99.98 4.9361e+01   1492.826      35829  1028.9427  1028.9413    34.6881    34.6868    7.73551         38 0.0000e+00
    249.000    246.374     1.4429  30.158442     1.4407  30.155146     3.9333     3.9898     0.0044    97.2338 1.0000e-12  -67.11392  -71.53085 336.337182      99.97 4.9361e+01   1494.491      35869  1028.9379  1028.9367    34.6884    34.6866    7.73503         36 0.0000e+00
