NBP2113_155081_ctd/data/unbp2113_033.cnv
* Sea-Bird SBE 9 Data File:
* FileName = D:\Data\raw\NBP2113_033.hex
* Software Version Seasave V 7.26.7.121
* Temperature SN = 2438
* Conductivity SN = 2067
* Number of Bytes Per Scan = 40
* Number of Voltage Words = 5
* Number of Scans Averaged by the Deck Unit = 1
* NMEA Latitude = 64 55.99 S
* NMEA Longitude = 064 24.01 W
* NMEA UTC (Time) = Dec 08 2021  19:08:34
* NMEA baud rate = 9600
** Ship: RVIB N.B. Palmer
** Cruise: NBP2113 LTER
** Station: 600.040
** Operator: S. Blackman
# nquan = 25
# nvalues = 354                         
# units = specified
# name 0 = prDM: Pressure, Digiquartz [db]
# name 1 = depSM: Depth [salt water, m]
# name 2 = t090C: Temperature [ITS-90, deg C]
# name 3 = c0mS/cm: Conductivity [mS/cm]
# name 4 = t190C: Temperature, 2 [ITS-90, deg C]
# name 5 = c1mS/cm: Conductivity, 2 [mS/cm]
# name 6 = sbeox0ML/L: Oxygen, SBE 43 [ml/l]
# name 7 = sbeox1ML/L: Oxygen, SBE 43, 2 [ml/l]
# name 8 = flECO-AFL: Fluorescence, WET Labs ECO-AFL/FL [mg/m^3]
# name 9 = CStarTr0: Beam Transmission, WET Labs C-Star [%]
# name 10 = par: PAR/Irradiance, Biospherical/Licor
# name 11 = latitude: Latitude [deg]
# name 12 = longitude: Longitude [deg]
# name 13 = timeJ: Julian Days
# name 14 = altM: Altimeter [m]
# name 15 = spar: SPAR, Biospherical/Licor
# name 16 = timeS: Time, Elapsed [seconds]
# name 17 = scan: Scan Count
# name 18 = density00: Density [density, kg/m^3]
# name 19 = density11: Density, 2 [density, kg/m^3]
# name 20 = sal00: Salinity, Practical [PSU]
# name 21 = sal11: Salinity, Practical, 2 [PSU]
# name 22 = oxsolML/L: Oxygen Saturation, Garcia & Gordon [ml/l]
# name 23 = nbin: number of scans per bin
# name 24 = flag: flag
# span 0 =      1.000,    354.000       
# span 1 =      0.990,    350.231       
# span 2 =    -1.0063,     1.2725       
# span 3 =  27.119632,  30.016585       
# span 4 =    -1.0085,     1.2724       
# span 5 =  27.120138,  30.015281       
# span 6 =     4.3079,     8.2429       
# span 7 =     4.3557,     8.0673       
# span 8 =    -0.0166,     1.5419       
# span 9 =    87.2243,    96.0267       
# span 10 = 1.0000e-12, 3.4020e+02      
# span 11 =  -64.93318,  -64.93306      
# span 12 =  -64.39950,  -64.39908      
# span 13 = 342.808658, 342.814518      
# span 14 =      -0.32,     100.45      
# span 15 = 3.0322e+02, 3.5038e+02      
# span 16 =    954.089,   1460.384      
# span 17 =      22899,      35050      
# span 18 =  1026.9865,  1029.4016      
# span 19 =  1026.9916,  1029.4004      
# span 20 =    33.5516,    34.6349      
# span 21 =    33.5579,    34.6334      
# span 22 =    7.77149,    8.30962      
# span 23 =         11,         44      
# span 24 = 0.0000e+00, 0.0000e+00      
# interval = decibars: 1                
# start_time = Dec 08 2021 19:08:34 [NMEA time, header]
# bad_flag = -9.990e-29
*END*
[from data line 116]
    238.000    235.532     0.9602  29.635550     0.9610  29.635172     4.7144     4.7437     0.0074    95.7727 1.0000e-12  -64.93308  -64.39914 342.810352      99.97 3.3847e+02   1100.432      26411  1028.8196  1028.8186    34.5590    34.5577    7.83787         16 0.0000e+00
    237.000    234.544     0.9592  29.634052     0.9591  29.632756     4.7182     4.7411     0.0056    95.7726 1.0000e-12  -64.93306  -64.39912 342.810360      99.97 3.3847e+02   1101.098      26427  1028.8147  1028.8135    34.5588    34.5572    7.83808         16 0.0000e+00
    236.000    233.554     0.9568  29.631037     0.9577  29.630638     4.7132     4.7438    -0.0003    95.7514 1.0000e-12  -64.93306  -64.39912 342.810368      99.97 3.3847e+02   1101.806      26444  1028.8097  1028.8085    34.5581    34.5567    7.83860         18 0.0000e+00
    235.000    232.564     0.9584  29.631784     0.9585  29.631045     4.7063     4.7474     0.0063    95.7469 1.0000e-12  -64.93307  -64.39911 342.810379      99.97 3.3747e+02   1102.772      26468  1028.8045  1028.8037    34.5579    34.5569    7.83829         28 0.0000e+00
    234.000    231.578     0.9618  29.635521     0.9627  29.635179     4.7062     4.7493    -0.0032    95.7469 1.0000e-12  -64.93308  -64.39908 342.810423      99.97 3.3334e+02   1106.551      26558  1028.8005  1028.7993    34.5596    34.5581    7.83752         27 0.0000e+00
    233.000    230.586     0.9603  29.633595     0.9599  29.631784     4.7188     4.7568    -0.0003    95.7469 1.0000e-12  -64.93308  -64.39909 342.810438      99.98 3.3318e+02   1107.836      26589  1028.7957  1028.7942    34.5593    34.5574    7.83783         22 0.0000e+00
    232.000    229.599     0.9566  29.629401     0.9569  29.628148     4.7348     4.7613     0.0013    95.7483 1.0000e-12  -64.93308  -64.39910 342.810447      99.97 3.3318e+02   1108.658      26609  1028.7908  1028.7891    34.5586    34.5567    7.83862         18 0.0000e+00
    231.000    228.609     0.9445  29.616943     0.9481  29.618305     4.7455     4.7676     0.0074    95.7500 1.0000e-12  -64.93308  -64.39910 342.810456      99.97 3.3318e+02   1109.388      26626  1028.7855  1028.7834    34.5566    34.5543    7.84116         17 0.0000e+00
    230.000    227.620     0.9349  29.605633     0.9388  29.607786     4.7544     4.7747    -0.0020    95.7483 1.0000e-12  -64.93308  -64.39912 342.810464      99.97 3.3318e+02   1110.103      26643  1028.7790  1028.7774    34.5532    34.5517    7.84327         18 0.0000e+00
    229.000    226.631     0.9290  29.598905     0.9295  29.597812     4.7575     4.7779    -0.0067    95.7558 1.0000e-12  -64.93308  -64.39911 342.810473      99.98 3.3216e+02   1110.819      26661  1028.7734  1028.7719    34.5516    34.5497    7.84454         17 0.0000e+00
    228.000    225.641     0.9251  29.593935     0.9259  29.593548     4.7529     4.7795    -0.0003    95.7583 1.0000e-12  -64.93308  -64.39910 342.810481      99.97 3.3141e+02   1111.571      26679  1028.7679  1028.7667    34.5501    34.5487    7.84541         18 0.0000e+00
    227.000    224.653     0.9210  29.589061     0.9249  29.591905     4.7426     4.7785     0.0050    95.7445 1.0000e-12  -64.93308  -64.39910 342.810491      99.97 3.3081e+02   1112.387      26698  1028.7625  1028.7617    34.5489    34.5484    7.84629         20 0.0000e+00
    226.000    223.663     0.9213  29.588744     0.9246  29.591052     4.7330     4.7737     0.0068    95.7452 1.0000e-12  -64.93308  -64.39909 342.810503      99.97 3.2939e+02   1113.453      26724  1028.7575  1028.7566    34.5488    34.5481    7.84625         32 0.0000e+00
    225.000    222.675     0.9355  29.603815     0.9358  29.602677     4.7471     4.7859    -0.0084    95.7470 1.0000e-12  -64.93308  -64.39910 342.810559      99.98 3.2783e+02   1118.265      26839  1028.7545  1028.7532    34.5531    34.5513    7.84315         19 0.0000e+00
    224.000    221.686     0.9271  29.595338     0.9272  29.593070     4.7446     4.7909    -0.0023    95.7469 1.0000e-12  -64.93308  -64.39910 342.810566      99.97 3.2790e+02   1118.926      26855  1028.7498  1028.7475    34.5520    34.5490    7.84489         14 0.0000e+00
    223.000    220.696     0.9186  29.585368     0.9188  29.583906     4.7500     4.7869    -0.0004    95.7469 1.0000e-12  -64.93308  -64.39910 342.810573      99.98 3.2790e+02   1119.482      26869  1028.7436  1028.7420    34.5492    34.5471    7.84676         14 0.0000e+00
    222.000    219.706     0.9112  29.577566     0.9134  29.577462     4.7522     4.7849    -0.0071    95.7469 1.0000e-12  -64.93308  -64.39910 342.810579      99.97 3.2790e+02   1120.059      26882  1028.7385  1028.7363    34.5479    34.5454    7.84832         14 0.0000e+00
    221.000    218.718     0.8987  29.563859     0.9042  29.567514     4.7512     4.7871    -0.0077    95.7501 1.0000e-12  -64.93308  -64.39910 342.810587      99.98 3.2731e+02   1120.684      26897  1028.7324  1028.7308    34.5448    34.5434    7.85102         16 0.0000e+00
    220.000    217.727     0.8965  29.560003     0.9115  29.574272     4.7454     4.7876    -0.0077    95.7774 1.0000e-12  -64.93308  -64.39910 342.810595      99.97 3.2615e+02   1121.427      26915  1028.7263  1028.7263    34.5428    34.5446    7.85158         20 0.0000e+00
    219.000    216.740     0.8941  29.558470     0.9113  29.573110     4.7497     4.7837    -0.0017    95.8136 1.0000e-12  -64.93308  -64.39910 342.810606      99.97 3.2537e+02   1122.322      26937  1028.7226  1028.7209    34.5440    34.5439    7.85198         23 0.0000e+00
    218.000    215.749     0.8914  29.554351     0.9096  29.571104     4.7526     4.7886    -0.0004    95.8249 1.0000e-12  -64.93308  -64.39910 342.810618      99.97 3.2438e+02   1123.361      26962  1028.7167  1028.7162    34.5423    34.5437    7.85262         27 0.0000e+00
    217.000    214.761     0.8919  29.554408     0.9020  29.563602     4.7424     4.7877     0.0051    95.7959 1.0000e-12  -64.93308  -64.39908 342.810633      99.98 3.2437e+02   1124.682      26993  1028.7119  1028.7116    34.5425    34.5431    7.85252         37 0.0000e+00
    216.000    213.771     0.9041  29.566425     0.9076  29.569451     4.7456     4.7918     0.0039    95.8030 1.0000e-12  -64.93307  -64.39910 342.810672      99.98 3.2193e+02   1128.063      27075  1028.7078  1028.7076    34.5449    34.5450    7.84991         34 0.0000e+00
    215.000    212.784     0.9067  29.569018     0.9045  29.565300     4.7570     4.8014    -0.0017    95.7744 1.0000e-12  -64.93306  -64.39910 342.810693      99.97 3.2077e+02   1129.851      27117  1028.7037  1028.7021    34.5460    34.5437    7.84933         23 0.0000e+00
    214.000    211.793     0.8973  29.558967     0.8976  29.557882     4.7698     4.8058    -0.0078    95.7988 1.0000e-12  -64.93306  -64.39910 342.810701      99.97 3.2084e+02   1130.577      27135  1028.6982  1028.6970    34.5440    34.5423    7.85133         16 0.0000e+00
    213.000    210.804     0.8877  29.549149     0.8890  29.548151     4.7768     4.8064    -0.0077    95.7984 1.0000e-12  -64.93308  -64.39910 342.810708      99.97 3.2084e+02   1131.183      27149  1028.6934  1028.6911    34.5427    34.5399    7.85335         14 0.0000e+00
    212.000    209.816     0.8817  29.541645     0.8821  29.540495     4.7772     4.8038    -0.0066    95.7964 1.0000e-12  -64.93308  -64.39910 342.810715      99.97 3.1922e+02   1131.747      27163  1028.6872  1028.6857    34.5402    34.5383    7.85469         13 0.0000e+00
    211.000    208.827     0.8786  29.537690     0.8790  29.536762     4.7787     4.8037    -0.0005    95.7984 1.0000e-12  -64.93308  -64.39910 342.810721      99.98 3.1908e+02   1132.328      27177  1028.6818  1028.6806    34.5391    34.5374    7.85537         15 0.0000e+00
    210.000    207.835     0.8781  29.536548     0.8776  29.535036     4.7756     4.8077    -0.0043    95.8025 1.0000e-12  -64.93308  -64.39910 342.810729      99.97 3.1795e+02   1132.998      27193  1028.6768  1028.6758    34.5388    34.5374    7.85550         18 0.0000e+00
    209.000    206.848     0.8816  29.539420     0.8810  29.538119     4.7673     4.8065    -0.0048    95.8021 1.0000e-12  -64.93308  -64.39910 342.810741      99.97 3.1733e+02   1134.004      27217  1028.6721  1028.6713    34.5392    34.5381    7.85477         28 0.0000e+00
    208.000    205.858     0.8874  29.545250     0.8900  29.547322     4.7684     4.8060    -0.0019    95.8132 1.0000e-12  -64.93307  -64.39910 342.810781      99.97 3.1556e+02   1137.492      27301  1028.6679  1028.6675    34.5409    34.5407    7.85351         33 0.0000e+00
    207.000    204.869     0.8855  29.543229     0.8857  29.542162     4.7707     4.8143    -0.0042    95.8024 1.0000e-12  -64.93306  -64.39910 342.810795      99.97 3.1556e+02   1138.723      27330  1028.6634  1028.6622    34.5410    34.5394    7.85388         25 0.0000e+00
    206.000    203.879     0.8822  29.539306     0.8832  29.539058     4.7736     4.8124    -0.0077    95.8123 1.0000e-12  -64.93306  -64.39910 342.810806      99.97 3.1556e+02   1139.677      27353  1028.6584  1028.6572    34.5402    34.5387    7.85460         22 0.0000e+00
    205.000    202.891     0.8779  29.534196     0.8802  29.535478     4.7814     4.8146    -0.0041    95.7824 1.0000e-12  -64.93306  -64.39910 342.810818      99.98 3.1556e+02   1140.640      27376  1028.6531  1028.6521    34.5390    34.5380    7.85553         24 0.0000e+00
    204.000    201.901     0.8762  29.531827     0.8769  29.531612     4.7913     4.8207    -0.0004    95.8047 1.0000e-12  -64.93306  -64.39910 342.810829      99.97 3.1556e+02   1141.639      27400  1028.6480  1028.6470    34.5383    34.5372    7.85591         24 0.0000e+00
    203.000    200.913     0.8749  29.530086     0.8754  29.529389     4.7856     4.8248     0.0020    95.8070 1.0000e-12  -64.93306  -64.39910 342.810841      99.98 3.1556e+02   1142.649      27425  1028.6432  1028.6420    34.5381    34.5367    7.85618         24 0.0000e+00
    202.000    199.923     0.8734  29.528092     0.8743  29.527959     4.7817     4.8288     0.0034    95.7811 1.0000e-12  -64.93306  -64.39910 342.810853      99.97 3.1556e+02   1143.656      27449  1028.6383  1028.6372    34.5378    34.5366    7.85650         25 0.0000e+00
    201.000    198.935     0.8704  29.524460     0.8709  29.523729     4.7750     4.8287    -0.0056    95.7700 1.0000e-12  -64.93306  -64.39910 342.810865      99.97 3.1556e+02   1144.724      27474  1028.6332  1028.6319    34.5370    34.5355    7.85715         27 0.0000e+00
    200.000    197.943     0.8684  29.521626     0.8683  29.520385     4.7770     4.8302    -0.0004    95.7359 1.0000e-12  -64.93307  -64.39911 342.810878      99.97 3.1556e+02   1145.894      27502  1028.6279  1028.6268    34.5361    34.5347    7.85759         28 0.0000e+00
    199.000    196.956     0.8666  29.519344     0.8666  29.518147     4.7880     4.8276     0.0026    95.7953 1.0000e-12  -64.93308  -64.39910 342.810892      99.97 3.1556e+02   1147.093      27531  1028.6230  1028.6218    34.5358    34.5342    7.85798         28 0.0000e+00
    198.000    195.965     0.8682  29.520576     0.8677  29.518855     4.7882     4.8245    -0.0022    95.7920 1.0000e-12  -64.93307  -64.39910 342.810909      99.98 3.1556e+02   1148.552      27566  1028.6183  1028.6172    34.5362    34.5346    7.85763         36 0.0000e+00
    197.000    194.978     0.8715  29.523616     0.8700  29.520922     4.7803     4.8269    -0.0083    95.7861 1.0000e-12  -64.93306  -64.39910 342.810935      99.97 3.1689e+02   1150.775      27620  1028.6140  1028.6127    34.5371    34.5352    7.85692         41 0.0000e+00
    196.000    193.986     0.8653  29.516694     0.8652  29.515028     4.7934     4.8347     0.0069    95.8125 1.0000e-12  -64.93306  -64.39912 342.810950      99.97 3.1735e+02   1152.089      27651  1028.6086  1028.6071    34.5356    34.5336    7.85825         22 0.0000e+00
    195.000    193.000     0.8638  29.514617     0.8630  29.512509     4.7946     4.8378    -0.0038    95.8120 1.0000e-12  -64.93306  -64.39912 342.810959      99.98 3.1786e+02   1152.871      27670  1028.6037  1028.6023    34.5351    34.5333    7.85857         17 0.0000e+00
    194.000    192.009     0.8611  29.510877     0.8610  29.509578     4.8018     4.8367    -0.0069    95.7949 1.0000e-12  -64.93306  -64.39912 342.810967      99.98 3.1912e+02   1153.563      27687  1028.5982  1028.5969    34.5339    34.5323    7.85919         17 0.0000e+00
    193.000    191.018     0.8597  29.508863     0.8591  29.507131     4.8003     4.8374    -0.0005    95.7875 1.0000e-12  -64.93306  -64.39912 342.810976      99.97 3.1908e+02   1154.317      27705  1028.5932  1028.5920    34.5335    34.5318    7.85950         21 0.0000e+00
    192.000    190.031     0.8613  29.510018     0.8597  29.507493     4.7925     4.8392     0.0050    95.7611 1.0000e-12  -64.93306  -64.39912 342.810989      99.97 3.1908e+02   1155.436      27731  1028.5886  1028.5875    34.5338    34.5323    7.85916         31 0.0000e+00
    191.000    189.041     0.8616  29.510049     0.8614  29.508755     4.7998     4.8443     0.0045    95.7733 1.0000e-12  -64.93306  -64.39912 342.811012      99.97 3.2083e+02   1157.402      27779  1028.5839  1028.5829    34.5340    34.5326    7.85908         34 0.0000e+00
    190.000    188.051     0.8599  29.507980     0.8598  29.506347     4.8135     4.8479    -0.0006    95.7726 1.0000e-12  -64.93306  -64.39912 342.811027      99.97 3.2209e+02   1158.754      27811  1028.5792  1028.5777    34.5338    34.5319    7.85944         25 0.0000e+00
    189.000    187.062     0.8555  29.502848     0.8562  29.502316     4.8148     4.8540     0.0138    95.7726 1.0000e-12  -64.93306  -64.39912 342.811038      99.98 3.2262e+02   1159.677      27833  1028.5740  1028.5727    34.5327    34.5312    7.86039         21 0.0000e+00
    188.000    186.073     0.8509  29.497448     0.8531  29.498381     4.8158     4.8527     0.0040    95.7726 1.0000e-12  -64.93306  -64.39912 342.811048      99.97 3.2402e+02   1160.523      27854  1028.5686  1028.5675    34.5314    34.5302    7.86139         20 0.0000e+00
    187.000    185.083     0.8495  29.495426     0.8490  29.493877     4.8219     4.8556    -0.0042    95.7726 1.0000e-12  -64.93306  -64.39910 342.811059      99.97 3.2436e+02   1161.461      27876  1028.5637  1028.5625    34.5310    34.5295    7.86170         26 0.0000e+00
    186.000    184.093     0.8529  29.498437     0.8504  29.495064     4.8236     4.8578    -0.0030    95.7726 1.0000e-12  -64.93306  -64.39910 342.811074      99.97 3.2437e+02   1162.820      27909  1028.5591  1028.5580    34.5316    34.5300    7.86097         36 0.0000e+00
    185.000    183.106     0.8490  29.494111     0.8495  29.493512     4.8295     4.8599     0.0038    95.7726 1.0000e-12  -64.93306  -64.39910 342.811097      99.97 3.2437e+02   1164.799      27956  1028.5542  1028.5530    34.5310    34.5297    7.86180         37 0.0000e+00
    184.000    182.116     0.8414  29.485933     0.8441  29.486783     4.8523     4.8745     0.0070    95.7726 1.0000e-12  -64.93306  -64.39912 342.811115      99.97 3.2437e+02   1166.334      27993  1028.5488  1028.5470    34.5294    34.5275    7.86341         29 0.0000e+00
    183.000    181.125     0.8322  29.475566     0.8349  29.476128     4.8690     4.8950    -0.0003    95.7726 1.0000e-12  -64.93306  -64.39912 342.811128      99.97 3.2437e+02   1167.446      28020  1028.5428  1028.5408    34.5268    34.5245    7.86541         25 0.0000e+00
    182.000    180.139     0.8095  29.450765     0.8092  29.448358     4.8807     4.9020    -0.0071    95.7880 1.0000e-12  -64.93306  -64.39914 342.811139      99.97 3.2437e+02   1168.408      28043  1028.5350  1028.5329    34.5205    34.5178    7.87034         22 0.0000e+00
