NBP2113_155081_ctd/data/unbp2113_033.cnv
* Sea-Bird SBE 9 Data File:
* FileName = D:\Data\raw\NBP2113_033.hex
* Software Version Seasave V 7.26.7.121
* Temperature SN = 2438
* Conductivity SN = 2067
* Number of Bytes Per Scan = 40
* Number of Voltage Words = 5
* Number of Scans Averaged by the Deck Unit = 1
* NMEA Latitude = 64 55.99 S
* NMEA Longitude = 064 24.01 W
* NMEA UTC (Time) = Dec 08 2021  19:08:34
* NMEA baud rate = 9600
** Ship: RVIB N.B. Palmer
** Cruise: NBP2113 LTER
** Station: 600.040
** Operator: S. Blackman
# nquan = 25
# nvalues = 354                         
# units = specified
# name 0 = prDM: Pressure, Digiquartz [db]
# name 1 = depSM: Depth [salt water, m]
# name 2 = t090C: Temperature [ITS-90, deg C]
# name 3 = c0mS/cm: Conductivity [mS/cm]
# name 4 = t190C: Temperature, 2 [ITS-90, deg C]
# name 5 = c1mS/cm: Conductivity, 2 [mS/cm]
# name 6 = sbeox0ML/L: Oxygen, SBE 43 [ml/l]
# name 7 = sbeox1ML/L: Oxygen, SBE 43, 2 [ml/l]
# name 8 = flECO-AFL: Fluorescence, WET Labs ECO-AFL/FL [mg/m^3]
# name 9 = CStarTr0: Beam Transmission, WET Labs C-Star [%]
# name 10 = par: PAR/Irradiance, Biospherical/Licor
# name 11 = latitude: Latitude [deg]
# name 12 = longitude: Longitude [deg]
# name 13 = timeJ: Julian Days
# name 14 = altM: Altimeter [m]
# name 15 = spar: SPAR, Biospherical/Licor
# name 16 = timeS: Time, Elapsed [seconds]
# name 17 = scan: Scan Count
# name 18 = density00: Density [density, kg/m^3]
# name 19 = density11: Density, 2 [density, kg/m^3]
# name 20 = sal00: Salinity, Practical [PSU]
# name 21 = sal11: Salinity, Practical, 2 [PSU]
# name 22 = oxsolML/L: Oxygen Saturation, Garcia & Gordon [ml/l]
# name 23 = nbin: number of scans per bin
# name 24 = flag: flag
# span 0 =      1.000,    354.000       
# span 1 =      0.990,    350.231       
# span 2 =    -1.0063,     1.2725       
# span 3 =  27.119632,  30.016585       
# span 4 =    -1.0085,     1.2724       
# span 5 =  27.120138,  30.015281       
# span 6 =     4.3079,     8.2429       
# span 7 =     4.3557,     8.0673       
# span 8 =    -0.0166,     1.5419       
# span 9 =    87.2243,    96.0267       
# span 10 = 1.0000e-12, 3.4020e+02      
# span 11 =  -64.93318,  -64.93306      
# span 12 =  -64.39950,  -64.39908      
# span 13 = 342.808658, 342.814518      
# span 14 =      -0.32,     100.45      
# span 15 = 3.0322e+02, 3.5038e+02      
# span 16 =    954.089,   1460.384      
# span 17 =      22899,      35050      
# span 18 =  1026.9865,  1029.4016      
# span 19 =  1026.9916,  1029.4004      
# span 20 =    33.5516,    34.6349      
# span 21 =    33.5579,    34.6334      
# span 22 =    7.77149,    8.30962      
# span 23 =         11,         44      
# span 24 = 0.0000e+00, 0.0000e+00      
# interval = decibars: 1                
# start_time = Dec 08 2021 19:08:34 [NMEA time, header]
# bad_flag = -9.990e-29
*END*
[from data line 174]
    180.000    178.161     0.7916  29.430867     0.7915  29.429149     4.8948     4.9111    -0.0084    95.7754 1.0000e-12  -64.93306  -64.39912 342.811159      99.97 3.2437e+02   1170.135      28084  1028.5232  1028.5216    34.5158    34.5137    7.87422         20 0.0000e+00
    179.000    177.169     0.7867  29.424986     0.7862  29.422968     4.8903     4.9068    -0.0067    95.7951 1.0000e-12  -64.93306  -64.39910 342.811169      99.97 3.2437e+02   1170.989      28105  1028.5176  1028.5160    34.5142    34.5122    7.87530         21 0.0000e+00
    178.000    176.180     0.7840  29.421313     0.7828  29.419136     4.8799     4.9052    -0.0002    95.7983 1.0000e-12  -64.93306  -64.39910 342.811180      99.97 3.2430e+02   1171.917      28127  1028.5121  1028.5109    34.5130    34.5115    7.87592         24 0.0000e+00
    177.000    175.191     0.7892  29.426452     0.7936  29.430128     4.8635     4.9059     0.0067    95.7984 1.0000e-12  -64.93306  -64.39910 342.811195      99.97 3.2280e+02   1173.214      28158  1028.5078  1028.5073    34.5145    34.5144    7.87479         38 0.0000e+00
    176.000    174.202     0.7996  29.436684     0.7984  29.434769     4.8643     4.9081    -0.0056    95.7923 1.0000e-12  -64.93306  -64.39910 342.811226      99.97 3.2261e+02   1175.895      28222  1028.5038  1028.5029    34.5169    34.5157    7.87256         37 0.0000e+00
    175.000    173.212     0.7939  29.431216     0.7908  29.426028     4.8961     4.9213    -0.0001    95.7968 1.0000e-12  -64.93306  -64.39910 342.811244      99.97 3.2188e+02   1177.467      28260  1028.4994  1028.4969    34.5167    34.5133    7.87372         28 0.0000e+00
    174.000    172.223     0.7839  29.420346     0.7823  29.416801     4.9114     4.9305    -0.0004    95.7824 1.0000e-12  -64.93306  -64.39910 342.811256      99.97 3.2081e+02   1178.484      28285  1028.4935  1028.4915    34.5143    34.5115    7.87587         23 0.0000e+00
    173.000    171.233     0.7721  29.407660     0.7712  29.404960     4.9065     4.9323    -0.0004    95.8102 1.0000e-12  -64.93306  -64.39912 342.811266      99.97 3.2084e+02   1179.362      28306  1028.4877  1028.4857    34.5115    34.5090    7.87841         20 0.0000e+00
    172.000    170.243     0.7654  29.400419     0.7640  29.397503     4.9107     4.9362    -0.0004    95.8012 1.0000e-12  -64.93306  -64.39912 342.811275      99.97 3.2084e+02   1180.154      28325  1028.4824  1028.4807    34.5102    34.5080    7.87984         18 0.0000e+00
    171.000    169.252     0.7629  29.397163     0.7626  29.395622     4.9078     4.9403    -0.0017    95.7985 1.0000e-12  -64.93306  -64.39912 342.811284      99.98 3.2003e+02   1180.896      28342  1028.4771  1028.4758    34.5093    34.5077    7.88039         17 0.0000e+00
    170.000    168.267     0.7623  29.395959     0.7620  29.394590     4.9017     4.9385    -0.0080    95.8040 1.0000e-12  -64.93306  -64.39912 342.811292      99.97 3.1909e+02   1181.635      28360  1028.4722  1028.4709    34.5091    34.5075    7.88054         18 0.0000e+00
    169.000    167.274     0.7615  29.394699     0.7620  29.394277     4.8929     4.9373     0.0030    95.8190 1.0000e-12  -64.93306  -64.39912 342.811302      99.97 3.1908e+02   1182.457      28380  1028.4673  1028.4663    34.5089    34.5078    7.88071         22 0.0000e+00
    168.000    166.288     0.7635  29.396206     0.7643  29.396050     4.9033     4.9358     0.0014    95.8190 1.0000e-12  -64.93306  -64.39910 342.811316      99.97 3.1879e+02   1183.686      28409  1028.4624  1028.4615    34.5092    34.5081    7.88028         30 0.0000e+00
    167.000    165.297     0.7669  29.398939     0.7672  29.398687     4.8951     4.9299    -0.0002    95.8081 1.0000e-12  -64.93306  -64.39910 342.811350      99.97 3.1732e+02   1186.675      28481  1028.4576  1028.4570    34.5096    34.5089    7.87958         33 0.0000e+00
    166.000    164.308     0.7668  29.398980     0.7662  29.397421     4.9105     4.9410     0.0071    95.8075 1.0000e-12  -64.93306  -64.39910 342.811371      99.97 3.1564e+02   1188.449      28524  1028.4534  1028.4523    34.5103    34.5090    7.87956         31 0.0000e+00
    165.000    163.318     0.7639  29.395521     0.7622  29.392695     4.9303     4.9609     0.0054    95.8046 1.0000e-12  -64.93306  -64.39911 342.811384      99.97 3.1528e+02   1189.587      28551  1028.4483  1028.4470    34.5097    34.5078    7.88018         25 0.0000e+00
    164.000    162.329     0.7566  29.388288     0.7557  29.385099     4.9422     4.9718    -0.0004    95.8177 1.0000e-12  -64.93306  -64.39912 342.811395      99.98 3.1378e+02   1190.525      28574  1028.4436  1028.4413    34.5090    34.5059    7.88169         20 0.0000e+00
    163.000    161.339     0.7416  29.372281     0.7426  29.371542     4.9535     4.9733    -0.0004    95.8022 1.0000e-12  -64.93306  -64.39912 342.811404      99.97 3.1379e+02   1191.336      28593  1028.4376  1028.4357    34.5055    34.5034    7.88493         18 0.0000e+00
    162.000    160.349     0.7341  29.364262     0.7350  29.363363     4.9532     4.9766     0.0024    95.8147 1.0000e-12  -64.93306  -64.39912 342.811413      99.97 3.1379e+02   1192.075      28611  1028.4322  1028.4304    34.5041    34.5018    7.88654         16 0.0000e+00
    161.000    159.360     0.7314  29.360493     0.7297  29.357367     4.9384     4.9760     0.0070    95.8228 1.0000e-12  -64.93306  -64.39912 342.811421      99.97 3.1379e+02   1192.766      28627  1028.4267  1028.4250    34.5027    34.5005    7.88716         17 0.0000e+00
    160.000    158.372     0.7270  29.354585     0.7283  29.354936     4.9334     4.9747    -0.0058    95.8198 1.0000e-12  -64.93306  -64.39912 342.811429      99.98 3.1379e+02   1193.484      28645  1028.4205  1028.4195    34.5006    34.4995    7.88817         18 0.0000e+00
    159.000    157.381     0.7293  29.355936     0.7275  29.352850     4.9431     4.9753     0.0002    95.8131 1.0000e-12  -64.93306  -64.39912 342.811439      99.97 3.1379e+02   1194.339      28665  1028.4152  1028.4137    34.5003    34.4983    7.88771         25 0.0000e+00
    158.000    156.391     0.7368  29.364001     0.7386  29.364696     4.9445     4.9780     0.0029    95.8156 1.0000e-12  -64.93306  -64.39910 342.811471      99.97 3.1279e+02   1197.107      28732  1028.4117  1028.4106    34.5030    34.5019    7.88603         36 0.0000e+00
    157.000    155.405     0.7331  29.360240     0.7345  29.360196     4.9911     5.0095    -0.0005    95.8040 1.0000e-12  -64.93306  -64.39912 342.811499      99.97 3.1331e+02   1199.526      28790  1028.4071  1028.4057    34.5028    34.5012    7.88679         21 0.0000e+00
    156.000    154.413     0.7303  29.356324     0.7308  29.355259     5.0357     5.0302    -0.0008    95.8183 1.0000e-12  -64.93306  -64.39912 342.811507      99.97 3.1380e+02   1200.222      28806  1028.4016  1028.4000    34.5015    34.4996    7.88745         17 0.0000e+00
    155.000    153.424     0.7213  29.346947     0.7217  29.344566     5.0610     5.0352     0.0028    95.8066 1.0000e-12  -64.93306  -64.39912 342.811515      99.97 3.1379e+02   1200.888      28822  1028.3963  1028.3935    34.5000    34.4964    7.88936         16 0.0000e+00
    154.000    152.432     0.6972  29.322619     0.7036  29.325724     5.0722     5.0366     0.0068    95.7822 1.0000e-12  -64.93306  -64.39912 342.811523      99.97 3.1369e+02   1201.570      28839  1028.3904  1028.3874    34.4957    34.4926    7.89448         17 0.0000e+00
    153.000    151.445     0.6706  29.295174     0.6785  29.300997     5.0549     5.0379    -0.0001    95.7319 1.0000e-12  -64.93306  -64.39912 342.811532      99.97 3.1245e+02   1202.402      28859  1028.3837  1028.3820    34.4903    34.4890    7.90020         24 0.0000e+00
    152.000    150.455     0.6847  29.306838     0.7013  29.323186     5.0068     5.0410    -0.0051    95.7015 1.0000e-12  -64.93306  -64.39910 342.811548      99.97 3.1205e+02   1203.780      28892  1028.3773  1028.3781    34.4903    34.4930    7.89732         44 0.0000e+00
    151.000    149.467     0.7041  29.326435     0.6979  29.319418     5.0625     5.0768     0.0111    95.7215 1.0000e-12  -64.93306  -64.39911 342.811570      99.97 3.1314e+02   1205.655      28937  1028.3741  1028.3731    34.4948    34.4926    7.89313         34 0.0000e+00
    150.000    148.476     0.6742  29.297534     0.6801  29.299928     5.1284     5.1189     0.0143    95.7211 1.0000e-12  -64.93306  -64.39912 342.811585      99.98 3.1380e+02   1206.909      28967  1028.3692  1028.3659    34.4910    34.4876    7.89941         26 0.0000e+00
    149.000    147.487     0.6565  29.278850     0.6603  29.280520     5.1514     5.1379     0.0070    95.7211 1.0000e-12  -64.93307  -64.39912 342.811596      99.97 3.1357e+02   1207.924      28991  1028.3627  1028.3608    34.4871    34.4851    7.90324         24 0.0000e+00
    148.000    146.497     0.6385  29.259861     0.6408  29.260416     5.1403     5.1478     0.0135    95.7146 1.0000e-12  -64.93308  -64.39912 342.811608      99.97 3.1214e+02   1208.967      29016  1028.3562  1028.3546    34.4831    34.4812    7.90714         27 0.0000e+00
    147.000    145.507     0.6396  29.259834     0.6347  29.253917     5.1392     5.1564     0.0086    95.7086 1.0000e-12  -64.93308  -64.39912 342.811623      99.97 3.1203e+02   1210.219      29046  1028.3505  1028.3492    34.4824    34.4801    7.90695         29 0.0000e+00
    146.000    144.519     0.6399  29.260833     0.6258  29.243836     5.1848     5.1856     0.0182    95.7214 1.0000e-12  -64.93308  -64.39912 342.811638      99.97 3.1371e+02   1211.554      29078  1028.3468  1028.3429    34.4839    34.4775    7.90680         28 0.0000e+00
    145.000    143.527     0.6153  29.234088     0.6128  29.229356     5.2118     5.2002     0.0076    95.7211 1.0000e-12  -64.93307  -64.39912 342.811650      99.97 3.1470e+02   1212.589      29103  1028.3386  1028.3361    34.4771    34.4737    7.91220         21 0.0000e+00
    144.000    142.541     0.5992  29.216969     0.6036  29.218509     5.1960     5.1954     0.0142    95.7110 1.0000e-12  -64.93306  -64.39912 342.811660      99.97 3.1554e+02   1213.462      29124  1028.3321  1028.3294    34.4733    34.4705    7.91569         20 0.0000e+00
    143.000    141.550     0.5876  29.202538     0.5882  29.201685     5.1865     5.1939     0.0074    95.6969 1.0000e-12  -64.93306  -64.39912 342.811671      99.97 3.1556e+02   1214.354      29145  1028.3240  1028.3225    34.4681    34.4663    7.91836         23 0.0000e+00
    142.000    140.560     0.5979  29.212728     0.6043  29.217609     5.1888     5.1998     0.0185    95.6896 1.0000e-12  -64.93307  -64.39910 342.811685      99.97 3.1556e+02   1215.587      29175  1028.3198  1028.3187    34.4704    34.4696    7.91611         38 0.0000e+00
    141.000    139.570     0.5958  29.209933     0.5928  29.206025     5.1802     5.2102     0.0164    95.6935 2.4904e-03  -64.93308  -64.39910 342.811713      99.97 3.1389e+02   1217.989      29233  1028.3144  1028.3133    34.4697    34.4680    7.91658         43 0.0000e+00
    140.000    138.582     0.5960  29.210761     0.5923  29.204349     5.2456     5.2494     0.0192    95.6955 4.9591e-03  -64.93308  -64.39911 342.811733      99.97 3.1560e+02   1219.755      29275  1028.3106  1028.3076    34.4712    34.4670    7.91646         27 0.0000e+00
    139.000    137.591     0.5763  29.188844     0.5716  29.181420     5.2694     5.2698     0.0169    95.6954 7.3833e-03  -64.93308  -64.39913 342.811744      99.97 3.1556e+02   1220.687      29297  1028.3028  1028.2995    34.4652    34.4607    7.92082         19 0.0000e+00
    138.000    136.603     0.5430  29.155266     0.5408  29.147837     5.2910     5.2828     0.0155    95.6622 9.5972e-03  -64.93308  -64.39914 342.811753      99.97 3.1556e+02   1221.444      29316  1028.2959  1028.2904    34.4591    34.4519    7.92798         18 0.0000e+00
    137.000    135.613     0.5274  29.135666     0.5295  29.135860     5.2987     5.2845     0.0215    95.6695 1.2052e-02  -64.93308  -64.39914 342.811761      99.97 3.1556e+02   1222.154      29333  1028.2862  1028.2844    34.4514    34.4493    7.93158         17 0.0000e+00
    136.000    134.622     0.5194  29.125998     0.5208  29.125864     5.2942     5.2790     0.0260    95.6809 1.4759e-02  -64.93308  -64.39913 342.811769      99.97 3.1556e+02   1222.887      29350  1028.2796  1028.2780    34.4483    34.4466    7.93340         18 0.0000e+00
    135.000    133.633     0.5122  29.117895     0.5139  29.118108     5.2847     5.2799     0.0289    95.6778 1.7180e-02  -64.93307  -64.39912 342.811779      99.97 3.1556e+02   1223.721      29370  1028.2737  1028.2722    34.4464    34.4447    7.93498         22 0.0000e+00
    134.000    132.644     0.5081  29.112790     0.5278  29.132574     5.2607     5.2839     0.0289    95.6697 1.9367e-02  -64.93307  -64.39911 342.811791      99.97 3.1556e+02   1224.758      29395  1028.2678  1028.2692    34.4449    34.4488    7.93590         28 0.0000e+00
    133.000    131.654     0.5237  29.128760     0.5273  29.131531     5.2532     5.2785     0.0296    95.6577 2.2312e-02  -64.93308  -64.39910 342.811813      99.97 3.1556e+02   1226.609      29440  1028.2645  1028.2639    34.4490    34.4485    7.93248         39 0.0000e+00
    132.000    130.665     0.5225  29.127485     0.5310  29.135432     5.3014     5.3304     0.0263    95.6451 2.7163e-02  -64.93309  -64.39910 342.811842      99.98 3.1556e+02   1229.113      29500  1028.2597  1028.2599    34.4492    34.4502    7.93271         32 0.0000e+00
    131.000    129.676     0.5105  29.114534     0.5040  29.104847     5.3718     5.3677     0.0232    95.6534 3.1478e-02  -64.93308  -64.39912 342.811854      99.97 3.1556e+02   1230.213      29526  1028.2536  1028.2501    34.4462    34.4409    7.93533         22 0.0000e+00
    130.000    128.684     0.4968  29.101102     0.4923  29.091860     5.3729     5.3630     0.0289    95.6512 3.5919e-02  -64.93308  -64.39910 342.811864      99.97 3.1573e+02   1231.076      29547  1028.2486  1028.2434    34.4446    34.4375    7.93824         21 0.0000e+00
    129.000    127.696     0.4641  29.063546     0.4664  29.064113     5.3745     5.3694     0.0151    95.6022 3.9732e-02  -64.93308  -64.39911 342.811875      99.97 3.1707e+02   1232.027      29570  1028.2370  1028.2353    34.4326    34.4307    7.94563         26 0.0000e+00
    128.000    126.707     0.4836  29.082674     0.4854  29.084685     5.3788     5.3792     0.0283    95.5772 4.3094e-02  -64.93308  -64.39911 342.811891      99.97 3.1732e+02   1233.414      29603  1028.2333  1028.2337    34.4365    34.4370    7.94141         39 0.0000e+00
    127.000    125.715     0.4621  29.060290     0.4688  29.065601     5.4340     5.4182     0.0289    95.5918 4.5569e-02  -64.93308  -64.39912 342.811908      99.97 3.1732e+02   1234.881      29638  1028.2264  1028.2254    34.4317    34.4312    7.94608         27 0.0000e+00
    126.000    124.729     0.4455  29.041932     0.4406  29.034526     5.5046     5.4742     0.0250    95.5924 4.7505e-02  -64.93308  -64.39912 342.811920      99.97 3.1732e+02   1235.893      29662  1028.2190  1028.2162    34.4269    34.4226    7.94977         21 0.0000e+00
    125.000    123.734     0.4048  29.001982     0.4134  29.005099     5.5321     5.4938     0.0204    95.5924 5.0763e-02  -64.93308  -64.39912 342.811929      99.97 3.1732e+02   1236.693      29682  1028.2129  1028.2075    34.4205    34.4150    7.95850         18 0.0000e+00
    124.000    122.750     0.3765  28.972896     0.3703  28.962518     5.5354     5.4897     0.0212    95.5706 5.5081e-02  -64.93308  -64.39912 342.811938      99.98 3.1732e+02   1237.447      29700  1028.2050  1028.2005    34.4146    34.4079    7.96467         18 0.0000e+00
