NBP2113_155081_ctd/data/unbp2113_032.cnv
* Sea-Bird SBE 9 Data File:
* FileName = D:\Data\raw\NBP2113_032.hex
* Software Version Seasave V 7.26.7.121
* Temperature SN = 2438
* Conductivity SN = 2067
* Number of Bytes Per Scan = 40
* Number of Voltage Words = 5
* Number of Scans Averaged by the Deck Unit = 1
* NMEA Latitude = 65 50.96 S
* NMEA Longitude = 071 22.70 W
* NMEA UTC (Time) = Dec 07 2021  06:49:20
* NMEA baud rate = 9600
** Ship: RVIB N.B. Palmer
** Cruise: NBP2113 LTER
** Station: 300.200
** Operator: B. Urmston
# nquan = 25
# nvalues = 3100                        
# units = specified
# name 0 = prDM: Pressure, Digiquartz [db]
# name 1 = depSM: Depth [salt water, m]
# name 2 = t090C: Temperature [ITS-90, deg C]
# name 3 = c0mS/cm: Conductivity [mS/cm]
# name 4 = t190C: Temperature, 2 [ITS-90, deg C]
# name 5 = c1mS/cm: Conductivity, 2 [mS/cm]
# name 6 = sbeox0ML/L: Oxygen, SBE 43 [ml/l]
# name 7 = sbeox1ML/L: Oxygen, SBE 43, 2 [ml/l]
# name 8 = flECO-AFL: Fluorescence, WET Labs ECO-AFL/FL [mg/m^3]
# name 9 = CStarTr0: Beam Transmission, WET Labs C-Star [%]
# name 10 = par: PAR/Irradiance, Biospherical/Licor
# name 11 = latitude: Latitude [deg]
# name 12 = longitude: Longitude [deg]
# name 13 = timeJ: Julian Days
# name 14 = altM: Altimeter [m]
# name 15 = spar: SPAR, Biospherical/Licor
# name 16 = timeS: Time, Elapsed [seconds]
# name 17 = scan: Scan Count
# name 18 = density00: Density [density, kg/m^3]
# name 19 = density11: Density, 2 [density, kg/m^3]
# name 20 = sal00: Salinity, Practical [PSU]
# name 21 = sal11: Salinity, Practical, 2 [PSU]
# name 22 = oxsolML/L: Oxygen Saturation, Garcia & Gordon [ml/l]
# name 23 = nbin: number of scans per bin
# name 24 = flag: flag
# span 0 =      1.000,   3100.000       
# span 1 =      0.986,   3047.032       
# span 2 =    -0.7213,     2.0337       
# span 3 =  27.681656,  30.755689       
# span 4 =    -0.7209,     2.0332       
# span 5 =  27.681603,  30.754434       
# span 6 =     3.8892,     9.6495       
# span 7 =     3.9481,     9.4562       
# span 8 =    -0.0222,     3.2232       
# span 9 =    89.2440,    96.1844       
# span 10 = 1.0000e-12, 1.0000e-12      
# span 11 =  -65.84929,  -65.84874      
# span 12 =  -71.37828,  -71.37770      
# span 13 = 341.332330, 341.375807      
# span 14 =       9.60,     101.29      
# span 15 = 4.4072e+01, 1.8165e+02      
# span 16 =   4153.280,   7909.685      
# span 17 =      99680,     189833      
# span 18 =  1027.2241,  1042.0855      
# span 19 =  1027.2234,  1042.0845      
# span 20 =    33.8734,    34.7306      
# span 21 =    33.8721,    34.7298      
# span 22 =    7.62309,    8.22324      
# span 23 =         10,         46      
# span 24 = 0.0000e+00, 0.0000e+00      
# interval = decibars: 1                
# start_time = Dec 07 2021 06:49:20 [NMEA time, header]
# bad_flag = -9.990e-29
*END*
[from data line 2319]
    781.000    771.843     1.7874  30.724744     1.7863  30.723081     4.1309     4.1847    -0.0048    96.0852 1.0000e-12  -65.84908  -71.37804 341.363548      99.97 1.0562e+02   6850.567     164415  1031.4199  1031.4194    34.7249    34.7241    7.66595         31 0.0000e+00
    780.000    770.858     1.7873  30.724220     1.7868  30.723076     4.1314     4.1881    -0.0116    96.0187 1.0000e-12  -65.84909  -71.37803 341.363568      99.97 1.0578e+02   6852.231     164455  1031.4154  1031.4146    34.7250    34.7241    7.66598         34 0.0000e+00
    779.000    769.873     1.7869  30.723530     1.7866  30.722513     4.1374     4.1860    -0.0129    96.1193 1.0000e-12  -65.84910  -71.37803 341.363601      99.97 1.0577e+02   6855.139     164524  1031.4108  1031.4101    34.7251    34.7242    7.66604         31 0.0000e+00
    778.000    768.884     1.7876  30.723484     1.7869  30.722331     4.1210     4.1842    -0.0138    96.1236 1.0000e-12  -65.84910  -71.37804 341.363613      99.97 1.0577e+02   6856.122     164548  1031.4060  1031.4054    34.7249    34.7241    7.66593         19 0.0000e+00
    777.000    767.901     1.7908  30.726085     1.7896  30.724286     4.1101     4.1822    -0.0081    96.0811 1.0000e-12  -65.84910  -71.37805 341.363621      99.98 1.0577e+02   6856.842     164565  1031.4012  1031.4005    34.7252    34.7242    7.66530         15 0.0000e+00
    776.000    766.912     1.7984  30.731570     1.7972  30.729921     4.1093     4.1752    -0.0049    95.9810 1.0000e-12  -65.84910  -71.37806 341.363628      99.97 1.0577e+02   6857.484     164581  1031.3950  1031.3944    34.7243    34.7236    7.66388         16 0.0000e+00
    775.000    765.925     1.8011  30.733272     1.8011  30.732580     4.1193     4.1719    -0.0034    96.1043 1.0000e-12  -65.84910  -71.37806 341.363636      99.97 1.0577e+02   6858.158     164597  1031.3898  1031.3891    34.7240    34.7232    7.66337         17 0.0000e+00
    774.000    764.940     1.8029  30.734410     1.8024  30.733147     4.1189     4.1732    -0.0083    96.1170 1.0000e-12  -65.84910  -71.37807 341.363645      99.97 1.0585e+02   6858.947     164616  1031.3850  1031.3842    34.7241    34.7230    7.66302         21 0.0000e+00
    773.000    763.952     1.8010  30.732447     1.7998  30.730522     4.1137     4.1759    -0.0086    96.1028 1.0000e-12  -65.84909  -71.37807 341.363658      99.97 1.0713e+02   6860.047     164642  1031.3807  1031.3800    34.7241    34.7231    7.66337         32 0.0000e+00
    772.000    762.966     1.8015  30.732428     1.8000  30.730575     4.1155     4.1772    -0.0104    96.0970 1.0000e-12  -65.84910  -71.37806 341.363673      99.97 1.0755e+02   6861.372     164674  1031.3760  1031.3756    34.7241    34.7234    7.66327         30 0.0000e+00
    771.000    761.979     1.8025  30.732694     1.8020  30.731612     4.1153     4.1769    -0.0134    95.8919 1.0000e-12  -65.84910  -71.37805 341.363687      99.97 1.0754e+02   6862.554     164702  1031.3712  1031.3706    34.7240    34.7232    7.66310         28 0.0000e+00
    770.000    760.993     1.8017  30.731485     1.8011  30.730370     4.1277     4.1758    -0.0031    96.0848 1.0000e-12  -65.84910  -71.37805 341.363702      99.97 1.0754e+02   6863.859     164734  1031.3665  1031.3660    34.7238    34.7231    7.66325         35 0.0000e+00
    769.000    760.007     1.8000  30.729678     1.7997  30.728768     4.1171     4.1743    -0.0040    96.1319 1.0000e-12  -65.84910  -71.37806 341.363726      99.97 1.0754e+02   6865.953     164784  1031.3623  1031.3617    34.7240    34.7233    7.66358         32 0.0000e+00
    768.000    759.021     1.8019  30.730943     1.8012  30.729633     4.1136     4.1728    -0.0122    96.1340 1.0000e-12  -65.84910  -71.37806 341.363746      99.98 1.0779e+02   6867.676     164825  1031.3574  1031.3568    34.7240    34.7232    7.66320         30 0.0000e+00
    767.000    758.034     1.8042  30.732319     1.8043  30.731603     4.1139     4.1729    -0.0152    96.1210 1.0000e-12  -65.84910  -71.37807 341.363758      99.97 1.0861e+02   6868.723     164850  1031.3524  1031.3516    34.7238    34.7229    7.66277         22 0.0000e+00
    766.000    757.048     1.8056  30.732995     1.8051  30.731848     4.1103     4.1722    -0.0013    96.1071 1.0000e-12  -65.84910  -71.37808 341.363768      99.97 1.0922e+02   6869.560     164870  1031.3475  1031.3468    34.7237    34.7228    7.66251         19 0.0000e+00
    765.000    756.060     1.8062  30.732961     1.8057  30.731857     4.1019     4.1716     0.0433    96.1074 1.0000e-12  -65.84910  -71.37808 341.363777      99.97 1.0930e+02   6870.327     164889  1031.3427  1031.3421    34.7235    34.7227    7.66240         19 0.0000e+00
    764.000    755.075     1.8065  30.732707     1.8062  30.731630     4.1045     4.1716     0.0094    96.0972 1.0000e-12  -65.84910  -71.37808 341.363786      99.97 1.0930e+02   6871.140     164908  1031.3379  1031.3372    34.7234    34.7224    7.66234         20 0.0000e+00
    763.000    754.087     1.8064  30.732015     1.8059  30.730975     4.0991     4.1704    -0.0095    96.0338 1.0000e-12  -65.84910  -71.37808 341.363798      99.97 1.0930e+02   6872.131     164932  1031.3332  1031.3326    34.7233    34.7225    7.66238         28 0.0000e+00
    762.000    753.102     1.8057  30.731191     1.8050  30.729820     4.1019     4.1682     0.0001    95.9907 1.0000e-12  -65.84910  -71.37806 341.363813      99.97 1.0930e+02   6873.434     164963  1031.3288  1031.3282    34.7235    34.7226    7.66249         30 0.0000e+00
    761.000    752.115     1.8068  30.731528     1.8062  30.730251     4.1149     4.1709    -0.0037    96.1048 1.0000e-12  -65.84910  -71.37806 341.363826      99.97 1.0930e+02   6874.599     164991  1031.3239  1031.3233    34.7233    34.7224    7.66229         25 0.0000e+00
    760.000    751.127     1.8072  30.731450     1.8066  30.730283     4.1157     4.1689    -0.0169    96.1050 1.0000e-12  -65.84910  -71.37805 341.363837      99.97 1.0930e+02   6875.550     165014  1031.3193  1031.3187    34.7234    34.7225    7.66222         22 0.0000e+00
    759.000    750.143     1.8102  30.733754     1.8095  30.732407     4.1167     4.1633    -0.0169    95.9850 1.0000e-12  -65.84910  -71.37805 341.363848      99.97 1.0930e+02   6876.497     165037  1031.3145  1031.3137    34.7235    34.7226    7.66164         24 0.0000e+00
    758.000    749.155     1.8094  30.732512     1.8090  30.731442     4.1127     4.1670    -0.0100    95.9209 1.0000e-12  -65.84910  -71.37806 341.363870      99.98 1.1000e+02   6878.370     165082  1031.3098  1031.3091    34.7234    34.7224    7.66179         35 0.0000e+00
    757.000    748.169     1.8078  30.730675     1.8074  30.729520     4.1174     4.1711    -0.0003    95.8354 1.0000e-12  -65.84910  -71.37806 341.363898      99.97 1.1113e+02   6880.795     165140  1031.3054  1031.3047    34.7234    34.7224    7.66211         28 0.0000e+00
    756.000    747.182     1.8111  30.733037     1.8100  30.731511     4.1232     4.1769    -0.0120    96.1342 1.0000e-12  -65.84910  -71.37806 341.363908      99.97 1.1106e+02   6881.679     165161  1031.3003  1031.2999    34.7233    34.7226    7.66148         21 0.0000e+00
    755.000    746.196     1.8125  30.733829     1.8121  30.732765     4.1290     4.1748    -0.0049    96.1245 1.0000e-12  -65.84910  -71.37806 341.363918      99.97 1.1106e+02   6882.480     165181  1031.2955  1031.2948    34.7232    34.7223    7.66119         18 0.0000e+00
    754.000    745.210     1.8146  30.735172     1.8137  30.733663     4.1250     4.1741     0.0097    96.1060 1.0000e-12  -65.84910  -71.37806 341.363927      99.97 1.1106e+02   6883.253     165199  1031.2906  1031.2900    34.7233    34.7223    7.66080         19 0.0000e+00
    753.000    744.222     1.8164  30.736242     1.8153  30.734692     4.1222     4.1741     0.0053    96.1179 1.0000e-12  -65.84910  -71.37806 341.363936      99.97 1.1106e+02   6884.100     165219  1031.2857  1031.2852    34.7231    34.7224    7.66045         22 0.0000e+00
    752.000    743.236     1.8180  30.737226     1.8174  30.736066     4.1193     4.1776    -0.0121    96.1105 1.0000e-12  -65.84910  -71.37806 341.363948      99.97 1.1106e+02   6885.081     165243  1031.2810  1031.2803    34.7233    34.7224    7.66015         25 0.0000e+00
    751.000    742.248     1.8182  30.736981     1.8178  30.735864     4.1197     4.1766    -0.0187    96.0826 1.0000e-12  -65.84910  -71.37806 341.363960      99.97 1.1106e+02   6886.106     165268  1031.2763  1031.2756    34.7232    34.7223    7.66010         24 0.0000e+00
    750.000    741.264     1.8186  30.736852     1.8187  30.736320     4.1226     4.1723    -0.0139    95.9895 1.0000e-12  -65.84910  -71.37806 341.363971      99.97 1.1106e+02   6887.119     165292  1031.2716  1031.2709    34.7232    34.7224    7.66003         25 0.0000e+00
    749.000    740.276     1.8177  30.735404     1.8183  30.735465     4.1212     4.1722    -0.0145    96.0554 1.0000e-12  -65.84910  -71.37804 341.363985      99.97 1.1106e+02   6888.282     165320  1031.2669  1031.2663    34.7229    34.7223    7.66022         28 0.0000e+00
    748.000    739.289     1.8164  30.733983     1.8167  30.733489     4.1222     4.1776    -0.0062    96.0756 1.0000e-12  -65.84910  -71.37803 341.364010      99.97 1.1106e+02   6890.507     165373  1031.2626  1031.2618    34.7231    34.7222    7.66046         34 0.0000e+00
    747.000    738.305     1.8167  30.733895     1.8174  30.733826     4.1162     4.1737     0.0030    96.1220 1.0000e-12  -65.84910  -71.37802 341.364031      99.98 1.1289e+02   6892.296     165416  1031.2581  1031.2572    34.7232    34.7223    7.66040         26 0.0000e+00
    746.000    737.313     1.8211  30.737304     1.8212  30.736550     4.1287     4.1740    -0.0118    96.0621 1.0000e-12  -65.84910  -71.37804 341.364042      99.97 1.1282e+02   6893.228     165438  1031.2528  1031.2520    34.7232    34.7222    7.65954         21 0.0000e+00
    745.000    736.332     1.8259  30.740766     1.8244  30.738873     4.1316     4.1756    -0.0077    96.0843 1.0000e-12  -65.84910  -71.37804 341.364052      99.97 1.1282e+02   6894.068     165459  1031.2474  1031.2470    34.7229    34.7221    7.65864         20 0.0000e+00
    744.000    735.343     1.8278  30.741952     1.8270  30.740430     4.1227     4.1788    -0.0074    96.1085 1.0000e-12  -65.84910  -71.37805 341.364062      99.97 1.1282e+02   6894.960     165480  1031.2424  1031.2418    34.7228    34.7218    7.65826         23 0.0000e+00
    743.000    734.357     1.8287  30.742225     1.8277  30.740730     4.1267     4.1804    -0.0086    96.0824 1.0000e-12  -65.84910  -71.37806 341.364074      99.97 1.1282e+02   6895.967     165504  1031.2377  1031.2372    34.7228    34.7219    7.65810         25 0.0000e+00
    742.000    733.370     1.8298  30.742690     1.8294  30.741520     4.1219     4.1770     0.0010    96.1318 1.0000e-12  -65.84910  -71.37806 341.364086      99.97 1.1282e+02   6896.997     165529  1031.2329  1031.2322    34.7227    34.7217    7.65789         24 0.0000e+00
    741.000    732.382     1.8303  30.742664     1.8293  30.741152     4.1260     4.1743    -0.0034    96.0979 1.0000e-12  -65.84910  -71.37806 341.364097      99.98 1.1282e+02   6897.974     165552  1031.2282  1031.2277    34.7226    34.7219    7.65780         24 0.0000e+00
    740.000    731.396     1.8311  30.742784     1.8303  30.741515     4.1199     4.1753    -0.0040    96.0697 1.0000e-12  -65.84910  -71.37805 341.364109      99.97 1.1282e+02   6899.024     165578  1031.2234  1031.2229    34.7225    34.7218    7.65766         26 0.0000e+00
    739.000    730.412     1.8293  30.740839     1.8287  30.739538     4.1198     4.1748    -0.0053    96.1210 1.0000e-12  -65.84910  -71.37804 341.364126      99.97 1.1282e+02   6900.453     165612  1031.2190  1031.2184    34.7225    34.7216    7.65799         37 0.0000e+00
    738.000    729.423     1.8280  30.739263     1.8280  30.738596     4.1218     4.1784    -0.0067    96.1221 1.0000e-12  -65.84910  -71.37803 341.364145      99.97 1.1282e+02   6902.127     165652  1031.2146  1031.2139    34.7226    34.7217    7.65825         35 0.0000e+00
    737.000    728.437     1.8304  30.740922     1.8295  30.739491     4.1203     4.1781    -0.0107    96.1429 1.0000e-12  -65.84910  -71.37802 341.364160      99.97 1.1282e+02   6903.463     165684  1031.2097  1031.2092    34.7226    34.7218    7.65779         30 0.0000e+00
    736.000    727.450     1.8317  30.741545     1.8305  30.739851     4.1158     4.1702     0.0038    96.1456 1.0000e-12  -65.84910  -71.37803 341.364175      99.98 1.1461e+02   6904.679     165713  1031.2048  1031.2043    34.7225    34.7216    7.65754         29 0.0000e+00
    735.000    726.463     1.8385  30.746776     1.8371  30.744795     4.1144     4.1727    -0.0012    95.9956 1.0000e-12  -65.84910  -71.37804 341.364188      99.97 1.1459e+02   6905.874     165742  1031.1991  1031.1986    34.7221    34.7213    7.65624         29 0.0000e+00
    734.000    725.477     1.8402  30.747600     1.8398  30.746515     4.1026     4.1705    -0.0012    96.1253 1.0000e-12  -65.84910  -71.37804 341.364202      99.97 1.1459e+02   6907.058     165770  1031.1941  1031.1934    34.7219    34.7209    7.65592         28 0.0000e+00
    733.000    724.490     1.8418  30.748394     1.8409  30.747000     4.1046     4.1680     0.0015    96.1495 1.0000e-12  -65.84910  -71.37804 341.364215      99.98 1.1459e+02   6908.157     165797  1031.1892  1031.1886    34.7217    34.7209    7.65564         24 0.0000e+00
    732.000    723.504     1.8431  30.748965     1.8420  30.747348     4.1127     4.1677    -0.0066    96.1369 1.0000e-12  -65.84910  -71.37804 341.364225      99.97 1.1459e+02   6909.064     165819  1031.1843  1031.1838    34.7216    34.7208    7.65539         20 0.0000e+00
    731.000    722.518     1.8438  30.749162     1.8431  30.748006     4.1107     4.1667    -0.0129    96.1118 1.0000e-12  -65.84910  -71.37804 341.364234      99.98 1.1459e+02   6909.849     165837  1031.1796  1031.1791    34.7216    34.7208    7.65525         18 0.0000e+00
    730.000    721.530     1.8441  30.748900     1.8436  30.747683     4.1140     4.1670    -0.0139    96.0909 1.0000e-12  -65.84910  -71.37805 341.364243      99.97 1.1459e+02   6910.634     165856  1031.1749  1031.1742    34.7215    34.7205    7.65520         20 0.0000e+00
    729.000    720.543     1.8434  30.747967     1.8428  30.746714     4.1129     4.1668    -0.0186    96.0996 1.0000e-12  -65.84910  -71.37805 341.364256      99.97 1.1459e+02   6911.682     165881  1031.1705  1031.1698    34.7216    34.7207    7.65532         31 0.0000e+00
    728.000    719.558     1.8431  30.747284     1.8428  30.746197     4.1126     4.1669    -0.0078    96.0338 1.0000e-12  -65.84910  -71.37803 341.364279      99.97 1.1459e+02   6913.729     165931  1031.1659  1031.1651    34.7216    34.7206    7.65538         36 0.0000e+00
    727.000    718.570     1.8434  30.746961     1.8431  30.746059     4.1041     4.1639    -0.0056    95.8764 1.0000e-12  -65.84910  -71.37802 341.364295      99.97 1.1459e+02   6915.080     165963  1031.1612  1031.1606    34.7215    34.7207    7.65534         28 0.0000e+00
    726.000    717.584     1.8433  30.746420     1.8433  30.745650     4.1002     4.1600    -0.0117    96.1043 1.0000e-12  -65.84910  -71.37802 341.364307      99.97 1.1467e+02   6916.157     165989  1031.1565  1031.1558    34.7214    34.7205    7.65535         25 0.0000e+00
    725.000    716.595     1.8433  30.745790     1.8430  30.744853     4.0999     4.1606    -0.0012    96.1051 1.0000e-12  -65.84910  -71.37802 341.364321      99.98 1.1627e+02   6917.317     166017  1031.1517  1031.1511    34.7212    34.7204    7.65537         33 0.0000e+00
