NBP2113_155081_ctd/data/unbp2113_055.cnv
* Sea-Bird SBE 9 Data File:
* FileName = D:\Data\raw\NBP2113_055.hex
* Software Version Seasave V 7.26.7.121
* Temperature SN = 2438
* Conductivity SN = 2067
* Number of Bytes Per Scan = 40
* Number of Voltage Words = 5
* Number of Scans Averaged by the Deck Unit = 1
* NMEA Latitude = 64 51.63 S
* NMEA Longitude = 064 56.94 W
* NMEA UTC (Time) = Dec 11 2021  21:26:08
* NMEA baud rate = 9600
** Ship: RVIB N.B. Palmer
** Cruise: NBP2113 LTER
** Station: 589.065
** Operator: S. Blackman
# nquan = 25
# nvalues = 446                         
# units = specified
# name 0 = prDM: Pressure, Digiquartz [db]
# name 1 = depSM: Depth [salt water, m]
# name 2 = t090C: Temperature [ITS-90, deg C]
# name 3 = c0mS/cm: Conductivity [mS/cm]
# name 4 = t190C: Temperature, 2 [ITS-90, deg C]
# name 5 = c1mS/cm: Conductivity, 2 [mS/cm]
# name 6 = sbeox0ML/L: Oxygen, SBE 43 [ml/l]
# name 7 = sbeox1ML/L: Oxygen, SBE 43, 2 [ml/l]
# name 8 = flECO-AFL: Fluorescence, WET Labs ECO-AFL/FL [mg/m^3]
# name 9 = CStarTr0: Beam Transmission, WET Labs C-Star [%]
# name 10 = par: PAR/Irradiance, Biospherical/Licor
# name 11 = latitude: Latitude [deg]
# name 12 = longitude: Longitude [deg]
# name 13 = timeJ: Julian Days
# name 14 = altM: Altimeter [m]
# name 15 = spar: SPAR, Biospherical/Licor
# name 16 = timeS: Time, Elapsed [seconds]
# name 17 = scan: Scan Count
# name 18 = density00: Density [density, kg/m^3]
# name 19 = density11: Density, 2 [density, kg/m^3]
# name 20 = sal00: Salinity, Practical [PSU]
# name 21 = sal11: Salinity, Practical, 2 [PSU]
# name 22 = oxsolML/L: Oxygen Saturation, Garcia & Gordon [ml/l]
# name 23 = nbin: number of scans per bin
# name 24 = flag: flag
# span 0 =      1.000,    446.000       
# span 1 =      0.989,    441.157       
# span 2 =    -0.4685,     1.4637       
# span 3 =  27.622124,  30.262163       
# span 4 =    -0.4839,     1.4633       
# span 5 =  27.600707,  30.260627       
# span 6 =     4.0841,     8.6639       
# span 7 =     4.1404,     8.1495       
# span 8 =    -0.0224,     1.7397       
# span 9 =    83.1390,    91.8169       
# span 10 = 1.0000e-12, 3.1133e+02      
# span 11 =  -64.86068,  -64.86062      
# span 12 =  -64.94868,  -64.94824      
# span 13 = 345.904437, 345.913174      
# span 14 =       1.14,      99.97      
# span 15 = 1.7629e+02, 2.6624e+02      
# span 16 =    975.389,   1730.210      
# span 17 =      23410,      41526      
# span 18 =  1027.0449,  1029.8564      
# span 19 =  1027.0376,  1029.8553      
# span 20 =    33.6369,    34.6842      
# span 21 =    33.6253,    34.6826      
# span 22 =    7.73118,    8.18717      
# span 23 =         13,         50      
# span 24 = 0.0000e+00, 0.0000e+00      
# interval = decibars: 1                
# start_time = Dec 11 2021 21:26:08 [NMEA time, header]
# bad_flag = -9.990e-29
*END*
[from data line 58]
    388.000    383.841     1.4468  30.217608     1.4465  30.216154     4.1142     4.1666    -0.0001    91.7031 1.0000e-12  -64.86062  -64.94862 345.905754      67.93 1.7629e+02   1089.162      26141  1029.5824  1029.5812    34.6791    34.6777    7.73475         29 0.0000e+00
    387.000    382.851     1.4472  30.217474     1.4468  30.216021     4.1106     4.1655    -0.0062    91.5388 1.0000e-12  -64.86062  -64.94863 345.905775      68.96 1.7629e+02   1090.939      26184  1029.5777  1029.5765    34.6792    34.6777    7.73468         36 0.0000e+00
    386.000    381.864     1.4471  30.217136     1.4470  30.215783     4.1073     4.1670    -0.0065    91.6984 1.0000e-12  -64.86062  -64.94864 345.905796      70.02 1.7629e+02   1092.779      26228  1029.5731  1029.5719    34.6793    34.6778    7.73468         30 0.0000e+00
    385.000    380.876     1.4463  30.215660     1.4460  30.214298     4.1059     4.1740    -0.0062    91.6933 1.0000e-12  -64.86062  -64.94864 345.905807      71.01 1.7629e+02   1093.767      26251  1029.5682  1029.5671    34.6790    34.6775    7.73486         19 0.0000e+00
    384.000    379.885     1.4452  30.214047     1.4448  30.212508     4.1087     4.1670    -0.0153    91.7030 1.0000e-12  -64.86062  -64.94864 345.905816      71.87 1.7629e+02   1094.523      26270  1029.5634  1029.5623    34.6787    34.6772    7.73509         17 0.0000e+00
    383.000    378.900     1.4442  30.212432     1.4438  30.210906     4.1134     4.1670    -0.0196    91.7042 1.0000e-12  -64.86062  -64.94864 345.905825      72.73 1.7629e+02   1095.241      26287  1029.5585  1029.5574    34.6783    34.6769    7.73530         18 0.0000e+00
    382.000    377.907     1.4439  30.211626     1.4434  30.209942     4.1156     4.1670    -0.0192    91.7258 1.0000e-12  -64.86062  -64.94864 345.905834      73.86 1.7629e+02   1096.054      26306  1029.5538  1029.5525    34.6782    34.6766    7.73537         23 0.0000e+00
    381.000    376.921     1.4446  30.211747     1.4440  30.210155     4.1146     4.1666    -0.0149    91.7150 1.0000e-12  -64.86062  -64.94863 345.905850      75.16 1.7629e+02   1097.467      26340  1029.5490  1029.5479    34.6782    34.6768    7.73524         35 0.0000e+00
    380.000    375.932     1.4442  30.211053     1.4441  30.209954     4.1136     4.1692    -0.0078    91.7203 1.0000e-12  -64.86062  -64.94863 345.905879      76.10 1.7629e+02   1099.938      26400  1029.5444  1029.5433    34.6783    34.6770    7.73531         32 0.0000e+00
    379.000    374.945     1.4444  30.210817     1.4442  30.209473     4.1117     4.1715    -0.0145    91.7301 1.0000e-12  -64.86062  -64.94864 345.905893      76.79 1.7629e+02   1101.109      26428  1029.5398  1029.5386    34.6784    34.6769    7.73528         23 0.0000e+00
    378.000    373.958     1.4432  30.209135     1.4430  30.207828     4.1109     4.1715    -0.0076    91.7299 1.0000e-12  -64.86062  -64.94864 345.905902      78.02 1.7629e+02   1101.976      26448  1029.5350  1029.5339    34.6781    34.6767    7.73552         19 0.0000e+00
    377.000    372.968     1.4413  30.206436     1.4412  30.205260     4.1172     4.1706    -0.0001    91.7299 1.0000e-12  -64.86062  -64.94864 345.905912      78.91 1.7629e+02   1102.787      26468  1029.5299  1029.5288    34.6773    34.6760    7.73593         21 0.0000e+00
    376.000    371.979     1.4410  30.205507     1.4407  30.204182     4.1215     4.1704    -0.0046    91.7299 1.0000e-12  -64.86062  -64.94864 345.905922      79.77 1.7629e+02   1103.670      26489  1029.5250  1029.5240    34.6771    34.6757    7.73601         22 0.0000e+00
    375.000    370.991     1.4412  30.205372     1.4416  30.204478     4.1171     4.1769    -0.0150    91.7299 1.0000e-12  -64.86062  -64.94864 345.905934      81.30 1.7629e+02   1104.734      26515  1029.5204  1029.5192    34.6773    34.6757    7.73596         28 0.0000e+00
    374.000    370.002     1.4410  30.204876     1.4404  30.203020     4.1147     4.1734    -0.0111    91.7299 1.0000e-12  -64.86062  -64.94864 345.905948      81.81 1.7629e+02   1105.897      26543  1029.5158  1029.5146    34.6774    34.6757    7.73598         27 0.0000e+00
    373.000    369.015     1.4399  30.202789     1.4398  30.201661     4.1198     4.1751    -0.0058    91.7299 1.0000e-12  -64.86062  -64.94864 345.905960      83.04 1.7629e+02   1106.955      26568  1029.5106  1029.5095    34.6766    34.6752    7.73625         24 0.0000e+00
    372.000    368.026     1.4388  30.201348     1.4395  30.200884     4.1273     4.1760    -0.0080    91.7336 1.0000e-12  -64.86062  -64.94864 345.905971      84.30 1.7629e+02   1107.931      26591  1029.5059  1029.5048    34.6765    34.6751    7.73646         24 0.0000e+00
    371.000    367.038     1.4374  30.199092     1.4377  30.198552     4.1197     4.1773    -0.0162    91.7555 1.0000e-12  -64.86062  -64.94864 345.905984      85.28 1.7629e+02   1109.015      26617  1029.5009  1029.4999    34.6758    34.6747    7.73679         28 0.0000e+00
    370.000    366.052     1.4392  30.200500     1.4381  30.198430     4.1191     4.1750    -0.0095    91.7557 1.0000e-12  -64.86062  -64.94864 345.906004      86.29 1.7629e+02   1110.714      26658  1029.4963  1029.4952    34.6761    34.6747    7.73641         35 0.0000e+00
    369.000    365.060     1.4389  30.199952     1.4386  30.198659     4.1211     4.1749    -0.0055    91.7557 1.0000e-12  -64.86062  -64.94864 345.906030      87.21 1.7629e+02   1113.024      26714  1029.4917  1029.4906    34.6764    34.6750    7.73646         38 0.0000e+00
    368.000    364.074     1.4365  30.196825     1.4367  30.195956     4.1224     4.1786    -0.0218    91.7557 1.0000e-12  -64.86062  -64.94864 345.906043      88.15 1.7629e+02   1114.123      26740  1029.4867  1029.4856    34.6755    34.6743    7.73696         21 0.0000e+00
    367.000    363.083     1.4351  30.194727     1.4349  30.193523     4.1243     4.1833    -0.0119    91.7557 1.0000e-12  -64.86062  -64.94865 345.906052      89.43 1.7629e+02   1114.891      26758  1029.4816  1029.4806    34.6750    34.6737    7.73727         18 0.0000e+00
    366.000    362.096     1.4343  30.193199     1.4340  30.191853     4.1275     4.1829    -0.0078    91.7557 1.0000e-12  -64.86062  -64.94865 345.906060      89.96 1.7629e+02   1115.583      26775  1029.4767  1029.4756    34.6746    34.6732    7.73746         16 0.0000e+00
    365.000    361.107     1.4336  30.191954     1.4334  30.190721     4.1267     4.1784    -0.0144    91.7557 1.0000e-12  -64.86062  -64.94864 345.906068      90.82 1.7629e+02   1116.275      26792  1029.4719  1029.4708    34.6743    34.6730    7.73761         17 0.0000e+00
    364.000    360.118     1.4335  30.191395     1.4329  30.189541     4.1282     4.1796    -0.0147    91.7557 1.0000e-12  -64.86062  -64.94864 345.906077      91.90 1.7629e+02   1117.066      26811  1029.4671  1029.4658    34.6743    34.6725    7.73763         21 0.0000e+00
    363.000    359.129     1.4341  30.191476     1.4337  30.189989     4.1330     4.1833    -0.0098    91.7557 1.0000e-12  -64.86062  -64.94864 345.906090      93.29 1.7629e+02   1118.192      26838  1029.4624  1029.4613    34.6743    34.6729    7.73751         33 0.0000e+00
    362.000    358.140     1.4341  30.191160     1.4335  30.189551     4.1273     4.1789    -0.0040    91.7557 1.0000e-12  -64.86062  -64.94864 345.906120      94.60 1.7629e+02   1120.737      26899  1029.4578  1029.4567    34.6745    34.6730    7.73750         39 0.0000e+00
    361.000    357.154     1.4341  30.190822     1.4338  30.189266     4.1259     4.1808    -0.0125    91.7557 1.0000e-12  -64.86062  -64.94866 345.906138      95.09 1.7637e+02   1122.309      26936  1029.4532  1029.4520    34.6746    34.6730    7.73749         24 0.0000e+00
    360.000    356.165     1.4329  30.189157     1.4328  30.187895     4.1339     4.1820    -0.0061    91.7557 1.0000e-12  -64.86062  -64.94866 345.906147      96.11 1.7746e+02   1123.142      26956  1029.4484  1029.4473    34.6744    34.6729    7.73773         18 0.0000e+00
    359.000    355.175     1.4318  30.187254     1.4315  30.185950     4.1376     4.1838    -0.0132    91.7557 1.0000e-12  -64.86062  -64.94866 345.906156      97.16 1.7805e+02   1123.870      26974  1029.4434  1029.4424    34.6738    34.6724    7.73799         17 0.0000e+00
    358.000    354.188     1.4310  30.185886     1.4305  30.184304     4.1328     4.1860    -0.0103    91.7599 1.0000e-12  -64.86062  -64.94865 345.906165      98.13 1.7805e+02   1124.636      26992  1029.4386  1029.4374    34.6735    34.6720    7.73816         20 0.0000e+00
    357.000    353.198     1.4304  30.184742     1.4306  30.183813     4.1365     4.1865    -0.0101    91.7530 1.0000e-12  -64.86062  -64.94864 345.906176      99.46 1.7805e+02   1125.602      27015  1029.4338  1029.4326    34.6733    34.6718    7.73829         27 0.0000e+00
    356.000    352.210     1.4309  30.184735     1.4318  30.184773     4.1284     4.1870    -0.0106    91.7514 1.0000e-12  -64.86062  -64.94864 345.906190      99.87 1.7805e+02   1126.838      27045  1029.4290  1029.4281    34.6733    34.6723    7.73819         30 0.0000e+00
    355.000    351.223     1.4307  30.184165     1.4308  30.183167     4.1292     4.1894    -0.0117    91.7680 1.0000e-12  -64.86062  -64.94864 345.906204      99.97 1.7805e+02   1128.013      27073  1029.4244  1029.4233    34.6734    34.6720    7.73823         26 0.0000e+00
    354.000    350.233     1.4290  30.181588     1.4290  30.180600     4.1332     4.1863    -0.0150    91.7557 1.0000e-12  -64.86062  -64.94864 345.906216      99.97 1.7791e+02   1129.062      27098  1029.4192  1029.4182    34.6725    34.6713    7.73861         26 0.0000e+00
    353.000    349.244     1.4283  30.180455     1.4280  30.179005     4.1330     4.1856    -0.0143    91.7557 1.0000e-12  -64.86062  -64.94864 345.906231      99.97 1.7710e+02   1130.334      27129  1029.4145  1029.4133    34.6725    34.6709    7.73876         37 0.0000e+00
    352.000    348.257     1.4275  30.179203     1.4298  30.180707     4.1367     4.1916    -0.0105    91.7557 1.0000e-12  -64.86062  -64.94864 345.906262      99.97 1.7805e+02   1132.995      27193  1029.4097  1029.4090    34.6723    34.6717    7.73891         29 0.0000e+00
    351.000    347.268     1.4279  30.179270     1.4284  30.178660     4.1405     4.1922    -0.0152    91.7557 1.0000e-12  -64.86062  -64.94864 345.906277      99.97 1.7805e+02   1134.296      27224  1029.4052  1029.4041    34.6725    34.6712    7.73882         21 0.0000e+00
    350.000    346.280     1.4254  30.175853     1.4254  30.174956     4.1374     4.1979    -0.0141    91.7557 1.0000e-12  -64.86062  -64.94864 345.906285      99.97 1.7805e+02   1135.017      27241  1029.3999  1029.3990    34.6715    34.6704    7.73936         16 0.0000e+00
    349.000    345.290     1.4242  30.173950     1.4238  30.172410     4.1377     4.1984    -0.0104    91.7557 1.0000e-12  -64.86062  -64.94865 345.906292      99.97 1.7805e+02   1135.638      27256  1029.3949  1029.3938    34.6709    34.6695    7.73963         14 0.0000e+00
    348.000    344.303     1.4234  30.172676     1.4232  30.171286     4.1356     4.1947    -0.0064    91.7557 1.0000e-12  -64.86062  -64.94866 345.906299      99.97 1.7805e+02   1136.267      27271  1029.3902  1029.3890    34.6708    34.6693    7.73979         16 0.0000e+00
    347.000    343.312     1.4233  30.171911     1.4228  30.170390     4.1275     4.1914     0.0006    91.7557 1.0000e-12  -64.86062  -64.94866 345.906308      99.97 1.7805e+02   1136.983      27289  1029.3853  1029.3842    34.6705    34.6691    7.73983         19 0.0000e+00
    346.000    342.324     1.4239  30.172222     1.4240  30.171197     4.1353     4.1908    -0.0036    91.7557 1.0000e-12  -64.86062  -64.94866 345.906319      99.97 1.7805e+02   1137.954      27312  1029.3807  1029.3796    34.6708    34.6694    7.73969         27 0.0000e+00
    345.000    341.338     1.4234  30.171241     1.4233  30.170091     4.1400     4.1900    -0.0116    91.7557 1.0000e-12  -64.86062  -64.94865 345.906337      99.97 1.7845e+02   1139.470      27348  1029.3760  1029.3750    34.6707    34.6694    7.73981         35 0.0000e+00
    344.000    340.348     1.4234  30.170749     1.4231  30.169388     4.1366     4.1908    -0.0110    91.7557 1.0000e-12  -64.86062  -64.94864 345.906355      99.97 1.7955e+02   1141.031      27386  1029.3713  1029.3701    34.6707    34.6693    7.73981         35 0.0000e+00
    343.000    339.360     1.4226  30.169561     1.4232  30.169033     4.1470     4.1907    -0.0145    91.7651 1.0000e-12  -64.86062  -64.94864 345.906372      99.97 1.7906e+02   1142.551      27422  1029.3666  1029.3655    34.6706    34.6693    7.73997         35 0.0000e+00
    342.000    338.371     1.4189  30.165023     1.4209  30.166216     4.1505     4.2036    -0.0091    91.7379 1.0000e-12  -64.86062  -64.94864 345.906389      99.97 1.7930e+02   1144.039      27458  1029.3613  1029.3606    34.6694    34.6688    7.74075         34 0.0000e+00
    341.000    337.383     1.4142  30.159020     1.4167  30.160779     4.1557     4.2112    -0.0148    91.7578 1.0000e-12  -64.86062  -64.94864 345.906404      99.97 1.7975e+02   1145.305      27488  1029.3556  1029.3550    34.6676    34.6671    7.74177         27 0.0000e+00
    340.000    336.394     1.4129  30.157126     1.4115  30.154570     4.1583     4.2137    -0.0116    91.7765 1.0000e-12  -64.86062  -64.94864 345.906417      99.97 1.7981e+02   1146.471      27516  1029.3507  1029.3495    34.6672    34.6655    7.74205         29 0.0000e+00
    339.000    335.406     1.4105  30.153928     1.4105  30.152804     4.1620     4.2118    -0.0112    91.7894 1.0000e-12  -64.86062  -64.94865 345.906432      99.97 1.7981e+02   1147.708      27546  1029.3456  1029.3444    34.6664    34.6649    7.74257         29 0.0000e+00
    338.000    334.417     1.4091  30.151892     1.4091  30.150768     4.1634     4.2173    -0.0107    91.7933 1.0000e-12  -64.86062  -64.94866 345.906445      99.97 1.7981e+02   1148.829      27573  1029.3406  1029.3395    34.6659    34.6645    7.74288         24 0.0000e+00
    337.000    333.428     1.4058  30.147933     1.4065  30.147790     4.1664     4.2200    -0.0076    91.7841 1.0000e-12  -64.86062  -64.94866 345.906455      99.97 1.7981e+02   1149.703      27594  1029.3356  1029.3347    34.6651    34.6641    7.74357         18 0.0000e+00
    336.000    332.440     1.4018  30.143255     1.4025  30.143036     4.1645     4.2173    -0.0063    91.7813 1.0000e-12  -64.86062  -64.94866 345.906463      99.97 1.7981e+02   1150.415      27611  1029.3304  1029.3296    34.6640    34.6630    7.74440         16 0.0000e+00
    335.000    331.451     1.3989  30.139404     1.3987  30.138068     4.1612     4.2187    -0.0072    91.7814 1.0000e-12  -64.86062  -64.94866 345.906471      99.97 1.7981e+02   1151.063      27627  1029.3252  1029.3241    34.6630    34.6615    7.74504         15 0.0000e+00
    334.000    330.461     1.3956  30.135385     1.3964  30.135108     4.1581     4.2226    -0.0077    91.7814 1.0000e-12  -64.86062  -64.94866 345.906478      99.97 1.7981e+02   1151.733      27643  1029.3200  1029.3190    34.6620    34.6608    7.74573         18 0.0000e+00
    333.000    329.472     1.3978  30.136839     1.4001  30.138091     4.1628     4.2159    -0.0070    91.7814 1.0000e-12  -64.86062  -64.94865 345.906494      99.97 1.7981e+02   1153.058      27674  1029.3151  1029.3141    34.6621    34.6611    7.74531         29 0.0000e+00
    332.000    328.487     1.4014  30.141032     1.4005  30.139139     4.1619     4.2214     0.0010    91.7814 1.0000e-12  -64.86064  -64.94864 345.906539      99.97 1.7981e+02   1156.979      27769  1029.3115  1029.3104    34.6640    34.6626    7.74448         21 0.0000e+00
