NBP2113_155081_ctd/data/unbp2113_054.cnv
* Sea-Bird SBE 9 Data File:
* FileName = D:\Data\raw\NBP2113_054.hex
* Software Version Seasave V 7.26.7.121
* Temperature SN = 2438
* Conductivity SN = 2067
* Number of Bytes Per Scan = 40
* Number of Voltage Words = 5
* Number of Scans Averaged by the Deck Unit = 1
* NMEA Latitude = 64 52.85 S
* NMEA Longitude = 064 38.20 W
* NMEA UTC (Time) = Dec 11 2021  19:48:22
* NMEA baud rate = 9600
** Ship: RVIB N.B. Palmer
** Cruise: NBP2113 LTER
** Station: 597.052
** Operator: S. Blackman
# nquan = 25
# nvalues = 444                         
# units = specified
# name 0 = prDM: Pressure, Digiquartz [db]
# name 1 = depSM: Depth [salt water, m]
# name 2 = t090C: Temperature [ITS-90, deg C]
# name 3 = c0mS/cm: Conductivity [mS/cm]
# name 4 = t190C: Temperature, 2 [ITS-90, deg C]
# name 5 = c1mS/cm: Conductivity, 2 [mS/cm]
# name 6 = sbeox0ML/L: Oxygen, SBE 43 [ml/l]
# name 7 = sbeox1ML/L: Oxygen, SBE 43, 2 [ml/l]
# name 8 = flECO-AFL: Fluorescence, WET Labs ECO-AFL/FL [mg/m^3]
# name 9 = CStarTr0: Beam Transmission, WET Labs C-Star [%]
# name 10 = par: PAR/Irradiance, Biospherical/Licor
# name 11 = latitude: Latitude [deg]
# name 12 = longitude: Longitude [deg]
# name 13 = timeJ: Julian Days
# name 14 = altM: Altimeter [m]
# name 15 = spar: SPAR, Biospherical/Licor
# name 16 = timeS: Time, Elapsed [seconds]
# name 17 = scan: Scan Count
# name 18 = density00: Density [density, kg/m^3]
# name 19 = density11: Density, 2 [density, kg/m^3]
# name 20 = sal00: Salinity, Practical [PSU]
# name 21 = sal11: Salinity, Practical, 2 [PSU]
# name 22 = oxsolML/L: Oxygen Saturation, Garcia & Gordon [ml/l]
# name 23 = nbin: number of scans per bin
# name 24 = flag: flag
# span 0 =      1.000,    444.000       
# span 1 =      0.991,    439.181       
# span 2 =    -0.6469,     1.3374       
# span 3 =  27.477254,  30.121591       
# span 4 =    -0.6478,     1.3370       
# span 5 =  27.488002,  30.120029       
# span 6 =     4.2498,     8.4534       
# span 7 =     4.3057,     8.0391       
# span 8 =    -0.0226,     1.7594       
# span 9 =    83.7273,    91.4425       
# span 10 = 1.0000e-12, 6.1488e+02      
# span 11 =  -64.88094,  -64.88092      
# span 12 =  -64.63768,  -64.63693      
# span 13 = 345.837812, 345.846769      
# span 14 =      -0.88,     100.72      
# span 15 = 5.8351e+02, 6.5765e+02      
# span 16 =   1084.925,   1858.850      
# span 17 =      26039,      44613      
# span 18 =  1027.0374,  1029.8282      
# span 19 =  1027.0351,  1029.8271      
# span 20 =    33.6332,    34.6472      
# span 21 =    33.6320,    34.6457      
# span 22 =    7.75800,    8.22480      
# span 23 =         13,         46      
# span 24 = 0.0000e+00, 0.0000e+00      
# interval = decibars: 1                
# start_time = Dec 11 2021 19:48:22 [NMEA time, header]
# bad_flag = -9.990e-29
*END*
[from data line 406]
     38.000     37.624     0.0070  28.273291     0.0060  28.271586     7.8544     7.8798     0.6944    88.8672 7.1254e+00  -64.88092  -64.63764 345.845874      99.97 6.1701e+02   1781.528      42758  1027.4439  1027.4431    33.9559    33.9547    8.06749         34 0.0000e+00
     37.000     36.633     0.0080  28.272986     0.0060  28.271541     7.8583     7.8956     0.6987    88.9525 7.1736e+00  -64.88094  -64.63762 345.845899      99.97 6.1851e+02   1783.672      42809  1027.4384  1027.4388    33.9549    33.9552    8.06733         31 0.0000e+00
     36.000     35.644     0.0079  28.271370     0.0064  28.269115     7.8762     7.9146     0.7842    88.8662 7.6016e+00  -64.88094  -64.63762 345.845913      99.97 6.1818e+02   1784.856      42838  1027.4325  1027.4316    33.9535    33.9522    8.06742         24 0.0000e+00
     35.000     34.655    -0.0030  28.257527    -0.0033  28.255499     7.9059     7.9414     0.8266    88.5829 8.3617e+00  -64.88094  -64.63762 345.845924      99.97 6.1702e+02   1785.822      42861  1027.4241  1027.4222    33.9479    33.9455    8.07005         23 0.0000e+00
     34.000     33.663    -0.0275  28.230091    -0.0327  28.223553     7.8794     7.9311     0.9220    88.3569 9.4709e+00  -64.88094  -64.63763 345.845936      99.97 6.1893e+02   1786.903      42887  1027.4143  1027.4123    33.9393    33.9364    8.07570         29 0.0000e+00
     33.000     32.675    -0.0414  28.215265    -0.0441  28.210518     7.7958     7.8989     1.0122    88.0330 1.0834e+01  -64.88094  -64.63764 345.845952      99.97 6.2056e+02   1788.215      42918  1027.4076  1027.4050    33.9357    33.9323    8.07885         32 0.0000e+00
     32.000     31.685    -0.0437  28.210364    -0.0563  28.195261     7.8046     7.8863     1.2062    87.6928 1.1894e+01  -64.88092  -64.63764 345.845965      99.97 6.1943e+02   1789.360      42946  1027.4002  1027.3963    33.9323    33.9263    8.07951         23 0.0000e+00
     31.000     30.694    -0.0683  28.186965    -0.1207  28.134940     7.7952     7.8972     1.2481    87.6659 1.2801e+01  -64.88092  -64.63766 345.845975      99.96 6.1925e+02   1790.277      42968  1027.3945  1027.3899    33.9292    33.9183    8.08489         22 0.0000e+00
     30.000     29.703    -0.2177  28.045463    -0.2231  28.035071     7.7850     7.8762     1.2426    87.5382 1.3692e+01  -64.88092  -64.63766 345.845985      99.96 6.2050e+02   1791.126      42988  1027.3838  1027.3772    33.9078    33.8999    8.11785         20 0.0000e+00
     29.000     28.714    -0.2619  27.989543    -0.2625  27.986434     7.7950     7.8641     1.3566    87.0578 1.4533e+01  -64.88094  -64.63764 345.845996      99.97 6.2053e+02   1792.062      43010  1027.3617  1027.3588    33.8830    33.8796    8.12867         25 0.0000e+00
     28.000     27.725    -0.2665  27.984828    -0.2470  28.003262     7.7944     7.8722     1.6100    86.8459 1.5263e+01  -64.88094  -64.63764 345.846011      99.97 6.2053e+02   1793.376      43042  1027.3558  1027.3565    33.8826    33.8854    8.12969         38 0.0000e+00
     27.000     26.733    -0.2757  27.970306    -0.2684  27.980029     7.8127     7.8808     1.5034    87.0596 1.6465e+01  -64.88094  -64.63763 345.846037      99.97 6.2053e+02   1795.572      43095  1027.3435  1027.3468    33.8739    33.8788    8.13213         37 0.0000e+00
     26.000     25.744    -0.2720  27.973837    -0.2739  27.969824     7.8294     7.8727     1.6973    86.9169 1.8711e+01  -64.88094  -64.63764 345.846055      99.96 6.2170e+02   1797.116      43132  1027.3386  1027.3361    33.8752    33.8719    8.13128         27 0.0000e+00
     25.000     24.754    -0.2780  27.966550    -0.2764  27.967007     7.8206     7.8740     1.5873    86.7651 2.1001e+01  -64.88094  -64.63764 345.846066      99.97 6.2174e+02   1798.069      43155  1027.3320  1027.3309    33.8728    33.8716    8.13271         22 0.0000e+00
     24.000     23.764    -0.2704  27.974282    -0.2637  27.980267     7.8318     7.8825     1.5874    86.6968 2.3102e+01  -64.88093  -64.63764 345.846075      99.97 6.2053e+02   1798.914      43175  1027.3282  1027.3282    33.8752    33.8758    8.13093         19 0.0000e+00
     23.000     22.774    -0.2631  27.981911    -0.2595  27.985676     7.8332     7.8823     1.5627    86.6852 2.5063e+01  -64.88092  -64.63764 345.846086      99.97 6.2053e+02   1799.788      43196  1027.3249  1027.3254    33.8779    33.8788    8.12923         23 0.0000e+00
     22.000     21.782    -0.2652  27.980212    -0.2706  27.972821     7.8257     7.8810     1.5826    86.7109 2.6932e+01  -64.88093  -64.63764 345.846098      99.97 6.2282e+02   1800.868      43222  1027.3205  1027.3179    33.8785    33.8747    8.12963         31 0.0000e+00
     21.000     20.793    -0.2619  27.983236    -0.2652  27.977868     7.8091     7.8798     1.6870    86.5596 2.8990e+01  -64.88094  -64.63764 345.846116      99.97 6.2335e+02   1802.415      43259  1027.3160  1027.3134    33.8795    33.8760    8.12888         35 0.0000e+00
     20.000     19.803    -0.2668  27.977291    -0.2741  27.967587     7.8405     7.8936     1.7468    86.4890 3.2036e+01  -64.88094  -64.63764 345.846134      99.97 6.2315e+02   1803.963      43296  1027.3099  1027.3064    33.8777    33.8728    8.13003         31 0.0000e+00
     19.000     18.814    -0.2916  27.946334    -0.2974  27.936944     7.8696     7.9173     1.7594    86.3540 3.5863e+01  -64.88094  -64.63764 345.846146      99.97 6.2429e+02   1805.040      43322  1027.2961  1027.2916    33.8646    33.8585    8.13608         23 0.0000e+00
     18.000     17.822    -0.3083  27.916819    -0.3114  27.910274     7.9044     7.9478     1.7038    86.2113 3.9597e+01  -64.88094  -64.63765 345.846157      99.96 6.2580e+02   1805.964      43344  1027.2760  1027.2720    33.8443    33.8390    8.14080         22 0.0000e+00
     17.000     16.833    -0.3149  27.899394    -0.3155  27.897637     7.9093     7.9444     1.6703    86.0991 4.3163e+01  -64.88094  -64.63765 345.846168      99.97 6.2430e+02   1806.939      43368  1027.2591  1027.2578    33.8289    33.8273    8.14309         25 0.0000e+00
     16.000     15.842    -0.3173  27.890449    -0.3175  27.889702     7.8490     7.9365     1.6811    85.7986 4.6180e+01  -64.88094  -64.63764 345.846182      99.97 6.2492e+02   1808.159      43397  1027.2472  1027.2465    33.8203    33.8195    8.14411         34 0.0000e+00
     15.000     14.853    -0.3066  27.913227    -0.3207  27.899410     7.8650     7.9513     1.6861    85.7335 5.0316e+01  -64.88094  -64.63764 345.846201      99.97 6.2699e+02   1809.766      43435  1027.2567  1027.2555    33.8394    33.8367    8.14072         36 0.0000e+00
     14.000     13.862    -0.4153  27.783987    -0.3872  27.809721     7.8703     7.9441     1.7245    85.6387 5.8159e+01  -64.88094  -64.63764 345.846218      99.97 6.2760e+02   1811.209      43470  1027.2183  1027.2188    33.7880    33.7913    8.16700         30 0.0000e+00
     13.000     12.874    -0.4944  27.685199    -0.4773  27.705704     7.9463     7.9907     1.6338    85.5682 6.8565e+01  -64.88094  -64.63766 345.846231      99.97 6.2759e+02   1812.338      43497  1027.1830  1027.1884    33.7442    33.7528    8.18657         25 0.0000e+00
     12.000     11.882    -0.5770  27.591874    -0.5352  27.634814     7.9914     8.0256     1.5568    85.2599 7.7531e+01  -64.88094  -64.63766 345.846242      99.97 6.2935e+02   1813.312      43520  1027.1567  1027.1632    33.7114    33.7227    8.20636         22 0.0000e+00
     11.000     10.891    -0.6453  27.499910    -0.6426  27.503620     7.9515     7.9955     1.5033    84.7263 8.6758e+01  -64.88094  -64.63768 345.846254      99.97 6.2935e+02   1814.313      43545  1027.1174  1027.1192    33.6642    33.6663    8.22393         27 0.0000e+00
     10.000      9.902    -0.6469  27.495598    -0.6478  27.488409     7.9520     7.9987     1.3857    84.1933 9.4492e+01  -64.88094  -64.63766 345.846268      99.97 6.2935e+02   1815.567      43575  1027.1089  1027.1020    33.6607    33.6521    8.22447         34 0.0000e+00
      9.000      8.912    -0.6398  27.507794    -0.6202  27.529161     7.9592     7.9985     1.2999    84.2715 9.7186e+01  -64.88094  -64.63764 345.846295      99.97 6.2993e+02   1817.901      43631  1027.1090  1027.1133    33.6700    33.6769    8.22241         30 0.0000e+00
      8.000      7.921    -0.6329  27.510568    -0.6138  27.530037     7.9567     8.0144     1.3366    84.4047 1.0615e+02  -64.88094  -64.63764 345.846320      99.97 6.3142e+02   1820.049      43682  1027.1000  1027.1032    33.6667    33.6716    8.22110         36 0.0000e+00
      7.000      6.931    -0.6142  27.534628    -0.6228  27.518759     7.9077     8.0030     1.2207    84.2421 1.2148e+02  -64.88093  -64.63764 345.846341      99.96 6.3330e+02   1821.891      43726  1027.1031  1027.0945    33.6788    33.6670    8.21632         42 0.0000e+00
      6.000      5.941    -0.6154  27.532611    -0.6100  27.535747     7.9631     7.9964     1.2121    83.9893 1.3439e+02  -64.88092  -64.63768 345.846370      99.97 6.3464e+02   1824.332      43785  1027.0974  1027.0956    33.6780    33.6763    8.21662         43 0.0000e+00
      5.000      4.949    -0.6338  27.487003    -0.6263  27.492097     8.0933     8.0316     0.8720    83.8422 1.6000e+02  -64.88092  -64.63764 345.846594      38.55 6.4593e+02   1843.717      44250  1027.0599  1027.0583    33.6377    33.6362    8.22298         37 0.0000e+00
      4.000      3.961    -0.6410  27.477254    -0.6239  27.490815     8.4534     8.0391     0.8165    83.7980 1.9499e+02  -64.88094  -64.63762 345.846730      -0.88 6.5264e+02   1855.495      44533  1027.0511  1027.0494    33.6332    33.6324    8.22480         37 0.0000e+00
      3.000      2.971    -0.6351  27.484643    -0.6291  27.488210 -9.990e-29 -9.990e-29     0.8198    83.8142 2.2432e+02  -64.88094  -64.63762 345.846739       1.24 6.5383e+02   1856.206      44550  1027.0493  1027.0475    33.6372    33.6353    8.22329         24 0.0000e+00
      2.000      1.979    -0.6320  27.486093    -0.6259  27.488002 -9.990e-29 -9.990e-29     0.8103    83.7880 2.9844e+02  -64.88092  -64.63762 345.846751       1.10 6.5557e+02   1857.251      44575  1027.0435  1027.0398    33.6363    33.6320    8.22266         27 0.0000e+00
      1.000      0.991    -0.6222  27.493033    -0.6120  27.499893 -9.990e-29 -9.990e-29     0.7626    83.7273 6.1488e+02  -64.88092  -64.63762 345.846769       1.40 6.5765e+02   1858.850      44613  1027.0374  1027.0351    33.6354    33.6332    8.22058         24 0.0000e+00
