NBP2113_155081_ctd/data/unbp2113_059.cnv
* Sea-Bird SBE 9 Data File:
* FileName = D:\Data\raw\NBP2113_059.hex
* Software Version Seasave V 7.26.7.121
* Temperature SN = 2438
* Conductivity SN = 2067
* Number of Bytes Per Scan = 40
* Number of Voltage Words = 5
* Number of Scans Averaged by the Deck Unit = 1
* NMEA Latitude = 64 45.55 S
* NMEA Longitude = 063 08.87 W
* NMEA UTC (Time) = Dec 13 2021  21:27:01
* NMEA baud rate = 9600
** Ship: RVIB N.B. Palmer
** Cruise: NBP2113 LTER
** Station: 653.008
** Operator: S. Blackman
# nquan = 25
# nvalues = 133                         
# units = specified
# name 0 = prDM: Pressure, Digiquartz [db]
# name 1 = depSM: Depth [salt water, m]
# name 2 = t090C: Temperature [ITS-90, deg C]
# name 3 = c0mS/cm: Conductivity [mS/cm]
# name 4 = t190C: Temperature, 2 [ITS-90, deg C]
# name 5 = c1mS/cm: Conductivity, 2 [mS/cm]
# name 6 = sbeox0ML/L: Oxygen, SBE 43 [ml/l]
# name 7 = sbeox1ML/L: Oxygen, SBE 43, 2 [ml/l]
# name 8 = flECO-AFL: Fluorescence, WET Labs ECO-AFL/FL [mg/m^3]
# name 9 = CStarTr0: Beam Transmission, WET Labs C-Star [%]
# name 10 = par: PAR/Irradiance, Biospherical/Licor
# name 11 = latitude: Latitude [deg]
# name 12 = longitude: Longitude [deg]
# name 13 = timeJ: Julian Days
# name 14 = altM: Altimeter [m]
# name 15 = spar: SPAR, Biospherical/Licor
# name 16 = timeS: Time, Elapsed [seconds]
# name 17 = scan: Scan Count
# name 18 = density00: Density [density, kg/m^3]
# name 19 = density11: Density, 2 [density, kg/m^3]
# name 20 = sal00: Salinity, Practical [PSU]
# name 21 = sal11: Salinity, Practical, 2 [PSU]
# name 22 = oxsolML/L: Oxygen Saturation, Garcia & Gordon [ml/l]
# name 23 = nbin: number of scans per bin
# name 24 = flag: flag
# span 0 =      1.000,    133.000       
# span 1 =      0.990,    131.657       
# span 2 =    -0.2079,     0.5434       
# span 3 =  27.999031,  29.109336       
# span 4 =    -0.2076,     0.5427       
# span 5 =  27.997554,  29.106882       
# span 6 =     5.4721,     7.7340       
# span 7 =     5.5974,     7.5989       
# span 8 =     0.0724,     1.7303       
# span 9 =    85.1903,    90.6678       
# span 10 = 1.0000e-12, 7.4583e+02      
# span 11 =  -64.75944,  -64.75930      
# span 12 =  -63.14774,  -63.14768      
# span 13 = 347.907212, 347.911775      
# span 14 =      11.17,     100.89      
# span 15 = 4.8467e+02, 5.3592e+02      
# span 16 =   1162.138,   1556.376      
# span 17 =      27892,      37354      
# span 18 =  1027.1913,  1028.2240      
# span 19 =  1027.1895,  1028.2226      
# span 20 =    33.8434,    34.4028      
# span 21 =    33.8460,    34.4004      
# span 22 =    7.93100,    8.11914      
# span 23 =         28,         49      
# span 24 = 0.0000e+00, 0.0000e+00      
# interval = decibars: 1                
# start_time = Dec 13 2021 21:27:01 [NMEA time, header]
# bad_flag = -9.990e-29
*END*
[from data line 58]
     75.000     74.252     0.2426  28.684101     0.2343  28.671297     6.3526     6.4733     0.3738    89.9663 2.0660e-01  -64.75942  -63.14768 347.909389      71.17 4.9181e+02   1350.195      32406  1027.8160  1027.8105    34.2139    34.2064    8.00362         42 0.0000e+00
     74.000     73.261     0.2341  28.672833     0.2380  28.674150     6.3672     6.4347     0.4152    89.9094 2.2318e-01  -64.75942  -63.14768 347.909417      72.52 4.9154e+02   1352.639      32464  1027.8081  1027.8055    34.2092    34.2066    8.00566         40 0.0000e+00
     73.000     72.272     0.2431  28.682859     0.2538  28.696128     6.3046     6.4270     0.4376    89.9697 2.4172e-01  -64.75942  -63.14768 347.909450      73.22 4.9007e+02   1355.462      32532  1027.8056  1027.8091    34.2130    34.2185    8.00357         43 0.0000e+00
     72.000     71.284     0.2422  28.680583     0.2523  28.692844     6.3448     6.4597     0.5120    89.8703 2.6128e-01  -64.75942  -63.14768 347.909482      74.65 4.9008e+02   1358.279      32600  1027.7998  1027.8030    34.2116    34.2165    8.00384         41 0.0000e+00
     71.000     70.293     0.2173  28.645440     0.2138  28.639582     6.3586     6.5116     0.4598    89.7891 2.8189e-01  -64.75942  -63.14768 347.909619      75.26 4.8794e+02   1370.072      32883  1027.7818  1027.7792    34.1936    34.1898    8.01004         40 0.0000e+00
     70.000     69.304     0.2015  28.623246     0.1796  28.591056     6.3292     6.5807     0.4519    89.6915 3.0263e-01  -64.75942  -63.14768 347.909862      76.52 4.8467e+02   1391.031      33386  1027.7682  1027.7557    34.1826    34.1646    8.01394         37 0.0000e+00
     69.000     68.313     0.2217  28.652031     0.2120  28.636683     6.3284     6.5524     0.4070    89.7567 3.2629e-01  -64.75942  -63.14768 347.909869      77.22 4.8479e+02   1391.718      33402  1027.7749  1027.7681    34.1987    34.1892    8.00884         31 0.0000e+00
     68.000     67.324     0.2218  28.652102     0.2122  28.637037     6.4471     6.6188     0.4444    89.8112 3.5185e-01  -64.75942  -63.14768 347.909884      78.76 4.8479e+02   1392.992      33433  1027.7708  1027.7641    34.1992    34.1900    8.00878         30 0.0000e+00
     67.000     66.334     0.2147  28.643147     0.2052  28.630432     6.6156     6.7078     0.4166    89.8055 3.7838e-01  -64.75942  -63.14768 347.909898      79.40 4.8479e+02   1394.231      33463  1027.7640  1027.7598    34.1959    34.1897    8.01043         30 0.0000e+00
     66.000     65.344     0.1593  28.568871     0.1496  28.552895     6.7064     6.7507     0.4469    89.8102 4.0794e-01  -64.75942  -63.14768 347.909913      80.40 4.8479e+02   1395.457      33492  1027.7353  1027.7277    34.1603    34.1500    8.02401         29 0.0000e+00
     65.000     64.353     0.1484  28.550890     0.1360  28.534131     6.6593     6.7662     0.4416    89.8530 4.3912e-01  -64.75942  -63.14768 347.909927      81.44 4.8479e+02   1396.695      33522  1027.7224  1027.7166    34.1493    34.1410    8.02690         30 0.0000e+00
     64.000     63.364     0.1334  28.529436     0.1330  28.528881     6.6868     6.8130     0.4440    89.6952 4.7376e-01  -64.75942  -63.14768 347.909941      82.26 4.8479e+02   1397.934      33551  1027.7099  1027.7094    34.1383    34.1380    8.03065         30 0.0000e+00
     63.000     62.374     0.1596  28.568635     0.1232  28.518533     6.7824     6.8467     0.5419    89.4971 5.1026e-01  -64.75942  -63.14768 347.909956      82.64 4.8479e+02   1399.157      33581  1027.7213  1027.7036    34.1615    34.1358    8.02387         28 0.0000e+00
     62.000     61.384     0.0915  28.480896     0.0904  28.477574     6.7980     6.8604     0.6038    89.3877 5.4955e-01  -64.75942  -63.14768 347.909969      84.84 4.8479e+02   1400.361      33610  1027.6903  1027.6875    34.1221    34.1188    8.04035         29 0.0000e+00
     61.000     60.394     0.0802  28.467011     0.0817  28.466967     6.7867     6.8620     0.6226    89.3946 5.9261e-01  -64.75942  -63.14768 347.909983      85.02 4.8479e+02   1401.569      33639  1027.6819  1027.6802    34.1168    34.1151    8.04300         29 0.0000e+00
     60.000     59.404     0.0672  28.452800     0.0687  28.453457     6.7809     6.8708     0.6475    89.3708 6.3907e-01  -64.75942  -63.14768 347.909998      86.22 4.8479e+02   1402.788      33668  1027.6749  1027.6739    34.1132    34.1124    8.04594         29 0.0000e+00
     59.000     58.415     0.0454  28.428166     0.0462  28.426880     6.7994     6.8862     0.6424    89.3384 6.8791e-01  -64.75942  -63.14768 347.910012      87.60 4.8479e+02   1403.996      33697  1027.6653  1027.6630    34.1055    34.1029    8.05095         28 0.0000e+00
     58.000     57.424     0.0342  28.412951     0.0332  28.410566     6.8189     6.9083     0.6362    89.3119 7.4125e-01  -64.75942  -63.14768 347.910025      89.13 4.8479e+02   1405.174      33725  1027.6554  1027.6537    34.0985    34.0964    8.05371         29 0.0000e+00
     57.000     56.434     0.0236  28.397350     0.0257  28.398834     6.8307     6.9332     0.6367    89.2274 7.9883e-01  -64.75942  -63.14768 347.910039      89.15 4.8479e+02   1406.367      33754  1027.6444  1027.6439    34.0901    34.0899    8.05639         29 0.0000e+00
     56.000     55.444     0.0202  28.390493     0.0210  28.390099     6.8454     6.9472     0.6481    89.1363 8.6201e-01  -64.75942  -63.14768 347.910053      89.35 4.8479e+02   1407.583      33783  1027.6358  1027.6346    34.0855    34.0841    8.05737         29 0.0000e+00
     55.000     54.456     0.0189  28.386860     0.0194  28.386302     6.8549     6.9613     0.6976    89.0837 9.2837e-01  -64.75942  -63.14768 347.910067      91.23 4.8479e+02   1408.813      33813  1027.6287  1027.6275    34.0828    34.0814    8.05781         30 0.0000e+00
     54.000     53.464     0.0181  28.384126     0.0168  28.380920     6.8746     6.9869     0.7114    89.0503 1.0026e+00  -64.75942  -63.14768 347.910081      91.94 4.8479e+02   1410.037      33842  1027.6220  1027.6197    34.0807    34.0778    8.05810         29 0.0000e+00
     53.000     52.474     0.0160  28.380507     0.0130  28.374044     6.9208     7.0265     0.7367    89.0116 1.0864e+00  -64.75942  -63.14768 347.910096      93.86 4.8479e+02   1411.260      33871  1027.6157  1027.6117    34.0788    34.0736    8.05864         29 0.0000e+00
     52.000     51.486     0.0089  28.367374     0.0072  28.362983     6.9668     7.0661     0.7194    88.9261 1.1785e+00  -64.75942  -63.14768 347.910109      94.03 4.8479e+02   1412.455      33900  1027.6041  1027.6010    34.0699    34.0659    8.06063         29 0.0000e+00
     51.000     50.493     0.0033  28.355949    -0.0006  28.347455     7.0203     7.1001     0.7593    88.8392 1.2809e+00  -64.75940  -63.14768 347.910123      95.14 4.8479e+02   1413.661      33929  1027.5929  1027.5876    34.0616    34.0547    8.06229         29 0.0000e+00
     50.000     49.506    -0.0029  28.343444    -0.0070  28.333507     7.0773     7.1497     0.8104    88.7797 1.3966e+00  -64.75940  -63.14768 347.910138      96.16 4.8479e+02   1414.898      33959  1027.5811  1027.5744    34.0525    34.0440    8.06410         30 0.0000e+00
     49.000     48.515    -0.0109  28.326137    -0.0145  28.316751     7.1105     7.1808     0.8641    88.5788 1.5228e+00  -64.75940  -63.14768 347.910152      96.93 4.8479e+02   1416.108      33988  1027.5659  1027.5593    34.0391    34.0306    8.06655         29 0.0000e+00
     48.000     47.523    -0.0156  28.311949    -0.0171  28.306427     7.1252     7.2095     0.9028    88.3757 1.6696e+00  -64.75940  -63.14768 347.910166      97.83 4.8479e+02   1417.360      34018  1027.5509  1027.5463    34.0261    34.0205    8.06827         31 0.0000e+00
     47.000     46.535    -0.0162  28.307254    -0.0176  28.301589     7.1521     7.2373     0.9776    88.2606 1.8333e+00  -64.75940  -63.14768 347.910182      98.92 4.8479e+02   1418.710      34050  1027.5419  1027.5372    34.0212    34.0152    8.06868         33 0.0000e+00
     46.000     45.546    -0.0191  28.296495    -0.0199  28.291747     7.1554     7.2649     1.0382    88.0937 2.0158e+00  -64.75940  -63.14768 347.910199      99.81 4.8479e+02   1420.154      34085  1027.5288  1027.5245    34.0107    34.0053    8.06988         35 0.0000e+00
     45.000     44.554    -0.0189  28.293993    -0.0218  28.281277     7.1896     7.2984     1.0772    87.9432 2.2212e+00  -64.75940  -63.14770 347.910217      99.93 4.8542e+02   1421.717      34122  1027.5215  1027.5106    34.0078    33.9941    8.07001         36 0.0000e+00
     44.000     43.564    -0.0226  28.280089    -0.0259  28.267999     7.2086     7.2603     1.2861    87.7257 2.4558e+00  -64.75940  -63.14770 347.910236      70.44 4.8620e+02   1423.389      34162  1027.5058  1027.4961    33.9941    33.9817    8.07156         39 0.0000e+00
     43.000     42.575    -0.0261  28.272689    -0.0168  28.291776     7.1699     7.2776     1.1995    87.2403 2.7185e+00  -64.75940  -63.14770 347.910259      67.72 4.8656e+02   1425.371      34210  1027.4971  1027.5081    33.9888    34.0037    8.07261         37 0.0000e+00
     42.000     41.585    -0.0240  28.279592    -0.0293  28.263074     7.0511     7.3139     1.2760    87.1624 3.0034e+00  -64.75940  -63.14770 347.910283      80.17 4.8656e+02   1427.428      34259  1027.4978  1027.4853    33.9962    33.9802    8.07174         48 0.0000e+00
     41.000     40.594    -0.0158  28.302555    -0.0278  28.260444     7.0535     7.2078     1.4816    87.1242 3.3145e+00  -64.75940  -63.14770 347.910307     100.89 4.8656e+02   1429.506      34309  1027.5101  1027.4767    34.0181    33.9757    8.06877         45 0.0000e+00
     40.000     39.605    -0.0209  28.255370    -0.0212  28.251881     7.1944     7.3808     1.7303    86.5285 3.6365e+00  -64.75937  -63.14770 347.910626      99.97 4.8952e+02   1457.078      34971  1027.4600  1027.4566    33.9618    33.9575    8.07303         39 0.0000e+00
     39.000     38.615    -0.0223  28.260136    -0.0233  28.255441     7.3457     7.4854     1.2144    86.9742 3.9823e+00  -64.75936  -63.14772 347.910703      99.97 4.9008e+02   1463.701      35130  1027.4621  1027.4581    33.9703    33.9652    8.07284         38 0.0000e+00
     38.000     37.625    -0.0313  28.228454    -0.0389  28.213451     7.4219     7.5301     1.3737    86.7967 4.3939e+00  -64.75936  -63.14772 347.910720      99.97 4.9008e+02   1465.212      35166  1027.4328  1027.4241    33.9390    33.9274    8.07653         37 0.0000e+00
     37.000     36.635    -0.0510  28.197305    -0.0588  28.184276     7.4473     7.5452     1.3721    86.6061 4.8577e+00  -64.75936  -63.14772 347.910738      99.97 4.9008e+02   1466.779      35204  1027.4142  1027.4079    33.9201    33.9115    8.08175         38 0.0000e+00
     36.000     35.644    -0.0657  28.177929    -0.0744  28.162688     7.4614     7.5646     1.4779    86.0730 5.3751e+00  -64.75936  -63.14772 347.910756      99.97 4.9008e+02   1468.355      35242  1027.4034  1027.3954    33.9113    33.9008    8.08536         36 0.0000e+00
     35.000     34.655    -0.0860  28.149040    -0.0952  28.135188     7.4627     7.5675     1.5235    85.9319 5.9423e+00  -64.75936  -63.14772 347.910774      98.99 4.9008e+02   1469.901      35279  1027.3877  1027.3817    33.8961    33.8879    8.09051         35 0.0000e+00
     34.000     33.664    -0.1061  28.124368    -0.1073  28.121445     7.4550     7.5661     1.5306    85.7770 6.5778e+00  -64.75936  -63.14772 347.910792      96.99 4.9177e+02   1471.459      35316  1027.3762  1027.3742    33.8862    33.8838    8.09533         38 0.0000e+00
     33.000     32.674    -0.1106  28.118397    -0.1119  28.115322     7.4453     7.5758     1.5709    85.4970 7.2630e+00  -64.75936  -63.14772 347.910811      99.44 4.9184e+02   1473.048      35354  1027.3696  1027.3675    33.8839    33.8813    8.09642         38 0.0000e+00
     32.000     31.686    -0.1198  28.108822    -0.1241  28.102899     7.4478     7.5745     1.5863    85.4152 8.0305e+00  -64.75936  -63.14772 347.910829      99.95 4.9184e+02   1474.645      35392  1027.3637  1027.3614    33.8820    33.8789    8.09848         36 0.0000e+00
     31.000     30.694    -0.1337  28.093520    -0.1288  28.096480     7.4512     7.5730     1.5649    85.3968 8.8824e+00  -64.75936  -63.14772 347.910848      99.97 4.9184e+02   1476.228      35430  1027.3563  1027.3546    33.8777    33.8762    8.10167         38 0.0000e+00
     30.000     29.704    -0.1388  28.087164    -0.1357  28.089667     7.4378     7.5813     1.5980    85.3642 9.8445e+00  -64.75936  -63.14772 347.910866      99.97 4.9248e+02   1477.785      35468  1027.3499  1027.3495    33.8756    33.8755    8.10289         38 0.0000e+00
     29.000     28.714    -0.1435  28.081558    -0.1444  28.079129     7.4382     7.5861     1.6170    85.2993 1.0925e+01  -64.75936  -63.14772 347.910884      99.97 4.9361e+02   1479.395      35506  1027.3439  1027.3421    33.8740    33.8718    8.10398         34 0.0000e+00
     28.000     27.725    -0.1451  28.079349    -0.1460  28.076900     7.4336     7.5851     1.6187    85.1903 1.2039e+01  -64.75936  -63.14772 347.910903      99.97 4.9361e+02   1480.989      35545  1027.3386  1027.3368    33.8733    33.8711    8.10434         34 0.0000e+00
     27.000     26.734    -0.1456  28.078614    -0.1480  28.074690     7.4269     7.5796     1.6577    85.2354 1.3320e+01  -64.75936  -63.14772 347.910921      99.97 4.9361e+02   1482.563      35583  1027.3337  1027.3319    33.8735    33.8711    8.10444         36 0.0000e+00
     26.000     25.743    -0.1551  28.068596    -0.1633  28.057857     7.4339     7.5780     1.6822    85.2382 1.4772e+01  -64.75936  -63.14772 347.910939      99.97 4.9361e+02   1484.135      35620  1027.3278  1027.3242    33.8714    33.8663    8.10659         37 0.0000e+00
     25.000     24.754    -0.1661  28.055158    -0.1705  28.048881     7.4568     7.5798     1.5683    85.2459 1.6417e+01  -64.75936  -63.14772 347.910957      99.97 4.9361e+02   1485.672      35657  1027.3196  1027.3170    33.8663    33.8629    8.10920         37 0.0000e+00
     24.000     23.764    -0.1730  28.047527    -0.1744  28.044353     7.4455     7.5791     1.5848    85.2813 1.8166e+01  -64.75934  -63.14772 347.910975      99.97 4.9464e+02   1487.201      35694  1027.3136  1027.3116    33.8645    33.8618    8.11078         36 0.0000e+00
     23.000     22.773    -0.1754  28.044255    -0.1751  28.043179     7.4379     7.5875     1.6187    85.3394 2.0170e+01  -64.75934  -63.14772 347.910992      99.97 4.9537e+02   1488.716      35730  1027.3080  1027.3065    33.8634    33.8617    8.11136         37 0.0000e+00
     22.000     21.784    -0.1751  28.044415    -0.1749  28.043325     7.4406     7.5814     1.5758    85.3156 2.2317e+01  -64.75934  -63.14772 347.911010      99.97 4.9537e+02   1490.246      35767  1027.3034  1027.3020    33.8639    33.8622    8.11126         35 0.0000e+00
     21.000     20.793    -0.1745  28.044903    -0.1743  28.043488     7.4395     7.5830     1.5957    85.2878 2.4791e+01  -64.75934  -63.14772 347.911028      99.97 4.9537e+02   1491.812      35804  1027.2990  1027.2972    33.8645    33.8624    8.11111         38 0.0000e+00
     20.000     19.804    -0.1806  28.037382    -0.1784  28.038387     7.4317     7.5836     1.5636    85.3798 2.7555e+01  -64.75934  -63.14772 347.911046      99.97 4.9537e+02   1493.396      35842  1027.2924  1027.2913    33.8619    33.8607    8.11256         36 0.0000e+00
     19.000     18.813    -0.1837  28.033262    -0.1829  28.032913     7.4430     7.5902     1.5827    85.4038 3.0534e+01  -64.75934  -63.14772 347.911065      99.97 4.9644e+02   1494.991      35881  1027.2865  1027.2854    33.8604    33.8590    8.11329         38 0.0000e+00
