NBP2113_155081_ctd/data/unbp2113_068.cnv
* Sea-Bird SBE 9 Data File:
* FileName = D:\Data\raw\NBP2113_068.hex
* Software Version Seasave V 7.26.7.121
* Temperature SN = 2438
* Conductivity SN = 2067
* Number of Bytes Per Scan = 40
* Number of Voltage Words = 5
* Number of Scans Averaged by the Deck Unit = 1
* NMEA Latitude = 63 34.55 S
* NMEA Longitude = 060 41.64 W
* NMEA UTC (Time) = Dec 15 2021  00:43:21
* NMEA baud rate = 9600
** Ship: RVIB N.B. Palmer
** Cruise: NBP2113 LTER
** Station: 831.-002
** Operator: S. Blackman
# nquan = 25
# nvalues = 576                         
# units = specified
# name 0 = prDM: Pressure, Digiquartz [db]
# name 1 = depSM: Depth [salt water, m]
# name 2 = t090C: Temperature [ITS-90, deg C]
# name 3 = c0mS/cm: Conductivity [mS/cm]
# name 4 = t190C: Temperature, 2 [ITS-90, deg C]
# name 5 = c1mS/cm: Conductivity, 2 [mS/cm]
# name 6 = sbeox0ML/L: Oxygen, SBE 43 [ml/l]
# name 7 = sbeox1ML/L: Oxygen, SBE 43, 2 [ml/l]
# name 8 = flECO-AFL: Fluorescence, WET Labs ECO-AFL/FL [mg/m^3]
# name 9 = CStarTr0: Beam Transmission, WET Labs C-Star [%]
# name 10 = par: PAR/Irradiance, Biospherical/Licor
# name 11 = latitude: Latitude [deg]
# name 12 = longitude: Longitude [deg]
# name 13 = timeJ: Julian Days
# name 14 = altM: Altimeter [m]
# name 15 = spar: SPAR, Biospherical/Licor
# name 16 = timeS: Time, Elapsed [seconds]
# name 17 = scan: Scan Count
# name 18 = density00: Density [density, kg/m^3]
# name 19 = density11: Density, 2 [density, kg/m^3]
# name 20 = sal00: Salinity, Practical [PSU]
# name 21 = sal11: Salinity, Practical, 2 [PSU]
# name 22 = oxsolML/L: Oxygen Saturation, Garcia & Gordon [ml/l]
# name 23 = nbin: number of scans per bin
# name 24 = flag: flag
# span 0 =      1.000,    576.000       
# span 1 =      0.990,    569.620       
# span 2 =    -1.1676,     0.0050       
# span 3 =  27.755287,  28.443284       
# span 4 =    -1.1672,     0.0046       
# span 5 =  27.753990,  28.440998       
# span 6 =     5.4760,    16.5101       
# span 7 =     6.7772,     9.1118       
# span 8 =    -0.0146,     1.9024       
# span 9 =    81.2310,    89.7643       
# span 10 = 1.0000e-12, 2.0674e+01      
# span 11 =  -63.57578,  -63.57525      
# span 12 =  -60.69402,  -60.69382      
# span 13 = 349.044930, 349.057509      
# span 14 =      -0.14,     100.73      
# span 15 = 1.7629e+01, 3.5258e+01      
# span 16 =   1280.952,   2367.766      
# span 17 =      30744,      56827      
# span 18 =  1027.4628,  1030.5063      
# span 19 =  1027.4614,  1030.5051      
# span 20 =    34.1958,    34.5037      
# span 21 =    34.1940,    34.5023      
# span 22 =    8.05433,    8.28956      
# span 23 =         14,         48      
# span 24 = 0.0000e+00, 0.0000e+00      
# interval = decibars: 1                
# start_time = Dec 15 2021 00:43:21 [NMEA time, header]
# bad_flag = -9.990e-29
*END*
[from data line 58]
    518.000    512.335    -1.1346  27.938499    -1.1330  27.938788     6.7048     6.7918    -0.0077    89.7064 1.0000e-12  -63.57542  -60.69396 349.046084      71.98 2.4680e+01   1380.672      33137  1030.2275  1030.2263    34.5012    34.4998    8.28239         19 0.0000e+00
    517.000    511.346    -1.1317  27.940611    -1.1318  27.939291     6.7032     6.7911    -0.0077    89.7158 1.0000e-12  -63.57542  -60.69396 349.046093      73.15 2.4680e+01   1381.448      33156  1030.2227  1030.2213    34.5015    34.4998    8.28175         18 0.0000e+00
    516.000    510.358    -1.1316  27.940348    -1.1313  27.939362     6.7075     6.7907    -0.0011    89.7241 1.0000e-12  -63.57542  -60.69396 349.046102      74.48 2.4680e+01   1382.237      33175  1030.2181  1030.2167    34.5016    34.5000    8.28172         20 0.0000e+00
    515.000    509.370    -1.1335  27.938313    -1.1335  27.937060     6.7060     6.7898    -0.0055    89.7161 1.0000e-12  -63.57542  -60.69396 349.046113      75.96 2.4680e+01   1383.135      33196  1030.2135  1030.2122    34.5016    34.4999    8.28214         24 0.0000e+00
    514.000    508.383    -1.1332  27.938025    -1.1323  27.937547     6.7047     6.7917     0.0067    89.7003 1.0000e-12  -63.57542  -60.69396 349.046126      76.73 2.4680e+01   1384.250      33223  1030.2086  1030.2072    34.5015    34.4998    8.28208         30 0.0000e+00
    513.000    507.395    -1.1327  27.937882    -1.1329  27.936718     6.7069     6.8012     0.0037    89.6978 1.0000e-12  -63.57544  -60.69395 349.046143      77.63 2.4680e+01   1385.781      33260  1030.2037  1030.2027    34.5013    34.5000    8.28197         35 0.0000e+00
    512.000    506.407    -1.1329  27.937559    -1.1324  27.936627     6.6984     6.7912     0.0064    89.7065 1.0000e-12  -63.57543  -60.69395 349.046168      78.78 2.4680e+01   1387.918      33311  1030.1992  1030.1978    34.5017    34.4999    8.28199         35 0.0000e+00
    511.000    505.419    -1.1283  27.940888    -1.1285  27.939300     6.6959     6.7963    -0.0005    89.7228 1.0000e-12  -63.57542  -60.69396 349.046181      79.50 2.4680e+01   1389.036      33338  1030.1940  1030.1925    34.5015    34.4996    8.28098         22 0.0000e+00
    510.000    504.431    -1.1289  27.940289    -1.1302  27.938050     6.7084     6.7977     0.0060    89.7198 1.0000e-12  -63.57542  -60.69396 349.046190      80.60 2.4680e+01   1389.819      33357  1030.1899  1030.1886    34.5021    34.5005    8.28110         16 0.0000e+00
    509.000    503.444    -1.1341  27.935411    -1.1339  27.934422     6.7213     6.7994     0.0039    89.7244 1.0000e-12  -63.57542  -60.69396 349.046198      81.53 2.4680e+01   1390.529      33374  1030.1853  1030.1841    34.5020    34.5004    8.28224         17 0.0000e+00
    508.000    502.456    -1.1357  27.933534    -1.1357  27.932242     6.7197     6.7981    -0.0006    89.7265 1.0000e-12  -63.57542  -60.69396 349.046207      82.89 2.4680e+01   1391.287      33392  1030.1806  1030.1792    34.5018    34.5001    8.28260         20 0.0000e+00
    507.000    501.465    -1.1347  27.933483    -1.1358  27.931465     6.7075     6.7958    -0.0072    89.7151 1.0000e-12  -63.57542  -60.69396 349.046222      84.07 2.4680e+01   1392.550      33422  1030.1753  1030.1742    34.5012    34.4997    8.28241         30 0.0000e+00
    506.000    500.480    -1.1331  27.934724    -1.1329  27.933614     6.7007     6.7962     0.0031    89.6989 1.0000e-12  -63.57542  -60.69396 349.046250      84.89 2.4680e+01   1395.008      33481  1030.1709  1030.1694    34.5018    34.5000    8.28204         29 0.0000e+00
    505.000    499.489    -1.1381  27.930023    -1.1366  27.930317     6.7157     6.7952     0.0049    89.6957 1.0000e-12  -63.57542  -60.69396 349.046261      85.70 2.4680e+01   1395.950      33504  1030.1665  1030.1653    34.5017    34.5004    8.28315         18 0.0000e+00
    504.000    498.505    -1.1461  27.923403    -1.1461  27.922155     6.7217     6.7967    -0.0004    89.6957 1.0000e-12  -63.57542  -60.69396 349.046269      86.05 2.4680e+01   1396.652      33521  1030.1629  1030.1615    34.5024    34.5007    8.28487         16 0.0000e+00
    503.000    497.515    -1.1522  27.917127    -1.1522  27.915945     6.7243     6.7988    -0.0054    89.6957 1.0000e-12  -63.57542  -60.69396 349.046277      87.84 2.4680e+01   1397.305      33536  1030.1578  1030.1565    34.5014    34.4998    8.28627         16 0.0000e+00
    502.000    496.527    -1.1536  27.915347    -1.1537  27.914112     6.7244     6.8026    -0.0050    89.6983 1.0000e-12  -63.57542  -60.69396 349.046285      88.73 2.4680e+01   1398.015      33553  1030.1530  1030.1517    34.5012    34.4997    8.28660         19 0.0000e+00
    501.000    495.540    -1.1516  27.916307    -1.1522  27.914791     6.7279     6.8034     0.0068    89.7134 1.0000e-12  -63.57542  -60.69396 349.046299      90.09 2.4680e+01   1399.215      33582  1030.1477  1030.1466    34.5009    34.4995    8.28618         33 0.0000e+00
    500.000    494.551    -1.1530  27.915060    -1.1509  27.915356     6.7184     6.8096    -0.0067    89.6946 1.0000e-12  -63.57542  -60.69396 349.046326      90.62 2.4680e+01   1401.536      33638  1030.1433  1030.1416    34.5013    34.4994    8.28645         33 0.0000e+00
    499.000    493.564    -1.1525  27.914936    -1.1520  27.914246     6.7200     6.8035    -0.0109    89.6957 1.0000e-12  -63.57542  -60.69396 349.046340      92.06 2.4680e+01   1402.780      33668  1030.1384  1030.1372    34.5012    34.4997    8.28635         28 0.0000e+00
    498.000    492.577    -1.1532  27.914032    -1.1535  27.912706     6.7100     6.7990    -0.0081    89.7012 1.0000e-12  -63.57542  -60.69396 349.046353      93.84 2.4680e+01   1403.940      33696  1030.1338  1030.1327    34.5014    34.4999    8.28649         27 0.0000e+00
    497.000    491.587    -1.1559  27.911487    -1.1556  27.910478     6.6963     6.8029     0.0035    89.7322 1.0000e-12  -63.57542  -60.69396 349.046368      93.69 2.4680e+01   1405.205      33726  1030.1295  1030.1281    34.5017    34.5000    8.28708         29 0.0000e+00
    496.000    490.601    -1.1554  27.911379    -1.1553  27.910297     6.7071     6.8128     0.0070    89.7223 1.0000e-12  -63.57542  -60.69396 349.046380      95.26 2.4680e+01   1406.264      33751  1030.1245  1030.1232    34.5015    34.4999    8.28697         22 0.0000e+00
    495.000    489.614    -1.1561  27.910501    -1.1571  27.908601     6.7206     6.8086    -0.0010    89.7243 1.0000e-12  -63.57542  -60.69396 349.046390      96.24 2.4680e+01   1407.086      33771  1030.1200  1030.1189    34.5018    34.5003    8.28712         18 0.0000e+00
    494.000    488.623    -1.1592  27.907551    -1.1590  27.906352     6.7253     6.8030    -0.0078    89.6983 1.0000e-12  -63.57542  -60.69396 349.046398      98.43 2.4680e+01   1407.821      33789  1030.1156  1030.1140    34.5019    34.5000    8.28780         18 0.0000e+00
    493.000    487.636    -1.1590  27.907095    -1.1596  27.905532     6.7276     6.8036    -0.0077    89.7388 1.0000e-12  -63.57542  -60.69396 349.046408      98.36 2.4758e+01   1408.619      33808  1030.1106  1030.1094    34.5017    34.5002    8.28777         22 0.0000e+00
    492.000    486.648    -1.1585  27.907009    -1.1594  27.905052     6.7246     6.8026     0.0030    89.6239 1.0000e-12  -63.57542  -60.69396 349.046422      98.96 2.5062e+01   1409.822      33837  1030.1057  1030.1045    34.5015    34.5000    8.28766         39 0.0000e+00
    491.000    485.661    -1.1604  27.905109    -1.1595  27.904585     6.7277     6.8093     0.0038    89.7078 1.0000e-12  -63.57542  -60.69396 349.046442      99.79 2.6359e+01   1411.593      33879  1030.1012  1030.0997    34.5017    34.5000    8.28806         38 0.0000e+00
    490.000    484.672    -1.1620  27.903299    -1.1610  27.902895     6.7222     6.8044     0.0131    89.7225 1.0000e-12  -63.57542  -60.69396 349.046458      99.74 2.6445e+01   1412.935      33911  1030.0966  1030.0951    34.5018    34.5000    8.28843         29 0.0000e+00
    489.000    483.685    -1.1621  27.902553    -1.1621  27.901303     6.7151     6.8019    -0.0128    89.7344 1.0000e-12  -63.57542  -60.69396 349.046471      99.97 2.6443e+01   1414.113      33940  1030.0915  1030.0901    34.5014    34.4997    8.28846         28 0.0000e+00
    488.000    482.697    -1.1576  27.906019    -1.1561  27.906173     6.7170     6.8005    -0.0009    89.7306 1.0000e-12  -63.57542  -60.69396 349.046485      99.97 2.6443e+01   1415.308      33968  1030.0866  1030.0852    34.5017    34.5001    8.28746         31 0.0000e+00
    487.000    481.708    -1.1570  27.906465    -1.1556  27.906257     6.7111     6.7977     0.0022    89.7472 1.0000e-12  -63.57542  -60.69396 349.046501      99.97 2.6443e+01   1416.687      34001  1030.0822  1030.0806    34.5021    34.5003    8.28729         34 0.0000e+00
    486.000    480.721    -1.1581  27.904980    -1.1556  27.905948     6.6997     6.7977     0.0120    89.7219 1.0000e-12  -63.57542  -60.69396 349.046519      99.97 2.6443e+01   1418.258      34039  1030.0774  1030.0760    34.5020    34.5005    8.28754         32 0.0000e+00
    485.000    479.733    -1.1553  27.906787    -1.1548  27.906000     6.7010     6.7975     0.0144    89.7466 1.0000e-12  -63.57542  -60.69396 349.046532      99.97 2.6443e+01   1419.341      34065  1030.0723  1030.0710    34.5018    34.5002    8.28693         22 0.0000e+00
    484.000    478.744    -1.1541  27.907362    -1.1538  27.906230     6.6997     6.7991     0.0110    89.7643 1.0000e-12  -63.57542  -60.69396 349.046541      99.97 2.6443e+01   1420.146      34085  1030.0675  1030.0660    34.5019    34.5000    8.28667         18 0.0000e+00
    483.000    477.757    -1.1522  27.908371    -1.1526  27.906951     6.6994     6.8000     0.0069    89.7516 1.0000e-12  -63.57542  -60.69396 349.046550      99.97 2.6443e+01   1420.889      34102  1030.0625  1030.0613    34.5018    34.5003    8.28626         18 0.0000e+00
    482.000    476.768    -1.1524  27.907897    -1.1527  27.906470     6.7029     6.7985     0.0069    89.7408 1.0000e-12  -63.57542  -60.69396 349.046559      99.97 2.6443e+01   1421.680      34121  1030.0579  1030.0566    34.5020    34.5003    8.28630         20 0.0000e+00
    481.000    475.781    -1.1526  27.907371    -1.1516  27.906916     6.7166     6.7981     0.0013    89.7306 1.0000e-12  -63.57542  -60.69396 349.046570      99.97 2.6443e+01   1422.675      34145  1030.0532  1030.0518    34.5020    34.5003    8.28632         29 0.0000e+00
    480.000    474.792    -1.1530  27.906459    -1.1527  27.905600     6.7171     6.7970     0.0060    89.7327 1.0000e-12  -63.57543  -60.69395 349.046587      99.97 2.6443e+01   1424.080      34179  1030.0484  1030.0472    34.5019    34.5004    8.28643         32 0.0000e+00
    479.000    473.805    -1.1522  27.906709    -1.1529  27.904936     6.7165     6.7996     0.0069    89.7210 1.0000e-12  -63.57544  -60.69394 349.046609      99.97 2.8165e+01   1425.984      34225  1030.0436  1030.0424    34.5019    34.5003    8.28625         39 0.0000e+00
    478.000    472.814    -1.1519  27.906468    -1.1525  27.904807     6.7148     6.7988     0.0039    89.7075 1.0000e-12  -63.57544  -60.69394 349.046629      99.97 2.8206e+01   1427.761      34267  1030.0389  1030.0376    34.5019    34.5003    8.28619         32 0.0000e+00
    477.000    471.832    -1.1516  27.906316    -1.1514  27.905151     6.7179     6.8015    -0.0039    89.7385 1.0000e-12  -63.57544  -60.69394 349.046643      99.97 2.8206e+01   1428.922      34295  1030.0341  1030.0327    34.5019    34.5001    8.28611         22 0.0000e+00
    476.000    470.840    -1.1510  27.906259    -1.1506  27.905354     6.7193     6.7993    -0.0078    89.7459 1.0000e-12  -63.57544  -60.69394 349.046652      99.97 2.8206e+01   1429.741      34315  1030.0292  1030.0279    34.5018    34.5001    8.28599         18 0.0000e+00
    475.000    469.851    -1.1505  27.906335    -1.1506  27.905066     6.7112     6.7958    -0.0077    89.7301 1.0000e-12  -63.57544  -60.69394 349.046661      99.97 2.8206e+01   1430.476      34332  1030.0245  1030.0233    34.5019    34.5003    8.28587         17 0.0000e+00
    474.000    468.863    -1.1506  27.905744    -1.1507  27.904442     6.7096     6.7900     0.0007    89.7215 1.0000e-12  -63.57544  -60.69394 349.046669      99.97 2.8206e+01   1431.217      34350  1030.0197  1030.0184    34.5018    34.5001    8.28589         18 0.0000e+00
    473.000    467.875    -1.1507  27.905221    -1.1509  27.903926     6.7111     6.7900     0.0040    89.7236 1.0000e-12  -63.57544  -60.69394 349.046679      99.97 2.8206e+01   1432.075      34371  1030.0150  1030.0137    34.5019    34.5003    8.28592         23 0.0000e+00
    472.000    466.888    -1.1509  27.904582    -1.1511  27.903261     6.7061     6.7932    -0.0035    89.7198 1.0000e-12  -63.57544  -60.69394 349.046692      99.97 2.8206e+01   1433.220      34398  1030.0103  1030.0090    34.5018    34.5002    8.28597         32 0.0000e+00
    471.000    465.902    -1.1510  27.904052    -1.1510  27.902883     6.7102     6.7911     0.0019    89.7206 1.0000e-12  -63.57544  -60.69393 349.046709      99.97 2.8206e+01   1434.619      34432  1030.0055  1030.0041    34.5018    34.5002    8.28599         33 0.0000e+00
    470.000    464.913    -1.1509  27.903728    -1.1510  27.902477     6.7101     6.7945     0.0069    89.7302 1.0000e-12  -63.57544  -60.69392 349.046729      99.97 2.8206e+01   1436.374      34474  1030.0008  1029.9995    34.5018    34.5002    8.28596         35 0.0000e+00
    469.000    463.926    -1.1499  27.903976    -1.1506  27.902216     6.7061     6.8062    -0.0020    89.7524 1.0000e-12  -63.57544  -60.69394 349.046753      99.97 2.8206e+01   1438.497      34525  1029.9958  1029.9946    34.5016    34.5000    8.28575         33 0.0000e+00
    468.000    462.936    -1.1478  27.905266    -1.1484  27.903572     6.7051     6.7984    -0.0060    89.7410 1.0000e-12  -63.57544  -60.69394 349.046766      99.97 2.8206e+01   1439.591      34551  1029.9909  1029.9897    34.5017    34.5001    8.28530         21 0.0000e+00
    467.000    461.947    -1.1475  27.905012    -1.1477  27.903731     6.6971     6.7947     0.0070    89.7407 1.0000e-12  -63.57544  -60.69394 349.046775      99.97 2.8206e+01   1440.359      34570  1029.9860  1029.9848    34.5015    34.5000    8.28522         16 0.0000e+00
    466.000    460.961    -1.1457  27.905943    -1.1454  27.904969     6.7011     6.7948    -0.0010    89.7310 1.0000e-12  -63.57544  -60.69394 349.046783      99.97 2.8206e+01   1441.029      34586  1029.9810  1029.9796    34.5014    34.4997    8.28484         16 0.0000e+00
    465.000    459.971    -1.1442  27.906703    -1.1424  27.906901     6.7119     6.7938    -0.0077    89.7335 1.0000e-12  -63.57544  -60.69394 349.046791      99.97 2.8206e+01   1441.707      34602  1029.9761  1029.9745    34.5013    34.4995    8.28452         17 0.0000e+00
    464.000    458.984    -1.1421  27.908072    -1.1412  27.907691     6.7182     6.7922     0.0061    89.7177 1.0000e-12  -63.57544  -60.69394 349.046800      99.97 2.8206e+01   1442.534      34622  1029.9713  1029.9700    34.5013    34.4998    8.28404         24 0.0000e+00
    463.000    457.998    -1.1435  27.906488    -1.1434  27.905479     6.7139     6.7972     0.0004    89.7025 1.0000e-12  -63.57544  -60.69394 349.046817      99.97 2.8206e+01   1444.026      34658  1029.9668  1029.9656    34.5015    34.5000    8.28436         36 0.0000e+00
    462.000    457.007    -1.1435  27.906128    -1.1442  27.904449     6.7140     6.7984     0.0079    89.6983 1.0000e-12  -63.57546  -60.69394 349.046841      99.97 2.8206e+01   1446.082      34707  1029.9621  1029.9609    34.5015    34.5001    8.28434         36 0.0000e+00
